{"class":"TSStatic","persistentId":"ae3d6df9-ed04-4c33-bb3a-46c2e08c8e9e","__parent":"trellis_startline_structure","position":[834.396851,-100.447533,128.575684],"annotation":"OBSTACLES","isRenderEnabled":false,"rotationMatrix":[0.830545783,-0.556950331,-1.49011612e-07,-2.98023224e-07,-4.76837158e-07,0.999999821,-0.556950331,-0.830545604,-5.96046448e-07],"shapeName":"/levels/johnson_valley/art/shapes/building/s_trellis_metal_8m.dae","useInstanceRenderData":true}
{"class":"TSStatic","persistentId":"539f19b2-cdde-4ed6-b920-b31bdf018f71","__parent":"trellis_startline_structure","position":[847.095764,-81.5107422,136.908569],"annotation":"OBSTACLES","isRenderEnabled":false,"rotationMatrix":[0.830545783,-0.556950331,-2.08616257e-07,2.98023224e-08,5.96046448e-07,-0.999999821,0.556950331,0.830545604,5.96046448e-07],"shapeName":"/levels/johnson_valley/art/shapes/building/s_trellis_metal_8m.dae","useInstanceRenderData":true}
{"class":"TSStatic","persistentId":"1ab0666b-99d5-425b-b63e-b6bf43f3a51a","__parent":"trellis_startline_structure","position":[834.287598,-100.610825,136.708557],"annotation":"OBSTACLES","isRenderEnabled":false,"rotationMatrix":[0.830546319,-0.556949496,-2.70755663e-07,0.556949496,0.830546319,6.88053262e-07,-1.58335865e-07,-7.22257312e-07,1],"shapeName":"/levels/johnson_valley/art/shapes/building/s_trellis_metal_8m.dae","useInstanceRenderData":true}
{"class":"TSStatic","persistentId":"0fa7c7b4-fd19-4ca1-9d8a-9f4151ace2f6","__parent":"trellis_startline_structure","position":[842.530518,-88.3187408,136.708557],"annotation":"OBSTACLES","isRenderEnabled":false,"rotationMatrix":[0.830546319,-0.556949496,-2.70755663e-07,0.556949496,0.830546319,6.88053262e-07,-1.58335865e-07,-7.22257312e-07,1],"shapeName":"/levels/johnson_valley/art/shapes/building/s_trellis_metal_8m.dae","useInstanceRenderData":true}
{"class":"TSStatic","persistentId":"e03eac66-b62b-41ff-96af-825be08c9e86","__parent":"trellis_startline_structure","position":[838.965698,-93.6347046,136.708588],"annotation":"OBSTACLES","isRenderEnabled":false,"rotationMatrix":[0.830546319,-0.556949496,0,0.556949496,0.830546319,0,0,0,1],"shapeName":"/levels/johnson_valley/art/shapes/building/s_trellis_metal_6m.dae","useInstanceRenderData":true}
{"name":"trellis_main","class":"SimGroup","persistentId":"a2d5b67b-79cb-49c8-b0ba-a894ec957a13","__parent":"trellis_startline_structure"}
