{"class":"TSStatic","persistentId":"88037541-452a-4f67-88a5-0ef14a99f38c","__parent":"antenna_rocks","position":[-894.808777,-821.249817,168.58638],"isRenderEnabled":false,"rotationMatrix":[0.846300721,-0.520135581,0.115039185,0.532664716,0.828937948,-0.170675457,-0.00658594444,0.205720067,0.9785887],"shapeName":"/levels/johnson_valley/art/shapes/rocks/s_rocks_desert_large_02.dae","useInstanceRenderData":true}
{"class":"TSStatic","persistentId":"b1bd366c-b4f3-48ed-b293-fc959bb807eb","__parent":"antenna_rocks","position":[-892.502808,-818.710266,168.440948],"isRenderEnabled":false,"rotationMatrix":[0.491017401,0.831117928,-0.261045694,-0.860970795,0.508654296,1.49011612e-08,0.132782012,0.224752724,0.965326428],"shapeName":"/levels/johnson_valley/art/shapes/rocks/s_rocks_desert_large_03.dae","useInstanceRenderData":true}
{"class":"TSStatic","persistentId":"88cd82f9-8896-47ae-8a5e-eef90a91afae","__parent":"antenna_rocks","position":[-890.581543,-816.878784,167.298508],"isRenderEnabled":false,"rotationMatrix":[0.555803418,0.796470165,-0.238154709,0.828803062,-0.553146958,0.0843416899,-0.064558953,-0.244260773,-0.967557907],"shapeName":"/levels/johnson_valley/art/shapes/rocks/s_rocks_desert_large_02.dae","useInstanceRenderData":true}
{"class":"TSStatic","persistentId":"da517b48-7de9-4745-8da9-9162cebb015b","__parent":"antenna_rocks","position":[-894.843506,-823.590881,169.406143],"isRenderEnabled":false,"rotationMatrix":[0.992457747,0.118933491,0.0297052618,0.113346629,-0.982595086,0.14717041,0.0466917381,-0.142693415,-0.988664865],"shapeName":"/levels/johnson_valley/art/shapes/rocks/s_rocks_desert_large_02.dae","useInstanceRenderData":true}
{"class":"TSStatic","persistentId":"4b9b7fa0-0d85-404a-a58d-6df7579bb636","__parent":"antenna_rocks","position":[-889.397339,-815.147949,167.217987],"isRenderEnabled":false,"rotationMatrix":[-0.988442898,0.013142135,0.151020408,-0.0312847234,0.957103968,-0.28805089,-0.148327827,-0.289446592,-0.945631504],"shapeName":"/levels/johnson_valley/art/shapes/rocks/s_rocks_desert_large_06.dae","useInstanceRenderData":true}
{"class":"TSStatic","persistentId":"520f6836-47c1-42b3-af75-b24cc3707c89","__parent":"antenna_rocks","position":[-823.273682,-770.634399,147.440155],"isRenderEnabled":false,"rotationMatrix":[-0.999526262,-0.0305773262,-0.00342265097,-0.0283406246,0.958257318,-0.284499079,0.0119790025,-0.284267396,-0.95867002],"shapeName":"/levels/johnson_valley/art/shapes/rocks/s_rocks_desert_large_06.dae","useInstanceRenderData":true}
{"class":"TSStatic","persistentId":"bff90f92-6872-40fa-8b4e-16264d25863f","__parent":"antenna_rocks","position":[-822.676025,-768.302002,146.793549],"isRenderEnabled":false,"rotationMatrix":[0.998043001,-0.0422273129,0.0461195745,-0.0498885959,-0.982375264,0.180137992,0.0376999937,-0.182086289,-0.982559443],"shapeName":"/levels/johnson_valley/art/shapes/rocks/s_rocks_desert_large_06.dae","useInstanceRenderData":true}
{"class":"TSStatic","persistentId":"23e0c22b-0229-4f48-a1f0-29946592af0f","__parent":"antenna_rocks","position":[-822.02948,-765.62439,146.066589],"isRenderEnabled":false,"rotationMatrix":[0.121791124,-0.933919728,0.336096317,-0.991336048,-0.131236315,-0.00544025004,0.0491888523,-0.332521856,-0.9418118],"shapeName":"/levels/johnson_valley/art/shapes/rocks/s_rocks_desert_large_03.dae","useInstanceRenderData":true}
{"class":"TSStatic","persistentId":"90514d81-586c-4527-9eaa-d9dca7d6d3ab","__parent":"antenna_rocks","position":[-821.647766,-772.321655,147.568787],"isRenderEnabled":false,"rotationMatrix":[-0.375806808,-0.926698148,0,0.926698148,-0.375806808,0,0,0,1],"shapeName":"/levels/johnson_valley/art/shapes/rocks/s_rocks_desert_large_05.dae","useInstanceRenderData":true}
{"class":"TSStatic","persistentId":"de0a9c79-8f75-4edb-849e-1aed6cf0f0b3","__parent":"antenna_rocks","position":[-848.891663,-793.387817,159.199112],"isRenderEnabled":false,"rotationMatrix":[-0.568519115,0.822070479,-0.0313968137,0.815681458,0.558315277,-0.15148519,-0.107002206,-0.111732051,-0.987960577],"scale":[1.10795903,1.10795903,1.10795903],"shapeName":"/levels/johnson_valley/art/shapes/rocks/s_rocks_desert_large_06.dae","useInstanceRenderData":true}
{"class":"TSStatic","persistentId":"e7982f8a-6802-41fd-991e-22fdaeed059b","__parent":"antenna_rocks","position":[-846.911682,-792.456299,159.527176],"isRenderEnabled":false,"rotationMatrix":[0.516535938,0.742605448,-0.42629537,-0.820935845,0.571020424,0,0.243423373,0.349961162,0.904583991],"shapeName":"/levels/johnson_valley/art/shapes/rocks/s_rocks_desert_large_07.dae","useInstanceRenderData":true}
{"class":"TSStatic","persistentId":"e58c4c4e-90a3-43b7-8d0f-5f09ffc07d48","__parent":"antenna_rocks","position":[-876.740662,-804.380859,164.374084],"isRenderEnabled":false,"rotationMatrix":[-0.131421089,0.985413671,-0.108111933,-0.991223454,-0.13219595,3.7252903e-09,-0.0142919719,0.107163101,0.994138718],"shapeName":"/levels/johnson_valley/art/shapes/rocks/s_rocks_desert_low_tiny.dae","useInstanceRenderData":true}
