{"class":"TSStatic","persistentId":"3aeec3a9-317c-449b-b170-93621e90d133","__parent":"riverwayPlazaParking","position":[-425.41156,300.107605,101.420601],"isRenderEnabled":false,"rotationMatrix":[0.92624867,-0.376912981,1.86264515e-09,0.37540248,0.922536612,0.0894381106,-0.0337103978,-0.0828419328,0.995992362],"shapeName":"/levels/west_coast_usa/art/shapes/objects/s_curb.dae","useInstanceRenderData":true}
{"class":"TSStatic","persistentId":"0f1b8fe5-238a-4e07-a134-8db9e5e95d10","__parent":"riverwayPlazaParking","position":[-423.719391,302.021729,101.638878],"isRenderEnabled":false,"rotationMatrix":[0.938100696,-0.34636274,1.86264515e-09,0.345437855,0.935595632,0.0730313063,-0.0252953209,-0.0685107112,0.997329652],"shapeName":"/levels/west_coast_usa/art/shapes/objects/s_curb.dae","useInstanceRenderData":true}
{"class":"TSStatic","persistentId":"0a3c240f-25da-4fed-ab4e-bd99d1245c61","__parent":"riverwayPlazaParking","position":[-421.802979,303.950653,101.772591],"isRenderEnabled":false,"rotationMatrix":[0.945008457,-0.327045977,4.65661287e-10,0.326881468,0.94453305,0.0317155942,-0.0103724562,-0.0299715046,0.999496937],"shapeName":"/levels/west_coast_usa/art/shapes/objects/s_curb.dae","useInstanceRenderData":true}
{"class":"TSStatic","persistentId":"5fc51e66-375d-4055-95bc-0634cff1e437","__parent":"riverwayPlazaParking","position":[-419.909668,305.88031,101.800247],"isRenderEnabled":false,"rotationMatrix":[0.929217041,-0.369534433,0,0.369527221,0.92919898,0.0062365504,-0.00230461964,-0.00579510909,0.999980569],"shapeName":"/levels/west_coast_usa/art/shapes/objects/s_curb.dae","useInstanceRenderData":true}
{"class":"TSStatic","persistentId":"55b03e20-ebdc-490f-9a71-afcc1a78dd39","__parent":"riverwayPlazaParking","position":[-418.067169,307.813324,101.800247],"isRenderEnabled":false,"rotationMatrix":[0.957710326,-0.287734151,2.32830644e-10,0.287731171,0.957700431,0.00453838427,-0.00130584848,-0.00434645731,0.999989688],"shapeName":"/levels/west_coast_usa/art/shapes/objects/s_curb.dae","useInstanceRenderData":true}
{"class":"TSStatic","persistentId":"3abd022c-ed12-4962-bce1-98823176ac31","__parent":"riverwayPlazaParking","position":[-416.176392,309.713104,101.800247],"isRenderEnabled":false,"rotationMatrix":[0.962936819,-0.269727111,0,0.269721389,0.962916255,0.00652633933,-0.0017603311,-0.00628445251,0.999978721],"shapeName":"/levels/west_coast_usa/art/shapes/objects/s_curb.dae","useInstanceRenderData":true}
{"class":"TSStatic","persistentId":"b4f847a1-59b3-4a01-a4b8-7201cdc53b89","__parent":"riverwayPlazaParking","position":[-414.286835,311.603088,101.800247],"isRenderEnabled":false,"rotationMatrix":[0.966959476,-0.254930109,2.32830644e-10,0.254894227,0.966823399,0.0167755783,-0.00427659974,-0.0162213035,0.999859273],"shapeName":"/levels/west_coast_usa/art/shapes/objects/s_curb.dae","useInstanceRenderData":true}
{"class":"TSStatic","persistentId":"cfaf676c-482b-45f0-b632-e6308fcc7bd6","__parent":"riverwayPlazaParking","position":[-412.398346,313.537476,101.800255],"isRenderEnabled":false,"rotationMatrix":[0.977200329,-0.212319329,5.82076609e-11,0.212316975,0.977189422,0.00472249137,-0.00100267632,-0.00461482024,0.999988854],"shapeName":"/levels/west_coast_usa/art/shapes/objects/s_curb.dae","useInstanceRenderData":true}
{"class":"DecalRoad","persistentId":"0aeaed7c-e336-40e1-be69-04c42d751351","__parent":"riverwayPlazaParking","position":[-454.304016,285.473877,98.2259445],"detail":0.200000003,"distanceFade":[200,50],"improvedSpline":true,"material":"line_white","nodes":[[-454.304016,285.473877,98.2259445,1],[-458.585358,281.074646,98.1932602,1]],"renderPriority":8,"textureLength":24}
{"class":"DecalRoad","persistentId":"b11a970d-0faa-4162-bef9-af1dd9cb0fc1","__parent":"riverwayPlazaParking","position":[-454.145325,271.213348,98.524559],"detail":0.200000003,"distanceFade":[200,50],"improvedSpline":true,"material":"line_white","nodes":[[-454.145325,271.213348,98.524559,1],[-456.792786,273.813904,98.5264969,1]],"renderPriority":8,"textureLength":24}
{"class":"DecalRoad","persistentId":"f6a97662-be44-4629-bc07-181e7727a62b","__parent":"riverwayPlazaParking","position":[-445.300995,289.729584,98.4477081],"detail":0.200000003,"distanceFade":[200,50],"improvedSpline":true,"material":"line_white","nodes":[[-445.300995,289.729584,98.4477081,1],[-442.78064,287.206543,98.4822998,1]],"renderPriority":8,"textureLength":24}
{"class":"TSStatic","persistentId":"6312e371-b3f2-4c49-ab73-167b2351d388","__parent":"riverwayPlazaParking","position":[-445.910309,291.942596,101.012215],"isRenderEnabled":false,"rotationMatrix":[-0.707106709,-0.70710659,0,0.70710659,-0.707106709,0,0,0,1],"shapeName":"/levels/west_coast_usa/art/shapes/objects/fence_metal1.dae","useInstanceRenderData":true}
{"class":"TSStatic","persistentId":"20dd77ee-89da-472d-9e3f-dcf6b3c5963c","__parent":"riverwayPlazaParking","position":[-448.25116,294.283447,101.012215],"isRenderEnabled":false,"rotationMatrix":[-0.707106709,-0.70710659,0,0.70710659,-0.707106709,0,0,0,1],"shapeName":"/levels/west_coast_usa/art/shapes/objects/fence_metal1.dae","useInstanceRenderData":true}
{"class":"TSStatic","persistentId":"77e74f90-7863-4cf6-b6a9-fed8d66de14a","__parent":"riverwayPlazaParking","position":[-450.593079,296.625366,101.012215],"isRenderEnabled":false,"rotationMatrix":[-0.707106709,-0.70710659,0,0.70710659,-0.707106709,0,0,0,1],"shapeName":"/levels/west_coast_usa/art/shapes/objects/fence_metal1.dae","useInstanceRenderData":true}
{"class":"TSStatic","persistentId":"ba7dcafa-4864-4fed-b2fa-9b760907357e","__parent":"riverwayPlazaParking","position":[-452.937317,298.969604,101.012215],"isRenderEnabled":false,"rotationMatrix":[-0.707106709,-0.70710659,0,0.70710659,-0.707106709,0,0,0,1],"shapeName":"/levels/west_coast_usa/art/shapes/objects/fence_metal1.dae","useInstanceRenderData":true}
{"class":"TSStatic","persistentId":"4486764a-c466-45e4-a495-a45d3ddf4c96","__parent":"riverwayPlazaParking","position":[-455.287476,301.319763,101.012215],"isRenderEnabled":false,"rotationMatrix":[-0.707106709,-0.70710659,0,0.70710659,-0.707106709,0,0,0,1],"shapeName":"/levels/west_coast_usa/art/shapes/objects/fence_metal1.dae","useInstanceRenderData":true}
{"class":"TSStatic","persistentId":"1c02a750-5b41-40ed-ab9f-812f7e22bbf0","__parent":"riverwayPlazaParking","position":[-488.634827,206.699677,100.588089],"isRenderEnabled":false,"rotationMatrix":[0.94560951,-0.325303912,0,0.325303912,0.94560951,0,0,0,1],"shapeName":"/levels/west_coast_usa/art/shapes/objects/s_curb.dae","useInstanceRenderData":true}
{"class":"TSStatic","persistentId":"cbb45860-3781-4c63-bd2d-68e03d66c5b0","__parent":"riverwayPlazaParking","position":[-489.650543,204.047592,100.583557],"isRenderEnabled":false,"rotationMatrix":[0.932724953,-0.3605887,0,0.3605887,0.932724953,0,0,0,1],"shapeName":"/levels/west_coast_usa/art/shapes/objects/s_curb.dae","useInstanceRenderData":true}
{"class":"TSStatic","persistentId":"95e02be9-7fdb-4a68-9d8f-1d4f120c88ac","__parent":"riverwayPlazaParking","position":[-490.569336,201.559448,100.563026],"isRenderEnabled":false,"rotationMatrix":[0.940135479,-0.340800911,0,0.340800911,0.940135479,0,0,0,1],"shapeName":"/levels/west_coast_usa/art/shapes/objects/s_curb.dae","useInstanceRenderData":true}
{"class":"TSStatic","persistentId":"59aec253-b234-44f1-a2f5-8f66727862dd","__parent":"riverwayPlazaParking","position":[-491.472015,198.992798,100.544174],"isRenderEnabled":false,"rotationMatrix":[0.936367035,-0.351022512,0,0.351022512,0.936367035,0,0,0,1],"shapeName":"/levels/west_coast_usa/art/shapes/objects/s_curb.dae","useInstanceRenderData":true}
{"class":"TSStatic","persistentId":"07e4fb5b-a3af-496d-a8da-9a9c833965e2","__parent":"riverwayPlazaParking","position":[-492.45874,196.57077,100.527306],"isRenderEnabled":false,"rotationMatrix":[0.933457911,-0.358686894,0,0.358686894,0.933457911,0,0,0,1],"shapeName":"/levels/west_coast_usa/art/shapes/objects/s_curb.dae","useInstanceRenderData":true}
{"class":"TSStatic","persistentId":"6488655c-81dd-4f1a-8b9a-751e97a8b575","__parent":"riverwayPlazaParking","position":[-493.456451,193.935089,100.517715],"isRenderEnabled":false,"rotationMatrix":[0.935874939,-0.352332383,0,0.352332383,0.935874939,0,0,0,1],"shapeName":"/levels/west_coast_usa/art/shapes/objects/s_curb.dae","useInstanceRenderData":true}
{"class":"TSStatic","persistentId":"4b1cbaa7-f647-4f3d-859e-0860f74ff5f0","__parent":"riverwayPlazaParking","position":[-494.419159,191.470352,100.502991],"isRenderEnabled":false,"rotationMatrix":[0.915947318,-0.401298583,0,0.401298583,0.915947318,0,0,0,1],"shapeName":"/levels/west_coast_usa/art/shapes/objects/s_curb.dae","useInstanceRenderData":true}
{"class":"TSStatic","persistentId":"69c2e20d-2a26-40b5-b9f5-f76cb574ca01","__parent":"riverwayPlazaParking","position":[-495.444092,188.942978,100.488159],"isRenderEnabled":false,"rotationMatrix":[0.931725383,-0.36316362,0,0.36316362,0.931725383,0,0,0,1],"shapeName":"/levels/west_coast_usa/art/shapes/objects/s_curb.dae","useInstanceRenderData":true}
{"class":"TSStatic","persistentId":"fabeba13-3462-4368-a1f3-fa4a212fdd82","__parent":"riverwayPlazaParking","position":[-496.430359,186.411102,100.472778],"isRenderEnabled":false,"rotationMatrix":[0.92260325,-0.385750294,0,0.385750294,0.92260325,0,0,0,1],"shapeName":"/levels/west_coast_usa/art/shapes/objects/s_curb.dae","useInstanceRenderData":true}
{"class":"TSStatic","persistentId":"d09188a8-7cdc-45ca-981a-91f46cca4174","__parent":"riverwayPlazaParking","position":[-481.921722,233.642426,101.785591],"isRenderEnabled":false,"rotationMatrix":[0.661766648,-0.749709964,0,0.749685764,0.66174525,-0.00804190431,0.00602909457,0.00532186497,0.999967635],"shapeName":"/levels/west_coast_usa/art/shapes/objects/s_curb.dae","useInstanceRenderData":true}
{"class":"TSStatic","persistentId":"8cf11da0-307e-43b0-8ba8-2f67ee41ec0a","__parent":"riverwayPlazaParking","position":[-480.07428,235.428268,101.772308],"isRenderEnabled":false,"rotationMatrix":[0.709118843,-0.705088854,9.31322575e-10,0.704861879,0.708890557,-0.0253722686,0.0178897083,0.0179919545,0.999678075],"shapeName":"/levels/west_coast_usa/art/shapes/objects/s_curb.dae","useInstanceRenderData":true}
{"class":"TSStatic","persistentId":"64ccbaf4-2763-4952-970f-05962b9fdf57","__parent":"riverwayPlazaParking","position":[-478.181549,237.407333,101.603432],"isRenderEnabled":false,"rotationMatrix":[0.69223392,-0.72167325,-1.86264515e-09,0.719646811,0.690290153,-0.0748867467,0.0540437549,0.0518391505,0.997192025],"shapeName":"/levels/west_coast_usa/art/shapes/objects/s_curb.dae","useInstanceRenderData":true}
{"class":"TSStatic","persistentId":"2d217d89-17e6-4c24-a0a7-4866b1a8b916","__parent":"riverwayPlazaParking","position":[-476.359161,239.186035,101.397079],"isRenderEnabled":false,"rotationMatrix":[0.719833136,-0.694147229,-5.58793545e-09,0.692173839,0.71778667,-0.0753516182,0.0523051098,0.0542405918,0.997157037],"shapeName":"/levels/west_coast_usa/art/shapes/objects/s_curb.dae","useInstanceRenderData":true}
{"class":"TSStatic","persistentId":"9a571170-1b86-4493-bf63-0183a891b34d","__parent":"riverwayPlazaParking","position":[-474.384155,241.203674,101.173203],"isRenderEnabled":false,"rotationMatrix":[0.710532784,-0.703664184,-3.7252903e-09,0.701460481,0.708307505,-0.0790803656,0.0556460135,0.0561891906,0.996868253],"shapeName":"/levels/west_coast_usa/art/shapes/objects/s_curb.dae","useInstanceRenderData":true}
{"class":"TSStatic","persistentId":"90156751-0566-4f85-bbcb-620c9b2443d6","__parent":"riverwayPlazaParking","position":[-472.511719,242.997665,100.964912],"isRenderEnabled":false,"rotationMatrix":[0.697277844,-0.716801047,0,0.71452868,0.695067406,-0.0795628279,0.0570307039,0.0554774068,0.996829867],"shapeName":"/levels/west_coast_usa/art/shapes/objects/s_curb.dae","useInstanceRenderData":true}
{"class":"TSStatic","persistentId":"d71aea74-cbab-4df4-b282-75506f23e515","__parent":"riverwayPlazaParking","position":[-470.472321,244.950974,100.738899],"isRenderEnabled":false,"rotationMatrix":[0.675365806,-0.737483025,-3.7252903e-09,0.735041976,0.673130393,-0.0812952816,0.0599538796,0.0549040586,0.996690035],"shapeName":"/levels/west_coast_usa/art/shapes/objects/s_curb.dae","useInstanceRenderData":true}
{"class":"TSStatic","persistentId":"cd0c895f-8ca8-4887-ad66-411aed2695a5","__parent":"riverwayPlazaParking","position":[-468.556,246.845337,100.523422],"isRenderEnabled":false,"rotationMatrix":[0.683401585,-0.730042577,-5.58793545e-09,0.727649093,0.681160986,-0.0809096396,0.0590674952,0.0552937686,0.996721447],"shapeName":"/levels/west_coast_usa/art/shapes/objects/s_curb.dae","useInstanceRenderData":true}
{"class":"TSStatic","persistentId":"2c0672ff-4dc3-4792-82f5-43019aa83cb3","__parent":"riverwayPlazaParking","position":[-466.689331,248.735794,100.311516],"isRenderEnabled":false,"rotationMatrix":[0.708672047,-0.705538094,-1.86264515e-09,0.703118861,0.706242085,-0.0827414393,0.0583772212,0.0586365499,0.996571064],"shapeName":"/levels/west_coast_usa/art/shapes/objects/s_curb.dae","useInstanceRenderData":true}
{"class":"TSStatic","persistentId":"9372e1a9-f314-4341-bb11-37b4253f9708","__parent":"riverwayPlazaParking","position":[-464.830353,250.591537,100.100815],"isRenderEnabled":false,"rotationMatrix":[0.726234198,-0.687447429,-1.86264515e-09,0.685108423,0.723763227,-0.0824221596,0.0566608906,0.0598577969,0.996597528],"shapeName":"/levels/west_coast_usa/art/shapes/objects/s_curb.dae","useInstanceRenderData":true}
{"class":"TSStatic","persistentId":"6d5cba8c-893c-480d-a648-0d913c16e3ff","__parent":"riverwayPlazaParking","position":[-462.908752,252.465073,99.877449],"isRenderEnabled":false,"rotationMatrix":[0.675129414,-0.737699389,-5.58793545e-09,0.736015916,0.673588753,-0.0675197616,0.0498092771,0.0455845781,0.997717917],"shapeName":"/levels/west_coast_usa/art/shapes/objects/s_curb.dae","useInstanceRenderData":true}
{"class":"TSStatic","persistentId":"f8725949-7e82-4a22-9ae3-fe0515532ef5","__parent":"riverwayPlazaParking","position":[-460.960632,254.470779,99.6956406],"isRenderEnabled":false,"rotationMatrix":[0.699979186,-0.714163363,0,0.71241492,0.698265433,-0.0699319988,0.0499428585,0.0489509478,0.997551739],"shapeName":"/levels/west_coast_usa/art/shapes/objects/s_curb.dae","useInstanceRenderData":true}
{"class":"TSStatic","persistentId":"1d425675-9ee0-41fd-827b-37c734c68ae1","__parent":"riverwayPlazaParking","position":[-459.128021,256.354462,99.5091782],"isRenderEnabled":false,"rotationMatrix":[0.710323691,-0.703875244,0,0.702171385,0.708604276,-0.0695368722,0.0489452742,0.0493936911,0.997579396],"shapeName":"/levels/west_coast_usa/art/shapes/objects/s_curb.dae","useInstanceRenderData":true}
{"class":"TSStatic","persistentId":"e1d1ea5c-d8f9-49f2-b7d5-e970821d3593","__parent":"riverwayPlazaParking","position":[-457.210999,258.235138,99.3215179],"isRenderEnabled":false,"rotationMatrix":[0.708541393,-0.705669284,-1.86264515e-09,0.703778982,0.706643462,-0.0731455088,0.0516165346,0.0518266298,0.997321308],"shapeName":"/levels/west_coast_usa/art/shapes/objects/s_curb.dae","useInstanceRenderData":true}
{"class":"TSStatic","persistentId":"59072312-e7b0-43c9-8901-8bdbcdd2843d","__parent":"riverwayPlazaParking","position":[-455.385406,260.083099,99.1351395],"isRenderEnabled":false,"rotationMatrix":[0.680230618,-0.732998252,-5.58793545e-09,0.731048584,0.678421378,-0.0728878975,0.0534266904,0.0495805815,0.997340143],"shapeName":"/levels/west_coast_usa/art/shapes/objects/s_curb.dae","useInstanceRenderData":true}
{"class":"TSStatic","persistentId":"6ecd57ed-69d0-4058-85c8-8fdf1e6e056c","__parent":"riverwayPlazaParking","position":[-453.483124,262.074799,98.9380722],"isRenderEnabled":false,"rotationMatrix":[0.717794418,-0.696255207,-1.86264515e-09,0.694387555,0.71586895,-0.0731968805,0.0509636998,0.0525403135,0.997317493],"shapeName":"/levels/west_coast_usa/art/shapes/objects/s_curb.dae","useInstanceRenderData":true}
{"class":"TSStatic","persistentId":"f3310d87-a9b4-4eac-939d-d3394058729b","__parent":"riverwayPlazaParking","position":[-451.594055,264.005981,98.7471161],"isRenderEnabled":false,"rotationMatrix":[0.690223932,-0.723595917,-3.7252903e-09,0.721778452,0.688490272,-0.070831731,0.051253546,0.0488897599,0.99748826],"shapeName":"/levels/west_coast_usa/art/shapes/objects/s_curb.dae","useInstanceRenderData":true}
{"name":"detailLines","class":"SimGroup","persistentId":"f3d22bec-5189-4788-af82-258a1f92bd37","__parent":"riverwayPlazaParking"}
{"class":"DecalRoad","persistentId":"d6248996-f22c-4b52-a819-b698e62387b3","__parent":"riverwayPlazaParking","position":[-511.886597,167.380661,100.226845],"decalBias":0.0500000007,"distanceFade":[150,100],"improvedSpline":true,"material":"road_rubber_double","nodes":[[-511.886597,167.380661,100.226845,3.5],[-509.513,177.545013,100.357491,3.5],[-503.976379,181.453033,100.423271,3.5],[-495.981232,179.397415,100.393204,3.5]],"renderPriority":2,"startEndFade":[12,12],"textureLength":6,"zBias":0.00100000005}
{"class":"DecalRoad","persistentId":"9711416b-6309-4f8e-99ec-cdd442247549","__parent":"riverwayPlazaParking","position":[-510.282806,170.379105,100.136955],"decalBias":0.0500000007,"distanceFade":[150,100],"improvedSpline":true,"material":"road_rubber_double","nodes":[[-510.282806,170.379105,100.136955,3.5],[-506.994507,183.289597,100.467445,3.5],[-500.062073,198.149551,100.632576,3.5],[-494.131592,212.389282,100.808182,3.5]],"renderPriority":2,"startEndFade":[12,12],"textureLength":6,"zBias":0.00100000005}
{"class":"DecalRoad","persistentId":"28eafa54-27bd-414a-a0c2-d0c44ab57db2","__parent":"riverwayPlazaParking","position":[-501.438568,203.955246,100.792061],"decalBias":0.0500000007,"distanceFade":[150,100],"improvedSpline":true,"material":"road_rubber_double","nodes":[[-501.438568,203.955246,100.792061,3.5],[-493.648102,212.476776,100.796051,3.5],[-487.286743,213.418213,100.674942,3.5],[-479.044891,208.471939,100.622765,3.5],[-472.605927,204.649139,100.597946,3.5]],"renderPriority":2,"startEndFade":[12,12],"textureLength":6,"zBias":0.00100000005}
{"class":"DecalRoad","persistentId":"9e04b7be-d6af-4b4f-9d65-c19c020a85a2","__parent":"riverwayPlazaParking","position":[-509.228882,230.657227,101.904594],"decalBias":0.0500000007,"distanceFade":[150,100],"improvedSpline":true,"material":"road_rubber_double","nodes":[[-509.228882,230.657227,101.904594,3.5],[-538.13501,201.856384,102.154823,3.5]],"renderPriority":2,"startEndFade":[12,12],"textureLength":6,"zBias":0.00100000005}
{"class":"DecalRoad","persistentId":"9dc0a423-edca-41f2-be88-add710fb861e","__parent":"riverwayPlazaParking","position":[-537.689392,197.497787,102.10659],"decalBias":0.0500000007,"distanceFade":[150,100],"improvedSpline":true,"material":"road_rubber_double","nodes":[[-537.689392,197.497787,102.10659,3.5],[-504.370483,230.170731,101.83709,3.5]],"renderPriority":2,"startEndFade":[12,12],"textureLength":6,"zBias":0.00100000005}
{"class":"DecalRoad","persistentId":"94287a4d-f7a3-4daa-b551-e3594c5aed48","__parent":"riverwayPlazaParking","position":[-539.646118,199.605148,102.168228],"decalBias":0.0500000007,"distanceFade":[150,100],"improvedSpline":true,"material":"road_rubber_double","nodes":[[-539.646118,199.605148,102.168228,3.5],[-541.937683,194.287186,102.171486,3.5],[-541.065674,188.549042,102.072151,3.5],[-534.941406,182.07991,101.522598,3.5],[-527.891418,181.28035,101.103836,3.5],[-521.251648,184.468735,100.961777,3.5]],"renderPriority":2,"startEndFade":[12,12],"textureLength":6,"zBias":0.00100000005}
{"class":"DecalRoad","persistentId":"ea7d91ac-9f8e-42e0-acb7-04c0b15af6bb","__parent":"riverwayPlazaParking","position":[-521.083313,189.846909,101.18454],"decalBias":0.0500000007,"distanceFade":[150,100],"improvedSpline":true,"material":"road_rubber_double","nodes":[[-521.083313,189.846909,101.18454,3.5],[-528.612732,180.954193,101.116173,3.5],[-531.172668,173.192017,100.617218,3.5],[-530.554504,166.270996,100.180573,3.5]],"overObjects":true,"renderPriority":2,"startEndFade":[12,12],"textureLength":6,"zBias":0.00100000005}
{"class":"DecalRoad","persistentId":"67cafa84-4a97-44a4-a407-5d91c60ef408","__parent":"riverwayPlazaParking","position":[-539.526978,186.211792,101.944603],"decalBias":0.0500000007,"distanceFade":[150,100],"improvedSpline":true,"material":"road_rubber_double","nodes":[[-539.526978,186.211792,101.944603,3.5],[-533.076416,183.12677,101.482216,3.5],[-530.649902,178.281265,101.039345,3.5],[-531.334473,171.40213,100.379997,3.5],[-532.932068,166.116394,100.190002,3.5]],"overObjects":true,"renderPriority":2,"startEndFade":[12,12],"textureLength":6,"zBias":0.00100000005}
{"class":"DecalRoad","persistentId":"140c74d0-540c-459f-8f16-df49872cb702","__parent":"riverwayPlazaParking","position":[-468.709991,207.670135,100.597076],"decalBias":0.0500000007,"distanceFade":[150,100],"improvedSpline":true,"material":"road_rubber_double","nodes":[[-468.709991,207.670135,100.597076,3.5],[-477.086945,210.295395,100.636955,3.5],[-484.384918,215.084793,100.656387,3.5],[-492.657776,216.692734,100.873062,3.5],[-500.526642,210.891678,100.986923,3.5],[-509.183777,201.377838,101.032242,3.5],[-516.802612,192.677444,101.078758,3.5]],"renderPriority":2,"startEndFade":[12,12],"textureLength":6,"zBias":0.00100000005}
{"class":"DecalRoad","persistentId":"ef19e38e-1904-411d-ac68-3cfa24a713d0","__parent":"riverwayPlazaParking","position":[-476.81012,210.633362,100.638939],"decalBias":0.0500000007,"distanceFade":[150,100],"improvedSpline":true,"material":"road_rubber_double","nodes":[[-476.81012,210.633362,100.638939,3.5],[-492.403046,224.484619,101.116356,3.5],[-499.486145,232.369827,101.716339,3.5]],"renderPriority":2,"startEndFade":[12,12],"textureLength":6,"zBias":0.00100000005}
{"class":"DecalRoad","persistentId":"ba0348bd-c577-411d-9709-589c49cd3ba0","__parent":"riverwayPlazaParking","position":[-496.027344,228.766693,101.460251],"decalBias":0.0500000007,"distanceFade":[150,100],"improvedSpline":true,"material":"road_rubber_double","nodes":[[-496.027344,228.766693,101.460251,3.5],[-499.794861,234.848862,101.781319,3.5],[-498.321472,239.650146,101.810356,3.5],[-493.672363,243.332733,101.79438,3.5],[-486.204071,244.826202,101.639511,3.5],[-478.954254,248.117172,101.045326,3.5],[-471.202057,254.570877,100.238411,3.5]],"renderPriority":2,"startEndFade":[12,25],"textureLength":6,"zBias":0.00100000005}
{"class":"DecalRoad","persistentId":"c8aacd9f-e968-46eb-b2d1-b2a815f2da38","__parent":"riverwayPlazaParking","position":[-480.856598,256.469055,100.679115],"decalBias":0.0500000007,"distanceFade":[150,100],"improvedSpline":true,"material":"road_rubber_double","nodes":[[-480.856598,256.469055,100.679115,3.5],[-488.964294,249.164261,101.550865,3.5],[-498.7099,242.923508,101.79776,3.5],[-504.736725,235.326508,101.866852,3.5],[-512.277588,227.150803,101.92836,3.5]],"renderPriority":2,"startEndFade":[30,12],"textureLength":6,"zBias":0.00100000005}
{"class":"DecalRoad","persistentId":"2f6af173-5936-4802-910b-c41154d7a84d","__parent":"riverwayPlazaParking","position":[-498.945374,243.351791,101.79525],"decalBias":0.0500000007,"distanceFade":[150,100],"improvedSpline":true,"material":"road_rubber_double","nodes":[[-498.945374,243.351791,101.79525,3.5],[-503.35675,235.694977,101.862518,3.5],[-501.244995,228.145325,101.697571,3.5],[-493.375702,220.496536,101.005219,3.5]],"renderPriority":2,"startEndFade":[12,12],"textureLength":6,"zBias":0.00100000005}
{"class":"DecalRoad","persistentId":"6c8374af-3ac4-4e1d-8738-fe1d82959928","__parent":"riverwayPlazaParking","position":[-489.319427,176.578842,100.353645],"decalBias":0.0500000007,"distanceFade":[150,100],"improvedSpline":true,"material":"road_rubber_double","nodes":[[-489.319427,176.578842,100.353645,3.5],[-481.29245,173.569611,100.400421,3.5],[-474.189423,170.620148,100.4814,3.5],[-468.151917,170.472473,100.49762,3.5],[-463.212219,172.93071,100.52919,3.5],[-460.247833,177.28537,100.487862,3.5],[-456.035614,188.476532,100.467674,3.5]],"overObjects":true,"renderPriority":2,"startEndFade":[12,12],"textureLength":6,"zBias":0.00100000005}
{"class":"DecalRoad","persistentId":"c3dc4e7e-8008-4af7-81ef-8b8c5301c398","__parent":"riverwayPlazaParking","position":[-458.746399,180.743912,100.447174],"decalBias":0.0500000007,"distanceFade":[150,100],"improvedSpline":true,"material":"road_rubber_double","nodes":[[-458.746399,180.743912,100.447174,3.5],[-454.9021,189.664734,100.479279,3.5],[-453.674042,196.704727,100.479576,3.5],[-456.074402,202.284515,100.513649,3.5],[-463.42923,206.166168,100.555878,3.5],[-474.546387,208.488251,100.621056,3.5]],"renderPriority":2,"startEndFade":[12,12],"textureLength":6,"zBias":0.00100000005}
{"class":"DecalRoad","persistentId":"9b29ce73-31f4-4157-9d5f-c267e148a955","__parent":"riverwayPlazaParking","position":[-474.811279,204.931107,100.602943],"decalBias":0.0500000007,"distanceFade":[150,100],"improvedSpline":true,"material":"road_rubber_double","nodes":[[-474.811279,204.931107,100.602943,3.5],[-462.433289,201.807526,100.532425,3.5],[-452.197357,202.735123,100.563187,3.5],[-444.798096,207.901917,100.75412,3.5],[-437.534485,219.963867,100.88102,3.5],[-429.881409,231.75856,100.98008,3.5]],"renderPriority":2,"startEndFade":[12,12],"textureLength":6,"zBias":0.00100000005}
{"class":"DecalRoad","persistentId":"283d2b47-94cc-4738-b46b-95a0b7bd945b","__parent":"riverwayPlazaParking","position":[-445.798645,214.605927,100.806931],"decalBias":0.0500000007,"distanceFade":[150,100],"improvedSpline":true,"material":"road_rubber_double","nodes":[[-445.798645,214.605927,100.806931,3.5],[-451.677216,207.446457,100.640404,3.5],[-462.988861,205.737213,100.553284,3.5],[-473.410034,208.097443,100.618187,3.5],[-481.572479,213.008179,100.647011,3.5]],"renderPriority":2,"startEndFade":[12,12],"textureLength":6,"zBias":0.00100000005}
{"class":"DecalRoad","persistentId":"ebb5f91c-ccc8-4870-b2ac-97522568ac96","__parent":"riverwayPlazaParking","position":[-427.222137,216.687653,100.797264],"decalBias":0.0500000007,"distanceFade":[150,100],"improvedSpline":true,"material":"road_rubber_double","nodes":[[-427.222137,216.687653,100.797264,3.5],[-434.420502,221.400375,100.901855,3.5],[-440.937744,220.598694,100.864761,3.5],[-446.087097,213.198044,100.796967,3.5]],"renderPriority":2,"startEndFade":[12,12],"textureLength":6,"zBias":0.00100000005}
{"class":"DecalRoad","persistentId":"e8d9891c-dcbf-4024-8132-7cabca099412","__parent":"riverwayPlazaParking","position":[-430.382294,237.639969,100.961739],"decalBias":0.0500000007,"distanceFade":[150,100],"improvedSpline":true,"material":"road_rubber_double","nodes":[[-430.382294,237.639969,100.961739,3.5],[-436.088715,228.917999,100.936188,3.5],[-436.596405,221.761719,100.892067,3.5],[-431.292725,216.061264,100.81694,3.5],[-429.247894,209.321609,100.705307,3.5]],"renderPriority":2,"startEndFade":[12,12],"textureLength":6,"zBias":0.00100000005}
{"class":"DecalRoad","persistentId":"f162d72e-2bbb-4de4-a1fe-d0d549dc20f9","__parent":"riverwayPlazaParking","position":[-429.974487,218.159821,100.840057],"decalBias":0.0500000007,"distanceFade":[150,100],"improvedSpline":true,"material":"road_rubber_double","nodes":[[-429.974487,218.159821,100.840057,3.5],[-433.7211,222.739548,100.913826,3.5],[-433.607239,228.204651,100.94162,3.5],[-426.168396,236.023056,101.018509,3.5],[-418.385925,244.572495,101.102242,3.5],[-409.901825,254.379807,101.189148,3.5]],"renderPriority":2,"startEndFade":[12,12],"textureLength":6,"zBias":0.00100000005}
{"class":"DecalRoad","persistentId":"ebdaa8d2-7040-4799-8ecd-50603d2c4fa5","__parent":"riverwayPlazaParking","position":[-383.788788,281.575104,101.430489],"decalBias":0.0500000007,"distanceFade":[150,100],"improvedSpline":true,"material":"road_rubber_double","nodes":[[-383.788788,281.575104,101.430489,3.5],[-377.394745,288.833954,101.485893,3.5],[-375.242432,296.816254,101.532127,3.5],[-379.620331,301.598602,101.573097,3.5],[-388.452454,301.404938,101.637276,3.5],[-393.930176,297.72699,102.019203,3.5]],"overObjects":true,"renderPriority":2,"startEndFade":[12,12],"textureLength":6,"zBias":0.00100000005}
{"class":"DecalRoad","persistentId":"42cda635-1bd9-428a-b06b-41d6a65e0e7a","__parent":"riverwayPlazaParking","position":[-415.608337,320.195099,101.800247],"decalBias":0.0500000007,"distanceFade":[150,100],"improvedSpline":true,"material":"road_rubber_double","nodes":[[-415.608337,320.195099,101.800247,3.5],[-405.936707,321.205414,101.800247,3.5],[-395.258575,318.328827,101.800247,3.5],[-382.765076,308.193207,101.65358,3.5],[-378.074982,297.125763,101.531738,3.5],[-380.09494,288.15564,101.487167,3.5],[-388.311249,279.218018,101.405365,3.5]],"renderPriority":2,"startEndFade":[12,12],"textureLength":6,"zBias":0.00100000005}
{"class":"DecalRoad","persistentId":"39258ab1-1d38-41a4-82cb-422c57494fd3","__parent":"riverwayPlazaParking","position":[-347.993225,305.689117,101.58374],"decalBias":0.0500000007,"distanceFade":[150,100],"improvedSpline":true,"material":"road_rubber_double","nodes":[[-347.993225,305.689117,101.58374,3.5],[-350.807678,310.897552,101.683098,3.5],[-350.431793,316.144775,101.704361,3.5],[-345.925079,322.841583,101.743561,3.5],[-345.769958,329.838776,101.767014,3.5],[-351.615021,337.767914,101.772476,3.5]],"renderPriority":2,"startEndFade":[12,12],"textureLength":6,"zBias":0.00100000005}
{"class":"DecalRoad","persistentId":"4f464f2a-da27-4eef-be5e-3c25fab56fca","__parent":"riverwayPlazaParking","position":[-357.135437,339.643799,101.755989],"decalBias":0.0500000007,"distanceFade":[150,100],"improvedSpline":true,"material":"road_rubber_double","nodes":[[-357.135437,339.643799,101.755989,3.5],[-349.819763,331.794128,101.75872,3.5],[-348.743195,325.251465,101.740097,3.5],[-352.766479,318.872467,101.704483,3.5]],"renderPriority":2,"startEndFade":[15,15],"textureLength":6,"zBias":0.00100000005}
{"class":"DecalRoad","persistentId":"6c6fb049-1d22-41de-a73c-395084742ebf","__parent":"riverwayPlazaParking","position":[-352.207306,322.448364,101.7192],"decalBias":0.0500000007,"distanceFade":[150,100],"improvedSpline":true,"material":"road_rubber_double","nodes":[[-352.207306,322.448364,101.7192,3.5],[-354.928528,317.059235,101.691795,3.5],[-354.47757,310.428864,101.67054,3.5],[-349.418396,304.624817,101.589325,3.5]],"renderPriority":2,"startEndFade":[12,12],"textureLength":6,"zBias":0.00100000005}
{"class":"DecalRoad","persistentId":"a1077260-dfcb-4232-97b5-50b0a1eaa89a","__parent":"riverwayPlazaParking","position":[-370.080536,321.374054,101.674088],"decalBias":0.0500000007,"distanceFade":[150,100],"improvedSpline":true,"material":"road_rubber_double","nodes":[[-370.080536,321.374054,101.674088,3.5],[-363.533508,315.065063,101.647156,3.5],[-354.734344,311.822205,101.673019,3.5],[-350.029816,305.865936,101.611496,3.5]],"renderPriority":2,"startEndFade":[12,12],"textureLength":6,"zBias":0.00100000005}
{"class":"DecalRoad","persistentId":"ab77e01c-65b6-47cb-b1f3-96e93d478087","__parent":"riverwayPlazaParking","position":[-348.151337,306.902435,101.608398],"decalBias":0.0500000007,"distanceFade":[150,100],"improvedSpline":true,"material":"road_rubber_double","nodes":[[-348.151337,306.902435,101.608398,3.5],[-353.764191,313.714752,101.684128,3.5],[-361.720978,318.353455,101.668671,3.5],[-368.050659,325.174042,101.690353,3.5],[-375.158386,334.105133,101.800247,3.5]],"renderPriority":2,"startEndFade":[12,12],"textureLength":6,"zBias":0.00100000005}
{"class":"DecalRoad","persistentId":"95eb8260-c8e7-4559-83ac-7ef1061751d1","__parent":"riverwayPlazaParking","position":[-381.949524,307.64386,101.645561],"decalBias":0.0500000007,"distanceFade":[150,100],"improvedSpline":true,"material":"road_rubber_double","nodes":[[-381.949524,307.64386,101.645561,3.5],[-376.636108,300.998322,101.554825,3.5],[-369.908203,298.782562,101.564453,3.5],[-363.304596,301.896912,101.603027,3.5],[-357.53653,308.023468,101.650208,3.5]],"renderPriority":2,"startEndFade":[12,12],"textureLength":6,"zBias":0.00100000005}
{"class":"DecalRoad","persistentId":"08e644af-7d39-48d7-b12e-6cd6e2c82a61","__parent":"riverwayPlazaParking","position":[-357.552765,314.346619,101.670235],"decalBias":0.0500000007,"distanceFade":[150,100],"improvedSpline":true,"material":"road_rubber_double","nodes":[[-357.552765,314.346619,101.670235,3.5],[-370.107239,303.078796,101.576752,3.5],[-377.605316,291.974762,101.503708,3.5],[-383.728027,284.041107,101.442711,3.5]],"renderPriority":2,"startEndFade":[12,12],"textureLength":6,"zBias":0.00100000005}
{"class":"DecalRoad","persistentId":"fe6c4bb7-1496-454e-9c22-c5049236036e","__parent":"riverwayPlazaParking","position":[-379.031769,364.311829,101.800247],"decalBias":0.0500000007,"distanceFade":[150,100],"improvedSpline":true,"material":"road_rubber_double","nodes":[[-379.031769,364.311829,101.800247,3.5],[-385.27356,370.310669,101.800247,3.5],[-391.423706,372.203613,101.800247,3.5],[-398.861115,368.46582,101.800247,3.5],[-404.146545,360.930389,101.800247,3.5],[-402.623016,354.157898,101.800247,3.5],[-394.304108,345.833405,101.800247,3.5]],"renderPriority":2,"startEndFade":[12,12],"textureLength":6,"zBias":0.00100000005}
{"class":"DecalRoad","persistentId":"0c69905b-759a-4e68-88aa-b9f3f8b57152","__parent":"riverwayPlazaParking","position":[-415.040619,346.602264,101.800247],"decalBias":0.0500000007,"distanceFade":[150,100],"improvedSpline":true,"material":"road_rubber_double","nodes":[[-415.040619,346.602264,101.800247,3.5],[-400.70462,361.91037,101.800247,3.5],[-393.890106,367.938873,101.800247,3.5],[-386.80191,367.768066,101.800247,3.5],[-380.779327,362.937378,101.800247,3.5]],"renderPriority":2,"startEndFade":[12,12],"textureLength":6,"zBias":0.00100000005}
{"class":"DecalRoad","persistentId":"287977da-5e04-43ed-80ba-9bc9574bb249","__parent":"riverwayPlazaParking","position":[-411.85199,354.880646,101.800247],"decalBias":0.0500000007,"distanceFade":[150,100],"improvedSpline":true,"material":"road_rubber_double","nodes":[[-411.85199,354.880646,101.800247,3.5],[-416.438599,347.368042,101.800247,3.5],[-416.256012,340.070068,101.800247,3.5],[-411.420593,333.847443,101.800247,3.5],[-404.496429,329.28299,101.800247,3.5]],"renderPriority":2,"startEndFade":[12,12],"textureLength":6,"zBias":0.00100000005}
{"class":"DecalRoad","persistentId":"0062c0a4-10a7-4ecd-a484-6d7607e0f462","__parent":"riverwayPlazaParking","position":[-414.401672,353.052948,101.800247],"decalBias":0.0500000007,"distanceFade":[150,100],"improvedSpline":true,"material":"road_rubber_double","nodes":[[-414.401672,353.052948,101.800247,3.5],[-421.214264,344.239349,101.800247,3.5],[-424.249329,334.679688,101.800247,3.5],[-424.637421,323.540833,101.800247,3.5],[-426.162079,313.985229,101.800247,3.5],[-434.378357,303.649475,100.928818,3.5]],"renderPriority":2,"startEndFade":[12,12],"textureLength":6,"zBias":0.00100000005}
{"class":"DecalRoad","persistentId":"70b54923-d739-4310-86c1-ec563a00fbf3","__parent":"riverwayPlazaParking","position":[-429.651367,305.164062,101.47554],"decalBias":0.0500000007,"distanceFade":[150,100],"improvedSpline":true,"material":"road_rubber_double","nodes":[[-429.651367,305.164062,101.47554,3.5],[-421.970947,313.88208,101.800247,3.5],[-414.245789,319.903534,101.800247,3.5],[-405.22934,322.756714,101.800247,3.5]],"renderPriority":2,"startEndFade":[12,12],"textureLength":6,"zBias":0.00100000005}
{"class":"DecalRoad","persistentId":"eb0439da-b96c-4c25-8ebc-159487599d9f","__parent":"riverwayPlazaParking","position":[-423.561768,331.434265,101.800247],"decalBias":0.0500000007,"distanceFade":[150,100],"improvedSpline":true,"material":"road_rubber_double","nodes":[[-423.561768,331.434265,101.800247,3.5],[-422.823669,322.941071,101.800247,3.5],[-417.377502,319.10321,101.800247,3.5],[-406.660156,321.167603,101.800247,3.5]],"renderPriority":2,"startEndFade":[12,12],"textureLength":6,"zBias":0.00100000005}
{"class":"DecalRoad","persistentId":"11d08042-3f86-42b8-9a51-50781f7211ff","__parent":"riverwayPlazaParking","position":[-409.857635,336.972565,101.800247],"decalBias":0.0500000007,"distanceFade":[150,100],"improvedSpline":true,"material":"road_rubber_double","nodes":[[-409.857635,336.972565,101.800247,3.5],[-415.454956,343.586182,101.800247,3.5],[-421.450653,342.832001,101.800247,3.5],[-424.65271,337.831055,101.800247,3.5],[-423.538177,329.618958,101.800247,3.5]],"renderPriority":2,"startEndFade":[12,12],"textureLength":6,"zBias":0.00100000005}
{"class":"DecalRoad","persistentId":"63971b71-1fc9-452f-838d-3fafcba2d75e","__parent":"riverwayPlazaParking","position":[-393.663147,351.863983,101.800247],"decalBias":0.0500000007,"distanceFade":[150,100],"improvedSpline":true,"material":"road_rubber_double","nodes":[[-393.663147,351.863983,101.800247,3.5],[-400.290588,356.955719,101.800247,3.5],[-407.376923,357.7612,101.800247,3.5],[-413.919617,353.88562,101.800247,3.5]],"renderPriority":2,"startEndFade":[12,12],"textureLength":6,"zBias":0.00100000005}
{"class":"DecalRoad","persistentId":"a62cd2f5-6e46-49d1-8aab-3bf126722ab8","__parent":"riverwayPlazaParking","position":[-382.015656,365.12912,101.800247],"decalBias":0.0500000007,"distanceFade":[150,100],"improvedSpline":true,"material":"road_rubber_double","nodes":[[-382.015656,365.12912,101.800247,3.5],[-355.618652,339.808258,101.764038,3.5]],"renderPriority":2,"startEndFade":[12,12],"textureLength":6,"zBias":0.00100000005}
{"class":"DecalRoad","persistentId":"0c3c7d0f-ba5b-4cef-b039-6a92798f6b6d","__parent":"riverwayPlazaParking","position":[-389.36142,343.114105,101.800247],"decalBias":0.0500000007,"distanceFade":[150,100],"improvedSpline":true,"material":"road_rubber_double","nodes":[[-389.36142,343.114105,101.800247,3.5],[-367.388092,322.203125,101.663162,3.5]],"renderPriority":2,"startEndFade":[12,12],"textureLength":6,"zBias":0.00100000005}
{"class":"DecalRoad","persistentId":"0d3f0f55-93c6-4360-b66e-3fbcfedbb51f","__parent":"riverwayPlazaParking","position":[-379.962769,309.321503,101.643753],"decalBias":0.0500000007,"distanceFade":[150,100],"improvedSpline":true,"material":"road_rubber_double","nodes":[[-379.962769,309.321503,101.643753,3.5],[-398.400208,326.402832,101.800247,3.5],[-410.051208,337.55423,101.800247,3.5]],"renderPriority":2,"startEndFade":[12,12],"textureLength":6,"zBias":0.00100000005}
{"class":"DecalRoad","persistentId":"0e60fadd-87fa-4083-90d3-d97be40c1498","__parent":"riverwayPlazaParking","position":[-388.736359,314.604401,101.738602],"decalBias":0.0500000007,"distanceFade":[150,100],"improvedSpline":true,"material":"road_rubber_double","nodes":[[-388.736359,314.604401,101.738602,3.5],[-378.985474,305.703094,101.610909,3.5],[-369.658508,300.898651,101.572464,3.5],[-361.753784,302.292755,101.609428,3.5]],"renderPriority":2,"startEndFade":[12,12],"textureLength":6,"zBias":0.00100000005}
{"class":"DecalRoad","persistentId":"3c8a509c-1a0c-4c51-89fa-8a010e96e5a4","__parent":"riverwayPlazaParking","position":[-432.808655,306.626678,101.351921],"decalBias":0.0500000007,"distanceFade":[150,100],"improvedSpline":true,"material":"road_rubber_double","nodes":[[-432.808655,306.626678,101.351921,3.5],[-438.622192,298.055511,99.9677429,3.5],[-442.075012,289.809143,98.7951813,3.5],[-448.667969,286.394653,98.2897415,3.5],[-456.381195,291.220856,98.0924377,3.5],[-466.245728,301.440887,97.6548843,3.5]],"renderPriority":2,"startEndFade":[12,12],"textureLength":6,"zBias":0.00100000005}
{"class":"DecalRoad","persistentId":"20d5ad5e-5b41-4340-bd07-4723949c4c61","__parent":"riverwayPlazaParking","position":[-455.354187,272.699005,98.5137482],"decalBias":0.0500000007,"distanceFade":[150,100],"improvedSpline":true,"material":"road_rubber_double","nodes":[[-455.354187,272.699005,98.5137482,3.5],[-445.345795,282.783447,98.319397,3.5],[-437.767029,291.440063,99.4188919,3.5],[-434.193024,299.667755,100.561562,3.5],[-428.521942,307.905365,101.690239,3.5]],"renderPriority":2,"startEndFade":[12,12],"textureLength":6,"zBias":0.00100000005}
