{"name":"Level_Tunnel_Closed_01","class":"SFXEmitter","persistentId":"1b1ffa3e-bb2d-4a3b-a488-90d4320ef705","__parent":"Snapshots","position":[365.357758,778.026184,132.000504],"fadeInTime":0,"fadeOutTime":0,"isLooping":false,"locked":true,"maxDistance":40,"rotationMatrix":[1,0,0,0,0.999999762,-0.000690533896,0,0.000690533896,0.999999762],"scale":[40,40,40],"track":"event:>Snapshot Events>Snapshot_ATT_Tunnel_Closed_Position","useTrackDescriptionOnly":true}
{"name":"Level_Tunnel_Closed_02","class":"SFXEmitter","persistentId":"2ae5b333-2b36-43aa-b470-f55d6a768b46","__parent":"Snapshots","position":[-65.3157349,785.295105,135.526764],"fadeInTime":0,"fadeOutTime":0,"isLooping":false,"locked":true,"maxDistance":40,"rotationMatrix":[1,0,0,0,0.999999762,-0.000690533896,0,0.000690533896,0.999999762],"scale":[40,40,40],"track":"event:>Snapshot Events>Snapshot_ATT_Tunnel_Closed_Position","useTrackDescriptionOnly":true}
{"name":"Level_Tunnel_Closed_2D_1","class":"SFXSpace","persistentId":"3260729a-f675-4fb4-8913-705df0e0d882","__parent":"Snapshots","position":[-55.5778999,802.136536,139.522736],"locked":true,"rotationMatrix":[1,0,0,0,0.999999762,-0.000690533896,0,0.000690533896,0.999999762],"scale":[21.4486084,16.3776379,10],"soundAmbience":"Level_Tunnel_Closed"}
{"name":"Level_Tunnel_Closed_2D_2","class":"SFXSpace","persistentId":"f5794af6-02c7-4c4f-8137-817debe3afc9","__parent":"Snapshots","position":[-39.4926338,806.293701,137.734146],"locked":true,"rotationMatrix":[0.992781997,0.119932629,1.09139364e-11,-0.119932592,0.992781758,-0.000690533896,-8.28175471e-05,0.000685549632,0.999999762],"scale":[21.4486084,16.3776379,10],"soundAmbience":"Level_Tunnel_Closed"}
{"name":"Level_Tunnel_Closed_2D_3","class":"SFXSpace","persistentId":"c96364b5-eda4-4a90-8b2d-edce1de6aca0","__parent":"Snapshots","position":[41.5450821,804.872375,136.208359],"locked":true,"rotationMatrix":[0.999358952,0.035797976,-8.18545232e-12,-0.0357979611,0.999358714,-0.000690534071,-2.47196949e-05,0.000690091401,0.999999762],"scale":[153.58725,16.3776379,10],"soundAmbience":"Level_Tunnel_Closed"}
{"name":"Level_Tunnel_Closed_2D_4","class":"SFXSpace","persistentId":"35271e57-ea9c-4763-8cec-0c8aaf123069","__parent":"Snapshots","position":[167.623322,805.417908,135.349426],"locked":true,"rotationMatrix":[0.999358952,0.035797976,-8.18545232e-12,-0.0357979611,0.999358714,-0.000690534071,-2.47196949e-05,0.000690091401,0.999999762],"scale":[153.58725,16.3776379,10],"soundAmbience":"Level_Tunnel_Closed"}
{"name":"Level_Tunnel_Closed_2D_5","class":"SFXSpace","persistentId":"0886eb0b-160c-497a-9a6f-d895c48acad2","__parent":"Snapshots","position":[271.176147,802.120178,134.734695],"locked":true,"rotationMatrix":[0.999358952,0.035797976,-8.18545232e-12,-0.0357979611,0.999358714,-0.000690534071,-2.47196949e-05,0.000690091401,0.999999762],"scale":[88.1127777,16.3776379,10],"soundAmbience":"Level_Tunnel_Closed"}
{"name":"Level_Tunnel_Closed_2D_6","class":"SFXSpace","persistentId":"ce3cd660-8496-44e9-821c-27e85fcec9f5","__parent":"Snapshots","position":[335.266479,788.630737,134.899719],"locked":true,"rotationMatrix":[0.871418417,-0.490539998,-7.27595761e-11,0.490539879,0.871418297,-0.000690534187,0.000338734506,0.00060174457,0.999999762],"scale":[76.5278625,16.3776379,10],"soundAmbience":"Level_Tunnel_Closed"}
{"name":"Level_Tunnel_Closed_2D_7","class":"SFXSpace","persistentId":"1579dbbc-3dd5-43fe-901d-e774d58f81c8","__parent":"Snapshots","position":[346.244446,792.866821,136.251068],"locked":true,"rotationMatrix":[0.342490435,-0.939521253,-2.65572453e-10,0.939520955,0.342490405,-0.00069053442,0.000648771471,0.000236501684,0.999999762],"scale":[34.8078918,16.3776379,10],"soundAmbience":"Level_Tunnel_Closed"}
{"name":"Level_Tunnel_Closed_2D_8","class":"SFXSpace","persistentId":"f8d3dee9-d6ba-4a34-bb79-c933613b8fb5","__parent":"Snapshots","position":[-65.8042908,793.456421,135.820282],"locked":true,"rotationMatrix":[1,0,0,0,0.999999762,-0.000690533896,0,0.000690533896,0.999999762],"scale":[21.4486084,16.3776379,10],"soundAmbience":"Level_Tunnel_Closed"}
{"name":"Level_Tunnel_Open_A_Del_1","class":"SFXEmitter","persistentId":"275916ac-3624-4299-a299-1e4779300279","__parent":"Snapshots","position":[170.674042,361.606384,126.678001],"fadeInTime":0,"fadeOutTime":0,"isLooping":false,"locked":true,"maxDistance":30,"referenceDistance":8,"rotationMatrix":[1,0,0,0,0.999999762,-0.000690533896,0,0.000690533896,0.999999762],"scale":[30,30,30],"track":"event:>Special>Slap Delays>Delay_12","useTrackDescriptionOnly":true}
{"name":"Level_Tunnel_Open_A_Del_2","class":"SFXEmitter","persistentId":"b653c0a1-6ca1-40ed-b0fe-bc3a29895cb2","__parent":"Snapshots","position":[155.860977,362.695831,126.533791],"fadeInTime":0,"fadeOutTime":0,"isLooping":false,"locked":true,"maxDistance":30,"referenceDistance":8,"rotationMatrix":[1,0,0,0,0.999999762,-0.000690533896,0,0.000690533896,0.999999762],"scale":[30,30,30],"track":"event:>Special>Slap Delays>Delay_12","useTrackDescriptionOnly":true}
{"name":"Level_Tunnel_Open_B_Del","class":"SFXEmitter","persistentId":"fe87ea8d-1421-4701-80be-a06c066ae221","__parent":"Snapshots","position":[511.251282,776.980225,245.044983],"fadeInTime":0,"fadeOutTime":0,"isLooping":false,"locked":true,"maxDistance":20,"rotationMatrix":[1,0,0,0,0.999999762,-0.000690533896,0,0.000690533896,0.999999762],"scale":[20,20,20],"track":"event:>Special>Slap Delays>Delay_13","useTrackDescriptionOnly":true}
{"name":"Level_Tunnel_Open_C_Del_1","class":"SFXEmitter","persistentId":"50450b3e-5160-4757-9cdb-98cb93201163","__parent":"Snapshots","position":[391.477631,242.035645,133.651093],"fadeInTime":0,"fadeOutTime":0,"isLooping":false,"locked":true,"maxDistance":30,"referenceDistance":8,"rotationMatrix":[1,0,0,0,0.999999762,-0.000690533896,0,0.000690533896,0.999999762],"scale":[30,30,30],"track":"event:>Special>Slap Delays>Delay_12","useTrackDescriptionOnly":true}
{"name":"Level_Tunnel_Open_C_Del_2","class":"SFXEmitter","persistentId":"1e779630-2061-4c09-8db2-9dbf481c64bb","__parent":"Snapshots","position":[408.587067,242.05867,133.786575],"fadeInTime":0,"fadeOutTime":0,"isLooping":false,"locked":true,"maxDistance":30,"referenceDistance":8,"rotationMatrix":[1,0,0,0,0.999999762,-0.000690533896,0,0.000690533896,0.999999762],"scale":[30,30,30],"track":"event:>Special>Slap Delays>Delay_12","useTrackDescriptionOnly":true}
{"name":"Level_Tunnel_Open_D_Del_1","class":"SFXEmitter","persistentId":"edd5e084-41bc-4a3f-9b70-cd7a61c3f77f","__parent":"Snapshots","position":[-167.189774,121.680962,114.995247],"fadeInTime":0,"fadeOutTime":0,"isLooping":false,"locked":true,"maxDistance":30,"referenceDistance":8,"rotationMatrix":[1,0,0,0,0.999999762,-0.000690533896,0,0.000690533896,0.999999762],"scale":[30,30,30],"track":"event:>Special>Slap Delays>Delay_12","useTrackDescriptionOnly":true}
{"name":"Level_Tunnel_Open_D_Del_2","class":"SFXEmitter","persistentId":"7f704c0a-4b6c-47a9-bf4e-256c58cddad5","__parent":"Snapshots","position":[-186.201736,139.941391,116.434883],"fadeInTime":0,"fadeOutTime":0,"isLooping":false,"locked":true,"maxDistance":30,"referenceDistance":8,"rotationMatrix":[1,0,0,0,0.999999762,-0.000690533896,0,0.000690533896,0.999999762],"scale":[30,30,30],"track":"event:>Special>Slap Delays>Delay_12","useTrackDescriptionOnly":true}
{"name":"Level_Tunnel_Open_E_Del_1","class":"SFXEmitter","persistentId":"d2180512-b89c-4f70-b633-429016778d2b","__parent":"Snapshots","position":[249.156769,127.091057,127.255264],"fadeInTime":0,"fadeOutTime":0,"isLooping":false,"locked":true,"maxDistance":30,"referenceDistance":8,"rotationMatrix":[1,0,0,0,0.999999762,-0.000690533896,0,0.000690533896,0.999999762],"scale":[30,30,30],"track":"event:>Special>Slap Delays>Delay_12","useTrackDescriptionOnly":true}
{"name":"Level_Tunnel_Open_E_Del_2","class":"SFXEmitter","persistentId":"8f18deb2-9b5c-4d20-a358-071f35d7101f","__parent":"Snapshots","position":[249.191513,112.615227,127.261032],"fadeInTime":0,"fadeOutTime":0,"isLooping":false,"locked":true,"maxDistance":30,"referenceDistance":8,"rotationMatrix":[1,0,0,0,0.999999762,-0.000690533896,0,0.000690533896,0.999999762],"scale":[30,30,30],"track":"event:>Special>Slap Delays>Delay_12","useTrackDescriptionOnly":true}
{"name":"Reverb_Dam_01","class":"SFXSpace","persistentId":"08c588ad-02e1-47dd-9d16-75d14906c91a","__parent":"Snapshots","position":[275.932556,707.998962,155.592712],"locked":true,"rotationMatrix":[-0.283423513,-0.958994746,-2.50793164e-10,0.958994448,-0.283423513,-0.000690534012,0.000662218081,-0.000195713321,0.999999762],"scale":[252.441467,86.8852768,200.78978],"soundAmbience":"Reverb_ATT_Dam"}
{"name":"Reverb_Dam_02","class":"SFXSpace","persistentId":"a2a0193c-678f-4a91-a836-43fbbcad996c","__parent":"Snapshots","position":[215.739105,718.199646,153.342819],"locked":true,"rotationMatrix":[-0.250546336,-0.968104601,-7.09405756e-10,0.968104422,-0.250546277,-0.000690535177,0.000668510154,-0.000173011751,0.999999821],"scale":[278.651489,35.1865616,200.78978],"soundAmbience":"Reverb_ATT_Dam"}
{"name":"Reverb_Dam_03","class":"SFXSpace","persistentId":"b5e2fe1c-7144-4fc5-b03f-19738b7e640f","__parent":"Snapshots","position":[78.5421448,718.933228,149.204117],"locked":true,"rotationMatrix":[-0.993526876,-0.113597572,4.38376446e-10,0.113597549,-0.993526638,-0.000690534012,7.8443416e-05,-0.000686064013,0.999999762],"scale":[246.966827,221.261017,208.71373],"soundAmbience":"Reverb_ATT_Dam"}
{"name":"Reverb_Dam_04","class":"SFXSpace","persistentId":"f9c36d47-3512-4b6a-ba5d-2aa1ab474565","__parent":"Snapshots","position":[3.57718658,544.317078,92.5373383],"locked":true,"rotationMatrix":[-0.993526876,-0.113597572,4.38376446e-10,0.113597549,-0.993526638,-0.000690534012,7.8443416e-05,-0.000686064013,0.999999762],"scale":[154.550735,221.261017,208.71373],"soundAmbience":"Reverb_ATT_Dam"}
{"name":"Reverb_Dam_05","class":"SFXSpace","persistentId":"5a9783fa-35d2-4956-8d25-1955880f4017","__parent":"Snapshots","position":[-109.006485,637.011475,115.006424],"locked":true,"rotationMatrix":[-0.999931216,-0.0117239384,4.51109372e-10,0.0117239412,-0.999930978,-0.000690533838,8.09621997e-06,-0.00069048634,0.999999762],"scale":[163.754303,369.535583,208.71373],"soundAmbience":"Reverb_ATT_Dam"}
{"name":"Reverb_Dam_06","class":"SFXSpace","persistentId":"2da07b82-6417-4d28-ac4d-c32f86291718","__parent":"Snapshots","position":[356.974762,677.625488,154.497635],"locked":true,"rotationMatrix":[-0.267857671,-0.963458657,-9.86347004e-10,0.963458419,-0.267857552,-0.000690534478,0.000665301166,-0.0001849658,0.999999821],"scale":[153.289276,84.7921982,204.056229],"soundAmbience":"Reverb_ATT_Dam"}
{"name":"Reverb_Dam_07","class":"SFXSpace","persistentId":"488ee888-628b-4a79-b857-bb9f7ceb1ddc","__parent":"Snapshots","position":[55.2098236,401.377258,52.9597931],"locked":true,"rotationMatrix":[-0.999999166,-0.000637348683,-9.65883373e-10,0.000637246296,-0.999999166,-0.000690533605,4.39040377e-07,-0.000690534362,0.999999821],"scale":[192.626602,95.1129227,204.056229],"soundAmbience":"Reverb_ATT_Dam"}
{"name":"Reverb_Dam_08","class":"SFXSpace","persistentId":"7aaf6ecf-34d3-403a-84b6-71fc681f3c1a","__parent":"Snapshots","position":[-86.1884689,409.743744,52.9582672],"locked":true,"rotationMatrix":[-0.999999166,-0.000637348683,-9.65883373e-10,0.000637246296,-0.999999166,-0.000690533605,4.39040377e-07,-0.000690534362,0.999999821],"scale":[166.949585,112.08287,204.056229],"soundAmbience":"Reverb_ATT_Dam"}
{"name":"Reverb_Dam_09","class":"SFXSpace","persistentId":"49000010-3a80-4e1b-a38a-ec3352033df8","__parent":"Snapshots","position":[148.420258,572.624023,129.954971],"locked":true,"rotationMatrix":[-0.798121393,0.602495313,-2.25099939e-09,-0.602495193,-0.798121452,-0.000690532615,-0.000416044611,-0.000551129575,0.999999821],"scale":[213.37764,185.451752,204.056229],"soundAmbience":"Reverb_ATT_Dam"}
{"name":"Reverb_Dam_10","class":"SFXSpace","persistentId":"43d699fd-5cbb-42d9-8fe5-6aef4f294c72","__parent":"Snapshots","position":[107.259239,466.897919,102.972183],"locked":true,"rotationMatrix":[-0.798121393,0.602495313,-2.25099939e-09,-0.602495193,-0.798121452,-0.000690532615,-0.000416044611,-0.000551129575,0.999999821],"scale":[174.102585,80.5795135,204.056229],"soundAmbience":"Reverb_ATT_Dam"}
{"name":"Reverb_Mountain_01","class":"SFXSpace","persistentId":"fafb3738-1593-4e1f-84e3-e37944cc6b9f","__parent":"Snapshots","position":[330.48642,840.285767,221.721497],"locked":true,"rotationMatrix":[-0.959706306,0.281004667,6.88487489e-10,-0.281004518,-0.959706306,-0.000690533605,-0.000194042834,-0.000662709295,0.999999762],"scale":[153.414871,32.4310112,103.216438],"soundAmbience":"Reverb_ATT_Mountains"}
{"name":"Reverb_Mountain_02","class":"SFXSpace","persistentId":"64f69502-bfdd-4b3a-b31e-d11c6f75b894","__parent":"Snapshots","position":[459.337891,794.566406,217.191742],"locked":true,"rotationMatrix":[-0.959706306,0.281004667,6.88487489e-10,-0.281004518,-0.959706306,-0.000690533605,-0.000194042834,-0.000662709295,0.999999762],"scale":[153.414871,32.4310112,103.216438],"soundAmbience":"Reverb_ATT_Mountains"}
{"name":"Reverb_Mountain_03","class":"SFXSpace","persistentId":"3a9e7d5f-400b-4565-aa2c-925945efdfbf","__parent":"Snapshots","position":[990.402405,676.262451,211.025269],"locked":true,"rotationMatrix":[0.448601812,0.893731773,9.27684596e-11,-0.893731773,0.448601723,-0.000690533023,-0.000617151672,0.000309774972,0.999999762],"scale":[450.85321,1000,262.780243],"soundAmbience":"Reverb_ATT_Mountains"}
{"name":"Reverb_Mountain_04","class":"SFXSpace","persistentId":"e8d3f8db-222b-40ea-aaa3-608b50f2fb02","__parent":"Snapshots","position":[40.4631653,841.852539,220.587433],"locked":true,"rotationMatrix":[-0.994228423,-0.107283011,6.37555786e-10,0.107282996,-0.994228423,-0.000690533489,7.40827018e-05,-0.000686547544,0.999999762],"scale":[451.759399,44.7484322,103.216438],"soundAmbience":"Reverb_ATT_Mountains"}
{"name":"Reverb_Mountain_05","class":"SFXSpace","persistentId":"45328070-28e1-4ccf-9b24-242f5b3f2e36","__parent":"Snapshots","position":[-448.14624,784.275513,214.195465],"locked":true,"rotationMatrix":[-0.994228423,-0.107283011,6.37555786e-10,0.107282996,-0.994228423,-0.000690533489,7.40827018e-05,-0.000686547544,0.999999762],"scale":[546.811279,298.606995,270.658844],"soundAmbience":"Reverb_ATT_Mountains"}
{"name":"Reverb_Mountain_06","class":"SFXSpace","persistentId":"72d921c9-c398-4291-9473-ed66f61b69d1","__parent":"Snapshots","position":[-438.257965,1040.55457,237.101776],"locked":true,"rotationMatrix":[-0.994228423,-0.107283011,6.37555786e-10,0.107282996,-0.994228423,-0.000690533489,7.40827018e-05,-0.000686547544,0.999999762],"scale":[546.811279,298.606995,270.658844],"soundAmbience":"Reverb_ATT_Mountains"}
