{"class":"TSStatic","persistentId":"b9cba1a9-e2c3-492e-9d96-2d55a14477e3","__parent":"beach_testRocks","position":[285.441437,1695.2052,83.9292145],"isRenderEnabled":false,"rotationMatrix":[-0.134839654,0.9900406,0.0404671133,0.822998703,0.134646058,-0.551854491,-0.551807165,-0.0411075354,-0.832957745],"scale":[1.62871087,1.62871087,1.62871087],"shapeName":"/levels/west_coast_usa/art/shapes/rocks/eca_rock_big_narrow.dae","useInstanceRenderData":true}
{"class":"TSStatic","persistentId":"7293ed84-ffb7-4502-955f-3ac04ec769e1","__parent":"beach_testRocks","position":[285.451599,1707.09094,83.1488876],"isRenderEnabled":false,"rotationMatrix":[0.813456714,-0.0781393945,-0.576352775,0.0379179791,0.995950997,-0.081509769,0.580388248,0.0444505475,0.813125908],"scale":[2.40107393,2.40107393,2.40107393],"shapeName":"/levels/west_coast_usa/art/shapes/rocks/eca_rock_big_narrow.dae","useInstanceRenderData":true}
{"class":"TSStatic","persistentId":"c812c9e1-af04-4e31-a072-2e4eaa58b50a","__parent":"beach_testRocks","position":[-1099.72412,1996.23584,76.6528931],"isRenderEnabled":false,"rotationMatrix":[0.0667237043,-0.736811876,0.672797441,0.987401366,0.145725369,0.0616665184,-0.143480361,0.660206437,0.737252235],"shapeName":"/levels/west_coast_usa/art/shapes/rocksJV/s_rocks_desert_low_small_lowc.dae","useInstanceRenderData":true}
{"class":"TSStatic","persistentId":"62c9ac58-3dc7-4c6e-a9e1-fbf357a4341e","__parent":"beach_testRocks","position":[-1110.99011,1994.92078,76.7176895],"isRenderEnabled":false,"rotationMatrix":[-0.100566506,-0.818752527,0.565270424,0.994391322,-0.0640149117,0.0841899812,-0.0327450037,0.570566654,0.820598185],"shapeName":"/levels/west_coast_usa/art/shapes/rocksJV/s_rocks_desert_low_small_lowc.dae","useInstanceRenderData":true}
{"class":"TSStatic","persistentId":"ee877c30-c95e-489e-a3db-4609be5a0453","__parent":"beach_testRocks","position":[-1089.34827,1999.35547,76.7732697],"isRenderEnabled":false,"rotationMatrix":[0.182678998,-0.791229606,0.583595634,0.967359304,0.25068295,0.0370660424,-0.175625175,0.557775497,0.811197996],"shapeName":"/levels/west_coast_usa/art/shapes/rocksJV/s_rocks_desert_low_small_lowc.dae","useInstanceRenderData":true}
{"class":"TSStatic","persistentId":"9018be96-3b91-4acb-8d78-2e24903e331e","__parent":"beach_testRocks","position":[-1123.53162,1998.41052,75.945343],"isRenderEnabled":false,"rotationMatrix":[-0.380119801,-0.698641121,0.606143534,0.898771465,-0.433770657,0.0636661649,0.218447328,0.568985164,0.792803049],"shapeName":"/levels/west_coast_usa/art/shapes/rocksJV/s_rocks_desert_low_small_lowc.dae","useInstanceRenderData":true}
{"class":"TSStatic","persistentId":"75dcb76f-f33f-45c2-9adb-105536476ff7","__parent":"beach_testRocks","position":[-372.077301,1902.51538,96.6250381],"isRenderEnabled":false,"rotationMatrix":[0.141780674,-0.9612782,-0.236309737,0.983544469,0.109794259,0.143476009,-0.111974955,-0.252763271,0.961026728],"scale":[1.57543945,1.57543945,1.57543945],"shapeName":"/levels/west_coast_usa/art/shapes/rocks/eca_rock_big_narrow.dae","useInstanceRenderData":true}
{"class":"TSStatic","persistentId":"2b3688d5-db6b-4217-a7ed-d5e2aad92ae8","__parent":"beach_testRocks","position":[-371.451721,1898.72632,95.2361221],"isRenderEnabled":false,"rotationMatrix":[-0.147715449,0.852877676,0.500779331,0.985974848,0.166754365,0.00683432817,-0.0776783079,0.494765341,-0.865548134],"scale":[1.57543945,1.57543945,1.57543945],"shapeName":"/levels/west_coast_usa/art/shapes/rocks/eca_rock_big_narrow.dae","useInstanceRenderData":true}
{"class":"TSStatic","persistentId":"67f1dea4-48fe-4531-987a-0332a5cf9ce8","__parent":"beach_testRocks","position":[73.304039,968.562561,71.2128296],"isRenderEnabled":false,"rotationMatrix":[0.768646121,-0.58182627,0.265821934,0.61210078,0.789691269,-0.0414779335,-0.185784325,0.194591641,0.963129401],"scale":[1.78564453,1.78564453,1.78564453],"shapeName":"/levels/west_coast_usa/art/shapes/rocks/eca_rock_big_narrow.dae","useInstanceRenderData":true}
{"class":"TSStatic","persistentId":"edb919a4-2615-4a3b-944e-60ce65d2e32a","__parent":"beach_testRocks","position":[70.4352188,962.205811,71.7578125],"isRenderEnabled":false,"rotationMatrix":[-0.708691239,0.116582915,-0.695819855,0.17209588,0.985026956,-0.0102404691,0.684207439,-0.127005056,-0.718143463],"scale":[1.78564453,1.78564453,1.78564453],"shapeName":"/levels/west_coast_usa/art/shapes/rocks/eca_rock_big_narrow.dae","useInstanceRenderData":true}
{"class":"TSStatic","persistentId":"7279b970-1980-433c-8958-b57d4abf18dc","__parent":"beach_testRocks","position":[70.7493134,953.630554,71.9738388],"isRenderEnabled":false,"rotationMatrix":[-0.575080514,-0.207496062,-0.791345894,0.163121477,-0.97696054,0.137623101,-0.801669657,-0.0499411486,0.595677614],"scale":[1.78564453,1.78564453,1.78564453],"shapeName":"/levels/west_coast_usa/art/shapes/rocks/eca_rock_big_narrow.dae","useInstanceRenderData":true}
{"class":"TSStatic","persistentId":"f36be06e-ad86-477d-a997-543900a06f1c","__parent":"beach_testRocks","position":[342.009583,948.124023,82.2049026],"hidden":true,"isRenderEnabled":false,"rotationMatrix":[1,0,0,0,0.500049531,-0.865996897,0,0.865996897,0.500049531],"scale":[2.61914062,2.61914062,2.61914062],"shapeName":"/levels/west_coast_usa/art/shapes/rocks/eca_rock_big_wide.dae","useInstanceRenderData":true}
{"class":"TSStatic","persistentId":"3da86723-27c5-477b-8714-96af2e5d12b9","__parent":"beach_testRocks","position":[367.111938,949.79834,82.9697037],"hidden":true,"isRenderEnabled":false,"rotationMatrix":[0.938612163,0.344424367,0.0194703043,-0.200549722,0.59071219,-0.781561792,-0.280690312,0.729678571,0.623523831],"scale":[2.61914062,2.61914062,2.61914062],"shapeName":"/levels/west_coast_usa/art/shapes/rocks/eca_rock_big_wide.dae","useInstanceRenderData":true}
{"class":"TSStatic","persistentId":"0be12825-df23-46fb-ab51-4b29afcc3b06","__parent":"beach_testRocks","position":[364.18042,958.433044,71.5452728],"hidden":true,"isRenderEnabled":false,"rotationMatrix":[0.938612163,0.344424367,0.0194703043,-0.200549722,0.59071219,-0.781561792,-0.280690312,0.729678571,0.623523831],"scale":[2.61914062,2.61914062,2.61914062],"shapeName":"/levels/west_coast_usa/art/shapes/rocks/eca_rock_big_wide.dae","useInstanceRenderData":true}
{"class":"TSStatic","persistentId":"9b05d57a-b6be-4ae0-a86c-1951de9eb4da","__parent":"beach_testRocks","position":[342.922974,926.815308,103.914742],"hidden":true,"isRenderEnabled":false,"rotationMatrix":[0.953149199,0.292210937,0.0782260746,-0.0932639241,0.529870391,-0.842934966,-0.28776449,0.796147108,0.532298267],"scale":[2.61914062,2.61914062,2.61914062],"shapeName":"/levels/west_coast_usa/art/shapes/rocks/eca_rock_big_wide.dae","useInstanceRenderData":true}
{"class":"TSStatic","persistentId":"0f0a3376-a144-44e3-b00d-3698e57b88a2","__parent":"beach_testRocks","position":[358.781494,930.098511,105.068451],"hidden":true,"isRenderEnabled":false,"rotationMatrix":[0.97188586,0.214306086,0.0975234061,-0.0496203899,0.591317654,-0.804910779,-0.230164573,0.777442217,0.585327208],"scale":[2.61914062,2.61914062,2.61914062],"shapeName":"/levels/west_coast_usa/art/shapes/rocks/eca_rock_big_wide.dae","useInstanceRenderData":true}
{"class":"TSStatic","persistentId":"89808735-495e-4b5b-bcb9-b7229d15859c","__parent":"beach_testRocks","position":[366.655304,942.142212,91.0061798],"hidden":true,"isRenderEnabled":false,"rotationMatrix":[-0.971885562,-0.214305922,-0.0975236073,0.0717227012,-0.663974881,0.744306922,-0.224262655,0.716386676,0.660678625],"scale":[4.68173742,4.68173742,4.68173742],"shapeName":"/levels/west_coast_usa/art/shapes/rocks/eca_rock_big_wide.dae","useInstanceRenderData":true}
{"class":"TSStatic","persistentId":"b02ee9aa-7c14-44b7-8a07-c8c6afafb52c","__parent":"beach_testRocks","position":[333.040588,874.321472,124.168106],"hidden":true,"isRenderEnabled":false,"rotationMatrix":[0.861338973,0.449522227,-0.236696124,-0.46974352,0.527260303,-0.708052099,-0.193484604,0.721059263,0.665309906],"scale":[1.61665034,1.61665034,1.61665034],"shapeName":"/levels/west_coast_usa/art/shapes/rocks/eca_rock_big_wide.dae","useInstanceRenderData":true}
{"class":"TSStatic","persistentId":"dfb96082-c5d5-460a-976f-096dca7f0803","__parent":"beach_testRocks","position":[328.210327,878.293945,118.501053],"hidden":true,"isRenderEnabled":false,"rotationMatrix":[-0.82473731,-0.548181653,0.138944626,0.484123826,-0.557405829,0.674479961,-0.292288989,0.623535037,0.725100875],"scale":[1.61665034,1.61665034,1.61665034],"shapeName":"/levels/west_coast_usa/art/shapes/rocks/eca_rock_big_wide.dae","useInstanceRenderData":true}
{"class":"TSStatic","persistentId":"b968b3a7-def3-4615-a30b-74acb9541c02","__parent":"beach_testRocks","position":[322.373108,871.785706,119.821243],"hidden":true,"isRenderEnabled":false,"rotationMatrix":[-0.655543804,-0.739069581,-0.155045047,0.428900242,-0.533377051,0.729077458,-0.621536374,0.411443114,0.666638732],"scale":[1.61665034,1.61665034,1.61665034],"shapeName":"/levels/west_coast_usa/art/shapes/rocks/eca_rock_big_wide.dae","useInstanceRenderData":true}
{"class":"TSStatic","persistentId":"b42db678-7cdd-44f9-9e85-7e26468b4435","__parent":"beach_testRocks","position":[487.291016,936.072632,123.914635],"hidden":true,"isRenderEnabled":false,"rotationMatrix":[0.980682731,0.162104979,0.109468706,-0.00564411283,0.582858682,-0.812554002,-0.195523828,0.796239853,0.572514355],"scale":[1.02011728,1.02011728,1.02011728],"shapeName":"/levels/west_coast_usa/art/shapes/rocks/eca_rock_big_narrow.dae","useInstanceRenderData":true}
{"class":"TSStatic","persistentId":"7c0984fe-4fff-4184-bed9-aaf2219e21e2","__parent":"beach_testRocks","position":[490.939911,935.483337,125.400948],"hidden":true,"isRenderEnabled":false,"rotationMatrix":[-0.963751554,0.215576947,-0.157194406,-0.252393484,-0.545656323,0.799097717,0.0864929184,0.809806287,0.58028686],"scale":[1.31733418,1.31733418,1.31733418],"shapeName":"/levels/west_coast_usa/art/shapes/rocks/eca_rock_big_narrow.dae","useInstanceRenderData":true}
{"class":"TSStatic","persistentId":"96a4416d-211a-4fe4-a998-6ffd1cbc7bf3","__parent":"beach_testRocks","position":[-1071.7948,2004.47717,78.2147675],"isRenderEnabled":false,"rotationMatrix":[0.20441103,-0.858374417,0.470541596,0.96339947,0.26157409,0.0586538017,-0.173428401,0.441330105,0.880426228],"shapeName":"/levels/west_coast_usa/art/shapes/rocksJV/s_rocks_desert_low_small_lowc.dae","useInstanceRenderData":true}
{"class":"TSStatic","persistentId":"6804bdc8-08ba-44d2-9433-393910f7a338","__parent":"beach_testRocks","position":[-1080.32874,1999.39563,78.3168488],"isRenderEnabled":false,"rotationMatrix":[0.316342652,-0.912940145,0.257813394,0.937658787,0.342151463,0.0610609204,-0.143956214,0.22242479,0.96426338],"shapeName":"/levels/west_coast_usa/art/shapes/rocksJV/s_rocks_desert_low_small_lowc.dae","useInstanceRenderData":true}
