{"name":"garageExteriorLightPropOn_1","class":"TSStatic","persistentId":"9ca5d683-55c3-4687-aadc-b304a5803ccb","__parent":"garageExteriorLightsPropsOn","position":[907.083923,-531.684021,167.634918],"hidden":true,"isRenderEnabled":false,"rotationMatrix":[0.992081821,-0.125593275,-3.25841313e-07,-0.125593275,-0.992081642,1.47437618e-13,-3.23261247e-07,4.09233394e-08,-0.999999881],"scale":[1.29999995,1.29999995,1.29999995],"shapeName":"/levels/west_coast_usa/art/shapes/objects/s_small_light_hanging.dae","useInstanceRenderData":true}
{"name":"garageExteriorLightPropOn_2","class":"TSStatic","persistentId":"020e3f8f-4c37-49bd-9eb7-4cf875e9ac46","__parent":"garageExteriorLightsPropsOn","position":[903.634766,-531.247375,167.634918],"hidden":true,"isRenderEnabled":false,"rotationMatrix":[0.992081821,-0.125593275,-3.25841313e-07,-0.125593275,-0.992081642,1.47437618e-13,-3.23261247e-07,4.09233394e-08,-0.999999881],"scale":[1.29999995,1.29999995,1.29999995],"shapeName":"/levels/west_coast_usa/art/shapes/objects/s_small_light_hanging.dae","useInstanceRenderData":true}
{"name":"garageExteriorLightPropOn_3","class":"TSStatic","persistentId":"8cec02b2-c615-4a3d-96ad-8a59c1d6e93b","__parent":"garageExteriorLightsPropsOn","position":[899.189026,-534.70105,167.634933],"hidden":true,"isRenderEnabled":false,"rotationMatrix":[0.125593066,0.992081761,-4.26325641e-14,0.992081761,-0.125592828,-3.25841313e-07,-3.23261247e-07,4.09233394e-08,-0.999999762],"scale":[1.29999995,1.29999995,1.29999995],"shapeName":"/levels/west_coast_usa/art/shapes/objects/s_small_light_hanging.dae","useInstanceRenderData":true}
{"name":"garageExteriorLightPropOn_4","class":"TSStatic","persistentId":"6b1a478c-f9c2-40d8-b212-ed004d9c51d6","__parent":"garageExteriorLightsPropsOn","position":[898.775208,-537.969666,167.634933],"hidden":true,"isRenderEnabled":false,"rotationMatrix":[0.125593066,0.992081761,-4.26325641e-14,0.992081761,-0.125592828,-3.25841313e-07,-3.23261247e-07,4.09233394e-08,-0.999999762],"scale":[1.29999995,1.29999995,1.29999995],"shapeName":"/levels/west_coast_usa/art/shapes/objects/s_small_light_hanging.dae","useInstanceRenderData":true}
