{"class":"TSStatic","persistentId":"41d179af-38cf-4bac-822c-28a4417a85bd","__parent":"speedCamera_003","position":[-283.110748,346.373657,102.006432],"isRenderEnabled":false,"rotationMatrix":[-0.159370422,-0.987218678,9.56878594e-08,0.987218678,-0.159370422,8.18777153e-08,-6.55813963e-08,1.07513756e-07,1],"scale":[1,1,0.831604004],"shapeName":"/levels/west_coast_usa/art/shapes/objects/pole_traffic1.dae","useInstanceRenderData":true}
{"class":"TSStatic","persistentId":"87bf0f0d-a019-4053-b0a0-31c0f094237b","__parent":"speedCamera_003","position":[-326.53717,320.125183,106.177567],"isRenderEnabled":false,"rotationMatrix":[-0.19443965,0.980914354,0,-0.956311226,-0.189562678,0.222563431,0.218315691,0.0432751924,0.974918187],"shapeName":"/levels/west_coast_usa/art/shapes/objects/s_camera_light1.dae","useInstanceRenderData":true}
{"class":"TSStatic","persistentId":"7cde821e-0ec0-48d0-ac71-4f6ae7b4748a","__parent":"speedCamera_003","position":[-326.568298,320.119934,104.387985],"isRenderEnabled":false,"rotationMatrix":[-0.194439888,0.980914652,-9.31322575e-10,-0.980796039,-0.194416404,0.0155469086,0.0152501864,0.00302293757,0.999879122],"shapeName":"/levels/west_coast_usa/art/shapes/objects/s_camera_light1.dae","useInstanceRenderData":true}
{"class":"TSStatic","persistentId":"b8781855-c40d-4016-b6ca-352af6e20261","__parent":"speedCamera_003","position":[-326.673035,320.520538,101.837173],"isRenderEnabled":false,"rotationMatrix":[-0.194439664,0.980914414,0,-0.980914414,-0.194439664,0,0,0,0.999999881],"scale":[0.357812405,0.357812405,0.357812405],"shapeName":"/levels/west_coast_usa/art/shapes/objects/s_gm_cube_1m.dae","useInstanceRenderData":true}
{"class":"TSStatic","persistentId":"49476e86-5a76-45b8-9a17-9a1d84bb62fe","__parent":"speedCamera_003","position":[-283.033722,346.378998,104.341957],"isRenderEnabled":false,"rotationMatrix":[0.162599027,0.986692071,-3.88701437e-07,-0.986692071,0.162599027,3.54782827e-07,4.13263876e-07,3.25841398e-07,1],"scale":[0.823632717,0.823632717,0.823632717],"shapeName":"/levels/west_coast_usa/art/shapes/objects/s_sign_speedcam.dae","useInstanceRenderData":true}
{"class":"TSStatic","persistentId":"45ff1efd-79a7-46ad-826c-9469b3c0a479","__parent":"speedCamera_003","position":[-326.873718,320.657288,101.81797],"isRenderEnabled":false,"rotationMatrix":[-0.194434643,0.980915725,0,-0.980915725,-0.194434643,0,0,0,1],"shapeName":"/levels/west_coast_usa/art/shapes/objects/s_camera_pole.dae","useInstanceRenderData":true}
{"class":"TSStatic","persistentId":"e8049920-ff57-4eea-87f6-698639758644","__parent":"speedCamera_003","position":[-326.852112,320.54834,105.02729],"isRenderEnabled":false,"rotationMatrix":[-0.194434643,0.980915725,0,-0.980915725,-0.194434643,0,0,0,1],"scale":[0.717460155,1,1],"shapeName":"/levels/west_coast_usa/art/shapes/objects/s_camera_elbow.dae","useInstanceRenderData":true}
{"class":"TSStatic","persistentId":"0cea47fb-9184-410d-9bf9-ea03f2ba3cc5","__parent":"speedCamera_003","position":[-326.781647,320.223145,105.227089],"isRenderEnabled":false,"rotationMatrix":[-0.194434881,0.980915368,-1.86264515e-09,-0.980364859,-0.194325686,0.033499565,0.0328602418,0.00651348755,0.999438703],"shapeName":"/levels/west_coast_usa/art/shapes/objects/s_camera_light2.dae","useInstanceRenderData":true}
{"name":"speedTrapLight3","class":"SpotLight","persistentId":"2ccb2dec-f266-409f-852b-59b2143e0db8","__parent":"speedCamera_003","position":[-326.504303,320.263031,104.388962],"brightness":2.5,"color":[0.706376135,0.956328213,0.990281641,1],"flareScale":10,"flareType":"BNG_Sunflare_3","isEnabled":false,"outerAngle":60,"range":60,"rotationMatrix":[0.15018779,-0.987924218,-0.0380670354,0.980766296,0.153733611,-0.120263107,0.124663033,-0.0192728415,0.992011964],"shadowDarkenColor":[0,0,0,0]}
{"name":"speedTrapTrigger3","class":"BeamNGTrigger","persistentId":"8f20ac08-cc40-4201-b99b-aa27a4eabb70","__parent":"speedCamera_003","position":[-305.433258,325.221802,105.023598],"luaFunction":"onBeamNGTrigger","rotationMatrix":[-0.510731697,0.859740138,0,-0.859740138,-0.510731697,0,0,0,1],"scale":[9.5470953,9.5470953,8.0629158],"speedLimit":"15.6464","speedTrapLightName":"speedTrapLight3","speedTrapType":"speed"}
{"class":"TSStatic","persistentId":"13fd07d0-c964-4f25-8c4a-423d6a542da0","__parent":"speedCamera_003","position":[-326.850403,320.539795,105.895302],"isRenderEnabled":false,"rotationMatrix":[-0.194434643,0.980915725,0,-0.980915725,-0.194434643,0,0,0,1],"shapeName":"/levels/west_coast_usa/art/shapes/objects/s_camera_elbow.dae","useInstanceRenderData":true}
{"class":"TSStatic","persistentId":"47c5f89e-372e-4f2b-8989-084cd5b66bff","__parent":"speedCamera_003","position":[-326.850616,320.540649,104.060669],"isRenderEnabled":false,"rotationMatrix":[-0.194434643,0.980915725,0,-0.980915725,-0.194434643,0,0,0,1],"shapeName":"/levels/west_coast_usa/art/shapes/objects/s_camera_elbow.dae","useInstanceRenderData":true}
