{"class":"TSStatic","persistentId":"002bb243-89d7-41ee-b4d7-e6b0785c8c7b","__parent":"construction_2","position":[986.821838,1355.91626,143.364243],"annotation":"OBSTACLES","isRenderEnabled":false,"rotationMatrix":[1,0,0,0,-8.94069672e-08,-0.999999762,0,0.999999762,-8.94069672e-08],"shapeName":"/levels/italy/art/shapes/buildings/b_sewer_pipe_3m.DAE"}
{"class":"TSStatic","persistentId":"04abacff-38e8-4a84-b80a-d27886931348","__parent":"construction_2","position":[1016.97247,1360.68469,142.030746],"annotation":"OBSTACLES","isRenderEnabled":false,"rotationMatrix":[0.992949009,-0.118542761,0,0.118542761,0.992949009,0,0,0,1],"shapeName":"/levels/italy/art/shapes/buildings/italy_newjersey_plastic.DAE"}
{"class":"TSStatic","persistentId":"086ad4c5-f4ed-4092-95ea-2884df639e1f","__parent":"construction_2","position":[986.343628,1355.91626,142.513458],"annotation":"OBSTACLES","isRenderEnabled":false,"rotationMatrix":[-4.47034836e-07,2.30926389e-14,0.999999821,1,-8.9406953e-08,3.7252903e-07,8.9406953e-08,0.999999762,4.08562073e-14],"shapeName":"/levels/italy/art/shapes/buildings/b_sewer_pipe_3m.DAE"}
{"class":"TSStatic","persistentId":"0a59fe26-b9ca-4c6b-bb55-f5c94e908a52","__parent":"construction_2","position":[992.791809,1360.68787,142.030746],"annotation":"OBSTACLES","isRenderEnabled":false,"rotationMatrix":[0.992949009,-0.118542761,0,0.118542761,0.992949009,0,0,0,1],"shapeName":"/levels/italy/art/shapes/buildings/italy_newjersey_plastic.DAE"}
{"class":"TSStatic","persistentId":"0c94b543-ef15-4b42-ac81-db1dd1a30fa0","__parent":"construction_2","position":[1093.01465,1151.99719,153.627823],"annotation":"OBSTACLES","isRenderEnabled":false,"rotationMatrix":[0.000749930681,0.992581189,-0.121582232,-0.999999762,0.000744367251,-9.11782627e-05,7.27595501e-12,0.121582255,0.992581367],"shapeName":"/levels/italy/art/shapes/buildings/italy_newjersey_plastic.DAE"}
{"class":"TSStatic","persistentId":"1404aa94-ca1f-4ac7-b717-e0dad8bbe658","__parent":"construction_2","position":[985.351685,1355.91626,142.513458],"annotation":"OBSTACLES","isRenderEnabled":false,"rotationMatrix":[-0.866025507,2.57571793e-14,0.499999374,0.499999583,-8.94069032e-08,0.866025329,4.47034552e-08,0.999999762,7.74286448e-08],"shapeName":"/levels/italy/art/shapes/buildings/b_sewer_pipe_3m.DAE"}
{"class":"TSStatic","persistentId":"14c656ac-81b3-458b-b919-381a28f6e9ea","__parent":"construction_2","position":[1031.27478,1360.70557,142.030746],"annotation":"OBSTACLES","isRenderEnabled":false,"rotationMatrix":[-0.997187078,-0.074953787,0,0.074953787,-0.997187078,0,0,0,1],"shapeName":"/levels/italy/art/shapes/buildings/italy_newjersey_plastic.DAE"}
{"class":"TSStatic","persistentId":"1752d645-9b0d-4187-96cf-936680467649","__parent":"construction_2","position":[1032.04858,1356.13135,142.030746],"annotation":"OBSTACLES","isRenderEnabled":false,"rotationMatrix":[-0.000749989937,-0.999999762,0,0.999999762,-0.000749989995,0,0,0,1],"shapeName":"/levels/italy/art/shapes/buildings/italy_newjersey_plastic.DAE"}
{"class":"TSStatic","persistentId":"187683c9-2e92-45d0-8b89-5f802ccdc72e","__parent":"construction_2","position":[996.291687,1356.38354,141.867569],"annotation":"OBSTACLES","isRenderEnabled":false,"rotationMatrix":[0.928062916,-0.372422785,-3.08642001e-14,-3.3297205e-08,-8.29752196e-08,-0.999999762,0.372422874,0.928062737,-8.94068677e-08],"shapeName":"/levels/italy/art/shapes/buildings/b_sewer_pipe_3m.DAE"}
{"class":"TSStatic","persistentId":"1a95857e-1ecb-45e7-a927-dc3bcbc49bb9","__parent":"construction_2","position":[982.820007,1355.91626,142.512955],"annotation":"OBSTACLES","isRenderEnabled":false,"rotationMatrix":[7.9276731e-07,-1.37848687e-07,-1,-0.985217154,0.171312422,-8.04663046e-07,0.171312422,0.985217154,1.31060825e-13],"shapeName":"/levels/italy/art/shapes/buildings/b_sewer_pipe_3m.DAE"}
{"class":"TSStatic","persistentId":"1c6831a3-3915-4ade-bf61-3c44b9dc737a","__parent":"construction_2","position":[1093.06079,1141.59851,154.90155],"annotation":"OBSTACLES","isRenderEnabled":false,"rotationMatrix":[0.0455061942,-0.991553128,0.121456258,0.998964071,0.045168601,-0.00553274527,1.39698386e-09,0.12158221,0.992581367],"shapeName":"/levels/italy/art/shapes/buildings/italy_newjersey_plastic.DAE"}
{"class":"TSStatic","persistentId":"201d8f72-495a-42f0-b9b1-1444071a79fd","__parent":"construction_2","position":[991.62085,1360.70874,142.030746],"annotation":"OBSTACLES","isRenderEnabled":false,"rotationMatrix":[-0.997187078,-0.074953787,0,0.074953787,-0.997187078,0,0,0,1],"shapeName":"/levels/italy/art/shapes/buildings/italy_newjersey_plastic.DAE"}
{"class":"TSStatic","persistentId":"21ba2c64-d722-4e0c-8736-096ccb4cc5fe","__parent":"construction_2","position":[1092.99927,1142.91101,154.740799],"annotation":"OBSTACLES","isRenderEnabled":false,"rotationMatrix":[-0.0612451546,-0.990718126,0.121354006,0.998122752,-0.0607907958,0.00744632259,0,0.121582247,0.992581427],"shapeName":"/levels/italy/art/shapes/buildings/italy_newjersey_plastic.DAE"}
{"class":"TSStatic","persistentId":"22d54875-6dd8-4abc-8be4-10f54955dd3b","__parent":"construction_2","position":[1028.79468,1360.66455,142.030746],"annotation":"OBSTACLES","isRenderEnabled":false,"rotationMatrix":[-0.998122811,0.0612451583,0,-0.0612451583,-0.998122811,0,0,0,1],"shapeName":"/levels/italy/art/shapes/buildings/italy_newjersey_plastic.DAE"}
{"class":"TSStatic","persistentId":"2d8e0e9f-a0fa-4734-a4fc-a8d13c29687c","__parent":"construction_2","position":[1015.80151,1360.70557,142.030746],"annotation":"OBSTACLES","isRenderEnabled":false,"rotationMatrix":[-0.997187078,-0.074953787,0,0.074953787,-0.997187078,0,0,0,1],"shapeName":"/levels/italy/art/shapes/buildings/italy_newjersey_plastic.DAE"}
{"class":"TSStatic","persistentId":"3f3cbc60-172f-404d-b4cc-97423c5c1754","__parent":"construction_2","position":[999.506042,1360.7085,142.030746],"annotation":"OBSTACLES","isRenderEnabled":false,"rotationMatrix":[-0.998301744,0.0582557321,0,-0.0582557358,-0.998301744,0,0,0,1],"shapeName":"/levels/italy/art/shapes/buildings/italy_newjersey_plastic.DAE"}
{"class":"TSStatic","persistentId":"4a415297-59e5-405e-b837-46acd6780f55","__parent":"construction_2","position":[990.409729,1360.65222,142.030746],"annotation":"OBSTACLES","isRenderEnabled":false,"rotationMatrix":[0.999999762,-0.000749930274,0,0.000749930332,0.999999762,0,0,0,1],"shapeName":"/levels/italy/art/shapes/buildings/italy_newjersey_plastic.DAE"}
{"class":"TSStatic","persistentId":"4bb69276-3b8b-4d49-9261-0cec291368e2","__parent":"construction_2","position":[1020.9093,1360.66443,142.030746],"annotation":"OBSTACLES","isRenderEnabled":false,"rotationMatrix":[-0.998122811,0.0612451583,0,-0.0612451583,-0.998122811,0,0,0,1],"shapeName":"/levels/italy/art/shapes/buildings/italy_newjersey_plastic.DAE"}
{"class":"TSStatic","persistentId":"4d498b62-2c1d-4549-af61-65f5bc45f541","__parent":"construction_2","position":[1012.2019,1360.6676,142.030746],"annotation":"OBSTACLES","isRenderEnabled":false,"rotationMatrix":[-0.998122811,0.0612451583,0,-0.0612451583,-0.998122811,0,0,0,1],"shapeName":"/levels/italy/art/shapes/buildings/italy_newjersey_plastic.DAE"}
{"class":"TSStatic","persistentId":"4ea01e3c-1503-4aa2-b824-b1bf9dc5428f","__parent":"construction_2","position":[995.406433,1360.60596,142.030746],"annotation":"OBSTACLES","isRenderEnabled":false,"rotationMatrix":[-0.998964071,-0.045506198,0,0.045506198,-0.998964071,0,0,0,1],"shapeName":"/levels/italy/art/shapes/buildings/italy_newjersey_plastic.DAE"}
{"class":"TSStatic","persistentId":"547fdc1d-73ea-425d-893d-441a97f38be5","__parent":"construction_2","position":[998.541748,1358.35779,140.991669],"annotation":"OBSTACLES","isRenderEnabled":false,"rotationMatrix":[-2.98023366e-08,-0.126671001,-0.991944671,4.4408921e-15,-0.991944909,0.126671076,-0.999999821,3.77508602e-09,2.95622673e-08],"shapeName":"/levels/italy/art/shapes/buildings/b_sewer_pipe_4m.DAE"}
{"class":"TSStatic","persistentId":"55295d32-102b-4610-a35f-ae6e72e6e8d5","__parent":"construction_2","position":[1019.58716,1360.60278,142.030746],"annotation":"OBSTACLES","isRenderEnabled":false,"rotationMatrix":[-0.998964071,-0.045506198,0,0.045506198,-0.998964071,0,0,0,1],"shapeName":"/levels/italy/art/shapes/buildings/italy_newjersey_plastic.DAE"}
{"class":"TSStatic","persistentId":"562341bc-061e-4dbd-b6a5-ca62c6c3642d","__parent":"construction_2","position":[1000.677,1360.68799,142.030746],"annotation":"OBSTACLES","isRenderEnabled":false,"rotationMatrix":[0.992949009,-0.118542761,0,0.118542761,0.992949009,0,0,0,1],"shapeName":"/levels/italy/art/shapes/buildings/italy_newjersey_plastic.DAE"}
{"class":"TSStatic","persistentId":"56316f20-9769-400c-9ebd-68437897a9b9","__parent":"construction_2","position":[1030.06372,1360.64905,142.030746],"annotation":"OBSTACLES","isRenderEnabled":false,"rotationMatrix":[0.999999762,-0.000749930274,0,0.000749930332,0.999999762,0,0,0,1],"shapeName":"/levels/italy/art/shapes/buildings/italy_newjersey_plastic.DAE"}
{"class":"TSStatic","persistentId":"5ed3facd-185c-4cbd-a6bb-08f79a8eb0f9","__parent":"construction_2","position":[1092.95837,1145.6676,154.403137],"annotation":"OBSTACLES","isRenderEnabled":false,"rotationMatrix":[-0.0582557581,-0.990895629,0.12137574,0.998301685,-0.0578235798,0.00708286185,3.72528985e-09,0.121582232,0.992581367],"shapeName":"/levels/italy/art/shapes/buildings/italy_newjersey_plastic.DAE"}
{"class":"TSStatic","persistentId":"666f7854-d130-4182-8476-f8aabb88572d","__parent":"construction_2","position":[1018.29602,1360.67017,142.030746],"annotation":"OBSTACLES","isRenderEnabled":false,"rotationMatrix":[-0.999606669,-0.0280474424,0,0.0280474424,-0.999606669,0,0,0,1],"shapeName":"/levels/italy/art/shapes/buildings/italy_newjersey_plastic.DAE"}
{"class":"TSStatic","persistentId":"67711752-cf10-4121-8781-6a8ad7158779","__parent":"construction_2","position":[989.093262,1358.69324,142.030746],"annotation":"OBSTACLES","isRenderEnabled":false,"rotationMatrix":[0.241115674,0.970496416,0,-0.970496416,0.241115674,0,0,0,1],"shapeName":"/levels/italy/art/shapes/buildings/italy_newjersey_plastic.DAE"}
{"class":"TSStatic","persistentId":"69bd5862-78d0-4b90-89b9-fd941b4ed946","__parent":"construction_2","position":[1003.29169,1360.60596,142.030746],"annotation":"OBSTACLES","isRenderEnabled":false,"rotationMatrix":[-0.989866197,-0.14200373,0,0.142003715,-0.989866197,0,0,0,1],"shapeName":"/levels/italy/art/shapes/buildings/italy_newjersey_plastic.DAE"}
{"class":"TSStatic","persistentId":"6e10b9f8-b13c-4c5b-adc3-2ea917ca8853","__parent":"construction_2","position":[1010.50085,1358.35779,140.991669],"annotation":"OBSTACLES","isRenderEnabled":false,"rotationMatrix":[-2.98023366e-08,-0.126671001,-0.991944671,4.4408921e-15,-0.991944909,0.126671076,-0.999999821,3.77508602e-09,2.95622673e-08],"shapeName":"/levels/italy/art/shapes/buildings/b_sewer_pipe_4m.DAE"}
{"class":"TSStatic","persistentId":"736ca419-b3a6-43f7-ae03-c107ba8868cc","__parent":"construction_2","position":[1092.95325,1144.07239,154.598572],"annotation":"OBSTACLES","isRenderEnabled":false,"rotationMatrix":[0.000749930681,0.992581189,-0.121582232,-0.999999762,0.000744367251,-9.11782627e-05,7.27595501e-12,0.121582255,0.992581367],"shapeName":"/levels/italy/art/shapes/buildings/italy_newjersey_plastic.DAE"}
{"class":"TSStatic","persistentId":"8410cb34-27c7-4a24-85a6-e5b9c73c7ea6","__parent":"construction_2","position":[1019.75,1357.25,141],"annotation":"OBSTACLES","isRenderEnabled":false,"rotationMatrix":[-2.98023295e-08,0.810710669,0.585447073,4.17443857e-14,0.585447073,-0.810710669,-1,-2.41610412e-08,-1.74477197e-08],"shapeName":"/levels/italy/art/shapes/buildings/b_sewer_pipe_4m.DAE"}
{"class":"TSStatic","persistentId":"844eadd1-d291-40ea-92d8-467930c6e71c","__parent":"construction_2","position":[1023.75,1357.25,141],"annotation":"OBSTACLES","isRenderEnabled":false,"rotationMatrix":[-2.98022211e-08,-0.487912595,-0.872892499,3.55271368e-14,-0.872892499,0.487912595,-1,1.45408476e-08,2.60141526e-08],"shapeName":"/levels/italy/art/shapes/buildings/b_sewer_pipe_4m.DAE"}
{"class":"TSStatic","persistentId":"87635584-c4fd-4b9b-a374-b3868a866014","__parent":"construction_2","position":[994.115356,1360.67334,142.030746],"annotation":"OBSTACLES","isRenderEnabled":false,"rotationMatrix":[-0.999606669,-0.0280474424,0,0.0280474424,-0.999606669,0,0,0,1],"shapeName":"/levels/italy/art/shapes/buildings/italy_newjersey_plastic.DAE"}
{"class":"TSStatic","persistentId":"87dc9c0c-13d8-4bfa-8d6c-f8bf6197b8fd","__parent":"construction_2","position":[1026.50049,1358.35779,140.991669],"annotation":"OBSTACLES","isRenderEnabled":false,"rotationMatrix":[-2.98023224e-08,-0.511991084,0.858991027,3.49442697e-14,0.858991027,0.511990905,-0.999999821,1.52585553e-08,-2.55999328e-08],"shapeName":"/levels/italy/art/shapes/buildings/b_sewer_pipe_4m.DAE"}
{"class":"TSStatic","persistentId":"8b2ba2f5-519a-4188-ac88-15f8bd36ffe2","__parent":"construction_2","position":[1026.75,1354.75,141],"annotation":"OBSTACLES","isRenderEnabled":false,"rotationMatrix":[-1,-5.96046306e-08,-3.55271368e-14,-4.4408921e-14,1.49011612e-07,1,-5.96046306e-08,1,-1.49011612e-07],"shapeName":"/levels/italy/art/shapes/buildings/b_sewer_pipe_curve_b.DAE"}
{"class":"TSStatic","persistentId":"94a60a70-ac4f-4ef3-b82b-26aa12d68788","__parent":"construction_2","position":[1009.58862,1360.67334,142.030746],"annotation":"OBSTACLES","isRenderEnabled":false,"rotationMatrix":[-0.999606669,-0.0280474424,0,0.0280474424,-0.999606669,0,0,0,1],"shapeName":"/levels/italy/art/shapes/buildings/italy_newjersey_plastic.DAE"}
{"class":"TSStatic","persistentId":"979ea46f-18e7-4e5a-8938-9bbdf7ea1c04","__parent":"construction_2","position":[985.843079,1355.91626,143.363342],"annotation":"OBSTACLES","isRenderEnabled":false,"rotationMatrix":[-1,1.24344945e-14,8.94069458e-08,8.94069458e-08,-8.94071803e-08,1,2.04281172e-14,1,8.94071803e-08],"shapeName":"/levels/italy/art/shapes/buildings/b_sewer_pipe_3m.DAE"}
{"class":"TSStatic","persistentId":"98e1e6f9-aa10-496c-9cf7-a06fde7059e7","__parent":"construction_2","position":[1093.06079,1149.42566,153.942886],"annotation":"OBSTACLES","isRenderEnabled":false,"rotationMatrix":[0.142004192,-0.982522607,0.1203501,0.989866018,0.14095071,-0.0172651839,1.86264515e-09,0.121582203,0.992581367],"shapeName":"/levels/italy/art/shapes/buildings/italy_newjersey_plastic.DAE"}
{"class":"TSStatic","persistentId":"99695815-49d4-43b3-b34d-499793e3a947","__parent":"construction_2","position":[1002.00049,1360.67322,142.030746],"annotation":"OBSTACLES","isRenderEnabled":false,"rotationMatrix":[0.996394277,0.0848441496,0,-0.0848441496,0.996394277,0,0,0,1],"shapeName":"/levels/italy/art/shapes/buildings/italy_newjersey_plastic.DAE"}
{"class":"TSStatic","persistentId":"9d5b1b7e-aa61-447c-9454-ec66bf8a04d9","__parent":"construction_2","position":[1013.37213,1360.71375,142.030746],"annotation":"OBSTACLES","isRenderEnabled":false,"rotationMatrix":[0.999999762,-0.000749930274,0,0.000749930332,0.999999762,0,0,0,1],"shapeName":"/levels/italy/art/shapes/buildings/italy_newjersey_plastic.DAE"}
{"class":"TSStatic","persistentId":"9e66fc28-3875-4a4a-90b1-69f7b8500465","__parent":"construction_2","position":[1007.09412,1360.70874,142.030746],"annotation":"OBSTACLES","isRenderEnabled":false,"rotationMatrix":[-0.997187078,-0.074953787,0,0.074953787,-0.997187078,0,0,0,1],"shapeName":"/levels/italy/art/shapes/buildings/italy_newjersey_plastic.DAE"}
{"class":"TSStatic","persistentId":"a2c8e873-cfa0-48b9-bbe0-04e41b8aa69d","__parent":"construction_2","position":[1010.8797,1360.60596,142.030746],"annotation":"OBSTACLES","isRenderEnabled":false,"rotationMatrix":[-0.998964071,-0.045506198,0,0.045506198,-0.998964071,0,0,0,1],"shapeName":"/levels/italy/art/shapes/buildings/italy_newjersey_plastic.DAE"}
{"class":"TSStatic","persistentId":"a3bcaf5d-556d-4f33-94ec-dfe25c034f9b","__parent":"construction_2","position":[1018.50085,1358.35779,140.991669],"annotation":"OBSTACLES","isRenderEnabled":false,"rotationMatrix":[-2.98023224e-08,0,0.999999821,0,1,0,-0.999999821,0,-2.98023224e-08],"shapeName":"/levels/italy/art/shapes/buildings/b_sewer_pipe_4m.DAE"}
{"class":"TSStatic","persistentId":"a67de025-b94e-4f17-9542-5c5ba954299d","__parent":"construction_2","position":[1092.99915,1150.73767,153.782104],"annotation":"OBSTACLES","isRenderEnabled":false,"rotationMatrix":[-0.0612451546,-0.990718126,0.121354006,0.998122752,-0.0607907958,0.00744632259,0,0.121582247,0.992581427],"shapeName":"/levels/italy/art/shapes/buildings/italy_newjersey_plastic.DAE"}
{"class":"TSStatic","persistentId":"acb28809-59bd-477b-a601-f07e42a5c3f8","__parent":"construction_2","position":[1092.99353,1148.14355,154.099869],"annotation":"OBSTACLES","isRenderEnabled":false,"rotationMatrix":[-0.0848437101,0.989002466,-0.121143825,-0.996394336,-0.0842142776,0.0103154872,1.86264493e-09,0.121582218,0.992581427],"shapeName":"/levels/italy/art/shapes/buildings/italy_newjersey_plastic.DAE"}
{"class":"TSStatic","persistentId":"ad48f63c-04b4-49d5-87a7-86ff41d4c4dc","__parent":"construction_2","position":[1028.22656,1360.85779,140.991669],"annotation":"OBSTACLES","isRenderEnabled":false,"rotationMatrix":[1,0,0,0,-1.34110451e-07,0.999999642,0,-0.999999642,-1.34110451e-07],"shapeName":"/levels/italy/art/shapes/buildings/b_sewer_pipe_curve_b.DAE"}
{"class":"TSStatic","persistentId":"af36313c-8ec4-4736-93e6-2aba1333d87a","__parent":"construction_2","position":[1011.75,1357.25,141],"annotation":"OBSTACLES","isRenderEnabled":false,"rotationMatrix":[-2.98023135e-08,-0.866025627,-0.499999821,1.77635663e-15,-0.499999821,0.866025567,-1,2.58095607e-08,1.49011496e-08],"shapeName":"/levels/italy/art/shapes/buildings/b_sewer_pipe_4m.DAE"}
{"class":"TSStatic","persistentId":"b349f10c-2f30-4a7a-a85c-080c9060ad15","__parent":"construction_2","position":[1014.59039,1360.64905,142.030746],"annotation":"OBSTACLES","isRenderEnabled":false,"rotationMatrix":[0.999999762,-0.000749930274,0,0.000749930332,0.999999762,0,0,0,1],"shapeName":"/levels/italy/art/shapes/buildings/italy_newjersey_plastic.DAE"}
{"class":"TSStatic","persistentId":"b8403344-ca75-4c5a-b799-08f2b638e9dd","__parent":"construction_2","position":[1015.75,1357.25,141],"annotation":"OBSTACLES","isRenderEnabled":false,"rotationMatrix":[-2.98023135e-08,-0.866025627,-0.499999821,1.77635663e-15,-0.499999821,0.866025567,-1,2.58095607e-08,1.49011496e-08],"shapeName":"/levels/italy/art/shapes/buildings/b_sewer_pipe_4m.DAE"}
{"class":"TSStatic","persistentId":"b9b7c5c4-7e47-4e0b-b405-a262cb352bdd","__parent":"construction_2","position":[996.728638,1360.6676,142.030746],"annotation":"OBSTACLES","isRenderEnabled":false,"rotationMatrix":[-0.998122811,0.0612451583,0,-0.0612451583,-0.998122811,0,0,0,1],"shapeName":"/levels/italy/art/shapes/buildings/italy_newjersey_plastic.DAE"}
{"class":"TSStatic","persistentId":"bad454c8-9279-420d-95fa-bf6124407949","__parent":"construction_2","position":[1014.50085,1358.35779,140.991669],"annotation":"OBSTACLES","isRenderEnabled":false,"rotationMatrix":[-2.98023224e-08,0,0.999999821,0,1,0,-0.999999821,0,-2.98023224e-08],"shapeName":"/levels/italy/art/shapes/buildings/b_sewer_pipe_4m.DAE"}
{"class":"TSStatic","persistentId":"bca0dce0-ed5a-408d-937d-a2dd8da58079","__parent":"construction_2","position":[989.52594,1359.91162,142.030746],"annotation":"OBSTACLES","isRenderEnabled":false,"rotationMatrix":[0.258033127,0.966136098,0,-0.966136098,0.258033127,0,0,0,1],"shapeName":"/levels/italy/art/shapes/buildings/italy_newjersey_plastic.DAE"}
{"class":"TSStatic","persistentId":"bd608edf-872d-4b21-8b11-47f5b1ec7ff5","__parent":"construction_2","position":[1022.07959,1360.71057,142.030746],"annotation":"OBSTACLES","isRenderEnabled":false,"rotationMatrix":[0.999999762,-0.000749930274,0,0.000749930332,0.999999762,0,0,0,1],"shapeName":"/levels/italy/art/shapes/buildings/italy_newjersey_plastic.DAE"}
{"class":"TSStatic","persistentId":"be625382-ea9f-4578-a3f9-1dc6874f4f87","__parent":"construction_2","position":[988.775452,1357.40845,142.030746],"annotation":"OBSTACLES","isRenderEnabled":false,"rotationMatrix":[0.343199492,0.939262569,0,-0.939262569,0.343199492,0,0,0,1],"shapeName":"/levels/italy/art/shapes/buildings/italy_newjersey_plastic.DAE"}
{"class":"TSStatic","persistentId":"bf19c52c-fa65-454a-93bd-b09c82a23fd7","__parent":"construction_2","position":[1032.0083,1359.91467,142.030746],"annotation":"OBSTACLES","isRenderEnabled":false,"rotationMatrix":[-0.0280478522,0.999606609,0,-0.999606609,-0.0280478522,0,0,0,1],"shapeName":"/levels/italy/art/shapes/buildings/italy_newjersey_plastic.DAE"}
{"class":"TSStatic","persistentId":"c8284e20-eba4-48c9-979a-3aa7eec34cb3","__parent":"construction_2","position":[1026.18115,1360.67004,142.030746],"annotation":"OBSTACLES","isRenderEnabled":false,"rotationMatrix":[0.996394277,0.0848441496,0,-0.0848441496,0.996394277,0,0,0,1],"shapeName":"/levels/italy/art/shapes/buildings/italy_newjersey_plastic.DAE"}
{"class":"TSStatic","persistentId":"c87020e2-19bc-44a4-8d71-39be09ac2a4e","__parent":"construction_2","position":[1006.50085,1358.35779,140.991669],"annotation":"OBSTACLES","isRenderEnabled":false,"rotationMatrix":[-2.98023224e-08,0.101656988,-0.994819045,2.30371278e-14,-0.994819164,-0.10165704,-0.999999821,-3.02964032e-09,2.96479143e-08],"shapeName":"/levels/italy/art/shapes/buildings/b_sewer_pipe_4m.DAE"}
{"class":"TSStatic","persistentId":"ca9e121f-5db7-485e-a007-a9856638b0f3","__parent":"construction_2","position":[1023.68677,1360.70532,142.030746],"annotation":"OBSTACLES","isRenderEnabled":false,"rotationMatrix":[-0.998301744,0.0582557321,0,-0.0582557358,-0.998301744,0,0,0,1],"shapeName":"/levels/italy/art/shapes/buildings/italy_newjersey_plastic.DAE"}
{"class":"TSStatic","persistentId":"cca8541f-7163-4154-a339-a63b5a010dd4","__parent":"construction_2","position":[1003.75,1357.25,141],"annotation":"OBSTACLES","isRenderEnabled":false,"rotationMatrix":[-2.98023295e-08,0.810710669,0.585447073,4.17443857e-14,0.585447073,-0.810710669,-1,-2.41610412e-08,-1.74477197e-08],"shapeName":"/levels/italy/art/shapes/buildings/b_sewer_pipe_4m.DAE"}
{"class":"TSStatic","persistentId":"cf1f58fb-4438-4da5-9620-790b9df34c85","__parent":"construction_2","position":[1007.75,1357.25,141],"annotation":"OBSTACLES","isRenderEnabled":false,"rotationMatrix":[-2.98023082e-08,0.922385037,0.386271596,2.6645339e-14,0.386271596,-0.922385097,-1,-2.74891949e-08,-1.15118102e-08],"shapeName":"/levels/italy/art/shapes/buildings/b_sewer_pipe_4m.DAE"}
{"class":"TSStatic","persistentId":"d0092f01-0062-40d8-9ed0-daba4088f302","__parent":"construction_2","position":[1004.61395,1360.66772,142.030746],"annotation":"OBSTACLES","isRenderEnabled":false,"rotationMatrix":[-0.998122811,0.0612451583,0,-0.0612451583,-0.998122811,0,0,0,1],"shapeName":"/levels/italy/art/shapes/buildings/italy_newjersey_plastic.DAE"}
{"class":"TSStatic","persistentId":"d20ce7b0-9d9b-49b1-8171-a605972dc3e2","__parent":"construction_2","position":[997.898865,1360.71375,142.030746],"annotation":"OBSTACLES","isRenderEnabled":false,"rotationMatrix":[0.999999762,-0.000749930274,0,0.000749930332,0.999999762,0,0,0,1],"shapeName":"/levels/italy/art/shapes/buildings/italy_newjersey_plastic.DAE"}
{"class":"TSStatic","persistentId":"d5469a5a-6d2c-4516-aa5c-cdcf05f48fff","__parent":"construction_2","position":[987.324158,1355.91626,142.513458],"annotation":"OBSTACLES","isRenderEnabled":false,"rotationMatrix":[-0.866025507,2.57571793e-14,0.499999374,0.499999583,-8.94069032e-08,0.866025329,4.47034552e-08,0.999999762,7.74286448e-08],"shapeName":"/levels/italy/art/shapes/buildings/b_sewer_pipe_3m.DAE"}
{"class":"TSStatic","persistentId":"d743bec2-e264-4ba7-9ddd-c2d67964b6b8","__parent":"construction_2","position":[984.371155,1355.91626,142.513458],"annotation":"OBSTACLES","isRenderEnabled":false,"rotationMatrix":[-4.47034836e-07,2.30926389e-14,0.999999821,1,-8.9406953e-08,3.7252903e-07,8.9406953e-08,0.999999762,4.08562073e-14],"shapeName":"/levels/italy/art/shapes/buildings/b_sewer_pipe_3m.DAE"}
{"class":"TSStatic","persistentId":"d82fbe1a-76ef-433d-b89a-d221e6ffb607","__parent":"construction_2","position":[1032.00244,1357.30151,142.030746],"annotation":"OBSTACLES","isRenderEnabled":false,"rotationMatrix":[0.0612453818,0.998122752,0,-0.998122752,0.0612453818,0,0,0,1],"shapeName":"/levels/italy/art/shapes/buildings/italy_newjersey_plastic.DAE"}
{"class":"TSStatic","persistentId":"d928553a-3c6d-447d-811e-abfea66c2163","__parent":"construction_2","position":[1002.54175,1358.35779,140.991669],"annotation":"OBSTACLES","isRenderEnabled":false,"rotationMatrix":[-2.98023224e-08,0,0.999999821,0,1,0,-0.999999821,0,-2.98023224e-08],"shapeName":"/levels/italy/art/shapes/buildings/b_sewer_pipe_4m.DAE"}
{"class":"TSStatic","persistentId":"d9f36bcf-bb73-4f4e-8136-7e9331d1419b","__parent":"construction_2","position":[1027.47241,1360.60278,142.030746],"annotation":"OBSTACLES","isRenderEnabled":false,"rotationMatrix":[-0.989866197,-0.14200373,0,0.142003715,-0.989866197,0,0,0,1],"shapeName":"/levels/italy/art/shapes/buildings/italy_newjersey_plastic.DAE"}
{"class":"TSStatic","persistentId":"da642d16-251a-4dba-8da3-e8fa37c7d30c","__parent":"construction_2","position":[1024.85767,1360.68481,142.030746],"annotation":"OBSTACLES","isRenderEnabled":false,"rotationMatrix":[0.992949009,-0.118542761,0,0.118542761,0.992949009,0,0,0,1],"shapeName":"/levels/italy/art/shapes/buildings/italy_newjersey_plastic.DAE"}
{"class":"TSStatic","persistentId":"dd7667a1-9c64-4b2e-aa12-fee65d0c1a7c","__parent":"construction_2","position":[999.75,1357.25,141],"annotation":"OBSTACLES","isRenderEnabled":false,"rotationMatrix":[-2.98023135e-08,-0.866025627,-0.499999821,1.77635663e-15,-0.499999821,0.866025567,-1,2.58095607e-08,1.49011496e-08],"shapeName":"/levels/italy/art/shapes/buildings/b_sewer_pipe_4m.DAE"}
{"class":"TSStatic","persistentId":"e080441b-88da-4875-81ae-60b45710e19a","__parent":"construction_2","position":[1031.9408,1358.62366,142.030746],"annotation":"OBSTACLES","isRenderEnabled":false,"rotationMatrix":[-0.0455063581,0.998964071,0,-0.998964071,-0.0455063581,0,0,0,1],"shapeName":"/levels/italy/art/shapes/buildings/italy_newjersey_plastic.DAE"}
{"class":"TSStatic","persistentId":"e1efa4c7-1c77-4ec9-9fca-58fa8f0c7178","__parent":"construction_2","position":[995.75,1357.25,141],"annotation":"OBSTACLES","isRenderEnabled":false,"rotationMatrix":[-2.98023082e-08,0.922385037,0.386271596,2.6645339e-14,0.386271596,-0.922385097,-1,-2.74891949e-08,-1.15118102e-08],"shapeName":"/levels/italy/art/shapes/buildings/b_sewer_pipe_4m.DAE"}
{"class":"TSStatic","persistentId":"e318bb7b-6000-4302-8a11-eb8ab55561bc","__parent":"construction_2","position":[994.541748,1358.35779,140.991669],"annotation":"OBSTACLES","isRenderEnabled":false,"rotationMatrix":[-2.98023224e-08,0.101656988,-0.994819045,2.30371278e-14,-0.994819164,-0.10165704,-0.999999821,-3.02964032e-09,2.96479143e-08],"shapeName":"/levels/italy/art/shapes/buildings/b_sewer_pipe_4m.DAE"}
{"class":"TSStatic","persistentId":"e6c48710-e7cf-4c9e-82d5-0f4ff7be99af","__parent":"construction_2","position":[1005.883,1360.65222,142.030746],"annotation":"OBSTACLES","isRenderEnabled":false,"rotationMatrix":[0.999999762,-0.000749930274,0,0.000749930332,0.999999762,0,0,0,1],"shapeName":"/levels/italy/art/shapes/buildings/italy_newjersey_plastic.DAE"}
{"class":"TSStatic","persistentId":"eadd8f20-11a1-406d-98c9-0f7079690a45","__parent":"construction_2","position":[1028.5,1357.25,141],"annotation":"OBSTACLES","isRenderEnabled":false,"rotationMatrix":[1.71363482e-07,-0.487912655,0.872892499,-3.42726196e-07,-0.872892499,-0.487912655,1,-2.15552717e-07,-3.168023e-07],"shapeName":"/levels/italy/art/shapes/buildings/b_sewer_pipe_4m.DAE"}
{"class":"TSStatic","persistentId":"ef2d7fd3-a682-4408-aa1b-1a5bd9a31ceb","__parent":"construction_2","position":[1025.5,1354.75,141],"annotation":"OBSTACLES","isRenderEnabled":false,"rotationMatrix":[1,0,0,0,-1.49011612e-08,-0.999999762,0,0.999999762,-1.49011612e-08],"shapeName":"/levels/italy/art/shapes/buildings/b_sewer_pipe_curve_b.DAE"}
{"class":"TSStatic","persistentId":"f5159645-9434-40a7-88ae-ed43886d7f6c","__parent":"construction_2","position":[1008.26508,1360.68787,142.030746],"annotation":"OBSTACLES","isRenderEnabled":false,"rotationMatrix":[0.992949009,-0.118542761,0,0.118542761,0.992949009,0,0,0,1],"shapeName":"/levels/italy/art/shapes/buildings/italy_newjersey_plastic.DAE"}
{"class":"TSStatic","persistentId":"fdef4949-81e1-4512-9390-17518e6dfe94","__parent":"construction_2","position":[988.486084,1356.2738,142.030746],"annotation":"OBSTACLES","isRenderEnabled":false,"rotationMatrix":[-0.285748392,-0.958304644,0,0.958304703,-0.285748392,0,0,0,1],"shapeName":"/levels/italy/art/shapes/buildings/italy_newjersey_plastic.DAE"}
{"class":"TSStatic","persistentId":"fe159405-710d-4b8c-bf90-17b22b77e0ef","__parent":"construction_2","position":[1022.50061,1358.35779,140.991669],"annotation":"OBSTACLES","isRenderEnabled":false,"rotationMatrix":[-2.98023224e-08,0.101656988,-0.994819045,2.30371278e-14,-0.994819164,-0.10165704,-0.999999821,-3.02964032e-09,2.96479143e-08],"shapeName":"/levels/italy/art/shapes/buildings/b_sewer_pipe_4m.DAE"}
