id=1
list=barnfind_all
slotp=610.60546875,1629.8909912109,74.868957519531
slotr=0.0033661632650434,0.0022200582565259,-0.72722956543542,0.68638247314658