id=2
list=barnfind_all
slotp=303.47039794922,-135.36688232422,144.09672546387
slotr=-0.00033655816732042,-0.0041347873215152,0.99918308144957,-0.040199005054087