id=0
list=barnfind_all
slotp=-527.48876953125,59.952831268311,99.700393676758
slotr=0.0037322387340304,-0.001852315841073,0.37902001247909,0.92537909499859