hours=14,19
id=6
pspos=376.20327758789,1649.9488525391,75.074493408203
psrot=0.0050492859192693,-0.00061143423755376,0.68731017792835,0.72634623298808
slots=4
slotp1=376.07379150391,1653.3817138672,75.07462310791
slotr1=0.005042370356522,-0.00060976179283864,0.68730990516048,0.72634654054387
slotp2=375.92834472656,1656.6026611328,75.074600219727
slotr2=0.0050381735214728,-0.00061362868142259,0.68730617360192,0.72635009740214
slotp3=375.78091430664,1659.8135986328,75.074577331543
slotr3=0.0050410266113097,-0.00062495814748615,0.68730994290938,0.72634650123472
slotp4=375.57870483398,1662.9750976563,75.074569702148
slotr4=0.0050313268347267,-0.00062633770941621,0.68730834679082,0.72634807763429