hours=7.5,12.5
id=5
pspos=204.81025695801,-329.62255859375,143.59205627441
psrot=0.013267073495468,0.027700527440128,0.74279894125764,0.66880968773406
slots=4
slotp1=204.34580993652,-332.36639404297,143.72344970703
slotr1=0.0083627256305035,0.025459686705092,0.75158877390354,0.65908738731301
slotp2=203.9748840332,-335.02081298828,143.84492492676
slotr2=0.010169646954942,0.025300150355446,0.75168875182446,0.65895409631733
slotp3=203.56478881836,-337.79537963867,143.94602966309
slotr3=0.0066351245594088,0.021232893794414,0.7517078012203,0.65912102145792
slotp4=203.13397216797,-340.42108154297,144.02096557617
slotr4=0.0036213391800052,0.019477387084144,0.75173322358114,0.65916968821331