club=westCoastDragCRaceClub
opsp=174.95330810547,849.68792724609,102.3263092041
opsr=-0.0078543555404419,-0.0015079845325449,-0.095355806043863,0.99541112377521
pspos=179.5389251709,849.55682373047,102.29914093018
psrot=-0.0082123956233314,-0.0017255324832059,-0.093643660420095,0.99557041135165
psscl=3.5,6.2,10
cname=Bridge Drag Racing Club
hours=20,7
restricted=0
id=17