club=westCoastIslandRaceClub
opsp=-1046.2608642578,1906.7340087891,92.1767578125
opsr=-0.0077558403263001,-0.032329979259588,0.80869204669309,0.58729191463637
pspos=-1048.1285400391,1903.5572509766,92.011260986328
psrot=-0.011105761307322,-0.033319509673181,0.80631701394638,0.5904399591504
psscl=3.5,5.8,10
cname=Island Racing Club
hours=0,0