club=westCoastServiceStationRaceClub
opsp=866.21173095703,-517.93756103516,164.41232299805
opsr=0.024396371792913,-0.029265068182133,0.068918174291666,0.99689450699657
pspos=870.736328125,-519.54705810547,164.14045715332
psrot=0.023689292769316,-0.041475500070774,0.063309748982515,0.99685027761733
psscl=3.5,6.2,10
cname=Service Station Racing Club
hours=0,0
restricted=1