club=westCoastDragARaceClub
opsp=-854.38110351563,-516.47082519531,106.61130523682
opsr=0.0027252546446192,-0.0018728692414219,0.38709910429759,0.92203218425385
pspos=-849.26287841797,-521.88171386719,106.6169052124
psrot=0.0040224169980456,-2.2107939033222e-05,0.38472884384729,0.92302087537859
psscl=3.5,6.2,10
cname=Highway Drag Racing Club
hours=0,0
restricted=1