club=westCoastDragBRaceClub
opsp=-196.33335876465,-152.0090637207,119.59153747559
opsr=0.0035381277410351,-0.0021363056677965,0.4507819461477,0.89262453185955
pspos=-191.70835876465,-159.8524017334,119.59171295166
psrot=0.00412476737654,-0.002352426325558,0.45720640917585,0.88934793629546
psscl=3.5,6.2,10
cname=Dragstrip Race Club
hours=0,0
draglights=1
restricted=1