{"name":"angledParkingLines","class":"SimGroup","persistentId":"c63ee12b-adf8-4ac4-97d6-2700769e1525","__parent":"truckGarage"}
{"class":"DecalRoad","persistentId":"5d0ec1cc-3440-4f7f-a0b1-a9caf52582b8","__parent":"truckGarage","position":[-196.841415,-20.6718845,120.839745],"detail":0.200000003,"distanceFade":[200,50],"improvedSpline":true,"material":"gutter1","nodes":[[-196.841415,-20.6718845,120.839745,0.580000043],[-196.956833,-20.1420231,120.839745,0.580000043],[-197.078491,-19.0210915,120.839745,0.580000043]],"renderPriority":6,"textureLength":16,"useTemplate":"true"}
{"class":"DecalRoad","persistentId":"0139a10b-8bdd-4541-a43e-5902210e9ef6","__parent":"truckGarage","position":[-196.09079,-27.8734989,120.839745],"detail":0.200000003,"distanceFade":[200,50],"improvedSpline":true,"material":"gutter1","nodes":[[-196.09079,-27.8734989,120.839745,0.580000043],[-195.200256,-27.6052666,120.839745,0.580000043],[-195.116608,-26.9341431,120.839745,0.580000043],[-195.324142,-25.6282158,120.839745,0.580000043],[-195.784119,-22.1517601,120.839745,0.580000043],[-196.067383,-20.9280281,120.839745,0.580000043],[-197.09053,-20.870924,120.839745,0.580000043]],"renderPriority":7,"textureLength":16,"useTemplate":"true"}
{"class":"DecalRoad","persistentId":"95f0efa8-bd05-4f6e-aab2-56c0687b53b0","__parent":"truckGarage","position":[-195.410522,-30.6205883,120.839745],"detail":0.200000003,"distanceFade":[200,50],"improvedSpline":true,"material":"gutter1","nodes":[[-195.410522,-30.6205883,120.839745,0.580000043],[-195.561142,-29.8608818,120.839745,0.580000043],[-195.671783,-28.9296875,120.839745,0.580000043],[-195.801788,-28.0357227,120.839745,0.580000043]],"renderPriority":6,"textureLength":16,"useTemplate":"true"}
{"class":"DecalRoad","persistentId":"a689a588-13a0-41b4-9e63-80a7a96d9616","__parent":"truckGarage","position":[-194.765991,-37.8990669,120.839745],"detail":0.200000003,"distanceFade":[200,50],"improvedSpline":true,"material":"gutter1","nodes":[[-194.765991,-37.8990669,120.839745,0.580000043],[-193.803055,-37.5317268,120.839745,0.580000043],[-193.856049,-36.5214806,120.839745,0.580000043],[-194.16774,-34.1394653,120.839745,0.580000043],[-194.506302,-31.8033829,120.839745,0.580000043],[-194.750977,-30.8646011,120.839745,0.580000043],[-195.703613,-30.8419514,120.839745,0.580000043]],"renderPriority":7,"textureLength":16,"useTemplate":"true"}
{"class":"DecalRoad","persistentId":"b2ac5373-cfba-4b9c-ab64-061ea861328d","__parent":"truckGarage","position":[-235.967346,-33.4754868,120.839745],"detail":0.200000003,"distanceFade":[200,50],"improvedSpline":true,"material":"gutter1","nodes":[[-235.967346,-33.4754868,120.839745,0.580000043],[-235.821762,-34.4356804,120.839745,0.580000043]],"renderPriority":6,"textureLength":16,"useTemplate":"true"}
{"class":"DecalRoad","persistentId":"b968f34d-d874-4f0a-a819-eb265e4e4a7d","__parent":"truckGarage","position":[-236.533859,-26.2950783,120.827599],"detail":0.200000003,"distanceFade":[200,50],"improvedSpline":true,"material":"gutter1","nodes":[[-236.533859,-26.2950783,120.827599,0.580000043],[-237.459122,-26.7338123,120.818123,0.580000043],[-237.356537,-27.9378319,120.825539,0.580000043],[-237.06279,-30.1767368,120.839745,0.580000043],[-236.81575,-32.138607,120.839745,0.580000043],[-236.581833,-33.1044235,120.839745,0.580000043],[-235.730652,-33.2903099,120.839745,0.580000043]],"renderPriority":6,"textureLength":16,"useTemplate":"true"}
{"class":"TSStatic","persistentId":"c9cb1230-5f98-44a2-b507-7d9d875b9f85","__parent":"truckGarage","position":[-241.091599,-37.5848236,120.839752],"isRenderEnabled":false,"rotationMatrix":[-0.110852599,0.993836999,0,-0.993836999,-0.110852599,0,0,0,1],"shapeName":"/art/shapes/garage_and_dealership/garage/s_office_bench.dae","useInstanceRenderData":true}
{"class":"TSStatic","persistentId":"fe3d84cc-0e6c-497e-aafb-2dc332672dc6","__parent":"truckGarage","position":[-240.937241,-38.9689178,120.839752],"isRenderEnabled":false,"rotationMatrix":[-0.155336261,0.987861514,0,-0.987861514,-0.155336261,0,0,0,1],"shapeName":"/art/shapes/garage_and_dealership/garage/s_office_bench.dae","useInstanceRenderData":true}
{"class":"TSStatic","persistentId":"f9e885df-1f03-4a77-993b-93be0416b83d","__parent":"truckGarage","position":[-240.699097,-40.4833755,120.839752],"isRenderEnabled":false,"rotationMatrix":[-0.155336261,0.987861514,0,-0.987861514,-0.155336261,0,0,0,1],"shapeName":"/art/shapes/garage_and_dealership/garage/s_office_bench.dae","useInstanceRenderData":true}
{"class":"TSStatic","persistentId":"e43f4e35-088f-4c2f-8abc-92da43d662ac","__parent":"truckGarage","position":[-240.440353,-42.1288109,120.839752],"isRenderEnabled":false,"rotationMatrix":[-0.155336261,0.987861514,0,-0.987861514,-0.155336261,0,0,0,1],"shapeName":"/art/shapes/garage_and_dealership/garage/s_office_bench.dae","useInstanceRenderData":true}
{"class":"TSStatic","persistentId":"cceae949-0cec-4453-a507-3a14d40f852b","__parent":"truckGarage","position":[-239.662231,-36.8346939,120.891205],"isRenderEnabled":false,"rotationMatrix":[0.591552198,0.806266725,0,-0.806266725,0.591552198,0,0,0,1],"shapeName":"/art/shapes/garage_and_dealership/s_flag_floor_feather_01.dae","useInstanceRenderData":true}
{"class":"TSStatic","persistentId":"365ddec4-6131-428d-a118-8c79c4913b29","__parent":"truckGarage","position":[-235.097977,-38.701561,120.890541],"isRenderEnabled":false,"rotationMatrix":[0.103722274,-0.994606256,0,0.994606256,0.103722274,0,0,0,1],"shapeName":"/art/shapes/garage_and_dealership/garage/s_office_desk.dae","useInstanceRenderData":true}
{"class":"TSStatic","persistentId":"f62903d7-c28a-49d2-b289-31e89d8dad0e","__parent":"truckGarage","position":[-256.697632,-62.7936172,120.84359],"decalType":"None","isRenderEnabled":false,"rotationMatrix":[0.989960968,0.141341075,4.36557457e-11,-0.141340777,0.989958882,-0.00205995562,-0.000291156408,0.0020392756,0.999997854],"shapeName":"/levels/west_coast_usa/art/shapes/objects/s_curb.dae","useInstanceRenderData":true}
{"class":"TSStatic","persistentId":"3da2729c-c5ba-41e4-8c20-d8ec203602ad","__parent":"truckGarage","position":[-256.945251,-59.8306084,120.837471],"decalType":"None","isRenderEnabled":false,"rotationMatrix":[0.996079206,0.0884654969,0.000109609486,-0.0884650797,0.99607718,-0.00205703685,-0.000291156321,0.00203927513,0.999997854],"shapeName":"/levels/west_coast_usa/art/shapes/objects/s_curb.dae","useInstanceRenderData":true}
{"class":"TSStatic","persistentId":"9be4a572-3970-47b7-baf4-351d25cb2c96","__parent":"truckGarage","position":[-257.050659,-56.7888145,120.843025],"decalType":"None","isRenderEnabled":false,"rotationMatrix":[0.997093678,0.0761852041,0.000134947768,-0.076184772,0.997091591,-0.00205552974,-0.000291156262,0.0020392749,0.999997854],"shapeName":"/levels/west_coast_usa/art/shapes/objects/s_curb.dae","useInstanceRenderData":true}
{"class":"TSStatic","persistentId":"0e742324-e4f2-445f-82c5-69a8775efd38","__parent":"truckGarage","position":[-257.285339,-53.7172241,120.835983],"decalType":"None","isRenderEnabled":false,"rotationMatrix":[0.997093678,0.0761852041,0.000134947768,-0.076184772,0.997091591,-0.00205552974,-0.000291156262,0.0020392749,0.999997854],"shapeName":"/levels/west_coast_usa/art/shapes/objects/s_curb.dae","useInstanceRenderData":true}
{"class":"TSStatic","persistentId":"e9b1f026-3d29-4d10-9629-5bc65b84ade6","__parent":"truckGarage","position":[-257.509247,-50.7866058,120.831093],"decalType":"None","isRenderEnabled":false,"rotationMatrix":[0.991032541,0.133620426,-0.000259666995,-0.133619085,0.991009235,-0.00682785176,-0.000655008247,0.00680132024,0.999976635],"shapeName":"/levels/west_coast_usa/art/shapes/objects/s_curb.dae","useInstanceRenderData":true}
{"class":"TSStatic","persistentId":"21a9383b-1bfd-49d2-9053-a619a96591ee","__parent":"truckGarage","position":[-257.900421,-47.6474571,120.722969],"decalType":"None","isRenderEnabled":false,"rotationMatrix":[0.998324633,0.0578527264,0.00101252599,-0.0577386804,0.997191489,-0.0477009453,-0.00376931205,0.0475625657,0.998861134],"shapeName":"/levels/west_coast_usa/art/shapes/objects/s_curb.dae","useInstanceRenderData":true}
{"class":"TSStatic","persistentId":"f31a07ae-072d-4f20-805a-f44f999ebb31","__parent":"truckGarage","position":[-167.823059,-28.7845726,120.888397],"decalType":"None","isRenderEnabled":false,"rotationMatrix":[0.808576465,0.588381886,-0.00331059075,-0.588385701,0.808580399,-0.000244532712,0.0025330002,0.00214562751,0.999994516],"shapeName":"/levels/west_coast_usa/art/shapes/objects/s_curb.dae","useInstanceRenderData":true}
{"class":"TSStatic","persistentId":"6ed82444-1377-4214-846c-8035de4f81fc","__parent":"truckGarage","position":[-169.621231,-26.6248035,120.888313],"decalType":"None","isRenderEnabled":false,"rotationMatrix":[0.780683041,0.624918282,-0.00331833027,-0.624921978,0.780687213,-9.21371393e-05,0.0025329995,0.00214562751,0.999994516],"shapeName":"/levels/west_coast_usa/art/shapes/objects/s_curb.dae","useInstanceRenderData":true}
{"class":"TSStatic","persistentId":"415b61d3-c9ec-4266-81fc-14816077eb13","__parent":"truckGarage","position":[-171.175644,-24.6829376,120.888084],"decalType":"None","isRenderEnabled":false,"rotationMatrix":[0.780683041,0.624918282,-0.00331833027,-0.624921978,0.780687213,-9.21371393e-05,0.0025329995,0.00214562751,0.999994516],"shapeName":"/levels/west_coast_usa/art/shapes/objects/s_curb.dae","useInstanceRenderData":true}
{"class":"TSStatic","persistentId":"07ab09a8-3c03-411d-8490-6ff78db10050","__parent":"truckGarage","position":[-172.897842,-22.5315056,120.881111],"decalType":"None","isRenderEnabled":false,"rotationMatrix":[0.798737764,0.601670146,-0.0033141803,-0.601673961,0.798741758,-0.000189763145,0.0025329995,0.00214562705,0.999994516],"shapeName":"/levels/west_coast_usa/art/shapes/objects/s_curb.dae","useInstanceRenderData":true}
{"name":"quarrysideExteriorLightPropOn_1","class":"TSStatic","persistentId":"21dffb52-fb3b-4ae4-ad65-4b3da42aaded","__parent":"truckGarage","position":[-199.450668,-29.7865467,122.621429],"isRenderEnabled":false,"rotationMatrix":[0.990922749,0.134432554,-6.92779167e-14,0.134432554,-0.99092257,-3.25841285e-07,-4.38037517e-08,3.22883551e-07,-0.999999881],"scale":[1.29999995,1.29999995,1.29999995],"shapeName":"/levels/west_coast_usa/art/shapes/objects/s_small_light_hanging.dae","useInstanceRenderData":true}
{"name":"quarrysideExteriorLight_1","class":"PointLight","persistentId":"8ebe0c7d-8612-4b89-9481-4ad7a310f06a","__parent":"truckGarage","position":[-199.359634,-29.9511852,122.606331],"animate":false,"brightness":0.5,"radius":2,"rotationMatrix":[0.132950902,-0.991122484,0,0.991122484,0.132950902,0,0,0,1],"shadowDarkenColor":[0,0,0,0],"shadowType":"DualParaboloid"}
{"name":"quarrysideExteriorLightPropOn_2","class":"TSStatic","persistentId":"3d1acf3f-0a09-48c6-a1cd-b3bcdf5bca5a","__parent":"truckGarage","position":[-215.829971,-22.2127666,122.621429],"isRenderEnabled":false,"rotationMatrix":[0.990922749,0.134432554,-6.92779167e-14,0.134432554,-0.99092257,-3.25841285e-07,-4.38037517e-08,3.22883551e-07,-0.999999881],"scale":[1.29999995,1.29999995,1.29999995],"shapeName":"/levels/west_coast_usa/art/shapes/objects/s_small_light_hanging.dae","useInstanceRenderData":true}
{"name":"quarrysideExteriorLight_2","class":"PointLight","persistentId":"ba372ab1-d265-4308-a518-a3229fc0e47d","__parent":"truckGarage","position":[-215.731293,-22.4343815,122.795952],"animate":false,"brightness":0.5,"radius":2,"rotationMatrix":[0.132950902,-0.991122484,0,0.991122484,0.132950902,0,0,0,1],"shadowDarkenColor":[0,0,0,0],"shadowType":"DualParaboloid"}
{"name":"truckshop_icon_1","class":"BeamNGPointOfInterest","persistentId":"d46caa80-fe62-48a4-bf9b-9662febed3ac","__parent":"truckGarage","position":[-236.095047,-40.6468277,121.734756],"rotationMatrix":[0.43141681,-0.902152777,0,0.902152777,0.43141681,0,0,0,1]}
{"name":"truckshop_area_1","class":"BeamNGGameplayArea","persistentId":"509c20ca-0747-4169-ada5-531f027c5e3c","__parent":"truckGarage","position":[-236.619949,-39.486969,120.894836],"rotationMatrix":[0.988224208,0.153012991,0,-0.153012991,0.988224208,0,0,0,1],"scale":[1.7009846,2.2672019,4.25347328]}
{"class":"TSStatic","persistentId":"36c74825-55c8-4b64-9bbc-9ab108e0a56b","__parent":"truckGarage","position":[-230.951233,-39.4669609,122.464935],"isRenderEnabled":false,"rotationMatrix":[0.132538736,-0.854592919,-0.502100348,-0.0417735875,0.501302958,-0.864262938,0.990297318,0.135522962,0.0307426453],"scale":[0.747733474,0.747733474,1],"shapeName":"/art/shapes/garage_and_dealership/garage/s_ducktape.dae","useInstanceRenderData":true}
{"class":"TSStatic","persistentId":"58a713b5-69a6-4c94-8c1b-5afa34fd0850","__parent":"truckGarage","position":[-230.951233,-39.4669609,122.370422],"isRenderEnabled":false,"rotationMatrix":[0.0181535482,0.0931683406,-0.995484769,-0.137775272,0.986383915,0.0898041278,0.990297019,0.135522947,0.0307426453],"shapeName":"/art/shapes/garage_and_dealership/garage/s_ducktape.dae","useInstanceRenderData":true}
{"class":"TSStatic","persistentId":"4dcf7192-9e6a-4bfd-9356-ec13d26afaff","__parent":"truckGarage","position":[-230.884964,-39.9286385,122.27327],"collisionType":"None","decalType":"None","isRenderEnabled":false,"rotationMatrix":[-0.133014917,0.99111414,9.83476639e-07,8.94069672e-08,-1.07288361e-06,1.00000012,0.99111414,0.133014947,0],"shapeName":"/art/shapes/garage_and_dealership/garage/s_wrench_collection.dae","useInstanceRenderData":true}
{"class":"TSStatic","persistentId":"65c47628-5eba-4233-9010-27968c6b1b79","__parent":"truckGarage","position":[-230.710464,-39.3000145,120.89035],"isRenderEnabled":false,"rotationMatrix":[-0.133014321,0.991113961,0,-0.991113961,-0.133014321,0,0,0,1],"shapeName":"/art/shapes/garage_and_dealership/garage/s_big_toolbox_01.dae","useInstanceRenderData":true}
{"class":"TSStatic","persistentId":"7db2e934-7e10-4c1d-9245-65597251cbda","__parent":"truckGarage","position":[-230.94313,-39.2952728,121.983734],"collisionType":"None","decalType":"None","isRenderEnabled":false,"rotationMatrix":[-1.1920929e-07,-5.96046448e-08,-0.999999881,-0.567394078,0.823446393,5.96046448e-08,0.823446274,0.567394078,-1.1920929e-07],"scale":[0.602539301,0.602539301,0.602539301],"shapeName":"/art/shapes/garage_and_dealership/Clutter/clutter_workshop_short_bottle.dae","useInstanceRenderData":true}
{"class":"TSStatic","persistentId":"94fbf3ea-bc55-4b1e-ba3b-e84d3860f9f2","__parent":"truckGarage","position":[-230.804199,-38.755867,121.954605],"isRenderEnabled":false,"rotationMatrix":[0.402537584,0.915403426,0,-0.915403426,0.402537584,0,0,0,1],"shapeName":"/art/shapes/garage_and_dealership/Clutter/clutter_workshop_toolbox.dae","useInstanceRenderData":true}
{"class":"TSStatic","persistentId":"59fa5896-ff0b-4530-a668-1dac5692703f","__parent":"truckGarage","decalType":"None","isRenderEnabled":false,"shapeName":"/levels/west_coast_usa/art/shapes/buildings/s_fencing_logistics.dae","useInstanceRenderData":true}
{"name":"pole_fence1_logistics","class":"Prefab","persistentId":"4ea3a32d-b1cc-4fe0-a9e5-7f01b35eaabe","__parent":"truckGarage","filename":"/levels/west_coast_usa/art/prefabs/pole_fence1_logistics.prefab"}
{"class":"TSStatic","persistentId":"b368e278-2d43-4854-9306-81ec7a2a0482","__parent":"truckGarage","position":[-233.929199,-32.6092949,121.404984],"decalType":"None","isRenderEnabled":false,"rotationMatrix":[-0.980761766,-0.195209295,0,0.195209295,-0.980761766,0,0,0,1],"shapeName":"/levels/west_coast_usa/art/shapes/objects/guardrail2.dae","useInstanceRenderData":true}
{"class":"TSStatic","persistentId":"07cc1371-c9f8-48ff-96ed-ccff98542981","__parent":"truckGarage","position":[-231.937286,-32.2877274,121.406998],"decalType":"None","isRenderEnabled":false,"rotationMatrix":[-0.992346048,-0.123486511,0,0.123486511,-0.992346048,0,0,0,1],"shapeName":"/levels/west_coast_usa/art/shapes/objects/guardrail2.dae","useInstanceRenderData":true}
{"class":"TSStatic","persistentId":"4c0b1be7-2398-4156-8574-a6f4bf57c777","__parent":"truckGarage","position":[-229.933365,-32.0530128,121.404984],"decalType":"None","isRenderEnabled":false,"rotationMatrix":[-0.993690968,-0.112151049,0,0.112151049,-0.993690968,0,0,0,1],"shapeName":"/levels/west_coast_usa/art/shapes/objects/guardrail2.dae","useInstanceRenderData":true}
{"class":"TSStatic","persistentId":"fc6fd453-c68c-4a20-8584-82e961b18ad4","__parent":"truckGarage","position":[-227.956345,-31.7839508,121.406998],"decalType":"None","isRenderEnabled":false,"rotationMatrix":[-0.987004757,-0.160689875,0,0.160689875,-0.987004757,0,0,0,1],"shapeName":"/levels/west_coast_usa/art/shapes/objects/guardrail2.dae","useInstanceRenderData":true}
{"class":"TSStatic","persistentId":"4ec3d831-97de-4bd3-ade3-4e190ae6b47b","__parent":"truckGarage","position":[-226.883072,-31.9030457,120.846519],"decalType":"None","isRenderEnabled":false,"rotationMatrix":[-0.145243287,0.989395857,0,-0.989395857,-0.145243287,0,0,0,1],"shapeName":"/levels/west_coast_usa/art/shapes/objects/guardrail_support1.dae","useInstanceRenderData":true}
{"class":"TSStatic","persistentId":"ee6e8623-1a8b-4ba3-b5fd-1df89d40b30d","__parent":"truckGarage","position":[-228.854614,-32.2161255,120.846519],"decalType":"None","isRenderEnabled":false,"rotationMatrix":[-0.138821721,0.990317285,0,-0.990317285,-0.138821721,0,0,0,1],"shapeName":"/levels/west_coast_usa/art/shapes/objects/guardrail_support1.dae","useInstanceRenderData":true}
{"class":"TSStatic","persistentId":"36189de8-6fad-4982-be07-9e322ace97aa","__parent":"truckGarage","position":[-230.862503,-32.434288,120.846519],"decalType":"None","isRenderEnabled":false,"rotationMatrix":[-0.134991169,0.990846753,0,-0.990846753,-0.134991169,0,0,0,1],"shapeName":"/levels/west_coast_usa/art/shapes/objects/guardrail_support1.dae","useInstanceRenderData":true}
{"class":"TSStatic","persistentId":"8026181d-c350-4c55-849a-988251eab020","__parent":"truckGarage","position":[-232.812897,-32.6856842,120.846519],"decalType":"None","isRenderEnabled":false,"rotationMatrix":[-0.134991169,0.990846753,0,-0.990846753,-0.134991169,0,0,0,1],"shapeName":"/levels/west_coast_usa/art/shapes/objects/guardrail_support1.dae","useInstanceRenderData":true}
{"class":"TSStatic","persistentId":"9b13d417-ba6d-4475-ac77-650c7aafc6c9","__parent":"truckGarage","position":[-234.765976,-33.0579834,120.846519],"decalType":"None","isRenderEnabled":false,"rotationMatrix":[-0.226192951,0.97408253,0,-0.97408253,-0.226192951,0,0,0,1],"shapeName":"/levels/west_coast_usa/art/shapes/objects/guardrail_support1.dae","useInstanceRenderData":true}
{"class":"TSStatic","persistentId":"7742ce45-da56-45bc-8be2-ee88238e9216","__parent":"truckGarage","position":[-216.598938,-40.7733269,122.289833],"isRenderEnabled":false,"rotationMatrix":[-0.107349157,0.994221568,0,-0.994221568,-0.107349157,0,0,0,1],"shapeName":"/art/shapes/garage_and_dealership/Clutter/cbbox_new_a.DAE","useInstanceRenderData":true}
{"class":"TSStatic","persistentId":"18fa5562-81f3-44d4-8319-a046387392bb","__parent":"truckGarage","position":[-215.616013,-40.7190781,122.293541],"isRenderEnabled":false,"rotationMatrix":[-0.193593621,0.981082082,0,-0.981082082,-0.193593621,0,0,0,1],"shapeName":"/art/shapes/garage_and_dealership/Clutter/cbbox_medium_dirt.DAE","useInstanceRenderData":true}
{"class":"TSStatic","persistentId":"cbeb8fab-7991-44fc-82b9-94f4e5424526","__parent":"truckGarage","position":[-216.610992,-40.8246994,121.894768],"collisionType":"None","decalType":"None","isRenderEnabled":false,"rotationMatrix":[-0.107349277,0.994221568,0,-0.994221568,-0.107349277,0,0,0,1],"shapeName":"/art/shapes/garage_and_dealership/Clutter/cbbox_new_b.DAE","useInstanceRenderData":true}
{"class":"TSStatic","persistentId":"33ad7f22-a27e-45bd-916c-9696b463719c","__parent":"truckGarage","position":[-215.584427,-40.6351814,121.894768],"collisionType":"None","decalType":"None","isRenderEnabled":false,"rotationMatrix":[0.107348979,-0.994221568,0,0.994221568,0.107348979,0,0,0,1],"shapeName":"/art/shapes/garage_and_dealership/Clutter/cbbox_new_b.DAE","useInstanceRenderData":true}
{"class":"TSStatic","persistentId":"67a7b65f-edd1-475f-b01c-19acd2be0d59","__parent":"truckGarage","position":[-214.631516,-40.6121292,122.29496],"isRenderEnabled":false,"rotationMatrix":[-0.107349992,0.994221509,0,-0.994221509,-0.107349992,0,0,0,1],"shapeName":"/art/shapes/garage_and_dealership/Clutter/cbbox_new_b.DAE","useInstanceRenderData":true}
{"class":"TSStatic","persistentId":"b711062b-91fb-4306-b22b-0b0d0c24bcc8","__parent":"truckGarage","position":[-214.629608,-40.560688,121.895363],"collisionType":"None","decalType":"None","isRenderEnabled":false,"rotationMatrix":[-0.107349157,0.994221568,0,-0.994221568,-0.107349157,0,0,0,1],"shapeName":"/art/shapes/garage_and_dealership/Clutter/cbbox_new_a.DAE","useInstanceRenderData":true}
{"class":"TSStatic","persistentId":"da38d5cc-a189-496f-944f-c46c7b8edab8","__parent":"truckGarage","position":[-213.793961,-40.5213165,121.894768],"collisionType":"None","decalType":"None","isRenderEnabled":false,"rotationMatrix":[-0.107349277,0.994221568,0,-0.994221568,-0.107349277,0,0,0,1],"shapeName":"/art/shapes/garage_and_dealership/Clutter/cbbox_new_b.DAE","useInstanceRenderData":true}
{"class":"TSStatic","persistentId":"369fd283-4c4a-44c9-b202-6617dca93c37","__parent":"truckGarage","position":[-213.800354,-40.4711494,122.289833],"isRenderEnabled":false,"rotationMatrix":[-0.107349157,0.994221568,0,-0.994221568,-0.107349157,0,0,0,1],"shapeName":"/art/shapes/garage_and_dealership/Clutter/cbbox_new_a.DAE","useInstanceRenderData":true}
{"class":"TSStatic","persistentId":"d9ec4eaa-c94d-4ed2-a04e-2345b9a7e485","__parent":"truckGarage","position":[-233.802063,-44.0698853,120.883987],"isRenderEnabled":false,"rotationMatrix":[-0.135694027,0.990750611,0,-0.990750611,-0.135694027,0,0,0,1],"shapeName":"/art/shapes/garage_and_dealership/garage/s_document_drawer.dae","useInstanceRenderData":true}
{"class":"DecalRoad","persistentId":"3dcad1cc-e32e-458a-ad50-6c2fcea717ca","__parent":"truckGarage","position":[-235.563858,-34.5358086,120.839745],"detail":0.200000003,"distanceFade":[200,50],"improvedSpline":true,"material":"gutter1","nodes":[[-235.563858,-34.5358086,120.839745,0.580000043],[-241.415314,-35.3415718,120.839745,0.580000043],[-242.556396,-35.5615387,120.839745,0.580000043],[-242.948761,-36.0841064,120.839745,0.580000043],[-242.931274,-36.9096489,120.839745,0.580000043],[-242.588043,-39.1580925,120.839745,0.580000043],[-241.917297,-44.3212395,120.839745,0.580000043],[-241.607986,-45.5522156,120.839745,0.580000043],[-240.819,-45.8003845,120.839745,0.580000043],[-239.015915,-45.6049538,120.839745,0.580000043],[-234.064056,-44.9141731,120.839745,0.580000043]],"renderPriority":3,"textureLength":16,"useTemplate":"true"}
{"class":"DecalRoad","persistentId":"485a3f1a-6a3a-4d38-870f-54c429caea13","__parent":"truckGarage","position":[-259.186188,-42.5363884,120.415283],"detail":0.200000003,"distanceFade":[200,50],"improvedSpline":true,"looped":true,"material":"gutter1","nodes":[[-259.186188,-42.5363884,120.415283,0.5],[-260.034637,-42.8442574,120.289452,0.5],[-260.79715,-43.3824005,120.153351,0.5],[-261.358032,-44.3545303,120.072456,0.5],[-261.54483,-46.1308022,120.007271,0.5],[-260.967621,-54.0207214,119.794556,0.5],[-260.333099,-62.3970947,119.649506,0.5],[-259.120941,-74.7118683,119.463875,0.5],[-258.727783,-78.1550446,119.429321,0.5],[-257.860748,-81.1384583,119.419411,0.5],[-256.361816,-83.1083298,119.420219,0.5],[-254.625793,-84.2802963,119.424545,0.5],[-252.110062,-85.0772171,119.431145,0.5],[-248.508148,-85.8089066,119.437019,0.5],[-245.572647,-86.1514053,119.448334,0.5],[-242.510376,-86.1475601,119.460434,0.5],[-241.085251,-85.9685593,119.465675,0.5],[-240.014206,-85.5063477,119.466362,0.5],[-239.24147,-84.5383072,119.473518,0.5],[-238.149887,-82.2305756,119.524391,0.5],[-237.840698,-80.7274094,119.642792,0.5],[-238.081284,-79.2357864,119.763809,0.5],[-238.834595,-77.0910721,119.959702,0.5],[-241.318024,-69.9822083,120.493423,0.5],[-242.496048,-66.4855881,120.722687,0.5],[-243.210434,-64.7523422,120.783241,0.5],[-243.769547,-63.7398415,120.810921,0.5],[-244.765778,-63.3393745,120.830505,0.5],[-246.135986,-63.3722267,120.842834,0.5],[-250.832733,-63.7749138,120.857346,0.5],[-253.916367,-64.0645447,120.857346,0.5],[-255.880402,-64.2238312,120.857346,0.5],[-256.532898,-64.1151581,120.857346,0.5],[-256.785278,-63.2573242,120.857346,0.5],[-257.081329,-59.3935165,120.857346,0.5],[-257.675049,-51.9338531,120.8507,0.5],[-258.059204,-47.7829933,120.714714,0.5],[-258.175262,-46.4283371,120.639053,0.5],[-257.851471,-45.9292488,120.644592,0.5],[-256.476929,-45.9305534,120.680641,0.5],[-254.171097,-45.7275085,120.774574,0.5],[-252.843765,-45.5959053,120.793724,0.5],[-252.350342,-45.1587677,120.793282,0.5],[-252.280029,-44.4942932,120.778954,0.5],[-252.373032,-43.8286476,120.77198,0.5],[-252.649628,-43.4169617,120.767456,0.5],[-253.390289,-43.2015228,120.758377,0.5],[-255.219101,-42.805481,120.669571,0.5],[-257.125061,-42.51754,120.57061,0.5],[-258.377563,-42.4864006,120.477966,0.5]],"renderPriority":3,"textureLength":16}
{"class":"DecalRoad","persistentId":"6d3410bb-1f4e-4d7c-a3f1-26d8a4314cd3","__parent":"truckGarage","position":[-207.299927,-36.3302193,120.839745],"distanceFade":[200,50],"improvedSpline":true,"material":"road_rubber_double","nodes":[[-207.299927,-36.3302193,120.839745,3.5],[-193.230515,-33.9070549,120.839745,3.5],[-183.939255,-27.9728851,120.876892,3.5],[-182.325104,-16.2068348,121.000549,3.5],[-180.336594,-6.30756664,121.872536,3.5]],"overObjects":true,"renderPriority":6,"startEndFade":[10,20],"textureLength":40,"useTemplate":"true"}
{"class":"DecalRoad","persistentId":"08498169-adf6-48bd-8ed9-b21f61510a80","__parent":"truckGarage","position":[-210.477997,-57.5124969,120.487595],"distanceFade":[200,50],"improvedSpline":true,"material":"AsphaltRoad_track_skidmarks","nodes":[[-210.477997,-57.5124969,120.487595,6],[-199.525558,-52.215889,120.414352,6],[-179.519363,-52.9496346,119.677536,6],[-164.536301,-46.5251427,119.730255,6]],"renderPriority":6,"startEndFade":[20,20],"textureLength":40,"useTemplate":"true"}
{"class":"DecalRoad","persistentId":"76a5459e-fc0b-4c2d-8ede-a750d0a9ebab","__parent":"truckGarage","position":[-220.878998,-64.1538391,120.435425],"distanceFade":[200,50],"improvedSpline":true,"material":"AsphaltRoad_track_skidmarks","nodes":[[-220.878998,-64.1538391,120.435425,6],[-231.650375,-73.3524628,119.905251,6],[-237.925262,-89.5681076,119.477203,6],[-248.668243,-94.3179245,119.48246,6],[-256.685181,-91.3420029,119.450142,6]],"renderPriority":3,"startEndFade":[20,20],"textureLength":40,"useTemplate":"true"}
{"class":"DecalRoad","persistentId":"94824d8d-8450-4396-90c7-0d457c161367","__parent":"truckGarage","position":[-255.384369,-46.0459557,120.737808],"detail":0.200000003,"distanceFade":[200,50],"material":"line_parking1","nodes":[[-255.384369,-46.0459557,120.737808,5.4000001],[-253.82988,-63.9460182,120.857346,5.4000001]],"textureLength":3,"useTemplate":"true"}
{"class":"DecalRoad","persistentId":"39606393-64a2-441a-bde4-fae86b142bb3","__parent":"truckGarage","position":[-234.155258,-44.9490128,120.839745],"detail":0.200000003,"distanceFade":[200,50],"improvedSpline":true,"material":"gutter1","nodes":[[-234.155258,-44.9490128,120.839745,0.580000043],[-194.524612,-39.5696869,120.819122,0.580000043]],"renderPriority":3,"textureLength":16,"useTemplate":"true"}
{"class":"DecalRoad","persistentId":"fae67459-cfe9-471f-a85a-9fc5e98a7a87","__parent":"truckGarage","position":[-194.214569,-39.7692184,120.814423],"detail":0.200000003,"distanceFade":[200,50],"improvedSpline":true,"material":"gutter1","nodes":[[-194.214569,-39.7692184,120.814423,0.580000043],[-194.429688,-38.6609955,120.836906,0.580000043],[-194.528381,-38.0214081,120.839745,0.580000043]],"renderPriority":6,"textureLength":16,"useTemplate":"true"}
{"class":"DecalRoad","persistentId":"20e1065c-2d81-420a-9336-44fb5dec5ace","__parent":"truckGarage","position":[-237.112152,-24.7497253,120.812828],"detail":0.200000003,"distanceFade":[200,50],"improvedSpline":true,"material":"gutter1","nodes":[[-237.112152,-24.7497253,120.812828,0.580000043],[-236.873581,-26.1901474,120.823616,0.580000043]],"renderPriority":6,"textureLength":16,"useTemplate":"true"}
{"class":"DecalRoad","persistentId":"0c4472b6-1d87-471f-b2c1-b73bfc928ff1","__parent":"truckGarage","position":[-197.215302,-19.2800808,120.839745],"detail":0.200000003,"distanceFade":[200,50],"improvedSpline":true,"material":"gutter1","nodes":[[-197.215302,-19.2800808,120.839745,0.580000043],[-237.367844,-24.6837463,120.80793,0.580000043]],"renderPriority":3,"textureLength":16,"useTemplate":"true"}
{"class":"TSStatic","persistentId":"01f6e2e8-88d7-46aa-be9d-4e6971dde127","__parent":"truckGarage","position":[-215.714355,-32.0761528,120.893456],"decalType":"Visible Mesh Final","isRenderEnabled":false,"rotationMatrix":[0.134372413,-0.990930915,0,0.990930915,0.134372413,0,0,0,1],"shapeName":"/levels/west_coast_usa/art/shapes/buildings/warehouse_awning.dae","useInstanceRenderData":true}
{"class":"DecalRoad","persistentId":"a29f2f5d-3391-4c75-a3cb-18f4c0fcc33a","__parent":"truckGarage","position":[-223.892731,-78.4956818,119.542572],"detail":0.200000003,"distanceFade":[200,50],"improvedSpline":true,"material":"gutter1","nodes":[[-223.892731,-78.4956818,119.542572,0.5],[-220.179504,-75.8314133,119.532967,0.5],[-212.982193,-70.7881088,119.554398,0.5],[-205.036011,-65.2788544,119.580605,0.5],[-200.741653,-62.2556,119.598495,0.5],[-196.865051,-59.7316742,119.620544,0.600000024],[-195.224609,-58.6407394,119.687187,0.600000024],[-194.425964,-57.5255775,119.760986,0.600000024],[-194.539749,-56.2604141,119.90744,0.600000024],[-195.298492,-55.4941368,120.057129,0.600000024],[-196.518387,-55.1454163,120.151367,0.600000024],[-198.838806,-55.1332397,120.299782,0.600000024],[-200.433899,-55.6367416,120.372032,0.600000024],[-202.75061,-57.2065964,120.433311,0.600000024],[-208.798141,-61.2675781,120.469986,0.600000024],[-214.058319,-64.7894897,120.466705,0.600000024],[-219.742813,-68.6070175,120.349464,0.600000024],[-226.285187,-72.9936829,119.98938,0.600000024],[-228.177628,-74.3424911,119.894096,0.600000024],[-228.778839,-75.4169998,119.823853,0.600000024],[-228.625946,-76.6109161,119.751175,0.600000024],[-227.692261,-78.0987854,119.645988,0.600000024],[-226.543457,-78.8664627,119.577209,0.600000024],[-225.066284,-79.015274,119.551796,0.600000024],[-223.886475,-78.4491043,119.543747,0.600000024]],"renderPriority":3,"textureLength":16,"useTemplate":"true"}
{"class":"DecalRoad","persistentId":"fcfb51ea-9ab3-4cea-bee5-0ecdd6a507e0","__parent":"truckGarage","position":[-236.22821,-60.2558403,120.783264],"detail":0.200000003,"distanceFade":[200,50],"improvedSpline":true,"looped":true,"material":"gutter1","nodes":[[-236.22821,-60.2558403,120.783264,0.580000043],[-234.249847,-62.3222504,120.634666,0.580000043],[-232.656845,-63.2611351,120.483055,0.580000043],[-230.999069,-63.5867615,120.380775,0.580000043],[-229.105316,-63.4547386,120.327065,0.580000043],[-227.531891,-62.8355789,120.315758,0.580000043],[-224.712433,-61.3875198,120.357292,0.580000043],[-218.631668,-57.6345825,120.486801,0.580000043],[-210.908768,-52.7637062,120.4767,0.580000043],[-207.251404,-50.6547966,120.47731,0.580000043],[-204.666306,-49.5884056,120.518379,0.580000043],[-202.357971,-48.8434792,120.5793,0.580000043],[-201.321518,-48.4720459,120.585373,0.580000043],[-201.076172,-47.9110184,120.603127,0.580000043],[-201.412506,-47.0564346,120.634056,0.580000043],[-202.534912,-46.4536972,120.697296,0.580000043],[-206.006577,-47.3733826,120.767532,0.580000043],[-207.841827,-48.0721207,120.786301,0.580000043],[-210.453568,-49.2995682,120.812469,0.580000043],[-214.557037,-51.5848694,120.813797,0.580000043],[-220.763779,-54.9247894,120.822136,0.580000043],[-225.884628,-57.8239174,120.814537,0.580000043],[-227.862961,-58.5870514,120.796265,0.580000043],[-229.498886,-58.531292,120.796455,0.580000043],[-231.237,-57.703846,120.81147,0.580000043],[-232.746613,-56.6772041,120.826332,0.580000043],[-234.10408,-55.859127,120.835983,0.580000043],[-235.069336,-55.8380585,120.839203,0.580000043],[-235.894699,-56.2987289,120.846748,0.580000043],[-237.005493,-57.1091843,120.847298,0.580000043],[-237.409927,-57.7691231,120.840347,0.580000043],[-237.388977,-58.5812683,120.827049,0.580000043],[-236.951172,-59.3711014,120.812851,0.580000043]],"renderPriority":4,"textureLength":16,"useTemplate":"true"}
{"class":"DecalRoad","persistentId":"01ceb9a2-2192-4e14-b294-907df9c0ba15","__parent":"truckGarage","position":[-168.586319,-26.2017708,120.89843],"detail":0.200000003,"distanceFade":[200,50],"improvedSpline":true,"looped":true,"material":"gutter1","nodes":[[-168.586319,-26.2017708,120.89843,0.5],[-166.463089,-28.6343002,120.89843,0.5],[-165.25975,-30.3153572,120.879791,0.5],[-165.342926,-31.4176025,120.891235,0.5],[-166.329529,-32.3367538,120.89843,0.5],[-169.581757,-34.8805542,120.89843,0.5],[-171.082565,-35.9479523,120.89843,0.5],[-171.97731,-36.1782494,120.89843,0.5],[-174.411896,-36.3779716,120.892563,0.5],[-176.022263,-36.6443596,120.886696,0.5],[-177.549805,-37.6317635,120.880524,0.5],[-180.992935,-40.152153,120.828339,0.5],[-185.588364,-43.548912,120.671448,0.5],[-187.519821,-44.9431381,120.549469,0.5],[-188.121429,-46.166954,120.436157,0.5],[-187.913208,-47.2426453,120.306931,0.5],[-186.799683,-48.2389297,120.172668,0.5],[-184.479858,-49.0146408,119.955414,0.5],[-182.179245,-48.7314415,119.792625,0.5],[-179.702637,-47.3700294,119.719139,0.5],[-175.766708,-44.5368462,119.693909,0.5],[-169.568405,-40.3117104,119.717232,0.5],[-163.12381,-35.9048386,119.755989,0.5],[-160.633148,-33.8066559,119.785568,0.5],[-159.742493,-31.8066216,119.826271,0.5],[-159.683044,-29.8997536,119.90274,0.5],[-160.289276,-28.3602943,120.000832,0.5],[-161.585526,-26.6270866,120.128487,0.5],[-164.307205,-23.3340282,120.40493,0.5],[-169.183594,-17.6632328,120.900291,0.5],[-172.967957,-13.2219362,121.302246,0.5],[-174.536392,-11.533741,121.47168,0.5],[-176.004745,-10.8308125,121.555138,0.5],[-177.71463,-10.968708,121.525436,0.5],[-179.007889,-11.9143982,121.381355,0.5],[-179.460541,-12.7637415,121.272438,0.5],[-179.024643,-13.5256853,121.178017,0.5],[-177.915054,-14.8731041,121.043556,0.5],[-175.635803,-17.5721836,120.922653,0.5],[-172.385971,-21.475132,120.898148,0.5]],"renderPriority":3,"textureLength":16,"useTemplate":"true"}
{"class":"DecalRoad","persistentId":"9a7aaacd-e499-4d78-a9df-8aafd5cafe8d","__parent":"truckGarage","position":[-221.941864,-64.8786163,120.370979],"detail":0.200000003,"distanceFade":[200,50],"lanes":"1","material":"road1_concrete","nodes":[[-221.941864,-64.8786163,120.370979,8.5],[-205.938049,-54.6521797,120.476746,8.5]],"renderPriority":7,"textureLength":40}
{"class":"DecalRoad","persistentId":"182bfc4f-64f4-4874-86f2-93f99f95cf45","__parent":"truckGarage","position":[-203.62532,-58.2392387,120.451576],"breakAngle":1,"detail":0.300000012,"distanceFade":[100,50],"improvedSpline":true,"material":"road_crack","nodes":[[-203.62532,-58.2392387,120.451576,1],[-208.252441,-51.07061,120.475853,1]],"renderPriority":4,"textureLength":36}
{"class":"DecalRoad","persistentId":"52f95c7d-e4cd-4459-862c-b6aae0acd006","__parent":"truckGarage","position":[-224.214859,-61.3191376,120.371078],"breakAngle":1,"detail":0.300000012,"distanceFade":[100,50],"improvedSpline":true,"material":"road_crack","nodes":[[-224.214859,-61.3191376,120.371078,1],[-219.755341,-68.318222,120.354172,1]],"renderPriority":4,"textureLength":36}
{"class":"DecalRoad","persistentId":"1f08af71-b724-4d08-9e15-7ead6b0db823","__parent":"truckGarage","position":[-259.841675,-36.4433746,120.629089],"detail":0.200000003,"distanceFade":[200,50],"improvedSpline":true,"material":"AsphaltRoad_track_skidmarks","nodes":[[-259.841675,-36.4433746,120.629089,4],[-252.350159,-34.5331802,120.757225,4],[-244.956039,-31.4187355,120.801399,4],[-237.988373,-29.7839012,120.854149,5],[-223.257217,-27.8186092,120.951813,5],[-209.630753,-26.0946293,120.822136,5],[-193.830444,-24.3192997,121.430878,5],[-184.949661,-20.2167053,120.893456,5],[-181.208542,-12.1117754,121.501961,4],[-182.360611,-5.33261204,122.114784,4]],"overObjects":true,"renderPriority":3,"startEndFade":[20,20],"textureLength":40,"useTemplate":"true"}
{"class":"TSStatic","persistentId":"4f9ee594-1779-46ce-9dd2-d884853f4531","__parent":"truckGarage","position":[-216.812454,-22.7572479,120.881493],"decalType":"None","isRenderEnabled":false,"rotationMatrix":[0.990926027,0.13440831,0,-0.13440831,0.990926027,0,0,0,1],"shapeName":"/art/shapes/garage_and_dealership/garage/s_garage_workbench_medium.dae","useInstanceRenderData":true}
{"class":"TSStatic","persistentId":"c3a4d29a-e02a-4480-9e34-46e6ced8265a","__parent":"truckGarage","position":[-216.486618,-23.2808361,120.876396],"decalType":"None","isRenderEnabled":false,"rotationMatrix":[-0.651506424,-0.758643687,0,0.758643687,-0.651506424,0,0,0,1],"shapeName":"/art/shapes/garage_and_dealership/garage/s_metal_stool.dae","useInstanceRenderData":true}
{"class":"TSStatic","persistentId":"3899aab8-a35e-47ac-9339-b3f733feeeda","__parent":"truckGarage","position":[-198.141129,-30.0542374,121.779144],"decalType":"None","isRenderEnabled":false,"rotationMatrix":[-0.0524878502,-0.998621523,0,0.998621523,-0.0524878502,0,0,0,1],"shapeName":"/art/shapes/garage_and_dealership/garage/s_small_toolbox_02.dae","useInstanceRenderData":true}
{"class":"TSStatic","persistentId":"e4320ea1-da39-43ea-998a-079d659971a0","__parent":"truckGarage","position":[-196.562225,-39.1198578,120.881279],"decalType":"None","isRenderEnabled":false,"rotationMatrix":[-0.989896417,-0.141797245,0,0.141797245,-0.989896417,0,0,0,1],"shapeName":"/art/shapes/garage_and_dealership/garage/s_metal_locker.dae","useInstanceRenderData":true}
{"class":"TSStatic","persistentId":"00a154f6-121f-4c54-b122-a7ec338564ca","__parent":"truckGarage","position":[-195.594925,-38.9822655,120.881279],"decalType":"None","isRenderEnabled":false,"rotationMatrix":[-0.989896417,-0.141797245,0,0.141797245,-0.989896417,0,0,0,1],"shapeName":"/art/shapes/garage_and_dealership/garage/s_metal_locker.dae","useInstanceRenderData":true}
{"class":"TSStatic","persistentId":"07c0f254-7133-4740-b3a4-37af249f543d","__parent":"truckGarage","position":[-196.723755,-39.2916718,122.840546],"decalType":"None","isRenderEnabled":false,"rotationMatrix":[-4.76837158e-07,-1.78813934e-07,1.00000048,0.983676136,0.17994976,1.78813934e-07,-0.179950178,0.983676136,-2.38418579e-07],"scale":[0.719140649,0.719140649,0.719140649],"shapeName":"/art/shapes/garage_and_dealership/Clutter/cbbox_medium_dirt.DAE","useInstanceRenderData":true}
{"class":"TSStatic","persistentId":"ad2d86ba-80d0-4b23-8869-ace8b91e2f16","__parent":"truckGarage","position":[-196.319336,-39.1622353,122.696167],"decalType":"None","isRenderEnabled":false,"rotationMatrix":[0.093531251,-0.995616615,0,0.995616615,0.093531251,0,0,0,1],"scale":[0.811914086,0.811914086,0.811914086],"shapeName":"/art/shapes/garage_and_dealership/Clutter/cbbox_small_dirt.DAE","useInstanceRenderData":true}
{"class":"TSStatic","persistentId":"89461fd8-0e39-4efd-b674-fac205d276ab","__parent":"truckGarage","position":[-195.462097,-38.9798164,122.696411],"decalType":"None","isRenderEnabled":false,"rotationMatrix":[-0.964249372,-0.264998585,0,0.264998585,-0.964249372,0,0,0,1],"shapeName":"/art/shapes/garage_and_dealership/Clutter/clutter_workshop_toolbox.dae","useInstanceRenderData":true}
{"class":"TSStatic","persistentId":"6349ddc8-bb30-47b5-8013-79fdc572bd8a","__parent":"truckGarage","position":[-202.154953,-30.3450909,120.891335],"decalType":"None","isRenderEnabled":false,"rotationMatrix":[0.117403209,-0.99308461,0,0.99308461,0.117403209,0,0,0,1],"shapeName":"/art/shapes/garage_and_dealership/Clutter/cbbox_small_dirt.DAE","useInstanceRenderData":true}
