{"class":"TSStatic","persistentId":"2672365b-02dc-486c-9cd9-4383b8f9b7aa","__parent":"coil01","position":[-1391.44067,-772.817688,105.281387],"decalType":"None","isRenderEnabled":false,"rotationMatrix":[-0.0149619579,0.481414229,-0.876365542,-0.999513984,-0.031175375,-6.12139702e-05,-0.0273504853,0.875938654,0.481646657],"shapeName":"/art/shapes/objects/s_coil.dae","useInstanceRenderData":true}
{"class":"TSStatic","persistentId":"f3544ad8-6c55-473a-93e6-13f1132aa6f5","__parent":"coil01","position":[-1390.02942,-772.773743,105.281387],"decalType":"None","isRenderEnabled":false,"rotationMatrix":[-0.0169711113,0.545937657,0.837653995,-0.999518037,-0.0310457945,-1.65104866e-05,0.0259965658,-0.837250471,0.546201289],"shapeName":"/art/shapes/objects/s_coil.dae","useInstanceRenderData":true}
{"class":"TSStatic","persistentId":"74a91029-839d-477d-b114-44840f243e8f","__parent":"coil01","position":[-1388.49683,-772.726013,105.281387],"decalType":"None","isRenderEnabled":false,"rotationMatrix":[-0.0178768635,0.575017214,0.817945957,-0.999517918,-0.031046629,-1.94013119e-05,0.0253832936,-0.81755197,0.575295031],"shapeName":"/art/shapes/objects/s_coil.dae","useInstanceRenderData":true}
{"class":"TSStatic","persistentId":"499321e8-bc1e-4d3b-a3cf-54e12c9ed68f","__parent":"coil01","position":[-1387.3302,-772.686401,104.363586],"annotation":"OBSTACLES","collisionType":"Visible Mesh Final","decalType":"None","isRenderEnabled":false,"rotationMatrix":[-0.0311239958,0.999515474,0,-0.999515474,-0.0311239958,0,0,0,1],"shapeName":"/levels/west_coast_usa/art/shapes/buildings/steel_factory/s_steel_factory_coil_support.dae","useInstanceRenderData":true}
{"class":"TSStatic","persistentId":"8a1e631d-e89d-4ebe-9485-ea27a84f5162","__parent":"coil01","position":[-1401.49158,-773.130676,105.281387],"decalType":"None","isRenderEnabled":false,"rotationMatrix":[-0.0149619579,0.481414229,-0.876365542,-0.999513984,-0.031175375,-6.12139702e-05,-0.0273504853,0.875938654,0.481646657],"shapeName":"/art/shapes/objects/s_coil.dae","useInstanceRenderData":true}
{"class":"TSStatic","persistentId":"aba285f8-7b2f-4d06-bc86-1f898ed396ce","__parent":"coil01","position":[-1400.08032,-773.086731,105.281387],"decalType":"None","isRenderEnabled":false,"rotationMatrix":[-0.0169711113,0.545937657,0.837653995,-0.999518037,-0.0310457945,-1.65104866e-05,0.0259965658,-0.837250471,0.546201289],"shapeName":"/art/shapes/objects/s_coil.dae","useInstanceRenderData":true}
{"class":"TSStatic","persistentId":"2067dcd9-5db8-4b85-8b48-5bf20d749f0b","__parent":"coil01","position":[-1398.54773,-773.039001,105.281387],"decalType":"None","isRenderEnabled":false,"rotationMatrix":[-0.0178768635,0.575017214,0.817945957,-0.999517918,-0.031046629,-1.94013119e-05,0.0253832936,-0.81755197,0.575295031],"shapeName":"/art/shapes/objects/s_coil.dae","useInstanceRenderData":true}
{"class":"TSStatic","persistentId":"0d2fcad1-a356-45aa-88e0-ba795476d2c0","__parent":"coil01","position":[-1397.11633,-772.994446,105.281387],"decalType":"None","isRenderEnabled":false,"rotationMatrix":[-0.0299862623,0.963892162,0.264599174,-0.999517024,-0.0310769081,-6.43581152e-05,0.00816088915,-0.264473319,0.964358449],"shapeName":"/art/shapes/objects/s_coil.dae","useInstanceRenderData":true}
{"class":"TSStatic","persistentId":"eb32304e-77de-4559-b345-e8007870c24e","__parent":"coil01","position":[-1395.46631,-772.943054,105.281387],"decalType":"None","isRenderEnabled":false,"rotationMatrix":[0.0299865007,-0.963892102,0.264599144,0.999516964,0.0310770869,-6.4432621e-05,-0.00816084445,0.264473289,0.964358449],"shapeName":"/art/shapes/objects/s_coil.dae","useInstanceRenderData":true}
{"class":"TSStatic","persistentId":"b6344bf9-f6a5-43bf-8916-95f8c0a569b6","__parent":"coil01","position":[-1393.88501,-772.893799,105.281387],"decalType":"None","isRenderEnabled":false,"rotationMatrix":[0.0270186663,-0.868584394,-0.494804502,0.999515295,0.0311365128,-7.9035759e-05,0.0154752284,-0.494562447,0.869004369],"shapeName":"/art/shapes/objects/s_coil.dae","useInstanceRenderData":true}
{"class":"TSStatic","persistentId":"15118ff9-5e18-4e27-a639-74624b9b20ba","__parent":"coil01","position":[-1397.3811,-772.99939,104.363586],"annotation":"OBSTACLES","collisionType":"Visible Mesh Final","decalType":"None","isRenderEnabled":false,"rotationMatrix":[-0.0311239958,0.999515474,0,-0.999515474,-0.0311239958,0,0,0,1],"shapeName":"/levels/west_coast_usa/art/shapes/buildings/steel_factory/s_steel_factory_coil_support.dae","useInstanceRenderData":true}
{"class":"TSStatic","persistentId":"daefb6a3-13f8-4196-af1c-8aac4876fcbd","__parent":"coil01","position":[-1396.04626,-776.77594,105.281334],"decalType":"None","isRenderEnabled":false,"rotationMatrix":[-0.0149619579,0.481414229,-0.876365542,-0.999513984,-0.031175375,-6.12139702e-05,-0.0273504853,0.875938654,0.481646657],"shapeName":"/art/shapes/objects/s_coil.dae","useInstanceRenderData":true}
{"class":"TSStatic","persistentId":"fecc85ff-c1f3-460e-99be-22535356537b","__parent":"coil01","position":[-1394.63501,-776.731995,105.281334],"decalType":"None","isRenderEnabled":false,"rotationMatrix":[-0.0169711113,0.545937657,0.837653995,-0.999518037,-0.0310457945,-1.65104866e-05,0.0259965658,-0.837250471,0.546201289],"shapeName":"/art/shapes/objects/s_coil.dae","useInstanceRenderData":true}
{"class":"TSStatic","persistentId":"95243abf-a3ec-4df4-b783-7af2db08ccab","__parent":"coil01","position":[-1405.20984,-777.061218,105.281387],"decalType":"None","isRenderEnabled":false,"rotationMatrix":[-0.0149619579,0.481414229,-0.876365542,-0.999513984,-0.031175375,-6.12139702e-05,-0.0273504853,0.875938654,0.481646657],"shapeName":"/art/shapes/objects/s_coil.dae","useInstanceRenderData":true}
{"class":"TSStatic","persistentId":"c0412fb1-4cf0-49e5-b32f-5afa90d9736a","__parent":"coil01","position":[-1403.79858,-777.017273,105.281387],"decalType":"None","isRenderEnabled":false,"rotationMatrix":[-0.0169711113,0.545937657,0.837653995,-0.999518037,-0.0310457945,-1.65104866e-05,0.0259965658,-0.837250471,0.546201289],"shapeName":"/art/shapes/objects/s_coil.dae","useInstanceRenderData":true}
{"class":"TSStatic","persistentId":"0452b3af-3c62-48aa-8750-be19882b4929","__parent":"coil01","position":[-1402.26599,-776.969543,105.281387],"decalType":"None","isRenderEnabled":false,"rotationMatrix":[-0.0178768635,0.575017214,0.817945957,-0.999517918,-0.031046629,-1.94013119e-05,0.0253832936,-0.81755197,0.575295031],"shapeName":"/art/shapes/objects/s_coil.dae","useInstanceRenderData":true}
{"class":"TSStatic","persistentId":"5dbbac6a-d1f8-43ea-96c0-967b0d90cf7f","__parent":"coil01","position":[-1400.83459,-776.924988,105.281387],"decalType":"None","isRenderEnabled":false,"rotationMatrix":[-0.0299862623,0.963892162,0.264599174,-0.999517024,-0.0310769081,-6.43581152e-05,0.00816088915,-0.264473319,0.964358449],"shapeName":"/art/shapes/objects/s_coil.dae","useInstanceRenderData":true}
{"class":"TSStatic","persistentId":"206ffb39-2435-4cd9-b3a1-98303bbc4cee","__parent":"coil01","position":[-1399.18457,-776.873596,105.281387],"decalType":"None","isRenderEnabled":false,"rotationMatrix":[0.0299865007,-0.963892102,0.264599144,0.999516964,0.0310770869,-6.4432621e-05,-0.00816084445,0.264473289,0.964358449],"shapeName":"/art/shapes/objects/s_coil.dae","useInstanceRenderData":true}
{"class":"TSStatic","persistentId":"0bd01311-d25f-4571-95ef-39dc0288eb43","__parent":"coil01","position":[-1397.60327,-776.824341,105.281387],"decalType":"None","isRenderEnabled":false,"rotationMatrix":[0.0270186663,-0.868584394,-0.494804502,0.999515295,0.0311365128,-7.9035759e-05,0.0154752284,-0.494562447,0.869004369],"shapeName":"/art/shapes/objects/s_coil.dae","useInstanceRenderData":true}
{"class":"TSStatic","persistentId":"26250a18-d9cc-4fb1-b267-33856afb97cd","__parent":"coil01","position":[-1401.09937,-776.929932,104.363586],"annotation":"OBSTACLES","collisionType":"Visible Mesh Final","decalType":"None","isRenderEnabled":false,"rotationMatrix":[-0.0311239958,0.999515474,0,-0.999515474,-0.0311239958,0,0,0,1],"shapeName":"/levels/west_coast_usa/art/shapes/buildings/steel_factory/s_steel_factory_coil_support.dae","useInstanceRenderData":true}
{"class":"TSStatic","persistentId":"a7a28712-2f8e-4870-8d04-cc720454b0c8","__parent":"coil01","position":[-1440.52234,-789.397339,105.320854],"decalType":"None","isRenderEnabled":false,"rotationMatrix":[-0.0149619579,0.481414229,-0.876365542,-0.999513984,-0.031175375,-6.12139702e-05,-0.0273504853,0.875938654,0.481646657],"shapeName":"/art/shapes/objects/s_coil.dae","useInstanceRenderData":true}
{"class":"TSStatic","persistentId":"dda1315b-6036-4dcf-bdc1-37199deeb5a6","__parent":"coil01","position":[-1439.11108,-789.353394,105.320854],"decalType":"None","isRenderEnabled":false,"rotationMatrix":[-0.0169711113,0.545937657,0.837653995,-0.999518037,-0.0310457945,-1.65104866e-05,0.0259965658,-0.837250471,0.546201289],"shapeName":"/art/shapes/objects/s_coil.dae","useInstanceRenderData":true}
{"class":"TSStatic","persistentId":"e4f1b879-9050-4cf2-82bb-8315153e5efa","__parent":"coil01","position":[-1437.57849,-789.305664,105.320854],"decalType":"None","isRenderEnabled":false,"rotationMatrix":[-0.0178768635,0.575017214,0.817945957,-0.999517918,-0.031046629,-1.94013119e-05,0.0253832936,-0.81755197,0.575295031],"shapeName":"/art/shapes/objects/s_coil.dae","useInstanceRenderData":true}
{"class":"TSStatic","persistentId":"6add13ad-243f-46e6-9217-dd79e0f7a131","__parent":"coil01","position":[-1435.45569,-789.239563,105.3209],"decalType":"None","isRenderEnabled":false,"rotationMatrix":[-0.0296621323,0.95462662,-0.296324104,-0.999516904,-0.0310769081,-6.43134117e-05,-0.0092702508,0.296179056,0.955087423],"shapeName":"/art/shapes/objects/s_coil.dae","useInstanceRenderData":true}
{"class":"TSStatic","persistentId":"20a7a8eb-0ded-4a30-adee-34aad39ac2b8","__parent":"coil01","position":[-1433.83679,-789.189209,105.320808],"decalType":"None","isRenderEnabled":false,"rotationMatrix":[0.0198090076,-0.635505438,0.771842122,0.999516964,0.0310771465,-6.4343214e-05,-0.0239456892,0.771470547,0.63581419],"shapeName":"/art/shapes/objects/s_coil.dae","useInstanceRenderData":true}
{"class":"TSStatic","persistentId":"b54ab4c1-e2ee-47cd-bd5c-23f7ff4f8632","__parent":"coil01","position":[-1432.22046,-789.138794,105.320801],"decalType":"None","isRenderEnabled":false,"rotationMatrix":[0.0187103748,-0.602650344,-0.797785878,0.999514997,0.0311364532,-7.91549683e-05,0.02488783,-0.797397554,0.602940857],"shapeName":"/art/shapes/objects/s_coil.dae","useInstanceRenderData":true}
{"class":"TSStatic","persistentId":"f9fb1aaf-72c2-4bd2-978d-52500d590d65","__parent":"coil01","position":[-1436.41187,-789.266052,104.403053],"annotation":"OBSTACLES","collisionType":"Visible Mesh Final","decalType":"None","isRenderEnabled":false,"rotationMatrix":[-0.0311239958,0.999515474,0,-0.999515474,-0.0311239958,0,0,0,1],"shapeName":"/levels/west_coast_usa/art/shapes/buildings/steel_factory/s_steel_factory_coil_support.dae","useInstanceRenderData":true}
{"class":"TSStatic","persistentId":"84e8ae10-dcfb-4272-bbb8-8fb4c6c6e6bf","__parent":"coil01","position":[-1443.67261,-792.674744,105.320854],"decalType":"None","isRenderEnabled":false,"rotationMatrix":[-0.0149619579,0.481414229,-0.876365542,-0.999513984,-0.031175375,-6.12139702e-05,-0.0273504853,0.875938654,0.481646657],"shapeName":"/art/shapes/objects/s_coil.dae","useInstanceRenderData":true}
{"class":"TSStatic","persistentId":"301ae8d8-a014-427b-bfae-4c93733c1214","__parent":"coil01","position":[-1442.26135,-792.630798,105.320854],"decalType":"None","isRenderEnabled":false,"rotationMatrix":[-0.0169711113,0.545937657,0.837653995,-0.999518037,-0.0310457945,-1.65104866e-05,0.0259965658,-0.837250471,0.546201289],"shapeName":"/art/shapes/objects/s_coil.dae","useInstanceRenderData":true}
{"class":"TSStatic","persistentId":"52a52611-0bf6-42ee-b1e5-e0710c132a2b","__parent":"coil01","position":[-1440.72876,-792.583069,105.320854],"decalType":"None","isRenderEnabled":false,"rotationMatrix":[-0.0178768635,0.575017214,0.817945957,-0.999517918,-0.031046629,-1.94013119e-05,0.0253832936,-0.81755197,0.575295031],"shapeName":"/art/shapes/objects/s_coil.dae","useInstanceRenderData":true}
{"class":"TSStatic","persistentId":"d8fe5c58-b300-43cd-83e7-6612f9d927c1","__parent":"coil01","position":[-1439.29736,-792.538513,105.320854],"decalType":"None","isRenderEnabled":false,"rotationMatrix":[-0.0299862623,0.963892162,0.264599174,-0.999517024,-0.0310769081,-6.43581152e-05,0.00816088915,-0.264473319,0.964358449],"shapeName":"/art/shapes/objects/s_coil.dae","useInstanceRenderData":true}
{"class":"TSStatic","persistentId":"f62cb6eb-88fe-42b2-afa5-5290bff855c9","__parent":"coil01","position":[-1439.56213,-792.543457,104.403053],"annotation":"OBSTACLES","collisionType":"Visible Mesh Final","decalType":"None","isRenderEnabled":false,"rotationMatrix":[-0.0311239958,0.999515474,0,-0.999515474,-0.0311239958,0,0,0,1],"shapeName":"/levels/west_coast_usa/art/shapes/buildings/steel_factory/s_steel_factory_coil_support.dae","useInstanceRenderData":true}
{"class":"TSStatic","persistentId":"8c543c93-2246-4396-a677-2ba9998368e0","__parent":"coil01","position":[-1446.34912,-795.734375,105.320854],"decalType":"None","isRenderEnabled":false,"rotationMatrix":[-0.0149619579,0.481414229,-0.876365542,-0.999513984,-0.031175375,-6.12139702e-05,-0.0273504853,0.875938654,0.481646657],"shapeName":"/art/shapes/objects/s_coil.dae","useInstanceRenderData":true}
{"class":"TSStatic","persistentId":"0d5e3880-00ae-4370-8e23-0b5788e0037c","__parent":"coil01","position":[-1444.93787,-795.69043,105.320854],"decalType":"None","isRenderEnabled":false,"rotationMatrix":[-0.0169711113,0.545937657,0.837653995,-0.999518037,-0.0310457945,-1.65104866e-05,0.0259965658,-0.837250471,0.546201289],"shapeName":"/art/shapes/objects/s_coil.dae","useInstanceRenderData":true}
{"class":"TSStatic","persistentId":"72800b9a-5090-4755-ab69-547fa9d8e2b9","__parent":"coil01","position":[-1443.40527,-795.6427,105.320854],"decalType":"None","isRenderEnabled":false,"rotationMatrix":[-0.024202466,0.778787196,0.626821041,-0.999517858,-0.0310465097,-1.94609165e-05,0.0194455683,-0.626519322,0.779163241],"shapeName":"/art/shapes/objects/s_coil.dae","useInstanceRenderData":true}
{"class":"TSStatic","persistentId":"6272c283-3418-49e6-924d-21c8d30b4b1a","__parent":"coil01","position":[-1441.64136,-795.58783,105.320877],"decalType":"None","isRenderEnabled":false,"rotationMatrix":[-0.0299862623,0.963892162,0.264599174,-0.999517024,-0.0310769081,-6.43581152e-05,0.00816088915,-0.264473319,0.964358449],"shapeName":"/art/shapes/objects/s_coil.dae","useInstanceRenderData":true}
{"class":"TSStatic","persistentId":"b57352c9-56ef-4f56-81a6-2d58e28459d0","__parent":"coil01","position":[-1440.03503,-795.537781,105.320839],"decalType":"None","isRenderEnabled":false,"rotationMatrix":[0.030381918,-0.977587759,-0.208324209,0.999516904,0.0310772061,-6.44624233e-05,0.00653713942,-0.208221629,0.978059828],"shapeName":"/art/shapes/objects/s_coil.dae","useInstanceRenderData":true}
{"class":"TSStatic","persistentId":"d8448955-7446-422e-9d12-4fcb4d982e2a","__parent":"coil01","position":[-1438.1814,-795.47998,105.320808],"decalType":"None","isRenderEnabled":false,"rotationMatrix":[0.00171607733,-0.0525409281,0.998617053,0.999514937,0.0311368704,-7.91549683e-05,-0.0310893953,0.998133004,0.0525690913],"shapeName":"/art/shapes/objects/s_coil.dae","useInstanceRenderData":true}
{"class":"TSStatic","persistentId":"0bcbcc87-7fb5-47ee-8d75-5866178266b2","__parent":"coil01","position":[-1442.23865,-795.603088,104.403053],"annotation":"OBSTACLES","collisionType":"Visible Mesh Final","decalType":"None","isRenderEnabled":false,"rotationMatrix":[-0.0311239958,0.999515474,0,-0.999515474,-0.0311239958,0,0,0,1],"shapeName":"/levels/west_coast_usa/art/shapes/buildings/steel_factory/s_steel_factory_coil_support.dae","useInstanceRenderData":true}
{"class":"TSStatic","persistentId":"f2901833-9b2f-4d76-960b-64cbdd9ad643","__parent":"coil01","position":[-1423.72351,-807.400269,105.281387],"decalType":"None","isRenderEnabled":false,"rotationMatrix":[-0.0149619579,0.481414229,-0.876365542,-0.999513984,-0.031175375,-6.12139702e-05,-0.0273504853,0.875938654,0.481646657],"shapeName":"/art/shapes/objects/s_coil.dae","useInstanceRenderData":true}
{"class":"TSStatic","persistentId":"faeab695-8eb0-4155-b671-38cc129074da","__parent":"coil01","position":[-1422.31226,-807.356323,105.281387],"decalType":"None","isRenderEnabled":false,"rotationMatrix":[-0.0169711113,0.545937657,0.837653995,-0.999518037,-0.0310457945,-1.65104866e-05,0.0259965658,-0.837250471,0.546201289],"shapeName":"/art/shapes/objects/s_coil.dae","useInstanceRenderData":true}
{"class":"TSStatic","persistentId":"e6ab8a09-c1fe-4b72-beca-4c61fadf6dba","__parent":"coil01","position":[-1420.77966,-807.308594,105.281387],"decalType":"None","isRenderEnabled":false,"rotationMatrix":[-0.0178768635,0.575017214,0.817945957,-0.999517918,-0.031046629,-1.94013119e-05,0.0253832936,-0.81755197,0.575295031],"shapeName":"/art/shapes/objects/s_coil.dae","useInstanceRenderData":true}
{"class":"TSStatic","persistentId":"4785a22f-a00d-4855-80d9-54c44f971eeb","__parent":"coil01","position":[-1419.34827,-807.264038,105.281387],"decalType":"None","isRenderEnabled":false,"rotationMatrix":[-0.0299862623,0.963892162,0.264599174,-0.999517024,-0.0310769081,-6.43581152e-05,0.00816088915,-0.264473319,0.964358449],"shapeName":"/art/shapes/objects/s_coil.dae","useInstanceRenderData":true}
{"class":"TSStatic","persistentId":"310542cf-1b62-41ec-aa57-e9e12772ba84","__parent":"coil01","position":[-1417.69824,-807.212646,105.281387],"decalType":"None","isRenderEnabled":false,"rotationMatrix":[0.0299865007,-0.963892102,0.264599144,0.999516964,0.0310770869,-6.4432621e-05,-0.00816084445,0.264473289,0.964358449],"shapeName":"/art/shapes/objects/s_coil.dae","useInstanceRenderData":true}
{"class":"TSStatic","persistentId":"bdeef8fb-8b7a-4475-ac33-091af81a6e35","__parent":"coil01","position":[-1416.11694,-807.163391,105.281387],"decalType":"None","isRenderEnabled":false,"rotationMatrix":[0.0270186663,-0.868584394,-0.494804502,0.999515295,0.0311365128,-7.9035759e-05,0.0154752284,-0.494562447,0.869004369],"shapeName":"/art/shapes/objects/s_coil.dae","useInstanceRenderData":true}
{"class":"TSStatic","persistentId":"2e87eddd-9bde-4ecc-b040-c63e7924b65d","__parent":"coil01","position":[-1419.61304,-807.268982,104.363586],"annotation":"OBSTACLES","collisionType":"Visible Mesh Final","decalType":"None","isRenderEnabled":false,"rotationMatrix":[-0.0311239958,0.999515474,0,-0.999515474,-0.0311239958,0,0,0,1],"shapeName":"/levels/west_coast_usa/art/shapes/buildings/steel_factory/s_steel_factory_coil_support.dae","useInstanceRenderData":true}
{"class":"TSStatic","persistentId":"6543b43f-ea32-4702-8a07-2df69aa8b79a","__parent":"coil01","position":[-1429.66394,-807.58197,104.363586],"annotation":"OBSTACLES","collisionType":"Visible Mesh Final","decalType":"None","isRenderEnabled":false,"rotationMatrix":[-0.0311239958,0.999515474,0,-0.999515474,-0.0311239958,0,0,0,1],"shapeName":"/levels/west_coast_usa/art/shapes/buildings/steel_factory/s_steel_factory_coil_support.dae","useInstanceRenderData":true}
{"class":"TSStatic","persistentId":"48052278-c3a7-4d13-b6ee-2afcb31e03df","__parent":"coil01","position":[-1479.21692,-832.384033,105.29348],"decalType":"None","isRenderEnabled":false,"rotationMatrix":[-0.0149619579,0.481414229,-0.876365542,-0.999513984,-0.031175375,-6.12139702e-05,-0.0273504853,0.875938654,0.481646657],"shapeName":"/art/shapes/objects/s_coil.dae","useInstanceRenderData":true}
{"class":"TSStatic","persistentId":"cfda3f53-fc46-44e3-aa8a-fe8110511586","__parent":"coil01","position":[-1477.80566,-832.340088,105.29348],"decalType":"None","isRenderEnabled":false,"rotationMatrix":[-0.0169711113,0.545937657,0.837653995,-0.999518037,-0.0310457945,-1.65104866e-05,0.0259965658,-0.837250471,0.546201289],"shapeName":"/art/shapes/objects/s_coil.dae","useInstanceRenderData":true}
{"class":"TSStatic","persistentId":"1c1a916d-5b86-4c5a-b08c-16c09abdcfcb","__parent":"coil01","position":[-1476.27307,-832.292358,105.29348],"decalType":"None","isRenderEnabled":false,"rotationMatrix":[-0.0178768635,0.575017214,0.817945957,-0.999517918,-0.031046629,-1.94013119e-05,0.0253832936,-0.81755197,0.575295031],"shapeName":"/art/shapes/objects/s_coil.dae","useInstanceRenderData":true}
{"class":"TSStatic","persistentId":"2c1cdcb5-08a9-4c52-9495-129309b5b926","__parent":"coil01","position":[-1474.84167,-832.247803,105.29348],"decalType":"None","isRenderEnabled":false,"rotationMatrix":[-0.0299862623,0.963892162,0.264599174,-0.999517024,-0.0310769081,-6.43581152e-05,0.00816088915,-0.264473319,0.964358449],"shapeName":"/art/shapes/objects/s_coil.dae","useInstanceRenderData":true}
{"class":"TSStatic","persistentId":"37fdd9e0-22f0-461a-bfe1-0f867900d69c","__parent":"coil01","position":[-1473.19165,-832.196411,105.29348],"decalType":"None","isRenderEnabled":false,"rotationMatrix":[0.0299865007,-0.963892102,0.264599144,0.999516964,0.0310770869,-6.4432621e-05,-0.00816084445,0.264473289,0.964358449],"shapeName":"/art/shapes/objects/s_coil.dae","useInstanceRenderData":true}
{"class":"TSStatic","persistentId":"4b041a34-8428-4649-9563-ca09acb9ce32","__parent":"coil01","position":[-1471.61035,-832.147156,105.29348],"decalType":"None","isRenderEnabled":false,"rotationMatrix":[0.0270186663,-0.868584394,-0.494804502,0.999515295,0.0311365128,-7.9035759e-05,0.0154752284,-0.494562447,0.869004369],"shapeName":"/art/shapes/objects/s_coil.dae","useInstanceRenderData":true}
{"class":"TSStatic","persistentId":"3b100270-f09b-4e7e-80b0-042c38c4d150","__parent":"coil01","position":[-1475.10645,-832.252747,104.375679],"annotation":"OBSTACLES","collisionType":"Visible Mesh Final","decalType":"None","isRenderEnabled":false,"rotationMatrix":[-0.0311239958,0.999515474,0,-0.999515474,-0.0311239958,0,0,0,1],"shapeName":"/levels/west_coast_usa/art/shapes/buildings/steel_factory/s_steel_factory_coil_support.dae","useInstanceRenderData":true}
{"class":"TSStatic","persistentId":"b59662e3-bec0-4536-9246-be86bb5ca24f","__parent":"coil01","position":[-1482.75354,-836.225525,105.29348],"decalType":"None","isRenderEnabled":false,"rotationMatrix":[-0.0149619579,0.481414229,-0.876365542,-0.999513984,-0.031175375,-6.12139702e-05,-0.0273504853,0.875938654,0.481646657],"shapeName":"/art/shapes/objects/s_coil.dae","useInstanceRenderData":true}
{"class":"TSStatic","persistentId":"6eac6d36-5214-4c7f-87e0-6e0c1da2622e","__parent":"coil01","position":[-1478.64307,-836.094238,104.375679],"annotation":"OBSTACLES","collisionType":"Visible Mesh Final","decalType":"None","isRenderEnabled":false,"rotationMatrix":[-0.0311239958,0.999515474,0,-0.999515474,-0.0311239958,0,0,0,1],"shapeName":"/levels/west_coast_usa/art/shapes/buildings/steel_factory/s_steel_factory_coil_support.dae","useInstanceRenderData":true}
{"class":"TSStatic","persistentId":"074f94ef-0c80-41d7-a64c-470b59245abf","__parent":"coil01","position":[-1372.67627,-841.813904,104.410599],"annotation":"OBSTACLES","collisionType":"Visible Mesh Final","decalType":"None","isRenderEnabled":false,"rotationMatrix":[-0.734322309,0.678801,0,-0.678801,-0.734322309,0,0,0,1],"shapeName":"/levels/west_coast_usa/art/shapes/buildings/steel_factory/s_steel_factory_coil_support.dae","useInstanceRenderData":true}
{"class":"TSStatic","persistentId":"f2119848-f057-4f6b-8238-afded25a5e98","__parent":"coil01","position":[-1370.90503,-839.8974,105.328346],"decalType":"None","isRenderEnabled":false,"rotationMatrix":[-0.734322309,0.678801,0,-0.678801,-0.734322309,0,0,0,1],"shapeName":"/art/shapes/objects/s_coil.dae","useInstanceRenderData":true}
{"class":"TSStatic","persistentId":"0ed8a054-a329-49fd-b2b3-71b98fd4f810","__parent":"coil01","position":[-1372.12549,-841.217468,105.328346],"decalType":"None","isRenderEnabled":false,"rotationMatrix":[-0.734322309,0.678801,0,-0.678801,-0.734322309,0,0,0,1],"shapeName":"/art/shapes/objects/s_coil.dae","useInstanceRenderData":true}
{"class":"TSStatic","persistentId":"86df04ee-14c9-4407-b8e3-706ef6053e45","__parent":"coil01","position":[-1373.13098,-842.305237,105.328346],"decalType":"None","isRenderEnabled":false,"rotationMatrix":[-0.734322309,0.678801,0,-0.678801,-0.734322309,0,0,0,1],"shapeName":"/art/shapes/objects/s_coil.dae","useInstanceRenderData":true}
{"class":"TSStatic","persistentId":"a5bcceae-0563-4406-b0bf-2250bf671d1d","__parent":"coil01","position":[-1374.41064,-843.689636,105.328346],"decalType":"None","isRenderEnabled":false,"rotationMatrix":[-0.734322309,0.678801,0,-0.678801,-0.734322309,0,0,0,1],"shapeName":"/art/shapes/objects/s_coil.dae","useInstanceRenderData":true}
{"class":"TSStatic","persistentId":"8afc13d7-38d8-4111-aae2-d8e5ca1b6150","__parent":"coil01","position":[-1369.83838,-838.743347,105.328346],"decalType":"None","isRenderEnabled":false,"rotationMatrix":[-0.734322309,0.678801,0,-0.678801,-0.734322309,0,0,0,1],"shapeName":"/art/shapes/objects/s_coil.dae","useInstanceRenderData":true}
{"class":"TSStatic","persistentId":"f475e309-4bf7-43bb-be35-2f995abbf82e","__parent":"coil01","position":[-1364.09656,-832.532043,105.328346],"decalType":"None","isRenderEnabled":false,"rotationMatrix":[-0.695407987,0.642829239,-0.321213394,-0.678801,-0.734322071,-2.98023224e-08,-0.235874146,0.218039975,0.947006822],"shapeName":"/art/shapes/objects/s_coil.dae","useInstanceRenderData":true}
{"class":"TSStatic","persistentId":"23890020-6207-4b3c-92bd-d8d4e9df0353","__parent":"coil01","position":[-1365.31702,-833.852112,105.328346],"decalType":"None","isRenderEnabled":false,"rotationMatrix":[-0.704154253,0.650914133,-0.283684701,-0.678800881,-0.734322071,0,-0.208315998,0.192565456,0.958917618],"shapeName":"/art/shapes/objects/s_coil.dae","useInstanceRenderData":true}
{"class":"TSStatic","persistentId":"e2335e4d-1cd9-47bf-95e9-d2c68ed01c51","__parent":"coil01","position":[-1366.32251,-834.93988,105.328346],"decalType":"None","isRenderEnabled":false,"rotationMatrix":[-0.734322309,0.678801,0,-0.678801,-0.734322309,0,0,0,1],"shapeName":"/art/shapes/objects/s_coil.dae","useInstanceRenderData":true}
{"class":"TSStatic","persistentId":"03ee6b6e-ac94-403a-8a7f-fea3b1a35a8e","__parent":"coil01","position":[-1367.60217,-836.32428,105.328346],"decalType":"None","isRenderEnabled":false,"rotationMatrix":[-0.727074146,0.672100961,0.140154466,-0.678801,-0.73432219,7.4505806e-09,0.10291855,-0.0951369926,0.99012965],"shapeName":"/art/shapes/objects/s_coil.dae","useInstanceRenderData":true}
{"class":"TSStatic","persistentId":"9ae76f89-a139-4b9c-9376-c08d2412a3b2","__parent":"coil01","position":[-1363.02991,-831.377991,105.328346],"decalType":"None","isRenderEnabled":false,"rotationMatrix":[-0.197275877,0.182360083,-0.963237822,-0.67880106,-0.734322309,0,-0.707326949,0.6538468,0.268650293],"shapeName":"/art/shapes/objects/s_coil.dae","useInstanceRenderData":true}
{"class":"TSStatic","persistentId":"a1a85d60-02d4-4f64-a4e8-fdbcffa2ef56","__parent":"coil01","position":[-1365.8678,-834.448547,104.410599],"annotation":"OBSTACLES","collisionType":"Visible Mesh Final","decalType":"None","isRenderEnabled":false,"rotationMatrix":[-0.734322309,0.678801,0,-0.678801,-0.734322309,0,0,0,1],"shapeName":"/levels/west_coast_usa/art/shapes/buildings/steel_factory/s_steel_factory_coil_support.dae","useInstanceRenderData":true}
{"class":"TSStatic","persistentId":"01b82c09-29a7-425d-a886-9359fbea9721","__parent":"coil01","position":[-1369.52319,-841.329956,105.494606],"decalType":"None","isRenderEnabled":false,"rotationMatrix":[-0.676107883,0.624988198,0.390214503,-0.678800821,-0.734322071,0,0.28654319,-0.264877975,0.920723975],"scale":[1.20000005,0.899999976,1.20000005],"shapeName":"/art/shapes/objects/s_coil.dae","useInstanceRenderData":true}
{"class":"TSStatic","persistentId":"b5c62a36-9ac2-4121-a8d2-89232bd87e88","__parent":"coil01","position":[-1370.74329,-842.650391,105.494675],"decalType":"None","isRenderEnabled":false,"rotationMatrix":[-0.687914729,0.635902226,-0.34985888,-0.678800762,-0.73432219,1.49011612e-08,-0.256909192,0.23748453,0.936802387],"scale":[1.20000005,0.899999976,1.20000005],"shapeName":"/art/shapes/objects/s_coil.dae","useInstanceRenderData":true}
{"class":"TSStatic","persistentId":"699b1507-093d-4a00-b177-d6066f77fdc7","__parent":"coil01","position":[-1371.74915,-843.737793,105.494606],"decalType":"None","isRenderEnabled":false,"rotationMatrix":[-0.734322309,0.678801,0,-0.678801,-0.734322309,0,0,0,1],"scale":[1.20000005,0.899999976,1.20000005],"shapeName":"/art/shapes/objects/s_coil.dae","useInstanceRenderData":true}
{"class":"TSStatic","persistentId":"6fa2f891-ca84-449b-9055-e6d6c9b8ae1c","__parent":"coil01","position":[-1373.02881,-845.122192,105.328346],"decalType":"None","isRenderEnabled":false,"rotationMatrix":[-0.734322309,0.678801,0,-0.678801,-0.734322309,0,0,0,1],"shapeName":"/art/shapes/objects/s_coil.dae","useInstanceRenderData":true}
{"class":"TSStatic","persistentId":"2886d1c6-80fd-4f59-9ea5-87c3506a4f58","__parent":"coil01","position":[-1368.45654,-840.175903,105.494606],"decalType":"None","isRenderEnabled":false,"rotationMatrix":[-0.734322309,0.678801,0,-0.678801,-0.734322309,0,0,0,1],"scale":[1.20000005,0.899999976,1.20000005],"shapeName":"/art/shapes/objects/s_coil.dae","useInstanceRenderData":true}
{"class":"TSStatic","persistentId":"43650aac-3636-42d0-bd4b-26fcd30e56a2","__parent":"coil01","position":[-1362.71472,-833.9646,105.328346],"decalType":"None","isRenderEnabled":false,"rotationMatrix":[-0.734322309,0.678801,0,-0.678801,-0.734322309,0,0,0,1],"shapeName":"/art/shapes/objects/s_coil.dae","useInstanceRenderData":true}
{"class":"TSStatic","persistentId":"54b69b70-5e2b-46f1-b301-bae9ed712eea","__parent":"coil01","position":[-1363.93518,-835.284668,105.497269],"decalType":"None","isRenderEnabled":false,"rotationMatrix":[-0.71865654,0.664319694,-0.20545578,-0.678801,-0.73432219,7.4505806e-09,-0.15087077,0.139463603,0.978666425],"scale":[1.20000005,0.899999976,1.20000005],"shapeName":"/art/shapes/objects/s_coil.dae","useInstanceRenderData":true}
{"class":"TSStatic","persistentId":"be67dfa8-d23e-4a3d-ac8e-2fd029bb2530","__parent":"coil01","position":[-1364.94092,-836.372192,105.497177],"decalType":"None","isRenderEnabled":false,"rotationMatrix":[-0.728318334,0.673250854,-0.127613544,-0.678800762,-0.73432219,1.86264515e-08,-0.0937094688,0.0866241902,0.991823971],"scale":[1.20000005,0.899999976,1.20000005],"shapeName":"/art/shapes/objects/s_coil.dae","useInstanceRenderData":true}
{"class":"TSStatic","persistentId":"11c72687-40a7-4020-9e77-f5c0293aa5df","__parent":"coil01","position":[-1366.22034,-837.756836,105.497269],"decalType":"None","isRenderEnabled":false,"rotationMatrix":[-0.640516043,0.592087269,0.489051521,-0.678800821,-0.734322071,-2.98023224e-08,0.359121442,-0.331968635,0.872254848],"scale":[1.20000005,0.899999976,1.20000005],"shapeName":"/art/shapes/objects/s_coil.dae","useInstanceRenderData":true}
{"class":"TSStatic","persistentId":"443442df-88c3-4b13-820d-96cd91d7bde6","__parent":"coil01","position":[-1361.64807,-832.810547,105.328346],"decalType":"None","isRenderEnabled":false,"rotationMatrix":[-0.652362466,0.603038192,0.459094673,-0.678800941,-0.734322071,1.49011612e-08,0.337123424,-0.311633885,0.888387322],"shapeName":"/art/shapes/objects/s_coil.dae","useInstanceRenderData":true}
{"class":"TSStatic","persistentId":"90fb798f-fb37-4832-95e3-f99d1b4c365a","__parent":"coil01","position":[-1364.48596,-835.881104,104.410599],"annotation":"OBSTACLES","collisionType":"Visible Mesh Final","decalType":"None","isRenderEnabled":false,"rotationMatrix":[-0.734322309,0.678801,0,-0.678801,-0.734322309,0,0,0,1],"shapeName":"/levels/west_coast_usa/art/shapes/buildings/steel_factory/s_steel_factory_coil_support.dae","useInstanceRenderData":true}
{"class":"TSStatic","persistentId":"bb9c16d8-3157-42fc-b95b-bed04a262fb8","__parent":"coil01","position":[-1371.29443,-843.24646,104.410599],"annotation":"OBSTACLES","collisionType":"Visible Mesh Final","decalType":"None","isRenderEnabled":false,"rotationMatrix":[-0.734322309,0.678801,0,-0.678801,-0.734322309,0,0,0,1],"shapeName":"/levels/west_coast_usa/art/shapes/buildings/steel_factory/s_steel_factory_coil_support.dae","useInstanceRenderData":true}
{"class":"TSStatic","persistentId":"88651a0c-0415-45a9-a642-fd5e085d9745","__parent":"coil01","position":[-1368.90503,-843.469055,105.044571],"decalType":"None","isRenderEnabled":false,"rotationMatrix":[-0.725692272,0.670823395,0.152860805,-0.678800881,-0.73432219,-3.7252903e-09,0.112249099,-0.10376206,0.988247752],"scale":[0.699999988,1.29999995,0.699999988],"shapeName":"/art/shapes/objects/s_coil.dae","useInstanceRenderData":true}
{"class":"TSStatic","persistentId":"371ea6cb-552f-4338-a56c-4103934d0b2a","__parent":"coil01","position":[-1370.18054,-844.848877,105.044571],"decalType":"None","isRenderEnabled":false,"rotationMatrix":[-0.658285379,0.608513355,-0.443137974,-0.678800821,-0.734321952,0,-0.325406104,0.300802469,0.896453381],"scale":[0.699999988,1.29999995,0.699999988],"shapeName":"/art/shapes/objects/s_coil.dae","useInstanceRenderData":true}
{"class":"TSStatic","persistentId":"781c1ffc-3eb7-4746-b377-4ca9b516d7cd","__parent":"coil01","position":[-1371.46021,-846.233276,105.044571],"decalType":"None","isRenderEnabled":false,"rotationMatrix":[-0.603386521,0.557765126,0.569931865,-0.678800821,-0.734322071,-1.49011612e-08,0.418513656,-0.386870265,0.82169193],"scale":[0.699999988,1.29999995,0.699999988],"shapeName":"/art/shapes/objects/s_coil.dae","useInstanceRenderData":true}
{"class":"TSStatic","persistentId":"c6cdd2e0-0074-405c-8974-c79dadc98d8e","__parent":"coil01","position":[-1362.36658,-836.395752,105.044571],"decalType":"None","isRenderEnabled":false,"rotationMatrix":[-0.709500074,0.655855477,-0.257804096,-0.678800881,-0.73432219,0,-0.189311311,0.174997672,0.966197193],"scale":[0.699999988,1.29999995,0.699999988],"shapeName":"/art/shapes/objects/s_coil.dae","useInstanceRenderData":true}
{"class":"TSStatic","persistentId":"e2cde0bf-fe03-42b0-b058-c03b1569703a","__parent":"coil01","position":[-1364.65173,-838.86792,105.044571],"decalType":"None","isRenderEnabled":false,"rotationMatrix":[-0.725674033,0.670806766,0.153020471,-0.678800941,-0.73432219,7.4505806e-09,0.112366349,-0.103870451,0.988223016],"scale":[0.699999988,1.29999995,0.699999988],"shapeName":"/art/shapes/objects/s_coil.dae","useInstanceRenderData":true}
{"class":"TSStatic","persistentId":"a47aa087-2fc9-452c-b6c0-8c851a2bf91e","__parent":"coil01","position":[-1360.07947,-833.921631,105.044571],"decalType":"None","isRenderEnabled":false,"rotationMatrix":[-0.483789086,0.447210521,-0.752296686,-0.678800881,-0.734321952,0,-0.552428246,0.510659754,0.658824384],"scale":[0.699999988,1.29999995,0.699999988],"shapeName":"/art/shapes/objects/s_coil.dae","useInstanceRenderData":true}
{"class":"TSStatic","persistentId":"a5818d9d-9cc9-4e10-a01e-4fd563a09188","__parent":"coil01","position":[-1362.91736,-836.992188,104.410599],"annotation":"OBSTACLES","collisionType":"Visible Mesh Final","decalType":"None","isRenderEnabled":false,"rotationMatrix":[-0.734322309,0.678801,0,-0.678801,-0.734322309,0,0,0,1],"shapeName":"/levels/west_coast_usa/art/shapes/buildings/steel_factory/s_steel_factory_coil_support.dae","useInstanceRenderData":true}
{"class":"TSStatic","persistentId":"cc75e4b8-d1cd-46dc-93e4-5ef406f9c9b3","__parent":"coil01","position":[-1369.72583,-844.357544,104.410599],"annotation":"OBSTACLES","collisionType":"Visible Mesh Final","decalType":"None","isRenderEnabled":false,"rotationMatrix":[-0.734322309,0.678801,0,-0.678801,-0.734322309,0,0,0,1],"shapeName":"/levels/west_coast_usa/art/shapes/buildings/steel_factory/s_steel_factory_coil_support.dae","useInstanceRenderData":true}
