{"class":"TSStatic","persistentId":"922747e0-77db-42ed-8b2b-a9b1d89b4def","__parent":"trail_001","position":[-132.704102,121.242851,193.706757],"isRenderEnabled":false,"rotationMatrix":[-0.586381078,-0.722011983,0.367228061,0.784363925,-0.619324803,0.0347908288,0.202313989,0.308441043,0.929480076],"shapeName":"/levels/johnson_valley/art/shapes/rocks/s_rocks_desert_low_tiny.dae","useInstanceRenderData":true}
{"class":"TSStatic","persistentId":"e91c053f-1d67-4057-8a40-4950ee5534e9","__parent":"trail_001","position":[-141.306198,109.464493,196.974121],"isRenderEnabled":false,"rotationMatrix":[-0.831444502,0.552061439,-0.0626720786,-0.549035907,-0.799069285,0.245046064,0.0852011591,0.238151476,0.96748364],"shapeName":"/levels/johnson_valley/art/shapes/rocks/s_rocks_desert_low_small.dae","useInstanceRenderData":true}
{"class":"TSStatic","persistentId":"b31e04fc-eda4-4341-865c-dac249933b3c","__parent":"trail_001","position":[-134.130386,111.935341,196.488449],"isRenderEnabled":false,"rotationMatrix":[-0.995416284,-0.075802274,-0.0583203398,0.0548248105,-0.951895833,0.301478863,-0.0783676356,0.296899438,0.951687574],"shapeName":"/levels/johnson_valley/art/shapes/rocks/s_rocks_desert_low_small.dae","useInstanceRenderData":true}
{"class":"TSStatic","persistentId":"56ab5699-c1ae-48cd-8659-91df7ad00a6f","__parent":"trail_001","position":[-139.997803,121.353661,195.155273],"isRenderEnabled":false,"rotationMatrix":[0.562255383,0.817186475,-0.126788557,-0.807842135,0.575540125,0.127062023,0.176805258,0.0309838094,0.983758032],"shapeName":"/levels/johnson_valley/art/shapes/rocks/s_rocks_desert_low_small.dae","useInstanceRenderData":true}
{"class":"TSStatic","persistentId":"c47572c6-93a4-4489-992c-e1db1100f65e","__parent":"trail_001","position":[-145.639984,102.796997,198.54538],"isRenderEnabled":false,"rotationMatrix":[0.995214224,0.0415436551,-0.0884461775,-0.0530669093,0.98980087,-0.132204726,0.082051836,0.136265591,0.987268567],"shapeName":"/levels/johnson_valley/art/shapes/rocks/s_rocks_desert_low_small.dae","useInstanceRenderData":true}
{"class":"TSStatic","persistentId":"d3975b7b-4966-4ac3-9e7e-754b2e708f5b","__parent":"trail_001","position":[-143.303101,93.2199249,201.139877],"isRenderEnabled":false,"rotationMatrix":[0.928509772,-0.248057753,0.27629146,0.318410665,0.91471684,-0.24881278,-0.191008508,0.318999231,0.928307772],"shapeName":"/levels/johnson_valley/art/shapes/rocks/s_rocks_desert_low_small.dae","useInstanceRenderData":true}
{"class":"TSStatic","persistentId":"d1b777ad-7042-47c3-8dc4-c4b5cf506c6b","__parent":"trail_001","position":[-345.11203,193.306793,211.843933],"isRenderEnabled":false,"rotationMatrix":[0.999089956,2.32830644e-10,-0.0426533632,0.00374910212,0.996129572,0.0878170505,0.0424882732,-0.0878970399,0.995223045],"shapeName":"/levels/johnson_valley/art/shapes/rocks/s_rocks_desert_large_03.dae","useInstanceRenderData":true}
{"class":"TSStatic","persistentId":"4495f364-9fe0-49d1-962e-96fd904f8cd9","__parent":"trail_001","position":[-349.25177,196.650894,212.881317],"isRenderEnabled":false,"rotationMatrix":[0.879011154,0,0.476801187,-0.358479053,0.6593436,0.660877228,-0.314375788,-0.751841664,0.579570353],"shapeName":"/levels/johnson_valley/art/shapes/rocks/s_rocks_desert_large_05.dae","useInstanceRenderData":true}
{"class":"TSStatic","persistentId":"4df50f64-3d3a-4d7a-8905-0a2994a2f334","__parent":"trail_001","position":[-339.003906,196.077972,212.56778],"isRenderEnabled":false,"rotationMatrix":[0.437986374,-2.98023224e-08,-0.89898181,0.762981772,0.528846025,0.371727049,0.475423068,-0.848717988,0.231627285],"shapeName":"/levels/johnson_valley/art/shapes/rocks/s_rocks_desert_large_06.dae","useInstanceRenderData":true}
{"class":"TSStatic","persistentId":"452129df-f0e3-4012-a6fa-215960a77c56","__parent":"trail_001","position":[-132.457367,186.841522,201.944275],"isRenderEnabled":false,"rotationMatrix":[-0.112636089,0,-0.99363631,0,1,0,0.99363631,0,-0.112636089],"shapeName":"/levels/johnson_valley/art/shapes/rocks/s_rocks_desert_medium_01.dae","useInstanceRenderData":true}
{"class":"TSStatic","persistentId":"e857f25a-4e65-42f5-ab82-ae19c6b307db","__parent":"trail_001","position":[-138.904694,190.27066,204.191315],"isRenderEnabled":false,"rotationMatrix":[1,0,0,0,-0.921088696,-0.389353603,0,0.389353603,-0.921088696],"shapeName":"/levels/johnson_valley/art/shapes/rocks/s_rocks_desert_medium_03.dae","useInstanceRenderData":true}
{"class":"TSStatic","persistentId":"f8e9947a-9313-45b1-90ba-e7d615d11a34","__parent":"trail_001","position":[-122.122612,115.585686,192.608826],"isRenderEnabled":false,"rotationMatrix":[0.452710688,-0.891657591,0,0.891657591,0.452710688,0,0,0,1],"shapeName":"/levels/johnson_valley/art/shapes/rocks/s_rocks_desert_large_02.dae","useInstanceRenderData":true}
{"class":"TSStatic","persistentId":"ab07a034-77d3-4ee0-9930-fc1a4cebd3fb","__parent":"trail_001","position":[-119.434891,114.489151,192.029434],"isRenderEnabled":false,"rotationMatrix":[-0.999139905,-0.0402899496,-0.0098582264,0.0414784811,-0.970510244,-0.23746638,-4.65661287e-10,-0.237670913,0.971345723],"shapeName":"/levels/johnson_valley/art/shapes/rocks/s_rocks_desert_large_02.dae","useInstanceRenderData":true}
{"class":"TSStatic","persistentId":"310b4be1-6362-4aff-8e31-53e9d4a341bb","__parent":"trail_001","position":[-126.147285,113.926201,194.411606],"isRenderEnabled":false,"rotationMatrix":[0.493373752,-0.858032644,0.142697141,0.855143726,0.448471963,-0.260004342,0.159096494,0.250305891,0.955005407],"shapeName":"/levels/johnson_valley/art/shapes/rocks/s_rocks_desert_huge_sheet_1.dae","useInstanceRenderData":true}
{"class":"TSStatic","persistentId":"0a5290d0-e15b-4225-9b03-82a9b8dcc3a2","__parent":"trail_001","position":[-126.720367,118.734947,193.143677],"isRenderEnabled":false,"rotationMatrix":[0.522494793,-0.852642536,0,0.852642536,0.522494793,0,0,0,1],"shapeName":"/levels/johnson_valley/art/shapes/rocks/s_rocks_desert_large_07.dae","useInstanceRenderData":true}
{"class":"TSStatic","persistentId":"75194a03-1f86-46a0-86b1-d27f3dd72758","__parent":"trail_001","position":[-128.941772,121.476685,191.711853],"isRenderEnabled":false,"rotationMatrix":[0.95546484,-0.29510504,0,0.29510504,0.95546484,0,0,0,1],"shapeName":"/levels/johnson_valley/art/shapes/rocks/s_rocks_desert_large_03.dae","useInstanceRenderData":true}
{"class":"TSStatic","persistentId":"b37d6a91-116f-4572-8e92-d9e965b2b016","__parent":"trail_001","position":[-130.443375,120.770653,192.883881],"isRenderEnabled":false,"rotationMatrix":[-0.999969482,0.00793574564,0,-0.00793574564,-0.999969482,0,0,0,1],"shapeName":"/levels/johnson_valley/art/shapes/rocks/s_rocks_desert_large_03.dae","useInstanceRenderData":true}
{"class":"TSStatic","persistentId":"97bcc076-54a5-4036-8b1b-10400e21c66a","__parent":"trail_001","position":[-128.938156,117.339378,193.126785],"isRenderEnabled":false,"rotationMatrix":[0.452710688,-0.891657591,0,0.891657591,0.452710688,0,0,0,1],"shapeName":"/levels/johnson_valley/art/shapes/rocks/s_rocks_desert_large_02.dae","useInstanceRenderData":true}
{"class":"TSStatic","persistentId":"2534b800-e641-42bf-8764-287adfa2457e","__parent":"trail_001","position":[-128.271667,117.993111,192.425247],"isRenderEnabled":false,"rotationMatrix":[-0.010979414,0.999190032,-0.0387211367,-0.98965162,-0.00531768799,0.143394902,0.143072814,0.0398947708,0.988907754],"shapeName":"/levels/johnson_valley/art/shapes/rocks/s_rocks_desert_large_02.dae","useInstanceRenderData":true}
{"class":"TSStatic","persistentId":"3ecc51ce-26cd-4292-8e22-fd236ab46378","__parent":"trail_001","position":[-130.056946,116.621063,195.422333],"isRenderEnabled":false,"rotationMatrix":[0.452710688,-0.891657591,0,0.891657591,0.452710688,0,0,0,1],"shapeName":"/levels/johnson_valley/art/shapes/rocks/s_rocks_desert_large_06.dae","useInstanceRenderData":true}
{"class":"TSStatic","persistentId":"f05423d2-41ad-40ec-bf7d-f9b89c8edd71","__parent":"trail_001","position":[-135.260986,126.796844,192.353851],"isRenderEnabled":false,"rotationMatrix":[0.271923661,-0.962318957,0,0.962318957,0.271923661,0,0,0,1],"shapeName":"/levels/johnson_valley/art/shapes/rocks/s_rocks_desert_large_03.dae","useInstanceRenderData":true}
{"class":"TSStatic","persistentId":"b535cf4d-9725-4257-a951-2544c0290e19","__parent":"trail_001","position":[-136.988388,123.733963,193.954803],"isRenderEnabled":false,"rotationMatrix":[0.635622025,0.772000372,0,-0.772000372,0.635622025,0,0,0,1],"shapeName":"/levels/johnson_valley/art/shapes/rocks/s_rocks_desert_large_03.dae","useInstanceRenderData":true}
{"class":"TSStatic","persistentId":"2c5c3a65-a462-459d-bb30-df2c96045c8d","__parent":"trail_001","position":[-125.376015,118.858521,191.202484],"isRenderEnabled":false,"rotationMatrix":[-0.88717258,0.461438626,0,-0.461438626,-0.88717258,0,0,0,1],"shapeName":"/levels/johnson_valley/art/shapes/rocks/s_rocks_desert_large_02.dae","useInstanceRenderData":true}
{"class":"TSStatic","persistentId":"6d944a23-66ea-42da-97a5-dbeec38510d2","__parent":"trail_001","position":[-139.851395,105.076012,198.070389],"isRenderEnabled":false,"rotationMatrix":[-0.818782687,-0.555696547,-0.144212753,0.574104488,-0.792529464,-0.205674872,7.4505806e-09,-0.251196086,0.967936218],"shapeName":"/levels/johnson_valley/art/shapes/rocks/s_rocks_desert_large_02.dae","useInstanceRenderData":true}
{"class":"TSStatic","persistentId":"7f5a39b5-1c36-41d9-beda-44d274820c0d","__parent":"trail_001","position":[-146.129837,110.270782,198.386017],"isRenderEnabled":false,"rotationMatrix":[0.442289591,-0.89165771,0.0965748727,0.871132731,0.45271045,0.190213591,-0.213325858,7.4505806e-09,0.976981103],"shapeName":"/levels/johnson_valley/art/shapes/rocks/s_rocks_desert_large_04.dae","useInstanceRenderData":true}
{"class":"TSStatic","persistentId":"f10b22e4-548d-46bf-9f8b-5a3c3f645773","__parent":"trail_001","position":[-147.383209,108.415604,198.196899],"isRenderEnabled":false,"rotationMatrix":[-0.999809027,0.0195289329,0,-0.0195289329,-0.999809027,0,0,0,1],"shapeName":"/levels/johnson_valley/art/shapes/rocks/s_rocks_desert_large_05.dae","useInstanceRenderData":true}
{"class":"TSStatic","persistentId":"e5312937-e375-4088-8171-2ea2c8afd4ce","__parent":"trail_001","position":[-147.366531,106.330254,197.12616],"isRenderEnabled":false,"rotationMatrix":[-0.818782687,-0.555696547,-0.144212753,0.574104488,-0.792529464,-0.205674872,7.4505806e-09,-0.251196086,0.967936218],"shapeName":"/levels/johnson_valley/art/shapes/rocks/s_rocks_desert_large_02.dae","useInstanceRenderData":true}
{"class":"TSStatic","persistentId":"75a82c11-209e-49ff-b6e0-ae694a8446ff","__parent":"trail_001","position":[-143.418915,105.575211,197.075623],"isRenderEnabled":false,"rotationMatrix":[-0.834421635,-0.460254729,0.303160071,0.501956463,-0.861786604,0.0732350722,0.227552533,0.213282108,0.950121343],"shapeName":"/levels/johnson_valley/art/shapes/rocks/s_rocks_desert_large_04.dae","useInstanceRenderData":true}
{"class":"TSStatic","persistentId":"4e7b19e5-7c85-4817-9225-aeb4073b2fc6","__parent":"trail_001","position":[-149.297394,101.721886,198.921204],"isRenderEnabled":false,"rotationMatrix":[-0.408376336,-0.912813962,0,0.912813962,-0.408376336,0,0,0,1],"shapeName":"/levels/johnson_valley/art/shapes/rocks/s_rocks_desert_large_07.dae","useInstanceRenderData":true}
{"class":"TSStatic","persistentId":"b11ddbae-1b3a-4f76-b203-a8e4e219194e","__parent":"trail_001","position":[-150.299622,92.437645,200.025803],"isRenderEnabled":false,"rotationMatrix":[0.774516344,-0.618112564,-0.134392574,0.630443931,0.736970425,0.243752301,-0.0516229905,-0.273517132,0.960480869],"shapeName":"/levels/johnson_valley/art/shapes/rocks/s_rocks_desert_large_03.dae","useInstanceRenderData":true}
{"class":"TSStatic","persistentId":"bf525ddb-e686-4048-b8c2-c6ffad946fde","__parent":"trail_001","position":[-146.858109,90.7969513,201.047913],"isRenderEnabled":false,"rotationMatrix":[-0.980000734,-0.0557112806,-0.191038251,0.110857397,-0.950090766,-0.291614652,-0.165257365,-0.306960464,0.9372648],"shapeName":"/levels/johnson_valley/art/shapes/rocks/s_rocks_desert_large_03.dae","useInstanceRenderData":true}
{"class":"TSStatic","persistentId":"ae60dd3e-ff6c-4f11-976f-4ac20710631e","__parent":"trail_001","position":[-157.393295,90.943367,202.141205],"isRenderEnabled":false,"rotationMatrix":[-0.818782687,-0.555696547,-0.144212753,0.574104488,-0.792529464,-0.205674872,7.4505806e-09,-0.251196086,0.967936218],"shapeName":"/levels/johnson_valley/art/shapes/rocks/s_rocks_desert_large_02.dae","useInstanceRenderData":true}
{"class":"TSStatic","persistentId":"5a9b8073-9043-4f72-9f7e-0c417daf83d2","__parent":"trail_001","position":[-152.83194,87.181427,202.17131],"isRenderEnabled":false,"rotationMatrix":[-0.722925186,0.68395406,0.0979101658,-0.690926611,-0.715629816,-0.102444619,0,-0.141708508,0.989908457],"shapeName":"/levels/johnson_valley/art/shapes/rocks/s_rocks_desert_large_07.dae","useInstanceRenderData":true}
{"class":"TSStatic","persistentId":"6893d936-191b-4370-ad03-2b0fa90ff1ce","__parent":"trail_001","position":[-154.344986,89.7338257,200.802322],"isRenderEnabled":false,"rotationMatrix":[0.927507997,-0.295105129,0.22943829,0.286470383,0.95546478,0.0708643645,-0.240132645,-3.7252903e-09,0.97074008],"shapeName":"/levels/johnson_valley/art/shapes/rocks/s_rocks_desert_large_03.dae","useInstanceRenderData":true}
{"class":"TSStatic","persistentId":"a6539109-843a-45df-aa53-206aaa3a13e7","__parent":"trail_001","position":[-156.407028,86.9272156,202.093506],"isRenderEnabled":false,"rotationMatrix":[-0.981454015,0.0883234441,-0.170139521,-0.12023893,-0.974873781,0.187521234,-0.149302006,0.204500809,0.967413247],"shapeName":"/levels/johnson_valley/art/shapes/rocks/s_rocks_desert_large_03.dae","useInstanceRenderData":true}
{"class":"TSStatic","persistentId":"bb0c5c47-2338-4fa8-8876-254795699b46","__parent":"trail_001","position":[-157.741348,86.1822052,200.749542],"isRenderEnabled":false,"rotationMatrix":[-0.981438041,0.0219482277,-0.190520465,0.017320523,-0.979225874,-0.202032313,-0.190996796,-0.201582059,0.960668981],"shapeName":"/levels/johnson_valley/art/shapes/rocks/s_rocks_desert_large_02.dae","useInstanceRenderData":true}
{"class":"TSStatic","persistentId":"b06506d7-cc97-4d18-8ed7-b474762a2e23","__parent":"trail_001","position":[-159.598221,83.7900162,202.705627],"isRenderEnabled":false,"rotationMatrix":[-0.270114899,-0.943708777,0.190925568,0.962828517,-0.264750957,0.0535627902,-7.4505806e-09,0.198296607,0.980142057],"shapeName":"/levels/johnson_valley/art/shapes/rocks/s_rocks_desert_low_flat_02.dae","useInstanceRenderData":true}
{"class":"TSStatic","persistentId":"442a0f1b-a0c9-487f-b666-2c97ee8236f0","__parent":"trail_001","position":[-161.356216,88.4954376,202.496429],"isRenderEnabled":false,"rotationMatrix":[0.820974648,-0.560124457,0.110730663,-0.570678532,-0.798844457,0.190194622,-0.0180760957,-0.219336554,-0.975481987],"shapeName":"/levels/johnson_valley/art/shapes/rocks/s_rocks_desert_large_02.dae","useInstanceRenderData":true}
{"class":"TSStatic","persistentId":"9647f994-5caa-4c19-8ac2-de0f71b93e1a","__parent":"trail_001","position":[-155.585098,85.8427048,203.458099],"isRenderEnabled":false,"rotationMatrix":[-0.82657218,-0.498329133,-0.261623561,0.488251716,-0.866102219,0.107133612,-0.279980481,-0.0391844921,0.959205687],"shapeName":"/levels/johnson_valley/art/shapes/rocks/s_rocks_desert_large_07.dae","useInstanceRenderData":true}
{"class":"TSStatic","persistentId":"3b60de88-fad9-4ce4-8fd1-efe2298c4a56","__parent":"trail_001","position":[-156.76503,88.1801224,201.33757],"isRenderEnabled":false,"rotationMatrix":[0.657133162,0.718007088,0.22943832,-0.747006416,0.661029279,0.0708643869,-0.100784346,-0.217959225,0.97074008],"shapeName":"/levels/johnson_valley/art/shapes/rocks/s_rocks_desert_large_03.dae","useInstanceRenderData":true}
{"class":"TSStatic","persistentId":"7c7e8945-50fc-4498-8fc0-2a51a59cf767","__parent":"trail_001","position":[-166.368973,74.6438751,204.882782],"isRenderEnabled":false,"rotationMatrix":[-0.094209671,-0.990875542,0.0963864625,0.99555248,-0.0937671661,0.00912110507,0,0.0968170688,0.9953022],"shapeName":"/levels/johnson_valley/art/shapes/rocks/s_rocks_desert_huge_sheet_1.dae","useInstanceRenderData":true}
{"class":"TSStatic","persistentId":"9be95d73-3288-4cdd-8519-c209d9061647","__parent":"trail_001","position":[-160.875397,75.5823517,203.265152],"isRenderEnabled":false,"rotationMatrix":[-0.23836875,-0.971174836,0,0.971174836,-0.23836875,0,0,0,1],"shapeName":"/levels/johnson_valley/art/shapes/rocks/s_rocks_desert_large_02.dae","useInstanceRenderData":true}
{"class":"TSStatic","persistentId":"1e59dea5-b6a0-43d5-9813-89d4d8d68e3e","__parent":"trail_001","position":[-159.075699,71.7812424,206.249054],"isRenderEnabled":false,"rotationMatrix":[0.45271045,-0.877381921,-0.158916563,0.89165771,0.445462406,0.080684796,0,-0.178226009,0.983989596],"shapeName":"/levels/johnson_valley/art/shapes/rocks/s_rocks_desert_large_03.dae","useInstanceRenderData":true}
{"class":"TSStatic","persistentId":"34aae6ad-5250-41fc-9f2b-b4093197b59f","__parent":"trail_001","position":[-160.941422,73.6228714,204.447311],"isRenderEnabled":false,"rotationMatrix":[-0.335978985,0.933368862,0.126256675,-0.937623203,-0.31873107,-0.138828114,-0.0893359184,-0.165024504,0.982235193],"shapeName":"/levels/johnson_valley/art/shapes/rocks/s_rocks_desert_large_03.dae","useInstanceRenderData":true}
{"class":"TSStatic","persistentId":"4c41a0da-b43b-456a-ae6a-06fa5857347c","__parent":"trail_001","position":[-163.562759,73.6129074,204.82814],"isRenderEnabled":false,"rotationMatrix":[-0.533854127,0.836648047,-0.12256033,-0.8455773,-0.5282166,0.0773782432,-7.4505806e-09,0.144942835,0.989440024],"shapeName":"/levels/johnson_valley/art/shapes/rocks/s_rocks_desert_large_03.dae","useInstanceRenderData":true}
{"class":"TSStatic","persistentId":"14bc72d7-1b5d-48ed-a601-4fe523b73263","__parent":"trail_001","position":[-160.388153,72.0202332,204.505966],"isRenderEnabled":false,"rotationMatrix":[0.602340877,-0.0894438624,-0.793212056,0.795973897,-0.00750505924,0.605284512,-0.0600920618,-0.995963633,0.0666743517],"shapeName":"/levels/johnson_valley/art/shapes/rocks/s_rocks_desert_large_02.dae","useInstanceRenderData":true}
{"class":"TSStatic","persistentId":"c48d4c70-c129-4947-a98d-6721c014e0dc","__parent":"trail_001","position":[-163.495575,68.9412003,206.181229],"isRenderEnabled":false,"rotationMatrix":[0.602340817,-0.796283841,-0.0558381006,0.795974135,0.593894303,0.117111579,-0.0600920767,-0.114986777,0.991547763],"shapeName":"/levels/johnson_valley/art/shapes/rocks/s_rocks_desert_large_02.dae","useInstanceRenderData":true}
{"class":"TSStatic","persistentId":"d5a22c7a-2ae5-428c-8fa7-b809fb974f02","__parent":"trail_001","position":[-158.996658,70.0361099,207.259583],"isRenderEnabled":false,"rotationMatrix":[0.508348286,-0.819357634,0.265019596,0.764960408,0.570988595,0.298006386,-0.395496905,0.0512383655,0.91703701],"shapeName":"/levels/johnson_valley/art/shapes/rocks/s_rocks_desert_large_06.dae","useInstanceRenderData":true}
{"class":"TSStatic","persistentId":"a5fd9e63-1e24-44fd-97ea-817515a78c1a","__parent":"trail_001","position":[-162.733948,71.4319077,206.33345],"isRenderEnabled":false,"rotationMatrix":[0.993768394,0.0889546573,0.0671669692,0.0249035619,0.410162747,-0.911672294,-0.108646885,0.907663882,0.405391514],"shapeName":"/levels/johnson_valley/art/shapes/rocks/s_rocks_desert_large_06.dae","useInstanceRenderData":true}
{"class":"TSStatic","persistentId":"537613fa-b09a-4be1-9dfd-d9dcdeaa71b7","__parent":"trail_001","position":[-158.106918,67.1437836,208.174179],"isRenderEnabled":false,"rotationMatrix":[0.976492405,0.215551853,0,-0.215551853,0.976492405,0,0,0,1],"shapeName":"/levels/johnson_valley/art/shapes/rocks/s_rocks_desert_large_03.dae","useInstanceRenderData":true}
{"class":"TSStatic","persistentId":"b4cfb173-bb66-41d5-bd66-e1867df2dd90","__parent":"trail_001","position":[-165.265732,67.2594223,208.321747],"isRenderEnabled":false,"rotationMatrix":[0.859871626,0.510182083,-0.0183056649,-0.510510385,0.859318614,-0.0308329165,0,0.0358575806,0.999356925],"shapeName":"/levels/johnson_valley/art/shapes/rocks/s_rocks_desert_large_03.dae","useInstanceRenderData":true}
{"class":"TSStatic","persistentId":"bd5a79a3-53af-42c5-a4f2-175615aef401","__parent":"trail_001","position":[-161.941711,67.0608139,207.735626],"isRenderEnabled":false,"rotationMatrix":[-0.168033242,0.971690416,-0.16607967,-0.985212803,-0.1712569,-0.00517895073,-0.0334746316,0.162753582,0.986098766],"shapeName":"/levels/johnson_valley/art/shapes/rocks/s_rocks_desert_large_03.dae","useInstanceRenderData":true}
{"class":"TSStatic","persistentId":"262aae1d-ccf1-4259-acc8-21e1f79af264","__parent":"trail_001","position":[-156.392715,66.1982651,209.782303],"isRenderEnabled":false,"rotationMatrix":[0.452710688,-0.891657591,0,0.891657591,0.452710688,0,0,0,1],"shapeName":"/levels/johnson_valley/art/shapes/rocks/s_rocks_desert_large_03.dae","useInstanceRenderData":true}
{"class":"TSStatic","persistentId":"aff698ee-f30f-439d-9eae-f05f5d7d0a5a","__parent":"trail_001","position":[-161.619003,64.3376923,208.47435],"isRenderEnabled":false,"rotationMatrix":[0.45271045,-0.865483046,-0.214458913,0.89165771,0.439421058,0.108884662,-1.49011612e-08,-0.240517139,0.970644891],"shapeName":"/levels/johnson_valley/art/shapes/rocks/s_rocks_desert_large_03.dae","useInstanceRenderData":true}
{"class":"TSStatic","persistentId":"d7a1c7c6-086e-47c8-80ed-d0bbedad98ff","__parent":"trail_001","position":[-163.051483,63.3519249,210.047684],"isRenderEnabled":false,"rotationMatrix":[0.827940464,0.56081599,0,-0.56081599,0.827940464,0,0,0,1],"shapeName":"/levels/johnson_valley/art/shapes/rocks/s_rocks_desert_large_06.dae","useInstanceRenderData":true}
{"class":"TSStatic","persistentId":"8d423211-26dd-4db2-b49c-3e8c6aa225d6","__parent":"trail_001","position":[-161.143463,57.0048599,211.383713],"isRenderEnabled":false,"rotationMatrix":[0.452710688,-0.891657591,0,0.891657591,0.452710688,0,0,0,1],"shapeName":"/levels/johnson_valley/art/shapes/rocks/s_rocks_desert_large_03.dae","useInstanceRenderData":true}
{"class":"TSStatic","persistentId":"9cfa810c-599e-46d1-ab28-a0aea003d0f0","__parent":"trail_001","position":[-158.513321,58.8664284,212.029831],"isRenderEnabled":false,"rotationMatrix":[0.995000541,0.0889546797,-0.0453983322,-0.0781281218,0.410162508,-0.908659935,-0.0622088388,0.907664061,0.415061772],"shapeName":"/levels/johnson_valley/art/shapes/rocks/s_rocks_desert_large_06.dae","useInstanceRenderData":true}
{"class":"TSStatic","persistentId":"829c33f9-fbbc-403f-a62c-77d3ce203d88","__parent":"trail_001","position":[-157.243011,62.9497337,209.891312],"isRenderEnabled":false,"rotationMatrix":[-0.335978985,0.933368862,0.126256675,-0.937623203,-0.31873107,-0.138828114,-0.0893359184,-0.165024504,0.982235193],"shapeName":"/levels/johnson_valley/art/shapes/rocks/s_rocks_desert_large_03.dae","useInstanceRenderData":true}
{"class":"TSStatic","persistentId":"c40cb947-2330-431b-801b-332955889441","__parent":"trail_001","position":[-158.941513,59.7347641,210.407104],"isRenderEnabled":false,"rotationMatrix":[0.0759202838,-0.989087999,0.126256645,0.98860687,0.0581620336,-0.138828099,0.129969895,0.135358065,0.982235193],"shapeName":"/levels/johnson_valley/art/shapes/rocks/s_rocks_desert_large_03.dae","useInstanceRenderData":true}
{"class":"TSStatic","persistentId":"19a7aa32-8e65-42a8-ae1d-002df087559f","__parent":"trail_001","position":[-157.36998,57.2418556,212.719681],"isRenderEnabled":false,"rotationMatrix":[0.259091973,0.96248138,-0.0806275904,-0.943225265,0.270102501,0.193315059,0.207839876,0.0259636045,0.977818251],"shapeName":"/levels/johnson_valley/art/shapes/rocks/s_rocks_desert_large_03.dae","useInstanceRenderData":true}
{"class":"TSStatic","persistentId":"d174ae77-ddb6-4f6e-a87b-383cf5ea8e7d","__parent":"trail_001","position":[-161.37236,53.8657799,212.197754],"isRenderEnabled":false,"rotationMatrix":[-0.363472581,-0.920451164,-0.143727958,0.930809975,-0.352441549,-0.0968404412,0.0384811834,-0.168982238,0.984867632],"shapeName":"/levels/johnson_valley/art/shapes/rocks/s_rocks_desert_large_03.dae","useInstanceRenderData":true}
{"class":"TSStatic","persistentId":"44d10fc8-8fe4-464d-98ff-3b51209eec70","__parent":"trail_001","position":[-158.051605,49.9396095,212.683853],"isRenderEnabled":false,"rotationMatrix":[-0.76788342,-0.569176316,0.293928415,0.563257456,-0.818462253,-0.113406256,0.305117399,0.078474611,0.949075937],"shapeName":"/levels/johnson_valley/art/shapes/rocks/s_rocks_desert_huge_sheet_2.dae","useInstanceRenderData":true}
{"class":"TSStatic","persistentId":"aa66fff1-95ab-4c64-9a94-38aab4a73186","__parent":"trail_001","position":[-160.857788,49.5622292,214.272263],"isRenderEnabled":false,"rotationMatrix":[0.452710688,-0.891657591,0,0.891657591,0.452710688,0,0,0,1],"shapeName":"/levels/johnson_valley/art/shapes/rocks/s_rocks_desert_large_03.dae","useInstanceRenderData":true}
{"class":"TSStatic","persistentId":"934158b0-ec1d-4f63-9c2e-3d6158817212","__parent":"trail_001","position":[-158.572556,48.9753914,214.292923],"isRenderEnabled":false,"rotationMatrix":[-0.549941897,-0.819945455,-0.158916622,0.82048738,-0.565943241,0.0806848034,-0.15609479,-0.0860171244,0.983989596],"shapeName":"/levels/johnson_valley/art/shapes/rocks/s_rocks_desert_large_03.dae","useInstanceRenderData":true}
{"class":"TSStatic","persistentId":"01f6dd8e-c76b-4cc0-bfae-dcfe9cc881d3","__parent":"trail_001","position":[-160.570374,47.6980896,215.052444],"isRenderEnabled":false,"rotationMatrix":[0.969924033,0.156333402,0.186567008,-0.143210486,0.986294329,-0.081940867,-0.19682008,0.0527580753,0.979019105],"shapeName":"/levels/johnson_valley/art/shapes/rocks/s_rocks_desert_large_03.dae","useInstanceRenderData":true}
{"class":"TSStatic","persistentId":"f0cd9ed7-7510-4b9e-bc0f-523c13adcb79","__parent":"trail_001","position":[-160.173599,45.9001274,214.893494],"isRenderEnabled":false,"rotationMatrix":[-0.277425289,0.960264027,0.0304771066,-0.930530012,-0.260671139,-0.257225633,-0.239059955,-0.0997206643,0.965870678],"shapeName":"/levels/johnson_valley/art/shapes/rocks/s_rocks_desert_large_02.dae","useInstanceRenderData":true}
{"class":"TSStatic","persistentId":"8ce5a2d0-e73d-47f3-9315-43c03c04644b","__parent":"trail_001","position":[-154.264389,47.2296753,215.351578],"isRenderEnabled":false,"rotationMatrix":[0.779890656,0.625833631,0.0101496242,-0.612820506,0.760173678,0.215840906,0.127364963,-0.174552232,0.976375818],"shapeName":"/levels/johnson_valley/art/shapes/rocks/s_rocks_desert_large_02.dae","useInstanceRenderData":true}
{"class":"TSStatic","persistentId":"4170d55b-ec33-4d20-95f7-d456bfefe6d3","__parent":"trail_001","position":[-129.875732,150.472137,193.51532],"isRenderEnabled":false,"rotationMatrix":[0.601947665,0.608248174,-0.517390966,-0.765119135,0.624792278,-0.155652106,0.228586882,0.489560008,0.841474414],"shapeName":"/levels/johnson_valley/art/shapes/rocks/s_rocks_desert_large_02.dae","useInstanceRenderData":true}
{"class":"TSStatic","persistentId":"192780ec-cda3-45ba-be9e-579b607f5db9","__parent":"trail_001","position":[-134.209198,154.544754,194.19342],"isRenderEnabled":false,"rotationMatrix":[0.93748939,-0.0387330279,-0.345851809,-0.0839758441,0.939243972,-0.332819551,0.337730318,0.341057986,0.877278566],"shapeName":"/levels/johnson_valley/art/shapes/rocks/s_rocks_desert_large_03.dae","useInstanceRenderData":true}
{"class":"TSStatic","persistentId":"093f3130-3337-4f1f-95e2-403d22b6494a","__parent":"trail_001","position":[-130.533142,154.360718,193.71904],"isRenderEnabled":false,"rotationMatrix":[-0.0152155161,0.999499857,0.0277300179,0.166440666,0.0298777819,-0.985598922,-0.985934377,-0.0103807747,-0.166812181],"shapeName":"/levels/johnson_valley/art/shapes/rocks/s_rocks_desert_large_04.dae","useInstanceRenderData":true}
{"class":"TSStatic","persistentId":"1f985e6d-ed5d-4d8c-8455-9230f1bcaa47","__parent":"trail_001","position":[-135.035156,161.227432,196.232269],"isRenderEnabled":false,"rotationMatrix":[0.782800913,0.622272193,0,-0.607157052,0.763786435,0.219067633,0.136319682,-0.171486348,0.975709677],"shapeName":"/levels/johnson_valley/art/shapes/rocks/s_rocks_desert_huge_sheet_3.dae","useInstanceRenderData":true}
{"class":"TSStatic","persistentId":"702d1693-0a5b-4a46-a34c-031c8ab33d11","__parent":"trail_001","position":[-139.608078,140.560745,191.946609],"isRenderEnabled":false,"rotationMatrix":[-0.833492517,-0.519408047,0.188429967,0.51161617,-0.854295254,-0.0918088481,0.208661035,0.0198818371,0.977785885],"shapeName":"/levels/johnson_valley/art/shapes/rocks/s_rocks_desert_low_small.dae","useInstanceRenderData":true}
{"class":"TSStatic","persistentId":"3a318cc8-90b6-4fa9-9896-ae82aab1677c","__parent":"trail_001","position":[-134.574326,131.294495,191.664062],"isRenderEnabled":false,"rotationMatrix":[-0.984568954,-0.15566954,0.0799470916,0.15969345,-0.986064434,0.0466435179,0.0715719834,0.0586907715,0.995707214],"shapeName":"/levels/johnson_valley/art/shapes/rocks/s_rocks_desert_low_small.dae","useInstanceRenderData":true}
{"class":"TSStatic","persistentId":"4f5f8e52-b47d-44dd-9f9d-b62e7bb54094","__parent":"trail_001","position":[-134.02211,150.067307,192.799973],"isRenderEnabled":false,"rotationMatrix":[-0.999491453,-0.0141876983,-0.0285576768,0.0197002105,-0.978952169,-0.203136757,-0.0250745565,-0.203596041,0.978733838],"shapeName":"/levels/johnson_valley/art/shapes/rocks/s_rocks_desert_low_small.dae","useInstanceRenderData":true}
{"class":"TSStatic","persistentId":"8efd290e-5bab-4f29-adf9-1323d05bb5b6","__parent":"trail_001","position":[-133.810791,168.586731,197.42305],"isRenderEnabled":false,"rotationMatrix":[0.558345199,0.824903607,0.0882298127,-0.828905344,0.550329685,0.100265138,0.0341536179,-0.129116729,0.991041064],"shapeName":"/levels/johnson_valley/art/shapes/rocks/s_rocks_desert_low_small.dae","useInstanceRenderData":true}
{"class":"TSStatic","persistentId":"3dbad2fe-d6f3-44fe-a48d-65efa974fb6f","__parent":"trail_001","position":[-129.178467,163.872864,197.185562],"isRenderEnabled":false,"rotationMatrix":[0.329084933,-0.921036839,-0.208313361,0.778224111,0.389475703,-0.49262172,0.534855723,-1.49011612e-08,0.844943404],"shapeName":"/levels/johnson_valley/art/shapes/rocks/s_rocks_desert_large_03.dae","useInstanceRenderData":true}
{"class":"TSStatic","persistentId":"2c299db5-004b-4364-bd4c-5cea6bac307d","__parent":"trail_001","position":[-133.397324,169.420212,198.473083],"isRenderEnabled":false,"rotationMatrix":[0.845732212,0.512059808,-0.150106087,-0.529695034,0.839632392,-0.120169312,0.0645000637,0.181141496,0.981339633],"shapeName":"/levels/johnson_valley/art/shapes/rocks/s_rocks_desert_large_06.dae","useInstanceRenderData":true}
{"class":"TSStatic","persistentId":"91030691-a41f-471f-96db-1077c61e0f28","__parent":"trail_001","position":[-126.780067,171.639877,198.720566],"isRenderEnabled":false,"rotationMatrix":[0.921383977,0,-0.388653576,0,1,0,0.388653576,0,0.921383977],"shapeName":"/levels/johnson_valley/art/shapes/rocks/s_rocks_desert_large_02.dae","useInstanceRenderData":true}
{"class":"TSStatic","persistentId":"b0c867b1-85b4-436f-92a0-887dcd9d3750","__parent":"trail_001","position":[-128.12178,174.388702,198.190674],"isRenderEnabled":false,"rotationMatrix":[-0.372002244,-0.901016772,-0.223124117,0.823123395,-0.209099531,-0.527964473,0.429049581,-0.380062252,0.819432318],"shapeName":"/levels/johnson_valley/art/shapes/rocks/s_rocks_desert_large_02.dae","useInstanceRenderData":true}
{"class":"TSStatic","persistentId":"604c8fac-c481-4db2-9a47-8826ebda8c5f","__parent":"trail_001","position":[-132.107864,176.548615,198.43132],"isRenderEnabled":false,"rotationMatrix":[-0.560516,0.827973545,-0.0168035328,-0.811215341,-0.553026676,-0.189978376,-0.166589826,-0.0928545743,0.981644452],"shapeName":"/levels/johnson_valley/art/shapes/rocks/s_rocks_desert_large_03.dae","useInstanceRenderData":true}
{"class":"TSStatic","persistentId":"bf9f63a1-efb8-40b9-a719-a605f71d6bc7","__parent":"trail_001","position":[-129.632004,173.094421,198.323669],"isRenderEnabled":false,"rotationMatrix":[0.122285306,-0.989360213,0.0788217932,0.99227798,0.123533666,0.0111425593,-0.0207611583,0.0768505409,0.99682647],"shapeName":"/levels/johnson_valley/art/shapes/rocks/s_rocks_desert_large_07.dae","useInstanceRenderData":true}
{"class":"TSStatic","persistentId":"b5daaab2-7300-451e-881d-62b7449c7e6e","__parent":"trail_001","position":[-133.653244,178.754974,200.148865],"isRenderEnabled":false,"shapeName":"/levels/johnson_valley/art/shapes/rocks/s_rocks_desert_large_06.dae","useInstanceRenderData":true}
{"class":"TSStatic","persistentId":"9d08e375-832a-4b97-8b04-f939b98176a4","__parent":"trail_001","position":[-133.966431,173.885574,198.671173],"isRenderEnabled":false,"shapeName":"/levels/johnson_valley/art/shapes/rocks/s_rocks_desert_low_flat_01.dae","useInstanceRenderData":true}
{"class":"TSStatic","persistentId":"44d0d666-d9ac-4146-9cda-55f91ad150a1","__parent":"trail_001","position":[-129.023712,179.282608,200.49678],"isRenderEnabled":false,"rotationMatrix":[-0.0238106251,-0.999527216,0.0194499791,0.774092913,-0.0307449102,-0.632324934,0.63262403,0,0.774459064],"shapeName":"/levels/johnson_valley/art/shapes/rocks/s_rocks_desert_medium_03.dae","useInstanceRenderData":true}
{"class":"TSStatic","persistentId":"01c93df7-5aa3-4dca-9df3-ea22d5d80019","__parent":"trail_001","position":[-135.341385,181.755157,201.332535],"isRenderEnabled":false,"shapeName":"/levels/johnson_valley/art/shapes/rocks/s_rocks_desert_medium_02.dae","useInstanceRenderData":true}
{"class":"TSStatic","persistentId":"f3c2ffb1-4c2a-4bdf-b15c-bcd6ba66366d","__parent":"trail_001","position":[-133.037247,181.211823,200.472824],"isRenderEnabled":false,"rotationMatrix":[0.814144731,-0.293488503,0.501031935,0.339124918,0.94074136,0,-0.471341461,0.169912383,0.865428805],"shapeName":"/levels/johnson_valley/art/shapes/rocks/s_rocks_desert_medium_01.dae","useInstanceRenderData":true}
{"class":"TSStatic","persistentId":"68dd93f9-8795-4e7c-9e79-b643ecb95eaa","__parent":"trail_001","position":[-132.044998,171.65802,197.933212],"isRenderEnabled":false,"rotationMatrix":[-0.166052341,0.979409456,0.114822023,-0.979667306,-0.150548458,-0.132617593,-0.112600647,-0.134508789,0.98449403],"shapeName":"/levels/johnson_valley/art/shapes/rocks/s_rocks_desert_low_tiny.dae","useInstanceRenderData":true}
{"class":"TSStatic","persistentId":"3c4a4ba8-82a0-4022-83c1-0737773082ae","__parent":"trail_001","position":[-133.445633,181.631729,200.734207],"isRenderEnabled":false,"rotationMatrix":[-0.859577537,0.466956407,0.20755361,-0.499203652,-0.85412848,-0.14581053,0.109190241,-0.228946939,0.967295587],"shapeName":"/levels/johnson_valley/art/shapes/rocks/s_rocks_desert_low_tiny.dae","useInstanceRenderData":true}
{"class":"TSStatic","persistentId":"ad0df851-dbf5-41c8-9696-4a299c22cef9","__parent":"trail_001","position":[-133.55249,158.628983,195.677612],"isRenderEnabled":false,"rotationMatrix":[-0.904073596,0.413255185,0.108958215,-0.427112013,-0.882644534,-0.196251735,0.0150692984,-0.223963276,0.974481106],"shapeName":"/levels/johnson_valley/art/shapes/rocks/s_rocks_desert_low_tiny.dae","useInstanceRenderData":true}
{"class":"TSStatic","persistentId":"3ee67ce7-ad86-4a21-94ae-3d9c73b2523b","__parent":"trail_001","position":[-129.80307,177.168793,199.374802],"isRenderEnabled":false,"rotationMatrix":[-0.964323401,0.258045286,0.0591071174,-0.264708012,-0.942664862,-0.203256354,0.0032688491,-0.211650923,0.977339864],"shapeName":"/levels/johnson_valley/art/shapes/rocks/s_rocks_desert_low_small.dae","useInstanceRenderData":true}
{"class":"TSStatic","persistentId":"e1338d15-a03d-4526-bb90-1959c3e51995","__parent":"trail_001","position":[-133.23674,184.767639,201.12265],"isRenderEnabled":false,"rotationMatrix":[0.964784741,-0.191863954,0.179940656,0.0740056634,-0.458457112,-0.88563025,0.252415478,0.867759228,-0.428113461],"shapeName":"/levels/johnson_valley/art/shapes/rocks/s_rocks_desert_large_07.dae","useInstanceRenderData":true}
{"class":"TSStatic","persistentId":"2c1f9374-c7bd-4ff7-a28b-2e5715170abf","__parent":"trail_001","position":[-136.856232,183.697311,202.718918],"isRenderEnabled":false,"rotationMatrix":[0.940338433,0.229320049,0.251348287,7.4505806e-09,0.738736868,-0.673994005,-0.340240568,0.633782446,0.69466269],"shapeName":"/levels/johnson_valley/art/shapes/rocks/s_rocks_desert_large_06.dae","useInstanceRenderData":true}
{"class":"TSStatic","persistentId":"0cdeb771-cf0e-4f09-935b-383ce0aba559","__parent":"trail_001","position":[-135.696457,183.23468,200.919312],"isRenderEnabled":false,"rotationMatrix":[0.816458404,0.577403724,0.0008309111,-0.552867711,0.782177448,-0.287290335,-0.166532427,0.234101236,0.957843184],"shapeName":"/levels/johnson_valley/art/shapes/rocks/s_rocks_desert_large_04.dae","useInstanceRenderData":true}
{"class":"TSStatic","persistentId":"b462be7e-1c3d-410e-b46f-42fe3022900e","__parent":"trail_001","position":[-135.001282,186.122253,201.335846],"isRenderEnabled":false,"rotationMatrix":[-0.297103047,-0.732284784,0.612771809,0.846496224,0.094925642,0.52386415,-0.441785514,0.674350381,0.591673255],"shapeName":"/levels/johnson_valley/art/shapes/rocks/s_rocks_desert_large_03.dae","useInstanceRenderData":true}
{"class":"TSStatic","persistentId":"fd2390e7-78da-4cc9-863d-a41ca90ffa95","__parent":"trail_001","position":[-136.564621,187.077652,201.836685],"isRenderEnabled":false,"rotationMatrix":[0.766544223,-0.470314533,-0.437280536,0.520644188,0.853755593,-0.00557272136,0.375951648,-0.22339581,0.899307907],"shapeName":"/levels/johnson_valley/art/shapes/rocks/s_rocks_desert_huge_sheet_2.dae","useInstanceRenderData":true}
{"class":"TSStatic","persistentId":"99d52072-ce9c-4207-9eb4-bb4323d1a4bf","__parent":"trail_001","position":[-141.045197,186.840424,204.551926],"isRenderEnabled":false,"rotationMatrix":[0.454058707,-0.890072227,0.0400264114,0.890786767,0.452590704,-0.0407490619,0.0181540288,0.054157462,0.998367369],"shapeName":"/levels/johnson_valley/art/shapes/rocks/s_rocks_desert_low_flat_01.dae","useInstanceRenderData":true}
{"class":"TSStatic","persistentId":"baf34d83-e812-4afb-b9c0-57225948c87a","__parent":"trail_001","position":[-131.420898,183.572281,201.083557],"isRenderEnabled":false,"rotationMatrix":[0.269917428,-0.586257279,0.763837218,0.961771905,0.20226115,-0.184623122,-0.0462581217,0.784470022,0.618439317],"shapeName":"/levels/johnson_valley/art/shapes/rocks/s_rocks_desert_medium_05.dae","useInstanceRenderData":true}
{"class":"TSStatic","persistentId":"d950bb19-950c-4e65-979d-5b9c2adb91cc","__parent":"trail_001","position":[-137.599991,184.143753,203.677643],"isRenderEnabled":false,"rotationMatrix":[0.468871713,0.771816194,0.429487318,0.0965905786,0.438528299,-0.893511891,-0.877969146,0.460426927,0.131063282],"shapeName":"/levels/johnson_valley/art/shapes/rocks/s_rocks_desert_medium_04.dae","useInstanceRenderData":true}
{"class":"TSStatic","persistentId":"310857a3-8df0-4a86-ad7e-eb03735d13ff","__parent":"trail_001","position":[-138.590286,186.242386,203.976913],"isRenderEnabled":false,"rotationMatrix":[0.997989893,-0.0633734837,0,-0.0458430126,-0.721924424,-0.690451801,0.043756336,0.689063966,-0.723378539],"shapeName":"/levels/johnson_valley/art/shapes/rocks/s_rocks_desert_medium_02.dae","useInstanceRenderData":true}
{"class":"TSStatic","persistentId":"2744e7b0-f976-49cd-8023-0ba64c6784e2","__parent":"trail_001","position":[-141.589447,185.572037,204.065964],"isRenderEnabled":false,"rotationMatrix":[-0.722433567,0.689899802,0.0461328477,-0.691047549,-0.722663045,-0.0145407263,0.0233068615,-0.042384699,0.998829484],"shapeName":"/levels/johnson_valley/art/shapes/rocks/s_rocks_desert_low_small.dae","useInstanceRenderData":true}
