{"class":"TSStatic","persistentId":"aca2e8da-0b35-4e81-8c19-7cb0f05a4bb7","__parent":"trail_021_rocks","position":[-259.966858,-264.552979,197.113785],"isRenderEnabled":false,"rotationMatrix":[-0.986895561,-0.13098976,0.094228752,0.0989126787,-0.952475786,-0.288108289,0.12748982,-0.275012314,0.952950478],"shapeName":"/levels/johnson_valley/art/shapes/rocks/s_rocks_desert_collection_03.dae","useInstanceRenderData":true}
{"class":"TSStatic","persistentId":"aa208c68-19dd-4390-aa43-23436ecabb00","__parent":"trail_021_rocks","position":[-242.444824,-263.351379,193.271133],"isRenderEnabled":false,"rotationMatrix":[0.799302697,0.600928664,0,-0.600928664,0.799302697,0,0,0,1],"shapeName":"/levels/johnson_valley/art/shapes/rocks/s_rocks_desert_large_05.dae","useInstanceRenderData":true}
{"class":"TSStatic","persistentId":"3d2ced0b-e8d9-4348-a303-d5eb4685ea1b","__parent":"trail_021_rocks","position":[-255.903854,-270.971222,194.114807],"isRenderEnabled":false,"rotationMatrix":[-0.681025982,-0.732259035,0,0.732259035,-0.681025982,0,0,0,1],"shapeName":"/levels/johnson_valley/art/shapes/rocks/s_rocks_desert_medium_02.dae","useInstanceRenderData":true}
{"class":"TSStatic","persistentId":"3c2720ca-5989-4169-b2ba-1d99ce3d3444","__parent":"trail_021_rocks","position":[-256.545837,-269.167328,194.801498],"isRenderEnabled":false,"rotationMatrix":[-0.840944767,0,-0.541120529,0,1,0,0.541120529,0,-0.840944767],"shapeName":"/levels/johnson_valley/art/shapes/rocks/s_rocks_desert_medium_04.dae","useInstanceRenderData":true}
{"class":"TSStatic","persistentId":"ca1699eb-2677-4f34-ac58-458139501782","__parent":"trail_021_rocks","position":[-230.696518,-527.173645,124.775871],"isRenderEnabled":false,"rotationMatrix":[1,0,0,0,0.991348147,0.131258845,0,-0.131258845,0.991348147],"shapeName":"/levels/johnson_valley/art/shapes/rocks/s_rocks_desert_low_flat_01.dae","useInstanceRenderData":true}
{"class":"TSStatic","persistentId":"3bb61a0b-3229-4387-99c0-140c2f9c2004","__parent":"trail_021_rocks","position":[-218.30365,-527.931091,124.86882],"isRenderEnabled":false,"rotationMatrix":[0.996178687,-0.0135910679,0.0862743333,1.39698386e-09,0.987817943,0.155614063,-0.0873382911,-0.155019417,0.984043181],"shapeName":"/levels/johnson_valley/art/shapes/rocks/s_rocks_desert_collection_03.dae","useInstanceRenderData":true}
{"class":"TSStatic","persistentId":"0059c76b-4cae-427d-949f-b3a919932aab","__parent":"trail_021_rocks","position":[-188.86792,-375.555115,139.91684],"isRenderEnabled":false,"shapeName":"/levels/johnson_valley/art/shapes/rocks/s_rocks_desert_large_05.dae","useInstanceRenderData":true}
{"class":"TSStatic","persistentId":"a741d021-3e7c-469d-a3b7-ae84108bb97b","__parent":"trail_021_rocks","position":[-190.948944,-372.2099,142.079651],"isRenderEnabled":false,"rotationMatrix":[-0.641267061,0,-0.767317414,0,1,0,0.767317414,0,-0.641267061],"shapeName":"/levels/johnson_valley/art/shapes/rocks/s_rocks_desert_large_05.dae","useInstanceRenderData":true}
{"class":"TSStatic","persistentId":"aebbd1c7-4bb4-459e-bc29-49dbbff28b4f","__parent":"trail_021_rocks","position":[-175.618896,-349.337799,147.252853],"isRenderEnabled":false,"rotationMatrix":[1,0,0,0,-0.999301791,0.0373554528,0,-0.0373554528,-0.999301791],"shapeName":"/levels/johnson_valley/art/shapes/rocks/s_rocks_desert_large_06.dae","useInstanceRenderData":true}
{"class":"TSStatic","persistentId":"ea6e01ec-ff44-470f-aefd-e8d0a6b6bbe6","__parent":"trail_021_rocks","position":[-175.521866,-351.220215,147.88298],"isRenderEnabled":false,"rotationMatrix":[1,0,0,0,-0.391759038,-0.920068026,0,0.920068026,-0.391759038],"shapeName":"/levels/johnson_valley/art/shapes/rocks/s_rocks_desert_small_01.dae","useInstanceRenderData":true}
{"class":"TSStatic","persistentId":"22c04672-79b8-4f3c-a2f7-eafb9d0e286e","__parent":"trail_021_rocks","position":[-173.031906,-350.45816,147.914413],"isRenderEnabled":false,"rotationMatrix":[0.178257942,0,0.983983636,0,1,0,-0.983983636,0,0.178257942],"shapeName":"/levels/johnson_valley/art/shapes/rocks/s_rocks_desert_medium_01.dae","useInstanceRenderData":true}
{"class":"TSStatic","persistentId":"9d7e1d7c-4b3f-427b-9401-7f3776c3d4d9","__parent":"trail_021_rocks","position":[-173.210999,-351.97934,147.784988],"isRenderEnabled":false,"rotationMatrix":[1,0,0,0,-0.892553568,-0.450940937,0,0.450940937,-0.892553568],"shapeName":"/levels/johnson_valley/art/shapes/rocks/s_rocks_desert_small_01.dae","useInstanceRenderData":true}
{"class":"TSStatic","persistentId":"d0bfb267-e1b6-4c04-8c0b-4e5cda3871bd","__parent":"trail_021_rocks","position":[-174.095444,-351.427307,147.790909],"isRenderEnabled":false,"rotationMatrix":[1,0,0,0,-0.999567509,-0.0294043012,0,0.0294043012,-0.999567509],"shapeName":"/levels/johnson_valley/art/shapes/rocks/s_rocks_desert_small_04.dae","useInstanceRenderData":true}
{"class":"TSStatic","persistentId":"8f5b2e5a-b7b0-4ea1-ab80-4f3f7b0d4444","__parent":"trail_021_rocks","position":[-174.245163,-345.006409,149.752274],"isRenderEnabled":false,"rotationMatrix":[0.987587452,0.0540447645,-0.147479564,-3.7252903e-09,0.938940227,0.34408021,0.15707022,-0.339809299,0.927285612],"shapeName":"/levels/johnson_valley/art/shapes/rocks/s_rocks_desert_low_flat_02.dae","useInstanceRenderData":true}
{"class":"TSStatic","persistentId":"a319e6c5-4aa7-4740-814b-82128f8144a5","__parent":"trail_021_rocks","position":[-168.083298,-343.53717,150.043655],"isRenderEnabled":false,"rotationMatrix":[0.997821808,-0.013284957,0.0646154508,4.65661287e-10,0.979511559,0.201387867,-0.0659670159,-0.200949207,0.977378011],"shapeName":"/levels/johnson_valley/art/shapes/rocks/s_rocks_desert_low_flat_01.dae","useInstanceRenderData":true}
{"class":"TSStatic","persistentId":"3046e793-162b-473c-bc2b-490e586d2797","__parent":"trail_021_rocks","position":[-168.569489,-343.545135,150.609497],"isRenderEnabled":false,"rotationMatrix":[0.898911953,-0.438129246,0,0.438129246,0.898911953,0,0,0,1],"shapeName":"/levels/johnson_valley/art/shapes/rocks/s_rocks_desert_medium_01.dae","useInstanceRenderData":true}
{"class":"TSStatic","persistentId":"1e51d8a6-a7a1-4b8e-ab2c-e76ca799fe41","__parent":"trail_021_rocks","position":[-174.588974,-345.049377,150.901825],"isRenderEnabled":false,"rotationMatrix":[-0.21680963,0,0.976213813,0,1,0,-0.976213813,0,-0.21680963],"shapeName":"/levels/johnson_valley/art/shapes/rocks/s_rocks_desert_large_06.dae","useInstanceRenderData":true}
{"class":"TSStatic","persistentId":"2645f0e4-3cf9-4670-b101-464baa02cdf3","__parent":"trail_021_rocks","position":[-171.719482,-344.72464,149.600754],"isRenderEnabled":false,"shapeName":"/levels/johnson_valley/art/shapes/rocks/s_rocks_desert_small_02.dae","useInstanceRenderData":true}
{"class":"TSStatic","persistentId":"eac2f2f3-3a59-4c73-be6b-ff1155077e30","__parent":"trail_021_rocks","position":[-169.779572,-345.459167,149.299362],"isRenderEnabled":false,"rotationMatrix":[-0.50465858,0,0.863318682,0,1,0,-0.863318682,0,-0.50465858],"shapeName":"/levels/johnson_valley/art/shapes/rocks/s_rocks_desert_medium_04.dae","useInstanceRenderData":true}
{"class":"TSStatic","persistentId":"9219972d-2ebb-45e3-b66b-eadb1a5ad176","__parent":"trail_021_rocks","position":[-172.107193,-342.4599,149.888718],"isRenderEnabled":false,"rotationMatrix":[0.0110200644,0,-0.999939084,0,1,0,0.999939084,0,0.0110200644],"shapeName":"/levels/johnson_valley/art/shapes/rocks/s_rocks_desert_medium_02.dae","useInstanceRenderData":true}
{"class":"TSStatic","persistentId":"3671a4eb-3ce3-46c6-b177-8dfde091e0c1","__parent":"trail_021_rocks","position":[-170.981247,-342.211792,150.011597],"isRenderEnabled":false,"shapeName":"/levels/johnson_valley/art/shapes/rocks/s_rocks_desert_small_02.dae","useInstanceRenderData":true}
{"class":"TSStatic","persistentId":"f8af3da6-9691-4c0f-b12a-a2d6956a9ec2","__parent":"trail_021_rocks","position":[-171.065186,-342.759949,149.97229],"isRenderEnabled":false,"rotationMatrix":[0.944943547,0,0.327233464,0,1,0,-0.327233464,0,0.944943547],"shapeName":"/levels/johnson_valley/art/shapes/rocks/s_rocks_desert_small_05.dae","useInstanceRenderData":true}
{"class":"TSStatic","persistentId":"358f3b11-1f68-4556-980b-877779ca667e","__parent":"trail_021_rocks","position":[-165.362762,-339.970886,151.034454],"isRenderEnabled":false,"rotationMatrix":[0.677692175,0.719257355,0.152977228,-0.734544992,0.652438045,0.186462224,0.0343061872,-0.238732636,0.970479131],"shapeName":"/levels/johnson_valley/art/shapes/rocks/s_rocks_desert_low_flat_02.dae","useInstanceRenderData":true}
{"class":"TSStatic","persistentId":"54f799d6-5cc5-4cb3-8de1-f32077bead80","__parent":"trail_021_rocks","position":[-158.347702,-348.369049,149.747879],"isRenderEnabled":false,"rotationMatrix":[0.997990012,-0.00886352174,0.0627484843,0,0.990170419,0.139866248,-0.0633713976,-0.139585122,0.988180161],"shapeName":"/levels/johnson_valley/art/shapes/rocks/s_rocks_desert_collection_03.dae","useInstanceRenderData":true}
{"class":"TSStatic","persistentId":"f9ed3090-3481-482d-a693-ee42d0ea8c4a","__parent":"trail_021_rocks","position":[-159.378555,-342.988342,150.650452],"isRenderEnabled":false,"rotationMatrix":[-0.469881058,0.868157148,0.159734786,-0.88041842,-0.447826982,-0.15593186,-0.063839823,-0.213902831,0.974766672],"shapeName":"/levels/johnson_valley/art/shapes/rocks/s_rocks_desert_collection_02.dae","useInstanceRenderData":true}
{"class":"TSStatic","persistentId":"8b88fecb-3b1e-468a-a35a-fe7d69e68043","__parent":"trail_021_rocks","position":[-188.324875,-318.779755,157.573959],"isRenderEnabled":false,"rotationMatrix":[-0.916502714,-0.0158821475,0.399712622,0.0145578701,-0.999873757,-0.00634909654,0.399763048,0,0.916618526],"shapeName":"/levels/johnson_valley/art/shapes/rocks/s_rocks_desert_medium_03.dae","useInstanceRenderData":true}
{"class":"TSStatic","persistentId":"aaac295a-85ec-407d-a92b-37b2f9efc592","__parent":"trail_021_rocks","position":[-196.378571,-316.596191,159.582596],"isRenderEnabled":false,"rotationMatrix":[0.821616471,-0.562579215,-0.0919297338,0.542748153,0.82134217,-0.175560787,0.174272597,0.0943489522,0.980166972],"shapeName":"/levels/johnson_valley/art/shapes/rocks/s_rocks_desert_low_flat_01.dae","useInstanceRenderData":true}
{"class":"TSStatic","persistentId":"c598d5b3-1492-4539-ab37-09dea40e3f14","__parent":"trail_021_rocks","position":[-195.711273,-312.263062,159.520752],"isRenderEnabled":false,"rotationMatrix":[1,0,0,0,-0.918143034,-0.396248907,0,0.396248907,-0.918143034],"shapeName":"/levels/johnson_valley/art/shapes/rocks/s_rocks_desert_medium_02.dae","useInstanceRenderData":true}
{"class":"TSStatic","persistentId":"b88c7d82-4df8-431b-9bc4-8c9280a42137","__parent":"trail_021_rocks","position":[-178.270905,-320.84549,156.92778],"isRenderEnabled":false,"rotationMatrix":[0.825145125,-0.564920843,0,0.391000271,0.57111007,-0.721770048,0.407742977,0.595564961,0.69213295],"shapeName":"/levels/johnson_valley/art/shapes/rocks/s_rocks_desert_large_06.dae","useInstanceRenderData":true}
{"class":"TSStatic","persistentId":"83d018dc-4f1b-4c8e-b393-31a3ab011929","__parent":"trail_021_rocks","position":[-179.462921,-322.317047,157.128845],"isRenderEnabled":false,"shapeName":"/levels/johnson_valley/art/shapes/rocks/s_rocks_desert_small_02.dae","useInstanceRenderData":true}
{"class":"TSStatic","persistentId":"ded7c1d6-9330-473a-9263-0b3c1870a4fb","__parent":"trail_021_rocks","position":[-194.967224,-327.443329,159.223877],"isRenderEnabled":false,"rotationMatrix":[-0.241510987,-0.970207036,-0.0192487836,0.950761616,-0.232607126,-0.204807237,0.194228023,-0.0677642375,0.978613019],"scale":[1.28883052,1.28883052,1.28883052],"shapeName":"/levels/johnson_valley/art/shapes/rocks/s_rocks_desert_collection_01.dae","useInstanceRenderData":true}
{"class":"TSStatic","persistentId":"ad2dfa77-2204-40b8-9dda-1bcd3fd26922","__parent":"trail_021_rocks","position":[-205.060303,-304.676544,163.105652],"isRenderEnabled":false,"rotationMatrix":[-0.982125759,-0.140345111,0.125426725,0.0881276876,-0.93167913,-0.352430165,0.166319355,-0.335077226,0.927394807],"shapeName":"/levels/johnson_valley/art/shapes/rocks/s_rocks_desert_collection_01.dae","useInstanceRenderData":true}
{"class":"TSStatic","persistentId":"589b2f4d-d365-487d-8cc0-ac854b2d9944","__parent":"trail_021_rocks","position":[-183.551941,-383.572754,135.444229],"isRenderEnabled":false,"rotationMatrix":[1,0,0,0,-0.944517255,-0.328461498,0,0.328461498,-0.944517255],"shapeName":"/levels/johnson_valley/art/shapes/rocks/s_rocks_desert_small_03.dae","useInstanceRenderData":true}
{"class":"TSStatic","persistentId":"8905133b-9304-4c77-80b5-53f519e3770e","__parent":"trail_021_rocks","position":[-182.837601,-382.920013,135.674805],"isRenderEnabled":false,"rotationMatrix":[1,0,0,0,-0.999475002,0.0323919952,0,-0.0323919952,-0.999475002],"shapeName":"/levels/johnson_valley/art/shapes/rocks/s_rocks_desert_small_05.dae","useInstanceRenderData":true}
{"class":"TSStatic","persistentId":"85e13ba8-317d-47e1-99c1-a39e3eabba8d","__parent":"trail_021_rocks","position":[-185.058258,-383.089752,135.878357],"isRenderEnabled":false,"rotationMatrix":[1,0,0,0,0.907935202,0.419110507,0,-0.419110507,0.907935202],"shapeName":"/levels/johnson_valley/art/shapes/rocks/s_rocks_desert_small_04.dae","useInstanceRenderData":true}
{"class":"TSStatic","persistentId":"e6909bf2-7423-48c5-9a52-40004d796693","__parent":"trail_021_rocks","position":[-184.947891,-382.150269,135.782242],"isRenderEnabled":false,"rotationMatrix":[1,0,0,0,-0.954622269,0.297819018,0,-0.297819018,-0.954622269],"shapeName":"/levels/johnson_valley/art/shapes/rocks/s_rocks_desert_small_01.dae","useInstanceRenderData":true}
{"class":"TSStatic","persistentId":"56b12ea7-2848-4920-8504-b74281ed4fb9","__parent":"trail_021_rocks","position":[-179.383286,-383.441071,135.097916],"isRenderEnabled":false,"rotationMatrix":[0.983579576,0,-0.180474862,0,1,0,0.180474862,0,0.983579576],"shapeName":"/levels/johnson_valley/art/shapes/rocks/s_rocks_desert_large_04.dae","useInstanceRenderData":true}
{"class":"TSStatic","persistentId":"e5c09edd-b3cd-464e-b9b8-8c860c884e98","__parent":"trail_021_rocks","position":[-181.557678,-366.91568,142.173553],"isRenderEnabled":false,"rotationMatrix":[1,0,0,0,-0.992919564,0.118788086,0,-0.118788086,-0.992919564],"shapeName":"/levels/johnson_valley/art/shapes/rocks/s_rocks_desert_medium_02.dae","useInstanceRenderData":true}
{"class":"TSStatic","persistentId":"a3ab446a-1089-497e-b2ba-873e1e76d520","__parent":"trail_021_rocks","position":[-182.937317,-367.000183,142.790756],"isRenderEnabled":false,"rotationMatrix":[1,0,0,0,-0.99649179,-0.0836892873,0,0.0836892873,-0.99649179],"shapeName":"/levels/johnson_valley/art/shapes/rocks/s_rocks_desert_small_03.dae","useInstanceRenderData":true}
{"class":"TSStatic","persistentId":"04aa314c-13ed-433a-89cb-65b9f620e781","__parent":"trail_021_rocks","position":[-184.427139,-366.592194,143.006104],"isRenderEnabled":false,"rotationMatrix":[1,0,0,0,-0.892650485,-0.45074898,0,0.45074898,-0.892650485],"shapeName":"/levels/johnson_valley/art/shapes/rocks/s_rocks_desert_small_01.dae","useInstanceRenderData":true}
{"class":"TSStatic","persistentId":"5e6b5dca-a4ae-4c34-a2d8-017ff4bfd696","__parent":"trail_021_rocks","position":[-182.25972,-365.426453,143.417801],"isRenderEnabled":false,"rotationMatrix":[1,0,0,0,0.907025218,0.421076208,0,-0.421076208,0.907025218],"shapeName":"/levels/johnson_valley/art/shapes/rocks/s_rocks_desert_small_02.dae","useInstanceRenderData":true}
{"class":"TSStatic","persistentId":"8424f3b9-1d07-4820-93e5-fef442f960a5","__parent":"trail_021_rocks","position":[-183.738602,-365.635803,143.197189],"isRenderEnabled":false,"rotationMatrix":[-0.966079116,0,-0.258245617,0,1,0,0.258245617,0,-0.966079116],"shapeName":"/levels/johnson_valley/art/shapes/rocks/s_rocks_desert_medium_05.dae","useInstanceRenderData":true}
{"class":"TSStatic","persistentId":"ae5358df-1fb5-43c4-af31-5861a74ec65f","__parent":"trail_021_rocks","position":[-180.151794,-366.035034,143.47261],"isRenderEnabled":false,"shapeName":"/levels/johnson_valley/art/shapes/rocks/s_rocks_desert_medium_02.dae","useInstanceRenderData":true}
{"class":"TSStatic","persistentId":"6346e77d-c94f-483d-8a4e-5c1db041e5b4","__parent":"trail_021_rocks","position":[-187.893219,-367.068909,143.761017],"isRenderEnabled":false,"rotationMatrix":[0.224801183,0.927878261,0.297499895,-0.921151638,0.102816582,0.375377506,0.317716777,-0.358427793,0.877830029],"shapeName":"/levels/johnson_valley/art/shapes/rocks/s_rocks_desert_collection_03.dae","useInstanceRenderData":true}
{"class":"TSStatic","persistentId":"23b99c0f-011d-4d36-bf3b-6ecfcd945d9f","__parent":"trail_021_rocks","position":[-251.809357,-259.009125,196.616089],"isRenderEnabled":false,"rotationMatrix":[0.159255385,0.986748278,0.0310675427,-0.959237874,0.147220492,0.24122268,0.23345235,-0.0682171211,0.969972372],"shapeName":"/levels/johnson_valley/art/shapes/rocks/s_rocks_desert_huge_sheet_3.dae","useInstanceRenderData":true}
{"class":"TSStatic","persistentId":"c8390d9b-e50b-49ff-8505-2ab609ac8aab","__parent":"trail_021_rocks","position":[-260.430115,-260.696228,197.972305],"isRenderEnabled":false,"rotationMatrix":[0.998538971,0.00710856915,-0.0535672233,0,0.991309464,0.131550416,0.0540368333,-0.131358221,0.989861131],"shapeName":"/levels/johnson_valley/art/shapes/rocks/s_rocks_desert_collection_03.dae","useInstanceRenderData":true}
{"class":"TSStatic","persistentId":"3d96d750-f1d1-4daa-8da5-f278eb4f54b2","__parent":"trail_021_rocks","position":[-258.740997,-255.034836,197.557053],"isRenderEnabled":false,"rotationMatrix":[0.998281002,-0.00410954654,-0.0584645532,0.00123227632,0.998789907,-0.0491650924,0.0585958548,0.0490085334,0.997078061],"shapeName":"/levels/johnson_valley/art/shapes/rocks/s_rocks_desert_collection_02.dae","useInstanceRenderData":true}
{"class":"TSStatic","persistentId":"029978c6-18a6-472b-a42c-5abbfbc4499b","__parent":"trail_021_rocks","position":[-251.23172,-252.835373,196.232758],"isRenderEnabled":false,"rotationMatrix":[0.987817883,-0.0222567786,-0.154014587,-0.0161224175,0.969755352,-0.243546009,0.15477702,0.243062198,0.957582831],"shapeName":"/levels/johnson_valley/art/shapes/rocks/s_rocks_desert_collection_03.dae","useInstanceRenderData":true}
{"class":"TSStatic","persistentId":"d485001f-4e9f-4a7e-9d5f-54a22b3a8c2f","__parent":"trail_021_rocks","position":[-245.691299,-260.733307,195.153946],"isRenderEnabled":false,"rotationMatrix":[-0.762623191,0.593742311,0.256661892,-0.588931262,-0.801448822,0.1041115,0.267516851,-0.0717583373,0.960877419],"scale":[1.20368648,1.20368648,1.20368648],"shapeName":"/levels/johnson_valley/art/shapes/rocks/s_rocks_desert_collection_01.dae","useInstanceRenderData":true}
{"class":"TSStatic","persistentId":"3a7fc382-c2b1-4820-8c8c-b178ee8b7455","__parent":"trail_021_rocks","position":[-252.161896,-247.319763,195.003357],"isRenderEnabled":false,"rotationMatrix":[0.697016597,0.707647085,-0.115773216,-0.706129313,0.705468059,0.060795743,0.12469624,0.0393752269,0.991413355],"shapeName":"/levels/johnson_valley/art/shapes/rocks/s_rocks_desert_low_flat_02.dae","useInstanceRenderData":true}
{"class":"TSStatic","persistentId":"81f297d1-ea96-4cc1-ad0d-b7b219f60946","__parent":"trail_021_rocks","position":[-252.499741,-251.011536,194.878143],"isRenderEnabled":false,"rotationMatrix":[0.937039077,-0.349224567,1.1379182e-07,-0.349224567,-0.937039018,3.05326097e-07,7.10542736e-15,-3.25841398e-07,-1],"shapeName":"/levels/johnson_valley/art/shapes/rocks/s_rocks_desert_large_06.dae","useInstanceRenderData":true}
{"class":"TSStatic","persistentId":"75c9ec01-448d-4217-91b9-43e37d866cf4","__parent":"trail_021_rocks","position":[-255.144791,-249.096329,196.262344],"isRenderEnabled":false,"rotationMatrix":[1,0,0,0,-0.985583663,-0.169188172,0,0.169188172,-0.985583663],"shapeName":"/levels/johnson_valley/art/shapes/rocks/s_rocks_desert_small_01.dae","useInstanceRenderData":true}
{"class":"TSStatic","persistentId":"03870bae-5dff-4339-82c5-23b1d7e34854","__parent":"trail_021_rocks","position":[-255.725586,-252.517838,196.531937],"isRenderEnabled":false,"rotationMatrix":[-0.00485813618,0,0.999988079,0,1,0,-0.999988079,0,-0.00485813618],"shapeName":"/levels/johnson_valley/art/shapes/rocks/s_rocks_desert_medium_04.dae","useInstanceRenderData":true}
{"class":"TSStatic","persistentId":"5c37a6e2-3227-4071-9a93-f9a6717dafe7","__parent":"trail_021_rocks","position":[-254.762939,-252.072876,196.613586],"isRenderEnabled":false,"rotationMatrix":[1,0,0,0,-0.634903073,-0.772591591,0,0.772591591,-0.634903073],"shapeName":"/levels/johnson_valley/art/shapes/rocks/s_rocks_desert_small_02.dae","useInstanceRenderData":true}
{"class":"TSStatic","persistentId":"63eba3fe-992e-476c-83fe-ddf5515d37f3","__parent":"trail_021_rocks","position":[-253.557083,-252.308563,196.491165],"isRenderEnabled":false,"rotationMatrix":[1,0,0,0,-0.959964037,0.28012231,0,-0.28012231,-0.959964037],"shapeName":"/levels/johnson_valley/art/shapes/rocks/s_rocks_desert_small_04.dae","useInstanceRenderData":true}
{"class":"TSStatic","persistentId":"abfe17a0-e8cb-4131-8398-6e9f8e4dd1da","__parent":"trail_021_rocks","position":[-255.146469,-253.970795,196.160889],"isRenderEnabled":false,"rotationMatrix":[0.989035249,0.0765828267,0.126270935,0.0895561054,-0.990899801,-0.100484103,0.117426507,0.110690653,-0.986893296],"shapeName":"/levels/johnson_valley/art/shapes/rocks/s_rocks_desert_large_07.dae","useInstanceRenderData":true}
{"class":"TSStatic","persistentId":"61cc9d04-2fd0-4698-8c21-2c46675e5c65","__parent":"trail_021_rocks","position":[-253.104172,-262.142212,196.404968],"isRenderEnabled":false,"rotationMatrix":[0.922102511,-0.386945635,0,0.344750375,0.821550012,-0.454095513,0.175710306,0.4187226,0.890953004],"shapeName":"/levels/johnson_valley/art/shapes/rocks/s_rocks_desert_large_06.dae","useInstanceRenderData":true}
{"class":"TSStatic","persistentId":"e26c058d-0057-4c9d-aaeb-b380f83df18a","__parent":"trail_021_rocks","position":[-237.13353,-310.962921,170.436768],"isRenderEnabled":false,"rotationMatrix":[0.984845698,0.0278515331,-0.171182036,-0.146124959,0.664889872,-0.7325086,0.0934157073,0.746421874,0.658883691],"shapeName":"/levels/johnson_valley/art/shapes/rocks/s_rocks_desert_large_03.dae","useInstanceRenderData":true}
{"class":"TSStatic","persistentId":"3d74bb2a-0caa-4fb1-90e9-1f2ae82dc958","__parent":"trail_021_rocks","position":[-236.32457,-312.955811,170.25592],"isRenderEnabled":false,"rotationMatrix":[0.697471976,0.252935827,-0.67048955,-0.238121331,0.964276075,0.116059951,0.675892711,0.0787092969,0.732784986],"shapeName":"/levels/johnson_valley/art/shapes/rocks/s_rocks_desert_medium_03.dae","useInstanceRenderData":true}
{"class":"TSStatic","persistentId":"5606a266-dc81-4747-9a07-15311864bb45","__parent":"trail_021_rocks","position":[-233.44313,-309.32486,170.105759],"isRenderEnabled":false,"rotationMatrix":[-0.991526961,0.129899636,0,-0.129899636,-0.991526961,0,0,0,1],"shapeName":"/levels/johnson_valley/art/shapes/rocks/s_rocks_desert_medium_03.dae","useInstanceRenderData":true}
{"class":"TSStatic","persistentId":"0dac9f19-1b64-4a9b-9c99-4c64650359b8","__parent":"trail_021_rocks","position":[-240.531754,-312.238098,171.481369],"isRenderEnabled":false,"rotationMatrix":[0.817714095,-0.575624526,2.98023224e-08,0.451008141,0.640688002,0.621377826,-0.35768038,-0.50810945,0.783511043],"shapeName":"/levels/johnson_valley/art/shapes/rocks/s_rocks_desert_large_04.dae","useInstanceRenderData":true}
{"class":"TSStatic","persistentId":"c2ec253c-379e-4587-9e0e-da5c21dc40e3","__parent":"trail_021_rocks","position":[-233.51712,-316.657318,170.235855],"isRenderEnabled":false,"rotationMatrix":[0.962001503,0,-0.273044139,0,1,0,0.273044139,0,0.962001503],"shapeName":"/levels/johnson_valley/art/shapes/rocks/s_rocks_desert_collection_02.dae","useInstanceRenderData":true}
{"class":"TSStatic","persistentId":"aef38e33-1cc2-47ed-90b3-75c4a52262d8","__parent":"trail_021_rocks","position":[-237.460678,-313.60611,171.112579],"isRenderEnabled":false,"shapeName":"/levels/johnson_valley/art/shapes/rocks/s_rocks_desert_small_01.dae","useInstanceRenderData":true}
{"class":"TSStatic","persistentId":"eed55fff-d024-499c-b4b4-785aa833ddd8","__parent":"trail_021_rocks","position":[-236.704605,-314.089844,170.928833],"isRenderEnabled":false,"rotationMatrix":[-0.904176712,0,0.427158415,0,1,0,-0.427158415,0,-0.904176712],"shapeName":"/levels/johnson_valley/art/shapes/rocks/s_rocks_desert_small_02.dae","useInstanceRenderData":true}
{"class":"TSStatic","persistentId":"0701a7dc-42e7-4eb5-98ec-b768402e4813","__parent":"trail_021_rocks","position":[-233.119125,-313.266846,169.252823],"isRenderEnabled":false,"rotationMatrix":[1,0,0,0,-0.851432562,-0.524463594,0,0.524463594,-0.851432562],"shapeName":"/levels/johnson_valley/art/shapes/rocks/s_rocks_desert_medium_04.dae","useInstanceRenderData":true}
{"class":"TSStatic","persistentId":"b0b7604e-f52a-4fc3-aa3a-10df690beca9","__parent":"trail_021_rocks","position":[-233.051956,-310.90863,169.160736],"isRenderEnabled":false,"rotationMatrix":[-0.967312813,0,-0.253585458,0,1,0,0.253585458,0,-0.967312813],"shapeName":"/levels/johnson_valley/art/shapes/rocks/s_rocks_desert_medium_05.dae","useInstanceRenderData":true}
{"class":"TSStatic","persistentId":"727c6054-c6e0-4f13-b38f-38cd27b3a75a","__parent":"trail_021_rocks","position":[-232.38913,-311.102173,168.964554],"isRenderEnabled":false,"rotationMatrix":[-0.976184368,0,-0.216941759,0,1,0,0.216941759,0,-0.976184368],"shapeName":"/levels/johnson_valley/art/shapes/rocks/s_rocks_desert_small_01.dae","useInstanceRenderData":true}
{"class":"TSStatic","persistentId":"643b04df-5622-4412-9e82-e4334425116b","__parent":"trail_021_rocks","position":[-232.852615,-312.00647,169.131653],"isRenderEnabled":false,"rotationMatrix":[1,0,0,0,-0.500611186,-0.865672112,0,0.865672112,-0.500611186],"shapeName":"/levels/johnson_valley/art/shapes/rocks/s_rocks_desert_small_06.dae","useInstanceRenderData":true}
{"class":"TSStatic","persistentId":"357119e7-7554-4801-b825-1b0b0d116092","__parent":"trail_021_rocks","position":[-233.612961,-310.456879,170.010483],"isRenderEnabled":false,"rotationMatrix":[1,0,0,0,0.482686639,0.875793099,0,-0.875793099,0.482686639],"shapeName":"/levels/johnson_valley/art/shapes/rocks/s_rocks_desert_small_01.dae","useInstanceRenderData":true}
{"class":"TSStatic","persistentId":"18d5dbf4-94a9-427b-ab09-3be68a8c795f","__parent":"trail_021_rocks","position":[-234.018097,-311.513397,169.634598],"isRenderEnabled":false,"rotationMatrix":[-0.925576568,0,0.378559947,0,1,0,-0.378559947,0,-0.925576568],"shapeName":"/levels/johnson_valley/art/shapes/rocks/s_rocks_desert_small_03.dae","useInstanceRenderData":true}
{"class":"TSStatic","persistentId":"9e6bb7ab-390b-4383-84f1-8f4d0b5f584f","__parent":"trail_021_rocks","position":[-220.521683,-312.139984,166.585083],"isRenderEnabled":false,"rotationMatrix":[1,0,0,0,0.469545364,-0.882908285,0,0.882908285,0.469545364],"shapeName":"/levels/johnson_valley/art/shapes/rocks/s_rocks_desert_medium_04.dae","useInstanceRenderData":true}
{"class":"TSStatic","persistentId":"aea1742f-3aec-406a-b94c-6e9071ead235","__parent":"trail_021_rocks","position":[-220.556351,-315.656952,166.127029],"isRenderEnabled":false,"rotationMatrix":[-0.573700905,0.378461719,0.726383805,-0.773053885,-0.543249488,-0.327516377,0.270655453,-0.749430478,0.604234576],"shapeName":"/levels/johnson_valley/art/shapes/rocks/s_rocks_desert_large_05.dae","useInstanceRenderData":true}
{"class":"TSStatic","persistentId":"114c8885-5739-4cbe-863f-bc07fab63c9c","__parent":"trail_021_rocks","position":[-220.300171,-303.934662,168.452759],"isRenderEnabled":false,"rotationMatrix":[0.88808167,-0.225700423,-0.400462598,0.345018208,0.90294534,0.256226629,0.303765386,-0.365717083,0.879759967],"scale":[1.29672861,1.29672861,1.29672861],"shapeName":"/levels/johnson_valley/art/shapes/rocks/s_rocks_desert_collection_03.dae","useInstanceRenderData":true}
{"class":"TSStatic","persistentId":"21ed0456-d621-46bf-86e2-4af7064368ef","__parent":"trail_021_rocks","position":[-216.537201,-304.963013,166.037872],"isRenderEnabled":false,"rotationMatrix":[0.98776716,0.0863618106,-0.129837111,-0.155936003,0.547053576,-0.822445393,0,0.832630873,0.553828478],"shapeName":"/levels/johnson_valley/art/shapes/rocks/s_rocks_desert_large_05.dae","useInstanceRenderData":true}
{"class":"TSStatic","persistentId":"3c40932d-4f77-4c01-934e-e56e8167c91f","__parent":"trail_021_rocks","position":[-225.059448,-310.611023,166.947891],"isRenderEnabled":false,"shapeName":"/levels/johnson_valley/art/shapes/rocks/s_rocks_desert_medium_03.dae","useInstanceRenderData":true}
{"class":"TSStatic","persistentId":"9947d4ad-7f41-4a00-943f-12ec98e3e51b","__parent":"trail_021_rocks","position":[-224.753433,-309.576477,167.47496],"isRenderEnabled":false,"rotationMatrix":[1,0,0,0,-0.9990412,-0.0437759459,0,0.0437759459,-0.9990412],"shapeName":"/levels/johnson_valley/art/shapes/rocks/s_rocks_desert_small_02.dae","useInstanceRenderData":true}
{"class":"TSStatic","persistentId":"3c0b08f8-c453-4d93-8792-47eef808b093","__parent":"trail_021_rocks","position":[-225.908508,-316.590485,168.151459],"isRenderEnabled":false,"rotationMatrix":[0.928041756,0,-0.372476131,-0.0239043273,0.997938573,-0.0595587417,0.371708304,0.0641767904,0.926128626],"scale":[1.16462398,1.16462398,1.16462398],"shapeName":"/levels/johnson_valley/art/shapes/rocks/s_rocks_desert_collection_03.dae","useInstanceRenderData":true}
{"class":"TSStatic","persistentId":"8ddba701-fba5-4f77-8f54-060d88b767c6","__parent":"trail_021_rocks","position":[-223.105713,-315.392883,167.193985],"isRenderEnabled":false,"rotationMatrix":[-0.236884475,0.620138586,-0.747873187,-0.934166253,-0.356838703,0,-0.266869903,0.698637784,0.663841724],"shapeName":"/levels/johnson_valley/art/shapes/rocks/s_rocks_desert_large_07.dae","useInstanceRenderData":true}
{"name":"p_desert_rocks_huge_176","class":"Prefab","persistentId":"d6c04fdf-64f0-4700-aee8-09e5ed070b32","__parent":"trail_021_rocks","position":[-216.61908,-292.160431,173.202301],"fileName":"/levels/johnson_valley/art/shapes/rocks/p_desert_rocks_huge_1_45.prefab","rotationMatrix":[0.33023411,-0.745726764,-0.578651011,0.892126381,0.446832836,-0.0667148978,0.308311343,-0.494198382,0.812842011]}
{"class":"TSStatic","persistentId":"b4e10a88-7201-4acd-92f6-01a8f1ffbf37","__parent":"trail_021_rocks","position":[-241.758713,-306.589874,172.727341],"isRenderEnabled":false,"rotationMatrix":[-0.406505704,-0.913648307,-2.97704389e-07,-0.913648307,0.406505585,1.32456336e-07,-1.42108547e-14,3.2584137e-07,-1],"shapeName":"/levels/johnson_valley/art/shapes/rocks/s_rocks_desert_large_06.dae","useInstanceRenderData":true}
{"class":"TSStatic","persistentId":"1381e1b0-7c80-456a-85e9-db218ba630de","__parent":"trail_021_rocks","position":[-242.79245,-307.674438,173.185883],"isRenderEnabled":false,"rotationMatrix":[1,0,0,0,-0.786406159,-0.617709279,0,0.617709279,-0.786406159],"shapeName":"/levels/johnson_valley/art/shapes/rocks/s_rocks_desert_small_04.dae","useInstanceRenderData":true}
{"class":"TSStatic","persistentId":"c6aa1f20-305d-4ac1-80b3-38b44684483a","__parent":"trail_021_rocks","position":[-245.453583,-308.089111,173.863403],"isRenderEnabled":false,"rotationMatrix":[0.582985163,-0.77471596,-0.244833529,0.708897531,0.632249713,-0.312609196,0.396979272,0.00868460536,0.917786479],"shapeName":"/levels/johnson_valley/art/shapes/rocks/s_rocks_desert_low_flat_01.dae","useInstanceRenderData":true}
{"class":"TSStatic","persistentId":"083b2b77-bc97-4243-b2e4-3e771c69dba1","__parent":"trail_021_rocks","position":[-246.502258,-308.136353,174.489182],"isRenderEnabled":false,"rotationMatrix":[0.762259245,0.647271752,-2.98023224e-08,-0.2921215,0.34401679,0.892366052,0.577603459,-0.680214286,0.451312065],"shapeName":"/levels/johnson_valley/art/shapes/rocks/s_rocks_desert_medium_04.dae","useInstanceRenderData":true}
{"class":"TSStatic","persistentId":"aeb7450d-7f01-4f5f-9b44-ca523d2cc5f0","__parent":"trail_021_rocks","position":[-242.373856,-302.808014,175.921524],"isRenderEnabled":false,"rotationMatrix":[0.415923655,-0.799971819,-0.432496011,0.90919435,0.375897765,0.179071769,0.019321993,-0.467703044,0.883674443],"scale":[1.09366465,1.09366465,1.09366465],"shapeName":"/levels/johnson_valley/art/shapes/rocks/s_rocks_desert_huge_sheet_3.dae","useInstanceRenderData":true}
{"class":"TSStatic","persistentId":"8fabc6c0-8352-472d-9767-9955b2371456","__parent":"trail_021_rocks","position":[-233.55928,-306.144562,172.068512],"isRenderEnabled":false,"rotationMatrix":[-0.974819779,0.222993463,0,-0.222993463,-0.974819779,0,0,0,1],"shapeName":"/levels/johnson_valley/art/shapes/rocks/s_rocks_desert_large_05.dae","useInstanceRenderData":true}
{"class":"TSStatic","persistentId":"ad12d4e5-07d2-4995-a58b-d370a1b321de","__parent":"trail_021_rocks","position":[-248.209045,-275.453125,187.417999],"isRenderEnabled":false,"rotationMatrix":[0.884824038,-0.0399981961,-0.464205295,-0.266911596,-0.860138893,-0.434647679,-0.381896049,0.508488476,-0.771747589],"shapeName":"/levels/johnson_valley/art/shapes/rocks/s_rocks_desert_large_06.dae","useInstanceRenderData":true}
{"class":"TSStatic","persistentId":"6e0978d0-bf8d-44c7-bd08-22a56d79b675","__parent":"trail_021_rocks","position":[-246.72139,-273.794434,187.996017],"isRenderEnabled":false,"rotationMatrix":[-0.0297671556,0.668934464,0.742724836,0.91672492,0.314440608,-0.246459305,-0.398407876,0.673538029,-0.622588873],"shapeName":"/levels/johnson_valley/art/shapes/rocks/s_rocks_desert_large_06.dae","useInstanceRenderData":true}
{"class":"TSStatic","persistentId":"567b8b5d-b6c2-4499-9682-718ad544dab8","__parent":"trail_021_rocks","position":[-248.395081,-268.199127,192.984543],"isRenderEnabled":false,"rotationMatrix":[0.625862718,-0.772316515,-0.108733118,-0.778128564,-0.627794743,-0.0197289735,-0.0530250855,0.0969559848,-0.993874907],"shapeName":"/levels/johnson_valley/art/shapes/rocks/s_rocks_desert_large_06.dae","useInstanceRenderData":true}
{"class":"TSStatic","persistentId":"c35f4f3e-e1e2-4c01-b3b0-4039326914d4","__parent":"trail_021_rocks","position":[-251.047409,-268.820099,193.06543],"isRenderEnabled":false,"rotationMatrix":[-0.802559376,-0.596374214,-0.0153603461,-0.594210804,0.796829581,0.109435767,-0.0530250892,0.0969559997,-0.993875027],"shapeName":"/levels/johnson_valley/art/shapes/rocks/s_rocks_desert_large_06.dae","useInstanceRenderData":true}
{"class":"TSStatic","persistentId":"5ba4ed9f-a89a-4c4d-93ee-f7cbee3382af","__parent":"trail_021_rocks","position":[-252.562134,-270.389496,192.993149],"isRenderEnabled":false,"rotationMatrix":[-0.793826222,0.599722803,0.100857168,0.605828345,0.794312358,0.0451658815,-0.0530250818,0.0969559997,-0.993875027],"shapeName":"/levels/johnson_valley/art/shapes/rocks/s_rocks_desert_large_06.dae","useInstanceRenderData":true}
{"class":"TSStatic","persistentId":"f4a90325-2606-462e-a0c8-fed438a10191","__parent":"trail_021_rocks","position":[-245.339081,-268.458893,193.054886],"isRenderEnabled":false,"shapeName":"/levels/johnson_valley/art/shapes/rocks/s_rocks_desert_large_03.dae","useInstanceRenderData":true}
{"class":"TSStatic","persistentId":"4c8fa51f-0aa3-41cc-b393-f5bd77ff8a9e","__parent":"trail_021_rocks","position":[-244.261642,-266.06543,192.502258],"isRenderEnabled":false,"rotationMatrix":[0.993764162,-0.111502632,0,0.111502632,0.993764162,0,0,0,1],"shapeName":"/levels/johnson_valley/art/shapes/rocks/s_rocks_desert_large_02.dae","useInstanceRenderData":true}
{"class":"TSStatic","persistentId":"1c9623bb-c6bd-4422-a2e6-484519bd6733","__parent":"trail_021_rocks","position":[-240.849121,-273.027771,188.605988],"isRenderEnabled":false,"rotationMatrix":[0.987848103,0.107002527,-0.112723395,-0.0149382167,0.787280321,0.616414249,0.154702798,-0.607239783,0.779311836],"shapeName":"/levels/johnson_valley/art/shapes/rocks/s_rocks_desert_collection_03.dae","useInstanceRenderData":true}
{"class":"TSStatic","persistentId":"5596d8dc-f95a-4331-b10a-018c45d49ed7","__parent":"trail_021_rocks","position":[-252.130386,-280.89801,187.579544],"isRenderEnabled":false,"rotationMatrix":[-0.536262155,-0.83081615,-0.148886532,0.725275755,-0.363345981,-0.584768772,0.431737989,-0.421573281,0.797419786],"scale":[1.09523916,1.09523916,1.09523916],"shapeName":"/levels/johnson_valley/art/shapes/rocks/s_rocks_desert_collection_01.dae","useInstanceRenderData":true}
{"class":"TSStatic","persistentId":"fcadae10-1365-4dd4-9b2e-ad9bfc450f52","__parent":"trail_021_rocks","position":[-180.091507,-386.884888,134.716858],"isRenderEnabled":false,"rotationMatrix":[0.995422959,-0.0237606242,0.0925668404,9.31322575e-10,0.968599558,0.248626053,-0.0955677107,-0.247488081,0.964166224],"shapeName":"/levels/johnson_valley/art/shapes/rocks/s_rocks_desert_collection_03.dae","useInstanceRenderData":true}
{"class":"TSStatic","persistentId":"86e01b3b-7a57-4dfb-a954-da5d80498b70","__parent":"trail_021_rocks","position":[-185.334244,-385.38736,134.966599],"isRenderEnabled":false,"rotationMatrix":[0.973882556,0.183799326,-0.133306339,-0.134376109,0.939827919,0.314112395,0.183018669,-0.287995368,0.939980209],"shapeName":"/levels/johnson_valley/art/shapes/rocks/s_rocks_desert_low_tiny.dae","useInstanceRenderData":true}
{"class":"TSStatic","persistentId":"948614fd-cb8f-4bd8-98ad-2af2be938c43","__parent":"trail_021_rocks","position":[-182.434555,-384.98172,134.993332],"isRenderEnabled":false,"rotationMatrix":[-0.989346385,-0.109328501,-0.0961277112,0.134376451,-0.939827561,-0.314112484,-0.0560020432,-0.323683441,0.944506645],"shapeName":"/levels/johnson_valley/art/shapes/rocks/s_rocks_desert_low_tiny.dae","useInstanceRenderData":true}
{"class":"TSStatic","persistentId":"53e45009-b5ed-44ea-afb8-93b1748f7123","__parent":"trail_021_rocks","position":[-185.082336,-386.552917,134.544312],"decalType":"Visible Mesh","isRenderEnabled":false,"rotationMatrix":[-0.924727917,0,0.380628228,0,1,0,-0.380628228,0,-0.924727917],"shapeName":"/levels/johnson_valley/art/shapes/rocks/s_rocks_desert_medium_04.dae","useInstanceRenderData":true}
{"class":"TSStatic","persistentId":"5eb39391-f8b5-423c-9f2e-56749a5d0d12","__parent":"trail_021_rocks","position":[-181.615921,-384.167847,134.877686],"isRenderEnabled":false,"rotationMatrix":[1,0,0,0,-0.999963045,-0.00856856816,0,0.00856856816,-0.999963045],"shapeName":"/levels/johnson_valley/art/shapes/rocks/s_rocks_desert_medium_02.dae","useInstanceRenderData":true}
{"class":"TSStatic","persistentId":"85859ae4-dd7f-45ca-8324-e0cf92628904","__parent":"trail_021_rocks","position":[-183.231476,-385.959106,134.62561],"isRenderEnabled":false,"rotationMatrix":[1,0,0,0,-0.93928194,-0.343145847,0,0.343145847,-0.93928194],"shapeName":"/levels/johnson_valley/art/shapes/rocks/s_rocks_desert_small_01.dae","useInstanceRenderData":true}
{"class":"TSStatic","persistentId":"800fb416-440b-43c8-af59-52d325a45b2f","__parent":"trail_021_rocks","position":[-184.709229,-384.904877,134.696579],"isRenderEnabled":false,"rotationMatrix":[1,0,0,0,-0.152838945,-0.988250911,0,0.988250911,-0.152838945],"shapeName":"/levels/johnson_valley/art/shapes/rocks/s_rocks_desert_medium_04.dae","useInstanceRenderData":true}
{"class":"TSStatic","persistentId":"4e6ce597-00e2-4c21-89d0-3961462f7e9e","__parent":"trail_021_rocks","position":[-187.45816,-385.866852,135.303162],"isRenderEnabled":false,"rotationMatrix":[0.978540659,0.0739497691,-0.192326963,0,0.933381617,0.358885437,0.206053942,-0.351183981,0.913351834],"shapeName":"/levels/johnson_valley/art/shapes/rocks/s_rocks_desert_collection_03.dae","useInstanceRenderData":true}
{"class":"TSStatic","persistentId":"cd9603bd-c786-4db9-8348-f2045d49e38d","__parent":"trail_021_rocks","position":[-188.036865,-378.707306,138.785339],"isRenderEnabled":false,"rotationMatrix":[-0.792833686,0.415581346,0.445766509,-0.561139941,-0.783168554,-0.267898887,0.237776354,-0.462536484,0.854120851],"shapeName":"/levels/johnson_valley/art/shapes/rocks/s_rocks_desert_collection_03.dae","useInstanceRenderData":true}
