{"class":"TSStatic","persistentId":"02e5697e-f9b9-4617-9a93-cf6bddc8539a","__parent":"otherroads","position":[-866.387695,-359.09375,240.586288],"isRenderEnabled":false,"rotationMatrix":[0.312192589,-0.949921131,0.0136014195,0.944650412,0.308876157,-0.110581256,0.100842312,0.0473712198,0.993773341],"shapeName":"/levels/utah/art/shapes/buildings/ut_jbarrier_angle.dae"}
{"class":"TSStatic","persistentId":"06400d1c-09f0-4cdb-b465-a53529d7e527","__parent":"otherroads","position":[-889.218933,-271.487091,265.285553],"isRenderEnabled":false,"rotationMatrix":[0.664530933,-0.747030735,0.0185442772,0.745291412,0.664375067,0.056103725,-0.0542315692,-0.0234617367,0.998254001],"shapeName":"/levels/utah/art/shapes/buildings/ut_jbarrier_angle.dae"}
{"class":"TSStatic","persistentId":"072f88e3-a3af-4df4-b8a2-6a710925b729","__parent":"otherroads","position":[758.795471,300.50882,140.152237],"isRenderEnabled":false,"rotationMatrix":[0.981209993,0.192943349,0,-0.192943349,0.981209993,0,0,0,1],"shapeName":"/levels/utah/art/shapes/buildings/ut_jbarrier_angle.dae"}
{"class":"TSStatic","persistentId":"07a47a57-4aaf-416d-97e9-ec1a85b7e132","__parent":"otherroads","position":[-884.779419,-281.255188,265.84906],"isRenderEnabled":false,"rotationMatrix":[0.443847775,-0.880469918,-0.166645974,0.895992696,0.438966364,0.0671342015,0.0140423048,-0.179110587,0.98372972],"shapeName":"/levels/utah/art/shapes/buildings/ut_jbarrier_angle.dae"}
{"class":"TSStatic","persistentId":"0c61072c-4b53-4b06-912b-d24771f44931","__parent":"otherroads","position":[-808.212036,-910.335632,135.450592],"isRenderEnabled":false,"rotationMatrix":[0.00338974968,-0.99999404,-0.000690136163,0.999994338,0.00338973431,2.34378767e-05,-2.1098358e-05,-0.000690211658,0.999999821],"shapeName":"/levels/utah/art/shapes/buildings/ut_jbarrier_angle.dae"}
{"class":"TSStatic","persistentId":"12cdfe18-1612-4e31-bfbe-5e0bdefecf65","__parent":"otherroads","position":[-734.326782,-315.213531,207.049026],"isRenderEnabled":false,"rotationMatrix":[0.884295225,-0.45939371,-0.0835238248,0.464274347,0.884122491,0.052649688,0.049658116,-0.0853358582,0.995111465],"shapeName":"/levels/utah/art/shapes/buildings/ut_jbarrier_angle.dae"}
{"class":"TSStatic","persistentId":"1c7057f9-2477-4468-a064-8d15f75f243c","__parent":"otherroads","position":[769.891907,303.292938,140.43895],"isRenderEnabled":false,"rotationMatrix":[0.936834991,0.349771798,0,-0.349600941,0.936377227,0.0312542543,0.0109318569,-0.0292800814,0.999511302],"shapeName":"/levels/utah/art/shapes/buildings/ut_jbarrier_angle.dae"}
{"class":"TSStatic","persistentId":"1f5a22d1-63fe-40b8-a3bb-206067f0f33b","__parent":"otherroads","position":[-549.636169,-912.439453,134.551727],"isRenderEnabled":false,"rotationMatrix":[-0.0339402445,0.999423385,-0.000690136279,-0.999423802,-0.0339403525,2.3436809e-05,0,0.000690534245,0.999999762],"shapeName":"/levels/utah/art/shapes/buildings/ut_jbarrier_angle.dae"}
{"class":"TSStatic","persistentId":"2716d1e4-34e4-4f8f-8656-bd8674ecf4c3","__parent":"otherroads","position":[0,1.83654177e-40,100],"isRenderEnabled":false,"rotationMatrix":[1,0,0,0,0.999999762,-0.000690533896,0,0.000690533896,0.999999762],"shapeName":"/levels/utah/art/shapes/buildings/ut_bridge_upward_tiny.dae"}
{"class":"TSStatic","persistentId":"2751c8ff-751d-427f-aa30-98a0357b6fb0","__parent":"otherroads","position":[-807.921448,-921.718628,135.2621],"isRenderEnabled":false,"rotationMatrix":[0.00338974968,-0.99999404,-0.000690136163,0.999994338,0.00338973431,2.34378767e-05,-2.1098358e-05,-0.000690211658,0.999999821],"shapeName":"/levels/utah/art/shapes/buildings/ut_jbarrier_angle.dae"}
{"class":"TSStatic","persistentId":"2b93ac06-7f52-4729-8116-80e77fd91ab6","__parent":"otherroads","position":[-893.237976,68.8909531,250.645645],"isRenderEnabled":false,"rotationMatrix":[-0.472392082,-0.880602121,-0.037180867,0.877492309,-0.465921491,-0.113714814,0.0828142911,-0.0863435641,0.992821395],"shapeName":"/levels/utah/art/shapes/buildings/ut_jbarrier_angle.dae"}
{"class":"TSStatic","persistentId":"4b1c5812-0739-4615-992e-cae6ab6cd3a6","__parent":"otherroads","position":[-828.282837,60.038868,251.685333],"isRenderEnabled":false,"rotationMatrix":[-0.215663567,0.975837231,-0.0350386389,-0.968205273,-0.21835956,-0.122059308,-0.12676096,0.00760087511,0.991905034],"shapeName":"/levels/utah/art/shapes/buildings/ut_jbarrier_angle.dae"}
{"class":"TSStatic","persistentId":"4dc090c7-8cb0-462f-8dcd-41682ffa8655","__parent":"otherroads","position":[-818.791809,-340.859741,237.463135],"isRenderEnabled":false,"rotationMatrix":[-0.653818786,0.756651521,-6.82121026e-11,-0.754778028,-0.652200401,0.0703562275,0.0532351732,0.046000246,0.997523963],"shapeName":"/levels/utah/art/shapes/buildings/ut_jbarrier_angle.dae"}
{"class":"TSStatic","persistentId":"56dad776-803c-419a-9ec9-9001d0df66fb","__parent":"otherroads","position":[-549.504639,-923.513367,134.417725],"isRenderEnabled":false,"rotationMatrix":[-0.0339402445,0.999423385,-0.000690136279,-0.999423802,-0.0339403525,2.3436809e-05,0,0.000690534245,0.999999762],"shapeName":"/levels/utah/art/shapes/buildings/ut_jbarrier_angle.dae"}
{"class":"TSStatic","persistentId":"58bd6939-423a-4b33-b842-316f5bf6aab8","__parent":"otherroads","position":[723.054993,352.643097,143.936966],"isRenderEnabled":false,"rotationMatrix":[-0.275260389,-0.961369693,0,0.961369693,-0.275260389,0,0,0,1],"shapeName":"/levels/utah/art/shapes/buildings/ut_jbarrier_angle.dae"}
{"class":"TSStatic","persistentId":"70924d77-2c0d-4e5e-bf20-b92d2d87c466","__parent":"otherroads","position":[-549.799683,-908.863464,134.365524],"isRenderEnabled":false,"rotationMatrix":[-0.0339402445,0.999423385,-0.000690136279,-0.999423802,-0.0339403525,2.3436809e-05,0,0.000690534245,0.999999762],"shapeName":"/levels/utah/art/shapes/buildings/ut_jbarrier_angle.dae"}
{"class":"TSStatic","persistentId":"759a61a4-6abb-45c6-9217-fb1f9f65ee7a","__parent":"otherroads","position":[-725.778198,-321.803009,206.615707],"isRenderEnabled":false,"rotationMatrix":[0.693959951,-0.713606536,-0.0958256945,0.71829474,0.695327044,0.0237832852,0.049658116,-0.0853358582,0.995111465],"shapeName":"/levels/utah/art/shapes/buildings/ut_jbarrier_angle.dae"}
{"class":"TSStatic","persistentId":"796f2b05-e62c-4e8a-a952-4c240ecc4032","__parent":"otherroads","position":[-772.335266,-147.207977,292.672028],"isRenderEnabled":false,"rotationMatrix":[-0.977933705,0.198320359,0.0657036155,-0.204784676,-0.972203553,-0.113502122,0.0413675867,-0.124452174,0.99136436],"shapeName":"/levels/utah/art/shapes/buildings/ut_jbarrier_angle.dae"}
{"class":"TSStatic","persistentId":"93921647-a0de-47e1-aa9e-a452ddf08f42","__parent":"otherroads","position":[0,1.83654177e-40,100],"isRenderEnabled":false,"shapeName":"/levels/utah/art/shapes/buildings/ut_bridge_small_curve.dae"}
{"class":"TSStatic","persistentId":"95206250-cc4f-46de-b3b2-7348658bb17d","__parent":"otherroads","position":[773.822449,-304.395233,142.962616],"isRenderEnabled":false,"rotationMatrix":[-0.711574078,0.70261085,0.000476115471,-0.702611089,-0.711573958,-0.000500149967,-1.26194482e-05,-0.00069041783,0.999999762],"shapeName":"/levels/utah/art/shapes/buildings/ut_jbarrier_angle.dae"}
{"class":"TSStatic","persistentId":"9e7650db-50a7-485c-bb8d-a8c813c28dc1","__parent":"otherroads","position":[-808.160461,-899.00061,135.66951],"isRenderEnabled":false,"rotationMatrix":[0.0212020669,-0.999775469,0.000690379296,0.999775529,0.0212019738,-1.46407601e-05,0,0.000690534245,0.999999762],"shapeName":"/levels/utah/art/shapes/buildings/ut_jbarrier_angle.dae"}
{"class":"TSStatic","persistentId":"a5220f3c-e3d5-4469-a933-e1a33598cce0","__parent":"otherroads","position":[-733.118774,-249.627151,227.189148],"isRenderEnabled":false,"rotationMatrix":[0.463877052,-0.883003712,-0.0715471059,0.877967775,0.469003201,-0.0959179774,0.118251614,-0.0183219127,0.992812037],"shapeName":"/levels/utah/art/shapes/buildings/ut_jbarrier_angle.dae"}
{"class":"TSStatic","persistentId":"adf31beb-b05c-4139-a375-15b856d65cba","__parent":"otherroads","position":[-861.795471,-369.408813,241.058884],"isRenderEnabled":false,"rotationMatrix":[0.435706049,-0.900088787,-0.000178722214,0.895279825,0.433398157,-0.103134327,0.0929074809,0.0447762161,0.994666278],"shapeName":"/levels/utah/art/shapes/buildings/ut_jbarrier_angle.dae"}
{"class":"TSStatic","persistentId":"adf613bb-e50c-4c2f-9f3d-9b2302032021","__parent":"otherroads","position":[718.89801,342.26004,143.719513],"isRenderEnabled":false,"rotationMatrix":[-0.275260389,-0.961369693,0,0.960587442,-0.275035858,-0.040319927,0.0387623459,-0.011098464,0.999186516],"shapeName":"/levels/utah/art/shapes/buildings/ut_jbarrier_angle.dae"}
{"class":"TSStatic","persistentId":"b10d173b-a980-4e82-a591-e67c16ec7790","__parent":"otherroads","position":[-890.318176,73.4530106,250.321045],"isRenderEnabled":false,"rotationMatrix":[-0.653553545,-0.749434292,0.10588824,0.739884079,-0.662076533,-0.119295791,0.159510255,0.000378217082,0.987199664],"shapeName":"/levels/utah/art/shapes/buildings/ut_jbarrier_angle.dae"}
{"class":"TSStatic","persistentId":"b4b46a76-5af0-478f-a4dd-0d47e604ba55","__parent":"otherroads","position":[-830.5271,65.0857697,251.395599],"isRenderEnabled":false,"rotationMatrix":[-0.455563337,0.888828874,-0.0494218096,-0.884241581,-0.458229184,-0.090245612,-0.102859251,0.00258825533,0.994693279],"shapeName":"/levels/utah/art/shapes/buildings/ut_jbarrier_angle.dae"}
{"class":"TSStatic","persistentId":"bfb4e0b9-df92-4d09-8e7c-7e3cfee126a2","__parent":"otherroads","position":[0,1.83654177e-40,100],"isRenderEnabled":false,"rotationMatrix":[1,0,0,0,0.999999762,-0.000690534245,0,0.000690534245,0.999999762],"shapeName":"/levels/utah/art/shapes/buildings/ut_bridge_upward_small_concrete.dae"}
{"class":"TSStatic","persistentId":"c61d96b3-3dd4-475d-910c-e60151e16b43","__parent":"otherroads","position":[671.633728,-407.787445,142.962616],"isRenderEnabled":false,"rotationMatrix":[0.724296033,-0.689489543,0.000476116256,0.689489663,0.724295914,-0.000500151305,0,0.000690534245,0.999999762],"shapeName":"/levels/utah/art/shapes/buildings/ut_jbarrier_angle.dae"}
{"class":"TSStatic","persistentId":"cae0ec65-89f2-4c1f-80c6-4d8dc9621f33","__parent":"otherroads","position":[-549.706116,-897.690857,134.549332],"isRenderEnabled":false,"rotationMatrix":[-0.0339402445,0.999423385,-0.000690136279,-0.999423802,-0.0339403525,2.3436809e-05,0,0.000690534245,0.999999762],"shapeName":"/levels/utah/art/shapes/buildings/ut_jbarrier_angle.dae"}
{"class":"TSStatic","persistentId":"d23f1bf0-459a-47b6-8e53-76b81f22b0a0","__parent":"otherroads","position":[777.417297,-308.209137,142.960037],"isRenderEnabled":false,"rotationMatrix":[-0.647840261,0.76177603,0.000517771172,-0.761776209,-0.647840142,-0.000456895068,-1.26187761e-05,-0.000690420798,0.999999762],"shapeName":"/levels/utah/art/shapes/buildings/ut_jbarrier_angle.dae"}
{"class":"TSStatic","persistentId":"d7b9a16e-c433-416e-9b81-d96624643025","__parent":"otherroads","position":[-783.246643,-144.687881,292.463501],"isRenderEnabled":false,"rotationMatrix":[-0.978800654,0.202971995,0.0274231583,-0.204784676,-0.972203553,-0.113502122,0.00362320989,-0.116711423,0.993159711],"shapeName":"/levels/utah/art/shapes/buildings/ut_jbarrier_angle.dae"}
{"class":"TSStatic","persistentId":"d8f0cf8b-74ad-48de-99e9-f1ba75d6268a","__parent":"otherroads","position":[-728.47583,-259.695099,226.749542],"isRenderEnabled":false,"rotationMatrix":[0.463877052,-0.883003712,-0.0715471059,0.871457577,0.469346672,-0.142362431,0.159286752,0.00368827209,0.98722291],"shapeName":"/levels/utah/art/shapes/buildings/ut_jbarrier_angle.dae"}
{"class":"TSStatic","persistentId":"dbe18189-1322-4be7-8fff-cc054df0b5b2","__parent":"otherroads","position":[-826.508423,-332.54126,236.976929],"isRenderEnabled":false,"rotationMatrix":[-0.746455669,0.665435851,-1.78296489e-10,-0.663758576,-0.744575083,0.0709344745,0.0472022966,0.0529494323,0.997480273],"shapeName":"/levels/utah/art/shapes/buildings/ut_jbarrier_angle.dae"}
{"class":"TSStatic","persistentId":"f4ffb6b6-e720-46d9-82a5-7a8539d9a8bd","__parent":"otherroads","position":[667.968262,-404.039429,142.960037],"isRenderEnabled":false,"rotationMatrix":[0.661653936,-0.749809623,0.000517769426,0.749809802,0.661653817,-0.000456894864,0,0.000690534245,0.999999762],"shapeName":"/levels/utah/art/shapes/buildings/ut_jbarrier_angle.dae"}
{"class":"DecalRoad","persistentId":"01edefb7-7aff-4c6a-aa69-38b9bd364fd6","__parent":"otherroads","position":[-730.325195,-256.585083,226.989517],"improvedSpline":true,"material":"tread_marks_worn","nodes":[[-730.325195,-256.585083,226.989517,4.5],[-717.426514,-251.118378,225.097961,4.5],[-704.824402,-248.015228,222.952362,4.5],[-694.240234,-248.447708,221.071716,4.5],[-686.417236,-253.94574,219.193161,4.5],[-683.442261,-262.376617,217.423309,4.5],[-684.880066,-270.7099,215.536896,4.5],[-692.021484,-279.836975,213.177155,4.5],[-703.897705,-289.65387,210.885605,4.5],[-716.608398,-300.130463,208.962265,4.5],[-725.475586,-309.827667,207.692093,4.5],[-732.627625,-319.190674,206.804306,4.5]],"overObjects":true,"renderPriority":11,"startEndFade":[12,12],"textureLength":16}
{"class":"DecalRoad","persistentId":"0b29de8f-0d81-4cd4-9871-dbf8a9ab40ec","__parent":"otherroads","position":[768.251343,301.133881,140.45462],"improvedSpline":true,"material":"line_white_damage_01","nodes":[[768.251343,301.133881,140.45462,0.200000003],[766.992554,306.615356,140.585052,0.200000003],[764.358215,314.292877,140.086349,0.200000003],[760.266418,322.419983,140.461243,0.200000003],[754.070923,330.77771,141.440872,0.200000003],[745.900818,338.520111,142.719147,0.200000003],[737.266296,344.387421,143.343704,0.200000003],[729.67511,348.200592,143.744247,0.200000003],[723.450378,350.706024,144.000412,0.200000003],[720.701782,351.696777,143.987839,0.200000003]],"overObjects":true,"renderPriority":2,"startEndFade":[0.100000001,0.100000001],"textureLength":6}
{"class":"DecalRoad","persistentId":"0d565e11-d790-4583-aecd-bd65b08f633b","__parent":"otherroads","position":[-819.254211,-37.6612015,293.208038],"improvedSpline":true,"material":"tread_marks_worn","nodes":[[-819.254211,-37.6612015,293.208038,4.5],[-893.186523,-4.54412699,293.299988,4.5]],"overObjects":true,"renderPriority":11,"startEndFade":[2,2],"textureLength":16}
{"class":"DecalRoad","persistentId":"10e21773-c2aa-465f-9288-9654bf546001","__parent":"otherroads","position":[763.371277,298.359253,140.272583],"improvedSpline":true,"material":"tread_marks_worn","nodes":[[763.371277,298.359253,140.272583,4.5],[757.778564,315.090942,140.78801,4.5],[748.965027,328.112335,141.870377,4.5],[734.115173,339.691254,143.170044,4.5],[715.585876,347.698517,144.039688,4.5]],"overObjects":true,"renderPriority":11,"startEndFade":[12,12],"textureLength":16}
{"class":"DecalRoad","persistentId":"1123eaa0-1ca3-4800-a9cc-a80eaef08f38","__parent":"otherroads","position":[-902.308167,-0.822678328,259.686157],"improvedSpline":true,"material":"line_white_damage_02","nodes":[[-902.308167,-0.822678328,259.686157,0.200000003],[-908.298035,2.05185413,260.507111,0.200000003]],"overObjects":true,"renderPriority":2,"startEndFade":[0.100000001,0.100000001],"textureLength":6}
{"class":"DecalRoad","persistentId":"11b957f7-cde4-40f5-b500-69178cb19945","__parent":"otherroads","position":[-820.598206,-39.2189903,293.215912],"breakAngle":1,"distanceFade":[200,100],"improvedSpline":true,"material":"line_yellow_double","nodes":[[-820.598206,-39.2189903,293.215912,0.5],[-894.209534,-6.46976042,293.300018,0.5]],"overObjects":true,"renderPriority":2,"startEndFade":[0.100000001,0.100000001],"textureLength":6}
{"class":"DecalRoad","persistentId":"1abdbc0d-f1f9-49c7-99ee-8415c52a0cdc","__parent":"otherroads","position":[774.953857,-306.884583,143.124222],"improvedSpline":true,"material":"tread_marks_worn","nodes":[[774.953857,-306.884583,143.124222,4.5],[670.331848,-405.43103,143.793472,4.5]],"overObjects":true,"renderPriority":11,"startEndFade":[0.200000003,0.200000003],"textureLength":16}
{"class":"DecalRoad","persistentId":"1bbd4528-f8ce-4e1c-a6d9-560d46f16e71","__parent":"otherroads","position":[-547.663574,-914.117004,134.558868],"improvedSpline":true,"material":"line_white_damage_01","nodes":[[-547.663574,-914.117004,134.558868,0.300000012],[-644.640991,-913.641357,134.954285,0.300000012],[-807.141968,-912.362122,135.45668,0.300000012]],"overObjects":true,"renderPriority":2,"startEndFade":[0.100000001,0.100000001],"textureLength":6}
{"class":"DecalRoad","persistentId":"1d8667a1-52ad-45fd-aba9-600cf90a2935","__parent":"otherroads","position":[760.240845,303.207123,140.310135],"improvedSpline":true,"material":"line_white_damage_01","nodes":[[760.240845,303.207123,140.310135,0.200000003],[755.852478,315.080048,140.77565,0.200000003],[748.197815,326.220612,141.738373,0.200000003],[737.422729,335.511749,142.798584,0.200000003],[724.384827,342.484344,143.598358,0.200000003],[717.74353,345.01413,143.894974,0.200000003]],"overObjects":true,"renderPriority":2,"startEndFade":[0.100000001,0.100000001],"textureLength":6}
{"class":"DecalRoad","persistentId":"277223b8-5021-42bd-b51e-8c4a3d0e2482","__parent":"otherroads","position":[-897.483459,-7.69653511,258.120667],"breakAngle":1,"distanceFade":[200,100],"improvedSpline":true,"material":"line_yellow_double","nodes":[[-897.483459,-7.69653511,258.120667,0.5],[-899.251099,-6.74437904,258.843536,0.5]],"overObjects":true,"renderPriority":2,"startEndFade":[0.100000001,3],"textureLength":6}
{"class":"DecalRoad","persistentId":"2c4db0e5-44e9-49bc-add3-d6818c729b01","__parent":"otherroads","position":[593.125427,724.52655,178.221817],"improvedSpline":true,"material":"tread_marks_worn","nodes":[[593.125427,724.52655,178.221817,4.5],[606.272278,740.03949,176.399139,4.5],[630.142456,768.681946,175.031479,4.5],[645.437073,785.734009,175.032318,4.5]],"overObjects":true,"renderPriority":11,"startEndFade":[12,12],"textureLength":16}
{"class":"DecalRoad","persistentId":"2ca41e8f-2c24-46e4-91fe-d483748ae3d6","__parent":"otherroads","position":[-903.41864,-4.64511919,260.561157],"breakAngle":1,"distanceFade":[200,100],"improvedSpline":true,"material":"line_yellow_double","nodes":[[-903.41864,-4.64511919,260.561157,0.5],[-900.921631,-5.96337938,259.537628,0.5]],"overObjects":true,"renderPriority":2,"startEndFade":[0.100000001,4],"textureLength":6}
{"class":"DecalRoad","persistentId":"2dc227ed-ca68-4e02-a847-e0a24aab4487","__parent":"otherroads","position":[-885.981018,-279.882111,265.858124],"improvedSpline":true,"material":"line_white_damage_01","nodes":[[-885.981018,-279.882111,265.858124,0.200000003],[-871.599426,-273.156647,267.679779,0.200000003],[-857.409058,-264.25238,269.825256,0.200000003],[-845.124634,-255.295395,271.980316,0.200000003],[-832.244385,-244.448578,274.526123,0.200000003],[-818.241333,-231.048904,277.70459,0.200000003],[-806.457397,-217.634369,280.877655,0.200000003],[-795.974487,-203.243652,284.026001,0.200000003],[-787.442932,-187.640076,286.938995,0.200000003],[-780.733582,-170.814606,289.598999,0.200000003],[-776.569397,-156.546814,291.546997,0.200000003],[-774.231628,-147.404495,292.700165,0.200000003]],"overObjects":true,"renderPriority":2,"startEndFade":[0.100000001,0.100000001],"textureLength":6}
{"class":"DecalRoad","persistentId":"2ef3f66d-5562-42cf-b55a-30abacc8e1f0","__parent":"otherroads","position":[-599.96167,-676.681519,157.757019],"breakAngle":1,"distanceFade":[200,100],"improvedSpline":true,"material":"line_yellow_double","nodes":[[-599.96167,-676.681519,157.757019,0.5],[-584.441162,-707.344971,154.415192,0.5],[-537.143799,-800.233032,144.145813,0.5],[-524.504395,-825.655579,141.223999,0.5]],"overObjects":true,"renderPriority":2,"textureLength":6}
{"class":"DecalRoad","persistentId":"2f668ea7-e753-43ff-8f07-f44f01282484","__parent":"otherroads","position":[-865.43103,-362.906311,240.840454],"improvedSpline":true,"material":"tread_marks_worn","nodes":[[-865.43103,-362.906311,240.840454,4.5],[-855.250854,-358.356567,239.69458,4.5],[-841.586304,-350.622253,238.395813,4.5],[-827.766052,-339.280426,237.345276,4.5],[-821.370239,-332.48642,237.075745,4.5]],"overObjects":true,"renderPriority":11,"startEndFade":[12,12],"textureLength":16}
{"class":"DecalRoad","persistentId":"2fb5f22c-f0c4-4b5d-bcb8-2e26d5be5954","__parent":"otherroads","position":[-886.482544,-276.025452,265.681946],"breakAngle":1,"distanceFade":[200,100],"improvedSpline":true,"material":"line_yellow_double","nodes":[[-886.482544,-276.025452,265.681946,0.5],[-869.504089,-267.450897,267.979156,0.5],[-841.594727,-247.525726,272.850342,0.5],[-813.449585,-220.081192,279.467804,0.5],[-794.188782,-192.39595,285.575989,0.5],[-783.322876,-165.939423,289.976288,0.5],[-778.142578,-146.87709,292.543182,0.5]],"overObjects":true,"renderPriority":2,"textureLength":6}
{"class":"DecalRoad","persistentId":"325418ae-4ece-435b-9b10-f67ad83d8f6f","__parent":"otherroads","position":[-548.593872,-921.743958,134.420197],"improvedSpline":true,"material":"line_white_damage_01","nodes":[[-548.593872,-921.743958,134.420197,0.300000012],[-621.328308,-921.46759,134.717484,0.300000012],[-699.860168,-920.769043,134.994659,0.300000012],[-807.652161,-919.836426,135.314865,0.300000012]],"overObjects":true,"renderPriority":2,"startEndFade":[0.100000001,0.100000001],"textureLength":6}
{"class":"DecalRoad","persistentId":"3dbb997e-3e68-4792-98ac-83053c8316c3","__parent":"otherroads","position":[-917.400024,-0.546019852,293.300018],"improvedSpline":true,"material":"line_white_damage_01","nodes":[[-917.400024,-0.546019852,293.300018,0.200000003],[-961.614502,18.9856014,293.211273,0.200000003]],"overObjects":true,"renderPriority":2,"startEndFade":[0.100000001,0.100000001],"textureLength":6}
{"class":"DecalRoad","persistentId":"3fb5833e-f5c5-4114-80d6-10173d7a2aa2","__parent":"otherroads","position":[-908.429932,2.57656455,260.482147],"improvedSpline":true,"material":"line_white_damage_02","nodes":[[-908.429932,2.57656455,260.482147,0.200000003],[-914.833862,5.31045341,259.117706,0.200000003]],"overObjects":true,"renderPriority":2,"startEndFade":[0.100000001,0.100000001],"textureLength":6}
{"class":"DecalRoad","persistentId":"43521b78-e2e8-45cf-8114-ce0f65caafb4","__parent":"otherroads","position":[666.497437,-409.059814,142.935974],"improvedSpline":true,"material":"AsphaltRoad_variation_02","nodes":[[666.497437,-409.059814,142.935974,4.5],[777.585754,-304.282837,142.934082,4.5]],"overObjects":true,"renderPriority":2,"startEndFade":[5,5],"textureLength":64}
{"class":"DecalRoad","persistentId":"45a8fa71-cb0d-40be-b864-03fb02a90561","__parent":"otherroads","position":[-596.808594,-674.988586,157.825668],"improvedSpline":true,"material":"line_white_damage_01","nodes":[[-596.808594,-674.988586,157.825668,0.200000003],[-520.246216,-825.186707,141.164841,0.200000003]],"overObjects":true,"renderPriority":2,"startEndFade":[0.100000001,0.100000001],"textureLength":6}
{"class":"DecalRoad","persistentId":"469869d6-442b-4bab-a6c9-cb2459620053","__parent":"otherroads","position":[-725.56311,-319.202576,206.888382],"improvedSpline":true,"material":"line_white_damage_01","nodes":[[-725.56311,-319.202576,206.888382,0.200000003],[-721.230042,-313.605225,207.506973,0.200000003],[-715.757446,-307.552399,208.376572,0.200000003],[-707.648193,-300.299438,209.66835,0.200000003],[-697.268188,-292.025024,211.389771,0.200000003],[-687.648193,-283.714966,213.337982,0.200000003],[-680.649109,-275.213928,215.295532,0.200000003],[-677.64917,-266.250366,216.981354,0.200000003],[-678.288269,-257.205566,218.397034,0.200000003],[-682.704895,-248.825226,219.731491,0.200000003],[-690.207703,-243.460129,220.993774,0.200000003],[-699.55188,-241.688782,222.315994,0.200000003],[-711.053955,-242.970016,224.082077,0.200000003],[-721.247559,-246.141235,225.611893,0.200000003],[-730.777588,-250.491119,227.020859,0.200000003],[-730.777588,-250.491119,227.020859,0.200000003]],"overObjects":true,"renderPriority":2,"startEndFade":[0.100000001,0.100000001],"textureLength":6}
{"class":"DecalRoad","persistentId":"4bd44f78-a3ae-476e-8829-7c902b9b4a01","__parent":"otherroads","position":[-806.777771,-916.126038,135.410156],"breakAngle":1,"distanceFade":[200,100],"improvedSpline":true,"material":"line_white_discontinue","nodes":[[-806.777771,-916.126038,135.410156,0.300000012],[-710.559814,-916.959839,135.105392,0.300000012],[-622.859802,-917.585327,134.800583,0.300000012],[-550.943909,-918.201538,134.531265,0.300000012]],"overObjects":true,"renderPriority":2,"textureLength":6}
{"class":"DecalRoad","persistentId":"53ef89bc-182c-4497-9df3-410b64dc4122","__parent":"otherroads","position":[765.451294,295.963806,140.311401],"improvedSpline":true,"material":"AsphaltRoad_variation_01","nodes":[[765.451294,295.963806,140.311401,9],[757.238403,319.995361,140.304169,9],[738.925476,339.091339,142.9758,9],[712.745667,351.166077,144.250412,9]],"overObjects":true,"renderPriority":9,"startEndFade":[10,10],"textureLength":50}
{"class":"DecalRoad","persistentId":"59f65bcc-e730-476e-9d45-e5475c8735ef","__parent":"otherroads","position":[-735.328003,-254.851532,227.697952],"improvedSpline":true,"material":"tread_marks_worn","nodes":[[-735.328003,-254.851532,227.697952,4.5],[-728.839966,-251.344757,226.709106,4.5],[-717.355469,-246.625,225.047699,4.5],[-704.337219,-243.663086,222.98909,4.5],[-692.605164,-244.051285,221.22644,4.5],[-682.901611,-250.844589,219.471558,4.5],[-679.245728,-261.737854,217.664734,4.5],[-680.769531,-271.562622,215.845688,4.5],[-686.364746,-280.318573,213.891953,4.5],[-700.126526,-291.994141,211.084625,4.5],[-714.481567,-303.843018,208.796371,4.5],[-723.145081,-313.108185,207.479355,4.5],[-730.076355,-321.838715,206.710907,4.5]],"overObjects":true,"renderPriority":11,"startEndFade":[12,12],"textureLength":16}
{"class":"DecalRoad","persistentId":"5bba4cdb-81a9-41be-b82d-73aa07d82e7f","__parent":"otherroads","position":[-918.482727,-2.37864232,260.16925],"improvedSpline":true,"material":"line_white_damage_02","nodes":[[-918.482727,-2.37864232,260.16925,0.200000003],[-912.32135,-4.9684763,262.257874,0.200000003]],"overObjects":true,"renderPriority":2,"startEndFade":[0.100000001,0.100000001],"textureLength":6}
{"class":"DecalRoad","persistentId":"6002332b-b6f9-4c11-b2ed-498acc234459","__parent":"otherroads","position":[-893.457031,-276.921814,264.997467],"improvedSpline":true,"material":"tread_marks_worn","nodes":[[-893.457031,-276.921814,264.997467,4.5],[-876.686218,-269.429321,266.945648,4.5],[-859.26062,-258.652313,269.655304,4.5],[-836.687988,-240.656036,273.986298,4.5],[-814.749878,-218.501801,279.399384,4.5],[-799.959839,-198.765808,284.011292,4.5],[-790.387451,-180.142593,287.578735,4.5],[-782.660828,-157.476273,291.034424,4.5],[-779.298767,-144.254944,292.741882,4.5]],"overObjects":true,"renderPriority":11,"startEndFade":[12,12],"textureLength":16}
{"class":"DecalRoad","persistentId":"6a899675-e6eb-447a-a596-7fb5b6e9aae9","__parent":"otherroads","position":[-545.480652,-903.313354,134.459229],"improvedSpline":true,"material":"AsphaltRoad_variation_01","nodes":[[-545.480652,-903.313354,134.459229,10],[-694.865479,-903.2854,135.164597,10],[-812.367188,-904.594543,135.555176,10]],"overObjects":true,"renderPriority":9,"startEndFade":[10,10],"textureLength":80}
{"class":"DecalRoad","persistentId":"6ac9e417-df18-44f2-af4e-a851fc7d7386","__parent":"otherroads","position":[-962.298584,26.1759109,293.176422],"improvedSpline":true,"material":"tread_marks_worn","nodes":[[-962.298584,26.1759109,293.176422,4.5],[-914.940186,5.257092,293.300018,4.5]],"overObjects":true,"renderPriority":11,"startEndFade":[2,2],"textureLength":16}
{"class":"DecalRoad","persistentId":"6bdaf15f-d5a7-4d60-bd75-69fe0a304f65","__parent":"otherroads","position":[767.627686,297.487091,140.372131],"improvedSpline":true,"material":"tread_marks_worn","nodes":[[767.627686,297.487091,140.372131,4.5],[758.936707,322.022156,141.263321,4.5],[738.200928,342.115631,143.183792,4.5],[713.724976,352.017456,144.226318,4.5]],"overObjects":true,"renderPriority":11,"startEndFade":[12,12],"textureLength":16}
{"class":"DecalRoad","persistentId":"6d8d9525-b89b-4a70-aaf3-4a112cbb8261","__parent":"otherroads","position":[-601.538147,-678.15155,157.678513],"improvedSpline":true,"material":"tread_marks_worn","nodes":[[-601.538147,-678.15155,157.678513,4.5],[-586.6521,-707.315735,154.524139,4.5],[-571.799622,-736.028076,151.338638,4.5],[-558.160217,-763.528503,148.315765,4.5],[-543.985474,-790.964722,145.272675,4.5],[-530.057007,-818.67511,142.217865,4.5],[-526.182373,-826.475952,141.238174,4.5]],"overObjects":true,"renderPriority":11,"startEndFade":[0.200000003,0.200000003],"textureLength":16}
{"class":"DecalRoad","persistentId":"88483fa3-61c5-4ab2-8a31-429136a46153","__parent":"otherroads","position":[-547.650574,-899.510925,134.545517],"improvedSpline":true,"material":"line_white_damage_01","nodes":[[-547.650574,-899.510925,134.545517,0.300000012],[-690.368591,-899.570251,135.215683,0.300000012],[-807.373718,-900.717102,135.655197,0.300000012]],"overObjects":true,"renderPriority":2,"startEndFade":[0.100000001,0.100000001],"textureLength":6}
{"class":"DecalRoad","persistentId":"890556b2-d782-472c-94eb-5f232dd172fa","__parent":"otherroads","position":[-732.031128,-315.641541,207.021149],"improvedSpline":true,"material":"line_white_damage_01","nodes":[[-732.031128,-315.641541,207.021149,0.200000003],[-727.083801,-309.003876,207.706207,0.200000003],[-720.338013,-301.596741,208.606262,0.200000003],[-710.929688,-293.253601,209.951065,0.200000003],[-698.64856,-283.447052,211.96199,0.200000003],[-689.831787,-275.07666,214.077438,0.300000012],[-685.50293,-267.455078,216.151611,0.300000012],[-685.362549,-260.456818,217.78952,0.300000012],[-688.055786,-254.469528,219.22966,0.300000012],[-693.36908,-250.596283,220.696579,0.300000012],[-701.262878,-249.57019,222.278152,0.300000012],[-709.466248,-250.619247,223.739075,0.300000012],[-718.478455,-253.268661,225.289169,0.300000012],[-725.902954,-256.35849,226.346252,0.300000012],[-730.284851,-258.479523,227.029297,0.300000012]],"overObjects":true,"renderPriority":2,"startEndFade":[0.100000001,0.100000001],"textureLength":6}
{"class":"DecalRoad","persistentId":"8b10ea6f-36c9-497b-a356-f0449a420912","__parent":"otherroads","position":[-546.523621,-918.087219,134.479584],"improvedSpline":true,"material":"AsphaltRoad_variation_01","nodes":[[-546.523621,-918.087219,134.479584,10],[-666.216614,-917.038574,134.958862,10],[-815.835876,-916.194763,135.395706,10]],"overObjects":true,"renderPriority":9,"startEndFade":[10,10],"textureLength":80}
{"class":"DecalRoad","persistentId":"8c5ea4a6-7450-4acd-847e-6941f4f9e7dc","__parent":"otherroads","position":[-818.964844,-35.2264328,293.186157],"improvedSpline":true,"material":"line_white_damage_01","nodes":[[-818.964844,-35.2264328,293.186157,0.200000003],[-892.393494,-2.60498524,293.300018,0.200000003]],"overObjects":true,"renderPriority":2,"startEndFade":[0.100000001,0.100000001],"textureLength":6}
{"class":"DecalRoad","persistentId":"8dbdd22a-49e1-40c3-aea6-78235038ddb4","__parent":"otherroads","position":[-806.471252,-904.519592,135.583939],"breakAngle":1,"distanceFade":[200,100],"improvedSpline":true,"material":"line_white_discontinue","nodes":[[-806.471252,-904.519592,135.583939,0.300000012],[-702.695862,-903.46759,135.199036,0.300000012],[-635.787659,-903.284973,134.877869,0.300000012],[-550.837646,-903.363586,134.42804,0.300000012]],"overObjects":true,"renderPriority":2,"textureLength":6}
{"class":"DecalRoad","persistentId":"8ec01b48-3ef8-4f5f-ab6c-0b757b44d862","__parent":"otherroads","position":[764.315308,301.640472,140.357224],"breakAngle":1,"distanceFade":[200,100],"improvedSpline":true,"material":"line_yellow_double","nodes":[[764.315308,301.640472,140.357224,0.5],[759.228088,316.698334,140.885422,0.5],[748.109863,331.539154,142.157257,0.5],[734.550659,341.681702,143.270828,0.5],[721.255859,347.736206,143.852783,0.5]],"overObjects":true,"renderPriority":2,"textureLength":6}
{"class":"DecalRoad","persistentId":"9014c25b-1e14-41e6-b331-afb10f168597","__parent":"otherroads","position":[-809.852539,-902.574646,135.604721],"improvedSpline":true,"material":"tread_marks_worn","nodes":[[-809.852539,-902.574646,135.604721,4.5],[-766.077515,-902.214905,135.514343,4.5],[-707.38324,-901.911377,135.252197,4.5],[-595.621765,-901.770691,134.723236,4.5],[-547.625732,-901.570374,134.508408,4.5]],"overObjects":true,"renderPriority":11,"startEndFade":[5,5],"textureLength":16}
{"class":"DecalRoad","persistentId":"94353a79-da0c-44b1-ae34-24ef842f4310","__parent":"otherroads","position":[-822.52179,-42.8844795,293.261414],"improvedSpline":true,"material":"line_white_damage_01","nodes":[[-822.52179,-42.8844795,293.261414,0.200000003],[-895.841797,-10.1253662,293.300018,0.200000003]],"overObjects":true,"renderPriority":2,"startEndFade":[0.100000001,0.100000001],"textureLength":6}
{"class":"DecalRoad","persistentId":"944c55e1-aaa3-4820-98a1-d0b4dfb0b65f","__parent":"otherroads","position":[-913.894287,7.14189863,293.300018],"improvedSpline":true,"material":"line_white_damage_01","nodes":[[-913.894287,7.14189863,293.300018,0.200000003],[-958.174561,26.7991982,293.193451,0.200000003]],"overObjects":true,"renderPriority":2,"startEndFade":[0.100000001,0.100000001],"textureLength":6}
{"class":"DecalRoad","persistentId":"949f19ba-9208-43df-9578-f04a9151b053","__parent":"otherroads","position":[-890.069702,-279.468384,265.413422],"improvedSpline":true,"material":"tread_marks_worn","nodes":[[-890.069702,-279.468384,265.413422,4.5],[-873.252563,-271.900177,267.444122,4.5],[-854.538574,-259.858093,270.363983,4.5],[-833.867798,-243.415482,274.31012,4.5],[-812.841125,-222.09938,279.383453,4.5],[-796.722656,-201.171173,284.16983,4.5],[-785.947205,-179.631485,288.080414,4.5],[-779.036194,-159.129562,291.090515,4.5],[-775.420044,-143.750946,292.987549,4.5]],"overObjects":true,"renderPriority":11,"startEndFade":[12,12],"textureLength":16}
{"class":"DecalRoad","persistentId":"9716d9b8-1612-4633-8f9f-c335211b864b","__parent":"otherroads","position":[-961.672302,23.8087902,293.184448],"breakAngle":1,"distanceFade":[200,100],"improvedSpline":true,"material":"line_yellow_double","nodes":[[-961.672302,23.8087902,293.184448,0.5],[-915.69873,3.20336866,293.299988,0.5]],"overObjects":true,"renderPriority":2,"startEndFade":[0.100000001,0.100000001],"textureLength":6}
{"class":"DecalRoad","persistentId":"99ba2261-eb14-4812-823b-0f0fe1a33f8d","__parent":"otherroads","position":[-597.868835,-676.319946,157.672699],"improvedSpline":true,"material":"tread_marks_worn","nodes":[[-597.868835,-676.319946,157.672699,4.5],[-581.995117,-707.631714,154.272797,4.5],[-563.568726,-743.838745,150.27034,4.5],[-537.727295,-794.938416,144.629486,4.5],[-530.893127,-808.212769,143.158295,4.5],[-522.595764,-824.748962,141.215851,4.5]],"overObjects":true,"renderPriority":11,"startEndFade":[0.200000003,0.200000003],"textureLength":16}
{"class":"DecalRoad","persistentId":"9c8f20f0-f63d-4390-9bbf-8b780b481785","__parent":"otherroads","position":[-890.746643,-277.984711,265.309448],"improvedSpline":true,"material":"AsphaltRoad_variation_01","nodes":[[-890.746643,-277.984711,265.309448,9.5],[-877.816223,-272.091492,266.816437,10],[-859.874512,-261.384857,269.503937,10],[-839.919678,-246.042847,273.189453,10],[-822.394653,-230.159454,277.062347,10],[-807.944946,-213.319183,281.073608,10],[-796.025146,-195.953094,284.89502,10],[-786.85498,-176.690002,288.355316,10],[-781.042969,-158.905365,290.97876,10],[-777.312378,-144.471344,292.825836,10]],"overObjects":true,"renderPriority":9,"startEndFade":[3,3],"textureLength":50}
{"class":"DecalRoad","persistentId":"9cfda6c6-a6e7-4d90-a95e-50f120cca53e","__parent":"otherroads","position":[-961.991089,23.8911972,293.182251],"improvedSpline":true,"material":"AsphaltRoad_variation_01","nodes":[[-961.991089,23.8911972,293.182251,10],[-915.646484,3.42108488,293.300018,10]],"overObjects":true,"renderPriority":9,"startEndFade":[3,0.100000001],"textureLength":50}
{"class":"DecalRoad","persistentId":"9e329237-c5af-40f7-8de0-d8404e4dfa4a","__parent":"otherroads","position":[-895.814941,-3.90099907,257.00592],"improvedSpline":true,"material":"line_white_damage_02","nodes":[[-895.814941,-3.90099907,257.00592,0.200000003],[-901.673889,-0.775903344,259.405426,0.200000003]],"overObjects":true,"renderPriority":2,"startEndFade":[0.100000001,0.100000001],"textureLength":6}
{"class":"DecalRoad","persistentId":"a400683c-ef2b-4620-95dd-ca8b894b6265","__parent":"otherroads","position":[-728.525574,-317.032166,206.985809],"breakAngle":1,"distanceFade":[200,100],"improvedSpline":true,"material":"line_yellow_double","nodes":[[-728.525574,-317.032166,206.985809,0.5],[-725.22876,-312.718872,207.442947,0.5],[-717.567871,-303.877289,208.586304,0.5],[-707.720276,-295.312164,210.07431,0.5],[-694.132507,-284.549072,212.417419,0.5],[-684.459473,-274.330444,214.962341,0.5],[-681.18811,-263.601074,217.25798,0.5],[-684.212891,-253.074478,219.195816,0.5],[-692.991882,-246.301849,221.073502,0.5],[-706.789551,-246.146179,223.333603,0.5],[-720.813538,-250.180359,225.588913,0.5],[-729.425232,-254.087234,226.852432,0.5]],"overObjects":true,"renderPriority":2,"textureLength":6}
{"class":"DecalRoad","persistentId":"a8a416de-041c-4e22-be97-6b18f4d633ab","__parent":"otherroads","position":[-910.004089,-1.74435091,261.335236],"breakAngle":1,"distanceFade":[200,100],"improvedSpline":true,"material":"line_yellow_double","nodes":[[-910.004089,-1.74435091,261.335236,0.5],[-904.021118,-4.60841513,260.515472,0.5]],"overObjects":true,"renderPriority":2,"startEndFade":[0.100000001,0.100000001],"textureLength":6}
{"class":"DecalRoad","persistentId":"af1bf9a9-827d-449d-8294-b0422ffca83c","__parent":"otherroads","position":[-863.477905,-360.002441,240.450531],"improvedSpline":true,"material":"line_white_damage_01","nodes":[[-863.477905,-360.002441,240.450531,0.200000003],[-849.959595,-353.575989,238.981064,0.200000003],[-838.606628,-345.994751,237.878296,0.200000003],[-824.783813,-333.783661,237.128403,0.200000003]],"overObjects":true,"renderPriority":2,"startEndFade":[0.100000001,0.100000001],"textureLength":6}
{"class":"DecalRoad","persistentId":"af61bd95-940a-4106-a1fe-d7f122cd99c5","__parent":"otherroads","position":[-962.748413,21.6948547,293.183411],"improvedSpline":true,"material":"tread_marks_worn","nodes":[[-962.748413,21.6948547,293.183411,4.5],[-916.511108,1.34664917,293.299988,4.5]],"overObjects":true,"renderPriority":11,"startEndFade":[2,2],"textureLength":16}
{"class":"DecalRoad","persistentId":"b1586500-4474-4949-8628-bc29d865568a","__parent":"otherroads","position":[-905.411987,-8.29628563,261.068878],"improvedSpline":true,"material":"line_white_damage_02","nodes":[[-905.411987,-8.29628563,261.068878,0.200000003],[-899.194702,-11.4860992,259.372986,0.200000003]],"overObjects":true,"renderPriority":2,"startEndFade":[0.100000001,0.100000001],"textureLength":6}
{"class":"DecalRoad","persistentId":"b74c3b61-7e57-4e17-ba7e-3b20985903b3","__parent":"otherroads","position":[-807.915039,-907.107666,135.526001],"improvedSpline":true,"material":"tread_marks_worn","nodes":[[-807.915039,-907.107666,135.526001,4.5],[-789.946899,-906.516174,135.524445,4.5],[-725.787903,-905.494019,135.269836,4.5],[-600.88678,-905.1073,134.680115,4.5],[-547.252197,-905.724243,134.423813,4.5]],"overObjects":true,"renderPriority":11,"startEndFade":[5,5],"textureLength":16}
{"class":"DecalRoad","persistentId":"b89ce456-47ca-4f56-8341-3734b609573e","__parent":"otherroads","position":[-545.205933,-919.86554,134.431122],"improvedSpline":true,"material":"tread_marks_worn","nodes":[[-545.205933,-919.86554,134.431122,4.5],[-695.295166,-918.976074,135.015793,4.5],[-807.990479,-918.064636,135.349854,4.5]],"overObjects":true,"renderPriority":11,"startEndFade":[5,5],"textureLength":16}
