{"class":"TSStatic","persistentId":"7b2db747-75b4-41f2-907b-8f0387a66d60","__parent":"trail_024_rocks","position":[86.3173676,-29.7580986,182.543564],"isRenderEnabled":false,"rotationMatrix":[1,0,0,0,0.590782225,0.806831002,0,-0.806831002,0.590782225],"shapeName":"/levels/johnson_valley/art/shapes/rocks/s_rocks_desert_large_04.dae","useInstanceRenderData":true}
{"class":"TSStatic","persistentId":"6fcf982a-fb5c-4090-b662-fb9102cd88d2","__parent":"trail_024_rocks","position":[87.6384048,-24.5781956,184.936584],"isRenderEnabled":false,"rotationMatrix":[-0.399016976,0,0.91694361,0,1,0,-0.91694361,0,-0.399016976],"shapeName":"/levels/johnson_valley/art/shapes/rocks/s_rocks_desert_medium_01.dae","useInstanceRenderData":true}
{"class":"TSStatic","persistentId":"58e4cb4b-05de-4b13-a520-138b362a5bb9","__parent":"trail_024_rocks","position":[95.3248138,-28.5202904,182.722336],"isRenderEnabled":false,"rotationMatrix":[0.999563158,0.00610871427,-0.0289159957,0.00138001749,0.967690825,0.252135903,0.0295219701,-0.252065688,0.967259705],"shapeName":"/levels/johnson_valley/art/shapes/rocks/s_rocks_desert_collection_02.dae","useInstanceRenderData":true}
{"class":"TSStatic","persistentId":"9f78dbc7-2fdc-4184-aa95-f745267209bd","__parent":"trail_024_rocks","position":[77.3206711,-34.2588959,183.076889],"isRenderEnabled":false,"shapeName":"/levels/johnson_valley/art/shapes/rocks/s_rocks_desert_medium_02.dae","useInstanceRenderData":true}
{"class":"TSStatic","persistentId":"eb2abf4c-4e70-421e-93bd-7eb4a6feb135","__parent":"trail_024_rocks","position":[75.1772995,-33.471405,182.753342],"isRenderEnabled":false,"shapeName":"/levels/johnson_valley/art/shapes/rocks/s_rocks_desert_medium_03.dae","useInstanceRenderData":true}
{"class":"TSStatic","persistentId":"5cc6afff-d530-4d61-bbce-a2b848587c35","__parent":"trail_024_rocks","position":[79.1199722,-27.9560223,183.490433],"isRenderEnabled":false,"rotationMatrix":[-0.103001237,-0.64229244,0.759507179,-0.0691098571,-0.757102013,-0.649630904,0.992277503,-0.1194022,0.0335937142],"shapeName":"/levels/johnson_valley/art/shapes/rocks/s_rocks_desert_medium_01.dae","useInstanceRenderData":true}
{"class":"TSStatic","persistentId":"51400b43-8520-4016-bcb2-f6a9562a4755","__parent":"trail_024_rocks","position":[95.8549805,-39.8292618,177.899384],"isRenderEnabled":false,"rotationMatrix":[1,0,0,0,-0.997184992,-0.0749786347,0,0.0749786347,-0.997184992],"shapeName":"/levels/johnson_valley/art/shapes/rocks/s_rocks_desert_medium_02.dae","useInstanceRenderData":true}
{"class":"TSStatic","persistentId":"461886f2-38c6-4284-80c6-09404bfbcb78","__parent":"trail_024_rocks","position":[79.0980759,-28.1227093,181.527298],"isRenderEnabled":false,"rotationMatrix":[-0.999999762,0,3.25841313e-07,0,1,0,-3.25841313e-07,0,-0.999999762],"shapeName":"/levels/johnson_valley/art/shapes/rocks/s_rocks_desert_large_06.dae","useInstanceRenderData":true}
{"class":"TSStatic","persistentId":"b982be5d-0a24-4e68-967d-d9a6aaa4ddfc","__parent":"trail_024_rocks","position":[81.3746796,-29.2285633,181.527298],"isRenderEnabled":false,"rotationMatrix":[0.687293172,0.726380169,-2.23948533e-07,0.726380169,-0.687293291,-2.36684684e-07,-3.25841341e-07,0,-1.00000024],"shapeName":"/levels/johnson_valley/art/shapes/rocks/s_rocks_desert_large_06.dae","useInstanceRenderData":true}
{"class":"TSStatic","persistentId":"b36b7083-597f-4155-a80e-b40c2de7e3b3","__parent":"trail_024_rocks","position":[83.9249191,-29.7379494,181.527298],"isRenderEnabled":false,"rotationMatrix":[0.479987741,-0.877275109,-1.56399807e-07,-0.877275109,-0.479987502,2.85852479e-07,-3.25841285e-07,0,-0.999999762],"shapeName":"/levels/johnson_valley/art/shapes/rocks/s_rocks_desert_large_06.dae","useInstanceRenderData":true}
{"class":"TSStatic","persistentId":"518d1924-3d52-42ca-b760-e8abb6e5aacb","__parent":"trail_024_rocks","position":[78.6456604,-38.5394592,181.954407],"isRenderEnabled":false,"rotationMatrix":[-0.892181635,0.382887989,0.239601746,-0.379439145,-0.923118353,0.0622795187,0.245026812,-0.035349641,0.968871653],"shapeName":"/levels/johnson_valley/art/shapes/rocks/s_rocks_desert_huge_sheet_3.dae","useInstanceRenderData":true}
{"class":"TSStatic","persistentId":"5c980457-4e2f-40c6-8870-e1feed7b2b9f","__parent":"trail_024_rocks","position":[70.8224716,-36.1508217,183.569885],"isRenderEnabled":false,"rotationMatrix":[0.925667882,-0.333047569,-0.179494709,0.336323142,0.941659927,-0.0127803441,0.173279434,-0.0485378727,0.983675897],"shapeName":"/levels/johnson_valley/art/shapes/rocks/s_rocks_desert_huge_sheet_3.dae","useInstanceRenderData":true}
{"class":"TSStatic","persistentId":"95ec904b-cbef-48d7-8cfe-2b0f8d38cbb7","__parent":"trail_024_rocks","position":[79.7827072,-31.5498734,181.682129],"isRenderEnabled":false,"rotationMatrix":[0.622046888,0.782836616,-0.014983099,-0.774641335,0.618094802,0.133751586,0.113966614,-0.071593225,0.990901589],"shapeName":"/levels/johnson_valley/art/shapes/rocks/s_rocks_desert_low_tiny.dae","useInstanceRenderData":true}
{"class":"TSStatic","persistentId":"ecc5529f-ee23-4cc6-82a3-06086e343086","__parent":"trail_024_rocks","position":[84.4920349,-36.847271,180.175522],"isRenderEnabled":false,"rotationMatrix":[-0.739619374,-0.672034562,0.0365109593,0.630361259,-0.710721016,-0.312282801,0.235813931,-0.207955256,0.949287295],"shapeName":"/levels/johnson_valley/art/shapes/rocks/s_rocks_desert_low_tiny.dae","useInstanceRenderData":true}
{"class":"TSStatic","persistentId":"2b667121-e5e1-4924-bd9d-624b8f864f30","__parent":"trail_024_rocks","position":[74.103302,-27.0939541,182.281052],"isRenderEnabled":false,"rotationMatrix":[-0.594671249,-0.803902566,0.0103125116,0.803078592,-0.594567418,-0.0394207984,0.0378219709,-0.0151606649,0.999169469],"shapeName":"/levels/johnson_valley/art/shapes/rocks/s_rocks_desert_low_tiny.dae","useInstanceRenderData":true}
{"class":"TSStatic","persistentId":"11b9bffc-e782-4c8f-8be4-a8b965dcd70b","__parent":"trail_024_rocks","position":[91.0613327,-44.716114,177.469482],"isRenderEnabled":false,"rotationMatrix":[0.860882282,-0.448425174,-0.240409046,0.461974084,0.886893392,3.7252903e-09,0.213217199,-0.11106278,0.970671654],"shapeName":"/levels/johnson_valley/art/shapes/rocks/s_rocks_desert_low_tiny.dae","useInstanceRenderData":true}
{"class":"TSStatic","persistentId":"e5515783-75e6-4c6f-887c-ab7c6deed906","__parent":"trail_024_rocks","position":[79.9351273,-31.3712578,181.617752],"isRenderEnabled":false,"rotationMatrix":[0.223299801,0.947134316,0.230377927,-0.973315299,0.229472339,-1.49011612e-08,-0.0528654009,-0.224230334,0.973101258],"shapeName":"/levels/johnson_valley/art/shapes/rocks/s_rocks_desert_medium_03.dae","useInstanceRenderData":true}
{"class":"TSStatic","persistentId":"b974021f-b390-4cd5-8813-573d32b7941e","__parent":"trail_024_rocks","position":[79.2371826,-33.0310097,181.590912],"isRenderEnabled":false,"shapeName":"/levels/johnson_valley/art/shapes/rocks/s_rocks_desert_small_02.dae","useInstanceRenderData":true}
{"class":"TSStatic","persistentId":"1db2898d-e37b-45ca-b59f-9fced95dd7cc","__parent":"trail_024_rocks","position":[79.1354752,-34.3491516,181.846298],"isRenderEnabled":false,"rotationMatrix":[0.296747506,0.12404567,0.946865201,-0.0370967649,0.99227649,-0.118368745,-0.954235196,0,0.299057245],"scale":[1.15400386,1.15400386,1.15400386],"shapeName":"/levels/johnson_valley/art/shapes/rocks/s_rocks_desert_medium_01.dae","useInstanceRenderData":true}
{"class":"TSStatic","persistentId":"3d1d6a64-2dc4-439f-bdb4-e871cd40f4cd","__parent":"trail_024_rocks","position":[78.1130676,-32.5550346,181.941956],"isRenderEnabled":false,"rotationMatrix":[0.373614252,0.111064807,0.920911014,-0.0417537205,0.993813157,-0.102917537,-0.926644027,0,0.375940144],"shapeName":"/levels/johnson_valley/art/shapes/rocks/s_rocks_desert_medium_04.dae","useInstanceRenderData":true}
{"class":"TSStatic","persistentId":"99059327-ffc6-4112-8e59-567008555d95","__parent":"trail_024_rocks","position":[77.7938766,-30.0187645,182.027817],"isRenderEnabled":false,"shapeName":"/levels/johnson_valley/art/shapes/rocks/s_rocks_desert_small_02.dae","useInstanceRenderData":true}
{"class":"TSStatic","persistentId":"04013fd7-a40b-4d5c-bc18-0f9db8390e8a","__parent":"trail_024_rocks","position":[73.4308777,-30.9778728,182.680695],"isRenderEnabled":false,"rotationMatrix":[0.98573631,0,-0.168297172,-0.0177869126,0.994399369,-0.104180031,0.167354614,0.105687521,0.980215549],"shapeName":"/levels/johnson_valley/art/shapes/rocks/s_rocks_desert_collection_03.dae","useInstanceRenderData":true}
{"class":"TSStatic","persistentId":"c2af3a12-9737-424d-9d41-31920ff20dc3","__parent":"trail_024_rocks","position":[76.3727493,-28.6780491,182.310211],"isRenderEnabled":false,"rotationMatrix":[0.178707659,0,0.983902156,0,1,0,-0.983902156,0,0.178707659],"shapeName":"/levels/johnson_valley/art/shapes/rocks/s_rocks_desert_medium_05.dae","useInstanceRenderData":true}
{"class":"TSStatic","persistentId":"2317c5a4-b1b9-454c-a797-766eb1503882","__parent":"trail_024_rocks","position":[71.1520996,-27.9412365,182.653763],"isRenderEnabled":false,"rotationMatrix":[0.993060768,-0.0195450243,-0.11596667,-0.00796155073,0.972657204,-0.23210904,0.117332391,0.231421649,0.965752125],"shapeName":"/levels/johnson_valley/art/shapes/rocks/s_rocks_desert_collection_02.dae","useInstanceRenderData":true}
{"class":"TSStatic","persistentId":"64a8d3fc-bcac-4f05-aa1f-3bccd9089a02","__parent":"trail_024_rocks","position":[73.1562729,-26.743742,182.593262],"isRenderEnabled":false,"rotationMatrix":[-0.99994266,-1.16415322e-10,-0.0106913494,0.00192531373,0.983651698,-0.18007116,0.0105165644,-0.180081442,-0.983595252],"shapeName":"/levels/johnson_valley/art/shapes/rocks/s_rocks_desert_small_01.dae","useInstanceRenderData":true}
{"class":"TSStatic","persistentId":"7d73a76d-d9df-4e15-937d-d24cff661d4b","__parent":"trail_024_rocks","position":[73.3586349,-25.8385849,182.490845],"isRenderEnabled":false,"shapeName":"/levels/johnson_valley/art/shapes/rocks/s_rocks_desert_small_04.dae","useInstanceRenderData":true}
{"class":"TSStatic","persistentId":"bb0f1dc9-3ffc-4066-8d6b-6fc3fbae981c","__parent":"trail_024_rocks","position":[66.2282715,-19.2646084,183.822113],"isRenderEnabled":false,"rotationMatrix":[0.432276845,-0.837005615,-0.335497439,0.881815434,0.470158935,-0.0367730409,0.188516378,-0.279950678,0.941323102],"shapeName":"/levels/johnson_valley/art/shapes/rocks/s_rocks_desert_low_tiny.dae","useInstanceRenderData":true}
{"class":"TSStatic","persistentId":"af4f53dc-5f79-475b-9892-18bef9f9ef78","__parent":"trail_024_rocks","position":[69.5364075,-13.9944057,185.098694],"isRenderEnabled":false,"rotationMatrix":[0.999924898,-0.00373631041,0.0116695566,2.32830644e-10,0.952375531,0.304927617,-0.0122531047,-0.304904729,0.952304006],"shapeName":"/levels/johnson_valley/art/shapes/rocks/s_rocks_desert_low_tiny.dae","useInstanceRenderData":true}
{"class":"TSStatic","persistentId":"8bc5012d-4903-4875-934d-486af9705981","__parent":"trail_024_rocks","position":[72.5496902,-21.9493942,183.04364],"isRenderEnabled":false,"rotationMatrix":[0.302537441,0.914558887,0.268426776,-0.943688512,0.326970935,-0.0504162461,-0.133876354,-0.238058493,0.961979866],"shapeName":"/levels/johnson_valley/art/shapes/rocks/s_rocks_desert_low_tiny.dae","useInstanceRenderData":true}
{"class":"TSStatic","persistentId":"4985feb0-e3b3-4a39-b9af-92ac231455ce","__parent":"trail_024_rocks","position":[65.9419174,-25.8000851,183.302185],"isRenderEnabled":false,"rotationMatrix":[0.965030968,-0.00684821699,-0.262046367,-0.0102529926,0.997907639,-0.0638373345,0.261935264,0.0642917603,0.962941587],"shapeName":"/levels/johnson_valley/art/shapes/rocks/s_rocks_desert_collection_03.dae","useInstanceRenderData":true}
{"class":"TSStatic","persistentId":"3e224a89-650c-40f6-8284-c4e0f3a9df52","__parent":"trail_024_rocks","position":[59.8550262,-14.5441008,187.407043],"isRenderEnabled":false,"rotationMatrix":[0.981164694,0.0579892769,-0.184263527,0.0163288359,0.925567091,0.378231317,0.192481607,-0.374116033,0.907186866],"scale":[1.28244638,1.28244638,1.28244638],"shapeName":"/levels/johnson_valley/art/shapes/rocks/s_rocks_desert_huge_sheet_3.dae","useInstanceRenderData":true}
{"class":"TSStatic","persistentId":"8a2d661e-62c3-44e9-8267-e29cdd800c54","__parent":"trail_024_rocks","position":[52.4697723,-15.7543507,188.776154],"isRenderEnabled":false,"rotationMatrix":[-0.986631274,-0.046430517,0.156213328,-0.0163285024,-0.925566912,-0.378231287,0.162147388,-0.375725627,0.912435472],"scale":[1.09626484,1.09626484,1.09626484],"shapeName":"/levels/johnson_valley/art/shapes/rocks/s_rocks_desert_huge_sheet_3.dae","useInstanceRenderData":true}
{"class":"TSStatic","persistentId":"19bd4d70-a6e3-40c8-b408-15be1c17d591","__parent":"trail_024_rocks","position":[65.716568,-11.1870689,186.353699],"isRenderEnabled":false,"rotationMatrix":[-0.965925694,0,0.258819282,0,1,0,-0.258819282,0,-0.965925694],"shapeName":"/levels/johnson_valley/art/shapes/rocks/s_rocks_desert_large_06.dae","useInstanceRenderData":true}
{"class":"TSStatic","persistentId":"a2efbbd6-1f15-43d1-85e0-b9b9c153f070","__parent":"trail_024_rocks","position":[57.4710808,-8.95007515,189.519623],"isRenderEnabled":false,"rotationMatrix":[0.954220474,-1.86264515e-09,-0.299104065,0.0220302157,0.997283876,0.0702821538,0.298291653,-0.0736540034,0.951628685],"shapeName":"/levels/johnson_valley/art/shapes/rocks/s_rocks_desert_collection_03.dae","useInstanceRenderData":true}
{"class":"TSStatic","persistentId":"c3324253-a85a-4c74-8b48-70c876b34996","__parent":"trail_024_rocks","position":[60.7151451,-6.20567226,188.584625],"isRenderEnabled":false,"rotationMatrix":[0.35518235,0.922491491,-0.151177824,-0.909595907,0.37835592,0.171703145,0.215593725,0.0765248388,0.973479986],"shapeName":"/levels/johnson_valley/art/shapes/rocks/s_rocks_desert_collection_03.dae","useInstanceRenderData":true}
{"class":"TSStatic","persistentId":"73332fdb-d24e-4a9f-9468-69f0c93d22c9","__parent":"trail_024_rocks","position":[51.738842,-4.77572966,191.101166],"isRenderEnabled":false,"rotationMatrix":[0.991319478,0,-0.13147524,0,1,0,0.13147524,0,0.991319478],"shapeName":"/levels/johnson_valley/art/shapes/rocks/s_rocks_desert_collection_03.dae","useInstanceRenderData":true}
{"class":"TSStatic","persistentId":"04af05dc-18a3-46bb-bc83-8f5e993d783e","__parent":"trail_024_rocks","position":[69.0867691,-6.15556669,186.28746],"isRenderEnabled":false,"rotationMatrix":[-0.950665474,0,0.310217083,0,1,0,-0.310217083,0,-0.950665474],"shapeName":"/levels/johnson_valley/art/shapes/rocks/s_rocks_desert_medium_02.dae","useInstanceRenderData":true}
{"class":"TSStatic","persistentId":"2d20b992-8c3a-4cd5-91a8-7786b4206312","__parent":"trail_024_rocks","position":[70.1048737,-7.33732939,186.62381],"isRenderEnabled":false,"rotationMatrix":[0.954583645,0,-0.297943056,0.114894204,0.922655702,0.368111014,0.274898887,-0.385624707,0.880752087],"shapeName":"/levels/johnson_valley/art/shapes/rocks/s_rocks_desert_medium_03.dae","useInstanceRenderData":true}
{"class":"TSStatic","persistentId":"2306a874-be49-4c6d-b7e5-b63318acd066","__parent":"trail_024_rocks","position":[70.357132,-4.08153439,187.263107],"isRenderEnabled":false,"rotationMatrix":[0.954663932,0.283548504,0.0906478465,-0.29211995,0.950933278,0.101940401,-0.0572950058,-0.12379887,0.990651846],"shapeName":"/levels/johnson_valley/art/shapes/rocks/s_rocks_desert_low_tiny.dae","useInstanceRenderData":true}
{"class":"TSStatic","persistentId":"4d40f7a2-a402-4279-a3f6-3926405965ba","__parent":"trail_024_rocks","position":[66.9978867,-7.21474075,187.123978],"isRenderEnabled":false,"rotationMatrix":[0.453162849,0.891427755,-3.7252903e-09,-0.885349989,0.450073183,0.116573945,0.103917256,-0.0528269708,0.993182003],"shapeName":"/levels/johnson_valley/art/shapes/rocks/s_rocks_desert_low_tiny.dae","useInstanceRenderData":true}
{"class":"TSStatic","persistentId":"16e01d19-d2b8-4a4b-8a87-cc2e030bbf68","__parent":"trail_024_rocks","position":[69.5726242,-9.54518414,185.565582],"isRenderEnabled":false,"rotationMatrix":[0.713673949,0.700478077,2.28244744e-07,0.700478077,-0.713673949,-2.32544494e-07,-7.10542736e-15,3.2584137e-07,-1],"shapeName":"/levels/johnson_valley/art/shapes/rocks/s_rocks_desert_large_06.dae","useInstanceRenderData":true}
{"class":"TSStatic","persistentId":"a5163d62-4113-4b44-9ef2-c3f6310aee22","__parent":"trail_024_rocks","position":[70.0422211,-12.9968729,185.381546],"isRenderEnabled":false,"shapeName":"/levels/johnson_valley/art/shapes/rocks/s_rocks_desert_small_02.dae","useInstanceRenderData":true}
{"class":"TSStatic","persistentId":"abd45826-eb36-4589-9d76-54f459fa8932","__parent":"trail_024_rocks","position":[70.9473419,-12.5385437,185.827713],"isRenderEnabled":false,"rotationMatrix":[1,0,0,0,-0.909180999,-0.416400969,0,0.416400969,-0.909180999],"shapeName":"/levels/johnson_valley/art/shapes/rocks/s_rocks_desert_small_01.dae","useInstanceRenderData":true}
{"class":"TSStatic","persistentId":"13d5415a-8b93-4759-a875-1452e1d669c6","__parent":"trail_024_rocks","position":[71.146965,-13.7887917,185.282028],"isRenderEnabled":false,"shapeName":"/levels/johnson_valley/art/shapes/rocks/s_rocks_desert_small_03.dae","useInstanceRenderData":true}
{"class":"TSStatic","persistentId":"8bd882ef-057d-4c4d-9400-889c9b995a2e","__parent":"trail_024_rocks","position":[71.3815079,-14.5470581,185.19017],"isRenderEnabled":false,"rotationMatrix":[0.678090334,0.269916713,0.683621526,1.49011612e-08,-0.930124402,0.367244333,0.734978557,-0.249024838,-0.630708337],"shapeName":"/levels/johnson_valley/art/shapes/rocks/s_rocks_desert_medium_03.dae","useInstanceRenderData":true}
{"class":"TSStatic","persistentId":"06805c58-86a9-4ced-8559-a4a029120b34","__parent":"trail_024_rocks","position":[69.8098068,-16.4951496,184.445877],"isRenderEnabled":false,"rotationMatrix":[1,0,0,0,-0.917454958,-0.397839367,0,0.397839367,-0.917454958],"shapeName":"/levels/johnson_valley/art/shapes/rocks/s_rocks_desert_small_01.dae","useInstanceRenderData":true}
{"class":"TSStatic","persistentId":"d86db205-9e8a-494e-bbc1-a15060974627","__parent":"trail_024_rocks","position":[70.7125702,-16.4390697,184.723251],"isRenderEnabled":false,"shapeName":"/levels/johnson_valley/art/shapes/rocks/s_rocks_desert_small_04.dae","useInstanceRenderData":true}
{"class":"TSStatic","persistentId":"b7ff2f31-daca-463c-81bf-3afc0a87015e","__parent":"trail_024_rocks","position":[68.0177231,-15.9570608,184.501282],"isRenderEnabled":false,"shapeName":"/levels/johnson_valley/art/shapes/rocks/s_rocks_desert_small_02.dae","useInstanceRenderData":true}
{"class":"TSStatic","persistentId":"310563a3-d86e-471f-a67c-a4db128f3ec5","__parent":"trail_024_rocks","position":[68.238327,-16.5646992,184.359665],"isRenderEnabled":false,"rotationMatrix":[1,0,0,0,0.933733344,0.357969284,0,-0.357969284,0.933733344],"shapeName":"/levels/johnson_valley/art/shapes/rocks/s_rocks_desert_small_07.dae","useInstanceRenderData":true}
{"class":"TSStatic","persistentId":"71f62764-585e-4d5f-b629-fe7e3f7b9c73","__parent":"trail_024_rocks","position":[66.4264069,-14.596734,185.806122],"isRenderEnabled":false,"shapeName":"/levels/johnson_valley/art/shapes/rocks/s_rocks_desert_medium_05.dae","useInstanceRenderData":true}
{"class":"TSStatic","persistentId":"f12103cf-d138-44c1-93ad-2102246e37a2","__parent":"trail_024_rocks","position":[66.9187546,-13.4047155,186.293549],"isRenderEnabled":false,"shapeName":"/levels/johnson_valley/art/shapes/rocks/s_rocks_desert_medium_04.dae","useInstanceRenderData":true}
{"class":"TSStatic","persistentId":"85ab1c85-158a-4e61-bc79-20e3d9aa6c83","__parent":"trail_024_rocks","position":[69.7917023,-17.7889118,183.528885],"isRenderEnabled":false,"rotationMatrix":[-0.0189181566,7.4505806e-09,0.999820888,0.182823986,-0.983139277,0.00345932692,0.982963502,0.182856709,0.018599391],"shapeName":"/levels/johnson_valley/art/shapes/rocks/s_rocks_desert_medium_01.dae","useInstanceRenderData":true}
{"class":"TSStatic","persistentId":"3489cfc7-777a-4604-9042-3100e1c0402c","__parent":"trail_024_rocks","position":[83.3219681,-35.8035126,180.829025],"isRenderEnabled":false,"rotationMatrix":[0.224826574,0,0.974398613,0,1,0,-0.974398613,0,0.224826574],"shapeName":"/levels/johnson_valley/art/shapes/rocks/s_rocks_desert_medium_05.dae","useInstanceRenderData":true}
{"class":"TSStatic","persistentId":"be468e17-2004-4b45-b326-98e0e54b6494","__parent":"trail_024_rocks","position":[84.5992508,-32.9441223,181.450394],"isRenderEnabled":false,"rotationMatrix":[0.892729521,-0.437588722,-0.107471198,0.433085769,0.767442465,0.472724885,-0.124381125,-0.468559712,0.874632001],"shapeName":"/levels/johnson_valley/art/shapes/rocks/s_rocks_desert_collection_03.dae","useInstanceRenderData":true}
{"class":"TSStatic","persistentId":"8a9792d5-32ff-4465-8b78-97811f9823d5","__parent":"trail_024_rocks","position":[88.8119354,-32.5188217,181.424118],"isRenderEnabled":false,"rotationMatrix":[0.559409738,0.804142714,0.201035112,-0.799469829,0.459399164,0.387040555,0.218880504,-0.37723577,0.89988029],"shapeName":"/levels/johnson_valley/art/shapes/rocks/s_rocks_desert_collection_03.dae","useInstanceRenderData":true}
{"class":"TSStatic","persistentId":"a969d7b0-a229-4e7d-9dfc-c1ac4f695bd7","__parent":"trail_024_rocks","position":[81.1520996,-26.0489941,183.510437],"isRenderEnabled":false,"rotationMatrix":[0.102060795,0.937199533,0.333527118,-0.991392076,0.123465598,-0.0435635,-0.0820067823,-0.326210082,0.94173342],"shapeName":"/levels/johnson_valley/art/shapes/rocks/s_rocks_desert_collection_02.dae","useInstanceRenderData":true}
{"class":"TSStatic","persistentId":"13327902-8208-4859-8c99-a3391b12fa25","__parent":"trail_024_rocks","position":[86.853241,-26.9168186,183.690887],"isRenderEnabled":false,"rotationMatrix":[0.997473121,-0.0270484239,0.0656945258,9.31322575e-10,0.924689353,0.380722493,-0.0710449666,-0.379760474,0.922352731],"shapeName":"/levels/johnson_valley/art/shapes/rocks/s_rocks_desert_collection_03.dae","useInstanceRenderData":true}
{"class":"TSStatic","persistentId":"a4f4fe18-82dc-4a3d-9ad9-8692222a8f0c","__parent":"trail_024_rocks","position":[81.6738052,-44.8701591,179.976517],"isRenderEnabled":false,"rotationMatrix":[0.798873782,-0.575378478,-0.175328866,0.58443135,0.81144309,3.7252903e-09,0.142269388,-0.102467701,0.984509945],"shapeName":"/levels/johnson_valley/art/shapes/rocks/s_rocks_desert_huge_sheet_3.dae","useInstanceRenderData":true}
{"class":"TSStatic","persistentId":"f0dedb84-ef57-48ad-a38a-6a7fb87f41e7","__parent":"trail_024_rocks","position":[78.2709351,-43.6154518,181.307648],"isRenderEnabled":false,"rotationMatrix":[1,0,0,0,0.82367599,-0.567060769,0,0.567060769,0.82367599],"shapeName":"/levels/johnson_valley/art/shapes/rocks/s_rocks_desert_medium_02.dae","useInstanceRenderData":true}
{"class":"TSStatic","persistentId":"d6ed6141-d249-4639-b743-ab2e722116e1","__parent":"trail_024_rocks","position":[78.3059769,-42.7571068,181.859909],"isRenderEnabled":false,"shapeName":"/levels/johnson_valley/art/shapes/rocks/s_rocks_desert_small_02.dae","useInstanceRenderData":true}
{"class":"TSStatic","persistentId":"5d3c76d6-dc4d-46f2-96de-a4a8af9ab0d7","__parent":"trail_024_rocks","position":[65.7144775,-34.2369041,185.020065],"isRenderEnabled":false,"rotationMatrix":[-0.43006897,0.901440799,0.0494446307,-0.900422394,-0.432263255,0.0488632135,0.0654204115,-0.0235064961,0.997580886],"shapeName":"/levels/johnson_valley/art/shapes/rocks/s_rocks_desert_collection_02.dae","useInstanceRenderData":true}
{"class":"TSStatic","persistentId":"e53cfa7e-4cf6-4c09-9160-9e873f9624dd","__parent":"trail_024_rocks","position":[80.6769638,-22.5647106,183.990387],"isRenderEnabled":false,"rotationMatrix":[0.752659917,0.658409417,0,-0.658409417,0.752659917,0,0,0,1],"shapeName":"/levels/johnson_valley/art/shapes/rocks/s_rocks_desert_large_04.dae","useInstanceRenderData":true}
{"class":"TSStatic","persistentId":"b335598b-c8ef-4ef1-a2c2-05ffcb2fa044","__parent":"trail_024_rocks","position":[76.8882599,-25.120285,182.986954],"isRenderEnabled":false,"rotationMatrix":[-0.105843782,0.941354632,-0.320388138,-0.87223947,0.0668234229,0.484492481,0.477488697,0.330735683,0.814013779],"shapeName":"/levels/johnson_valley/art/shapes/rocks/s_rocks_desert_large_05.dae","useInstanceRenderData":true}
{"class":"TSStatic","persistentId":"b5886f8e-6ae2-44b8-b727-e847f9a6a534","__parent":"trail_024_rocks","position":[79.0569,-24.3176022,183.886185],"isRenderEnabled":false,"shapeName":"/levels/johnson_valley/art/shapes/rocks/s_rocks_desert_medium_01.dae","useInstanceRenderData":true}
{"class":"TSStatic","persistentId":"dac76c12-5118-4dd1-82b5-7dd40bdcbf63","__parent":"trail_024_rocks","position":[74.8592758,-16.5734997,186.075027],"isRenderEnabled":false,"rotationMatrix":[0.923594773,-0.161172196,0.347845078,0,0.907334805,0.420408756,-0.383370161,-0.388287336,0.838009715],"shapeName":"/levels/johnson_valley/art/shapes/rocks/s_rocks_desert_collection_03.dae","useInstanceRenderData":true}
{"class":"TSStatic","persistentId":"c79ee272-2856-46bf-b041-5c230c1ef035","__parent":"trail_024_rocks","position":[77.2643204,-13.9624567,188.342651],"isRenderEnabled":false,"rotationMatrix":[0.404408395,0.5093261,0.759631872,-0.783153057,0.621828854,-2.98023224e-08,-0.472360969,-0.594908118,0.650353193],"shapeName":"/levels/johnson_valley/art/shapes/rocks/s_rocks_desert_low_tiny.dae","useInstanceRenderData":true}
{"class":"TSStatic","persistentId":"96d29761-8d42-489a-8b2b-71e86989db3d","__parent":"trail_024_rocks","position":[76.8800201,-23.2443333,183.847153],"isRenderEnabled":false,"rotationMatrix":[0.489780664,-0.87063694,0.0458925664,0.800189734,0.469801307,0.372804314,-0.346137613,-0.145869583,0.926774383],"shapeName":"/levels/johnson_valley/art/shapes/rocks/s_rocks_desert_low_tiny.dae","useInstanceRenderData":true}
{"class":"TSStatic","persistentId":"9b46fbb1-403a-4af2-a33f-f9ff37d6ab35","__parent":"trail_024_rocks","position":[103.248497,-20.922554,182.857407],"isRenderEnabled":false,"rotationMatrix":[0.0783241987,0.929091632,0.361460626,-0.990632594,0.0318519473,0.132786572,0.111857727,-0.36847508,0.922883511],"scale":[1.27404785,1.27404785,1.27404785],"shapeName":"/levels/johnson_valley/art/shapes/rocks/s_rocks_desert_low_tiny.dae","useInstanceRenderData":true}
{"class":"TSStatic","persistentId":"0433caad-8012-4c9f-9227-cbda9df0c95f","__parent":"trail_024_rocks","position":[86.6203232,-43.640255,178.706894],"isRenderEnabled":false,"shapeName":"/levels/johnson_valley/art/shapes/rocks/s_rocks_desert_large_07.dae","useInstanceRenderData":true}
{"class":"TSStatic","persistentId":"3613cc09-e451-4f5a-b6e3-0b53a1be8c5d","__parent":"trail_024_rocks","position":[88.6402969,-40.998642,178.458389],"isRenderEnabled":false,"rotationMatrix":[0.969435751,0,0.245345339,0,1,0,-0.245345339,0,0.969435751],"shapeName":"/levels/johnson_valley/art/shapes/rocks/s_rocks_desert_medium_03.dae","useInstanceRenderData":true}
{"class":"TSStatic","persistentId":"59177fd9-d936-4291-bb42-54d5aecf0139","__parent":"trail_024_rocks","position":[86.2876587,-41.8037033,179.059952],"isRenderEnabled":false,"rotationMatrix":[-0.370474815,0,-0.928842425,0,1,0,0.928842425,0,-0.370474815],"shapeName":"/levels/johnson_valley/art/shapes/rocks/s_rocks_desert_medium_01.dae","useInstanceRenderData":true}
{"class":"TSStatic","persistentId":"b0156229-1aa9-45a2-aee7-872a89d77a0f","__parent":"trail_024_rocks","position":[88.6956863,-42.1380272,178.283554],"isRenderEnabled":false,"rotationMatrix":[-0.997490525,-0.0707966611,0,0.0707966611,-0.997490525,0,0,0,1],"shapeName":"/levels/johnson_valley/art/shapes/rocks/s_rocks_desert_small_02.dae","useInstanceRenderData":true}
{"class":"TSStatic","persistentId":"a0d0b963-8d3d-4259-a6b2-65d09612e31e","__parent":"trail_024_rocks","position":[87.2042694,-38.0642815,179.542648],"isRenderEnabled":false,"rotationMatrix":[1,0,0,0,-0.736514926,0.676421165,0,-0.676421165,-0.736514926],"shapeName":"/levels/johnson_valley/art/shapes/rocks/s_rocks_desert_medium_04.dae","useInstanceRenderData":true}
{"class":"TSStatic","persistentId":"7f63a60f-96b5-47a1-8b03-c2515db70445","__parent":"trail_024_rocks","position":[84.2776031,-35.278965,178.081177],"isRenderEnabled":false,"shapeName":"/levels/johnson_valley/art/shapes/rocks/s_rocks_desert_medium_04.dae","useInstanceRenderData":true}
{"class":"TSStatic","persistentId":"f9440c05-d03e-4cab-b61c-87b6897b9592","__parent":"trail_024_rocks","position":[88.7957001,-39.1901245,178.746735],"isRenderEnabled":false,"rotationMatrix":[1,0,0,0,-0.887835383,-0.460160613,0,0.460160613,-0.887835383],"shapeName":"/levels/johnson_valley/art/shapes/rocks/s_rocks_desert_medium_03.dae","useInstanceRenderData":true}
{"class":"TSStatic","persistentId":"c547d0c4-9ab1-4c76-b207-a26e59f5a72c","__parent":"trail_024_rocks","position":[89.7341003,-43.1893654,177.751053],"isRenderEnabled":false,"rotationMatrix":[0.495328903,0,0.868705511,0,1,0,-0.868705511,0,0.495328903],"shapeName":"/levels/johnson_valley/art/shapes/rocks/s_rocks_desert_medium_05.dae","useInstanceRenderData":true}
{"class":"TSStatic","persistentId":"9cc7fa45-19db-4eb5-9ada-5b8a430fac0b","__parent":"trail_024_rocks","position":[91.4858398,-34.6668892,179.703583],"isRenderEnabled":false,"rotationMatrix":[-0.830238938,0.538786888,-0.142869219,-0.54243958,-0.721957088,0.42957744,0.128305241,0.434149951,0.891656637],"shapeName":"/levels/johnson_valley/art/shapes/rocks/s_rocks_desert_large_05.dae","useInstanceRenderData":true}
{"class":"TSStatic","persistentId":"7ce37b7d-2a19-4f0e-a248-30f118b4228f","__parent":"trail_024_rocks","position":[87.0803528,-33.5275688,181.760437],"isRenderEnabled":false,"rotationMatrix":[0.186318636,0,-0.982489288,0,1,0,0.982489288,0,0.186318636],"shapeName":"/levels/johnson_valley/art/shapes/rocks/s_rocks_desert_medium_03.dae","useInstanceRenderData":true}
{"class":"TSStatic","persistentId":"e1e5fcef-b059-413b-9690-96f4b4c21483","__parent":"trail_024_rocks","position":[84.0060883,-37.6579857,180.235229],"isRenderEnabled":false,"rotationMatrix":[-0.997120261,-0.0758356303,0,0.0758356303,-0.997120261,0,0,0,1],"shapeName":"/levels/johnson_valley/art/shapes/rocks/s_rocks_desert_small_03.dae","useInstanceRenderData":true}
{"class":"TSStatic","persistentId":"d69c64e3-3ae5-4307-9613-7ceeea5e8da5","__parent":"trail_024_rocks","position":[85.0204239,-36.7612648,179.915497],"isRenderEnabled":false,"shapeName":"/levels/johnson_valley/art/shapes/rocks/s_rocks_desert_small_02.dae","useInstanceRenderData":true}
{"class":"TSStatic","persistentId":"a2831c17-cf97-4754-a3c0-16a14021ace6","__parent":"trail_024_rocks","position":[83.0072937,-40.7484779,179.817078],"isRenderEnabled":false,"rotationMatrix":[0.763048828,0,0.646340787,0,1,0,-0.646340787,0,0.763048828],"shapeName":"/levels/johnson_valley/art/shapes/rocks/s_rocks_desert_large_06.dae","useInstanceRenderData":true}
{"class":"TSStatic","persistentId":"526ec873-6b8b-4e18-a174-b00e1a60d8f0","__parent":"trail_024_rocks","position":[-96.7852249,-54.6650314,173.675842],"isRenderEnabled":false,"rotationMatrix":[0.90662092,0.00145777222,-0.421943545,0.0322146341,0.996836185,0.0726628527,0.420714498,-0.0794704184,0.903705537],"scale":[1.44954824,1.44954824,1.44954824],"shapeName":"/levels/johnson_valley/art/shapes/rocks/s_rocks_desert_collection_02.dae","useInstanceRenderData":true}
{"class":"TSStatic","persistentId":"c6896cc1-117a-44cb-b4e9-17b526783095","__parent":"trail_024_rocks","position":[-100.79747,-59.1790771,175.897736],"isRenderEnabled":false,"rotationMatrix":[0.809821486,0.0034703014,-0.586666107,-0.00757511891,0.999961019,-0.00454147207,0.586627483,0.00812184718,0.809816122],"shapeName":"/levels/johnson_valley/art/shapes/rocks/s_rocks_desert_collection_03.dae","useInstanceRenderData":true}
{"class":"TSStatic","persistentId":"c0f8dd94-743e-4f35-8cc3-f82c92a36095","__parent":"trail_024_rocks","position":[-101.396736,-56.348423,175.569061],"isRenderEnabled":false,"rotationMatrix":[0.772544444,0.137627527,-0.619865894,-0.416253865,0.846964955,-0.330731064,0.479486972,0.513526022,0.711606026],"shapeName":"/levels/johnson_valley/art/shapes/rocks/s_rocks_desert_large_04.dae","useInstanceRenderData":true}
{"class":"TSStatic","persistentId":"4ab59944-e6e4-4a7a-954d-48f6a0a3f475","__parent":"trail_024_rocks","position":[-88.967186,-36.4483147,175.952301],"isRenderEnabled":false,"rotationMatrix":[0.717235684,0.695699871,0.0396817923,-0.593621552,0.580188751,0.557668746,0.3649472,-0.423535883,0.829114556],"scale":[1.39830327,1.39830327,1.39830327],"shapeName":"/levels/johnson_valley/art/shapes/rocks/s_rocks_desert_huge_sheet_3.dae","useInstanceRenderData":true}
{"class":"TSStatic","persistentId":"e4485d44-a22a-42e1-a295-0243dc250a9c","__parent":"trail_024_rocks","position":[-94.5249634,-35.0358276,179.599701],"isRenderEnabled":false,"rotationMatrix":[0.918124139,0.154469937,-0.364948094,-0.015592359,0.934272528,0.356218547,0.395986021,-0.321362466,0.860186756],"shapeName":"/levels/johnson_valley/art/shapes/rocks/s_rocks_desert_collection_02.dae","useInstanceRenderData":true}
{"class":"TSStatic","persistentId":"403ea9e2-a4a1-4016-bf77-0989d796a0b3","__parent":"trail_024_rocks","position":[-67.4520111,-25.359087,173.479401],"isRenderEnabled":false,"rotationMatrix":[0.983947635,0.0548343882,-0.169824257,-5.58793545e-09,0.951622844,0.30726853,0.178457513,-0.302336127,0.936347008],"shapeName":"/levels/johnson_valley/art/shapes/rocks/s_rocks_desert_collection_03.dae","useInstanceRenderData":true}
{"class":"TSStatic","persistentId":"7ec7f03f-3aa8-4f89-a4c0-f2ed82e341db","__parent":"trail_024_rocks","position":[-66.905571,-19.3953781,174.961533],"isRenderEnabled":false,"rotationMatrix":[0.973133445,0.0395832211,-0.226813793,-1.86264515e-09,0.985110879,0.171920106,0.230241895,-0.167301193,0.958644331],"shapeName":"/levels/johnson_valley/art/shapes/rocks/s_rocks_desert_collection_02.dae","useInstanceRenderData":true}
{"class":"TSStatic","persistentId":"8e7aef11-37cb-4f00-bd0e-bc0b6bf0b113","__parent":"trail_024_rocks","position":[-61.0664635,-23.8791714,172.136642],"isRenderEnabled":false,"rotationMatrix":[0.654711962,-0.584644079,-0.479107082,0.66540134,0.746484041,-0.00163060427,0.358599067,-0.317730933,0.877754927],"shapeName":"/levels/johnson_valley/art/shapes/rocks/s_rocks_desert_collection_03.dae","useInstanceRenderData":true}
{"class":"TSStatic","persistentId":"aae97f4a-6bc8-4f53-a797-afd0bf81fa76","__parent":"trail_024_rocks","position":[-50.8787422,-19.6930237,173.380188],"isRenderEnabled":false,"rotationMatrix":[1,0,0,0,0.908633649,0.417594165,0,-0.417594165,0.908633649],"shapeName":"/levels/johnson_valley/art/shapes/rocks/s_rocks_desert_collection_03.dae","useInstanceRenderData":true}
{"class":"TSStatic","persistentId":"c0286d7c-f5c4-482d-897a-99f4186c3c2f","__parent":"trail_024_rocks","position":[-31.9225349,-24.3571529,175.033401],"isRenderEnabled":false,"shapeName":"/levels/johnson_valley/art/shapes/rocks/s_rocks_desert_large_04.dae","useInstanceRenderData":true}
{"class":"TSStatic","persistentId":"05305a66-0ef6-42f7-9418-bf2d5623b34c","__parent":"trail_024_rocks","position":[-32.0192871,-26.4675903,174.862854],"isRenderEnabled":false,"rotationMatrix":[0.234655619,0.83446461,0.498603374,-0.96266216,0.270705342,0,-0.134974569,-0.479986638,0.86683023],"shapeName":"/levels/johnson_valley/art/shapes/rocks/s_rocks_desert_low_tiny.dae","useInstanceRenderData":true}
{"class":"TSStatic","persistentId":"cb261ecf-c1ed-4ad0-bc1a-b16895205de8","__parent":"trail_024_rocks","position":[-27.3519077,-1.48183751,185.913666],"isRenderEnabled":false,"rotationMatrix":[0.999791443,0.0073419027,-0.0190573689,0,0.933146179,0.35949707,0.0204227027,-0.359422088,0.93295157],"scale":[1.43605947,1.43605947,1.43605947],"shapeName":"/levels/johnson_valley/art/shapes/rocks/s_rocks_desert_collection_02.dae","useInstanceRenderData":true}
{"class":"TSStatic","persistentId":"85250a54-1ca3-4244-b4e3-e6ff91e6a692","__parent":"trail_024_rocks","position":[-1.42855644,-10.5763493,181.956192],"isRenderEnabled":false,"rotationMatrix":[-0.934118867,0.347990483,0.0795248225,0.356961578,0.910642922,0.20810543,0,0.222782567,-0.97486794],"shapeName":"/levels/johnson_valley/art/shapes/rocks/s_rocks_desert_medium_02.dae","useInstanceRenderData":true}
{"class":"TSStatic","persistentId":"46ffb679-c6b2-48c2-9aee-47bd1cbcd992","__parent":"trail_024_rocks","position":[-1.49275577,-6.30025864,182.267105],"isRenderEnabled":false,"rotationMatrix":[0.317229629,0.940868437,0.118877366,-0.91253823,0.336964548,-0.231794745,-0.258145809,-0.0349479988,0.965473652],"shapeName":"/levels/johnson_valley/art/shapes/rocks/s_rocks_desert_low_tiny.dae","useInstanceRenderData":true}
{"class":"TSStatic","persistentId":"0e02e4f7-5f0d-4a39-ab50-3aaf6b1bae84","__parent":"trail_024_rocks","position":[10.8478231,-6.27309084,186.519333],"isRenderEnabled":false,"rotationMatrix":[0.280856013,0.911896348,0.299274236,-0.909091115,0.352736413,-0.221654087,-0.307690471,-0.209814608,0.928064883],"shapeName":"/levels/johnson_valley/art/shapes/rocks/s_rocks_desert_low_tiny.dae","useInstanceRenderData":true}
{"class":"TSStatic","persistentId":"55b17327-08a6-4ae7-9fe4-c12a8e021afe","__parent":"trail_024_rocks","position":[0.942685664,0.879346669,185.498871],"isRenderEnabled":false,"rotationMatrix":[0.407632768,0.632428408,0.65868789,-0.797961831,0.597406149,-0.0797664821,-0.443950742,-0.493092448,0.748176098],"shapeName":"/levels/johnson_valley/art/shapes/rocks/s_rocks_desert_low_tiny.dae","useInstanceRenderData":true}
{"class":"TSStatic","persistentId":"75820b31-eb10-4f89-942f-7ca224f3811f","__parent":"trail_024_rocks","position":[-5.90484095,-3.42063212,181.92836],"isRenderEnabled":false,"rotationMatrix":[0.808654368,-0.58792305,0.0206043869,0.558790445,0.77859205,0.285565495,-0.18393296,-0.219410241,0.958137691],"shapeName":"/levels/johnson_valley/art/shapes/rocks/s_rocks_desert_low_tiny.dae","useInstanceRenderData":true}
{"class":"TSStatic","persistentId":"fa453235-4513-423d-a650-f3a60ddbc60c","__parent":"trail_024_rocks","position":[-16.0761681,-10.8988647,180.495926],"isRenderEnabled":false,"rotationMatrix":[0.455260038,-0.805395305,-0.379574537,0.870545924,0.492087305,-1.49011612e-08,0.18678385,-0.330437005,0.925161183],"shapeName":"/levels/johnson_valley/art/shapes/rocks/s_rocks_desert_low_tiny.dae","useInstanceRenderData":true}
{"class":"TSStatic","persistentId":"de8fc116-2515-471b-b72d-e2e644c93d1b","__parent":"trail_024_rocks","position":[-19.0686893,15.7671947,192.885178],"isRenderEnabled":false,"rotationMatrix":[0.625814617,-0.428686291,-0.651601076,0.676445007,0.714208841,0.179799587,0.388301611,-0.553293586,0.736945033],"shapeName":"/levels/johnson_valley/art/shapes/rocks/s_rocks_desert_low_tiny.dae","useInstanceRenderData":true}
{"class":"TSStatic","persistentId":"06f5a4c6-d34e-4042-a4dd-72ae86934a42","__parent":"trail_024_rocks","position":[-17.1405582,18.7984524,193.508392],"isRenderEnabled":false,"rotationMatrix":[-0.504489422,-0.842368186,0.189488232,-0.515170395,0.117555499,-0.848987579,0.692884862,-0.525924206,-0.493268609],"shapeName":"/levels/johnson_valley/art/shapes/rocks/s_rocks_desert_medium_05.dae","useInstanceRenderData":true}
{"class":"TSStatic","persistentId":"b403a130-7d12-4d84-8d54-3bea521c1e01","__parent":"trail_024_rocks","position":[-11.6697311,-6.55861902,181.187073],"isRenderEnabled":false,"rotationMatrix":[0.771876097,0.633894861,0.0488323569,-0.623057067,0.738918662,0.256513119,0.126519218,-0.228421688,0.965306401],"shapeName":"/levels/johnson_valley/art/shapes/rocks/s_rocks_desert_low_tiny.dae","useInstanceRenderData":true}
{"class":"TSStatic","persistentId":"76c3202d-736e-47e2-af96-4f75dd5ea383","__parent":"trail_024_rocks","position":[1.49669266,-11.8418055,182.984619],"isRenderEnabled":false,"rotationMatrix":[0.649970412,-0.759959459,0,0.759959459,0.649970412,0,0,0,1],"shapeName":"/levels/johnson_valley/art/shapes/rocks/s_rocks_desert_large_04.dae","useInstanceRenderData":true}
