{"class":"TSStatic","persistentId":"a3ff79d7-8bf3-4ef9-bd07-0f5ab877f0f4","__parent":"set_dress_trails_rocks","position":[-881.532593,315.488525,133.833801],"isRenderEnabled":false,"rotationMatrix":[0.992767632,-0.00767021114,-0.119806305,-0.00311111426,0.995977998,-0.0895443112,0.12001127,0.0892694294,0.988750875],"scale":[0.458203197,0.458203197,0.458203197],"shapeName":"/levels/johnson_valley/art/shapes/rocks/s_rocks_desert_collection_03.dae","useInstanceRenderData":true}
{"class":"TSStatic","persistentId":"bcfbda3f-b904-42fd-bde2-8c8c01d8cfb8","__parent":"set_dress_trails_rocks","position":[-198.980347,93.0987549,224.646973],"isRenderEnabled":false,"rotationMatrix":[0.677935541,-0.726431012,-0.112700514,0.663032055,0.67043525,-0.333024293,0.317477554,0.151044995,0.936158895],"shapeName":"/levels/johnson_valley/art/shapes/rocks/s_rocks_desert_low_small.dae","useInstanceRenderData":true}
{"class":"TSStatic","persistentId":"b392bf5c-2488-4945-8579-48c4d1049415","__parent":"set_dress_trails_rocks","position":[-369.640259,272.100037,177.335358],"isRenderEnabled":false,"rotationMatrix":[0.966432989,-0.246931329,0.0709381551,0.253378063,0.870379806,-0.422183096,0.042507112,0.425985813,0.90373069],"shapeName":"/levels/johnson_valley/art/shapes/rocks/s_rocks_desert_low_small.dae","useInstanceRenderData":true}
{"class":"TSStatic","persistentId":"f3d9f944-2c65-4a04-9f80-e43d6dd2cd3d","__parent":"set_dress_trails_rocks","position":[-441.126099,304.758087,156.466003],"isRenderEnabled":false,"rotationMatrix":[0.89127475,0.325833738,-0.315375566,-0.430151224,0.827621102,-0.36057353,0.143524468,0.457029223,0.877795577],"shapeName":"/levels/johnson_valley/art/shapes/rocks/s_rocks_desert_low_small.dae","useInstanceRenderData":true}
{"class":"TSStatic","persistentId":"4306a6b9-4a3c-40dd-8d0f-8798c6559b7c","__parent":"set_dress_trails_rocks","position":[-340.436737,348.357391,149.266052],"isRenderEnabled":false,"rotationMatrix":[0.864881873,0.50001359,0.0443371609,-0.424853921,0.776186466,-0.465868771,-0.267354637,0.384084642,0.883742332],"shapeName":"/levels/johnson_valley/art/shapes/rocks/s_rocks_desert_low_small.dae","useInstanceRenderData":true}
{"class":"TSStatic","persistentId":"faf38d1f-bd3d-4423-8ead-414b976e8ada","__parent":"set_dress_trails_rocks","position":[-320.665985,362.590271,147.971619],"isRenderEnabled":false,"rotationMatrix":[0.919136286,0.39282462,0.0296188518,-0.312514573,0.772867322,-0.552277684,-0.239839733,0.498362154,0.833133876],"shapeName":"/levels/johnson_valley/art/shapes/rocks/s_rocks_desert_low_small.dae","useInstanceRenderData":true}
{"class":"TSStatic","persistentId":"71c30eda-9de9-4ee7-b508-d7e852348911","__parent":"set_dress_trails_rocks","position":[-597.846802,87.4864655,250.346268],"isRenderEnabled":false,"rotationMatrix":[0.901420593,-0.429284781,0.056173712,0.405757159,0.882927418,0.236220926,-0.151003361,-0.190141499,0.970074296],"scale":[1.32548833,1.32548833,1.32548833],"shapeName":"/levels/johnson_valley/art/shapes/rocks/s_rocks_desert_collection_01.dae","useInstanceRenderData":true}
{"class":"TSStatic","persistentId":"6af475db-1f36-4052-ba73-cc9b1d3e4785","__parent":"set_dress_trails_rocks","position":[-603.760376,87.490036,247.8815],"isRenderEnabled":false,"rotationMatrix":[0.859315634,0.003558008,0.511433244,0.0477912202,0.995041907,-0.0872217491,-0.509207845,0.0993930325,0.854884982],"scale":[1.4465332,1.4465332,1.4465332],"shapeName":"/levels/johnson_valley/art/shapes/rocks/s_rocks_desert_collection_02.dae","useInstanceRenderData":true}
{"class":"TSStatic","persistentId":"f32126a7-1f19-4cb8-9366-50b87bdca51d","__parent":"set_dress_trails_rocks","position":[-601.305054,88.8934555,249.450989],"isRenderEnabled":false,"shapeName":"/levels/johnson_valley/art/shapes/rocks/s_rocks_desert_medium_05.dae","useInstanceRenderData":true}
{"class":"TSStatic","persistentId":"1571a989-13d0-4f38-816c-0d0ccc2418b7","__parent":"set_dress_trails_rocks","position":[-672.820007,194.720322,203.960983],"isRenderEnabled":false,"rotationMatrix":[0.939081252,0,0.343695253,0,1,0,-0.343695253,0,0.939081252],"scale":[1.34262705,1.34262705,1.34262705],"shapeName":"/levels/johnson_valley/art/shapes/rocks/s_rocks_desert_collection_03.dae","useInstanceRenderData":true}
{"class":"TSStatic","persistentId":"dac46ab6-4af5-40e6-992b-cbc44f3016c5","__parent":"set_dress_trails_rocks","position":[-684.984497,197.017944,200.875031],"isRenderEnabled":false,"rotationMatrix":[0.982486367,0.00456636585,0.186278388,-0.0279589016,0.991994619,0.12314593,-0.184224829,-0.126197338,0.974748909],"shapeName":"/levels/johnson_valley/art/shapes/rocks/s_rocks_desert_collection_02.dae","useInstanceRenderData":true}
{"class":"TSStatic","persistentId":"09534faa-4e27-4174-8c8e-bf9d352a99e3","__parent":"set_dress_trails_rocks","position":[-679.123413,201.67804,202.974854],"isRenderEnabled":false,"rotationMatrix":[-0.928573251,-0.116396964,-0.352425307,0.21019721,-0.947517633,-0.240888804,-0.305890471,-0.297761708,0.904305816],"shapeName":"/levels/johnson_valley/art/shapes/rocks/s_rocks_desert_collection_02.dae","useInstanceRenderData":true}
{"class":"TSStatic","persistentId":"fd9b9627-6c42-4404-8dd3-0bef487d08c7","__parent":"set_dress_trails_rocks","position":[-664.257263,194.928299,207.4384],"isRenderEnabled":false,"rotationMatrix":[0.0407599807,0.998430669,0.0383993238,-0.92421025,0.0522788763,-0.378288299,-0.379702151,-0.0200701058,0.924891055],"scale":[1.08521724,1.08521724,1.08521724],"shapeName":"/levels/johnson_valley/art/shapes/rocks/s_rocks_desert_collection_03.dae","useInstanceRenderData":true}
{"class":"TSStatic","persistentId":"cc13cef8-148a-43a0-bca6-d91b8822c3ff","__parent":"set_dress_trails_rocks","position":[-663.205994,166.050446,216.136276],"isRenderEnabled":false,"rotationMatrix":[-0.999402285,0,0.0345619768,0,1,0,-0.0345619768,0,-0.999402285],"shapeName":"/levels/johnson_valley/art/shapes/rocks/s_rocks_desert_medium_02.dae","useInstanceRenderData":true}
{"class":"TSStatic","persistentId":"4bfb75f9-f91f-48d7-974d-4e2bf2849fdb","__parent":"set_dress_trails_rocks","position":[-643.926514,170.67598,222.316727],"isRenderEnabled":false,"rotationMatrix":[0.20127821,0.97953403,0,-0.97953403,0.20127821,0,0,0,1],"scale":[1.34658194,1.34658194,1.34658194],"shapeName":"/levels/johnson_valley/art/shapes/rocks/s_rocks_desert_large_05.dae","useInstanceRenderData":true}
{"class":"TSStatic","persistentId":"459708fb-e03a-409e-96b9-c2c4c15da627","__parent":"set_dress_trails_rocks","position":[-645.45105,173.681534,222.145996],"isRenderEnabled":false,"rotationMatrix":[0.921814322,0,0.387631774,0,1,0,-0.387631774,0,0.921814322],"shapeName":"/levels/johnson_valley/art/shapes/rocks/s_rocks_desert_medium_03.dae","useInstanceRenderData":true}
{"class":"TSStatic","persistentId":"d28347f2-cdbb-45a3-bbb3-a105e97fdcf9","__parent":"set_dress_trails_rocks","position":[-643.050537,175.760361,223.476761],"isRenderEnabled":false,"rotationMatrix":[0.943692565,0,0.33082369,-0.0224048682,0.997704089,0.0639111027,-0.330064148,-0.0677244887,0.941525936],"shapeName":"/levels/johnson_valley/art/shapes/rocks/s_rocks_desert_collection_03.dae","useInstanceRenderData":true}
{"class":"TSStatic","persistentId":"d812cdd5-f635-430d-8ca6-ce9db61a21c8","__parent":"set_dress_trails_rocks","position":[-584.923828,173.272659,204.432693],"isRenderEnabled":false,"rotationMatrix":[0.975509167,1.86264515e-09,-0.219958678,-0.0523731709,0.971239507,-0.232273206,0.213632569,0.238104567,0.947453082],"scale":[1.30048823,1.30048823,1.30048823],"shapeName":"/levels/johnson_valley/art/shapes/rocks/s_rocks_desert_collection_02.dae","useInstanceRenderData":true}
{"class":"TSStatic","persistentId":"47afb956-6fbe-4282-b27b-61bad2eed790","__parent":"set_dress_trails_rocks","position":[-589.1203,170.522018,207.087463],"isRenderEnabled":false,"rotationMatrix":[0.82604003,-0.100134969,-0.554644823,-0.0734781027,0.956558824,-0.282127976,0.558801293,0.273803234,0.782798111],"scale":[1.26210928,1.26210928,1.26210928],"shapeName":"/levels/johnson_valley/art/shapes/rocks/s_rocks_desert_collection_03.dae","useInstanceRenderData":true}
{"class":"TSStatic","persistentId":"b2a90ad3-b767-402f-89a5-58e68127174f","__parent":"set_dress_trails_rocks","position":[-573.449524,190.649414,203.794449],"isRenderEnabled":false,"rotationMatrix":[0.686105311,0.727502167,2.98023224e-08,-0.60953778,0.57485342,-0.545900285,-0.397143722,0.374545068,0.837850094],"shapeName":"/levels/johnson_valley/art/shapes/rocks/s_rocks_desert_low_small.dae","useInstanceRenderData":true}
{"class":"TSStatic","persistentId":"37730e89-c827-4db4-ae8d-ea840cf596b5","__parent":"set_dress_trails_rocks","position":[-577.135925,189.069397,202.854752],"isRenderEnabled":false,"rotationMatrix":[0.661534905,0.747626185,-0.0585367084,-0.665375471,0.549163878,-0.505662322,-0.345900178,0.373462141,0.860743284],"shapeName":"/levels/johnson_valley/art/shapes/rocks/s_rocks_desert_low_tiny.dae","useInstanceRenderData":true}
{"class":"TSStatic","persistentId":"9c899a52-73ff-4476-82bd-1e4af6969a21","__parent":"set_dress_trails_rocks","position":[-562.372314,204.582474,201.396774],"isRenderEnabled":false,"rotationMatrix":[0.92874378,0.368487895,-0.040640749,-0.290560186,0.655448675,-0.697109699,-0.230238527,0.659244895,0.715811789],"shapeName":"/levels/johnson_valley/art/shapes/rocks/s_rocks_desert_low_small.dae","useInstanceRenderData":true}
{"class":"TSStatic","persistentId":"c3a50d07-28a9-4a97-828f-f246ca29202d","__parent":"set_dress_trails_rocks","position":[-591.010559,174.968567,206.426788],"isRenderEnabled":false,"shapeName":"/levels/johnson_valley/art/shapes/rocks/s_rocks_desert_large_05.dae","useInstanceRenderData":true}
{"class":"TSStatic","persistentId":"6a14c168-29b0-4389-80f9-7385be07f4ba","__parent":"set_dress_trails_rocks","position":[-590.586304,177.09996,205.521545],"isRenderEnabled":false,"rotationMatrix":[-0.464532137,0,0.885556042,0,1,0,-0.885556042,0,-0.464532137],"shapeName":"/levels/johnson_valley/art/shapes/rocks/s_rocks_desert_medium_02.dae","useInstanceRenderData":true}
{"class":"TSStatic","persistentId":"466bb0ae-69bc-4e0c-9b00-2879671fc15c","__parent":"set_dress_trails_rocks","position":[-584.624023,178.987686,203.323181],"isRenderEnabled":false,"rotationMatrix":[-0.989946842,0,-0.141438544,0,1,0,0.141438544,0,-0.989946842],"shapeName":"/levels/johnson_valley/art/shapes/rocks/s_rocks_desert_medium_02.dae","useInstanceRenderData":true}
{"class":"TSStatic","persistentId":"7af97929-f24e-4827-8732-61927e0fde92","__parent":"set_dress_trails_rocks","position":[-601.042236,193.590729,209.244354],"isRenderEnabled":false,"rotationMatrix":[0.806589305,0.303589702,-0.507195234,-0.124085039,0.925877392,0.356866866,0.577941656,-0.224909633,0.784473717],"scale":[1.21252441,1.21252441,1.21252441],"shapeName":"/levels/johnson_valley/art/shapes/rocks/s_rocks_desert_collection_01.dae","useInstanceRenderData":true}
{"class":"TSStatic","persistentId":"ffeca22a-fd8d-40a0-bf3b-ee60ccd43362","__parent":"set_dress_trails_rocks","position":[-588.227295,207.065292,206.454941],"isRenderEnabled":false,"rotationMatrix":[0.952687323,0.106499456,-0.284683526,0.0269834176,0.903275132,0.428212494,0.302751958,-0.415634364,0.857665062],"scale":[1.1380372,1.1380372,1.1380372],"shapeName":"/levels/johnson_valley/art/shapes/rocks/s_rocks_desert_collection_02.dae","useInstanceRenderData":true}
{"class":"TSStatic","persistentId":"0d8dfc16-9571-4abd-8816-3847c721eb17","__parent":"set_dress_trails_rocks","position":[-559.737671,226.994629,191.589249],"isRenderEnabled":false,"rotationMatrix":[0.621671438,-0.782120526,0.0425688028,0.677102864,0.509286642,-0.531186163,0.393771887,0.359046698,0.846185088],"shapeName":"/levels/johnson_valley/art/shapes/rocks/s_rocks_desert_huge_sheet_3.dae","useInstanceRenderData":true}
{"class":"TSStatic","persistentId":"36551e74-803e-4a99-808c-4166050979db","__parent":"set_dress_trails_rocks","position":[-548.048279,240.480789,184.112213],"isRenderEnabled":false,"rotationMatrix":[0.869311094,-0.183873177,0.45879063,0.394098759,0.818067074,-0.418870419,-0.298302442,0.544937551,0.783618987],"shapeName":"/levels/johnson_valley/art/shapes/rocks/s_rocks_desert_low_tiny.dae","useInstanceRenderData":true}
{"class":"TSStatic","persistentId":"1cb855a6-ae2c-44a5-96a2-18f36b631af9","__parent":"set_dress_trails_rocks","position":[-486.560913,241.924591,175.088409],"isRenderEnabled":false,"rotationMatrix":[-0.881514311,0.387939066,0.269138515,-0.327984244,-0.913163185,0.24199,0.33964479,0.125044495,0.932204545],"shapeName":"/levels/johnson_valley/art/shapes/rocks/s_rocks_desert_collection_03.dae","useInstanceRenderData":true}
{"class":"TSStatic","persistentId":"ad80c446-63da-4b10-bfb2-70adce28a86f","__parent":"set_dress_trails_rocks","position":[-483.280304,283.148041,158.595383],"isRenderEnabled":false,"rotationMatrix":[0.996030092,0.0379223973,0.080535464,-1.11758709e-08,0.904717624,-0.426011682,-0.0890172347,0.424320459,0.901126027],"shapeName":"/levels/johnson_valley/art/shapes/rocks/s_rocks_desert_collection_02.dae","useInstanceRenderData":true}
{"class":"TSStatic","persistentId":"feadbbbf-5ef3-49ef-a431-f17c4417fed3","__parent":"set_dress_trails_rocks","position":[-648.753906,155.080032,225.270477],"isRenderEnabled":false,"rotationMatrix":[0.522915125,0.768706918,-0.368305862,-0.793797135,0.281740785,-0.538987994,-0.310557127,0.57420516,0.757524073],"shapeName":"/levels/johnson_valley/art/shapes/rocks/s_rocks_desert_low_small.dae","useInstanceRenderData":true}
{"class":"TSStatic","persistentId":"a55ffe52-f050-415b-9cfa-88144d077ff1","__parent":"set_dress_trails_rocks","position":[-662.400818,159.936523,217.357269],"isRenderEnabled":false,"rotationMatrix":[0.997825265,-0.0247177966,-0.0611041524,3.7252903e-09,0.92702508,-0.374999225,0.065914236,0.374183714,0.925009131],"scale":[1.59726572,1.59726572,1.59726572],"shapeName":"/levels/johnson_valley/art/shapes/rocks/s_rocks_desert_collection_02.dae","useInstanceRenderData":true}
{"class":"TSStatic","persistentId":"c8333162-6bb0-4ad7-bf68-a0161a90233a","__parent":"set_dress_trails_rocks","position":[-666.357483,155.594604,218.747711],"isRenderEnabled":false,"rotationMatrix":[0.993423879,-0.019645445,0.112796448,-9.31322575e-10,0.98516947,0.171584219,-0.114494465,-0.170455873,0.978690863],"shapeName":"/levels/johnson_valley/art/shapes/rocks/s_rocks_desert_collection_03.dae","useInstanceRenderData":true}
{"class":"TSStatic","persistentId":"2fe805a3-fa01-4b56-8d29-77584b9f5b82","__parent":"set_dress_trails_rocks","position":[-658.884277,-38.0912895,248.203094],"isRenderEnabled":false,"rotationMatrix":[0.997725844,0.0377905108,-0.0558119416,-3.7252903e-09,0.828039825,0.560669243,0.0674024895,-0.559394181,0.826156735],"shapeName":"/levels/johnson_valley/art/shapes/rocks/s_rocks_desert_low_small.dae","useInstanceRenderData":true}
{"class":"TSStatic","persistentId":"d499cb12-b67c-4477-8baf-a70e55797d40","__parent":"set_dress_trails_rocks","position":[-662.668396,-47.3342285,246.310776],"isRenderEnabled":false,"rotationMatrix":[0.134952128,0.98489368,-0.108500496,-0.935797572,0.162679851,0.312759101,0.325685322,0.0593269914,0.943615079],"shapeName":"/levels/johnson_valley/art/shapes/rocks/s_rocks_desert_low_tiny.dae","useInstanceRenderData":true}
{"class":"TSStatic","persistentId":"d73b2cca-22fe-4af5-a69e-9c088b486e0a","__parent":"set_dress_trails_rocks","position":[-648.121521,-48.1584587,240.067413],"isRenderEnabled":false,"rotationMatrix":[0.94703114,0.175000697,-0.269270837,-7.4505806e-09,0.838479757,0.544932723,0.321141779,-0.51606822,0.794066429],"shapeName":"/levels/johnson_valley/art/shapes/rocks/s_rocks_desert_collection_03.dae","useInstanceRenderData":true}
{"class":"TSStatic","persistentId":"900607ce-67cc-4a74-9817-57c6e474215d","__parent":"set_dress_trails_rocks","position":[-653.782654,-12.0163479,249.660995],"isRenderEnabled":false,"rotationMatrix":[0.984574258,-0.0607538149,-0.16408062,0.00219986588,0.942004263,-0.335593671,0.174953252,0.330055922,0.927606821],"scale":[1.10893559,1.10893559,1.10893559],"shapeName":"/levels/johnson_valley/art/shapes/rocks/s_rocks_desert_collection_01.dae","useInstanceRenderData":true}
{"class":"TSStatic","persistentId":"cf3519fa-9572-484b-97ec-b3530e3d9fed","__parent":"set_dress_trails_rocks","position":[-636.589844,6.07384062,242.746643],"isRenderEnabled":false,"rotationMatrix":[1,0,0,0,0.921028614,0.389494985,0,-0.389494985,0.921028614],"shapeName":"/levels/johnson_valley/art/shapes/rocks/s_rocks_desert_medium_03.dae","useInstanceRenderData":true}
{"class":"TSStatic","persistentId":"77c50b91-ba82-4e75-b11c-dfc91ebccd7c","__parent":"set_dress_trails_rocks","position":[-634.090637,5.44280624,243.624481],"isRenderEnabled":false,"shapeName":"/levels/johnson_valley/art/shapes/rocks/s_rocks_desert_medium_01.dae","useInstanceRenderData":true}
{"class":"TSStatic","persistentId":"a6e11da2-1e50-4f39-add9-9e85332e8303","__parent":"set_dress_trails_rocks","position":[-648.229675,0.41221714,243.350983],"isRenderEnabled":false,"rotationMatrix":[0.996578932,-0.0185995605,-0.0805265233,-0.00367921358,0.963397086,-0.268053174,0.0825646892,0.267432392,0.960032821],"shapeName":"/levels/johnson_valley/art/shapes/rocks/s_rocks_desert_collection_03.dae","useInstanceRenderData":true}
{"class":"TSStatic","persistentId":"a68321bc-b16d-4862-911b-7d0b5073c7e1","__parent":"set_dress_trails_rocks","position":[-647.56073,28.0611076,236.776138],"isRenderEnabled":false,"shapeName":"/levels/johnson_valley/art/shapes/rocks/s_rocks_desert_large_04.dae","useInstanceRenderData":true}
{"class":"TSStatic","persistentId":"4474fce7-5a85-4729-b906-91af73d9e5a0","__parent":"set_dress_trails_rocks","position":[150.206299,-21.7814713,187.314423],"isRenderEnabled":false,"rotationMatrix":[1,0,0,0,0.923182726,-0.384361327,0,0.384361327,0.923182726],"shapeName":"/levels/johnson_valley/art/shapes/rocks/s_rocks_desert_large_06.dae","useInstanceRenderData":true}
{"class":"TSStatic","persistentId":"c56d27be-e5c7-438c-93f5-deb6017de41b","__parent":"set_dress_trails_rocks","position":[173.706024,-42.5513344,174.484451],"isRenderEnabled":false,"rotationMatrix":[0.439402163,0.898290396,-1.49011612e-08,-0.818440795,0.400343478,0.412164479,0.37024343,-0.181105882,0.911109447],"shapeName":"/levels/johnson_valley/art/shapes/rocks/s_rocks_desert_huge_sheet_3.dae","useInstanceRenderData":true}
{"class":"TSStatic","persistentId":"e6bcda95-5676-4ab3-860b-65a9a175f01d","__parent":"set_dress_trails_rocks","position":[182.179474,-30.4513283,173.708664],"isRenderEnabled":false,"rotationMatrix":[0.658833504,0.752284825,0.00242654979,-0.673114002,0.588051021,0.448456734,0.335940301,-0.297091633,0.893801212],"shapeName":"/levels/johnson_valley/art/shapes/rocks/s_rocks_desert_huge_sheet_3.dae","useInstanceRenderData":true}
{"class":"TSStatic","persistentId":"807f294d-d977-4d17-9e76-d1e8043e09a2","__parent":"set_dress_trails_rocks","position":[162.461517,-32.3102875,180.529007],"isRenderEnabled":false,"rotationMatrix":[0.880735338,0.472805738,-0.027568087,-0.408839166,0.788382053,0.459678471,0.239072815,-0.393584132,0.887657404],"shapeName":"/levels/johnson_valley/art/shapes/rocks/s_rocks_desert_huge_sheet_3.dae","useInstanceRenderData":true}
{"class":"TSStatic","persistentId":"741eb9c3-c66e-4731-adfe-ed6a52625115","__parent":"set_dress_trails_rocks","position":[194.86351,-81.6817551,172.155899],"isRenderEnabled":false,"rotationMatrix":[-0.798472047,0.602031946,-7.4505806e-09,-0.562600374,-0.746174097,-0.355956614,-0.214297265,-0.284221411,0.934502482],"shapeName":"/levels/johnson_valley/art/shapes/rocks/s_rocks_desert_huge_sheet_3.dae","useInstanceRenderData":true}
{"class":"TSStatic","persistentId":"96cf463d-aa8a-4e7b-9a9a-b1a6b1e0c486","__parent":"set_dress_trails_rocks","position":[184.773941,-68.2980423,171.902328],"isRenderEnabled":false,"rotationMatrix":[0.60160464,-0.798793972,0,0.757792056,0.570724487,0.316266745,-0.252631992,-0.190267533,0.948670268],"shapeName":"/levels/johnson_valley/art/shapes/rocks/s_rocks_desert_huge_sheet_3.dae","useInstanceRenderData":true}
{"class":"TSStatic","persistentId":"8ae62d43-52fd-4c69-92a3-d92528370937","__parent":"set_dress_trails_rocks","position":[185.619293,-73.0772476,171.038742],"isRenderEnabled":false,"rotationMatrix":[0.969972074,-0.0508277714,0.237845972,1.86264515e-09,0.977919519,0.208981752,-0.243216291,-0.202706456,0.948554635],"shapeName":"/levels/johnson_valley/art/shapes/rocks/s_rocks_desert_collection_03.dae","useInstanceRenderData":true}
{"class":"TSStatic","persistentId":"e9f60ece-6c09-4ec8-8db4-9a607c850da8","__parent":"set_dress_trails_rocks","position":[189.325287,-60.999733,174.009628],"isRenderEnabled":false,"rotationMatrix":[0.981935263,-0.00705388002,0.189085498,0.00290229707,0.999748826,0.0222240239,-0.189194754,-0.0212737694,0.981709123],"shapeName":"/levels/johnson_valley/art/shapes/rocks/s_rocks_desert_collection_03.dae","useInstanceRenderData":true}
{"class":"TSStatic","persistentId":"ebdc1e47-a53f-4716-a3ae-f8e420273327","__parent":"set_dress_trails_rocks","position":[164.789902,-56.1226959,173.958099],"isRenderEnabled":false,"rotationMatrix":[0.989687562,-0.0120073939,-0.142738923,0.0277567618,0.993669033,0.108864091,0.140528068,-0.111703403,0.983755171],"shapeName":"/levels/johnson_valley/art/shapes/rocks/s_rocks_desert_collection_01.dae","useInstanceRenderData":true}
{"class":"TSStatic","persistentId":"c86db81a-21c7-4de2-a48c-519dc3753fc2","__parent":"set_dress_trails_rocks","position":[168.509995,-57.9291039,173.045746],"isRenderEnabled":false,"rotationMatrix":[0.974725485,0.0370902345,-0.220305562,0.0076348912,0.980015695,0.198773578,0.223275453,-0.195431694,0.954963088],"shapeName":"/levels/johnson_valley/art/shapes/rocks/s_rocks_desert_collection_03.dae","useInstanceRenderData":true}
{"class":"TSStatic","persistentId":"09ba348b-a4af-4875-aad2-b6fd2f76dfce","__parent":"set_dress_trails_rocks","position":[173.792297,-60.0482941,171.983109],"isRenderEnabled":false,"rotationMatrix":[-0.827032208,0.540257096,0.155368969,-0.546898365,-0.837198734,-3.7252903e-09,0.130074725,-0.0849710405,0.987856507],"shapeName":"/levels/johnson_valley/art/shapes/rocks/s_rocks_desert_collection_03.dae","useInstanceRenderData":true}
{"name":"p_desert_rocks_huge_4_mix18","class":"Prefab","persistentId":"d81a5ea0-b674-486a-8ecc-36e5716eb7af","__parent":"set_dress_trails_rocks","position":[213.676331,-56.2596321,162.881943],"fileName":"/levels/johnson_valley/art/shapes/rocks/p_desert_rocks_huge_4_mix.prefab","rotationMatrix":[-0.402318597,0.915396273,0.0137678981,-0.708698571,-0.320924282,0.628294647,0.579557002,0.243017256,0.777853668]}
{"class":"TSStatic","persistentId":"fea8218b-dad0-4236-93a5-52b818214e14","__parent":"set_dress_trails_rocks","position":[256.485962,-30.6858788,156.34967],"isRenderEnabled":false,"rotationMatrix":[0.999794126,-0.00349444849,0.0199886467,2.32830644e-10,0.985060275,0.172209874,-0.0202917997,-0.172174409,0.98485744],"shapeName":"/levels/johnson_valley/art/shapes/rocks/s_rocks_desert_collection_01.dae","useInstanceRenderData":true}
{"class":"TSStatic","persistentId":"d792be5f-ab69-4acc-9746-b7d558c73984","__parent":"set_dress_trails_rocks","position":[252.65889,-62.7729988,155.012299],"isRenderEnabled":false,"rotationMatrix":[0.907310545,-0.0200558007,-0.419982493,-0.0582730472,0.983224034,-0.172843143,0.416403413,0.181296065,0.890920818],"shapeName":"/levels/johnson_valley/art/shapes/rocks/s_rocks_desert_collection_02.dae","useInstanceRenderData":true}
{"class":"TSStatic","persistentId":"55f3448c-3184-4c65-814b-eff5eb058ffd","__parent":"set_dress_trails_rocks","position":[250.164566,-60.0113068,155.851227],"isRenderEnabled":false,"rotationMatrix":[0.881587803,0,-0.47202,-0.0482156314,0.994769275,-0.0900519192,0.469550997,0.102147415,0.87697649],"shapeName":"/levels/johnson_valley/art/shapes/rocks/s_rocks_desert_collection_03.dae","useInstanceRenderData":true}
{"class":"TSStatic","persistentId":"0b63e6d6-6432-431d-b704-21085417f101","__parent":"set_dress_trails_rocks","position":[281.573914,-58.6464272,146.537323],"isRenderEnabled":false,"rotationMatrix":[0.94943738,-1.86264515e-09,-0.313956529,-0.0492718741,0.987608373,-0.149003297,0.310066074,0.156938523,0.937672257],"shapeName":"/levels/johnson_valley/art/shapes/rocks/s_rocks_desert_collection_01.dae","useInstanceRenderData":true}
{"class":"TSStatic","persistentId":"7413f614-a609-46f0-8952-9759f622c212","__parent":"set_dress_trails_rocks","position":[279.444397,-61.163166,147.839905],"isRenderEnabled":false,"rotationMatrix":[0.917361796,-0.0240938161,-0.397324592,-0.0602713153,0.978250325,-0.198478445,0.393465012,0.206023827,0.895957291],"shapeName":"/levels/johnson_valley/art/shapes/rocks/s_rocks_desert_collection_03.dae","useInstanceRenderData":true}
{"class":"TSStatic","persistentId":"809c1b2d-bf98-4b07-8d15-69366fa124bc","__parent":"set_dress_trails_rocks","position":[282.32782,-47.7634354,147.394272],"isRenderEnabled":false,"rotationMatrix":[0.763344407,0.645012915,0.0355486423,-0.636833131,0.742148161,0.20894897,0.108392417,-0.182138562,0.9772802],"scale":[1.19895029,1.19895029,1.19895029],"shapeName":"/levels/johnson_valley/art/shapes/rocks/s_rocks_desert_collection_03.dae","useInstanceRenderData":true}
{"class":"TSStatic","persistentId":"9f11ac6b-fab2-4594-9295-e6ccd11fabcc","__parent":"set_dress_trails_rocks","position":[285.394379,-44.2252083,147.907303],"isRenderEnabled":false,"rotationMatrix":[0.997174263,0.00970737264,-0.0744932145,-1.39698386e-09,0.991616011,0.129219621,0.0751230419,-0.128854483,0.988813937],"shapeName":"/levels/johnson_valley/art/shapes/rocks/s_rocks_desert_collection_02.dae","useInstanceRenderData":true}
{"class":"TSStatic","persistentId":"7081ff60-ea52-430f-a10a-a3ef353648be","__parent":"set_dress_trails_rocks","position":[284.07489,-37.1133194,150.097855],"isRenderEnabled":false,"rotationMatrix":[1,0,0,0,0.956963539,0.290208131,0,-0.290208131,0.956963539],"shapeName":"/levels/johnson_valley/art/shapes/rocks/s_rocks_desert_collection_03.dae","useInstanceRenderData":true}
{"class":"TSStatic","persistentId":"79d898b8-9d73-47a0-9927-d5d2765f25a7","__parent":"set_dress_trails_rocks","position":[305.762756,-48.5547943,142.119583],"isRenderEnabled":false,"rotationMatrix":[0.98012352,0.064631924,-0.187564984,-3.7252903e-09,0.945443869,0.325784981,0.198388293,-0.319309533,0.926651776],"shapeName":"/levels/johnson_valley/art/shapes/rocks/s_rocks_desert_collection_03.dae","useInstanceRenderData":true}
{"class":"TSStatic","persistentId":"63a7b7aa-dba4-4407-a8e2-1ebd331d1ae1","__parent":"set_dress_trails_rocks","position":[303.782166,-52.9416809,141.455948],"isRenderEnabled":false,"rotationMatrix":[-0.649469614,0.678026795,0.344192594,-0.709150314,-0.703448057,0.0476044342,0.274398774,-0.213166684,0.93769145],"shapeName":"/levels/johnson_valley/art/shapes/rocks/s_rocks_desert_collection_03.dae","useInstanceRenderData":true}
{"class":"TSStatic","persistentId":"55b3713f-52bd-425f-933a-a3d3cc6c13a9","__parent":"set_dress_trails_rocks","position":[231.015411,-178.831543,151.138748],"isRenderEnabled":false,"rotationMatrix":[0.954479039,0.0532778949,-0.293481261,-0.0205745455,0.99333477,0.113413773,0.297567576,-0.102212824,0.949213386],"shapeName":"/levels/johnson_valley/art/shapes/rocks/s_rocks_desert_collection_01.dae","useInstanceRenderData":true}
{"class":"TSStatic","persistentId":"08ae2a67-1b6a-4784-a6c6-b39e5b7ec42e","__parent":"set_dress_trails_rocks","position":[224.851395,-175.471878,154.441956],"isRenderEnabled":false,"rotationMatrix":[0.91663909,0.0472048633,-0.396918684,0.046260681,0.973801076,0.222646341,0.397029847,-0.222448066,0.890440404],"shapeName":"/levels/johnson_valley/art/shapes/rocks/s_rocks_desert_collection_03.dae","useInstanceRenderData":true}
{"class":"TSStatic","persistentId":"077fcf22-07a1-4e1a-bca9-e1f0d49e5889","__parent":"set_dress_trails_rocks","position":[221.826065,-196.239441,150.21904],"isRenderEnabled":false,"rotationMatrix":[-0.476866007,0.860223711,0.180592477,-0.800718129,-0.50988853,0.314426005,0.362558842,0.00533546507,0.931945622],"shapeName":"/levels/johnson_valley/art/shapes/rocks/s_rocks_desert_collection_03.dae","useInstanceRenderData":true}
{"class":"TSStatic","persistentId":"696ae22d-e868-4032-981e-ebf8fd78bd91","__parent":"set_dress_trails_rocks","position":[230.579697,-211.993225,146.908081],"isRenderEnabled":false,"rotationMatrix":[-0.875231028,-0.331892461,0.351878166,0.367672354,-0.929174066,0.0381166115,0.314305425,0.162736714,0.935269415],"shapeName":"/levels/johnson_valley/art/shapes/rocks/s_rocks_desert_collection_03.dae","useInstanceRenderData":true}
{"class":"TSStatic","persistentId":"99993824-901c-4a71-97e3-2947a1b94ab7","__parent":"set_dress_trails_rocks","position":[24.1644993,-129.909668,159.504196],"isRenderEnabled":false,"rotationMatrix":[0.999504447,0.00143476902,-0.0314450711,-0.0134591982,0.922518611,-0.385717839,0.0284552481,0.385949939,0.922080755],"shapeName":"/levels/johnson_valley/art/shapes/rocks/s_rocks_desert_collection_03.dae","useInstanceRenderData":true}
{"class":"TSStatic","persistentId":"6f993254-3d4a-479d-aa28-e10368d75d25","__parent":"set_dress_trails_rocks","position":[10.3775034,-125.407791,159.989746],"isRenderEnabled":false,"rotationMatrix":[0.999745011,-0.00437674299,-0.0221527945,0.000956140691,0.988361418,-0.152121037,0.0225607622,0.152061075,0.988113582],"shapeName":"/levels/johnson_valley/art/shapes/rocks/s_rocks_desert_collection_01.dae","useInstanceRenderData":true}
{"class":"TSStatic","persistentId":"864b87e6-8410-430d-ab27-cc9f70d7e257","__parent":"set_dress_trails_rocks","position":[17.4570274,-209.89949,157.90155],"isRenderEnabled":false,"rotationMatrix":[0.986770272,0,0.162124559,0,1,0,-0.162124559,0,0.986770272],"scale":[1.07104492,1.07104492,1.07104492],"shapeName":"/levels/johnson_valley/art/shapes/rocks/s_rocks_desert_collection_02.dae","useInstanceRenderData":true}
{"class":"TSStatic","persistentId":"4a06d6de-932b-4ee0-be39-ddda09b53851","__parent":"set_dress_trails_rocks","position":[-86.7252731,-319.099976,146.890961],"isRenderEnabled":false,"rotationMatrix":[0.988379657,0.0287526082,-0.149261221,-1.86264515e-09,0.981947184,0.189155206,0.15200533,-0.186957166,0.970536649],"shapeName":"/levels/johnson_valley/art/shapes/rocks/s_rocks_desert_collection_01.dae","useInstanceRenderData":true}
{"class":"TSStatic","persistentId":"5499fe7e-d5d3-4e11-b990-fd97561ac675","__parent":"set_dress_trails_rocks","position":[-35.8652458,-288.538574,148.083145],"isRenderEnabled":false,"rotationMatrix":[0.9867751,0.00109143741,0.162091509,-0.0182541944,0.9943645,0.104431733,-0.161064073,-0.106009483,0.981234074],"shapeName":"/levels/johnson_valley/art/shapes/rocks/s_rocks_desert_collection_03.dae","useInstanceRenderData":true}
{"class":"TSStatic","persistentId":"ac9a4914-90ca-490e-a302-57f9905a9cd5","__parent":"set_dress_trails_rocks","position":[-11.4942942,-272.664917,151.869888],"isRenderEnabled":false,"rotationMatrix":[-0.990464211,0.0184989925,-0.136523217,0.0128142331,-0.974278808,-0.224981636,-0.137173593,-0.224585682,0.964751124],"shapeName":"/levels/johnson_valley/art/shapes/rocks/s_rocks_desert_collection_03.dae","useInstanceRenderData":true}
{"class":"TSStatic","persistentId":"c8b326ce-4e39-4e35-b8ca-ae6154c6eac6","__parent":"set_dress_trails_rocks","position":[83.9944382,-243.112961,156.415314],"isRenderEnabled":false,"rotationMatrix":[0.998140156,0.00215269905,-0.0609230101,-1.16415322e-10,0.999376297,0.035312701,0.0609610304,-0.0352470241,0.997517645],"shapeName":"/levels/johnson_valley/art/shapes/rocks/s_rocks_desert_collection_01.dae","useInstanceRenderData":true}
{"class":"TSStatic","persistentId":"494d2178-dc11-466a-8084-5cbb53957a1a","__parent":"set_dress_trails_rocks","position":[118.416351,-195.639252,145.411255],"isRenderEnabled":false,"rotationMatrix":[0.991605639,0.0363227651,-0.12409237,0.0123428861,0.928756714,0.370484352,0.128708631,-0.368906021,0.920512021],"scale":[1.29034424,1.29034424,1.29034424],"shapeName":"/levels/johnson_valley/art/shapes/rocks/s_rocks_desert_collection_01.dae","useInstanceRenderData":true}
{"class":"TSStatic","persistentId":"c7b4913a-013c-475d-b4e1-e8d21b885ba0","__parent":"set_dress_trails_rocks","position":[-5.95107698,-69.8616486,174.26239],"isRenderEnabled":false,"rotationMatrix":[0.850221276,-0.523864329,-0.0518652126,0.487745941,0.746849895,0.452016801,-0.198059946,-0.409611315,0.890500307],"scale":[1.24968266,1.24968266,1.24968266],"shapeName":"/levels/johnson_valley/art/shapes/rocks/s_rocks_desert_huge_sheet_3.dae","useInstanceRenderData":true}
{"class":"TSStatic","persistentId":"f6bcbbc1-fec1-49ad-86f3-e26b1fcb254d","__parent":"set_dress_trails_rocks","position":[-21.8336926,-65.1613007,175.32489],"isRenderEnabled":false,"rotationMatrix":[-0.973787785,0.167550623,0.153829664,-0.216874719,-0.887829304,-0.405861974,0.0685720891,-0.428585291,0.900895357],"shapeName":"/levels/johnson_valley/art/shapes/rocks/s_rocks_desert_huge_sheet_3.dae","useInstanceRenderData":true}
{"class":"TSStatic","persistentId":"9ddad07b-55ee-4362-837a-84c7314d9427","__parent":"set_dress_trails_rocks","position":[-30.9780254,-74.6051407,172.698456],"isRenderEnabled":false,"rotationMatrix":[0.879336298,0.475765973,0.0203559324,-0.429480642,0.773873746,0.465473652,0.205703616,-0.418050349,0.884827614],"shapeName":"/levels/johnson_valley/art/shapes/rocks/s_rocks_desert_huge_sheet_3.dae","useInstanceRenderData":true}
{"class":"TSStatic","persistentId":"9950b449-bb6b-4b9b-b597-aefa5d7a9ad0","__parent":"set_dress_trails_rocks","position":[-22.8871231,-76.4152145,170.122437],"isRenderEnabled":false,"rotationMatrix":[0.668629289,-0.618842185,-0.412273109,0.712664068,0.691551805,0.117753536,0.212237358,-0.372545749,0.903418481],"shapeName":"/levels/johnson_valley/art/shapes/rocks/s_rocks_desert_collection_03.dae","useInstanceRenderData":true}
{"class":"TSStatic","persistentId":"4bc4e24c-bc9d-4afb-b4c6-136b3887bec6","__parent":"set_dress_trails_rocks","position":[-25.913229,-72.4764023,172.430817],"isRenderEnabled":false,"rotationMatrix":[0.973607779,0.0829712003,-0.212611526,0.00605767965,0.921853483,0.387491167,0.228147298,-0.378552318,0.897021115],"shapeName":"/levels/johnson_valley/art/shapes/rocks/s_rocks_desert_collection_02.dae","useInstanceRenderData":true}
{"class":"TSStatic","persistentId":"7986dc97-02c5-4005-ace2-b0910ed9a281","__parent":"set_dress_trails_rocks","position":[-22.3933105,-69.0019684,173.579742],"isRenderEnabled":false,"rotationMatrix":[-0.880141735,0.3884601,0.27285403,-0.458355665,-0.844987988,-0.275509417,0.123533979,-0.367551506,0.921762049],"shapeName":"/levels/johnson_valley/art/shapes/rocks/s_rocks_desert_collection_01.dae","useInstanceRenderData":true}
{"class":"TSStatic","persistentId":"e1e85c1a-6176-4ac6-bfad-e8324515060d","__parent":"set_dress_trails_rocks","position":[-17.750349,-62.0058784,176.410172],"isRenderEnabled":false,"rotationMatrix":[0.983048916,0.0244680941,-0.181703359,0.0383006483,0.941782653,0.334033608,0.179298252,-0.335330725,0.924881279],"shapeName":"/levels/johnson_valley/art/shapes/rocks/s_rocks_desert_collection_03.dae","useInstanceRenderData":true}
{"class":"TSStatic","persistentId":"c3ba54c1-c5a5-4059-981e-b485df157192","__parent":"set_dress_trails_rocks","position":[-5.25686455,-83.322876,166.892685],"isRenderEnabled":false,"rotationMatrix":[-0.290510058,-0.79941535,-0.525869966,0.95509398,-0.275742769,-0.10845153,-0.0583069623,-0.533761442,0.843622565],"shapeName":"/levels/johnson_valley/art/shapes/rocks/s_rocks_desert_huge_sheet_2.dae","useInstanceRenderData":true}
{"class":"TSStatic","persistentId":"949a60e0-61e2-4b65-b54d-29af1eb48c41","__parent":"set_dress_trails_rocks","position":[-2.22704434,-87.5236664,165.560913],"isRenderEnabled":false,"rotationMatrix":[-0.951175928,-0.198946714,-0.235974431,0.298423082,-0.787952542,-0.538585067,-0.0787869692,-0.582709551,0.808852315],"shapeName":"/levels/johnson_valley/art/shapes/rocks/s_rocks_desert_collection_03.dae","useInstanceRenderData":true}
{"class":"TSStatic","persistentId":"c76998df-0e96-4608-ba35-82fb78b4d207","__parent":"set_dress_trails_rocks","position":[-12.2743855,-84.9039307,166.147156],"isRenderEnabled":false,"rotationMatrix":[0.987477064,-0.0895253569,0.129901022,0.00397832692,0.837264001,0.546784341,-0.157712519,-0.539420187,0.827135205],"scale":[1.28389883,1.28389883,1.28389883],"shapeName":"/levels/johnson_valley/art/shapes/rocks/s_rocks_desert_collection_03.dae","useInstanceRenderData":true}
{"class":"TSStatic","persistentId":"78ff6a44-37b1-45df-8d43-eaee1c5305ae","__parent":"set_dress_trails_rocks","position":[-13.8704815,-88.6267776,163.89212],"isRenderEnabled":false,"rotationMatrix":[0.792963982,-0.568059444,-0.220264688,0.60749507,0.709615111,0.356925875,-0.0464519709,-0.416839093,0.907792568],"shapeName":"/levels/johnson_valley/art/shapes/rocks/s_rocks_desert_low_tiny.dae","useInstanceRenderData":true}
{"class":"TSStatic","persistentId":"1478c6b0-2f31-4c43-a876-020b456235a0","__parent":"set_dress_trails_rocks","position":[-15.6970778,-91.6194382,161.981644],"isRenderEnabled":false,"shapeName":"/levels/johnson_valley/art/shapes/rocks/s_rocks_desert_medium_02.dae","useInstanceRenderData":true}
{"class":"TSStatic","persistentId":"7686af19-7e35-43ff-a0e0-06851a32a2e7","__parent":"set_dress_trails_rocks","position":[-22.7300777,-86.0497665,165.381882],"isRenderEnabled":false,"rotationMatrix":[0.241365731,0.88588798,0.396163046,-0.956504822,0.148255169,0.251235068,0.163832843,-0.439571381,0.883139729],"shapeName":"/levels/johnson_valley/art/shapes/rocks/s_rocks_desert_low_tiny.dae","useInstanceRenderData":true}
{"class":"TSStatic","persistentId":"20c07e7b-250a-4102-9019-4e40464c4c66","__parent":"set_dress_trails_rocks","position":[-31.4580631,-104.763962,160.24588],"isRenderEnabled":false,"rotationMatrix":[0.5881989,0.808716178,-5.96046448e-08,-0.739435792,0.53780967,0.404963404,0.327500522,-0.238198966,0.914332867],"shapeName":"/levels/johnson_valley/art/shapes/rocks/s_rocks_desert_huge_sheet_3.dae","useInstanceRenderData":true}
{"class":"TSStatic","persistentId":"6a2fbf5b-4821-44c7-9962-4067431aca89","__parent":"set_dress_trails_rocks","position":[15.0323801,-48.7867126,185.998581],"isRenderEnabled":false,"rotationMatrix":[0.72646296,-0.68345201,-0.0717271864,0.683421373,0.707578003,0.179634467,-0.0720189661,-0.179517671,0.981114984],"shapeName":"/levels/johnson_valley/art/shapes/rocks/s_rocks_desert_huge_sheet_3.dae","useInstanceRenderData":true}
{"class":"TSStatic","persistentId":"ae8ac056-09ba-4cc4-8b6f-cf068ab2a7b3","__parent":"set_dress_trails_rocks","position":[-7.71753263,-47.9076385,181.776871],"isRenderEnabled":false,"rotationMatrix":[0.211658657,0.965636909,0.150818408,-0.95803839,0.235512376,-0.163390785,-0.193295747,-0.109906733,0.974965274],"shapeName":"/levels/johnson_valley/art/shapes/rocks/s_rocks_desert_collection_02.dae","useInstanceRenderData":true}
{"class":"TSStatic","persistentId":"e6627f2a-dcfc-4ce2-877e-8e736a42bd23","__parent":"set_dress_trails_rocks","position":[1.45123434,-59.2301903,181.221603],"isRenderEnabled":false,"rotationMatrix":[0.798476577,-0.602025807,0,0.524523914,0.695684552,0.490813315,-0.295482308,-0.391902924,0.871264756],"shapeName":"/levels/johnson_valley/art/shapes/rocks/s_rocks_desert_huge_sheet_3.dae","useInstanceRenderData":true}
{"class":"TSStatic","persistentId":"0ec5f99d-8f75-4375-a550-b31dacfdfedb","__parent":"set_dress_trails_rocks","position":[8.1058197,-61.0221825,181.744965],"isRenderEnabled":false,"rotationMatrix":[0.963649929,-0.261094272,-0.0566442236,0.256298006,0.843564987,0.471920997,-0.0754327849,-0.469284445,0.879819274],"shapeName":"/levels/johnson_valley/art/shapes/rocks/s_rocks_desert_collection_03.dae","useInstanceRenderData":true}
