{"name":"garageExteriorLightPropOn_1","class":"TSStatic","persistentId":"9ca5d683-55c3-4687-aadc-b304a5803ccb","__parent":"garageExteriorLights","position":[907.083923,-531.684021,167.634918],"isRenderEnabled":false,"rotationMatrix":[0.992081821,-0.125593275,-3.25841313e-07,-0.125593275,-0.992081642,1.47437618e-13,-3.23261247e-07,4.09233394e-08,-0.999999881],"scale":[1.29999995,1.29999995,1.29999995],"shapeName":"/levels/west_coast_usa/art/shapes/objects/s_small_light_hanging.dae","useInstanceRenderData":true}
{"name":"garageExteriorLightPropOn_2","class":"TSStatic","persistentId":"020e3f8f-4c37-49bd-9eb7-4cf875e9ac46","__parent":"garageExteriorLights","position":[903.634766,-531.247375,167.634918],"isRenderEnabled":false,"rotationMatrix":[0.992081821,-0.125593275,-3.25841313e-07,-0.125593275,-0.992081642,1.47437618e-13,-3.23261247e-07,4.09233394e-08,-0.999999881],"scale":[1.29999995,1.29999995,1.29999995],"shapeName":"/levels/west_coast_usa/art/shapes/objects/s_small_light_hanging.dae","useInstanceRenderData":true}
{"name":"garageExteriorLightPropOn_3","class":"TSStatic","persistentId":"8cec02b2-c615-4a3d-96ad-8a59c1d6e93b","__parent":"garageExteriorLights","position":[899.189026,-534.70105,167.634933],"isRenderEnabled":false,"rotationMatrix":[0.125593066,0.992081761,-4.26325641e-14,0.992081761,-0.125592828,-3.25841313e-07,-3.23261247e-07,4.09233394e-08,-0.999999762],"scale":[1.29999995,1.29999995,1.29999995],"shapeName":"/levels/west_coast_usa/art/shapes/objects/s_small_light_hanging.dae","useInstanceRenderData":true}
{"name":"garageExteriorLightPropOn_4","class":"TSStatic","persistentId":"6b1a478c-f9c2-40d8-b212-ed004d9c51d6","__parent":"garageExteriorLights","position":[898.775208,-537.969666,167.634933],"isRenderEnabled":false,"rotationMatrix":[0.125593066,0.992081761,-4.26325641e-14,0.992081761,-0.125592828,-3.25841313e-07,-3.23261247e-07,4.09233394e-08,-0.999999762],"scale":[1.29999995,1.29999995,1.29999995],"shapeName":"/levels/west_coast_usa/art/shapes/objects/s_small_light_hanging.dae","useInstanceRenderData":true}
{"name":"garageExteriorLight_1","class":"PointLight","persistentId":"1b052df7-a31c-48eb-9ad5-7c7c2fcfd66b","__parent":"garageExteriorLights","position":[906.887329,-532.378479,167.30983],"brightness":0.5,"radius":2,"shadowDarkenColor":[0,0,0,0],"shadowType":"DualParaboloid"}
{"name":"garageExteriorLight_2","class":"PointLight","persistentId":"15c0960e-c47d-4fa2-9e20-4abcaf8f0dc0","__parent":"garageExteriorLights","position":[903.719543,-531.925964,167.30983],"brightness":0.5,"radius":2,"shadowDarkenColor":[0,0,0,0],"shadowType":"DualParaboloid"}
{"name":"garageExteriorLight_3","class":"PointLight","persistentId":"c985aa39-7025-40d6-be25-b25e831e301a","__parent":"garageExteriorLights","position":[899.428589,-534.662842,167.55423],"brightness":0.5,"radius":3,"rotationMatrix":[0.991892934,-0.127076536,0,0.127076536,0.991892934,0,0,0,1],"shadowDarkenColor":[0,0,0,0],"shadowType":"DualParaboloid"}
{"name":"garageExteriorLight_4","class":"PointLight","persistentId":"5882f199-6120-4199-90e2-50978dbb6c17","__parent":"garageExteriorLights","position":[899.003113,-537.983826,167.55423],"brightness":0.5,"radius":3,"rotationMatrix":[0.991892934,-0.127076536,0,0.127076536,0.991892934,0,0,0,1],"shadowDarkenColor":[0,0,0,0],"shadowType":"DualParaboloid"}
