{"class":"TSStatic","persistentId":"51c3ca5b-f742-4ccc-b565-622ca0049eb1","__parent":"trail_029_rocks","position":[896.006653,-543.638306,154.038055],"isRenderEnabled":false,"rotationMatrix":[0.514035761,-0.850915611,0.10821192,0.853410542,0.520038962,0.0353536904,-0.0863574147,0.0741761401,0.993499041],"shapeName":"/levels/johnson_valley/art/shapes/rocks/s_rocks_desert_low_small.dae","useInstanceRenderData":true}
{"class":"TSStatic","persistentId":"39e49502-3664-4e88-9718-293a6325f408","__parent":"trail_029_rocks","position":[880.319397,-541.779602,153.624817],"isRenderEnabled":false,"rotationMatrix":[0.294680715,-0.909987152,-0.291695893,0.954617441,0.294137418,0.0467818156,0.0432277918,-0.292243719,0.955366373],"shapeName":"/levels/johnson_valley/art/shapes/rocks/s_rocks_desert_low_small.dae","useInstanceRenderData":true}
{"class":"TSStatic","persistentId":"996ed107-7889-4994-8adb-924da2ee6e9f","__parent":"trail_029_rocks","position":[890.293762,-538.933105,153.87207],"isRenderEnabled":false,"rotationMatrix":[0.294680834,-0.909987092,-0.291695833,0.955541372,0.283852458,0.0798011199,0.0101805627,-0.302243352,0.953176439],"shapeName":"/levels/johnson_valley/art/shapes/rocks/s_rocks_desert_low_small.dae","useInstanceRenderData":true}
{"class":"TSStatic","persistentId":"8080cfa8-8140-42d4-bf95-8cb656d580f3","__parent":"trail_029_rocks","position":[870.795044,-558.041992,151.002914],"isRenderEnabled":false,"rotationMatrix":[0.961805463,0.270502716,0.04193433,-0.268858641,0.962308586,-0.0409535654,-0.0514318161,0.0281149559,0.998280704],"shapeName":"/levels/johnson_valley/art/shapes/rocks/s_rocks_desert_low_small.dae","useInstanceRenderData":true}
{"class":"TSStatic","persistentId":"363c73cd-7c48-4f02-9b4d-b4712cc1c984","__parent":"trail_029_rocks","position":[842.904663,-569.804077,145.775803],"isRenderEnabled":false,"rotationMatrix":[0.867594659,-0.382772386,-0.317434788,0.458707869,0.862515926,0.213666707,0.192006871,-0.330985934,0.923894882],"shapeName":"/levels/johnson_valley/art/shapes/rocks/s_rocks_desert_low_small.dae","useInstanceRenderData":true}
{"class":"TSStatic","persistentId":"c2e2a071-7b00-4dc2-8d6d-9ea9e00ff5d5","__parent":"trail_029_rocks","position":[848.107849,-575.789551,144.901352],"isRenderEnabled":false,"rotationMatrix":[0.886676967,-0.413440913,0.207052067,0.387297302,0.908679545,0.155891791,-0.252596021,-0.0580349453,0.96582979],"shapeName":"/levels/johnson_valley/art/shapes/rocks/s_rocks_desert_low_small.dae","useInstanceRenderData":true}
{"class":"TSStatic","persistentId":"5b36bb12-7a07-42f1-9762-ea90813a1ac0","__parent":"trail_029_rocks","position":[849.573914,-563.754456,147.376022],"isRenderEnabled":false,"rotationMatrix":[0.788544595,-0.583428681,-0.194443703,0.614970982,0.746625245,0.253695458,-0.0028366372,-0.319627434,0.947539032],"shapeName":"/levels/johnson_valley/art/shapes/rocks/s_rocks_desert_low_small.dae","useInstanceRenderData":true}
{"class":"TSStatic","persistentId":"5c1ed9d0-a3b3-49db-8734-a1cd4751713b","__parent":"trail_029_rocks","position":[851.906555,-564.585938,147.319641],"isRenderEnabled":false,"rotationMatrix":[0.77439028,-0.632708251,0,0.618710816,0.757258415,0.209180832,-0.13235043,-0.161987603,0.977876961],"shapeName":"/levels/johnson_valley/art/shapes/rocks/s_rocks_desert_low_tiny.dae","useInstanceRenderData":true}
{"class":"TSStatic","persistentId":"527c3f78-8bc6-408f-aece-9dc9bc9c959b","__parent":"trail_029_rocks","position":[844.112366,-574.271118,144.373367],"isRenderEnabled":false,"rotationMatrix":[0.570790172,0.813250959,0.11323154,-0.820366681,0.570645452,0.0369086936,-0.034599036,-0.1139585,0.992882848],"shapeName":"/levels/johnson_valley/art/shapes/rocks/s_rocks_desert_low_tiny.dae","useInstanceRenderData":true}
{"class":"TSStatic","persistentId":"2dd3f61a-bbb5-42a2-ab7c-852b2cc120a7","__parent":"trail_029_rocks","position":[856.65033,-556.185242,149.612854],"isRenderEnabled":false,"rotationMatrix":[0.936166465,0.337220132,0.0993726179,-0.351110101,0.911095202,0.215933442,-0.0177208036,-0.237040371,0.971338153],"shapeName":"/levels/johnson_valley/art/shapes/rocks/s_rocks_desert_low_tiny.dae","useInstanceRenderData":true}
{"class":"TSStatic","persistentId":"a47ce29e-a6b4-4abe-9db1-002565ad347a","__parent":"trail_029_rocks","position":[862.742432,-561.31012,150.110641],"isRenderEnabled":false,"rotationMatrix":[0.965609848,-0.0119249383,0.259721845,-0.0364266485,0.982889593,0.180557862,-0.25743106,-0.183809236,0.94865346],"shapeName":"/levels/johnson_valley/art/shapes/rocks/s_rocks_desert_collection_03.dae","useInstanceRenderData":true}
{"class":"TSStatic","persistentId":"16d0a980-722e-4a15-8d6b-0d9289c7ec8e","__parent":"trail_029_rocks","position":[867.691162,-563.385742,150.906036],"isRenderEnabled":false,"rotationMatrix":[0.244085073,0.969746709,-0.00368491188,-0.963045955,0.241948843,-0.118334696,-0.11386314,0.0324324779,0.99296695],"shapeName":"/levels/johnson_valley/art/shapes/rocks/s_rocks_desert_collection_02.dae","useInstanceRenderData":true}
{"class":"TSStatic","persistentId":"660551e4-2a2b-40cb-a4c0-4cb961ed1276","__parent":"trail_029_rocks","position":[857.608337,-569.90686,148.122803],"isRenderEnabled":false,"rotationMatrix":[0.395539582,-0.917615294,-0.0391208529,0.874048352,0.362993002,0.322917134,-0.282113135,-0.161920011,0.945618331],"shapeName":"/levels/johnson_valley/art/shapes/rocks/s_rocks_desert_huge_sheet_3.dae","useInstanceRenderData":true}
{"class":"TSStatic","persistentId":"39e659f9-8913-4d9f-99aa-7c859c239b4b","__parent":"trail_029_rocks","position":[855.128235,-572.831848,146.911652],"isRenderEnabled":false,"rotationMatrix":[0.497264802,0.80180037,0.331426859,-0.810609937,0.565532088,-0.151937082,-0.309255719,-0.193104997,0.931166649],"shapeName":"/levels/johnson_valley/art/shapes/rocks/s_rocks_desert_low_tiny.dae","useInstanceRenderData":true}
{"class":"TSStatic","persistentId":"4b3a5ef1-1d61-4c28-b379-34fc996bad35","__parent":"trail_029_rocks","position":[858.063049,-562.55072,148.682037],"isRenderEnabled":false,"rotationMatrix":[0.95170325,-0.25717175,0.167701006,0.234589726,0.961494029,0.143167362,-0.198062122,-0.0969119072,0.975386858],"shapeName":"/levels/johnson_valley/art/shapes/rocks/s_rocks_desert_low_tiny.dae","useInstanceRenderData":true}
{"class":"TSStatic","persistentId":"3487d64a-7134-4076-9f86-56749b5c37bd","__parent":"trail_029_rocks","position":[859.17926,-550.965149,151.491714],"isRenderEnabled":false,"rotationMatrix":[0.998772502,-0.0208891798,0.0449119583,-0.00252919458,0.884031355,0.467420697,-0.0494676158,-0.466960549,0.882893443],"shapeName":"/levels/johnson_valley/art/shapes/rocks/s_rocks_desert_collection_03.dae","useInstanceRenderData":true}
{"class":"TSStatic","persistentId":"7cd7fd7e-041e-4b3e-9fb8-26944e8fd765","__parent":"trail_029_rocks","position":[867.042114,-551.256348,150.85788],"isRenderEnabled":false,"rotationMatrix":[0.305648685,0.939123094,0.156928122,-0.950904787,0.309483171,0,-0.0485666022,-0.14922373,0.987610042],"shapeName":"/levels/johnson_valley/art/shapes/rocks/s_rocks_desert_low_tiny.dae","useInstanceRenderData":true}
{"class":"TSStatic","persistentId":"e8385ec7-4b3b-4f84-bbd7-d7b93253540f","__parent":"trail_029_rocks","position":[875.55011,-551.440735,151.866867],"isRenderEnabled":false,"rotationMatrix":[0.0141091347,0.996956885,0.0766658187,-0.974149525,0.0309939981,-0.223767221,-0.225462466,-0.0715268552,0.971622646],"shapeName":"/levels/johnson_valley/art/shapes/rocks/s_rocks_desert_low_tiny.dae","useInstanceRenderData":true}
{"class":"TSStatic","persistentId":"2659a5fc-febc-4185-bfeb-8c6fd79de7fa","__parent":"trail_029_rocks","position":[878.111816,-555.140869,152.571045],"isRenderEnabled":false,"rotationMatrix":[0.953074455,0,0.302735955,0,1,0,-0.302735955,0,0.953074455],"scale":[1.14892578,1.14892578,1.14892578],"shapeName":"/levels/johnson_valley/art/shapes/rocks/s_rocks_desert_collection_03.dae","useInstanceRenderData":true}
{"class":"TSStatic","persistentId":"05053b70-0149-45a2-84fa-48b67ffd03dc","__parent":"trail_029_rocks","position":[891.492798,-552.315369,154.107651],"isRenderEnabled":false,"rotationMatrix":[-0.153702617,-0.985642016,-0.0698949695,0.94369477,-0.167395592,0.285340071,-0.292943269,-0.0221020132,0.955874324],"shapeName":"/levels/johnson_valley/art/shapes/rocks/s_rocks_desert_huge_sheet_3.dae","useInstanceRenderData":true}
{"class":"TSStatic","persistentId":"7645d2ae-2226-4e85-ac58-413b9923293e","__parent":"trail_029_rocks","position":[890.009399,-542.222351,153.527191],"isRenderEnabled":false,"rotationMatrix":[0.50549978,-0.862826705,7.4505806e-09,0.860946894,0.504398465,0.0659750253,-0.0569250248,-0.0333503522,0.997821271],"shapeName":"/levels/johnson_valley/art/shapes/rocks/s_rocks_desert_low_tiny.dae","useInstanceRenderData":true}
{"class":"TSStatic","persistentId":"272bef13-b83e-48b1-a5a7-77f727186f64","__parent":"trail_029_rocks","position":[891.90332,-534.871399,155.63356],"isRenderEnabled":false,"shapeName":"/levels/johnson_valley/art/shapes/rocks/s_rocks_desert_large_05.dae","useInstanceRenderData":true}
{"class":"TSStatic","persistentId":"3ba862f3-0f9c-4f69-b5be-d8d7ed3638c5","__parent":"trail_029_rocks","position":[895.200073,-535.113831,155.691238],"isRenderEnabled":false,"rotationMatrix":[0.974387348,0.224398896,0.0146430582,-0.186085746,0.7680372,0.61277312,0.126259193,-0.599803269,0.790123224],"shapeName":"/levels/johnson_valley/art/shapes/rocks/s_rocks_desert_low_tiny.dae","useInstanceRenderData":true}
{"class":"TSStatic","persistentId":"7abab2a2-ac8a-49ed-a90e-73aed8107fea","__parent":"trail_029_rocks","position":[897.551331,-533.605164,156.048981],"isRenderEnabled":false,"rotationMatrix":[0.879316926,0.469840854,-0.077790454,-0.335599273,0.727218211,0.598771036,0.337897778,-0.500403106,0.797133505],"shapeName":"/levels/johnson_valley/art/shapes/rocks/s_rocks_desert_low_tiny.dae","useInstanceRenderData":true}
{"class":"TSStatic","persistentId":"034e1b43-289d-49df-8032-91819ed15da9","__parent":"trail_029_rocks","position":[899.40918,-531.270813,156.265259],"isRenderEnabled":false,"rotationMatrix":[0.744336486,0.594293833,-0.304594815,-0.335599273,0.72721827,0.598771036,0.577352822,-0.343465328,0.740739703],"shapeName":"/levels/johnson_valley/art/shapes/rocks/s_rocks_desert_low_tiny.dae","useInstanceRenderData":true}
{"class":"TSStatic","persistentId":"f32a498e-a3a2-4522-aea2-bc496471afdf","__parent":"trail_029_rocks","position":[897.149231,-537.516357,154.501266],"isRenderEnabled":false,"rotationMatrix":[0.949876785,0.300845265,0.0850067288,-0.311051846,0.936728239,0.160583258,-0.0313174762,-0.178975821,0.983354926],"shapeName":"/levels/johnson_valley/art/shapes/rocks/s_rocks_desert_low_tiny.dae","useInstanceRenderData":true}
{"class":"TSStatic","persistentId":"6280bfd3-89f1-4cf5-b732-42f2bbd57a19","__parent":"trail_029_rocks","position":[907.363281,-533.503906,154.855179],"isRenderEnabled":false,"rotationMatrix":[0.520018816,-0.854154766,4.65661287e-10,0.854077399,0.519971728,0.0134589393,-0.0114960186,-0.00699890032,0.999909401],"shapeName":"/levels/johnson_valley/art/shapes/rocks/s_rocks_desert_low_small.dae","useInstanceRenderData":true}
{"class":"TSStatic","persistentId":"9216870b-1b78-4ab5-b634-4756306f3481","__parent":"trail_029_rocks","position":[901.701904,-539.415222,154.352066],"isRenderEnabled":false,"rotationMatrix":[0.320176959,0.945633769,0.0571243949,-0.946129799,0.322249174,-0.0315231085,-0.0482176058,-0.043954134,0.997869253],"shapeName":"/levels/johnson_valley/art/shapes/rocks/s_rocks_desert_low_tiny.dae","useInstanceRenderData":true}
{"class":"TSStatic","persistentId":"51a58c3c-3913-4106-8c3d-e456683ed018","__parent":"trail_029_rocks","position":[913.054016,-532.376953,155.208725],"isRenderEnabled":false,"rotationMatrix":[0.782113492,-0.601993263,0.160942778,0.612067163,0.790620089,-0.0171368867,-0.116928294,0.11191079,0.986814976],"shapeName":"/levels/johnson_valley/art/shapes/rocks/s_rocks_desert_low_tiny.dae","useInstanceRenderData":true}
{"class":"TSStatic","persistentId":"f7c43a07-30f6-4aac-a14e-a7f34d86e425","__parent":"trail_029_rocks","position":[911.802856,-542.674377,155.754822],"isRenderEnabled":false,"rotationMatrix":[1,0,0,0,0.998172462,0.0604300834,0,-0.0604300834,0.998172462],"shapeName":"/levels/johnson_valley/art/shapes/rocks/s_rocks_desert_collection_03.dae","useInstanceRenderData":true}
{"class":"TSStatic","persistentId":"65cd797e-e296-456b-b64a-a79e261d4a10","__parent":"trail_029_rocks","position":[911.580444,-539.145264,155.537567],"isRenderEnabled":false,"rotationMatrix":[0.363282979,-0.930447876,0.0478759371,0.931084812,0.364406347,0.0169984102,-0.0332624279,0.0384013318,0.998708665],"shapeName":"/levels/johnson_valley/art/shapes/rocks/s_rocks_desert_low_tiny.dae","useInstanceRenderData":true}
{"class":"TSStatic","persistentId":"a321d0b1-84e5-4308-8e14-344f1fb86fef","__parent":"trail_029_rocks","position":[907.260681,-543.08197,155.681107],"isRenderEnabled":false,"rotationMatrix":[0.978567481,-4.65661287e-10,0.205926523,0.0140117127,0.997682452,-0.0665839687,-0.205449268,0.0680422857,0.976299584],"shapeName":"/levels/johnson_valley/art/shapes/rocks/s_rocks_desert_collection_02.dae","useInstanceRenderData":true}
{"class":"TSStatic","persistentId":"2c07f39d-0d5f-4d7a-aca0-c47ca16d3003","__parent":"trail_029_rocks","position":[905.365967,-530.447937,155.28862],"isRenderEnabled":false,"rotationMatrix":[0.578175068,0.81339103,0.0640977398,-0.812128961,0.566158295,0.141107306,0.0784859583,-0.133640364,0.987917125],"shapeName":"/levels/johnson_valley/art/shapes/rocks/s_rocks_desert_low_tiny.dae","useInstanceRenderData":true}
{"class":"TSStatic","persistentId":"5ad86b63-0910-45cc-9939-7bb8a90048d4","__parent":"trail_029_rocks","position":[885.295166,-557.934937,153.139145],"isRenderEnabled":false,"rotationMatrix":[-0.986976624,-0.14756377,-0.0640445501,0.152818456,-0.98443079,-0.0868443623,-0.0502323657,-0.0955005661,0.994161129],"shapeName":"/levels/johnson_valley/art/shapes/rocks/s_rocks_desert_collection_03.dae","useInstanceRenderData":true}
{"class":"TSStatic","persistentId":"3f42ba53-1a6b-4e3f-bca3-1bfcaa0a4738","__parent":"trail_029_rocks","position":[871.552002,-567.642151,150.85524],"isRenderEnabled":false,"rotationMatrix":[0.996282697,-0.00802453421,0.0857694298,4.65661287e-10,0.995651841,0.0931525379,-0.0861440003,-0.0928062648,0.991950691],"shapeName":"/levels/johnson_valley/art/shapes/rocks/s_rocks_desert_collection_03.dae","useInstanceRenderData":true}
{"class":"TSStatic","persistentId":"eeae4fd1-4966-4e97-b927-eed24861cf9e","__parent":"trail_029_rocks","position":[856.985474,-577.435242,147.035995],"isRenderEnabled":false,"rotationMatrix":[0.977310419,0.0808790624,0.195762366,-0.102194518,0.989588976,0.101340912,-0.185527921,-0.119047366,0.975400984],"scale":[1.33232427,1.33232427,1.33232427],"shapeName":"/levels/johnson_valley/art/shapes/rocks/s_rocks_desert_collection_03.dae","useInstanceRenderData":true}
{"class":"TSStatic","persistentId":"a2c7315e-ee17-4ac0-bf8c-542318166a8a","__parent":"trail_029_rocks","position":[834.060486,-586.720886,139.754639],"isRenderEnabled":false,"rotationMatrix":[0.909967363,-0.404525757,-0.0912045389,0.400889575,0.801917195,0.442963094,-0.106051534,-0.439644903,0.891888678],"shapeName":"/levels/johnson_valley/art/shapes/rocks/s_rocks_desert_low_small.dae","useInstanceRenderData":true}
{"class":"TSStatic","persistentId":"722bcd4f-a366-4b9c-958f-65c9c83a1ee6","__parent":"trail_029_rocks","position":[838.807556,-589.380188,139.764328],"isRenderEnabled":false,"rotationMatrix":[-0.786640882,0.617356479,0.00816334784,-0.55924958,-0.706873655,-0.433092386,-0.261601925,-0.345253617,0.90131259],"shapeName":"/levels/johnson_valley/art/shapes/rocks/s_rocks_desert_low_small.dae","useInstanceRenderData":true}
{"class":"TSStatic","persistentId":"1b019e1b-01eb-462c-bccf-fecdac2fe94d","__parent":"trail_029_rocks","position":[822.655518,-590.9953,135.346161],"isRenderEnabled":false,"rotationMatrix":[0.835066378,-0.549966872,-0.0141623318,0.499017447,0.74636519,0.440364152,-0.231615439,-0.374800533,0.897707522],"shapeName":"/levels/johnson_valley/art/shapes/rocks/s_rocks_desert_low_small.dae","useInstanceRenderData":true}
{"class":"TSStatic","persistentId":"03114d5f-5c49-49fb-a159-81d726062d0d","__parent":"trail_029_rocks","position":[839.32074,-598.663025,136.131866],"isRenderEnabled":false,"rotationMatrix":[-0.678504825,0.732869446,0.0503307432,-0.667241037,-0.586185336,-0.459538698,-0.307278752,-0.345382035,0.886730492],"shapeName":"/levels/johnson_valley/art/shapes/rocks/s_rocks_desert_low_small.dae","useInstanceRenderData":true}
{"class":"TSStatic","persistentId":"8d8a87f6-4b73-4811-8b01-b3d95c063b89","__parent":"trail_029_rocks","position":[829.140564,-593.432739,135.794174],"isRenderEnabled":false,"rotationMatrix":[0.767528415,-0.638753057,-0.0538015664,0.593874693,0.676984012,0.434747547,-0.241273552,-0.365632504,0.898943782],"shapeName":"/levels/johnson_valley/art/shapes/rocks/s_rocks_desert_low_tiny.dae","useInstanceRenderData":true}
{"class":"TSStatic","persistentId":"adadd5d6-0476-437c-b701-8eab68322e9b","__parent":"trail_029_rocks","position":[831.979736,-596.056641,135.420425],"isRenderEnabled":false,"rotationMatrix":[-0.847146153,0.529138982,0.0485266149,-0.494144738,-0.750946522,-0.438063681,-0.195355684,-0.395083249,0.897633195],"shapeName":"/levels/johnson_valley/art/shapes/rocks/s_rocks_desert_low_tiny.dae","useInstanceRenderData":true}
{"class":"TSStatic","persistentId":"4e7aebbe-65e3-482c-9922-4c934268195c","__parent":"trail_029_rocks","position":[837.122864,-586.966919,140.153488],"isRenderEnabled":false,"rotationMatrix":[0.799790859,-0.598878741,0.0409717783,0.530952454,0.737615466,0.41714853,-0.280042827,-0.311877489,0.90791434],"shapeName":"/levels/johnson_valley/art/shapes/rocks/s_rocks_desert_low_tiny.dae","useInstanceRenderData":true}
{"class":"TSStatic","persistentId":"2c1b985e-c9f9-4afd-9d4f-d3fce52b7b85","__parent":"trail_029_rocks","position":[838.767334,-578.88916,143.808121],"isRenderEnabled":false,"rotationMatrix":[0.991937578,0.0632769912,-0.109799303,-3.7252903e-09,0.866420388,0.499315202,0.126727521,-0.495289505,0.859434962],"shapeName":"/levels/johnson_valley/art/shapes/rocks/s_rocks_desert_collection_03.dae","useInstanceRenderData":true}
{"class":"TSStatic","persistentId":"61baa371-8d4e-4fb2-9b24-30019ca81b44","__parent":"trail_029_rocks","position":[844.354248,-583.164856,143.381271],"isRenderEnabled":false,"rotationMatrix":[0.960770726,3.7252903e-09,0.27734381,-0.0468887873,0.985605121,0.162431493,-0.27335149,-0.169063732,0.946940541],"shapeName":"/levels/johnson_valley/art/shapes/rocks/s_rocks_desert_collection_02.dae","useInstanceRenderData":true}
{"class":"TSStatic","persistentId":"36a21ff6-f97b-45d5-bf32-c35e96754e80","__parent":"trail_029_rocks","position":[848.239746,-569.46228,145.886459],"isRenderEnabled":false,"rotationMatrix":[0.228100657,-0.967171609,-0.112021379,0.943793118,0.191372395,0.26950106,-0.23921603,-0.16719836,0.956462443],"shapeName":"/levels/johnson_valley/art/shapes/rocks/s_rocks_desert_low_tiny.dae","useInstanceRenderData":true}
{"class":"TSStatic","persistentId":"4cc5267e-ab6a-47ec-aab9-f5312776890f","__parent":"trail_029_rocks","position":[850.726868,-567.401611,146.084595],"isRenderEnabled":false,"rotationMatrix":[-0.99993825,0,0.0111075426,0,1,0,-0.0111075426,0,-0.99993825],"shapeName":"/levels/johnson_valley/art/shapes/rocks/s_rocks_desert_medium_02.dae","useInstanceRenderData":true}
{"class":"TSStatic","persistentId":"4ea36239-f4ae-4ddf-8954-91b444e8096a","__parent":"trail_029_rocks","position":[852.413025,-568.896545,146.744904],"isRenderEnabled":false,"shapeName":"/levels/johnson_valley/art/shapes/rocks/s_rocks_desert_medium_03.dae","useInstanceRenderData":true}
{"class":"TSStatic","persistentId":"39ef251f-e96c-46e3-89d0-e4171db5d25a","__parent":"trail_029_rocks","position":[853.03009,-564.635254,147.301743],"isRenderEnabled":false,"rotationMatrix":[0.280894458,0,-0.959738553,0,1,0,0.959738553,0,0.280894458],"shapeName":"/levels/johnson_valley/art/shapes/rocks/s_rocks_desert_medium_04.dae","useInstanceRenderData":true}
{"class":"TSStatic","persistentId":"455a2784-35a4-4c41-ae83-9f0c09bfbcf6","__parent":"trail_029_rocks","position":[853.902588,-565.65155,147.44458],"isRenderEnabled":false,"shapeName":"/levels/johnson_valley/art/shapes/rocks/s_rocks_desert_medium_04.dae","useInstanceRenderData":true}
{"class":"TSStatic","persistentId":"a443f6f9-2220-4059-98c4-ce2186fc1978","__parent":"trail_029_rocks","position":[852.757935,-566.06665,147.253052],"isRenderEnabled":false,"rotationMatrix":[0.247347236,0,-0.968926787,0,1,0,0.968926787,0,0.247347236],"shapeName":"/levels/johnson_valley/art/shapes/rocks/s_rocks_desert_medium_05.dae","useInstanceRenderData":true}
{"class":"TSStatic","persistentId":"be69d333-89cb-48e3-ab77-e8f69ff327ea","__parent":"trail_029_rocks","position":[856.724121,-560.16571,148.761902],"isRenderEnabled":false,"rotationMatrix":[-0.161120534,0,0.986934543,0,1,0,-0.986934543,0,-0.161120534],"shapeName":"/levels/johnson_valley/art/shapes/rocks/s_rocks_desert_medium_05.dae","useInstanceRenderData":true}
{"class":"TSStatic","persistentId":"57dd7d09-f2a0-42bc-aa63-fd74cab7bd9a","__parent":"trail_029_rocks","position":[858.259338,-560.68927,148.470306],"isRenderEnabled":false,"rotationMatrix":[-0.984503627,0,0.175363675,0,1,0,-0.175363675,0,-0.984503627],"shapeName":"/levels/johnson_valley/art/shapes/rocks/s_rocks_desert_medium_02.dae","useInstanceRenderData":true}
{"class":"TSStatic","persistentId":"2b77d6eb-36be-4b59-8cc4-76826a4772e1","__parent":"trail_029_rocks","position":[859.490784,-557.908203,149.013153],"isRenderEnabled":false,"rotationMatrix":[-0.984318256,0,-0.176400006,0.0435885973,0.968989789,-0.243225947,0.17092979,-0.247100845,-0.95379436],"shapeName":"/levels/johnson_valley/art/shapes/rocks/s_rocks_desert_medium_02.dae","useInstanceRenderData":true}
{"class":"TSStatic","persistentId":"c14a900a-fdd6-4071-8f74-44e2bc7b3ee0","__parent":"trail_029_rocks","position":[871.131104,-548.212402,151.956924],"isRenderEnabled":false,"rotationMatrix":[0.973312736,0.227481663,0.0302384831,-0.2260077,0.927372217,0.298163086,0.039784316,-0.297040075,0.954035819],"shapeName":"/levels/johnson_valley/art/shapes/rocks/s_rocks_desert_low_tiny.dae","useInstanceRenderData":true}
{"class":"TSStatic","persistentId":"4f53e61c-2c17-46dd-a740-2cec080f48ce","__parent":"trail_029_rocks","position":[886.723755,-532.578857,157.399597],"isRenderEnabled":false,"rotationMatrix":[0.976847053,0.210354716,-0.0389967263,-0.143463254,0.77930218,0.6100052,0.158707723,-0.590287149,0.791437209],"scale":[1.30605459,1.30605459,1.30605459],"shapeName":"/levels/johnson_valley/art/shapes/rocks/s_rocks_desert_low_small.dae","useInstanceRenderData":true}
{"class":"TSStatic","persistentId":"58e1aae9-0554-4da8-abaf-e0a90d83b395","__parent":"trail_029_rocks","position":[863.160156,-541.313049,156.821228],"isRenderEnabled":false,"rotationMatrix":[0.994729221,0.0694268942,-0.0754563287,-3.7252903e-09,0.735896707,0.677093744,0.102536581,-0.673524976,0.732017994],"scale":[1.55839837,1.55839837,1.55839837],"shapeName":"/levels/johnson_valley/art/shapes/rocks/s_rocks_desert_low_small.dae","useInstanceRenderData":true}
{"class":"TSStatic","persistentId":"3325dad6-96e9-48a8-83b3-639c0472e560","__parent":"trail_029_rocks","position":[867.965454,-545.556763,153.376205],"isRenderEnabled":false,"rotationMatrix":[1,0,0,0,0.799127221,0.601161957,0,-0.601161957,0.799127221],"shapeName":"/levels/johnson_valley/art/shapes/rocks/s_rocks_desert_collection_03.dae","useInstanceRenderData":true}
{"class":"TSStatic","persistentId":"ead5a5bd-2c23-4bb5-b337-220c1cec3e62","__parent":"trail_029_rocks","position":[877.159546,-545.950317,152.61055],"isRenderEnabled":false,"rotationMatrix":[0.47548449,0.864684284,0.161973879,-0.87396282,0.485332072,-0.0253329799,-0.100516148,-0.129513711,0.986469805],"shapeName":"/levels/johnson_valley/art/shapes/rocks/s_rocks_desert_low_tiny.dae","useInstanceRenderData":true}
