{"name":"fuel_1_sign_A1_3","class":"TSStatic","persistentId":"20836968-380d-4a74-9543-0734bdc98b8d","__parent":"fs_2_sta_price_sign","position":[-471.47113,126.014389,110.039642],"isRenderEnabled":false,"rotationMatrix":[0.956304491,-0.292371601,0,0.292371601,0.956304491,0,0,0,0.999999642],"scale":[2.24689722,2.24689722,2.24689722],"shapeName":"/art/shapes/quarter_mile_display/display_0.dae","useInstanceRenderData":true}
{"name":"fuel_1_sign_A1_4","class":"TSStatic","persistentId":"b49fb435-da60-4ec0-88ac-1807670f6ad9","__parent":"fs_2_sta_price_sign","position":[-471.572449,126.045341,110.039642],"isRenderEnabled":false,"rotationMatrix":[0.956304491,-0.292371601,0,0.292371601,0.956304491,0,0,0,0.999999642],"scale":[2.24689722,2.24689722,2.24689722],"shapeName":"/art/shapes/quarter_mile_display/display_1.dae","useInstanceRenderData":true}
{"name":"fuel_1_sign_A2_4","class":"TSStatic","persistentId":"0644d56e-8f57-455a-9c57-9916b897d942","__parent":"fs_2_sta_price_sign","position":[-471.572449,126.045341,108.873993],"isRenderEnabled":false,"rotationMatrix":[0.956304491,-0.292371601,0,0.292371601,0.956304491,0,0,0,0.999999642],"scale":[2.24689722,2.24689722,2.24689722],"shapeName":"/art/shapes/quarter_mile_display/display_1.dae","useInstanceRenderData":true}
{"name":"fuel_1_sign_A2_3","class":"TSStatic","persistentId":"88731b62-145c-4648-9beb-fc59db01a8f0","__parent":"fs_2_sta_price_sign","position":[-471.47113,126.014389,108.873993],"isRenderEnabled":false,"rotationMatrix":[0.956304491,-0.292371601,0,0.292371601,0.956304491,0,0,0,0.999999642],"scale":[2.24689722,2.24689722,2.24689722],"shapeName":"/art/shapes/quarter_mile_display/display_0.dae","useInstanceRenderData":true}
{"name":"fuel_1_sign_A3_3","class":"TSStatic","persistentId":"3d4a3d18-2f3b-4c59-b8e7-a744579149fd","__parent":"fs_2_sta_price_sign","position":[-471.47113,126.014389,107.706421],"isRenderEnabled":false,"rotationMatrix":[0.956304491,-0.292371601,0,0.292371601,0.956304491,0,0,0,0.999999642],"scale":[2.24689722,2.24689722,2.24689722],"shapeName":"/art/shapes/quarter_mile_display/display_0.dae","useInstanceRenderData":true}
{"name":"fuel_1_sign_A3_4","class":"TSStatic","persistentId":"483dcc81-581c-405b-bc03-f15dd5360370","__parent":"fs_2_sta_price_sign","position":[-471.572449,126.045341,107.706421],"isRenderEnabled":false,"rotationMatrix":[0.956304491,-0.292371601,0,0.292371601,0.956304491,0,0,0,0.999999642],"scale":[2.24689722,2.24689722,2.24689722],"shapeName":"/art/shapes/quarter_mile_display/display_1.dae","useInstanceRenderData":true}
{"name":"fuel_1_sign_A4_3","class":"TSStatic","persistentId":"110c1c45-8d5d-469e-bab7-c04c0049a751","__parent":"fs_2_sta_price_sign","position":[-471.47113,126.014389,106.53801],"isRenderEnabled":false,"rotationMatrix":[0.956304491,-0.292371601,0,0.292371601,0.956304491,0,0,0,0.999999642],"scale":[2.24689722,2.24689722,2.24689722],"shapeName":"/art/shapes/quarter_mile_display/display_0.dae","useInstanceRenderData":true}
{"name":"fuel_1_sign_A4_4","class":"TSStatic","persistentId":"dd2cb28c-67f2-44b4-8048-eea50b6dd1d0","__parent":"fs_2_sta_price_sign","position":[-471.572449,126.045341,106.53801],"isRenderEnabled":false,"rotationMatrix":[0.956304491,-0.292371601,0,0.292371601,0.956304491,0,0,0,0.999999642],"scale":[2.24689722,2.24689722,2.24689722],"shapeName":"/art/shapes/quarter_mile_display/display_1.dae","useInstanceRenderData":true}
{"name":"fuel_1_sign_B1_3","class":"TSStatic","persistentId":"ac1758b0-353f-40ba-989b-7c176ae7c9f5","__parent":"fs_2_sta_price_sign","position":[-474.492493,127.31427,110.039642],"isRenderEnabled":false,"rotationMatrix":[-0.95630461,0.292371333,0,-0.292371333,-0.95630461,0,0,0,0.999999762],"scale":[2.24689722,2.24689722,2.24689722],"shapeName":"/art/shapes/quarter_mile_display/display_0.dae","useInstanceRenderData":true}
{"name":"fuel_1_sign_B1_4","class":"TSStatic","persistentId":"818981b0-88d7-47e4-ab77-56e4b1425c28","__parent":"fs_2_sta_price_sign","position":[-474.398743,127.285568,110.039642],"isRenderEnabled":false,"rotationMatrix":[-0.95630461,0.292371333,0,-0.292371333,-0.95630461,0,0,0,0.999999762],"scale":[2.24689722,2.24689722,2.24689722],"shapeName":"/art/shapes/quarter_mile_display/display_1.dae","useInstanceRenderData":true}
{"name":"fuel_1_sign_B2_3","class":"TSStatic","persistentId":"878a74e0-ca75-4686-9bb1-a92a75fcfe7b","__parent":"fs_2_sta_price_sign","position":[-474.492493,127.31427,108.873993],"isRenderEnabled":false,"rotationMatrix":[-0.95630461,0.292371333,0,-0.292371333,-0.95630461,0,0,0,0.999999762],"scale":[2.24689722,2.24689722,2.24689722],"shapeName":"/art/shapes/quarter_mile_display/display_0.dae","useInstanceRenderData":true}
{"name":"fuel_1_sign_B2_4","class":"TSStatic","persistentId":"8d6adbe9-19f4-477f-b3cd-d790583e8beb","__parent":"fs_2_sta_price_sign","position":[-474.398743,127.285568,108.873993],"isRenderEnabled":false,"rotationMatrix":[-0.95630461,0.292371333,0,-0.292371333,-0.95630461,0,0,0,0.999999762],"scale":[2.24689722,2.24689722,2.24689722],"shapeName":"/art/shapes/quarter_mile_display/display_1.dae","useInstanceRenderData":true}
{"name":"fuel_1_sign_B3_4","class":"TSStatic","persistentId":"007cad92-788d-4743-a847-b7d61fdc90cc","__parent":"fs_2_sta_price_sign","position":[-474.398743,127.285568,107.706421],"isRenderEnabled":false,"rotationMatrix":[-0.95630461,0.292371333,0,-0.292371333,-0.95630461,0,0,0,0.999999762],"scale":[2.24689722,2.24689722,2.24689722],"shapeName":"/art/shapes/quarter_mile_display/display_1.dae","useInstanceRenderData":true}
{"name":"fuel_1_sign_B3_3","class":"TSStatic","persistentId":"d00f4c30-7042-4375-889b-dbb81deda8fe","__parent":"fs_2_sta_price_sign","position":[-474.492493,127.31427,107.706421],"isRenderEnabled":false,"rotationMatrix":[-0.95630461,0.292371333,0,-0.292371333,-0.95630461,0,0,0,0.999999762],"scale":[2.24689722,2.24689722,2.24689722],"shapeName":"/art/shapes/quarter_mile_display/display_0.dae","useInstanceRenderData":true}
{"name":"fuel_1_sign_B4_3","class":"TSStatic","persistentId":"76496134-8c76-48c4-8f1e-855f09a599bd","__parent":"fs_2_sta_price_sign","position":[-474.492493,127.31427,106.53801],"isRenderEnabled":false,"rotationMatrix":[-0.95630461,0.292371333,0,-0.292371333,-0.95630461,0,0,0,0.999999762],"scale":[2.24689722,2.24689722,2.24689722],"shapeName":"/art/shapes/quarter_mile_display/display_0.dae","useInstanceRenderData":true}
{"name":"fuel_1_sign_B4_4","class":"TSStatic","persistentId":"5cf064c9-ff92-4c88-ad33-8c9a6b9fa5c1","__parent":"fs_2_sta_price_sign","position":[-474.398743,127.285568,106.53801],"isRenderEnabled":false,"rotationMatrix":[-0.95630461,0.292371333,0,-0.292371333,-0.95630461,0,0,0,0.999999762],"scale":[2.24689722,2.24689722,2.24689722],"shapeName":"/art/shapes/quarter_mile_display/display_1.dae","useInstanceRenderData":true}
{"name":"fuel_1_sign_A4_period3","class":"TSStatic","persistentId":"4c0a3c7e-44e1-4a47-92fc-e76da8c45821","__parent":"fs_2_sta_price_sign","position":[-471.727417,126.085358,106.86734],"isRenderEnabled":false,"rotationMatrix":[0.956304491,-0.292371601,0,0.292371601,0.956304491,0,0,0,0.999999642],"scale":[11.1350212,3.03036046,2.13177991],"shapeName":"/art/shapes/quarter_mile_display/display_period.dae","useInstanceRenderData":true}
{"name":"fuel_1_sign_A2_period3","class":"TSStatic","persistentId":"18b7bcbf-156e-4815-be9a-c4ad80636dce","__parent":"fs_2_sta_price_sign","position":[-471.727417,126.085358,109.203323],"isRenderEnabled":false,"rotationMatrix":[0.956304491,-0.292371601,0,0.292371601,0.956304491,0,0,0,0.999999642],"scale":[11.1350212,3.03036046,2.13177991],"shapeName":"/art/shapes/quarter_mile_display/display_period.dae","useInstanceRenderData":true}
{"name":"fuel_1_sign_A3_period3","class":"TSStatic","persistentId":"6f5494b2-c25e-4667-9f6b-e23d842bc50d","__parent":"fs_2_sta_price_sign","position":[-471.727417,126.085358,108.035751],"isRenderEnabled":false,"rotationMatrix":[0.956304491,-0.292371601,0,0.292371601,0.956304491,0,0,0,0.999999642],"scale":[11.1350212,3.03036046,2.13177991],"shapeName":"/art/shapes/quarter_mile_display/display_period.dae","useInstanceRenderData":true}
{"name":"fuel_1_sign_A1_period3","class":"TSStatic","persistentId":"90da7ca2-2809-40bc-b554-196c5955a0f3","__parent":"fs_2_sta_price_sign","position":[-471.727417,126.085358,110.368973],"isRenderEnabled":false,"rotationMatrix":[0.956304491,-0.292371601,0,0.292371601,0.956304491,0,0,0,0.999999642],"scale":[11.1350212,3.03036046,2.13177991],"shapeName":"/art/shapes/quarter_mile_display/display_period.dae","useInstanceRenderData":true}
{"name":"fuel_1_sign_B1_period3","class":"TSStatic","persistentId":"2b0b7357-0237-44e9-a83d-d0603ddaaa64","__parent":"fs_2_sta_price_sign","position":[-474.22644,127.238594,110.368973],"isRenderEnabled":false,"rotationMatrix":[-0.95630461,0.292371333,0,-0.292371333,-0.95630461,0,0,0,0.999999762],"scale":[11.1350212,3.03036046,2.13177991],"shapeName":"/art/shapes/quarter_mile_display/display_period.dae","useInstanceRenderData":true}
{"name":"fuel_1_sign_B2_period3","class":"TSStatic","persistentId":"76330a5c-65af-4e25-b033-2ceadd3bce98","__parent":"fs_2_sta_price_sign","position":[-474.22644,127.238594,109.203323],"isRenderEnabled":false,"rotationMatrix":[-0.95630461,0.292371333,0,-0.292371333,-0.95630461,0,0,0,0.999999762],"scale":[11.1350212,3.03036046,2.13177991],"shapeName":"/art/shapes/quarter_mile_display/display_period.dae","useInstanceRenderData":true}
{"name":"fuel_1_sign_B3_period3","class":"TSStatic","persistentId":"ab49910d-2233-49a7-8c3c-6af3c5086f9c","__parent":"fs_2_sta_price_sign","position":[-474.22644,127.238594,108.035751],"isRenderEnabled":false,"rotationMatrix":[-0.95630461,0.292371333,0,-0.292371333,-0.95630461,0,0,0,0.999999762],"scale":[11.1350212,3.03036046,2.13177991],"shapeName":"/art/shapes/quarter_mile_display/display_period.dae","useInstanceRenderData":true}
{"name":"fuel_1_sign_B4_period3","class":"TSStatic","persistentId":"d2f511fa-bf61-4776-aeb3-219f97561d13","__parent":"fs_2_sta_price_sign","position":[-474.239563,127.242622,106.86734],"isRenderEnabled":false,"rotationMatrix":[-0.95630461,0.292371333,0,-0.292371333,-0.95630461,0,0,0,0.999999762],"scale":[11.1350212,3.03036046,2.13177991],"shapeName":"/art/shapes/quarter_mile_display/display_period.dae","useInstanceRenderData":true}
