{"class":"DecalRoad","persistentId":"23064ca1-b34c-45ff-bc72-7bcbbf724a9b","__parent":"under_train_area","position":[392.310547,1882.47107,74.7000198],"autoJunction":false,"detail":1,"drivability":0.75,"gatedRoad":true,"improvedSpline":true,"lanesLeft":0,"material":"road_invisible","nodes":[[392.310547,1882.47107,74.7000198,6],[403.69278,1890.77161,74.7447815,6],[412.417419,1896.25891,74.7964096,6]],"overObjects":true}
{"class":"DecalRoad","persistentId":"66f8483f-ccfa-4b1e-8996-9014f88b3822","__parent":"under_train_area","position":[392.347351,1882.27905,74.6953812],"detail":1,"drivability":1,"improvedSpline":true,"lanesLeft":0,"material":"road_invisible","nodes":[[392.347351,1882.27905,74.6953812,3.25],[384.624817,1875.15173,74.7961349,3.25],[383.809204,1869.76929,74.7588882,3.25],[386.677094,1863.5647,74.7046814,3.25]],"oneWay":true,"overObjects":true}
{"class":"DecalRoad","persistentId":"a5b36382-6ba8-4a7e-b268-2e8c0f6580b6","__parent":"under_train_area","position":[405.005127,1646.31006,74.6827164],"detail":1,"drivability":0.75,"gatedRoad":true,"improvedSpline":true,"material":"road_invisible","nodes":[[405.005127,1646.31006,74.6827164,6],[397.739563,1646.1394,74.8736649,6],[383.957794,1645.54517,74.8742905,6],[361.297089,1644.08264,74.8750305,6]],"overObjects":true}
{"class":"DecalRoad","persistentId":"91d9f21a-e4c4-45ae-9996-d787cf233c55","__parent":"under_train_area","position":[384.096619,1645.29858,74.8742676],"detail":1,"drivability":0.75,"gatedRoad":true,"improvedSpline":true,"lanesLeft":0,"material":"road_invisible","nodes":[[384.096619,1645.29858,74.8742676,3.71428561],[383.554565,1656.62659,74.8747787,3.71428561],[383.266388,1667.45813,74.8749847,3.71428561],[382.319855,1674.68018,74.8749695,3.71428561],[378.246429,1677.7356,74.8749771,3.71428561],[370.842072,1677.72363,74.8749847,3.71428561],[362.664673,1676.66406,74.8749847,3.71428561],[360.295654,1671.98059,74.8749924,3.71428561],[360.479126,1665.5304,74.8750076,3.71428561],[361.136658,1652.2251,74.8750381,3.71428561],[361.565094,1644.14685,74.8749619,3.71428561]],"oneWay":true,"overObjects":true}
{"class":"DecalRoad","persistentId":"b5b7c8ea-93cf-4cac-a0d6-a779a8464633","__parent":"under_train_area","position":[361.323761,1644.20203,74.875061],"detail":1,"drivability":0.75,"gatedRoad":true,"improvedSpline":true,"material":"road_invisible","nodes":[[361.323761,1644.20203,74.875061,4],[354.01297,1641.5387,74.8750687,4],[345.98941,1642.2821,74.9892349,4],[339.836426,1646.38782,75.0535965,4],[338.968201,1652.3457,75.1161804,4],[338.945435,1658.52563,75.0939484,4],[339.362671,1667.32043,75.0811844,4],[340.153656,1674.09656,75.050766,4]],"overObjects":true}
{"class":"DecalRoad","persistentId":"433e98ad-d622-4b8c-93a2-54bc244c65db","__parent":"under_train_area","position":[340.273041,1674.21423,75.0413666],"detail":1,"drivability":0.75,"gatedRoad":true,"improvedSpline":true,"material":"road_invisible","nodes":[[340.273041,1674.21423,75.0413666,4],[333.784576,1696.6626,75.316597,4],[332.737793,1707.72742,75.1641541,4],[334.468445,1722.28381,75.3581772,4],[337.593719,1729.98572,75.3795853,4],[340.556335,1741.80066,75.156395,4],[341.623199,1755.79688,75.2844086,4],[341.400085,1767.41614,74.8750839,4],[341.439667,1772.06567,74.8750839,4]],"overObjects":true}
{"class":"DecalRoad","persistentId":"a5fee064-5d7f-4ded-9633-1a06af09c483","__parent":"under_train_area","position":[340.06897,1674.17627,75.0546799],"detail":1,"drivability":0.75,"gatedRoad":true,"improvedSpline":true,"material":"road_invisible","nodes":[[340.06897,1674.17627,75.0546799,4],[343.82135,1695.92847,75.1928711,4],[346.279602,1703.09241,75.164856,4],[344.016785,1711.66577,75.2341232,4],[337.813385,1729.80713,75.3943939,4],[335.045074,1744.31274,75.2890472,4],[331.63092,1757.18469,75.1439743,4],[331.524475,1766.92139,74.8750839,4],[333.429565,1773.79565,74.8750839,4]],"overObjects":true}
{"class":"DecalRoad","persistentId":"804f707c-9294-4193-bdf8-6408ac56bb4c","__parent":"under_train_area","position":[360.381744,1665.67358,74.875],"detail":1,"drivability":0.75,"gatedRoad":true,"improvedSpline":true,"material":"road_invisible","nodes":[[360.381744,1665.67358,74.875,4],[352.423798,1665.97375,75.0828857,4],[339.284088,1667.30884,75.0852432,4]],"overObjects":true}
{"class":"DecalRoad","persistentId":"1a60c7a2-d0b5-451f-af22-108a76487e95","__parent":"under_train_area","position":[361.112396,1651.97705,74.8750381],"detail":1,"drivability":0.75,"gatedRoad":true,"improvedSpline":true,"material":"road_invisible","nodes":[[361.112396,1651.97705,74.8750381,4],[352.309021,1651.72864,75.0093536,4],[339.05014,1652.43066,75.1027298,4]],"overObjects":true}
{"class":"DecalRoad","persistentId":"f375d2a2-b62f-483c-92f7-2f4b430fd52c","__parent":"under_train_area","position":[344.163574,1711.29053,75.1713638],"detail":1,"drivability":0.449999988,"gatedRoad":true,"improvedSpline":true,"material":"road_invisible","nodes":[[344.163574,1711.29053,75.1713638,4],[338.983826,1712.66235,75.3361435,4],[332.952759,1707.91089,75.1680908,4]],"overObjects":true}
{"class":"DecalRoad","persistentId":"b8f5219e-1248-49d4-b9ba-ec8e760e58e6","__parent":"under_train_area","position":[346.658417,1703.37427,75.1063232],"detail":1,"drivability":0.449999988,"gatedRoad":true,"improvedSpline":true,"material":"road_invisible","nodes":[[346.658417,1703.37427,75.1063232,4],[340.714813,1696.04016,75.3075409,4],[333.762573,1696.83032,75.3881531,4]],"overObjects":true}
{"class":"DecalRoad","persistentId":"00fccb2e-da0c-47cd-a2ad-64a3e42cb87c","__parent":"under_train_area","position":[397.942871,1652.09705,74.8759308],"detail":0.200000003,"distanceFade":[200,50],"material":"crossing_white","nodes":[[397.942871,1652.09705,74.8759308,1.20000005],[397.368591,1666.30298,74.8858414,1.20000005]],"overObjects":true,"renderPriority":5,"textureLength":2.5}
{"class":"DecalRoad","persistentId":"19ab318b-efd1-45ea-9b69-297b657ab0aa","__parent":"under_train_area","position":[396.780762,1665.73608,74.8953552],"detail":0.200000003,"distanceFade":[200,50],"material":"crossing_white","nodes":[[396.780762,1665.73608,74.8953552,1.20000005],[386.54184,1665.24841,74.8775024,1.20000005]],"overObjects":true,"renderPriority":5,"textureLength":2.5}
{"class":"DecalRoad","persistentId":"06d5ccad-0acb-46db-8478-54e16815bd45","__parent":"under_train_area","position":[387.361145,1665.84277,74.8749771],"detail":0.200000003,"distanceFade":[200,50],"material":"crossing_white","nodes":[[387.361145,1665.84277,74.8749771,1.20000005],[386.505676,1682.00867,74.8749771,1.20000005]],"overObjects":true,"renderPriority":5,"textureLength":2.5}
{"class":"DecalRoad","persistentId":"ca44c4be-96fc-4f4e-b462-662529fa720a","__parent":"under_train_area","position":[385.926727,1681.58643,74.8749847],"detail":0.200000003,"distanceFade":[200,50],"material":"crossing_white","nodes":[[385.926727,1681.58643,74.8749847,1.20000005],[356.27005,1680.03552,74.8749771,1.20000005]],"overObjects":true,"renderPriority":5,"textureLength":2.5}
{"class":"DecalRoad","persistentId":"d8e11efb-c10a-4556-8dda-e75105f50c0a","__parent":"under_train_area","position":[370.410553,1680.15515,74.8749771],"detail":0.200000003,"distanceFade":[200,50],"material":"crossing_white","nodes":[[370.410553,1680.15515,74.8749771,2],[371.964386,1648.02417,74.875,2]],"overObjects":true,"renderPriority":5,"textureLength":2.5}
{"class":"DecalRoad","persistentId":"118b8ef1-73dd-4092-85b1-cb75f47fabe3","__parent":"under_train_area","position":[373.509857,1637.98682,74.8749924],"breakAngle":1,"detail":1,"distanceFade":[200,50],"improvedSpline":true,"material":"line_white","nodes":[[373.509857,1637.98682,74.8749924,0.200000003],[373.313171,1641.14709,74.874382,0.200000003]],"overObjects":true,"renderPriority":9,"textureLength":6}
{"class":"DecalRoad","persistentId":"94110df1-de5b-4155-b4ec-b03ea6deb938","__parent":"under_train_area","position":[379.658722,1638.16541,74.8749924],"breakAngle":1,"detail":1,"distanceFade":[200,50],"improvedSpline":true,"material":"line_white","nodes":[[379.658722,1638.16541,74.8749924,0.200000003],[379.462036,1641.32568,74.874382,0.200000003]],"overObjects":true,"renderPriority":9,"textureLength":6}
{"class":"DecalRoad","persistentId":"4c05022a-aa24-4024-a626-e1eb815739d4","__parent":"under_train_area","position":[385.716095,1638.46997,74.8749924],"breakAngle":1,"detail":1,"distanceFade":[200,50],"improvedSpline":true,"material":"line_white","nodes":[[385.716095,1638.46997,74.8749924,0.200000003],[385.519409,1641.63025,74.874382,0.200000003]],"overObjects":true,"renderPriority":9,"textureLength":6}
{"class":"DecalRoad","persistentId":"7bc6a5a2-ce96-4c6a-8140-52e2afe63475","__parent":"under_train_area","position":[391.917755,1638.75549,74.8749924],"breakAngle":1,"detail":1,"distanceFade":[200,50],"improvedSpline":true,"material":"line_white","nodes":[[391.917755,1638.75549,74.8749924,0.200000003],[391.721069,1641.91577,74.874382,0.200000003]],"overObjects":true,"renderPriority":9,"textureLength":6}
{"class":"DecalRoad","persistentId":"465d99e7-8e8b-4cfe-b3e7-8c11a4d6a03d","__parent":"under_train_area","position":[367.379517,1666.61279,74.875],"decalBias":0.0500000007,"distanceFade":[150,100],"improvedSpline":true,"material":"road_rubber_double","nodes":[[367.379517,1666.61279,74.875,4],[367.300568,1672.37158,74.8749847,4],[370.682556,1676.31775,74.8749771,4],[375.269379,1677.63586,74.8749771,4],[380.081238,1675.68555,74.8749771,4],[383.173401,1670.21167,74.8749771,4],[383.38205,1662.26831,74.8749924,4]],"overObjects":true,"renderPriority":3,"startEndFade":[18,18],"textureLength":6,"zBias":0.00100000005}
{"class":"DecalRoad","persistentId":"11f33d16-ecac-4f25-a089-576680774aec","__parent":"under_train_area","position":[361.176178,1658.25281,74.8749924],"breakAngle":1,"decalBias":0.0500000007,"distanceFade":[150,100],"improvedSpline":true,"material":"AsphaltRoad_track_skidmarks","nodes":[[361.176178,1658.25281,74.8749924,7],[365.471954,1646.04749,74.8750305,7],[377.675262,1643.87158,74.8750076,7],[384.451355,1651.99426,74.8744812,7],[384.767426,1663.1947,74.8749924,7]],"overObjects":true,"renderPriority":3,"smoothness":0.600000024,"startEndFade":[30,30],"textureLength":40,"zBias":0.00100000005}
{"class":"DecalRoad","persistentId":"89db4bcb-0cdd-4182-b2ba-b1d0874cd565","__parent":"under_train_area","position":[355.373505,1666.31104,74.996933],"breakAngle":1,"decalBias":0.0500000007,"distanceFade":[150,100],"improvedSpline":true,"material":"AsphaltRoad_track_skidmarks","nodes":[[355.373505,1666.31104,74.996933,7],[360.164062,1664.08362,74.8750076,7],[363.741364,1658.37292,74.8750076,7],[363.979706,1647.80298,74.8750305,7]],"overObjects":true,"renderPriority":1,"smoothness":0.600000024,"startEndFade":[30,30],"textureLength":40,"zBias":0.00100000005}
{"class":"DecalRoad","persistentId":"149b16b9-d515-4171-8af2-a305d92cba35","__parent":"under_train_area","position":[383.037018,1663.62085,74.8749847],"breakAngle":1,"decalBias":0.0500000007,"distanceFade":[150,100],"improvedSpline":true,"material":"AsphaltRoad_track_skidmarks","nodes":[[383.037018,1663.62085,74.8749847,7],[382.722595,1669.95068,74.8749771,7],[379.13736,1675.56177,74.8749771,7],[372.263489,1676.98914,74.8749847,7],[364.817535,1675.54321,74.8749771,7],[361.031372,1669.20605,74.875,7],[361.551697,1660.12842,74.8750229,7]],"overObjects":true,"renderPriority":1,"smoothness":0.600000024,"startEndFade":[30,30],"textureLength":40,"zBias":0.00100000005}
{"class":"DecalRoad","persistentId":"82e4700b-93e6-4a63-b57d-8d45a3dbb37b","__parent":"under_train_area","position":[342.919952,1711.80151,75.3442307],"distanceFade":[200,50],"improvedSpline":true,"material":"road_dirt_tracks","nodes":[[342.919952,1711.80151,75.3442307,6],[336.726105,1710.24597,75.3484573,6],[333.186981,1706.26514,75.1938019,6],[331.630066,1699.30017,75.1076508,6],[333.842072,1692.94214,75.2644958,6],[339.675537,1689.79297,75.0716171,6]],"overObjects":true,"renderPriority":2,"startEndFade":[5,5],"textureLength":128}
{"class":"DecalRoad","persistentId":"ee0958e6-b7a6-41b4-b75b-5d18e37c6910","__parent":"under_train_area","position":[357.010803,1665.23608,75.0070648],"breakAngle":1,"decalBias":0.0500000007,"detail":0.5,"distanceFade":[150,100],"improvedSpline":true,"material":"road_gravel_02","nodes":[[357.010803,1665.23608,75.0070648,5],[347.970062,1667.40955,75.1566925,5],[343.08429,1666.59497,75.0832062,5],[338.835907,1662.55554,75.0589523,5],[336.828156,1658.53149,75.0959015,5],[336.792511,1653.49683,75.0596924,5],[337.54718,1649.69409,74.9832535,5],[338.663422,1646.9248,75.0630035,5],[341.386658,1643.66431,74.995636,5],[346.598511,1642.08594,75.0154419,5],[358.996246,1642.41992,74.8750687,5]],"overObjects":true,"renderPriority":12,"startEndFade":[5,5],"textureLength":10,"zBias":0.00100000005}
{"class":"DecalRoad","persistentId":"8c70a8b8-fd32-4499-8f84-59975ac63273","__parent":"under_train_area","position":[347.576019,1643.81824,75.0311356],"breakAngle":1,"decalBias":0.0500000007,"detail":0.5,"distanceFade":[150,100],"improvedSpline":true,"material":"road_gravel_02","nodes":[[347.576019,1643.81824,75.0311356,5],[343.482819,1647.81567,74.9884415,5],[341.700592,1652.63245,75.0258865,5],[341.90863,1657.48425,75.0296478,5],[344.062439,1661.97437,75.0418472,5],[349.345612,1665.86194,75.1331787,5]],"overObjects":true,"renderPriority":12,"startEndFade":[2,2],"textureLength":10,"zBias":0.00100000005}
{"class":"TSStatic","persistentId":"ec1fc7e0-7f37-4402-9da2-7fe6a4eb1eef","__parent":"under_train_area","position":[337.308746,1704.02332,75.452507],"decalType":"None","isRenderEnabled":false,"shapeName":"/art/shapes/garage_and_dealership/Clutter/clutter_barrels_white.dae","useInstanceRenderData":true}
{"class":"TSStatic","persistentId":"fb018cc2-aaa4-44f2-9f00-e53f222dab98","__parent":"under_train_area","position":[338.375488,1705.02917,75.4478607],"decalType":"None","isRenderEnabled":false,"shapeName":"/art/shapes/garage_and_dealership/Clutter/debris_m_barrel_a.DAE","useInstanceRenderData":true}
{"class":"TSStatic","persistentId":"35f7e2c8-837a-4a85-9289-078320e6e8fa","__parent":"under_train_area","position":[339.055786,1705.36731,75.4361649],"decalType":"None","isRenderEnabled":false,"shapeName":"/art/shapes/garage_and_dealership/Clutter/debris_m_barrel_b.DAE","useInstanceRenderData":true}
{"class":"TSStatic","persistentId":"a4bfdfe9-d8c6-4d4d-bd80-89e2530873aa","__parent":"under_train_area","position":[336.739136,1702.87354,75.4505692],"decalType":"None","isRenderEnabled":false,"shapeName":"/art/shapes/garage_and_dealership/Clutter/debris_m_pipe.DAE","useInstanceRenderData":true}
{"class":"TSStatic","persistentId":"c4c569a3-6325-4e69-ae05-d7bedc53e566","__parent":"under_train_area","position":[340.60788,1705.02795,75.3311691],"decalType":"None","isRenderEnabled":false,"shapeName":"/art/shapes/garage_and_dealership/Clutter/medium_pile.DAE","useInstanceRenderData":true}
{"class":"TSStatic","persistentId":"f245b6d9-1845-4c72-aeff-22a1d6281bb2","__parent":"under_train_area","position":[346.867676,1675.42603,75.5111618],"decalType":"None","isRenderEnabled":false,"rotationMatrix":[0.995951891,0,0.0898877159,0,1,0,-0.0898877159,0,0.995951891],"shapeName":"/art/shapes/garage_and_dealership/Clutter/ind_metal_scraps_a.DAE","useInstanceRenderData":true}
{"class":"TSStatic","persistentId":"223494f5-f4e0-4a4b-b89f-4f2bfd659186","__parent":"under_train_area","position":[347.784821,1672.73108,75.4345322],"decalType":"None","isRenderEnabled":false,"shapeName":"/art/shapes/garage_and_dealership/Clutter/ind_clutter_mix.DAE","useInstanceRenderData":true}
{"class":"DecalRoad","persistentId":"6b3e6765-96ad-4455-b4c1-ab1e81b918b0","__parent":"under_train_area","position":[337.952362,1670.04126,75.1101761],"breakAngle":1,"decalBias":0.0500000007,"detail":0.5,"distanceFade":[150,100],"improvedSpline":true,"material":"road_gravel_02","nodes":[[337.952362,1670.04126,75.1101761,5],[334.922485,1680.59277,75.1513519,5],[333.352661,1691.42188,75.1965332,5],[333.171234,1709.25342,75.1840897,5]],"overObjects":true,"renderPriority":12,"startEndFade":[5,5],"textureLength":10,"zBias":0.00100000005}
{"class":"DecalRoad","persistentId":"b299c29f-d73c-439c-8352-d9b4e05c6ef6","__parent":"under_train_area","position":[343.654541,1669.15649,75.0885086],"breakAngle":1,"decalBias":0.0500000007,"detail":0.5,"distanceFade":[150,100],"improvedSpline":true,"material":"road_gravel_02","nodes":[[343.654541,1669.15649,75.0885086,5],[341.99649,1675.6554,75.0234222,5],[342.544861,1684.1283,74.9846039,5],[344.177277,1698.85437,75.2367935,5]],"overObjects":true,"renderPriority":14,"startEndFade":[5,5],"textureLength":10,"zBias":0.00100000005}
{"class":"TSStatic","persistentId":"de32a042-8344-4d14-8cdc-078861bffa6d","__parent":"under_train_area","position":[337.463806,1761.71643,74.9195786],"decalType":"None","isRenderEnabled":false,"shapeName":"/art/shapes/garage_and_dealership/Clutter/ind_clutter_mix.DAE","useInstanceRenderData":true}
{"class":"TSStatic","persistentId":"75363753-d5e3-4509-a5ff-f5d7889113eb","__parent":"under_train_area","position":[336.011261,1762.55908,74.9222946],"decalType":"None","isRenderEnabled":false,"rotationMatrix":[0.223886132,0.974615157,0,-0.974615157,0.223886132,0,0,0,1],"shapeName":"/art/shapes/garage_and_dealership/Clutter/ind_metal_scraps_a.DAE","useInstanceRenderData":true}
{"class":"TSStatic","persistentId":"7e6aa047-2b09-457a-bdfd-9642341ac430","__parent":"under_train_area","position":[330.748383,1742.04077,75.0060272],"decalType":"None","isRenderEnabled":false,"shapeName":"/art/shapes/garage_and_dealership/Clutter/ind_clutter_mix.DAE","useInstanceRenderData":true}
{"class":"TSStatic","persistentId":"e750d777-8010-434e-9b16-c60d575f9cce","__parent":"under_train_area","position":[0,0,0.0199999996],"collisionType":"Visible Mesh Final","decalType":"Visible Mesh Final","isRenderEnabled":false,"rotationMatrix":[0.99999994,0,0,0,0.99999994,0,0,0,0.999999881],"shapeName":"/levels/west_coast_usa/art/shapes/backdrop/under_train_station.dae","useInstanceRenderData":true}
{"class":"DecalRoad","persistentId":"e48b537b-1aaf-4159-b997-11baae112f04","__parent":"under_train_area","position":[404.800964,1658.87634,74.7097778],"decalBias":0.0500000007,"distanceFade":[150,100],"improvedSpline":true,"material":"road_rubber_double","nodes":[[404.800964,1658.87634,74.7097778,4],[404.841064,1652.75513,74.6824646,4],[401.719971,1647.96716,74.6857605,4],[394.702515,1646.99316,74.8738708,4],[381.656525,1652.6322,74.8746872,4]],"overObjects":true,"renderPriority":3,"startEndFade":[18,18],"textureLength":6,"zBias":0.00100000005}
{"class":"DecalRoad","persistentId":"4598baeb-0f18-42f1-80e3-bdca5bfd946e","__parent":"under_train_area","position":[379.223633,1644.71399,74.8744202],"decalBias":0.0500000007,"distanceFade":[150,100],"improvedSpline":true,"material":"road_rubber_double","nodes":[[379.223633,1644.71399,74.8744202,4],[396.04425,1644.9353,74.8735962,4],[401.967285,1643.85388,74.651474,4],[404.870392,1639.84143,74.6854401,4],[405.8974,1632.2998,74.6966019,4]],"overObjects":true,"renderPriority":3,"startEndFade":[18,18],"textureLength":6,"zBias":0.00100000005}
{"class":"DecalRoad","persistentId":"fad407b9-c966-441a-be14-aa4334a617a9","__parent":"under_train_area","position":[332.308167,1702.44226,75.517128],"breakAngle":1,"decalBias":0.0500000007,"detail":0.5,"distanceFade":[150,100],"improvedSpline":true,"material":"road_gravel_02","nodes":[[332.308167,1702.44226,75.517128,5],[333.006927,1708.46802,75.6319504,5],[337.556427,1712.59143,75.5200348,5],[341.808472,1712.14075,75.2769699,5],[345.35025,1709.40833,75.0617981,5],[347.754944,1703.3689,75.2493973,5],[346.443237,1698.05798,75.1848679,5],[343.031952,1695.34949,75.6281281,5],[338.037476,1694.63928,75.727684,5],[334.830017,1696.41858,75.3840637,5],[333.012604,1699.35901,75.5431747,5],[332.400421,1704.39905,75.2741623,5],[333.612305,1716.96985,75.3481445,5],[335.641235,1730.36072,75.4282532,5],[335.71994,1741.98889,75.4494934,6],[332.75296,1752.3645,75.3160095,7],[331.394928,1762.73328,74.8750839,5],[331.444275,1770.3175,74.8750839,5]],"overObjects":true,"renderPriority":12,"startEndFade":[10,5],"textureLength":10,"zBias":0.00100000005}
{"class":"DecalRoad","persistentId":"4b33d2eb-12f0-4c0d-9945-4cea1f15606c","__parent":"under_train_area","position":[349.419983,1663.49353,75.7783127],"distanceFade":[200,50],"improvedSpline":true,"material":"road_dirt_tracks","nodes":[[349.419983,1663.49353,75.7783127,6],[343.568695,1666.36694,75.4942093,6],[339.246704,1671.93713,75.3520737,6],[336.326447,1678.02222,75.3485947,6],[334.37384,1689.18701,75.07341,6],[335.025818,1696.54663,75.8581467,6]],"overObjects":true,"renderPriority":2,"startEndFade":[5,5],"textureLength":128}
{"class":"DecalRoad","persistentId":"e0ec1091-5962-4a5a-9e22-f5578aba7f02","__parent":"under_train_area","position":[337.927673,1660.60583,75.6298523],"distanceFade":[200,50],"improvedSpline":true,"material":"road_dirt_tracks","nodes":[[337.927673,1660.60583,75.6298523,6],[338.537201,1671.00854,75.3102646,6],[340.409058,1679.54797,75.2009811,6],[344.0112,1695.21985,75.1329727,6]],"overObjects":true,"renderPriority":1,"startEndFade":[5,5],"textureLength":128}
{"class":"DecalRoad","persistentId":"bcc1c7fa-8363-4696-b4db-dfa3512e546e","__parent":"under_train_area","position":[336.391327,1694.59143,75.3111343],"distanceFade":[200,50],"improvedSpline":true,"material":"road_dirt_tracks","nodes":[[336.391327,1694.59143,75.3111343,6],[341.742188,1697.1748,75.1816864,6],[344.448456,1702.00757,75.3022003,6],[343.59613,1710.31128,75.1495819,6],[341.40799,1716.52722,75.1307526,6],[340.460297,1730.1427,75.4793549,6]],"overObjects":true,"renderPriority":2,"startEndFade":[5,5],"textureLength":128}
{"class":"DecalRoad","persistentId":"000770a0-25ff-4dd5-8307-64741aa0c72b","__parent":"under_train_area","position":[340.140228,1730.19238,75.303627],"distanceFade":[200,50],"improvedSpline":true,"material":"road_dirt_tracks","nodes":[[340.140228,1730.19238,75.303627,6],[341.175781,1749.5791,75.6115494,6]],"overObjects":true,"renderPriority":2,"startEndFade":[5,5],"textureLength":128}
{"class":"DecalRoad","persistentId":"43636cb7-e580-47d8-a3da-f126855be308","__parent":"under_train_area","position":[336.399414,1732.29028,75.2369232],"distanceFade":[200,50],"improvedSpline":true,"material":"road_dirt_tracks","nodes":[[336.399414,1732.29028,75.2369232,6],[335.236725,1748.09888,75.6423035,6]],"overObjects":true,"renderPriority":2,"startEndFade":[5,5],"textureLength":128}
{"class":"DecalRoad","persistentId":"946c0636-4c15-4336-844c-f88f8ea024ee","__parent":"under_train_area","position":[334.848175,1718.76196,75.5387878],"distanceFade":[200,50],"improvedSpline":true,"material":"road_dirt_tracks","nodes":[[334.848175,1718.76196,75.5387878,6],[335.920227,1723.98035,75.7733917,6],[339.075073,1733.44666,75.330368,6],[341.792664,1747.94031,75.5165024,6]],"overObjects":true,"renderPriority":2,"startEndFade":[5,5],"textureLength":128}
{"class":"DecalRoad","persistentId":"028f5bde-3bd5-4e90-a48c-2b94204242ff","__parent":"under_train_area","position":[329.789368,1767.50122,74.8750839],"distanceFade":[200,50],"improvedSpline":true,"material":"road_dirt_tracks","nodes":[[329.789368,1767.50122,74.8750839,6],[333.218872,1753.71472,75.5166779,6]],"overObjects":true,"renderPriority":2,"startEndFade":[5,5],"textureLength":128}
{"class":"DecalRoad","persistentId":"297ea33c-34ee-4ecb-ad3a-946294c0fb43","__parent":"under_train_area","position":[335.200592,1638.35791,74.8750763],"decalBias":0.0500000007,"detail":0.400000006,"improvedSpline":true,"material":"bank_erosion","nodes":[[335.200592,1638.35791,74.8750763,3],[332.894653,1639.95532,74.8750763,3],[330.977722,1642.20312,74.8750839,3],[330.750916,1645.44067,74.8750839,3]],"overObjects":true,"startEndFade":[1,1],"textureLength":20,"zBias":0.00100000005}
{"class":"DecalRoad","persistentId":"61ea8222-a73d-4822-a044-d3786a0f6144","__parent":"under_train_area","position":[333.309937,1647.18933,74.875061],"decalBias":0.0500000007,"detail":0.400000006,"improvedSpline":true,"material":"bank_erosion","nodes":[[333.309937,1647.18933,74.875061,3],[334.092224,1650.04126,74.875061,3],[333.741394,1653.16846,74.875061,3],[331.537659,1656.86194,74.8863373,3]],"overObjects":true,"startEndFade":[1,1],"textureLength":20,"zBias":0.00100000005}
{"class":"DecalRoad","persistentId":"7012f6be-6591-470b-8cff-6b0a38014602","__parent":"under_train_area","position":[331.094208,1659.10144,74.8750763],"decalBias":0.0500000007,"detail":0.400000006,"improvedSpline":true,"material":"bank_erosion","nodes":[[331.094208,1659.10144,74.8750763,3],[332.772827,1667.82227,74.8868484,3],[332.595673,1673.33679,74.994812,5],[329.287476,1677.13818,74.8750763,3],[330.018402,1681.35876,74.8750839,5],[329.963379,1686.50134,75.0208435,3]],"overObjects":true,"startEndFade":[1,1],"textureLength":30,"zBias":0.00100000005}
{"class":"DecalRoad","persistentId":"1e6f3724-7c6b-494a-86d4-77b75d362514","__parent":"under_train_area","position":[328.76239,1692.74609,74.9563828],"decalBias":0.0500000007,"detail":0.400000006,"improvedSpline":true,"material":"bank_erosion","nodes":[[328.76239,1692.74609,74.9563828,3.66666675],[329.322632,1700.68433,75.0621338,3.66666675],[328.469849,1707.87488,75.0162354,3.66666675],[327.970398,1715.04993,75.4260559,3.66666675],[328.522095,1721.97278,74.8750763,3.66666675]],"overObjects":true,"startEndFade":[1,1],"textureLength":30,"zBias":0.00100000005}
{"class":"DecalRoad","persistentId":"54ee58e2-86a8-45d0-a1d8-27668343dbf7","__parent":"under_train_area","position":[326.996948,1756.69055,74.9402313],"decalBias":0.0500000007,"detail":0.400000006,"improvedSpline":true,"material":"bank_erosion","nodes":[[326.996948,1756.69055,74.9402313,3.66666675],[328.11087,1751.36609,75.1347198,3.66666675],[327.686676,1745.91394,75.0505981,3.66666675],[331.224213,1736.65906,75.0100861,3.66666675],[329.756042,1725.13196,74.976387,3.66666675],[329.587555,1718.18701,75.0554352,3.66666675]],"overObjects":true,"startEndFade":[1,1],"textureLength":25,"zBias":0.00100000005}
{"class":"DecalRoad","persistentId":"43b7ebde-0b77-4b0b-8f95-243ade8c46bb","__parent":"under_train_area","position":[326.448364,1764.70923,74.8976593],"decalBias":0.0500000007,"detail":0.400000006,"improvedSpline":true,"material":"bank_erosion","nodes":[[326.448364,1764.70923,74.8976593,3.66666675],[332.726624,1765.10925,74.9126511,3.66666675],[337.288239,1765.60168,74.9184341,3.66666675],[343.181641,1765.6709,74.880867,3.66666675],[346.445221,1762.26428,74.8750839,3.66666675],[347.62027,1759.01318,74.8758011,3.66666675]],"overObjects":true,"startEndFade":[1,1],"textureLength":30,"zBias":0.00100000005}
{"class":"DecalRoad","persistentId":"6bc68102-70ba-4683-8bee-ae9874795881","__parent":"under_train_area","position":[328.424347,1755.05249,74.9010086],"decalBias":0.0500000007,"detail":0.400000006,"improvedSpline":true,"material":"bank_erosion","nodes":[[328.424347,1755.05249,74.9010086,3.66666675],[327.032043,1759.90161,74.8777313,3.66666675],[328.312225,1765.47314,74.8750839,3.66666675]],"overObjects":true,"startEndFade":[1,1],"textureLength":30,"zBias":0.00100000005}
{"class":"DecalRoad","persistentId":"d92af61e-b447-4b57-b5df-eb6ba74317c0","__parent":"under_train_area","position":[338.156372,1657.2876,75.2206497],"breakAngle":1,"decalBias":0.0500000007,"detail":0.5,"distanceFade":[150,100],"improvedSpline":true,"material":"road_gravel_02","nodes":[[338.156372,1657.2876,75.2206497,5],[337.449402,1668.4967,75.2459183,5],[339.117004,1675.76221,75.4105377,5],[343.668823,1696.53613,75.2618332,5],[345.641754,1704.80237,75.1662216,5],[344.721771,1712.08911,75.0891876,5],[341.557526,1719.05139,75.2118683,5],[340.075287,1729.24292,75.5558548,5],[341.166901,1746.11218,75.3683624,5],[341.694733,1762.28125,74.875618,5],[341.364594,1767.87354,74.8750839,5]],"overObjects":true,"renderPriority":9,"startEndFade":[10,1],"textureLength":10,"zBias":0.00100000005}
{"class":"DecalRoad","persistentId":"65ac5d8a-ab47-4395-a3df-cc2a1196fd1d","__parent":"under_train_area","position":[358.778076,1652.24841,74.8750458],"breakAngle":1,"decalBias":0.0500000007,"detail":0.5,"distanceFade":[150,100],"improvedSpline":true,"material":"road_gravel_02","nodes":[[358.778076,1652.24841,74.8750458,5],[353.976288,1651.79785,75.0455704,5],[348.602112,1651.83252,75.1949692,5],[343.005798,1653.23877,75.0483246,5],[339.3591,1657.03064,75.1719208,5],[337.00293,1664.50146,75.4531555,5]],"overObjects":true,"renderPriority":8,"startEndFade":[2,30],"textureLength":10,"zBias":0.00100000005}
{"class":"DecalRoad","persistentId":"69309e87-c4fd-4a4e-9585-2f78e2c1b718","__parent":"under_train_area","position":[359.462189,1664.23669,74.8750229],"breakAngle":1,"decalBias":0.0500000007,"detail":0.5,"distanceFade":[150,100],"improvedSpline":true,"material":"road_gravel_02","nodes":[[359.462189,1664.23669,74.8750229,5],[356.050873,1664.81909,74.9176178,5],[347.953278,1665.77173,75.6950836,5],[342.688019,1670.3717,75.3302917,5],[340.115417,1675.04333,75.3997574,5],[336.212738,1684.91699,74.9194717,5],[334.546692,1705.83398,75.5431747,5]],"overObjects":true,"renderPriority":8,"startEndFade":[5,15],"textureLength":10,"zBias":0.00100000005}
{"class":"DecalRoad","persistentId":"0185ed5f-c88b-4b0a-8f16-8c0769695f33","__parent":"under_train_area","position":[398.820557,1651.63428,74.8741226],"detail":0.200000003,"distanceFade":[200,50],"material":"crossing_white","nodes":[[398.820557,1651.63428,74.8741226,1.20000005],[391.821686,1651.41333,74.8743744,1.20000005]],"overObjects":true,"renderPriority":5,"textureLength":2.5}
{"class":"DecalRoad","persistentId":"2a01fa27-2dc2-43b2-9835-d4cc83cd5a4e","__parent":"under_train_area","position":[363.834351,1642.62476,74.8845139],"breakAngle":1,"decalBias":0.0500000007,"detail":0.5,"distanceFade":[150,100],"improvedSpline":true,"material":"road_gravel_variation_02","nodes":[[363.834351,1642.62476,74.8845139,9],[357.385162,1641.62842,75.0517731,9],[349.525726,1641.65942,75.0434647,9],[345.145569,1642.26868,75.0246353,9],[341.931,1644.62964,75.1015701,9],[339.396362,1650.1261,75.1681137,9],[338.156372,1657.2876,75.2206497,9],[337.493988,1666.56409,75.2459183,9],[339.117004,1675.76221,75.4105377,9],[343.668823,1696.53613,75.2618332,9],[346.032196,1704.24292,75.1662216,9],[343.661255,1711.81128,75.0891876,9],[341.557526,1719.05139,75.2118683,9],[340.075287,1729.24292,75.5558548,9],[341.166901,1746.11218,75.3683624,9],[343.856049,1763.01343,74.875618,9]],"overObjects":true,"startEndFade":[2,2],"textureLength":100,"zBias":0.00100000005}
{"class":"DecalRoad","persistentId":"7e870511-f568-4094-a7bf-5fabb2e45581","__parent":"under_train_area","position":[351.438385,1640.70825,74.8750763],"distanceFade":[200,50],"improvedSpline":true,"material":"road_dirt_tracks","nodes":[[351.438385,1640.70825,74.8750763,6],[341.761597,1643.15039,75.0574112,6],[337.862366,1656.96436,74.967926,6]],"overObjects":true,"renderPriority":2,"startEndFade":[5,5],"textureLength":128}
{"class":"DecalRoad","persistentId":"2f281b16-531f-47a4-8f89-cec36374f4e8","__parent":"under_train_area","position":[397.239685,1652.44043,74.8329086],"breakAngle":1,"detail":1,"distanceFade":[200,50],"improvedSpline":true,"material":"line_white","nodes":[[397.239685,1652.44043,74.8329086,0.200000003],[391.410583,1652.22107,74.8445969,0.200000003]],"overObjects":true,"renderPriority":9,"textureLength":6}
{"class":"DecalRoad","persistentId":"f174efbb-070b-4da8-a499-2adbeb1d1678","__parent":"under_train_area","position":[360.181915,1642.09106,74.8845139],"breakAngle":1,"decalBias":0.0500000007,"detail":0.5,"distanceFade":[150,100],"improvedSpline":true,"material":"road_gravel_02","nodes":[[360.181915,1642.09106,74.8845139,5],[357.385162,1641.62842,75.0517731,5],[349.525726,1641.65942,75.0434647,5],[345.145569,1642.26868,75.0246353,5],[341.931,1644.62964,75.1015701,5],[339.396362,1650.1261,75.1681137,5],[337.524628,1661.79724,75.2746887,5]],"overObjects":true,"renderPriority":9,"startEndFade":[2,30],"textureLength":10,"zBias":0.00100000005}
{"class":"DecalRoad","persistentId":"b66d3815-9e1f-41be-bc91-8b896fa49481","__parent":"under_train_area","position":[414.577271,1630.54419,74.6887207],"decalBias":0.0500000007,"distanceFade":[150,100],"improvedSpline":true,"material":"road_rubber_double","nodes":[[414.577271,1630.54419,74.6887207,4],[414.602173,1637.09131,74.6826706,4],[410.065918,1644.25,74.7091141,4],[404.311462,1647.95959,74.6725006,4],[397.260925,1648.5199,74.8738251,4],[387.679077,1646.3811,74.8741608,4],[375.764771,1646.52783,74.8746948,4]],"overObjects":true,"renderPriority":3,"startEndFade":[18,18],"textureLength":6,"zBias":0.00100000005}
{"class":"TSStatic","persistentId":"854e3bc4-9b63-4c90-96e9-ec1499854cb9","__parent":"under_train_area","position":[349.73819,1695.11169,74.9048615],"decalType":"None","isRenderEnabled":false,"rotationMatrix":[0.99999994,0.000137941766,0.000384198443,-0.000137490773,0.999999285,-0.00117360614,-0.000384360086,0.00117355329,0.999999225],"shapeName":"/art/shapes/garage_and_dealership/Clutter/big_pile.DAE","useInstanceRenderData":true}
{"class":"TSStatic","persistentId":"c833b4e9-c623-45ab-ba4b-03e72f4c41f7","__parent":"under_train_area","position":[348.680176,1693.18567,74.9907761],"decalType":"None","isRenderEnabled":false,"rotationMatrix":[-0.767606974,0.635805666,-0.0808156133,-0.637578666,-0.770370007,-0.00489803962,-0.0653721094,0.0477665365,0.996717036],"shapeName":"/art/shapes/garage_and_dealership/Clutter/ind_metal_scraps_a.DAE","useInstanceRenderData":true}
{"class":"TSStatic","persistentId":"ffccf081-3f95-433d-910e-52183ff148f3","__parent":"under_train_area","position":[349.465179,1678.06873,75.0836182],"decalType":"None","isRenderEnabled":false,"rotationMatrix":[0.61501348,-0.787249863,0.044677496,0.788510978,0.614235401,-0.0310701411,-0.00298253074,0.0543372482,0.998518169],"shapeName":"/art/shapes/garage_and_dealership/Clutter/ind_metal_scraps_b.DAE","useInstanceRenderData":true}
{"class":"TSStatic","persistentId":"03ef8230-15eb-4eb9-9ae5-622e45381e49","__parent":"under_train_area","position":[330.161713,1682.45435,74.9240494],"decalType":"None","isRenderEnabled":false,"rotationMatrix":[0.086992085,-0.995013475,0.0487891063,0.99343431,0.0902983546,0.070244275,-0.0742995739,0.0423580855,0.996335983],"shapeName":"/art/shapes/garage_and_dealership/Clutter/ind_metal_scraps_c.DAE","useInstanceRenderData":true}
{"class":"TSStatic","persistentId":"78792624-f2f7-487f-8574-a55a7111cfd2","__parent":"under_train_area","position":[345.951965,1734.19397,75.0297623],"decalType":"None","isRenderEnabled":false,"rotationMatrix":[0.611463428,0.790764332,-0.0283595864,-0.789974809,0.612120271,0.0353377387,0.0453033,0.000795619562,0.998972952],"shapeName":"/art/shapes/garage_and_dealership/Clutter/ind_metal_scraps_b.DAE","useInstanceRenderData":true}
{"class":"TSStatic","persistentId":"1761549f-1ee8-4e93-9981-7b77b0eb2920","__parent":"under_train_area","position":[345.194214,1728.20081,75.1732101],"decalType":"None","isRenderEnabled":false,"rotationMatrix":[-0.301229239,0.953329802,0.0205695704,-0.952638865,-0.301814437,0.0372422114,0.0417123064,-0.00837692712,0.999094546],"shapeName":"/art/shapes/garage_and_dealership/Clutter/ind_metal_scraps_a.DAE","useInstanceRenderData":true}
{"class":"TSStatic","persistentId":"2b1fe305-bf76-47cd-8c80-1e76c228cf32","__parent":"under_train_area","position":[345.268372,1736.87231,75.0355835],"decalType":"None","isRenderEnabled":false,"rotationMatrix":[-0.257188082,-0.966298938,-0.0109778829,0.966295242,-0.257286787,0.00877120346,-0.0113000702,-0.00835202634,0.999901295],"shapeName":"/art/shapes/garage_and_dealership/Clutter/ind_metal_scraps_a.DAE","useInstanceRenderData":true}
{"class":"TSStatic","persistentId":"4564e5ce-3b7d-4840-99c3-3166f4272f2d","__parent":"under_train_area","position":[337.344757,1755.38647,75.3606186],"decalType":"None","isRenderEnabled":false,"rotationMatrix":[0.999897361,-0.000491705257,-0.0143208113,-0.000505913398,0.997576594,-0.0695753247,0.0143203158,0.069575429,0.997473896],"shapeName":"/art/shapes/garage_and_dealership/Clutter/medium_pile.DAE","useInstanceRenderData":true}
{"class":"TSStatic","persistentId":"c8f573ff-b776-433e-81ca-7efc13912674","__parent":"under_train_area","position":[337.418732,1753.34021,75.3306961],"decalType":"None","isRenderEnabled":false,"rotationMatrix":[0.99999994,0.000357409415,-0.000209876045,-0.000360581966,0.999882638,-0.0153159667,0.000204377342,0.0153160412,0.999882698],"shapeName":"/art/shapes/garage_and_dealership/Clutter/metal_pile.DAE","useInstanceRenderData":true}
{"class":"TSStatic","persistentId":"852c30f4-9102-48a5-a262-981327939ab7","__parent":"under_train_area","position":[336.914337,1756.45483,75.3251419],"decalType":"None","isRenderEnabled":false,"rotationMatrix":[0.997453213,-0.00303238467,-0.071259506,-0.00306678494,0.996348381,-0.0853259563,0.0712580308,0.0853271931,0.993801594],"shapeName":"/art/shapes/garage_and_dealership/Clutter/metal_drum_old_a.DAE","useInstanceRenderData":true}
{"class":"TSStatic","persistentId":"a6b6f25e-3e19-4f64-900d-b07165726b2e","__parent":"under_train_area","position":[345.530548,1718.84253,75.0812531],"decalType":"None","isRenderEnabled":false,"rotationMatrix":[0.999710619,-0.000159544928,0.0240560174,-0.000159544928,0.999912024,0.0132619468,-0.0240560174,-0.0132619468,0.999622643],"shapeName":"/art/shapes/garage_and_dealership/Clutter/small_pile_a.DAE","useInstanceRenderData":true}
{"class":"TSStatic","persistentId":"d45272a1-7896-449a-a579-af4411f10cc0","__parent":"under_train_area","position":[344.896637,1719.8844,75.0824966],"decalType":"None","isRenderEnabled":false,"rotationMatrix":[0.999994397,-3.94320887e-05,0.00335402321,-3.94320887e-05,0.999723613,0.0235099904,-0.00335402321,-0.0235099904,0.999717951],"shapeName":"/art/shapes/garage_and_dealership/Clutter/small_pile_d.DAE","useInstanceRenderData":true}
{"class":"TSStatic","persistentId":"78de3d5e-5a6a-49c2-bf9c-f6bb0eb6ba3c","__parent":"under_train_area","position":[346.082764,1719.85315,75.1099854],"decalType":"None","isRenderEnabled":false,"rotationMatrix":[0.999465525,-0.000295788166,0.0326898806,-0.000295788166,0.999836326,0.0180903021,-0.0326898806,-0.0180903021,0.999301791],"shapeName":"/art/shapes/garage_and_dealership/Clutter/small_pile_c.DAE","useInstanceRenderData":true}
{"class":"TSStatic","persistentId":"cd7449e0-3806-4920-b8b9-71c94c8978b5","__parent":"under_train_area","position":[345.744904,1721.40491,75.1239243],"decalType":"None","isRenderEnabled":false,"rotationMatrix":[0.99938792,-0.00026144486,0.0349812843,-0.00026144486,0.999888301,0.0149422893,-0.0349812843,-0.0149422893,0.99927628],"shapeName":"/art/shapes/garage_and_dealership/Clutter/metal_pile.DAE","useInstanceRenderData":true}
{"class":"TSStatic","persistentId":"a2a40923-ee07-4e4b-958f-a7a958fe89d6","__parent":"under_train_area","position":[344.841614,1724.0835,75.1029587],"decalType":"None","isRenderEnabled":false,"rotationMatrix":[0.997718334,-0.000158625728,0.0675137043,-0.000158625728,0.999988973,0.00469368091,-0.0675137043,-0.00469368091,0.997707307],"shapeName":"/art/shapes/garage_and_dealership/Clutter/medium_pile.DAE","useInstanceRenderData":true}
{"class":"TSStatic","persistentId":"35afe35b-e2d0-4cd2-bd62-b58f3dea796d","__parent":"under_train_area","position":[337.499115,1639.23718,74.9746475],"decalType":"None","isRenderEnabled":false,"rotationMatrix":[0.999998391,3.50340524e-05,-0.00179659075,3.50340524e-05,0.999239743,0.0389857367,0.00179659075,-0.0389857367,0.999238133],"shapeName":"/art/shapes/garage_and_dealership/Clutter/big_pile.DAE","useInstanceRenderData":true}
