{"name":"mine_east_01","class":"SFXSpace","persistentId":"87c9747b-0451-4839-886c-c27256630619","__parent":"mine_east","position":[-129.260651,339.927795,241.928497],"rotationMatrix":[-0.505443752,-0.86224854,-0.0325629599,0.846335828,-0.488054752,-0.213336855,0.168056667,-0.13538745,0.976431668],"scale":[13.8457174,40.2768478,14.0655851],"soundAmbience":"Level_Tunnel_Open_Dynamic"}
{"name":"mine_east_02","class":"SFXSpace","persistentId":"b0894694-e480-4081-9106-5ad081613227","__parent":"mine_east","position":[-178.992126,364.899261,254.620911],"rotationMatrix":[-0.450162143,-0.892355859,-0.0325631648,0.875381112,-0.433809072,-0.213336721,0.176246002,-0.124539696,0.976431608],"scale":[12.484478,77.9443359,14.0655851],"soundAmbience":"Level_Tunnel_Open_Dynamic"}
{"name":"mine_east_03","class":"SFXSpace","persistentId":"6e38cc7a-c4d7-43bd-90bc-b23974a21780","__parent":"mine_east","position":[-234.76268,394.096619,272.643616],"rotationMatrix":[-0.50824821,-0.860267341,0.0403904282,0.825587392,-0.500030458,-0.261480212,0.245140031,-0.0995490178,0.96435833],"scale":[24.4222298,77.9443359,14.0655851],"soundAmbience":"Level_Tunnel_Open_Dynamic"}
{"name":"mine_east_04","class":"SFXSpace","persistentId":"958c14fc-2359-478a-b698-e01bafff20c1","__parent":"mine_east","position":[-289.894196,404.680786,281.81311],"rotationMatrix":[0.41975975,-0.903562069,-0.085863784,0.900119841,0.426572472,-0.0884832069,0.116577394,-0.0401447453,0.992364049],"scale":[21.4828415,77.9443359,14.0655851],"soundAmbience":"Level_Tunnel_Open_Dynamic"}
{"name":"mine_east_05","class":"SFXSpace","persistentId":"354fd2da-8171-40fe-8344-55704ff495a3","__parent":"mine_east","position":[-320.710083,381.011749,281.639954],"rotationMatrix":[0.606605172,-0.78632617,-0.117125422,0.770698965,0.617797136,-0.156067058,0.195080429,0.00440447545,0.98077035],"scale":[24.9673004,25.5475712,14.0655851],"soundAmbience":"Level_Tunnel_Open_Dynamic"}
{"name":"mine_east_hole","class":"SFXEmitter","persistentId":"197d92c6-bc13-4b5c-b4df-7427a11bb27d","__parent":"mine_east","position":[-256.229309,415.667053,287.683655],"fadeInTime":0,"fadeOutTime":0,"isLooping":false,"maxDistance":12,"rotationMatrix":[1,0,0,0,0.999999762,-0.000690533896,0,0.000690533896,0.999999762],"scale":[12,12,12],"track":"event:>Snapshot Events>Snapshot_UT_Tunnel_D_Position","useTrackDescriptionOnly":true}
{"name":"mine_east_in","class":"SFXEmitter","persistentId":"9ccda97b-b3db-4e83-9c88-ab38426f4e5b","__parent":"mine_east","position":[-111.831268,329.764343,239.591446],"fadeInTime":0,"fadeOutTime":0,"isLooping":false,"maxDistance":8,"rotationMatrix":[1,0,0,0,0.999999762,-0.000690533896,0,0.000690533896,0.999999762],"scale":[8,8,8],"track":"event:>Snapshot Events>Snapshot_UT_Tunnel_E_Position","useTrackDescriptionOnly":true}
{"name":"mine_east_out","class":"SFXEmitter","persistentId":"38eee7c4-458d-405a-afb3-c32d674ee064","__parent":"mine_east","position":[-328.119995,370.434967,284.128571],"fadeInTime":0,"fadeOutTime":0,"isLooping":false,"maxDistance":11,"rotationMatrix":[1,0,0,0,0.999999762,-0.000690533896,0,0.000690533896,0.999999762],"scale":[11,11,11],"track":"event:>Snapshot Events>Snapshot_UT_Tunnel_F_Position","useTrackDescriptionOnly":true}
