{"class":"Zone","persistentId":"7cf3d3dd-8bc4-465b-89e4-1ae38a3808c1","__parent":"center","position":[21.0161324,-532.907837,122.779816],"ambientLightColor":[0.400000006,0.400000006,0.400000006,1],"rotationMatrix":[0.648349822,0.761342347,-0.000525734155,-0.761342585,0.648349643,-0.000447710714,-1.60071068e-09,0.000690536923,0.999999762],"scale":[83.5244293,34.1176071,25.5042648],"useAmbientLightColor":true}
{"class":"Zone","persistentId":"849696c8-f183-49b6-848b-a8b77a4d01a8","__parent":"center","position":[366.208984,-161.754868,122.523483],"ambientLightColor":[0.400000006,0.400000006,0.400000006,1],"rotationMatrix":[0.648349822,0.761342347,-0.000525733922,-0.761342585,0.648349643,-0.000447710539,-1.62981451e-09,0.00069053669,0.999999762],"scale":[216.272476,64.9738998,25.5042648],"useAmbientLightColor":true}
{"class":"Zone","persistentId":"a446917c-9e68-4d78-af94-5d8bb720b854","__parent":"center","position":[171.965042,-378.483978,120.44754],"ambientLightColor":[0.400000006,0.400000006,0.400000006,1],"rotationMatrix":[0.648349822,0.761342347,-0.000525734155,-0.761342585,0.648349643,-0.000447710714,-1.60071068e-09,0.000690536923,0.999999762],"scale":[310.637115,64.9738998,25.5042648],"useAmbientLightColor":true}
{"class":"Portal","persistentId":"0831f234-d7b2-49e4-9569-881d9c55e4cf","__parent":"center","position":[66.5444107,-492.722656,129.760544],"rotationMatrix":[0.765434623,-0.643513501,0.000444367877,0.64351362,0.765434444,-0.000528557051,-8.44011083e-10,0.000690532674,0.999999762],"scale":[14.8447208,0.327681124,11.0691729]}
{"class":"Portal","persistentId":"1b79e05c-7588-4202-8cb1-2ab8273bbe07","__parent":"center","position":[54.7382812,-506.765564,129.770233],"rotationMatrix":[-0.765434623,0.643513441,-0.000444367644,-0.64351356,-0.765434384,0.000528556993,-8.00355338e-10,0.000690532499,0.999999762],"scale":[14.8447208,0.327681124,11.0691729]}
{"class":"Portal","persistentId":"23618a64-60eb-4d9d-b17e-fba909d806ad","__parent":"center","position":[282.516571,-268.641693,129.605804],"rotationMatrix":[0.765434623,-0.643513501,0.000444367877,0.64351362,0.765434444,-0.000528557051,-8.44011083e-10,0.000690532674,0.999999762],"scale":[14.8447208,0.327681124,11.0691729]}
{"class":"Portal","persistentId":"4bd229ea-3d79-42f2-a2f8-2d9326f6ed0b","__parent":"center","position":[240.184006,-321.705353,133.101776],"rotationMatrix":[0.765433908,-0.643514395,0.000445276499,-8.64267349e-07,-0.000693082809,-0.999999881,0.643514633,0.765433788,-0.000531077385],"scale":[10.6938286,0.327681124,8.56123829]}
{"class":"Portal","persistentId":"6196a8f1-f91b-46da-8558-11ff5c89333f","__parent":"center","position":[-11.192934,-554.754333,135.555893],"rotationMatrix":[0.765433908,-0.643514395,0.000445276499,-8.64267349e-07,-0.000693082809,-0.999999881,0.643514633,0.765433788,-0.000531077385],"scale":[10.6938286,0.327681124,8.56123829]}
{"class":"Portal","persistentId":"63efbd3c-8498-4400-87cb-6d754deb6cc2","__parent":"center","position":[-13.9448566,-558.028442,134.455688],"rotationMatrix":[0.765434623,-0.643513501,0.000444367877,0.64351362,0.765434444,-0.000528557051,-8.44011083e-10,0.000690532674,0.999999762],"scale":[10.6938286,0.327681124,2.35253191]}
{"class":"Portal","persistentId":"9195025b-0c34-45e6-9aaa-abc95829ea62","__parent":"center","position":[300.213165,-247.592316,129.591278],"rotationMatrix":[0.765434623,-0.643513501,0.000444367877,0.64351362,0.765434444,-0.000528557051,-8.44011083e-10,0.000690532674,0.999999762],"scale":[14.8447208,0.327681124,11.0691729]}
{"class":"Portal","persistentId":"9c3324b2-1441-4051-9650-19bd3d78c1ae","__parent":"center","position":[428.071075,-139.244675,129.516434],"rotationMatrix":[0.646849215,0.762617648,-0.000526612392,-0.762617886,0.646849036,-0.000446672086,-1.30967237e-09,0.000690533547,0.999999762],"scale":[23.6717739,0.327681124,11.0691729]}
{"class":"TSStatic","persistentId":"000d3a94-b427-4204-8545-b6ae5ab99099","__parent":"center","position":[283.986938,-259.436462,135.087433],"annotation":"ROCK","isRenderEnabled":false,"rotationMatrix":[-0.219113111,0.975064576,0.0351859219,-0.97108072,-0.221438855,0.0892593414,0.094825007,-0.0146104833,0.995386481],"shapeName":"/levels/Utah/art/shapes/rocks/utah_rock_flat_c.dae"}
{"class":"TSStatic","persistentId":"00ebc2ec-5c53-421d-9977-d05924ea5211","__parent":"center","position":[56.1455231,-499.516663,128.662949],"annotation":"ROCK","isRenderEnabled":false,"shapeName":"/levels/Utah/art/shapes/rocks/utah_boulder_1.dae"}
{"class":"TSStatic","persistentId":"00edc634-4fb1-4fb5-85e0-bb35ab7229f2","__parent":"center","position":[361.526123,-183.26622,130.296692],"annotation":"STREET","isRenderEnabled":false,"rotationMatrix":[-0.646465778,0.731613219,0.21638754,-0.749622226,-0.661862969,-0.00174362585,0.141943395,-0.163336188,0.976305962],"shapeName":"/levels/Utah/art/shapes/buildings/utah_mines_rough_edge.dae"}
{"class":"TSStatic","persistentId":"01ba35e4-0ce1-4ea0-8042-6537337f5ff8","__parent":"center","position":[294.969727,-259.445984,131.790131],"annotation":"STREET","isRenderEnabled":false,"rotationMatrix":[0.749966204,-0.605281651,0.266800821,0.637392104,0.769118547,-0.0468062982,-0.17686744,0.205156878,0.962617099],"shapeName":"/levels/Utah/art/shapes/buildings/utah_mines_rough_edge.dae"}
{"class":"TSStatic","persistentId":"01c17239-5daa-45a8-9ff2-eb011a337295","__parent":"center","position":[129.880676,-441.347198,132.288589],"annotation":"ROCK","isRenderEnabled":false,"rotationMatrix":[-0.721108735,-0.692821741,-0.000450988446,3.69963309e-05,-0.000689451117,0.999999762,-0.69282186,0.721108556,0.00052280107],"shapeName":"/levels/Utah/art/shapes/rocks/utah_rock_big_2_b.dae"}
{"class":"TSStatic","persistentId":"01fb0a91-2b41-4918-9e27-e48a399276bb","__parent":"center","position":[237.442627,-326.104675,123.594086],"annotation":"ROCK","isRenderEnabled":false,"rotationMatrix":[0.635603309,0.77201581,0,-0.77201581,0.635603309,0,0,0,1],"shapeName":"/levels/Utah/art/shapes/rocks/utah_boulder_1.dae"}
{"class":"TSStatic","persistentId":"020bcf73-6e77-483c-a061-76bbcc6a8fa5","__parent":"center","position":[282.369812,-267.100555,135.71991],"annotation":"ROCK","isRenderEnabled":false,"rotationMatrix":[-0.323845893,0.946012259,-0.0135535104,-0.946099699,-0.323876232,0,-0.00438966043,0.0128229689,0.999907792],"scale":[0.68449831,0.68449831,0.68449831],"shapeName":"/levels/Utah/art/shapes/rocks/utah_rock_big_2_b_top.dae"}
{"class":"TSStatic","persistentId":"022c7eef-0c14-4111-acf1-874e41ebb194","__parent":"center","position":[118.775604,-450.141785,123.471725],"annotation":"STREET","isRenderEnabled":false,"rotationMatrix":[0.686605692,0.547666609,0.478156894,-0.699750185,0.676278234,0.230209306,-0.197288826,-0.492652476,0.847567618],"scale":[1.59501052,1.59501052,1.59501052],"shapeName":"/levels/Utah/art/shapes/buildings/utah_mines_rough_edge.dae"}
{"class":"TSStatic","persistentId":"0240831b-af12-4fab-8e9b-ce8f7853ae22","__parent":"center","position":[295.171234,-250.890793,131.451996],"annotation":"STREET","isRenderEnabled":false,"rotationMatrix":[-0.745413899,0.630851746,0.215358958,-0.637391984,-0.769118369,0.0468062907,0.195165455,-0.102378339,0.975414991],"shapeName":"/levels/Utah/art/shapes/buildings/utah_mines_rough_edge.dae"}
{"class":"TSStatic","persistentId":"030d88df-c962-4e3c-bd53-cdbf763fb782","__parent":"center","position":[233.771103,-332.909485,128.453781],"annotation":"STREET","isRenderEnabled":false,"rotationMatrix":[0.749922812,-0.621769667,0.225863308,0.627958179,0.77647227,0.0525452048,-0.20804441,0.102424175,0.972741663],"shapeName":"/levels/Utah/art/shapes/buildings/utah_mines_rough_edge.dae"}
{"class":"TSStatic","persistentId":"040f0ece-1036-4091-8b0e-f99d77aae07a","__parent":"center","position":[87.9223404,-469.137024,127.010925],"annotation":"STREET","isRenderEnabled":false,"rotationMatrix":[0.645308793,-0.686069548,-0.335968047,0.721437693,0.691936314,-0.0272827093,0.251185149,-0.224771887,0.941472352],"shapeName":"/levels/Utah/art/shapes/buildings/utah_mines_rough_edge.dae"}
{"class":"TSStatic","persistentId":"058a7b65-ad81-40d9-b973-f28044a7c7d0","__parent":"center","position":[46.5972519,-509.092743,129.510727],"annotation":"STREET","isRenderEnabled":false,"rotationMatrix":[-0.593717277,0.721861601,0.355534285,-0.754710078,-0.652813673,0.0651302561,0.279111832,-0.229654387,0.932385743],"shapeName":"/levels/Utah/art/shapes/buildings/utah_mines_rough_edge.dae"}
{"class":"TSStatic","persistentId":"05cd6004-9743-4629-9eea-fbc18e611d0a","__parent":"center","position":[237.19754,-315.623108,121.754852],"annotation":"ROCK","isRenderEnabled":false,"rotationMatrix":[0.75441879,-0.656392336,0,0.656392336,0.75441879,0,0,0,1],"scale":[0.777530789,0.777530789,0.777530789],"shapeName":"/levels/Utah/art/shapes/rocks/utah_rock_big_2_d.dae"}
{"class":"TSStatic","persistentId":"06036066-442c-4ef8-983c-1cb617fe7f4d","__parent":"center","position":[209.847107,-307.285828,121.11322],"annotation":"ROCK","isRenderEnabled":false,"rotationMatrix":[0.223110363,0.97479105,0,-0.97479105,0.223110363,0,0,0,1],"shapeName":"/levels/Utah/art/shapes/rocks/utah_rock_big_2_b.dae"}
{"class":"TSStatic","persistentId":"0638033a-439d-4a6f-8316-7a3c97e5f785","__parent":"center","position":[83.348877,-477.669312,126.773087],"annotation":"STREET","isRenderEnabled":false,"rotationMatrix":[0.65874517,-0.630018592,0.411233962,0.690335333,0.723480344,0.00255648047,-0.299133688,0.282208443,0.911518872],"shapeName":"/levels/Utah/art/shapes/buildings/utah_mines_rough_edge.dae"}
{"class":"TSStatic","persistentId":"06441636-7182-45c7-9fd0-448f6e0a5ee4","__parent":"center","position":[67.6879883,-495.230133,133.391693],"annotation":"ROCK","isRenderEnabled":false,"rotationMatrix":[0.158704937,-0.987216055,0.014737457,-0.986926377,-0.159047723,-0.026081657,0.0280921906,-0.0104054976,-0.999551237],"scale":[1.48008215,1.33865166,1.33865166],"shapeName":"/levels/Utah/art/shapes/rocks/utah_rock_flat_b.dae"}
{"class":"TSStatic","persistentId":"064dba2c-6da3-4a29-805b-051bfab8f890","__parent":"center","position":[423.936859,-135.136703,130.299911],"annotation":"STREET","isRenderEnabled":false,"rotationMatrix":[0.259190053,-0.941879213,-0.213738307,0.964110851,0.265498638,-0.000840719906,0.0575390942,-0.205849543,0.976890683],"shapeName":"/levels/Utah/art/shapes/buildings/utah_mines_rough_edge.dae"}
{"class":"TSStatic","persistentId":"0659bd20-9875-4c24-953d-49083ae10c72","__parent":"center","position":[456.845917,-134.01564,129.994797],"annotation":"STREET","isRenderEnabled":false,"rotationMatrix":[0.185344949,-0.943845212,0.273500144,0.982513011,0.172947824,-0.0689851791,0.0178101044,0.281503975,0.959395647],"shapeName":"/levels/Utah/art/shapes/buildings/utah_mines_rough_edge.dae"}
{"class":"TSStatic","persistentId":"0716a064-29fb-4d06-be62-1629b09b400a","__parent":"center","position":[191.349625,-370.178864,125.715347],"annotation":"OBSTACLES","isRenderEnabled":false,"rotationMatrix":[-0.627273798,0.778798103,0.00195068365,-0.776250958,-0.625016391,-0.0824129879,-0.0629638508,-0.0532098189,0.996596396],"scale":[1.11675787,1,1.11675787],"shapeName":"/levels/utah/art/shapes/buildings/utah_mines_walls.dae"}
{"class":"TSStatic","persistentId":"0798a7f6-9006-4e36-bf3c-c00af0e43afe","__parent":"center","position":[67.3635864,-495.494934,135.246429],"annotation":"STREET","isRenderEnabled":false,"rotationMatrix":[-0.925600886,-0.0536172837,-0.374685168,0.0424324647,-0.99837482,0.0380442478,-0.376115888,0.0193148926,0.926371276],"shapeName":"/levels/Utah/art/shapes/buildings/utah_mines_rough_edge.dae"}
{"class":"TSStatic","persistentId":"0854daca-51d9-47a7-9ffb-aab1ef07b03f","__parent":"center","position":[118.833389,-462.818909,124.788269],"annotation":"ROCK","isRenderEnabled":false,"rotationMatrix":[0.766788542,-0.635774851,0.0884683654,0.639624536,0.768372178,-0.0219927579,-0.0539942794,0.073450461,0.995836079],"shapeName":"/levels/Utah/art/shapes/rocks/utah_rock_big_2_b_top.dae"}
{"class":"TSStatic","persistentId":"0a2feef1-65ef-4236-a28f-179035a02808","__parent":"center","position":[283.389618,-268.565308,134.482513],"annotation":"ROCK","isRenderEnabled":false,"rotationMatrix":[-0.568574429,0.822630942,0,-0.822630942,-0.568574429,0,0,0,1],"shapeName":"/levels/Utah/art/shapes/rocks/utah_rock_flat_b.dae"}
{"class":"TSStatic","persistentId":"0c79c684-923c-4c41-9d2a-d67e3aca1f2a","__parent":"center","position":[107.341568,-476.593781,135.700989],"annotation":"ROCK","isRenderEnabled":false,"rotationMatrix":[0.833065689,0.553174675,-4.12147401e-08,0.553174913,-0.833065331,6.20682243e-08,0,-7.4505806e-08,-0.999999523],"shapeName":"/levels/Utah/art/shapes/rocks/utah_rock_big_2_b_top.dae"}
{"class":"TSStatic","persistentId":"0d10dd13-488d-48d5-a586-d14b05d118e6","__parent":"center","position":[212.202225,-349.345795,128.285995],"annotation":"STREET","isRenderEnabled":false,"rotationMatrix":[-0.659815967,0.628735125,0.411495715,-0.700666368,-0.71265012,-0.0346099064,0.271491557,-0.311157227,0.910755515],"shapeName":"/levels/Utah/art/shapes/buildings/utah_mines_rough_edge.dae"}
{"class":"TSStatic","persistentId":"0d541e14-22e7-4b55-999a-c250d8b261a7","__parent":"center","position":[122.828705,-431.719727,127.562088],"annotation":"STREET","isRenderEnabled":false,"rotationMatrix":[-0.378727823,0.766499519,0.518695056,-0.899967194,-0.435760498,-0.0131718237,0.215930417,-0.471796542,0.854858577],"shapeName":"/levels/Utah/art/shapes/buildings/utah_mines_rough_edge.dae"}
{"class":"TSStatic","persistentId":"0e0ab78e-6bdc-458f-b842-ab200aba0f36","__parent":"center","position":[297.344757,-247.901642,134.519836],"annotation":"ROCK","isRenderEnabled":false,"rotationMatrix":[-0.945978045,-0.32423079,0,0.32423079,-0.945978045,0,0,0,1],"shapeName":"/levels/Utah/art/shapes/rocks/utah_rock_flat_b.dae"}
{"class":"TSStatic","persistentId":"0e6f4cd7-4a7c-40d4-a71a-bc5748a866c6","__parent":"center","position":[134.746857,-435.585022,130.779663],"annotation":"ROCK","isRenderEnabled":false,"rotationMatrix":[0.65154928,0.758606374,1.74622983e-07,0.739524484,-0.635160267,0.222879082,0.16907759,-0.145216569,-0.974846125],"shapeName":"/levels/Utah/art/shapes/rocks/utah_rock_big_2_c.dae"}
{"class":"TSStatic","persistentId":"0eed2cab-30b3-459d-80a3-19defc8fd2de","__parent":"center","position":[139.259354,-450.316681,130.610184],"annotation":"ROCK","isRenderEnabled":false,"rotationMatrix":[-0.721798241,-0.691914558,0.0161387958,0.0859283283,-0.0664528161,0.994082928,-0.686747611,0.71891427,0.107420638],"shapeName":"/levels/Utah/art/shapes/rocks/utah_rock_big_2_b.dae"}
{"class":"TSStatic","persistentId":"0f07c067-2837-4d4a-92df-dd1af9e129e5","__parent":"center","position":[133.6418,-451.440552,127.90329],"annotation":"ROCK","isRenderEnabled":false,"rotationMatrix":[0.797896922,0.602793992,4.47034836e-08,0.516740859,-0.683990777,0.514912963,0.310387105,-0.410847843,-0.857241452],"shapeName":"/levels/Utah/art/shapes/rocks/utah_rock_big_2_c.dae"}
{"class":"TSStatic","persistentId":"0f63a88f-cdf4-4b82-a1c7-e9be414b9653","__parent":"center","position":[122.628151,-426.725922,119.41658],"annotation":"ROCK","isRenderEnabled":false,"rotationMatrix":[-0.941755831,-0.336295128,0,0.336295128,-0.941755831,0,0,0,1],"shapeName":"/levels/Utah/art/shapes/rocks/utah_rock_big_2_b.dae"}
{"class":"TSStatic","persistentId":"10dd32e3-9302-4184-b8c3-9ee53997dbc1","__parent":"center","position":[138.512543,-428.51825,130.868561],"annotation":"ROCK","isRenderEnabled":false,"rotationMatrix":[0.104663022,0.99450773,2.65659708e-07,0.969492197,-0.102030419,0.222878531,0.22165446,-0.0233268831,-0.974846303],"shapeName":"/levels/Utah/art/shapes/rocks/utah_rock_big_2_c.dae"}
{"class":"TSStatic","persistentId":"11456d04-bb84-4f8e-bc7f-6ad88d45c7b5","__parent":"center","position":[218.862686,-343.404266,128.342407],"annotation":"STREET","isRenderEnabled":false,"rotationMatrix":[0.723361015,-0.628691256,-0.285462797,0.656805396,0.754053652,0.00364056393,0.212966561,-0.190128028,0.958384871],"shapeName":"/levels/Utah/art/shapes/buildings/utah_mines_rough_edge.dae"}
{"class":"TSStatic","persistentId":"11b4c2d5-1335-433f-a686-66d881e44230","__parent":"center","position":[454.888641,-136.913742,130.781052],"annotation":"ROCK","isRenderEnabled":false,"shapeName":"/levels/Utah/art/shapes/rocks/utah_rock_big_2_d_top.dae"}
{"class":"TSStatic","persistentId":"12fa630f-3531-448f-bb2f-d10fd1dc1e98","__parent":"center","position":[300.102478,-248.133453,134.519836],"annotation":"ROCK","isRenderEnabled":false,"rotationMatrix":[0.80458194,-0.593841612,0,0.593841553,0.80458194,0,0,0,1],"shapeName":"/levels/Utah/art/shapes/rocks/utah_rock_flat_b.dae"}
{"class":"TSStatic","persistentId":"13afedc5-369d-46f0-aa72-98bfbfa3b52d","__parent":"center","position":[206.768585,-355.046997,127.751778],"annotation":"STREET","isRenderEnabled":false,"rotationMatrix":[0.693230093,-0.646411359,-0.318709671,0.697944701,0.712398946,0.0732048675,0.17972824,-0.273189694,0.945021152],"shapeName":"/levels/Utah/art/shapes/buildings/utah_mines_rough_edge.dae"}
{"class":"TSStatic","persistentId":"13d0beee-5423-4f6f-8da4-9bf4844a152b","__parent":"center","position":[297.344757,-247.901642,134.519836],"annotation":"ROCK","isRenderEnabled":false,"rotationMatrix":[-0.945978045,-0.32423079,0,0.32423079,-0.945978045,0,0,0,1],"shapeName":"/levels/Utah/art/shapes/rocks/utah_rock_flat_b.dae"}
{"class":"TSStatic","persistentId":"14bf0f1d-1750-47db-bad6-f57d5dc479fd","__parent":"center","position":[33.9437408,-519.281128,129.95723],"annotation":"STREET","isRenderEnabled":false,"rotationMatrix":[0.550949454,-0.810255408,-0.199820742,0.820546627,0.569612384,-0.0472951457,0.15214023,-0.137902707,0.978684247],"shapeName":"/levels/Utah/art/shapes/buildings/utah_mines_rough_edge.dae"}
{"class":"TSStatic","persistentId":"14e0f84b-3e15-48a0-b05a-bde16efd83fc","__parent":"center","position":[399.73703,-153.001633,130.344635],"annotation":"OBSTACLES","isRenderEnabled":false,"rotationMatrix":[-0.641348481,0.767244101,0.00373228057,-0.767073691,-0.64108181,-0.0248695016,-0.0166882165,-0.0188128222,0.999683738],"scale":[1.3280704,1,1],"shapeName":"/levels/utah/art/shapes/buildings/utah_mines_walls.dae"}
{"class":"TSStatic","persistentId":"15115c91-baff-414c-b603-f42eaebd3ada","__parent":"center","position":[-18.476366,-556.258667,123.553017],"annotation":"ROCK","isRenderEnabled":false,"rotationMatrix":[0.86118865,0.508276701,0,-0.508276701,0.86118865,0,0,0,1],"shapeName":"/levels/Utah/art/shapes/rocks/utah_rock_big_2_b.dae"}
{"class":"TSStatic","persistentId":"154c3de5-edc6-41f4-a9a5-bdeb11b54d89","__parent":"center","position":[90.8914948,-470.723511,126.827469],"annotation":"STREET","isRenderEnabled":false,"rotationMatrix":[-0.679400921,0.694608569,-0.236485943,-0.719426811,-0.693980455,0.0284748264,-0.144340083,0.189483479,0.971215606],"shapeName":"/levels/Utah/art/shapes/buildings/utah_mines_rough_edge.dae"}
{"class":"TSStatic","persistentId":"15e198ed-aa02-4e30-a3ec-2e427824fe95","__parent":"center","position":[216.313385,-349.243195,127.968475],"annotation":"OBSTACLES","isRenderEnabled":false,"rotationMatrix":[-0.662989557,0.748628616,-0.00191660831,-0.745978236,-0.660854876,-0.0824138746,-0.0629638508,-0.0532098189,0.996596396],"scale":[1.24161339,1,1],"shapeName":"/levels/utah/art/shapes/buildings/utah_mines_walls.dae"}
{"class":"TSStatic","persistentId":"18fc726f-beda-495e-a045-a57e2239e034","__parent":"center","position":[409.10965,-141.906021,130.286575],"annotation":"STREET","isRenderEnabled":false,"rotationMatrix":[-0.602719009,0.768794775,0.213739321,-0.786867559,-0.617121398,0.000840834866,0.132549539,-0.16767773,0.976890385],"shapeName":"/levels/Utah/art/shapes/buildings/utah_mines_rough_edge.dae"}
{"class":"TSStatic","persistentId":"19ef19bd-bb8e-43a7-bc17-0f73ed29176d","__parent":"center","position":[421.879364,-135.270264,130.286575],"annotation":"STREET","isRenderEnabled":false,"rotationMatrix":[-0.44622305,0.869022846,0.213739246,-0.889495909,-0.45694232,0.000840812339,0.0983971804,-0.189744979,0.976890445],"shapeName":"/levels/Utah/art/shapes/buildings/utah_mines_rough_edge.dae"}
{"class":"TSStatic","persistentId":"1c2ab0e5-6c8a-47a4-b9e0-bafbd9768c98","__parent":"center","position":[304.264313,-254.677383,122.299629],"annotation":"ROCK","isRenderEnabled":false,"rotationMatrix":[0.57861799,0.815598965,0,-0.815598965,0.57861799,0,0,0,1],"shapeName":"/levels/Utah/art/shapes/rocks/utah_rock_big_2_b.dae"}
{"class":"TSStatic","persistentId":"1cc6f986-0020-4213-970c-08375d8f9665","__parent":"center","position":[285.76297,-260.704376,134.561386],"annotation":"ROCK","isRenderEnabled":false,"shapeName":"/levels/Utah/art/shapes/rocks/utah_rock_flat_b.dae"}
{"class":"TSStatic","persistentId":"1da5141d-68e1-4f99-9c32-7b0a3f84b3bb","__parent":"center","position":[139.537827,-428.920929,128.841553],"annotation":"ROCK","isRenderEnabled":false,"rotationMatrix":[0.104661532,0.994507909,2.54716724e-07,0.852533698,-0.0897203758,0.514914036,0.512086153,-0.0538914837,-0.857241869],"shapeName":"/levels/Utah/art/shapes/rocks/utah_rock_big_2_c.dae"}
{"class":"TSStatic","persistentId":"1e3feb5d-f628-450f-8bbe-5a2905779d92","__parent":"center","position":[239.491241,-325.964508,123.641212],"annotation":"ROCK","isRenderEnabled":false,"rotationMatrix":[0.315303862,-0.408715099,0.856467903,0.783428848,0.621428668,0.00813706871,-0.535558999,0.668415904,0.516138196],"shapeName":"/levels/Utah/art/shapes/rocks/utah_rock_flat_a.dae"}
{"class":"TSStatic","persistentId":"1f1da020-1304-463d-a6b8-0ddc1043d7c4","__parent":"center","position":[125.90477,-436.473541,125.066193],"annotation":"ROCK","isRenderEnabled":false,"rotationMatrix":[0.727673471,0.68486613,0.0380865745,-0.683850586,0.728668869,-0.0372834913,-0.0532866828,0.00108470814,0.998578608],"shapeName":"/levels/Utah/art/shapes/rocks/utah_rock_big_2_b_top.dae"}
{"class":"TSStatic","persistentId":"1f6ea992-d7a5-46c8-9d6c-046d75b6e431","__parent":"center","position":[304.781128,-238.939453,130.575943],"annotation":"STREET","isRenderEnabled":false,"rotationMatrix":[-0.734794617,0.624984026,0.2635701,-0.634788215,-0.770545602,0.057446301,0.238996565,-0.125100061,0.962931514],"shapeName":"/levels/Utah/art/shapes/buildings/utah_mines_rough_edge.dae"}
{"class":"TSStatic","persistentId":"1f89bf79-a97f-47f9-9593-4d30ede884c5","__parent":"center","position":[330.552856,-216.910965,130.339539],"annotation":"STREET","isRenderEnabled":false,"rotationMatrix":[-0.687064886,0.660328925,-0.303148717,-0.692268848,-0.721630692,-0.00291113416,-0.220680714,0.207857221,0.952937543],"shapeName":"/levels/Utah/art/shapes/buildings/utah_mines_rough_edge.dae"}
{"class":"TSStatic","persistentId":"1fdeb619-6a77-4379-a80a-d20265e50498","__parent":"center","position":[447.261932,-125.395447,120.968437],"annotation":"ROCK","isRenderEnabled":false,"rotationMatrix":[-0.980248809,-0.197772712,0,0.197772712,-0.980248809,0,0,0,1],"shapeName":"/levels/Utah/art/shapes/rocks/utah_rock_big_2_b.dae"}
{"class":"TSStatic","persistentId":"226bac5b-759e-4167-8530-6773cbe80413","__parent":"center","position":[264.744385,-288.239807,128.786545],"annotation":"STREET","isRenderEnabled":false,"rotationMatrix":[0.673025429,-0.667683482,-0.318164349,0.720762074,0.688601136,0.0795903653,0.165948048,-0.282888174,0.944690287],"shapeName":"/levels/Utah/art/shapes/buildings/utah_mines_rough_edge.dae"}
{"class":"TSStatic","persistentId":"246eea21-6905-441e-b295-dccaee932f77","__parent":"center","position":[226.813339,-337.263336,128.536835],"annotation":"OBSTACLES","isRenderEnabled":false,"rotationMatrix":[0.745194912,-0.666795135,0.0084453728,0.6668396,0.745062113,-0.0145475548,0.00340802735,0.0164725687,0.999858618],"scale":[1.24161339,1,1],"shapeName":"/levels/utah/art/shapes/buildings/utah_mines_walls.dae"}
{"class":"TSStatic","persistentId":"252ee855-a9c2-4030-acd6-bccd8dea0661","__parent":"center","position":[112.415031,-437.655396,135.165527],"annotation":"ROCK","isRenderEnabled":false,"rotationMatrix":[-0.721108496,-0.692822039,-0.00045111496,0.0183586758,-0.0184574034,-0.999660909,0.692578137,-0.720871747,0.026029164],"shapeName":"/levels/Utah/art/shapes/rocks/utah_rock_big_2_b.dae"}
{"class":"TSStatic","persistentId":"26475a02-6205-4e3b-8d36-6a812eed2acb","__parent":"center","position":[114.332802,-453.942322,132.299652],"annotation":"ROCK","isRenderEnabled":false,"rotationMatrix":[-0.721108496,-0.692822039,-0.00045111496,3.67597604e-05,-0.000689387147,0.999999762,-0.692822218,0.721108377,0.000522590999],"shapeName":"/levels/Utah/art/shapes/rocks/utah_rock_big_2_b.dae"}
{"class":"TSStatic","persistentId":"265ab162-44bb-445f-8066-3eeea58c6a0c","__parent":"center","position":[282.01825,-264.684967,134.482513],"annotation":"ROCK","isRenderEnabled":false,"rotationMatrix":[-0.4299981,0.902828991,0,-0.902828991,-0.4299981,0,0,0,1],"shapeName":"/levels/Utah/art/shapes/rocks/utah_rock_flat_b.dae"}
{"class":"TSStatic","persistentId":"270bdfe8-2af4-4d13-881d-6bbec63ae414","__parent":"center","position":[105.556114,-450.318634,126.817787],"annotation":"STREET","isRenderEnabled":false,"rotationMatrix":[0.926576495,-0.206748649,-0.314183205,0.235901505,0.970082521,0.0573472306,0.292926431,-0.127252415,0.947627604],"shapeName":"/levels/Utah/art/shapes/buildings/utah_mines_rough_edge.dae"}
{"class":"TSStatic","persistentId":"27fe927b-e458-435a-9350-b181e66ebc97","__parent":"center","position":[374.136047,-178.459763,130.383636],"annotation":"STREET","isRenderEnabled":false,"rotationMatrix":[0.663142323,-0.689675152,0.290844351,0.724288881,0.689288974,-0.0169202853,-0.188806325,0.221875906,0.956620812],"shapeName":"/levels/Utah/art/shapes/buildings/utah_mines_rough_edge.dae"}
{"class":"TSStatic","persistentId":"2836b2e4-02b9-4ba5-a348-0079893f1e43","__parent":"center","position":[-0.770139694,-549.006714,132.529984],"annotation":"STREET","isRenderEnabled":false,"rotationMatrix":[0.50860393,-0.793336451,0.334573537,0.851499021,0.521032333,-0.0589462034,-0.127559438,0.314869285,0.94052428],"shapeName":"/levels/Utah/art/shapes/buildings/utah_mines_rough_edge.dae"}
{"class":"TSStatic","persistentId":"28faa2d4-9bab-4fc7-b740-c961a309c655","__parent":"center","position":[342.554016,-206.113876,130.424103],"annotation":"STREET","isRenderEnabled":false,"rotationMatrix":[-0.607157171,0.735354722,-0.301008791,-0.76854068,-0.639673591,-0.0125061348,-0.201740414,0.22374092,0.953537107],"shapeName":"/levels/Utah/art/shapes/buildings/utah_mines_rough_edge.dae"}
{"class":"TSStatic","persistentId":"2904b658-e5d4-44cb-90fa-4dd9a23472d6","__parent":"center","position":[122.061653,-446.80368,123.653915],"annotation":"STREET","isRenderEnabled":false,"rotationMatrix":[0.556071222,0.717922151,-0.418774366,-0.699750185,0.676278234,0.230209306,0.448481411,0.165024087,0.878427029],"scale":[1.59501052,1.59501052,1.59501052],"shapeName":"/levels/Utah/art/shapes/buildings/utah_mines_rough_edge.dae"}
{"class":"TSStatic","persistentId":"2948c0e2-1446-402d-95de-153197e73abc","__parent":"center","position":[106.459351,-477.559143,123.863487],"annotation":"ROCK","isRenderEnabled":false,"rotationMatrix":[-0.955918789,-0.292613119,-0.0243740026,0.291946679,-0.956036568,0.0275808964,-0.0313730277,0.0192493238,0.999322534],"scale":[1.52052724,1.52052724,1.52052724],"shapeName":"/levels/Utah/art/shapes/rocks/utah_rock_big_2_b_top.dae"}
{"class":"TSStatic","persistentId":"2aaa0976-36b0-47d8-87a5-fcfb0d4f632a","__parent":"center","position":[238.311844,-317.778595,135.552551],"annotation":"ROCK","isRenderEnabled":false,"rotationMatrix":[0.999223113,-0.00247740373,-0.0392394364,-0.00323146279,-0.999809921,-0.0191639084,-0.0391840339,0.0192759,-0.999040961],"shapeName":"/levels/Utah/art/shapes/rocks/utah_rock_flat_b.dae"}
{"class":"TSStatic","persistentId":"2b17d03d-46a3-407d-95b6-6ce1c3d1394c","__parent":"center","position":[259.700104,-294.247406,128.033432],"annotation":"STREET","isRenderEnabled":false,"rotationMatrix":[0.645595253,-0.716963291,-0.262998551,0.75351584,0.654041469,0.0667022392,0.12418928,-0.241236836,0.96249032],"shapeName":"/levels/Utah/art/shapes/buildings/utah_mines_rough_edge.dae"}
{"class":"TSStatic","persistentId":"2b1d6d66-4634-4230-82a0-08995481094d","__parent":"center","position":[18.6111259,-535.604675,131.040634],"annotation":"STREET","isRenderEnabled":false,"rotationMatrix":[-0.552923262,0.787470281,-0.27233544,-0.825688601,-0.561706126,0.0521988906,-0.111867376,0.253726214,0.960785449],"shapeName":"/levels/Utah/art/shapes/buildings/utah_mines_rough_edge.dae"}
{"class":"TSStatic","persistentId":"2b3cdca3-4e73-4bd2-9785-acbe2809b357","__parent":"center","position":[230.112595,-329.983734,128.583038],"annotation":"STREET","isRenderEnabled":false,"rotationMatrix":[0.741557896,-0.513715208,-0.431488514,0.589571655,0.80592978,0.0537228547,0.320151627,-0.294231981,0.900518894],"shapeName":"/levels/Utah/art/shapes/buildings/utah_mines_rough_edge.dae"}
{"class":"TSStatic","persistentId":"2bc7f67f-9102-490d-b842-8cf90350312b","__parent":"center","position":[175.191849,-382.090027,126.490974],"annotation":"STREET","isRenderEnabled":false,"rotationMatrix":[-0.630390584,0.75322926,0.187724203,-0.760181367,-0.647978902,0.0472380444,0.15722242,-0.112925604,0.981079578],"shapeName":"/levels/Utah/art/shapes/buildings/utah_mines_rough_edge.dae"}
{"class":"TSStatic","persistentId":"2bcc1a9b-c489-4c5e-a5eb-7584be89224d","__parent":"center","position":[240.543533,-319.722931,121.78511],"annotation":"ROCK","isRenderEnabled":false,"rotationMatrix":[0.79944557,-0.600737453,0.000718506053,0.413897842,0.54993701,-0.725435853,0.435400963,0.580243587,0.688289702],"shapeName":"/levels/Utah/art/shapes/rocks/utah_rock_big_2_c.dae"}
{"class":"TSStatic","persistentId":"2c3a4760-9845-4431-8942-333bddebbbc1","__parent":"center","position":[102.9767,-472.428864,134.60997],"annotation":"ROCK","isRenderEnabled":false,"rotationMatrix":[-0.721108496,-0.692822099,0.00045096784,-0.0801682845,0.082794793,-0.993336678,0.688168228,-0.716339648,-0.11524637],"shapeName":"/levels/Utah/art/shapes/rocks/utah_rock_big_2_b.dae"}
{"class":"TSStatic","persistentId":"2c5c2c64-08ed-4b34-94f5-0fd9615b151c","__parent":"center","position":[95.0071487,-468.376862,124.961433],"annotation":"ROCK","isRenderEnabled":false,"rotationMatrix":[-0.746663094,-0.665019691,-0.0156805925,0.660750628,-0.744181037,0.0979873389,-0.0768328309,0.0628026649,0.995064616],"shapeName":"/levels/Utah/art/shapes/rocks/utah_rock_big_2_b_top.dae"}
{"class":"TSStatic","persistentId":"2cb1934b-b03c-4397-9b76-fd8ee23947c2","__parent":"center","position":[301.168732,-248.728683,134.704697],"annotation":"ROCK","isRenderEnabled":false,"rotationMatrix":[-0.86062187,0.509244502,0,-0.509244502,-0.86062187,0,0,0,1],"shapeName":"/levels/Utah/art/shapes/rocks/utah_rock_flat_b.dae"}
{"class":"TSStatic","persistentId":"2cdd9a3f-c9b3-4b8c-b465-0aa3edd0bef1","__parent":"center","position":[126.708801,-439.888519,123.447327],"annotation":"STREET","isRenderEnabled":false,"rotationMatrix":[0.57466197,-0.633652031,-0.51792568,0.738243878,0.674505293,-0.00610472728,0.353213012,-0.378846914,0.855404198],"scale":[1.59501052,1.59501052,1.59501052],"shapeName":"/levels/Utah/art/shapes/buildings/utah_mines_rough_edge.dae"}
{"class":"TSStatic","persistentId":"2d14953f-c342-4bf2-b78a-f4db214a0ee7","__parent":"center","position":[402.633667,-146.945679,130.299911],"annotation":"STREET","isRenderEnabled":false,"rotationMatrix":[0.602719426,-0.768794656,-0.213738382,0.786867261,0.617121696,-0.000840738125,0.132548958,-0.167677015,0.976890564],"shapeName":"/levels/Utah/art/shapes/buildings/utah_mines_rough_edge.dae"}
{"class":"TSStatic","persistentId":"2d555866-e825-495c-a968-b515e7ac4d70","__parent":"center","position":[290.882935,-254.347153,134.740784],"annotation":"ROCK","isRenderEnabled":false,"rotationMatrix":[0.818821311,-0.574048281,0.000396400137,0.57404846,0.818821132,-0.000565424212,0,0.000690534245,0.999999762],"shapeName":"/levels/Utah/art/shapes/rocks/utah_rock_flat_a.dae"}
{"class":"TSStatic","persistentId":"2d92a3b6-22fd-4e6f-a06c-04c61f4340a5","__parent":"center","position":[387.524017,-163.491745,130.073044],"annotation":"OBSTACLES","isRenderEnabled":false,"rotationMatrix":[0.675655007,-0.737215638,-0.00259448681,0.737033129,0.675396621,0.025013797,-0.0166882165,-0.0188128222,0.999683738],"scale":[1.3280704,1,1],"shapeName":"/levels/utah/art/shapes/buildings/utah_mines_walls.dae"}
{"class":"TSStatic","persistentId":"2dea1de5-89d6-4d4f-845f-f80e38345590","__parent":"center","position":[431.856384,-132.987854,130.286575],"annotation":"STREET","isRenderEnabled":false,"rotationMatrix":[-0.259189904,0.941879094,0.213739291,-0.96411097,-0.265498549,0.000840782945,0.0575393774,-0.205850437,0.976890385],"shapeName":"/levels/Utah/art/shapes/buildings/utah_mines_rough_edge.dae"}
{"class":"TSStatic","persistentId":"2e74b9e2-7fd8-4d1d-952d-a575de8da05c","__parent":"center","position":[101.681709,-481.24527,116.223625],"annotation":"ROCK","isRenderEnabled":false,"scale":[1.22426355,1.22426355,1.22426355],"shapeName":"/levels/Utah/art/shapes/rocks/utah_rock_big_2_d.dae"}
{"class":"TSStatic","persistentId":"2f4e28fd-b131-41df-8fa9-7554eef2c90f","__parent":"center","position":[147.649292,-407.531006,128.469574],"annotation":"STREET","isRenderEnabled":false,"rotationMatrix":[0.606768787,-0.648005724,-0.460346699,0.723115087,0.690476954,-0.0188348629,0.330064327,-0.321454853,0.887540936],"shapeName":"/levels/Utah/art/shapes/buildings/utah_mines_rough_edge.dae"}
{"class":"TSStatic","persistentId":"2f4e47ba-f8d9-4bd1-b7b6-aaf700641469","__parent":"center","position":[242.760437,-318.139587,116.637894],"annotation":"ROCK","isRenderEnabled":false,"rotationMatrix":[-0.77683115,0.629504919,-0.0159510113,-0.621273398,-0.762051165,0.182464689,0.102706812,0.151654139,0.983082712],"scale":[0.771569967,0.771569967,0.771569967],"shapeName":"/levels/Utah/art/shapes/rocks/utah_rock_big_2_b.dae"}
{"class":"TSStatic","persistentId":"2f5376a4-0342-4d24-9fa5-4f4bd1647e58","__parent":"center","position":[99.9714737,-477.905365,119.859184],"annotation":"ROCK","isRenderEnabled":false,"rotationMatrix":[0.590246737,0.80721873,0,-0.80721873,0.590246737,0,0,0,1],"shapeName":"/levels/Utah/art/shapes/rocks/utah_rock_big_2_b.dae"}
{"class":"TSStatic","persistentId":"3004c64d-2c22-43f3-8769-06e570dceeaa","__parent":"center","position":[280.364288,-258.762634,120.570641],"annotation":"ROCK","isRenderEnabled":false,"rotationMatrix":[-0.285895199,-0.958259225,0,0.958259225,-0.285895199,0,0,0,1],"shapeName":"/levels/Utah/art/shapes/rocks/utah_rock_big_2_b.dae"}
{"class":"TSStatic","persistentId":"32927e05-987a-40a4-be03-6540d512b96c","__parent":"center","position":[299.617859,-245.586929,131.055328],"annotation":"STREET","isRenderEnabled":false,"rotationMatrix":[-0.734794617,0.624984026,0.2635701,-0.628245711,-0.773585916,0.082897082,0.255704194,-0.104674503,0.961075783],"shapeName":"/levels/Utah/art/shapes/buildings/utah_mines_rough_edge.dae"}
{"class":"TSStatic","persistentId":"32e51b9d-fa7a-47c9-9555-824379d4ece9","__parent":"center","position":[301.541992,-249.188614,135.757233],"annotation":"ROCK","isRenderEnabled":false,"rotationMatrix":[0.613077402,-0.789906681,-0.0135534899,0.78997916,0.613133669,-6.98492109e-09,0.00831010658,-0.0107069705,0.999908209],"scale":[0.68449831,0.68449831,0.68449831],"shapeName":"/levels/Utah/art/shapes/rocks/utah_rock_big_2_b_top.dae"}
{"class":"TSStatic","persistentId":"3322c44e-67ac-43b2-b383-5f0da0ac5582","__parent":"center","position":[130.695496,-426.33136,127.674706],"annotation":"STREET","isRenderEnabled":false,"rotationMatrix":[-0.669365704,0.542191148,0.50791651,-0.647652447,-0.760813355,-0.0413640663,0.364002198,-0.356640518,0.860413432],"shapeName":"/levels/Utah/art/shapes/buildings/utah_mines_rough_edge.dae"}
{"class":"TSStatic","persistentId":"34cb0631-4e6a-433a-b026-c8a2f90d5343","__parent":"center","position":[425.951324,-137.617432,129.467743],"annotation":"OBSTACLES","isRenderEnabled":false,"rotationMatrix":[-0.241726324,0.970240176,0.0142234825,-0.970202804,-0.241411969,-0.0207391549,-0.0166882165,-0.0188128222,0.999683738],"scale":[1.34801161,1,1.0199405],"shapeName":"/levels/utah/art/shapes/buildings/utah_mines_walls.dae"}
{"class":"TSStatic","persistentId":"34e791d4-3c3b-4bfd-84e7-1b4aad117cdd","__parent":"center","position":[-3.3048892,-547.85083,132.590805],"annotation":"STREET","isRenderEnabled":false,"rotationMatrix":[0.6096977,-0.770761132,-0.184921727,0.772841036,0.629879117,-0.0772594661,0.176026911,-0.0958101749,0.979711652],"shapeName":"/levels/Utah/art/shapes/buildings/utah_mines_rough_edge.dae"}
{"class":"TSStatic","persistentId":"3506818e-8af9-476c-9b5f-e52f222e09dc","__parent":"center","position":[324.819611,-222.180359,130.305008],"annotation":"STREET","isRenderEnabled":false,"rotationMatrix":[0.697047353,-0.669715405,0.256118625,0.69226861,0.721630514,0.00291112065,-0.186769634,0.175270796,0.966639757],"shapeName":"/levels/Utah/art/shapes/buildings/utah_mines_rough_edge.dae"}
{"class":"TSStatic","persistentId":"35ac2e43-fc9d-44ca-a16b-69c61c59cb0a","__parent":"center","position":[61.922081,-503.239136,120.385315],"annotation":"ROCK","isRenderEnabled":false,"rotationMatrix":[-0.730501771,-0.682902813,0,0.682902813,-0.730501771,0,0,0,1],"shapeName":"/levels/Utah/art/shapes/rocks/utah_rock_big_2_b.dae"}
{"class":"TSStatic","persistentId":"35b5a348-e0b6-4d87-aaa8-c03cbb842842","__parent":"center","position":[268.377441,-290.969849,128.835663],"annotation":"STREET","isRenderEnabled":false,"rotationMatrix":[-0.701803803,0.654474616,-0.281291991,-0.658142745,-0.746802509,-0.0955448374,-0.272600204,0.118076816,0.954848945],"shapeName":"/levels/Utah/art/shapes/buildings/utah_mines_rough_edge.dae"}
{"class":"TSStatic","persistentId":"35cc844b-263f-45fa-af8a-dad7842b6472","__parent":"center","position":[325.701843,-214.910187,130.290314],"annotation":"STREET","isRenderEnabled":false,"rotationMatrix":[0.682568133,-0.682678044,-0.260859787,0.707055986,0.707150877,-0.00054897985,0.184843093,-0.184067741,0.965378225],"shapeName":"/levels/Utah/art/shapes/buildings/utah_mines_rough_edge.dae"}
{"class":"TSStatic","persistentId":"35e56cb8-182d-41d0-8d53-89c9eff38b3b","__parent":"center","position":[293.530365,-248.768723,122.299629],"annotation":"ROCK","isRenderEnabled":false,"rotationMatrix":[0.659543574,0.751666844,0,-0.751666844,0.659543574,0,0,0,1],"shapeName":"/levels/Utah/art/shapes/rocks/utah_rock_big_2_b.dae"}
{"class":"TSStatic","persistentId":"365aa939-d612-4e34-8293-f1ba0c34b753","__parent":"center","position":[433,-132.831314,135.777435],"annotation":"ROCK","isRenderEnabled":false,"rotationMatrix":[-0.0705854967,0.997505188,0,0.997505546,0.0705854967,0,5.58793545e-09,2.98023224e-08,-0.999999642],"shapeName":"/levels/Utah/art/shapes/rocks/utah_rock_flat_b.dae"}
{"class":"TSStatic","persistentId":"3790e6b6-2d57-4f26-9b8a-6194f9168208","__parent":"center","position":[331.627411,-209.430588,130.27533],"annotation":"STREET","isRenderEnabled":false,"rotationMatrix":[0.647830069,-0.715695024,-0.260946661,0.740566373,0.67196101,-0.00444202591,0.178526193,-0.190370604,0.965344012],"shapeName":"/levels/Utah/art/shapes/buildings/utah_mines_rough_edge.dae"}
{"class":"TSStatic","persistentId":"38591d45-979d-4611-9d23-085b58b4b571","__parent":"center","position":[282.01825,-264.684967,134.482513],"annotation":"ROCK","isRenderEnabled":false,"rotationMatrix":[-0.4299981,0.902828991,0,-0.902828991,-0.4299981,0,0,0,1],"shapeName":"/levels/Utah/art/shapes/rocks/utah_rock_flat_b.dae"}
{"class":"TSStatic","persistentId":"390707fd-7f15-4e9d-95c8-0a49470b852e","__parent":"center","position":[285.18573,-260.87265,132.886505],"annotation":"STREET","isRenderEnabled":false,"rotationMatrix":[0.726766586,-0.471699268,-0.499309659,0.562428236,0.825955987,0.0383552872,0.39431569,-0.308701187,0.865574241],"scale":[1.17251897,1.17251897,1.17251897],"shapeName":"/levels/Utah/art/shapes/buildings/utah_mines_rough_edge.dae"}
