{"name":"trees_overlook","internalName":"NewCamera_46","class":"CameraBookmark","persistentId":"039d3a4e-eeca-4dd9-8d4b-90d104ecdd34","__parent":"Good","position":[1143.24927,443.304962,215.591904],"dataBlock":"CameraBookmarkMarker","rotationMatrix":[0.528110862,0.849175394,-4.47034836e-08,-0.778199494,0.483970225,-0.400222868,-0.339859426,0.211362094,0.916417837]}
{"name":"coast_road2","internalName":"NewCamera_45","class":"CameraBookmark","persistentId":"14d9d3fb-b717-4ccd-b729-204a184214ba","__parent":"Good","position":[-1661.05078,898.070312,164.324081],"dataBlock":"CameraBookmarkMarker","rotationMatrix":[-0.962331653,0.27187869,1.11758709e-08,-0.269171268,-0.952748656,-0.140772983,-0.0382731594,-0.135470286,0.990041912]}
{"name":"farm_road","internalName":"NewCamera_45","class":"CameraBookmark","persistentId":"2104632c-ff77-4a05-80a6-f6425785d75c","__parent":"Good","position":[131.261032,357.280334,190.909698],"dataBlock":"CameraBookmarkMarker","rotationMatrix":[-0.432243466,0.901756823,1.86264515e-09,-0.901468933,-0.432105422,0.0252688993,0.0227864031,0.0109223183,0.999680698]}
{"name":"coast_road","internalName":"NewCamera_45","class":"CameraBookmark","persistentId":"4735770a-dafd-4554-92b5-e02bd420b8d3","__parent":"Good","position":[-1144.5603,-1503.3739,172.271713],"dataBlock":"CameraBookmarkMarker","rotationMatrix":[-0.998785496,-0.0492695719,-2.04890966e-08,0.045478493,-0.921933174,-0.384669811,0.0189524982,-0.384202629,0.923054218]}
{"name":"mountain_dirt","internalName":"NewCamera_45","class":"CameraBookmark","persistentId":"6be376a8-9a7d-4500-9929-04c776ed79f4","__parent":"Good","position":[-771.182495,-917.187988,455.512726],"dataBlock":"CameraBookmarkMarker","rotationMatrix":[-0.671511173,0.740994394,-3.7252903e-09,-0.738172472,-0.668953896,0.0871895999,0.0646069944,0.0585487969,0.99619174]}
{"name":"mountain_top_windy_road_view","internalName":"NewCamera_46","class":"CameraBookmark","persistentId":"9101ed65-8e3e-4734-801a-4b231cfd8933","__parent":"Good","position":[-151.762177,-919.988037,483.509125],"dataBlock":"CameraBookmarkMarker","rotationMatrix":[-0.413854718,0.910342932,-7.4505806e-09,-0.88754344,-0.403489709,-0.222402096,-0.202462167,-0.0920421705,0.974955022]}
{"name":"farms_intersection","internalName":"NewCamera_45","class":"CameraBookmark","persistentId":"d19315ec-cf45-4f7b-b560-7703655d35dc","__parent":"Good","position":[570.244019,893.749268,175.272278],"dataBlock":"CameraBookmarkMarker","rotationMatrix":[-0.9006598,0.434524089,-3.7252903e-09,-0.425090581,-0.881106496,-0.207240611,-0.090051055,-0.186653376,0.978290021]}
{"name":"farms_curve_castle","internalName":"NewCamera_45","class":"CameraBookmark","persistentId":"d3e81605-96fd-457a-85ed-12fe32418415","__parent":"Good","position":[859.380066,734.749573,182.875565],"dataBlock":"CameraBookmarkMarker","rotationMatrix":[0.235531688,0.971866727,2.98023224e-08,-0.96102035,0.232903063,-0.148983806,-0.144792393,0.0350903757,0.988839626]}
{"name":"hills_overlook","internalName":"NewCamera_45","class":"CameraBookmark","persistentId":"e952611b-f3a7-4154-a676-b72ce4c435cd","__parent":"Good","position":[1066.28333,236.664398,251.224625],"dataBlock":"CameraBookmarkMarker","rotationMatrix":[0.56818229,0.822902679,1.3038516e-08,-0.82116735,0.566984057,-0.0649092346,-0.0534139946,0.0368802622,0.997891188]}
{"name":"hills_narrow","internalName":"NewCamera_45","class":"CameraBookmark","persistentId":"fc3471eb-4bc9-426a-b2b3-d8bf20e4bbf2","__parent":"Good","position":[974.880859,136.954514,222.939651],"dataBlock":"CameraBookmarkMarker","rotationMatrix":[-0.578239799,0.815866947,0,-0.804205298,-0.569974661,-0.16847223,-0.137450919,-0.0974173248,0.985706389]}
