{"class":"SpotLight","persistentId":"1ac3bbe6-7156-4548-bf8e-01cc43bd8860","__parent":"tunnel_lights","position":[-409.214722,503.874359,94.1015778],"color":[0.996078014,0.803921998,0.643136978,2],"flareScale":0,"innerAngle":0,"outerAngle":179,"range":12,"rotationMatrix":[1,0,0,0,0.0646729022,-0.997906804,0,0.997906804,0.0646729022]}
{"class":"SpotLight","persistentId":"f2002291-6186-454d-90e1-d0b0c8cecf6a","__parent":"tunnel_lights","position":[-399.846466,495.280884,94.4133301],"color":[0.996078014,0.803921998,0.643136978,2],"flareScale":0,"innerAngle":0,"outerAngle":179,"range":12,"rotationMatrix":[1,0,0,0,0.0646729022,-0.997906804,0,0.997906804,0.0646729022]}
{"class":"PointLight","persistentId":"00ead61a-06b2-4536-9b60-a17c14b43474","__parent":"tunnel_lights","position":[1184.2843,-695.103394,167.273422],"color":[0.996078014,0.772548974,0.525489986,2],"flareScale":0,"radius":10,"rotationMatrix":[-0.498536915,0.866868556,2.66481948e-10,-0.866868258,-0.498536736,-0.000690533314,-0.000598601473,-0.000344256579,0.999999762]}
{"class":"PointLight","persistentId":"0162aee7-b7f9-42b4-8698-33cb47c1ecc2","__parent":"tunnel_lights","position":[1028.41418,554.850098,146.865036],"animate":false,"color":[0.996078014,0.878431022,0.721569002,2],"flareScale":0,"radius":10,"rotationMatrix":[1,0,0,0,0.999999762,-0.000690533896,0,0.000690533896,0.999999762]}
{"class":"PointLight","persistentId":"01d8e89e-87f3-42f2-a9c6-f261a6f6af47","__parent":"tunnel_lights","position":[1151.12,844.34729,128.011292],"color":[0.996078014,0.792156994,0.639216006,2],"flareScale":0,"radius":10,"rotationMatrix":[1,0,0,0,0.999999762,-0.000690533896,0,0.000690533896,0.999999762]}
{"class":"PointLight","persistentId":"024702cc-e44f-4058-8227-ab9dd4e2452c","__parent":"tunnel_lights","position":[929.697571,359.742249,151.748306],"color":[0.996078014,0.792156994,0.639216006,2],"flareScale":0,"radius":10,"rotationMatrix":[1,0,0,0,0.999999762,-0.000690533896,0,0.000690533896,0.999999762]}
{"class":"PointLight","persistentId":"02636a6c-33f9-4be5-a12b-8282b0903075","__parent":"tunnel_lights","position":[1066.57104,594.548401,145.538193],"animate":false,"color":[0.996078014,0.878431022,0.721569002,2],"flareScale":0,"radius":10,"rotationMatrix":[1,0,0,0,0.999999762,-0.000690533896,0,0.000690533896,0.999999762]}
{"class":"PointLight","persistentId":"052d91a1-c415-4378-a20a-c01dd76e961c","__parent":"tunnel_lights","position":[24.4429073,345.579102,105.517738],"color":[0.996078014,0.792156994,0.639216006,2],"radius":10,"rotationMatrix":[1,0,0,0,0.999999762,-0.000690533896,0,0.000690533896,0.999999762]}
{"class":"PointLight","persistentId":"05bec932-16d2-4afb-b047-bf2244c47ff1","__parent":"tunnel_lights","position":[1339.74353,-832.369812,164.444992],"color":[0.996078014,0.772548974,0.525489986,2],"flareScale":0,"radius":10,"rotationMatrix":[-0.498536915,0.866868556,2.66481948e-10,-0.866868258,-0.498536736,-0.000690533314,-0.000598601473,-0.000344256579,0.999999762]}
{"class":"PointLight","persistentId":"085a7d59-20eb-4634-b9be-a1e7c4e5d93c","__parent":"tunnel_lights","position":[918.465454,-1120.40027,172.171219],"animate":false,"color":[0.996078014,0.772548974,0.525489986,2],"flareScale":0,"radius":10,"rotationMatrix":[0.965972781,-0.258271754,-0.0138647771,0.258235216,0.966072142,-0.00439709891,0.0145300208,0.000667103974,0.999894202]}
{"class":"PointLight","persistentId":"0874f980-85f1-424a-9c50-c07a7d0e25d6","__parent":"tunnel_lights","position":[-762.202393,-865.39679,127.181435],"color":[0.996078014,0.792156994,0.639216006,2],"flareScale":0,"radius":10,"rotationMatrix":[1,0,0,0,0.999999762,-0.000690533896,0,0.000690533896,0.999999762]}
{"class":"PointLight","persistentId":"0942426b-cce9-479c-8ca2-f577ada4cf84","__parent":"tunnel_lights","position":[998.945496,-1202.87231,170.905838],"color":[0.996078014,0.772548974,0.525489986,2],"flareScale":0,"radius":10,"rotationMatrix":[0.727023065,0.686613142,4.92946017e-10,-0.686613023,0.727022886,-0.000690534012,-0.000474130007,0.000502033741,0.999999762]}
{"class":"PointLight","persistentId":"09725747-42a3-4f25-801b-193ccf8e1f21","__parent":"tunnel_lights","position":[1283.75977,-947.362305,165.862045],"color":[0.996078014,0.772548974,0.525489986,2],"flareScale":0,"radius":10,"rotationMatrix":[-0.498536915,0.866868556,2.66481948e-10,-0.866868258,-0.498536736,-0.000690533314,-0.000598601473,-0.000344256579,0.999999762]}
{"class":"PointLight","persistentId":"0a57b896-a825-43e3-85d7-395eb3c665e7","__parent":"tunnel_lights","position":[-10.0911093,371.269135,106.276031],"color":[0.478430986,0.996078014,0.627451003,0.00800000038],"radius":10,"rotationMatrix":[1,0,0,0,0.999999762,-0.000690533896,0,0.000690533896,0.999999762]}
{"class":"PointLight","persistentId":"0a746c36-706e-477c-8e4b-f947f4cd2596","__parent":"tunnel_lights","position":[-221.805908,243.149002,79.4252167],"color":[0.996078014,0.792156994,0.639216006,2],"radius":10,"rotationMatrix":[1,0,0,0,0.999999762,-0.000690533896,0,0.000690533896,0.999999762]}
{"class":"PointLight","persistentId":"0abb6b3c-ef3f-44e8-a6dc-534674ac5c22","__parent":"tunnel_lights","position":[-1070.23486,-884.98114,123.555893],"color":[0.996078014,0.792156994,0.639216006,2],"flareScale":0,"radius":10,"rotationMatrix":[1,0,0,0,0.999999762,-0.000690533896,0,0.000690533896,0.999999762]}
{"class":"PointLight","persistentId":"0aefc22e-818b-4165-b7af-0fd2257d6602","__parent":"tunnel_lights","position":[-846.865906,-905.978821,122.249481],"color":[0.996078014,0.792156994,0.639216006,2],"flareScale":0,"radius":10,"rotationMatrix":[1,0,0,0,0.999999762,-0.000690533896,0,0.000690533896,0.999999762]}
{"class":"PointLight","persistentId":"0bc6a208-6ac2-4463-a075-3f176982342a","__parent":"tunnel_lights","position":[996.190857,-1210.90833,171.490524],"color":[0.996078014,0.835294008,0.643136978,1],"flareScale":0,"radius":10,"rotationMatrix":[0.727023065,0.686613142,4.92946017e-10,-0.686613023,0.727022886,-0.000690534012,-0.000474130007,0.000502033741,0.999999762]}
{"class":"PointLight","persistentId":"0e3625b7-64ca-4d7d-b7f7-278abe5a5a28","__parent":"tunnel_lights","position":[119.784416,363.561768,83.8165817],"color":[0.996078014,0.792156994,0.639216006,2],"radius":10,"rotationMatrix":[1,0,0,0,0.999999762,-0.000690533896,0,0.000690533896,0.999999762]}
{"class":"PointLight","persistentId":"0fba1b4e-6d27-4590-b856-5e90164e526d","__parent":"tunnel_lights","position":[1177.5376,793.283142,138.018707],"color":[0.996078014,0.792156994,0.639216006,2],"radius":10,"rotationMatrix":[1,0,0,0,0.999999762,-0.000690533896,0,0.000690533896,0.999999762]}
{"class":"PointLight","persistentId":"10ef1a8c-04e2-4406-a59c-0b7406fe75b8","__parent":"tunnel_lights","position":[1042.82849,568.563904,149.499344],"animate":false,"color":[0.996078014,0.878431022,0.721569002,2],"radius":10,"rotationMatrix":[1,0,0,0,0.999999762,-0.000690533896,0,0.000690533896,0.999999762]}
{"class":"PointLight","persistentId":"130dc649-6b19-4f57-ab4a-5256f937baea","__parent":"tunnel_lights","position":[1006.75128,646.983215,140.167038],"color":[0.478430986,0.996078014,0.627451003,0.00800000038],"radius":10,"rotationMatrix":[1,0,0,0,0.999999762,-0.000690533896,0,0.000690533896,0.999999762]}
{"class":"PointLight","persistentId":"13936bd0-5794-43ce-953d-985a12fbc4d7","__parent":"tunnel_lights","position":[-137.67041,215.701141,82.6493073],"color":[0.996078014,0.792156994,0.639216006,2],"radius":10,"rotationMatrix":[1,0,0,0,0.999999762,-0.000690533896,0,0.000690533896,0.999999762]}
{"class":"PointLight","persistentId":"142625b9-435c-4cd6-afe6-46ed426544e5","__parent":"tunnel_lights","position":[1166.23083,759.960632,140.390854],"color":[0.996078014,0.792156994,0.639216006,2],"radius":10,"rotationMatrix":[1,0,0,0,0.999999762,-0.000690533896,0,0.000690533896,0.999999762]}
{"class":"PointLight","persistentId":"16b50976-dfe7-40bf-906b-ee4c08ef777c","__parent":"tunnel_lights","position":[1063.5448,-749.636353,163.918716],"color":[0.996078014,0.772548974,0.525489986,2],"flareScale":0,"radius":10,"rotationMatrix":[-0.498536915,0.866868556,2.66481948e-10,-0.866868258,-0.498536736,-0.000690533314,-0.000598601473,-0.000344256579,0.999999762]}
{"class":"PointLight","persistentId":"173eb4b7-95b5-4936-9b5d-f6d8b0fc9e81","__parent":"tunnel_lights","position":[938.343689,-1176.54675,172.508957],"color":[0.996078014,0.835294008,0.643136978,1],"flareScale":0,"radius":10,"rotationMatrix":[0.976234853,0.216715649,2.28510509e-11,-0.216715574,0.976234496,-0.000690533721,-0.000149649495,0.000674123061,0.999999762]}
{"class":"PointLight","persistentId":"17cd7c89-8d19-4786-be5e-7541c8bd4045","__parent":"tunnel_lights","position":[1196.17883,-1076.12024,168.233414],"color":[0.996078014,0.772548974,0.525489986,2],"flareScale":0,"radius":10,"rotationMatrix":[-0.443654209,0.896198034,2.45563569e-10,-0.896197915,-0.44365415,-0.000690533663,-0.000618854712,-0.000306358357,0.999999762]}
{"class":"PointLight","persistentId":"1891db32-3c73-4212-93fb-1e7ab8f4b3e8","__parent":"tunnel_lights","position":[1068.47217,921.873291,125.616486],"animate":false,"color":[0.996078014,0.878431022,0.721569002,2],"radius":10,"rotationMatrix":[1,0,0,0,0.999999762,-0.000690533896,0,0.000690533896,0.999999762]}
{"class":"PointLight","persistentId":"18fb3614-e290-4854-bb1b-c13a6a8a7fec","__parent":"tunnel_lights","position":[1141.22461,710.452515,144.293396],"color":[0.996078014,0.792156994,0.639216006,2],"radius":10,"rotationMatrix":[1,0,0,0,0.999999762,-0.000690533896,0,0.000690533896,0.999999762]}
{"class":"PointLight","persistentId":"1c163408-0a5a-4f58-b300-6a56e6fd11e5","__parent":"tunnel_lights","position":[1244.32654,-700.609802,166.503464],"color":[0.996078014,0.772548974,0.525489986,2],"flareScale":0,"radius":10,"rotationMatrix":[-0.498536915,0.866868556,2.66481948e-10,-0.866868258,-0.498536736,-0.000690533314,-0.000598601473,-0.000344256579,0.999999762]}
{"class":"PointLight","persistentId":"1d43ea57-66b9-450c-9b80-0cb1baca7868","__parent":"tunnel_lights","position":[1147.51904,-1161.61743,166.821579],"color":[0.996078014,0.772548974,0.525489986,2],"flareScale":0,"radius":10,"rotationMatrix":[1,0,0,0,0.999999762,-0.000690533896,0,0.000690533896,0.999999762]}
{"class":"PointLight","persistentId":"1f0be1a7-6e8f-4e56-b907-a387c8471390","__parent":"tunnel_lights","position":[1268.80322,-965.271545,166.117004],"color":[0.411765009,0.815685987,0.513725996,0.00800000038],"radius":10,"rotationMatrix":[1,0,0,0,0.999999762,-0.000690533896,0,0.000690533896,0.999999762]}
{"class":"PointLight","persistentId":"20fbba64-ee42-49e6-a40b-822484e3b485","__parent":"tunnel_lights","position":[-1065.68359,-881.152893,126.20311],"color":[0.996078014,0.792156994,0.639216006,2],"flareScale":0,"radius":10,"rotationMatrix":[1,0,0,0,0.999999762,-0.000690533896,0,0.000690533896,0.999999762]}
{"class":"PointLight","persistentId":"211d1fe4-1bbc-492c-a70d-5cd692c00123","__parent":"tunnel_lights","position":[67.799118,422.895447,79.998497],"color":[0.996078014,0.792156994,0.639216006,2],"radius":10,"rotationMatrix":[1,0,0,0,0.999999762,-0.000690533896,0,0.000690533896,0.999999762]}
{"class":"PointLight","persistentId":"21f28844-7359-4e55-a0a9-a0a39d44670d","__parent":"tunnel_lights","position":[58.5765343,256.22757,100.600555],"color":[0.996078014,0.792156994,0.639216006,2],"radius":10,"rotationMatrix":[1,0,0,0,0.999999762,-0.000690533896,0,0.000690533896,0.999999762]}
{"class":"PointLight","persistentId":"22a05cdb-6d3b-465d-9b48-a6f0d6132621","__parent":"tunnel_lights","position":[1250.09961,-996.970459,166.819794],"color":[0.996078014,0.772548974,0.525489986,2],"flareScale":0,"radius":10,"rotationMatrix":[-0.490352094,0.871524513,2.01907796e-10,-0.871524334,-0.490351975,-0.000690533663,-0.000601816806,-0.000338604732,0.999999762]}
{"class":"PointLight","persistentId":"23275f39-ad8e-4430-b1b9-f76d10a245f4","__parent":"tunnel_lights","position":[-362.880524,286.494507,80.460701],"color":[0.996078014,0.792156994,0.639216006,2],"radius":10,"rotationMatrix":[1,0,0,0,0.999999762,-0.000690533896,0,0.000690533896,0.999999762]}
{"class":"PointLight","persistentId":"235e059a-265c-4b84-9b5e-b1811435b549","__parent":"tunnel_lights","position":[-105.271797,273.729156,93.2241592],"color":[0.996078014,0.792156994,0.639216006,2],"radius":10,"rotationMatrix":[1,0,0,0,0.999999762,-0.000690533896,0,0.000690533896,0.999999762]}
{"class":"PointLight","persistentId":"249ba474-6253-49c9-86b3-5a76a9b2192d","__parent":"tunnel_lights","position":[936.18988,361.594543,154.896225],"color":[0.996078014,0.792156994,0.639216006,2],"radius":10,"rotationMatrix":[1,0,0,0,0.999999762,-0.000690533896,0,0.000690533896,0.999999762]}
{"class":"PointLight","persistentId":"250bed81-2378-4b01-8c51-fe8a821ca6c7","__parent":"tunnel_lights","position":[1180.58557,812.773071,133.574188],"color":[0.996078014,0.792156994,0.639216006,2],"flareScale":0,"radius":10,"rotationMatrix":[1,0,0,0,0.999999762,-0.000690533896,0,0.000690533896,0.999999762]}
{"class":"PointLight","persistentId":"2576745d-e366-416e-8de5-aabe0060159f","__parent":"tunnel_lights","position":[142.475128,252.186111,94.4729614],"color":[0.996078014,0.792156994,0.639216006,2],"radius":10,"rotationMatrix":[1,0,0,0,0.999999762,-0.000690533896,0,0.000690533896,0.999999762]}
{"class":"PointLight","persistentId":"2672a830-763a-4792-89c3-9d342fafd0a7","__parent":"tunnel_lights","position":[-184.796646,261.372467,79.6814194],"color":[0.996078014,0.792156994,0.639216006,2],"radius":10,"rotationMatrix":[1,0,0,0,0.999999762,-0.000690533896,0,0.000690533896,0.999999762]}
{"class":"PointLight","persistentId":"270c3484-9f25-437c-a7ce-72efef91bb81","__parent":"tunnel_lights","position":[920.736023,-1151.13647,172.935364],"color":[0.996078014,0.835294008,0.643136978,1],"flareScale":0,"radius":10,"rotationMatrix":[1,0,0,0,0.999999762,-0.000690533896,0,0.000690533896,0.999999762]}
{"class":"PointLight","persistentId":"27ec3d50-bfae-45db-a545-82ae1e2bbfc4","__parent":"tunnel_lights","position":[1195.09326,838.081055,132.891327],"animate":false,"color":[0.996078014,0.878431022,0.721569002,2],"flareScale":0,"radius":10,"rotationMatrix":[1,0,0,0,0.999999762,-0.000690533896,0,0.000690533896,0.999999762]}
{"class":"PointLight","persistentId":"296d4699-bd2c-4e3e-8164-1e0449b8c23f","__parent":"tunnel_lights","position":[21.1534882,250.766022,102.461884],"color":[0.996078014,0.792156994,0.639216006,2],"radius":10,"rotationMatrix":[1,0,0,0,0.999999762,-0.000690533896,0,0.000690533896,0.999999762]}
{"class":"PointLight","persistentId":"29dfa110-6b06-4dcd-ba3b-de68b63361d3","__parent":"tunnel_lights","position":[-884.697571,-920.892029,124.969925],"color":[0.996078014,0.792156994,0.639216006,2],"flareScale":0,"radius":10,"rotationMatrix":[1,0,0,0,0.999999762,-0.000690533896,0,0.000690533896,0.999999762]}
{"class":"PointLight","persistentId":"2a04a1c3-c99f-48ce-b5c1-ccd7b2fea4ff","__parent":"tunnel_lights","position":[892.639038,448.388397,145.028214],"color":[0.996078014,0.792156994,0.639216006,2],"flareScale":0,"radius":10,"rotationMatrix":[1,0,0,0,0.999999762,-0.000690533896,0,0.000690533896,0.999999762]}
{"class":"PointLight","persistentId":"2a7883fa-c217-48c8-a1ea-89a56485fa7a","__parent":"tunnel_lights","position":[-1029.36743,-898.760559,122.289253],"color":[0.996078014,0.792156994,0.639216006,2],"flareScale":0,"radius":10,"rotationMatrix":[1,0,0,0,0.999999762,-0.000690533896,0,0.000690533896,0.999999762]}
{"class":"PointLight","persistentId":"2a88bc6e-fa91-435b-8f1b-442dc49d43a1","__parent":"tunnel_lights","position":[1281.36646,-700.822998,166.505646],"color":[0.996078014,0.772548974,0.525489986,2],"flareScale":0,"radius":10,"rotationMatrix":[-0.498536915,0.866868556,2.66481948e-10,-0.866868258,-0.498536736,-0.000690533314,-0.000598601473,-0.000344256579,0.999999762]}
{"class":"PointLight","persistentId":"2b593839-60fb-4613-b1bb-c519b8dd02b2","__parent":"tunnel_lights","position":[-162.055695,237.666748,80.2721176],"color":[0.996078014,0.792156994,0.639216006,2],"radius":10,"rotationMatrix":[1,0,0,0,0.999999762,-0.000690533896,0,0.000690533896,0.999999762]}
{"class":"PointLight","persistentId":"2be344ab-dd9c-4fe9-a26c-c8292379675d","__parent":"tunnel_lights","position":[1115.00964,688.672302,144.67482],"color":[0.996078014,0.792156994,0.639216006,2],"radius":10,"rotationMatrix":[1,0,0,0,0.999999762,-0.000690533896,0,0.000690533896,0.999999762]}
{"class":"PointLight","persistentId":"2f75db0f-ed85-45bc-9597-5b729a4090ac","__parent":"tunnel_lights","position":[169.975067,343.402649,79.6726379],"color":[0.996078014,0.792156994,0.639216006,2],"radius":10,"rotationMatrix":[1,0,0,0,0.999999762,-0.000690533896,0,0.000690533896,0.999999762]}
{"class":"PointLight","persistentId":"32083eeb-00a5-42ea-a2af-7e829b373f7d","__parent":"tunnel_lights","position":[1085.13037,913.223938,123.058868],"animate":false,"color":[0.996078014,0.878431022,0.721569002,2],"flareScale":0,"radius":10,"rotationMatrix":[1,0,0,0,0.999999762,-0.000690533896,0,0.000690533896,0.999999762]}
{"class":"PointLight","persistentId":"35a9813c-6f72-45f0-8284-9bba3a0a91f0","__parent":"tunnel_lights","position":[1148.37341,-702.713318,163.649429],"color":[0.996078014,0.772548974,0.525489986,2],"flareScale":0,"radius":10,"rotationMatrix":[-0.498536915,0.866868556,2.66481948e-10,-0.866868258,-0.498536736,-0.000690533314,-0.000598601473,-0.000344256579,0.999999762]}
{"class":"PointLight","persistentId":"3829ccd8-72d6-4a8a-8c00-e0983362236c","__parent":"tunnel_lights","position":[97.2428055,405.815094,80.1773758],"color":[0.996078014,0.792156994,0.639216006,2],"radius":10,"rotationMatrix":[1,0,0,0,0.999999762,-0.000690533896,0,0.000690533896,0.999999762]}
{"class":"PointLight","persistentId":"38adb290-0d23-45eb-991a-21e68798107f","__parent":"tunnel_lights","position":[-34.5969467,207.757584,80.2114182],"color":[0.996078014,0.792156994,0.639216006,2],"radius":10,"rotationMatrix":[1,0,0,0,0.999999762,-0.000690533896,0,0.000690533896,0.999999762]}
{"class":"PointLight","persistentId":"39012a71-5ece-44fe-87b2-4684af83a4a8","__parent":"tunnel_lights","position":[-329.548248,254.415665,79.4955215],"color":[0.478430986,0.996078014,0.627451003,0.00800000038],"radius":10,"rotationMatrix":[1,0,0,0,0.999999762,-0.000690533896,0,0.000690533896,0.999999762]}
{"class":"PointLight","persistentId":"39a7c044-939e-4d85-9da9-00c10bd7da95","__parent":"tunnel_lights","position":[-122.663071,130.824936,88.7604523],"color":[0.996078014,0.792156994,0.639216006,2],"radius":10,"rotationMatrix":[1,0,0,0,0.999999762,-0.000690533896,0,0.000690533896,0.999999762]}
{"class":"PointLight","persistentId":"3aa7cb82-3a05-452d-acef-2792cd4aba7b","__parent":"tunnel_lights","position":[-430.539612,546.40448,80.1757507],"color":[0.996078014,0.792156994,0.639216006,2],"radius":10,"rotationMatrix":[1,0,0,0,0.999999762,-0.000690533896,0,0.000690533896,0.999999762]}
{"class":"PointLight","persistentId":"3b11574f-d6b9-459e-97d8-c2e4285dd1a9","__parent":"tunnel_lights","position":[906.709106,-1085.95276,172.670303],"color":[0.996078014,0.835294008,0.643136978,1],"flareScale":0,"radius":10,"rotationMatrix":[0.845151424,-0.534347177,-0.0138647817,0.534341812,0.845257044,-0.00439711381,0.0140688894,-0.00369230541,0.999894261]}
{"class":"PointLight","persistentId":"3b80882a-b6d0-43be-8cc2-62c82c5e7924","__parent":"tunnel_lights","position":[1096.71875,-736.976562,164.733246],"color":[0.996078014,0.772548974,0.525489986,2],"flareScale":0,"radius":10,"rotationMatrix":[-0.498536915,0.866868556,2.66481948e-10,-0.866868258,-0.498536736,-0.000690533314,-0.000598601473,-0.000344256579,0.999999762]}
{"class":"PointLight","persistentId":"3bae9274-0053-4baf-95f7-38907bc910d1","__parent":"tunnel_lights","position":[168.584885,251.160126,79.5163574],"color":[0.996078014,0.792156994,0.639216006,2],"radius":10,"rotationMatrix":[1,0,0,0,0.999999762,-0.000690533896,0,0.000690533896,0.999999762]}
{"class":"PointLight","persistentId":"3c5db8e6-c64a-4367-b1fe-a588b792d628","__parent":"tunnel_lights","position":[1.57114983,1679.93518,105.018272],"color":[0.925490022,0.756862998,0.541176021,0.00800000038],"radius":15,"rotationMatrix":[1,0,0,0,0.999999762,-0.000690533896,0,0.000690533896,0.999999762]}
{"class":"PointLight","persistentId":"3dc53cf3-068f-4f80-a974-ff301ee37f77","__parent":"tunnel_lights","position":[-982.06897,-926.114563,122.105728],"color":[0.996078014,0.792156994,0.639216006,2],"flareScale":0,"radius":10,"rotationMatrix":[1,0,0,0,0.999999762,-0.000690533896,0,0.000690533896,0.999999762]}
{"class":"PointLight","persistentId":"3e600a70-87d5-451f-bad0-af433c80a32c","__parent":"tunnel_lights","position":[1010.04779,-1201.3479,166.956131],"color":[0.996078014,0.772548974,0.525489986,2],"flareScale":0,"radius":10,"rotationMatrix":[0.727023065,0.686613142,4.92946017e-10,-0.686613023,0.727022886,-0.000690534012,-0.000474130007,0.000502033741,0.999999762]}
{"class":"PointLight","persistentId":"40496348-242d-43d6-ba9b-99bbe91435d6","__parent":"tunnel_lights","position":[1008.99768,479.694855,151.52269],"animate":false,"color":[0.996078014,0.878431022,0.721569002,2],"radius":10,"rotationMatrix":[1,0,0,0,0.999999762,-0.000690533896,0,0.000690533896,0.999999762]}
{"class":"PointLight","persistentId":"409bfe79-80c4-46a7-a707-2d4fed41894e","__parent":"tunnel_lights","position":[1078.37451,888.209167,121.855621],"color":[0.996078014,0.792156994,0.639216006,2],"flareScale":0,"radius":10,"rotationMatrix":[1,0,0,0,0.999999762,-0.000690533896,0,0.000690533896,0.999999762]}
{"class":"PointLight","persistentId":"40af825f-b0b5-402a-8ff2-03359354513c","__parent":"tunnel_lights","position":[1085.12537,634.055481,145.003815],"animate":false,"color":[0.996078014,0.878431022,0.721569002,2],"flareScale":0,"radius":10,"rotationMatrix":[1,0,0,0,0.999999762,-0.000690533896,0,0.000690533896,0.999999762]}
{"class":"PointLight","persistentId":"42c618b4-c533-4d16-be43-0038fc6a4b52","__parent":"tunnel_lights","position":[1005.11926,419.180023,150.706253],"animate":false,"color":[0.996078014,0.878431022,0.721569002,2],"flareScale":0,"radius":10,"rotationMatrix":[1,0,0,0,0.999999762,-0.000690533896,0,0.000690533896,0.999999762]}
{"class":"PointLight","persistentId":"42cf03f5-6401-4e52-8c7b-60999036ac82","__parent":"tunnel_lights","position":[897.406677,576.071777,139.809113],"color":[0.996078014,0.792156994,0.639216006,2],"radius":10,"rotationMatrix":[1,0,0,0,0.999999762,-0.000690533896,0,0.000690533896,0.999999762]}
{"class":"PointLight","persistentId":"440af8a8-f3c9-432e-a6f0-166fca4b110c","__parent":"tunnel_lights","position":[-244.452637,253.04747,79.8391647],"color":[0.996078014,0.792156994,0.639216006,2],"radius":10,"rotationMatrix":[1,0,0,0,0.999999762,-0.000690533896,0,0.000690533896,0.999999762]}
{"class":"PointLight","persistentId":"4421fcda-ab0d-462a-898d-884d7d2ea768","__parent":"tunnel_lights","position":[1059.86084,-740.592041,164.171524],"color":[0.996078014,0.772548974,0.525489986,2],"flareScale":0,"radius":10,"rotationMatrix":[-0.498536915,0.866868556,2.66481948e-10,-0.866868258,-0.498536736,-0.000690533314,-0.000598601473,-0.000344256579,0.999999762]}
{"class":"PointLight","persistentId":"457cdb66-7e58-4d30-a5dd-0c1b02857ff6","__parent":"tunnel_lights","position":[1329.22437,-739.363464,165.5457],"color":[0.996078014,0.772548974,0.525489986,2],"flareScale":0,"radius":10,"rotationMatrix":[-0.498536915,0.866868556,2.66481948e-10,-0.866868258,-0.498536736,-0.000690533314,-0.000598601473,-0.000344256579,0.999999762]}
{"class":"PointLight","persistentId":"499ae8c5-c9b9-4e6b-81d7-a95a54366866","__parent":"tunnel_lights","position":[-361.121307,330.567474,80.2271118],"color":[0.996078014,0.792156994,0.639216006,2],"radius":10,"rotationMatrix":[1,0,0,0,0.999999762,-0.000690533896,0,0.000690533896,0.999999762]}
{"class":"PointLight","persistentId":"49a71f41-78e0-40a5-b3e8-dc4b23b5baf1","__parent":"tunnel_lights","position":[-12.212328,272.368011,101.1007],"color":[0.996078014,0.792156994,0.639216006,2],"radius":10,"rotationMatrix":[1,0,0,0,0.999999762,-0.000690533896,0,0.000690533896,0.999999762]}
{"class":"PointLight","persistentId":"49f63d89-c2bf-4650-be54-c5fde339eb07","__parent":"tunnel_lights","position":[1063.39026,-1211.31555,170.870972],"color":[0.996078014,0.835294008,0.643136978,1],"flareScale":0,"radius":10,"rotationMatrix":[0.211330831,0.977414668,3.74711762e-10,-0.97741431,0.211330771,-0.000690534012,-0.000674938085,0.000145930753,0.999999762]}
{"class":"PointLight","persistentId":"4ab5390a-8746-47f8-a655-20f41422aaed","__parent":"tunnel_lights","position":[-794.451416,-890.772156,127.892288],"color":[0.996078014,0.792156994,0.639216006,2],"flareScale":0,"radius":10,"rotationMatrix":[1,0,0,0,0.999999762,-0.000690533896,0,0.000690533896,0.999999762]}
{"class":"PointLight","persistentId":"4bdf39b2-449a-4387-9eb6-0f94fc9a563b","__parent":"tunnel_lights","position":[-326.887451,281.667511,81.0066452],"color":[0.996078014,0.792156994,0.639216006,2],"radius":10,"rotationMatrix":[1,0,0,0,0.999999762,-0.000690533896,0,0.000690533896,0.999999762]}
{"class":"PointLight","persistentId":"4c16c25c-12b7-4719-8e3c-6d4751e701da","__parent":"tunnel_lights","position":[-827.182983,-905.090698,126.198578],"color":[0.996078014,0.792156994,0.639216006,2],"flareScale":0,"radius":10,"rotationMatrix":[1,0,0,0,0.999999762,-0.000690533896,0,0.000690533896,0.999999762]}
{"class":"PointLight","persistentId":"4c25022b-d905-4c62-a5f9-cd559b57e655","__parent":"tunnel_lights","position":[1153.04419,-715.644287,166.030823],"color":[0.996078014,0.772548974,0.525489986,2],"flareScale":0,"radius":10,"rotationMatrix":[-0.498536915,0.866868556,2.66481948e-10,-0.866868258,-0.498536736,-0.000690533314,-0.000598601473,-0.000344256579,0.999999762]}
{"class":"PointLight","persistentId":"4d5813f3-4f0d-4535-9c16-0acf3811415a","__parent":"tunnel_lights","position":[1320.84265,-880.83075,161.432297],"color":[0.996078014,0.772548974,0.525489986,2],"flareScale":0,"radius":10,"rotationMatrix":[-0.498536915,0.866868556,2.66481948e-10,-0.866868258,-0.498536736,-0.000690533314,-0.000598601473,-0.000344256579,0.999999762]}
{"class":"PointLight","persistentId":"4d825adc-da33-4497-9ec5-d5903faab063","__parent":"tunnel_lights","position":[16.2836571,345.33606,105.396744],"color":[0.996078014,0.792156994,0.639216006,2],"radius":10,"rotationMatrix":[1,0,0,0,0.999999762,-0.000690533896,0,0.000690533896,0.999999762]}
{"class":"PointLight","persistentId":"4e7a5d53-bc4e-4e9b-8a57-f486f811ae87","__parent":"tunnel_lights","position":[90.9250183,199.674713,79.5447922],"color":[0.996078014,0.792156994,0.639216006,2],"radius":10,"rotationMatrix":[1,0,0,0,0.999999762,-0.000690533896,0,0.000690533896,0.999999762]}
{"class":"PointLight","persistentId":"4ee69a49-39ea-4d89-9e43-8debe14a2d42","__parent":"tunnel_lights","position":[1028.58716,652.753357,141.574966],"color":[0.996078014,0.792156994,0.639216006,2],"radius":10,"rotationMatrix":[1,0,0,0,0.999999762,-0.000690533896,0,0.000690533896,0.999999762]}
{"class":"PointLight","persistentId":"4f64974e-6260-4f68-a7a5-d257e96f879e","__parent":"tunnel_lights","position":[1278.96423,-947.143921,162.521896],"color":[0.996078014,0.772548974,0.525489986,2],"flareScale":0,"radius":10,"rotationMatrix":[-0.498536915,0.866868556,2.66481948e-10,-0.866868258,-0.498536736,-0.000690533314,-0.000598601473,-0.000344256579,0.999999762]}
{"class":"PointLight","persistentId":"5201db01-ef61-496a-9b52-8f6a3c65dfde","__parent":"tunnel_lights","position":[7.53072834,326.318726,104.766724],"color":[0.996078014,0.792156994,0.639216006,2],"radius":10,"rotationMatrix":[1,0,0,0,0.999999762,-0.000690533896,0,0.000690533896,0.999999762]}
{"class":"PointLight","persistentId":"524aab41-71d2-4d49-8dc9-bc4bcde6e280","__parent":"tunnel_lights","position":[1118.78174,680.928406,145.524994],"color":[0.996078014,0.792156994,0.639216006,2],"radius":10,"rotationMatrix":[1,0,0,0,0.999999762,-0.000690533896,0,0.000690533896,0.999999762]}
{"class":"PointLight","persistentId":"5290a8ae-a7ba-4211-b60a-ee4fd3dd622c","__parent":"tunnel_lights","position":[1272.76562,-967.370605,166.275589],"color":[0.411765009,0.815685987,0.513725996,0.00800000038],"radius":10,"rotationMatrix":[1,0,0,0,0.999999762,-0.000690533896,0,0.000690533896,0.999999762]}
{"class":"PointLight","persistentId":"53f73094-6d1b-4f4d-89c0-fc1d3c3dc257","__parent":"tunnel_lights","position":[1062.75903,598.335083,148.890594],"animate":false,"color":[0.996078014,0.878431022,0.721569002,2],"radius":10,"rotationMatrix":[1,0,0,0,0.999999762,-0.000690533896,0,0.000690533896,0.999999762]}
{"class":"PointLight","persistentId":"54e6eeb4-567a-4f07-9be6-43e5322281d2","__parent":"tunnel_lights","position":[1336.41223,-792.784851,160.808517],"color":[0.996078014,0.772548974,0.525489986,2],"flareScale":0,"radius":10,"rotationMatrix":[-0.498536915,0.866868556,2.66481948e-10,-0.866868258,-0.498536736,-0.000690533314,-0.000598601473,-0.000344256579,0.999999762]}
{"class":"PointLight","persistentId":"54fd7e31-0fa6-4b8f-92f3-23e9d88449b9","__parent":"tunnel_lights","position":[-1.58717382,361.000854,106.032227],"color":[0.996078014,0.792156994,0.639216006,2],"radius":10,"rotationMatrix":[1,0,0,0,0.999999762,-0.000690533896,0,0.000690533896,0.999999762]}
{"class":"PointLight","persistentId":"55640e1d-3752-4987-a7fb-07a820d10c6a","__parent":"tunnel_lights","position":[1060.85376,-1201.97949,170.096344],"color":[0.996078014,0.772548974,0.525489986,2],"flareScale":0,"radius":10,"rotationMatrix":[0.211330831,0.977414668,3.74711762e-10,-0.97741431,0.211330771,-0.000690534012,-0.000674938085,0.000145930753,0.999999762]}
{"class":"PointLight","persistentId":"5568ae86-acb9-4bf7-8ca9-292a8b2d8dcb","__parent":"tunnel_lights","position":[124.969505,210.968643,79.7496796],"color":[0.996078014,0.792156994,0.639216006,2],"radius":10,"rotationMatrix":[1,0,0,0,0.999999762,-0.000690533896,0,0.000690533896,0.999999762]}
{"class":"PointLight","persistentId":"55ccd5e8-8e8d-45c8-bf99-5ff303d04326","__parent":"tunnel_lights","position":[1118.11755,-1182.80994,170.281952],"color":[0.996078014,0.835294008,0.643136978,1],"flareScale":0,"radius":10,"rotationMatrix":[-0.196068883,0.980590224,3.39241552e-10,-0.980589926,-0.196068823,-0.000690533547,-0.00067713036,-0.000135392474,0.999999821]}
{"class":"PointLight","persistentId":"563a1adc-c2ab-413a-ac94-774f9f413659","__parent":"tunnel_lights","position":[-234.569427,274.757812,84.931427],"color":[0.996078014,0.792156994,0.639216006,2],"radius":10,"rotationMatrix":[1,0,0,0,0.999999762,-0.000690533896,0,0.000690533896,0.999999762]}
{"class":"PointLight","persistentId":"56c728f7-4953-41b9-8b3b-bf88977eb883","__parent":"tunnel_lights","position":[1136.44543,876.343994,129.150574],"color":[0.996078014,0.792156994,0.639216006,2],"radius":10,"rotationMatrix":[1,0,0,0,0.999999762,-0.000690533896,0,0.000690533896,0.999999762]}
{"class":"PointLight","persistentId":"56e82ed7-bed2-48c2-846f-ddcc85277e7c","__parent":"tunnel_lights","position":[1321.44812,-745.048218,164.487198],"color":[0.996078014,0.772548974,0.525489986,2],"flareScale":0,"radius":10,"rotationMatrix":[-0.498536915,0.866868556,2.66481948e-10,-0.866868258,-0.498536736,-0.000690533314,-0.000598601473,-0.000344256579,0.999999762]}
{"class":"PointLight","persistentId":"58095368-2efc-4927-95c6-29ad3f86dead","__parent":"tunnel_lights","position":[999.317444,462.264374,149.366119],"animate":false,"color":[0.996078014,0.878431022,0.721569002,2],"flareScale":0,"radius":10,"rotationMatrix":[1,0,0,0,0.999999762,-0.000690533896,0,0.000690533896,0.999999762]}
{"class":"PointLight","persistentId":"58877919-4ab1-4594-8ca1-fdc7ad4dda9a","__parent":"tunnel_lights","position":[1191.83484,740.160034,141.382843],"animate":false,"color":[0.996078014,0.878431022,0.721569002,2],"flareScale":0,"radius":10,"rotationMatrix":[1,0,0,0,0.999999762,-0.000690533896,0,0.000690533896,0.999999762]}
{"class":"PointLight","persistentId":"58e1a519-bdd3-4a56-9790-87789a31910c","__parent":"tunnel_lights","position":[1144.93799,-1158.37683,169.878571],"color":[0.996078014,0.835294008,0.643136978,1],"flareScale":0,"radius":10,"rotationMatrix":[-0.302081406,0.953282177,3.17413623e-10,-0.953281939,-0.302081317,-0.000690533663,-0.000658273289,-0.000208597674,0.999999762]}
{"class":"PointLight","persistentId":"5aa3df25-51cb-410b-a48d-cdbb03a41107","__parent":"tunnel_lights","position":[-444.231384,458.279083,80.3021622],"color":[0.996078014,0.792156994,0.639216006,2],"radius":10,"rotationMatrix":[1,0,0,0,0.999999762,-0.000690533896,0,0.000690533896,0.999999762]}
{"class":"PointLight","persistentId":"5ae4e084-1e08-474c-ace7-743795e60943","__parent":"tunnel_lights","position":[1138.09961,-1151.53357,169.267441],"color":[0.996078014,0.772548974,0.525489986,2],"flareScale":0,"radius":10,"rotationMatrix":[-0.302081406,0.953282177,3.17413623e-10,-0.953281939,-0.302081317,-0.000690533663,-0.000658273289,-0.000208597674,0.999999762]}
{"class":"PointLight","persistentId":"5b5e2e92-ff2d-4c33-b8a5-3d689c19360a","__parent":"tunnel_lights","position":[1332.71704,-736.951538,162.816589],"color":[0.996078014,0.772548974,0.525489986,2],"flareScale":0,"radius":10,"rotationMatrix":[-0.498536915,0.866868556,2.66481948e-10,-0.866868258,-0.498536736,-0.000690533314,-0.000598601473,-0.000344256579,0.999999762]}
{"class":"PointLight","persistentId":"5bfc3186-4b78-4764-a244-912dae332560","__parent":"tunnel_lights","position":[1349.32898,-833.963318,165.14267],"color":[0.996078014,0.772548974,0.525489986,2],"flareScale":0,"radius":10,"rotationMatrix":[-0.498536915,0.866868556,2.66481948e-10,-0.866868258,-0.498536736,-0.000690533314,-0.000598601473,-0.000344256579,0.999999762]}
{"class":"PointLight","persistentId":"5c3b9843-9dd4-4dd4-a0d0-ae35401f48bd","__parent":"tunnel_lights","position":[48.378994,426.007721,80.0612411],"color":[0.996078014,0.792156994,0.639216006,2],"radius":10,"rotationMatrix":[1,0,0,0,0.999999762,-0.000690533896,0,0.000690533896,0.999999762]}
{"class":"PointLight","persistentId":"5d6f31fa-643d-4fb1-96c5-abda55de9528","__parent":"tunnel_lights","position":[972.204346,-1191.36816,171.104218],"color":[0.996078014,0.772548974,0.525489986,2],"flareScale":0,"radius":10,"rotationMatrix":[0.884388149,0.466752142,-1.27329241e-11,-0.466752082,0.88438803,-0.000690533314,-0.000322307867,0.000610699411,0.999999762]}
{"class":"PointLight","persistentId":"5de91f2d-d451-4d02-90bd-c0df71a621a7","__parent":"tunnel_lights","position":[0.534186006,200.177551,80.0175323],"color":[0.996078014,0.792156994,0.639216006,2],"radius":10,"rotationMatrix":[1,0,0,0,0.999999762,-0.000690533896,0,0.000690533896,0.999999762]}
{"class":"PointLight","persistentId":"5f31d674-65e8-4d73-ac08-1a0350457d6c","__parent":"tunnel_lights","position":[1246.20178,-686.953125,164.346786],"color":[0.996078014,0.772548974,0.525489986,2],"flareScale":0,"radius":10,"rotationMatrix":[-0.498536915,0.866868556,2.66481948e-10,-0.866868258,-0.498536736,-0.000690533314,-0.000598601473,-0.000344256579,0.999999762]}
{"class":"PointLight","persistentId":"5fb845cd-05fe-4b38-9e54-02ca228566b0","__parent":"tunnel_lights","position":[1128.32568,909.386475,125.408554],"animate":false,"color":[0.996078014,0.878431022,0.721569002,2],"flareScale":0,"radius":10,"rotationMatrix":[1,0,0,0,0.999999762,-0.000690533896,0,0.000690533896,0.999999762]}
{"class":"PointLight","persistentId":"60322b88-9c14-4501-bc8f-78b2ad864d71","__parent":"tunnel_lights","position":[1345.43591,-772.571594,165.337677],"color":[0.996078014,0.772548974,0.525489986,2],"flareScale":0,"radius":10,"rotationMatrix":[-0.498536915,0.866868556,2.66481948e-10,-0.866868258,-0.498536736,-0.000690533314,-0.000598601473,-0.000344256579,0.999999762]}
{"class":"PointLight","persistentId":"63a300d6-f8de-4f8d-9e7a-5737443e1dde","__parent":"tunnel_lights","position":[24.6855812,310.971863,104.242287],"color":[0.996078014,0.792156994,0.639216006,2],"radius":10,"rotationMatrix":[1,0,0,0,0.999999762,-0.000690533896,0,0.000690533896,0.999999762]}
{"class":"PointLight","persistentId":"63a8c616-4f35-4557-adfc-61a91b7d12a0","__parent":"tunnel_lights","position":[922.560242,394.682281,152.516464],"color":[0.996078014,0.792156994,0.639216006,2],"radius":10,"rotationMatrix":[1,0,0,0,0.999999762,-0.000690533896,0,0.000690533896,0.999999762]}
{"class":"PointLight","persistentId":"649c3bf1-7392-4291-99c3-ecd5f04fd008","__parent":"tunnel_lights","position":[1125.33191,904.520203,128.325775],"animate":false,"color":[0.996078014,0.878431022,0.721569002,2],"radius":10,"rotationMatrix":[1,0,0,0,0.999999762,-0.000690533896,0,0.000690533896,0.999999762]}
{"class":"PointLight","persistentId":"65c7c977-87ea-4155-adce-e8d048546e58","__parent":"tunnel_lights","position":[1319.90112,-932.32428,163.233353],"color":[0.996078014,0.772548974,0.525489986,2],"flareScale":0,"radius":10,"rotationMatrix":[-0.498536915,0.866868556,2.66481948e-10,-0.866868258,-0.498536736,-0.000690533314,-0.000598601473,-0.000344256579,0.999999762]}
{"class":"PointLight","persistentId":"661a7b72-c20b-4edc-ac84-0c39a26ee649","__parent":"tunnel_lights","position":[49.9673691,429.906525,79.0338287],"color":[0.478430986,0.996078014,0.627451003,0.00800000038],"radius":10,"rotationMatrix":[1,0,0,0,0.999999762,-0.000690533896,0,0.000690533896,0.999999762]}
{"class":"PointLight","persistentId":"664f8cae-3b77-487c-8538-d4ff46f4ff2a","__parent":"tunnel_lights","position":[-199.646133,281.24118,86.9642563],"color":[0.996078014,0.792156994,0.639216006,2],"radius":10,"rotationMatrix":[1,0,0,0,0.999999762,-0.000690533896,0,0.000690533896,0.999999762]}
{"class":"PointLight","persistentId":"66fd6e6f-b9da-4aab-a04c-e0b846014485","__parent":"tunnel_lights","position":[1353.36523,-834.769592,162.252151],"brightness":2,"color":[0.996078014,0.772548974,0.525489986,2],"flareScale":0,"radius":0,"rotationMatrix":[-0.498536915,0.866868556,2.66481948e-10,-0.866868258,-0.498536736,-0.000690533314,-0.000598601473,-0.000344256579,0.999999762]}
{"class":"PointLight","persistentId":"671f1950-071a-45eb-92e7-530287ec0f1a","__parent":"tunnel_lights","position":[1203.97937,-1081.8429,168.774399],"color":[0.996078014,0.835294008,0.643136978,1],"flareScale":0,"radius":10,"rotationMatrix":[-0.443654209,0.896198034,2.45563569e-10,-0.896197915,-0.44365415,-0.000690533663,-0.000618854712,-0.000306358357,0.999999762]}
{"class":"PointLight","persistentId":"6bc69290-c1e4-4bf2-acdd-533d233f7662","__parent":"tunnel_lights","position":[-4.09794426,120.876427,98.1331024],"color":[0.996078014,0.792156994,0.639216006,2],"radius":10,"rotationMatrix":[1,0,0,0,0.999999762,-0.000690533896,0,0.000690533896,0.999999762]}
{"class":"PointLight","persistentId":"71ce8c31-aafd-4033-8fa3-0eb862b17613","__parent":"tunnel_lights","position":[-15.0818996,391.37851,106.487457],"color":[0.996078014,0.792156994,0.639216006,2],"radius":10,"rotationMatrix":[1,0,0,0,0.999999762,-0.000690533896,0,0.000690533896,0.999999762]}
{"class":"PointLight","persistentId":"71e5e1a5-ce69-4abb-99e6-2cd8ddaa0668","__parent":"tunnel_lights","position":[37.5878067,312.340424,104.247223],"color":[0.996078014,0.792156994,0.639216006,2],"radius":10,"rotationMatrix":[1,0,0,0,0.999999762,-0.000690533896,0,0.000690533896,0.999999762]}
{"class":"PointLight","persistentId":"723a088c-9844-4261-acf9-c7c73fc01468","__parent":"tunnel_lights","position":[1245.46741,-691.010376,167.212234],"color":[0.996078014,0.772548974,0.525489986,2],"flareScale":0,"radius":10,"rotationMatrix":[-0.498536915,0.866868556,2.66481948e-10,-0.866868258,-0.498536736,-0.000690533314,-0.000598601473,-0.000344256579,0.999999762]}
{"class":"PointLight","persistentId":"72ce267d-6d1d-4e31-9616-1f02e28d9cd6","__parent":"tunnel_lights","position":[1154.25439,700.064453,142.927612],"animate":false,"color":[0.996078014,0.878431022,0.721569002,2],"flareScale":0,"radius":10,"rotationMatrix":[1,0,0,0,0.999999762,-0.000690533896,0,0.000690533896,0.999999762]}
