triggers=BeamLRTrigger_DerbyCP1,BeamLRTrigger_DerbyCP2,BeamLRTrigger_DerbyCP3,BeamLRTrigger_DerbyCP4,BeamLRTrigger_DerbyFinish
waypoints=derby_wp15,derby_wp21,derby_wp27,derby_wp1,derby_wp7,derby_wp14
configs=class:D
title=Hirochi Raceway Class D Figure 8 Derby
map=hirochi_raceway
layout=Figure 8
timeofday=0,1.0
perfclass=D
powertrain=any
allowedmodel=any
allowedbrand=any
induction=any
reputation=100
joincost=1500
laps=5,10
rounds=3,5
opcount=4,7
moneyreward=4500:5000,3000:3200,1500
repreward=300:400,150:200,100
partreward=0.3,500:1500
carreward=none
pentrigs=none
pitlane=false
risk=1.4
aispd=115.0
aispdmode=limit
scount=7
spos1=172.56494140625,-8.0641059875488,20.309900283813
srot1=-0.0031432047590377,-0.0031719975241117,0.90414828692965,-0.42719542827345
spos2=174.74005126953,1.531205534935,20.357353210449
srot2=0.0014392277396155,-0.01164451071474,0.9053845927041,-0.42443029261325
spos3=185.18281555176,2.3636775016785,20.359657287598
srot3=0.0020112197593098,-0.011797343315061,0.90443080356951,-0.42645245835895
spos4=188.24046325684,12.636389732361,20.769536972046
srot4=0.014751979407327,-0.03101832163413,0.90302756279575,-0.42820726717063
spos5=198.28735351563,12.73227596283,20.7184715271
srot5=0.013715007825752,-0.031163791273856,0.90129478528516,-0.4318662138806
spos6=200.7109375,22.515138626099,21.481657028198
srot6=0.022668475716759,-0.046214667534829,0.89452443416787,-0.44404547220975
spos7=210.96260070801,22.221858978271,21.400667190552
srot7=0.022222677719375,-0.046610895161155,0.88648396754109,-0.45986927744725
espos=214.70727539063,27.976020812988,22.00260925293
esrot=0.027461523167538,-0.05685385374659,0.88593417367198,-0.45949335575135
