waypoints=blrwp_wp1,blrwp_wp2,blrwp_wp3,blrwp_wp4,blrwp_wp5,blrwp_wp6,blrwp_wp7
triggers=BeamLRTrigger_CP3,BeamLRTrigger_CP4,BeamLRTrigger_CP5,BeamLRTrigger_CP6,BeamLRTrigger_CP7,BeamLRTrigger_CP8,BeamLRTrigger_CP1
configs=class:trackS
title=Motorsports Playground Superspeedway Race (Class S)
map=motorsports_playground
layout=Superspeedway
timeofday=1.0
perfclass=S
powertrain=any
allowedmodel=any
allowedbrand=any
induction=any
reputation=9000
joincost=30000
laps=10,20
rounds=2,3
opcount=4,7
moneyreward=120000:150000,60000:90000,30000:60000
repreward=1000:2000,500:1000,250:500
partreward=0.3,5000:30000
carreward=none
pitlane=true
pittrigs=BeamLRTrigger_PitEntry,BeamLRTrigger_PitExit,BeamLRTrigger_CP5,BeamLRTrigger_CP8
pitpos=151.10260009766,-248.63999938965,9.1521444320679
pitrot=0.0031915350322323,-0.0034809201070117,0.70462917441222,0.70956002132765
pentrigs=none
risk=2.0
aispd=200.0
aispdmode=limit
prefabs=none
scount=8
spos1=150.8073425293,-330.34716796875,12.668169975281
srot1=0.10696300058084,0.085242428457986,0.69034383174478,0.71043510531875
spos2=142.54458618164,-323.59915161133,10.785466194153
srot2=0.09302751748883,0.090305897402186,0.70228756729755,0.69998778468166
spos3=135.7353515625,-330.50479125977,12.58872127533
srot3=0.097060472577674,0.087878569431375,0.69201691036986,0.70990789364526
spos4=128.44458007813,-323.47219848633,10.730215072632
srot4=0.09490710323581,0.083288369643499,0.70287462422778,0.70001639398958
spos5=121.79263305664,-330.78530883789,12.689251899719
srot5=0.096492620579512,0.087347950001643,0.71059717359406,0.69145583133295
spos6=115.48524475098,-323.30508422852,10.756181716919
srot6=0.093689364272611,0.08692833967569,0.72937184050007,0.67207327358627
spos7=108.0785446167,-330.26736450195,12.69738483429
srot7=0.098627535643676,0.081069395396366,0.71110982150631,0.69139220714453
spos8=101.41300201416,-322.07009887695,10.634087562561
srot8=0.096256037571047,0.080944410642182,0.72988929160394,0.6718961226401
espos=96.759979248047,-323.22323608398,11.029874801636
esrot=0.1012837697667,0.087537415325366,0.73038515146032,0.66978827208774
