triggers=BLRTrig_DirtOvalCP2,BLRTrig_DirtOvalCP3,BLRTrig_DirtOvalCP4,BLRTrig_DirtOvalCP1
waypoints=blrwp_dirtovalwp1,blrwp_dirtovalwp2,blrwp_dirtovalwp3,blrwp_dirtovalwp4
configs=class:D
title=WCUSA Dirt Oval Derby (Class D)
map=west_coast_usa
layout=Dirt Oval
timeofday=1.0,1.0
perfclass=D
powertrain=any
allowedmodel=any
allowedbrand=any
induction=any
reputation=100
joincost=1500
laps=5,10
rounds=3,5
opcount=4,7
moneyreward=4500:5000,3000:3200,1500
repreward=300:400,150:200,100
partreward=0.3,500:1500
carreward=none
pitlane=false
pittrigs=none
pitpos=none
pitrot=none
pentrigs=none
prefabs=none
risk=2.0
aispd=115.0
aispdmode=limit
scount=8
spos1=329.32247924805,20.760292053223,127.62554168701
srot1=0.030018569344365,0.04470237342343,0.43415583214144,0.89922705515482
spos2=328.70880126953,12.903999328613,128.24186706543
srot2=0.030301193691033,0.044854233712265,0.43418055766675,0.89919807535558
spos3=320.70620727539,13.892256736755,127.64897155762
srot3=0.02985110480981,0.04426487416331,0.43412816154585,0.89926763080284
spos4=320.4423828125,6.306426525116,128.26760864258
srot4=0.030012216703837,0.044216883923922,0.43433262243018,0.89916589521484
spos5=312.18020629883,7.1309728622437,127.65573883057
srot5=0.027933421522218,0.048042339121087,0.43557082912911,0.89843737145425
spos6=311.86798095703,-0.49349963665009,128.27267456055
srot6=0.027826956946206,0.048587069903887,0.43533365303841,0.89852633107633
spos7=304.03179931641,0.67480045557022,127.6741104126
srot7=0.028264319620834,0.047902542672169,0.43524342820161,0.89859314088703
spos8=303.64849853516,-7.0144138336182,128.29187011719
srot8=0.02818636045363,0.047559123192411,0.43535234141414,0.89856107066285
espos=281.14608764648,-16.327087402344,127.69470977783
esrot=0.033876169528327,0.043340557754226,0.50131141870497,0.86351656768568
