triggers=BLRTrig_DirtOvalCP7,BLRTrig_DirtOvalCP2,BLRTrig_DirtOvalCP5,BLRTrig_DirtOvalCP6,BLRTrig_DirtOvalCP4,BLRTrig_DirtOvalCP8
waypoints=blrwp_dirtovalwp6,blrwp_dirtovalwp2,blrwp_dirtovalwp7,blrwp_dirtovalwp8,blrwp_dirtovalwp4,blrwp_dirtovalwp5
configs=class:D
title=WCUSA Dirt Figure 8 Derby (Class D)
map=west_coast_usa
layout=Dirt Oval
timeofday=1.0,1.0
perfclass=D
powertrain=any
allowedmodel=any
allowedbrand=any
induction=any
reputation=100
joincost=1500
laps=5,10
rounds=3,5
opcount=4,7
moneyreward=4500:5000,3000:3200,1500
repreward=300:400,150:200,100
partreward=0.3,500:1500
carreward=none
pitlane=false
pittrigs=none
pitpos=none
pitrot=none
pentrigs=none
prefabs=none
risk=1.5
aispd=115.0
aispdmode=limit
scount=8
spos1=316.83242797852,63.150737762451,126.71446228027
srot1=0.011569722000408,0.0017490191308388,0.069883740276016,0.99748651384866
spos2=322.51635742188,56.863025665283,126.71419525146
srot2=0.0077559910289061,0.0032885408906431,0.069635411104147,0.99753693647019
spos3=315.32846069336,52.284915924072,126.71501922607
srot3=0.008011248827701,0.0034737894363221,0.069252678159128,0.9975609351047
spos4=320.98986816406,45.951095581055,126.71337890625
srot4=0.0075104856905679,0.0031519470252237,0.069914751274224,0.99751971679206
spos5=313.85223388672,41.955432891846,126.7135925293
srot5=0.007584119613227,0.0031543226381925,0.069798176145332,0.99752731590928
spos6=319.60244750977,36.11404800415,126.71477508545
srot6=0.0079404300813874,0.0034431879121477,0.069296812584795,0.99755854253909
spos7=312.49572753906,32.334915161133,126.71478271484
srot7=0.0079549225556367,0.0034458765506181,0.069344808604216,0.99755508252005
spos8=318.22064208984,26.317491531372,126.71472930908
srot8=0.0079085282259431,0.0033575207738416,0.069415984630252,0.99755080237217
espos=318.22064208984,26.317491531372,126.71472930908
esrot=0.0079085282259431,0.0033575207738416,0.069415984630252,0.99755080237217