{"class":"TSStatic","persistentId":"2ef21674-9896-414d-bbd1-7922bae1a705","__parent":"coil04","position":[-1412.53418,-799.711426,104.363586],"annotation":"OBSTACLES","collisionType":"Visible Mesh Final","decalType":"None","isRenderEnabled":false,"rotationMatrix":[-0.0385690928,0.999255836,0,-0.999255836,-0.0385690928,0,0,0,1],"shapeName":"/levels/west_coast_usa/art/shapes/buildings/steel_factory/s_steel_factory_coil_support.dae","useInstanceRenderData":true}
{"class":"TSStatic","persistentId":"c032928f-6e35-473c-8858-2fa1f827640b","__parent":"coil04","position":[-1413.70044,-799.759705,105.190575],"decalType":"None","isRenderEnabled":false,"rotationMatrix":[-0.0221600533,0.574867845,0.817945838,-0.999258637,-0.0384917259,-1.96397305e-05,0.0314731002,-0.817340136,0.575295031],"scale":[0.899999976,1.10000002,0.899999976],"shapeName":"/art/shapes/objects/s_coil.dae","useInstanceRenderData":true}
{"class":"TSStatic","persistentId":"6f47b425-7298-4790-a36e-428222fc0d2b","__parent":"coil04","position":[-1415.23279,-799.818848,105.190575],"decalType":"None","isRenderEnabled":false,"rotationMatrix":[-0.0210379362,0.545795798,0.837653875,-0.999258757,-0.0384912491,-1.68383121e-05,0.0322333276,-0.83703351,0.546201289],"scale":[0.899999976,1.10000002,0.899999976],"shapeName":"/art/shapes/objects/s_coil.dae","useInstanceRenderData":true}
{"class":"TSStatic","persistentId":"07b4d01e-420c-4104-a392-321349a5ceaf","__parent":"coil04","position":[-1416.64368,-799.873352,105.190575],"decalType":"None","isRenderEnabled":false,"rotationMatrix":[-0.0185480118,0.481289178,-0.876365483,-0.999253869,-0.0386207104,-6.10351562e-05,-0.0338753462,0.875710547,0.481646538],"scale":[0.899999976,1.10000002,0.899999976],"shapeName":"/art/shapes/objects/s_coil.dae","useInstanceRenderData":true}
{"class":"TSStatic","persistentId":"e3e4db51-c528-4e4f-8f63-deb4686d2965","__parent":"coil04","position":[-1412.26941,-799.704468,105.190575],"decalType":"None","isRenderEnabled":false,"rotationMatrix":[-0.0371659994,0.963642001,0.264599144,-0.999257684,-0.0385220051,-6.44028187e-05,0.0101308376,-0.264405161,0.964358449],"scale":[0.899999976,1.10000002,0.899999976],"shapeName":"/art/shapes/objects/s_coil.dae","useInstanceRenderData":true}
{"class":"TSStatic","persistentId":"5570328c-8c03-4dd1-9b45-ea4c58566840","__parent":"coil04","position":[-1410.61975,-799.640869,105.190575],"decalType":"None","isRenderEnabled":false,"rotationMatrix":[0.0371658802,-0.963642061,0.264599204,0.999257743,0.0385218859,-6.43730164e-05,-0.0101308376,0.264405221,0.964358449],"scale":[0.899999976,1.10000002,0.899999976],"shapeName":"/art/shapes/objects/s_coil.dae","useInstanceRenderData":true}
{"class":"TSStatic","persistentId":"e4ae9fdd-5546-4108-abba-b9c301964501","__parent":"coil04","position":[-1409.03882,-799.579773,105.190575],"decalType":"None","isRenderEnabled":false,"rotationMatrix":[0.0334883928,-0.868358791,-0.494804382,0.999255359,0.0385814905,-7.91400671e-05,0.0191589445,-0.494433343,0.869004369],"scale":[0.899999976,1.10000002,0.899999976],"shapeName":"/art/shapes/objects/s_coil.dae","useInstanceRenderData":true}
{"class":"TSStatic","persistentId":"227a722f-f7ca-4b82-b0c1-30aa525faa64","__parent":"coil04","position":[-1422.82446,-800.111877,105.190506],"decalType":"None","isRenderEnabled":false,"rotationMatrix":[-0.0221600533,0.574867845,0.817945838,-0.999258637,-0.0384917259,-1.96397305e-05,0.0314731002,-0.817340136,0.575295031],"scale":[0.899999976,1.10000002,0.899999976],"shapeName":"/art/shapes/objects/s_coil.dae","useInstanceRenderData":true}
{"class":"TSStatic","persistentId":"e3c7e73b-34bc-45d0-95b5-707252b5adeb","__parent":"coil04","position":[-1421.39343,-800.056641,105.190506],"decalType":"None","isRenderEnabled":false,"rotationMatrix":[-0.0371659994,0.963642001,0.264599144,-0.999257684,-0.0385220051,-6.44028187e-05,0.0101308376,-0.264405161,0.964358449],"scale":[0.899999976,1.10000002,0.899999976],"shapeName":"/art/shapes/objects/s_coil.dae","useInstanceRenderData":true}
{"class":"TSStatic","persistentId":"caa01268-f3dd-4205-82a2-a18765a5f0ec","__parent":"coil04","position":[-1419.74377,-799.993042,105.190506],"decalType":"None","isRenderEnabled":false,"rotationMatrix":[0.0371658802,-0.963642061,0.264599204,0.999257743,0.0385218859,-6.43730164e-05,-0.0101308376,0.264405221,0.964358449],"scale":[0.899999976,1.10000002,0.899999976],"shapeName":"/art/shapes/objects/s_coil.dae","useInstanceRenderData":true}
{"class":"TSStatic","persistentId":"eda398c0-ef5b-44bf-9a55-84e38fea2ee1","__parent":"coil04","position":[-1418.16284,-799.931946,105.190506],"decalType":"None","isRenderEnabled":false,"rotationMatrix":[0.0334883928,-0.868358791,-0.494804382,0.999255359,0.0385814905,-7.91400671e-05,0.0191589445,-0.494433343,0.869004369],"scale":[0.899999976,1.10000002,0.899999976],"shapeName":"/art/shapes/objects/s_coil.dae","useInstanceRenderData":true}
{"class":"TSStatic","persistentId":"12eda318-1830-49b3-859b-42e66c4e756a","__parent":"coil04","position":[-1422.53967,-800.097595,104.363586],"annotation":"OBSTACLES","collisionType":"Visible Mesh Final","decalType":"None","isRenderEnabled":false,"rotationMatrix":[-0.0385690928,0.999255836,0,-0.999255836,-0.0385690928,0,0,0,1],"shapeName":"/levels/west_coast_usa/art/shapes/buildings/steel_factory/s_steel_factory_coil_support.dae","useInstanceRenderData":true}
{"class":"TSStatic","persistentId":"03992d17-0ad6-4364-bc06-79f665b2d11e","__parent":"coil04","position":[-1409.30469,-796.278381,104.363586],"annotation":"OBSTACLES","collisionType":"Visible Mesh Final","decalType":"None","isRenderEnabled":false,"rotationMatrix":[-0.0385690928,0.999255836,0,-0.999255836,-0.0385690928,0,0,0,1],"shapeName":"/levels/west_coast_usa/art/shapes/buildings/steel_factory/s_steel_factory_coil_support.dae","useInstanceRenderData":true}
{"class":"TSStatic","persistentId":"f1fd6b75-1e81-43c1-9b77-ef2d0ad6e2d8","__parent":"coil04","position":[-1410.47095,-796.32666,105.190575],"decalType":"None","isRenderEnabled":false,"rotationMatrix":[-0.0221600533,0.574867845,0.817945838,-0.999258637,-0.0384917259,-1.96397305e-05,0.0314731002,-0.817340136,0.575295031],"scale":[0.899999976,1.10000002,0.899999976],"shapeName":"/art/shapes/objects/s_coil.dae","useInstanceRenderData":true}
{"class":"TSStatic","persistentId":"ff535e16-900d-4add-94a1-181458e0f6e2","__parent":"coil04","position":[-1412.0033,-796.385803,105.190575],"decalType":"None","isRenderEnabled":false,"rotationMatrix":[-0.0210379362,0.545795798,0.837653875,-0.999258757,-0.0384912491,-1.68383121e-05,0.0322333276,-0.83703351,0.546201289],"scale":[0.899999976,1.10000002,0.899999976],"shapeName":"/art/shapes/objects/s_coil.dae","useInstanceRenderData":true}
{"class":"TSStatic","persistentId":"fb48ab72-3154-4eed-8f76-85cfad8396b2","__parent":"coil04","position":[-1413.41418,-796.440308,105.190575],"decalType":"None","isRenderEnabled":false,"rotationMatrix":[-0.0185480118,0.481289178,-0.876365483,-0.999253869,-0.0386207104,-6.10351562e-05,-0.0338753462,0.875710547,0.481646538],"scale":[0.899999976,1.10000002,0.899999976],"shapeName":"/art/shapes/objects/s_coil.dae","useInstanceRenderData":true}
{"class":"TSStatic","persistentId":"a941fed5-302c-4b1d-a230-46c745cc3b83","__parent":"coil04","position":[-1409.03992,-796.271423,105.190575],"decalType":"None","isRenderEnabled":false,"rotationMatrix":[-0.0371659994,0.963642001,0.264599144,-0.999257684,-0.0385220051,-6.44028187e-05,0.0101308376,-0.264405161,0.964358449],"scale":[0.899999976,1.10000002,0.899999976],"shapeName":"/art/shapes/objects/s_coil.dae","useInstanceRenderData":true}
{"class":"TSStatic","persistentId":"b686b2af-a6bf-495e-8d0e-264a4d07fab4","__parent":"coil04","position":[-1406.5686,-796.176147,105.190521],"decalType":"None","isRenderEnabled":false,"rotationMatrix":[0.0371658802,-0.963642061,0.264599204,0.999257743,0.0385218859,-6.43730164e-05,-0.0101308376,0.264405221,0.964358449],"scale":[0.899999976,1.10000002,0.899999976],"shapeName":"/art/shapes/objects/s_coil.dae","useInstanceRenderData":true}
{"class":"TSStatic","persistentId":"43c731e1-0a00-4e85-9553-a5c5e776b673","__parent":"coil04","position":[-1419.573,-796.67804,105.19059],"decalType":"None","isRenderEnabled":false,"rotationMatrix":[-0.0221600533,0.574867845,0.817945838,-0.999258637,-0.0384917259,-1.96397305e-05,0.0314731002,-0.817340136,0.575295031],"scale":[0.899999976,1.10000002,0.899999976],"shapeName":"/art/shapes/objects/s_coil.dae","useInstanceRenderData":true}
{"class":"TSStatic","persistentId":"2a630e3c-57c7-49f5-aa22-86149fef1713","__parent":"coil04","position":[-1422.00879,-796.771973,105.190575],"decalType":"None","isRenderEnabled":false,"rotationMatrix":[-0.0210379362,0.545795798,0.837653875,-0.999258757,-0.0384912491,-1.68383121e-05,0.0322333276,-0.83703351,0.546201289],"scale":[0.899999976,1.10000002,0.899999976],"shapeName":"/art/shapes/objects/s_coil.dae","useInstanceRenderData":true}
{"class":"TSStatic","persistentId":"eff2d487-a0fc-4db4-a38e-1388670c0546","__parent":"coil04","position":[-1423.41968,-796.826477,105.190575],"decalType":"None","isRenderEnabled":false,"rotationMatrix":[-0.0185480118,0.481289178,-0.876365483,-0.999253869,-0.0386207104,-6.10351562e-05,-0.0338753462,0.875710547,0.481646538],"scale":[0.899999976,1.10000002,0.899999976],"shapeName":"/art/shapes/objects/s_coil.dae","useInstanceRenderData":true}
{"class":"TSStatic","persistentId":"4aeeadd0-283c-49cd-82d3-fe643b029624","__parent":"coil04","position":[-1418.14197,-796.622803,105.19059],"decalType":"None","isRenderEnabled":false,"rotationMatrix":[-0.0371659994,0.963642001,0.264599144,-0.999257684,-0.0385220051,-6.44028187e-05,0.0101308376,-0.264405161,0.964358449],"scale":[0.899999976,1.10000002,0.899999976],"shapeName":"/art/shapes/objects/s_coil.dae","useInstanceRenderData":true}
{"class":"TSStatic","persistentId":"7431842d-a149-4604-9a18-81268637d4fc","__parent":"coil04","position":[-1416.49231,-796.559204,105.19059],"decalType":"None","isRenderEnabled":false,"rotationMatrix":[0.0371658802,-0.963642061,0.264599204,0.999257743,0.0385218859,-6.43730164e-05,-0.0101308376,0.264405221,0.964358449],"scale":[0.899999976,1.10000002,0.899999976],"shapeName":"/art/shapes/objects/s_coil.dae","useInstanceRenderData":true}
{"class":"TSStatic","persistentId":"6141aa54-2594-4403-b25c-7f828fd406db","__parent":"coil04","position":[-1414.91138,-796.498108,105.19059],"decalType":"None","isRenderEnabled":false,"rotationMatrix":[0.0111664534,-0.291163594,-0.956607938,0.9992553,0.0385819077,-7.90655613e-05,0.0369306207,-0.955894828,0.291377783],"scale":[0.899999976,1.10000002,0.899999976],"shapeName":"/art/shapes/objects/s_coil.dae","useInstanceRenderData":true}
{"class":"TSStatic","persistentId":"13de182f-85be-4d5c-b1ee-849040a9bca5","__parent":"coil04","position":[-1419.31018,-796.664551,104.363586],"annotation":"OBSTACLES","collisionType":"Visible Mesh Final","decalType":"None","isRenderEnabled":false,"rotationMatrix":[-0.0385690928,0.999255836,0,-0.999255836,-0.0385690928,0,0,0,1],"shapeName":"/levels/west_coast_usa/art/shapes/buildings/steel_factory/s_steel_factory_coil_support.dae","useInstanceRenderData":true}
{"class":"TSStatic","persistentId":"f85229bf-576e-4beb-8c24-26a62cf38871","__parent":"coil04","position":[-1416.2876,-803.685486,104.363586],"annotation":"OBSTACLES","collisionType":"Visible Mesh Final","decalType":"None","isRenderEnabled":false,"rotationMatrix":[-0.0385690928,0.999255836,0,-0.999255836,-0.0385690928,0,0,0,1],"shapeName":"/levels/west_coast_usa/art/shapes/buildings/steel_factory/s_steel_factory_coil_support.dae","useInstanceRenderData":true}
{"class":"TSStatic","persistentId":"d88a694e-f9a8-4e28-b281-0f337cad4598","__parent":"coil04","position":[-1418.32324,-803.767273,105.190521],"decalType":"None","isRenderEnabled":false,"rotationMatrix":[-0.0221600533,0.574867845,0.817945838,-0.999258637,-0.0384917259,-1.96397305e-05,0.0314731002,-0.817340136,0.575295031],"scale":[0.899999976,1.10000002,0.899999976],"shapeName":"/art/shapes/objects/s_coil.dae","useInstanceRenderData":true}
{"class":"TSStatic","persistentId":"e1f78d52-829f-40eb-98be-6eec1688ac24","__parent":"coil04","position":[-1419.85559,-803.826416,105.190521],"decalType":"None","isRenderEnabled":false,"rotationMatrix":[-0.0210379362,0.545795798,0.837653875,-0.999258757,-0.0384912491,-1.68383121e-05,0.0322333276,-0.83703351,0.546201289],"scale":[0.899999976,1.10000002,0.899999976],"shapeName":"/art/shapes/objects/s_coil.dae","useInstanceRenderData":true}
{"class":"TSStatic","persistentId":"cf6579fe-82e8-4939-9ca4-de6e884a4f29","__parent":"coil04","position":[-1421.26648,-803.88092,105.190521],"decalType":"None","isRenderEnabled":false,"rotationMatrix":[-0.0185480118,0.481289178,-0.876365483,-0.999253869,-0.0386207104,-6.10351562e-05,-0.0338753462,0.875710547,0.481646538],"scale":[0.899999976,1.10000002,0.899999976],"shapeName":"/art/shapes/objects/s_coil.dae","useInstanceRenderData":true}
{"class":"TSStatic","persistentId":"b47b7934-eaca-42cb-b1b0-d9d0616764cf","__parent":"coil04","position":[-1416.89221,-803.712036,105.190521],"decalType":"None","isRenderEnabled":false,"rotationMatrix":[-0.0371659994,0.963642001,0.264599144,-0.999257684,-0.0385220051,-6.44028187e-05,0.0101308376,-0.264405161,0.964358449],"scale":[0.899999976,1.10000002,0.899999976],"shapeName":"/art/shapes/objects/s_coil.dae","useInstanceRenderData":true}
{"class":"TSStatic","persistentId":"affbc20d-4b9c-4a72-90cb-2750682bd51d","__parent":"coil04","position":[-1415.31335,-803.651245,105.190643],"decalType":"None","isRenderEnabled":false,"rotationMatrix":[0.0371658802,-0.963642061,0.264599204,0.999257743,0.0385218859,-6.43730164e-05,-0.0101308376,0.264405221,0.964358449],"scale":[0.899999976,1.10000002,0.899999976],"shapeName":"/art/shapes/objects/s_coil.dae","useInstanceRenderData":true}
{"class":"TSStatic","persistentId":"4f314bb4-45e0-48f0-b26c-a06e3b681a63","__parent":"coil04","position":[-1413.73242,-803.590149,105.190643],"decalType":"None","isRenderEnabled":false,"rotationMatrix":[0.0334883928,-0.868358791,-0.494804382,0.999255359,0.0385814905,-7.91400671e-05,0.0191589445,-0.494433343,0.869004369],"scale":[0.899999976,1.10000002,0.899999976],"shapeName":"/art/shapes/objects/s_coil.dae","useInstanceRenderData":true}
{"class":"TSStatic","persistentId":"c30156f3-ffcb-4697-81f2-a91d3e301a45","__parent":"coil04","position":[-1427.45935,-804.119934,105.190575],"decalType":"None","isRenderEnabled":false,"rotationMatrix":[-0.0221600533,0.574867845,0.817945838,-0.999258637,-0.0384917259,-1.96397305e-05,0.0314731002,-0.817340136,0.575295031],"scale":[0.899999976,1.10000002,0.899999976],"shapeName":"/art/shapes/objects/s_coil.dae","useInstanceRenderData":true}
{"class":"TSStatic","persistentId":"ff166217-44e3-4574-b833-930923bfde74","__parent":"coil04","position":[-1428.9917,-804.179077,105.190575],"decalType":"None","isRenderEnabled":false,"rotationMatrix":[-0.0210379362,0.545795798,0.837653875,-0.999258757,-0.0384912491,-1.68383121e-05,0.0322333276,-0.83703351,0.546201289],"scale":[0.899999976,1.10000002,0.899999976],"shapeName":"/art/shapes/objects/s_coil.dae","useInstanceRenderData":true}
{"class":"TSStatic","persistentId":"3c64de17-f8da-4776-9bf8-534b159f1887","__parent":"coil04","position":[-1430.40259,-804.233582,105.190575],"decalType":"None","isRenderEnabled":false,"rotationMatrix":[-0.0185480118,0.481289178,-0.876365483,-0.999253869,-0.0386207104,-6.10351562e-05,-0.0338753462,0.875710547,0.481646538],"scale":[0.899999976,1.10000002,0.899999976],"shapeName":"/art/shapes/objects/s_coil.dae","useInstanceRenderData":true}
{"class":"TSStatic","persistentId":"93521780-30f9-4b32-a773-324299b0c110","__parent":"coil04","position":[-1426.02832,-804.064697,105.190575],"decalType":"None","isRenderEnabled":false,"rotationMatrix":[-0.0371659994,0.963642001,0.264599144,-0.999257684,-0.0385220051,-6.44028187e-05,0.0101308376,-0.264405161,0.964358449],"scale":[0.899999976,1.10000002,0.899999976],"shapeName":"/art/shapes/objects/s_coil.dae","useInstanceRenderData":true}
{"class":"TSStatic","persistentId":"d0ff14a5-73bb-4bf2-a373-51f0be1e53df","__parent":"coil04","position":[-1424.37866,-804.001099,105.190575],"decalType":"None","isRenderEnabled":false,"rotationMatrix":[0.0371658802,-0.963642061,0.264599204,0.999257743,0.0385218859,-6.43730164e-05,-0.0101308376,0.264405221,0.964358449],"scale":[0.899999976,1.10000002,0.899999976],"shapeName":"/art/shapes/objects/s_coil.dae","useInstanceRenderData":true}
{"class":"TSStatic","persistentId":"8e972831-0ecc-4464-932d-9ac30babf6b7","__parent":"coil04","position":[-1422.79773,-803.940002,105.190575],"decalType":"None","isRenderEnabled":false,"rotationMatrix":[0.0334883928,-0.868358791,-0.494804382,0.999255359,0.0385814905,-7.91400671e-05,0.0191589445,-0.494433343,0.869004369],"scale":[0.899999976,1.10000002,0.899999976],"shapeName":"/art/shapes/objects/s_coil.dae","useInstanceRenderData":true}
{"class":"TSStatic","persistentId":"57d42a5f-b923-4a00-947e-45d3baf7c486","__parent":"coil04","position":[-1426.29309,-804.071655,104.363586],"annotation":"OBSTACLES","collisionType":"Visible Mesh Final","decalType":"None","isRenderEnabled":false,"rotationMatrix":[-0.0385690928,0.999255836,0,-0.999255836,-0.0385690928,0,0,0,1],"shapeName":"/levels/west_coast_usa/art/shapes/buildings/steel_factory/s_steel_factory_coil_support.dae","useInstanceRenderData":true}
{"class":"TSStatic","persistentId":"6f3ee0fb-e5d8-4304-873e-e050f173c623","__parent":"coil04","position":[-1465.85339,-817.68573,105.238022],"decalType":"None","isRenderEnabled":false,"rotationMatrix":[-0.0185480118,0.481289178,-0.876365483,-0.999253869,-0.0386207104,-6.10351562e-05,-0.0338753462,0.875710547,0.481646538],"scale":[0.899999976,1.10000002,0.899999976],"shapeName":"/art/shapes/objects/s_coil.dae","useInstanceRenderData":true}
{"class":"TSStatic","persistentId":"c272e7ed-815c-4421-8bce-f875aef158a9","__parent":"coil04","position":[-1464.4425,-817.631226,105.238022],"decalType":"None","isRenderEnabled":false,"rotationMatrix":[-0.0210379362,0.545795798,0.837653875,-0.999258757,-0.0384912491,-1.68383121e-05,0.0322333276,-0.83703351,0.546201289],"scale":[0.899999976,1.10000002,0.899999976],"shapeName":"/art/shapes/objects/s_coil.dae","useInstanceRenderData":true}
{"class":"TSStatic","persistentId":"f5832b6b-d0fb-4914-bd1b-08fb44426313","__parent":"coil04","position":[-1462.91016,-817.572083,105.238022],"decalType":"None","isRenderEnabled":false,"rotationMatrix":[-0.0221600533,0.574867845,0.817945838,-0.999258637,-0.0384917259,-1.96397305e-05,0.0314731002,-0.817340136,0.575295031],"scale":[0.899999976,1.10000002,0.899999976],"shapeName":"/art/shapes/objects/s_coil.dae","useInstanceRenderData":true}
{"class":"TSStatic","persistentId":"44511265-72b2-42dc-aad2-9a0c449e1cb3","__parent":"coil04","position":[-1461.47913,-817.516846,105.238022],"decalType":"None","isRenderEnabled":false,"rotationMatrix":[-0.0371659994,0.963642001,0.264599144,-0.999257684,-0.0385220051,-6.44028187e-05,0.0101308376,-0.264405161,0.964358449],"scale":[0.899999976,1.10000002,0.899999976],"shapeName":"/art/shapes/objects/s_coil.dae","useInstanceRenderData":true}
{"class":"TSStatic","persistentId":"8f13b4da-8b98-4b39-9e62-704fdd746f73","__parent":"coil04","position":[-1459.82947,-817.453247,105.238022],"decalType":"None","isRenderEnabled":false,"rotationMatrix":[0.0371658802,-0.963642061,0.264599204,0.999257743,0.0385218859,-6.43730164e-05,-0.0101308376,0.264405221,0.964358449],"scale":[0.899999976,1.10000002,0.899999976],"shapeName":"/art/shapes/objects/s_coil.dae","useInstanceRenderData":true}
{"class":"TSStatic","persistentId":"48485802-d458-4eac-a68c-8a3aa1bc8dcf","__parent":"coil04","position":[-1458.24854,-817.392151,105.238022],"decalType":"None","isRenderEnabled":false,"rotationMatrix":[0.0334883928,-0.868358791,-0.494804382,0.999255359,0.0385814905,-7.91400671e-05,0.0191589445,-0.494433343,0.869004369],"scale":[0.899999976,1.10000002,0.899999976],"shapeName":"/art/shapes/objects/s_coil.dae","useInstanceRenderData":true}
{"class":"TSStatic","persistentId":"32a86487-a470-4b6c-b41f-22f27e16712f","__parent":"coil04","position":[-1461.7439,-817.523804,104.411034],"annotation":"OBSTACLES","collisionType":"Visible Mesh Final","decalType":"None","isRenderEnabled":false,"rotationMatrix":[-0.0385690928,0.999255836,0,-0.999255836,-0.0385690928,0,0,0,1],"shapeName":"/levels/west_coast_usa/art/shapes/buildings/steel_factory/s_steel_factory_coil_support.dae","useInstanceRenderData":true}
{"class":"TSStatic","persistentId":"d106dc0f-307b-4aae-97f6-c410850bb3f3","__parent":"coil04","position":[-1469.37097,-821.27533,105.238022],"decalType":"None","isRenderEnabled":false,"rotationMatrix":[-0.0185480118,0.481289178,-0.876365483,-0.999253869,-0.0386207104,-6.10351562e-05,-0.0338753462,0.875710547,0.481646538],"scale":[0.899999976,1.10000002,0.899999976],"shapeName":"/art/shapes/objects/s_coil.dae","useInstanceRenderData":true}
{"class":"TSStatic","persistentId":"f8d04c42-05ad-4cd0-934b-eb9f4cb9d47a","__parent":"coil04","position":[-1467.96008,-821.220825,105.238022],"decalType":"None","isRenderEnabled":false,"rotationMatrix":[-0.0210379362,0.545795798,0.837653875,-0.999258757,-0.0384912491,-1.68383121e-05,0.0322333276,-0.83703351,0.546201289],"scale":[0.899999976,1.10000002,0.899999976],"shapeName":"/art/shapes/objects/s_coil.dae","useInstanceRenderData":true}
{"class":"TSStatic","persistentId":"0b900fb2-1bab-4474-ae5c-56950cca1f99","__parent":"coil04","position":[-1465.26147,-821.113403,104.411034],"annotation":"OBSTACLES","collisionType":"Visible Mesh Final","decalType":"None","isRenderEnabled":false,"rotationMatrix":[-0.0385690928,0.999255836,0,-0.999255836,-0.0385690928,0,0,0,1],"shapeName":"/levels/west_coast_usa/art/shapes/buildings/steel_factory/s_steel_factory_coil_support.dae","useInstanceRenderData":true}
{"class":"TSStatic","persistentId":"d44e4b0e-f74b-47ee-b2db-7a883f614767","__parent":"coil04","position":[-1468.49939,-824.788086,104.411034],"annotation":"OBSTACLES","collisionType":"Visible Mesh Final","decalType":"None","isRenderEnabled":false,"rotationMatrix":[-0.0385690928,0.999255836,0,-0.999255836,-0.0385690928,0,0,0,1],"shapeName":"/levels/west_coast_usa/art/shapes/buildings/steel_factory/s_steel_factory_coil_support.dae","useInstanceRenderData":true}
{"class":"TSStatic","persistentId":"c887d23e-9ccd-40d6-a260-d68a704afd16","__parent":"coil04","position":[-1471.66553,-828.136536,104.411034],"annotation":"OBSTACLES","collisionType":"Visible Mesh Final","decalType":"None","isRenderEnabled":false,"rotationMatrix":[-0.0385690928,0.999255836,0,-0.999255836,-0.0385690928,0,0,0,1],"shapeName":"/levels/west_coast_usa/art/shapes/buildings/steel_factory/s_steel_factory_coil_support.dae","useInstanceRenderData":true}
