odometer=200000000.01403
integrity.mainEngine=1,200000000.01403
