odometer=200002137.59474
integrity.mainEngine=1,200002137.59474
