odometer=16013.41147424
integrity.mainEngine=1,16013.41147424
