{"internalName":"1","class":"CameraBookmark","persistentId":"8c669401-999f-435f-9155-00e80e08cb80","__parent":"CameraBookmarks","position":[1418.875,62.4870834,120.344383],"dataBlock":"CameraBookmarkMarker","rotationMatrix":[0.514538705,0.857466996,0,-0.802649677,0.48164463,-0.351811945,-0.301667213,0.18102093,0.936070263],"scale":[5,5,5]}
{"internalName":"2","class":"CameraBookmark","persistentId":"e89cf719-fac5-4b53-bb5e-0b6de2cb8e77","__parent":"CameraBookmarks","position":[1324.68005,-440.127716,120.087585],"dataBlock":"CameraBookmarkMarker","rotationMatrix":[0.985272825,0.170988455,0,-0.154112488,0.888029814,-0.433188319,-0.0740702301,0.426808774,0.901303113],"scale":[5,5,5]}
{"internalName":"3","class":"CameraBookmark","persistentId":"c91409c1-eb0f-4255-8a7c-c2dfc289748e","__parent":"CameraBookmarks","position":[1413.54688,-1339.60962,126.337234],"dataBlock":"CameraBookmarkMarker","rotationMatrix":[0.671931207,0.740613103,0,-0.701751471,0.63667351,-0.319673359,-0.236754358,0.21479857,0.947527409],"scale":[5,5,5]}
{"internalName":"4","class":"CameraBookmark","persistentId":"cb5677da-3bc7-4db4-bd2f-b0133e7ce734","__parent":"CameraBookmarks","position":[1353.18945,-1364.39685,153.432526],"dataBlock":"CameraBookmarkMarker","rotationMatrix":[0.92780298,0.37307018,0,-0.303380191,0.75448823,-0.58198601,-0.217121691,0.53996855,0.813198388],"scale":[5,5,5]}
{"internalName":"5","class":"CameraBookmark","persistentId":"f14c8ebd-9a85-46e4-b741-2da1eba10f0e","__parent":"CameraBookmarks","position":[180.269302,-771.391418,137.187592],"dataBlock":"CameraBookmarkMarker","rotationMatrix":[0.963316619,0.268366873,0,-0.254897356,0.91496706,-0.312829643,-0.0839531496,0.30135408,0.949808896],"scale":[5,5,5]}
{"name":"minimap_middle","internalName":"1","class":"CameraBookmark","persistentId":"aebeef30-39e4-408b-931a-096c96b85a22","__parent":"CameraBookmarks","position":[0,0,5000],"dataBlock":"CameraBookmarkMarker","rotationMatrix":[0.999999881,7.64274186e-15,-1.74845525e-07,-1.74845525e-07,8.74227695e-08,-0.999999821,7.64274186e-15,0.99999994,8.74227695e-08],"scale":[5,5,5]}
