{"class":"TSStatic","persistentId":"beeb3931-fccd-425a-ac52-9b1eb3ac0004","__parent":"guardRails","position":[443.161591,1623.09595,74.4147568],"decalType":"None","isRenderEnabled":false,"rotationMatrix":[-0.999084592,-0.0419027209,0.00864292309,0.042782262,-0.980624676,0.191168889,0.000464965589,0.191363588,0.981519103],"shapeName":"/levels/west_coast_usa/art/shapes/objects/guardrailpost.dae","useInstanceRenderData":true}
{"class":"TSStatic","persistentId":"941345ce-7342-4663-8bb6-676c57776ccb","__parent":"guardRails","position":[442.247009,1623.10962,75.386261],"decalType":"None","isRenderEnabled":false,"rotationMatrix":[0.999513388,0.0305240396,-0.00642466266,-0.0311893765,0.981044471,-0.1912563,0.000464965822,0.191363618,0.981519103],"shapeName":"/levels/west_coast_usa/art/shapes/objects/guardrail2.dae","useInstanceRenderData":true}
{"class":"TSStatic","persistentId":"38e3d371-740c-4f8d-aedb-a2fc240e15e9","__parent":"guardRails","position":[441.153046,1623.01648,74.4371109],"decalType":"None","isRenderEnabled":false,"rotationMatrix":[-0.999765873,-0.0206689183,0.00643359637,0.0215185154,-0.981262922,0.191469267,0.00235558627,0.191562846,0.981477499],"shapeName":"/levels/west_coast_usa/art/shapes/objects/guardrailpost.dae","useInstanceRenderData":true}
{"class":"TSStatic","persistentId":"6d069f64-b276-45b6-940e-8f550a0df215","__parent":"guardRails","position":[440.228729,1623.08765,75.3983231],"decalType":"None","isRenderEnabled":false,"rotationMatrix":[0.99992162,-0.00567190722,-0.0111617194,0.00456152391,0.995263517,-0.0971065164,0.0116596324,0.0970479846,0.995211422],"shapeName":"/levels/west_coast_usa/art/shapes/objects/guardrail2.dae","useInstanceRenderData":true}
{"class":"TSStatic","persistentId":"741cfdeb-7c49-4d0a-b906-ed6f4c291a52","__parent":"guardRails","position":[438.272186,1623.23315,75.4142456],"decalType":"None","isRenderEnabled":false,"rotationMatrix":[0.988510311,-0.151147023,-0.00139151281,0.150985196,0.987802565,-0.0380737334,0.00712926919,0.0374261811,0.999273956],"shapeName":"/levels/west_coast_usa/art/shapes/objects/guardrail2.dae","useInstanceRenderData":true}
{"class":"TSStatic","persistentId":"0d7c2483-646c-4f6e-83f2-f84630e87ed3","__parent":"guardRails","position":[439.193604,1623.17676,74.4524307],"decalType":"None","isRenderEnabled":false,"rotationMatrix":[-0.993428349,0.114437342,0.00183309941,-0.114285335,-0.992718339,0.0380549841,0.00617466448,0.0375954174,0.999273956],"shapeName":"/levels/west_coast_usa/art/shapes/objects/guardrailpost.dae","useInstanceRenderData":true}
{"class":"TSStatic","persistentId":"fe0ce5b4-bb3a-4916-a89f-ee0c9034a57d","__parent":"guardRails","position":[436.379211,1623.58899,75.4068451],"decalType":"None","isRenderEnabled":false,"rotationMatrix":[0.973188639,-0.229856104,0.00836949795,0.229849011,0.97322458,0.00181282568,-0.00856208988,0.000159499643,0.999963343],"shapeName":"/levels/west_coast_usa/art/shapes/objects/guardrail2.dae","useInstanceRenderData":true}
{"class":"TSStatic","persistentId":"e74aa408-25ea-4177-a5d0-cfd60f415970","__parent":"guardRails","position":[437.310852,1623.5293,74.4510269],"decalType":"None","isRenderEnabled":false,"rotationMatrix":[-0.981317043,0.19239819,0,-0.19239819,-0.981317043,0,0,0,1],"shapeName":"/levels/west_coast_usa/art/shapes/objects/guardrailpost.dae","useInstanceRenderData":true}
{"class":"TSStatic","persistentId":"b0e3bacf-54f7-48f8-a442-32cc87affec0","__parent":"guardRails","position":[434.410431,1623.94348,75.3844986],"decalType":"None","isRenderEnabled":false,"rotationMatrix":[0.991540909,-0.129107729,0.0133348145,0.129123464,0.991628468,-0.000321280444,-0.0131817013,0.0020403997,0.99991101],"shapeName":"/levels/west_coast_usa/art/shapes/objects/guardrail2.dae","useInstanceRenderData":true}
{"class":"TSStatic","persistentId":"367bb3ec-5d2f-4106-9c37-526dbf6f9961","__parent":"guardRails","position":[435.439575,1623.95483,74.4511948],"decalType":"None","isRenderEnabled":false,"rotationMatrix":[-0.97816813,0.207817525,4.97158253e-05,-0.207817525,-0.97816813,-0.000282916502,-1.01645874e-05,-0.000287071598,0.99999994],"shapeName":"/levels/west_coast_usa/art/shapes/objects/guardrailpost.dae","useInstanceRenderData":true}
{"class":"TSStatic","persistentId":"df1473d0-a5ae-4c1c-9d31-c43b7ac5365b","__parent":"guardRails","position":[433.518341,1624.19373,74.4163971],"decalType":"None","isRenderEnabled":false,"rotationMatrix":[-0.998397708,0.0550156385,-0.0132739944,-0.0550378263,-0.998483777,0.00131192873,-0.0131816873,0.00204039784,0.99991101],"shapeName":"/levels/west_coast_usa/art/shapes/objects/guardrailpost.dae","useInstanceRenderData":true}
{"class":"TSStatic","persistentId":"08c0025c-985a-42c4-b633-1d02d2b44ab9","__parent":"guardRails","position":[630.145142,1745.58875,74.30159],"decalType":"None","isRenderEnabled":false,"rotationMatrix":[-0.999893188,-0.0146644441,0,0.0146644441,-0.999893188,0,0,0,1],"scale":[0.977343798,0.977343798,0.977343798],"shapeName":"/levels/west_coast_usa/art/shapes/objects/guardrailpost.dae","useInstanceRenderData":true}
{"class":"TSStatic","persistentId":"a901b4f6-c896-4ec2-897c-f2707b579e67","__parent":"guardRails","position":[631.102356,1745.72546,75.2419815],"decalType":"None","isRenderEnabled":false,"rotationMatrix":[-0.999893188,-0.0146644441,0,0.0146644441,-0.999893188,0,0,0,1],"scale":[0.977343798,0.977343798,0.977343798],"shapeName":"/levels/west_coast_usa/art/shapes/objects/guardrail2.dae","useInstanceRenderData":true}
{"class":"TSStatic","persistentId":"24d6578f-bf39-4e61-a4d4-bd6eb31881ec","__parent":"guardRails","position":[632.123474,1745.61365,74.30159],"decalType":"None","isRenderEnabled":false,"rotationMatrix":[-0.99996376,-0.00853908993,0,0.00853908993,-0.99996376,0,0,0,1],"scale":[0.977343798,0.977343798,0.977343798],"shapeName":"/levels/west_coast_usa/art/shapes/objects/guardrailpost.dae","useInstanceRenderData":true}
{"class":"TSStatic","persistentId":"e7da3eec-b9aa-4b0e-bcc7-8e894dce7f65","__parent":"guardRails","position":[633.081299,1745.74463,75.2419815],"decalType":"None","isRenderEnabled":false,"rotationMatrix":[-0.99996376,-0.00853908993,0,0.00853908993,-0.99996376,0,0,0,1],"scale":[0.977343798,0.977343798,0.977343798],"shapeName":"/levels/west_coast_usa/art/shapes/objects/guardrail2.dae","useInstanceRenderData":true}
{"class":"TSStatic","persistentId":"fde14625-d5ed-4538-8761-4beda32a88dc","__parent":"guardRails","position":[634.085876,1745.61743,74.30159],"decalType":"None","isRenderEnabled":false,"rotationMatrix":[-0.999900818,0.0141042909,0,-0.0141042909,-0.999900818,0,0,0,1],"scale":[0.977343798,0.977343798,0.977343798],"shapeName":"/levels/west_coast_usa/art/shapes/objects/guardrailpost.dae","useInstanceRenderData":true}
{"class":"TSStatic","persistentId":"4fa2f3b2-cb49-4c51-bca2-ac41b47c7461","__parent":"guardRails","position":[635.046509,1745.72668,75.2419815],"decalType":"None","isRenderEnabled":false,"rotationMatrix":[-0.999900818,0.0141042909,0,-0.0141042909,-0.999900818,0,0,0,1],"scale":[0.977343798,0.977343798,0.977343798],"shapeName":"/levels/west_coast_usa/art/shapes/objects/guardrail2.dae","useInstanceRenderData":true}
{"class":"TSStatic","persistentId":"77b73d55-3842-44f3-88a9-7a8ab73ee419","__parent":"guardRails","position":[636.026306,1745.58777,74.30159],"decalType":"None","isRenderEnabled":false,"rotationMatrix":[-0.999996424,0.00280535989,0,-0.00280535989,-0.999996424,0,0,0,1],"scale":[0.977343798,0.977343798,0.977343798],"shapeName":"/levels/west_coast_usa/art/shapes/objects/guardrailpost.dae","useInstanceRenderData":true}
{"class":"TSStatic","persistentId":"93cba25c-3264-4656-938d-48f04e60ed60","__parent":"guardRails","position":[636.985718,1745.70764,75.2419815],"decalType":"None","isRenderEnabled":false,"rotationMatrix":[-0.999996424,0.00280535989,0,-0.00280535989,-0.999996424,0,0,0,1],"scale":[0.977343798,0.977343798,0.977343798],"shapeName":"/levels/west_coast_usa/art/shapes/objects/guardrail2.dae","useInstanceRenderData":true}
{"class":"TSStatic","persistentId":"7cbdbf6e-d0b6-4e6b-ae36-2f105374607d","__parent":"guardRails","position":[638.002563,1745.58997,74.30159],"decalType":"None","isRenderEnabled":false,"rotationMatrix":[-0.999938488,0.0111514153,0,-0.0111514153,-0.999938488,0,0,0,1],"scale":[0.977343798,0.977343798,0.977343798],"shapeName":"/levels/west_coast_usa/art/shapes/objects/guardrailpost.dae","useInstanceRenderData":true}
{"class":"TSStatic","persistentId":"d2dd297e-0f57-4844-ad5e-841bd25f87a9","__parent":"guardRails","position":[638.962769,1745.70203,75.2419815],"decalType":"None","isRenderEnabled":false,"rotationMatrix":[-0.999938488,0.0111514153,0,-0.0111514153,-0.999938488,0,0,0,1],"scale":[0.977343798,0.977343798,0.977343798],"shapeName":"/levels/west_coast_usa/art/shapes/objects/guardrail2.dae","useInstanceRenderData":true}
{"class":"TSStatic","persistentId":"0cca5bd7-8d77-495c-be09-88a9870bae8e","__parent":"guardRails","position":[639.97052,1745.57629,74.30159],"decalType":"None","isRenderEnabled":false,"rotationMatrix":[-0.999408722,0.0343928002,0,-0.0343928002,-0.999408722,0,0,0,1],"scale":[0.977343798,0.977343798,0.977343798],"shapeName":"/levels/west_coast_usa/art/shapes/objects/guardrailpost.dae","useInstanceRenderData":true}
{"class":"TSStatic","persistentId":"1dc9b9c7-a170-4988-85b7-2446e5d710fb","__parent":"guardRails","position":[640.933167,1745.66589,75.2419815],"decalType":"None","isRenderEnabled":false,"rotationMatrix":[-0.999408722,0.0343928002,0,-0.0343928002,-0.999408722,0,0,0,1],"scale":[0.977343798,0.977343798,0.977343798],"shapeName":"/levels/west_coast_usa/art/shapes/objects/guardrail2.dae","useInstanceRenderData":true}
{"class":"TSStatic","persistentId":"0726d473-59d6-46dd-ba4f-84f1a93fea11","__parent":"guardRails","position":[641.918762,1745.50842,74.30159],"decalType":"None","isRenderEnabled":false,"rotationMatrix":[-0.997393727,0.072159417,0,-0.072159417,-0.997393727,0,0,0,1],"scale":[0.977343798,0.977343798,0.977343798],"shapeName":"/levels/west_coast_usa/art/shapes/objects/guardrailpost.dae","useInstanceRenderData":true}
{"class":"TSStatic","persistentId":"0bc08f18-1835-414b-8871-1611edd93360","__parent":"guardRails","position":[642.884705,1745.58984,75.2435989],"decalType":"None","isRenderEnabled":false,"rotationMatrix":[-0.998447418,0.0556623153,-0.00235092384,-0.0548312776,-0.989262462,-0.135477826,-0.00986668747,-0.135138497,0.990777612],"scale":[0.977343798,0.977343798,0.977343798],"shapeName":"/levels/west_coast_usa/art/shapes/objects/guardrail2.dae","useInstanceRenderData":true}
{"class":"TSStatic","persistentId":"f0d52692-fad0-43d4-b24a-77a345bd7784","__parent":"guardRails","position":[643.882263,1745.54248,74.3091202],"decalType":"None","isRenderEnabled":false,"rotationMatrix":[-0.999718547,0.0237340648,0.00060201704,-0.0235662851,-0.988936424,-0.146458387,-0.00288069574,-0.146431297,0.989216626],"scale":[0.977343798,0.977343798,0.977343798],"shapeName":"/levels/west_coast_usa/art/shapes/objects/guardrailpost.dae","useInstanceRenderData":true}
{"class":"TSStatic","persistentId":"823ea759-774b-48c4-8b66-87024f117fa9","__parent":"guardRails","position":[644.841003,1745.48853,75.2419815],"decalType":"None","isRenderEnabled":false,"rotationMatrix":[-0.999463201,0.0327710733,0.00105623761,-0.032750003,-0.996231675,-0.0803219527,-0.00157997874,-0.0803133547,0.996768415],"scale":[0.977343798,0.977343798,0.977343798],"shapeName":"/levels/west_coast_usa/art/shapes/objects/guardrail2.dae","useInstanceRenderData":true}
{"class":"TSStatic","persistentId":"cf501735-8fdc-41b1-b084-a86d0b727a4e","__parent":"guardRails","position":[645.820801,1745.48621,74.3064651],"decalType":"None","isRenderEnabled":false,"rotationMatrix":[-0.999812126,-0.0185520202,-0.00565775903,0.0191804394,-0.98904717,-0.146350279,-0.00288069574,-0.146431282,0.989216626],"scale":[0.977343798,0.977343798,0.977343798],"shapeName":"/levels/west_coast_usa/art/shapes/objects/guardrailpost.dae","useInstanceRenderData":true}
{"class":"TSStatic","persistentId":"e6a20ce0-4129-4247-8158-2007800e494a","__parent":"guardRails","position":[646.774658,1745.48755,75.2600861],"decalType":"None","isRenderEnabled":false,"rotationMatrix":[-0.999812126,-0.0185520202,-0.00565775903,0.0191804394,-0.98904717,-0.146350279,-0.00288069574,-0.146431282,0.989216626],"scale":[0.977343798,0.977343798,0.977343798],"shapeName":"/levels/west_coast_usa/art/shapes/objects/guardrail2.dae","useInstanceRenderData":true}
{"class":"TSStatic","persistentId":"4a7615d1-b396-4cb7-9ca9-ba151ab16ce6","__parent":"guardRails","position":[647.734375,1745.52161,74.3172684],"decalType":"None","isRenderEnabled":false,"rotationMatrix":[-0.999576092,-0.0282562785,-0.00709356833,0.0289903022,-0.988817811,-0.146287754,-0.00288069597,-0.146431312,0.989216626],"scale":[0.977343798,0.977343798,0.977343798],"shapeName":"/levels/west_coast_usa/art/shapes/objects/guardrailpost.dae","useInstanceRenderData":true}
{"class":"TSStatic","persistentId":"829154a4-c223-4ea1-825b-1da2c3f54f3b","__parent":"guardRails","position":[648.686523,1745.51428,75.2511826],"decalType":"None","isRenderEnabled":false,"rotationMatrix":[-0.999861121,-0.0068481951,0.0152252847,0.00503995968,-0.99326241,-0.115780748,0.0159155857,-0.115687884,0.993158102],"scale":[0.977343798,0.977343798,0.977343798],"shapeName":"/levels/west_coast_usa/art/shapes/objects/guardrail2.dae","useInstanceRenderData":true}
{"class":"TSStatic","persistentId":"5573fe2d-e7e4-487e-86b3-5d0b8b5a5aef","__parent":"guardRails","position":[649.635437,1745.39917,74.30159],"decalType":"None","isRenderEnabled":false,"rotationMatrix":[-0.999917984,0.0128436889,0,-0.0128436889,-0.999917984,0,0,0,1],"scale":[0.977343798,0.977343798,0.977343798],"shapeName":"/levels/west_coast_usa/art/shapes/objects/guardrailpost.dae","useInstanceRenderData":true}
{"class":"TSStatic","persistentId":"99cee951-8bc7-429e-b75e-686f14c8404b","__parent":"guardRails","position":[650.596008,1745.50952,75.2419815],"decalType":"None","isRenderEnabled":false,"rotationMatrix":[-0.999917984,0.0128436889,0,-0.0128436889,-0.999917984,0,0,0,1],"scale":[0.977343798,0.977343798,0.977343798],"shapeName":"/levels/west_coast_usa/art/shapes/objects/guardrail2.dae","useInstanceRenderData":true}
{"class":"TSStatic","persistentId":"43ab5182-5fa4-44a5-b43e-fe1a6f4b974d","__parent":"guardRails","position":[651.547974,1745.375,74.30159],"decalType":"None","isRenderEnabled":false,"rotationMatrix":[-0.999596357,0.0284336545,0,-0.0284336545,-0.999596357,0,0,0,1],"scale":[0.977343798,0.977343798,0.977343798],"shapeName":"/levels/west_coast_usa/art/shapes/objects/guardrailpost.dae","useInstanceRenderData":true}
{"class":"TSStatic","persistentId":"ef2ec50e-1aae-4125-9f10-86999f55e70b","__parent":"guardRails","position":[652.510254,1745.4707,75.2419815],"decalType":"None","isRenderEnabled":false,"rotationMatrix":[-0.999596357,0.0284336545,0,-0.0284336545,-0.999596357,0,0,0,1],"scale":[0.977343798,0.977343798,0.977343798],"shapeName":"/levels/west_coast_usa/art/shapes/objects/guardrail2.dae","useInstanceRenderData":true}
{"class":"TSStatic","persistentId":"f12518ab-7009-419c-96ea-846b374cb95f","__parent":"guardRails","position":[653.488281,1745.3158,74.30159],"decalType":"None","isRenderEnabled":false,"rotationMatrix":[-0.993493557,0.113891527,0,-0.113891527,-0.993493557,0,0,0,1],"scale":[0.977343798,0.977343798,0.977343798],"shapeName":"/levels/west_coast_usa/art/shapes/objects/guardrailpost.dae","useInstanceRenderData":true}
{"class":"TSStatic","persistentId":"e68f7504-378d-40ef-b75f-b71e69a76df0","__parent":"guardRails","position":[654.455139,1745.32849,75.2419815],"decalType":"None","isRenderEnabled":false,"rotationMatrix":[-0.993493557,0.113891527,0,-0.113891527,-0.993493557,0,0,0,1],"scale":[0.977343798,0.977343798,0.977343798],"shapeName":"/levels/west_coast_usa/art/shapes/objects/guardrail2.dae","useInstanceRenderData":true}
{"class":"TSStatic","persistentId":"17bb1fa2-a619-45e2-b4f5-90efe2fef410","__parent":"guardRails","position":[655.385071,1745.09839,74.30159],"decalType":"None","isRenderEnabled":false,"rotationMatrix":[-0.934152484,0.356875181,0,-0.356875181,-0.934152484,0,0,0,1],"scale":[0.977343798,0.977343798,0.977343798],"shapeName":"/levels/west_coast_usa/art/shapes/objects/guardrailpost.dae","useInstanceRenderData":true}
{"class":"TSStatic","persistentId":"3b4d6465-113f-44f1-b717-8a53a2963bb6","__parent":"guardRails","position":[656.324829,1744.87097,75.2419815],"decalType":"None","isRenderEnabled":false,"rotationMatrix":[-0.934152484,0.356875181,0,-0.356875181,-0.934152484,0,0,0,1],"scale":[0.977343798,0.977343798,0.977343798],"shapeName":"/levels/west_coast_usa/art/shapes/objects/guardrail2.dae","useInstanceRenderData":true}
{"class":"TSStatic","persistentId":"62143d35-3154-4f50-aca1-8b1290b127f9","__parent":"guardRails","position":[657.159912,1744.39417,74.30159],"decalType":"None","isRenderEnabled":false,"rotationMatrix":[-0.721647859,0.692261279,0,-0.692261279,-0.721647859,0,0,0,1],"scale":[0.977343798,0.977343798,0.977343798],"shapeName":"/levels/west_coast_usa/art/shapes/objects/guardrailpost.dae","useInstanceRenderData":true}
{"class":"TSStatic","persistentId":"ecbf6f8c-96f5-4554-bcc9-5b0549fe26dd","__parent":"guardRails","position":[657.937012,1743.81873,75.2419815],"decalType":"None","isRenderEnabled":false,"rotationMatrix":[-0.721647859,0.692261279,0,-0.692261279,-0.721647859,0,0,0,1],"scale":[0.977343798,0.977343798,0.977343798],"shapeName":"/levels/west_coast_usa/art/shapes/objects/guardrail2.dae","useInstanceRenderData":true}
{"class":"TSStatic","persistentId":"3cfe7538-4a0d-4981-b292-b03ad484d47a","__parent":"guardRails","position":[658.534058,1743.05994,74.30159],"decalType":"None","isRenderEnabled":false,"rotationMatrix":[-0.41565764,0.909521341,0,-0.909521341,-0.41565764,0,0,0,1],"scale":[0.977343798,0.977343798,0.977343798],"shapeName":"/levels/west_coast_usa/art/shapes/objects/guardrailpost.dae","useInstanceRenderData":true}
{"class":"TSStatic","persistentId":"eef7cabd-9e96-4d9c-82f4-69d6a536f705","__parent":"guardRails","position":[659.044434,1742.23889,75.2419815],"decalType":"None","isRenderEnabled":false,"rotationMatrix":[-0.41565764,0.909521341,0,-0.909521341,-0.41565764,0,0,0,1],"scale":[0.977343798,0.977343798,0.977343798],"shapeName":"/levels/west_coast_usa/art/shapes/objects/guardrail2.dae","useInstanceRenderData":true}
{"class":"TSStatic","persistentId":"7eefd100-bc1b-4542-95b6-01bbd5594a2c","__parent":"guardRails","position":[659.317932,1741.33032,74.30159],"decalType":"None","isRenderEnabled":false,"rotationMatrix":[-0.18530798,0.982680976,0,-0.982680976,-0.18530798,0,0,0,1],"scale":[0.977343798,0.977343798,0.977343798],"shapeName":"/levels/west_coast_usa/art/shapes/objects/guardrailpost.dae","useInstanceRenderData":true}
{"class":"TSStatic","persistentId":"7fb1ff4f-3028-4cdf-9ade-a96e8d4d4e4b","__parent":"guardRails","position":[659.61615,1740.41064,75.2419815],"decalType":"None","isRenderEnabled":false,"rotationMatrix":[-0.18530798,0.982680976,0,-0.982680976,-0.18530798,0,0,0,1],"scale":[0.977343798,0.977343798,0.977343798],"shapeName":"/levels/west_coast_usa/art/shapes/objects/guardrail2.dae","useInstanceRenderData":true}
{"class":"TSStatic","persistentId":"c639e00d-9a70-4fbc-a822-f29ff00ea7ee","__parent":"guardRails","position":[659.664673,1739.4679,74.30159],"decalType":"None","isRenderEnabled":false,"rotationMatrix":[-0.0543869734,0.998520136,0,-0.998520136,-0.0543869734,0,0,0,1],"scale":[0.977343798,0.977343798,0.977343798],"shapeName":"/levels/west_coast_usa/art/shapes/objects/guardrailpost.dae","useInstanceRenderData":true}
{"class":"TSStatic","persistentId":"09f2c065-7523-46af-b050-5c1378fe8d16","__parent":"guardRails","position":[659.839478,1738.51733,75.2419815],"decalType":"None","isRenderEnabled":false,"rotationMatrix":[-0.0543869734,0.998520136,0,-0.998520136,-0.0543869734,0,0,0,1],"scale":[0.977343798,0.977343798,0.977343798],"shapeName":"/levels/west_coast_usa/art/shapes/objects/guardrail2.dae","useInstanceRenderData":true}
{"class":"TSStatic","persistentId":"84c8cb44-8bfe-4443-b2fe-7b7465f86786","__parent":"guardRails","position":[659.767761,1737.5741,74.30159],"decalType":"None","isRenderEnabled":false,"rotationMatrix":[-0.0543869734,0.998520136,0,-0.998520136,-0.0543869734,0,0,0,1],"scale":[0.977343798,0.977343798,0.977343798],"shapeName":"/levels/west_coast_usa/art/shapes/objects/guardrailpost.dae","useInstanceRenderData":true}
{"class":"TSStatic","persistentId":"d94ca499-deb6-41b8-9ac4-d681e8b42eb3","__parent":"guardRails","position":[643.352844,1637.85669,74.3202286],"decalType":"None","isRenderEnabled":false,"rotationMatrix":[0.999950767,0.00992543623,0,-0.00992543623,0.999950767,0,0,0,1],"shapeName":"/levels/west_coast_usa/art/shapes/objects/guardrailpost.dae","useInstanceRenderData":true}
{"class":"TSStatic","persistentId":"41450b7f-1c65-4379-89e9-c5061540b889","__parent":"guardRails","position":[642.377197,1637.69312,75.2826157],"decalType":"None","isRenderEnabled":false,"rotationMatrix":[0.999950767,0.00992543623,0,-0.00992543623,0.999950767,0,0,0,1],"shapeName":"/levels/west_coast_usa/art/shapes/objects/guardrail2.dae","useInstanceRenderData":true}
{"class":"TSStatic","persistentId":"6a59b8e5-3ef2-404c-ac5c-1ff73a239188","__parent":"guardRails","position":[641.310303,1637.7854,74.2953262],"decalType":"None","isRenderEnabled":false,"rotationMatrix":[1,0,0,0,0.995215595,-0.0977029502,0,0.0977029502,0.995215595],"shapeName":"/levels/west_coast_usa/art/shapes/objects/guardrailpost.dae","useInstanceRenderData":true}
{"class":"TSStatic","persistentId":"0a140203-11a9-4ecf-9930-94066756e0cb","__parent":"guardRails","position":[640.325745,1637.71814,75.2767868],"decalType":"None","isRenderEnabled":false,"rotationMatrix":[0.999418795,-0.0339256637,0.00333057228,0.0340887569,0.994637191,-0.0976461917,2.32830644e-10,0.09770298,0.995215595],"shapeName":"/levels/west_coast_usa/art/shapes/objects/guardrail2.dae","useInstanceRenderData":true}
{"class":"TSStatic","persistentId":"2d38b30a-df39-472f-aeef-2b05c639dcf3","__parent":"guardRails","position":[639.308838,1637.81104,74.3008423],"decalType":"None","isRenderEnabled":false,"rotationMatrix":[0.999418795,-0.0339256637,0.00333057228,0.0340887569,0.994637191,-0.0976461917,2.32830644e-10,0.09770298,0.995215595],"shapeName":"/levels/west_coast_usa/art/shapes/objects/guardrailpost.dae","useInstanceRenderData":true}
{"class":"TSStatic","persistentId":"9a213739-ee6c-4b3c-ac93-759cb5928ced","__parent":"guardRails","position":[638.339111,1637.72839,75.2808762],"decalType":"None","isRenderEnabled":false,"rotationMatrix":[0.999555171,0.0289259367,-0.00726537174,-0.0294976793,0.994782567,-0.0976604298,0.00440254482,0.0978313014,0.995193303],"shapeName":"/levels/west_coast_usa/art/shapes/objects/guardrail2.dae","useInstanceRenderData":true}
{"class":"TSStatic","persistentId":"d88dbd3e-5fbc-4964-972c-d1777aa766f5","__parent":"guardRails","position":[637.312256,1637.7561,74.3062439],"decalType":"None","isRenderEnabled":false,"rotationMatrix":[0.999564826,0.0293565579,-0.00288201077,-0.0294976868,0.994782567,-0.0976604596,-3.49245965e-10,0.0977029726,0.995215595],"shapeName":"/levels/west_coast_usa/art/shapes/objects/guardrailpost.dae","useInstanceRenderData":true}
{"class":"TSStatic","persistentId":"ae8eff27-aad4-4824-8f8b-3c6c0fe1f952","__parent":"guardRails","position":[636.333069,1637.69055,75.2905884],"decalType":"None","isRenderEnabled":false,"rotationMatrix":[0.99999392,0.00348858116,0,-0.00348858116,0.99999392,0,0,0,1],"shapeName":"/levels/west_coast_usa/art/shapes/objects/guardrail2.dae","useInstanceRenderData":true}
{"class":"TSStatic","persistentId":"6dd45a86-47e1-4dae-a03b-b00b948917e4","__parent":"guardRails","position":[635.310303,1637.84375,74.3284073],"decalType":"None","isRenderEnabled":false,"rotationMatrix":[0.99999994,0,0,0,0.99999994,0,0,0,0.999999881],"shapeName":"/levels/west_coast_usa/art/shapes/objects/guardrailpost.dae","useInstanceRenderData":true}
{"class":"TSStatic","persistentId":"ee5531af-a2f9-4979-a92c-de303a707572","__parent":"guardRails","position":[634.333069,1637.69055,75.2905884],"decalType":"None","isRenderEnabled":false,"rotationMatrix":[0.99999994,0,0,0,0.99999994,0,0,0,0.999999881],"shapeName":"/levels/west_coast_usa/art/shapes/objects/guardrail2.dae","useInstanceRenderData":true}
{"class":"TSStatic","persistentId":"8a92f316-8fad-4ccc-8e4e-9d88242dc303","__parent":"guardRails","position":[633.310303,1637.84375,74.3284073],"decalType":"None","isRenderEnabled":false,"rotationMatrix":[0.99999994,0,0,0,0.99999994,0,0,0,0.999999881],"shapeName":"/levels/west_coast_usa/art/shapes/objects/guardrailpost.dae","useInstanceRenderData":true}
{"class":"TSStatic","persistentId":"b53a9d58-5801-46ed-bfce-027d48f81397","__parent":"guardRails","position":[632.333069,1637.69055,75.2905884],"decalType":"None","isRenderEnabled":false,"rotationMatrix":[0.99999994,0,0,0,0.99999994,0,0,0,0.999999881],"shapeName":"/levels/west_coast_usa/art/shapes/objects/guardrail2.dae","useInstanceRenderData":true}
{"class":"TSStatic","persistentId":"5a754833-5267-442b-99d6-4d36d7d7a16b","__parent":"guardRails","position":[631.310303,1637.84375,74.3284073],"decalType":"None","isRenderEnabled":false,"rotationMatrix":[0.99999994,0,0,0,0.99999994,0,0,0,0.999999881],"shapeName":"/levels/west_coast_usa/art/shapes/objects/guardrailpost.dae","useInstanceRenderData":true}
{"class":"TSStatic","persistentId":"f8b88bfd-f920-4d9e-8de5-b94e102682d7","__parent":"guardRails","position":[630.333069,1637.69055,75.2905884],"decalType":"None","isRenderEnabled":false,"rotationMatrix":[0.99999994,0,0,0,0.99999994,0,0,0,0.999999881],"shapeName":"/levels/west_coast_usa/art/shapes/objects/guardrail2.dae","useInstanceRenderData":true}
{"class":"TSStatic","persistentId":"3709faa5-05a0-425a-b5de-fa321514cf73","__parent":"guardRails","position":[629.310303,1637.84375,74.3284073],"decalType":"None","isRenderEnabled":false,"rotationMatrix":[0.99999994,0,0,0,0.99999994,0,0,0,0.999999881],"shapeName":"/levels/west_coast_usa/art/shapes/objects/guardrailpost.dae","useInstanceRenderData":true}
{"class":"TSStatic","persistentId":"3da90918-1cbe-463f-8deb-97e3f9a401f2","__parent":"guardRails","position":[628.333069,1637.69055,75.2905884],"decalType":"None","isRenderEnabled":false,"rotationMatrix":[0.99999994,0,0,0,0.99999994,0,0,0,0.999999881],"shapeName":"/levels/west_coast_usa/art/shapes/objects/guardrail2.dae","useInstanceRenderData":true}
{"class":"TSStatic","persistentId":"cd8a55b9-8ab7-4983-9dbf-c2bd5ba1d930","__parent":"guardRails","position":[627.310303,1637.84375,74.3284073],"decalType":"None","isRenderEnabled":false,"rotationMatrix":[0.99999994,0,0,0,0.99999994,0,0,0,0.999999881],"shapeName":"/levels/west_coast_usa/art/shapes/objects/guardrailpost.dae","useInstanceRenderData":true}
{"class":"TSStatic","persistentId":"c6360609-0441-42f7-a82e-fbb7446d92ec","__parent":"guardRails","position":[626.333069,1637.69055,75.2905884],"decalType":"None","isRenderEnabled":false,"rotationMatrix":[0.99999994,0,0,0,0.99999994,0,0,0,0.999999881],"shapeName":"/levels/west_coast_usa/art/shapes/objects/guardrail2.dae","useInstanceRenderData":true}
{"class":"TSStatic","persistentId":"ab10f450-9a87-448e-ad6c-6809b46e7b77","__parent":"guardRails","position":[625.310303,1637.84375,74.3284073],"decalType":"None","isRenderEnabled":false,"rotationMatrix":[0.99999994,0,0,0,0.99999994,0,0,0,0.999999881],"shapeName":"/levels/west_coast_usa/art/shapes/objects/guardrailpost.dae","useInstanceRenderData":true}
{"class":"TSStatic","persistentId":"b57cc8af-8717-46a4-bd6a-040244de7bd8","__parent":"guardRails","position":[624.333069,1637.69055,75.2905884],"decalType":"None","isRenderEnabled":false,"rotationMatrix":[0.99999994,0,0,0,0.99999994,0,0,0,0.999999881],"shapeName":"/levels/west_coast_usa/art/shapes/objects/guardrail2.dae","useInstanceRenderData":true}
{"class":"TSStatic","persistentId":"70c82765-97ac-44be-bc5f-6fec7a98e4e5","__parent":"guardRails","position":[623.310303,1637.84375,74.3284073],"decalType":"None","isRenderEnabled":false,"rotationMatrix":[0.99999994,0,0,0,0.99999994,0,0,0,0.999999881],"shapeName":"/levels/west_coast_usa/art/shapes/objects/guardrailpost.dae","useInstanceRenderData":true}
{"class":"TSStatic","persistentId":"773a4708-8a8c-462c-ab8a-d6f51c6974cc","__parent":"guardRails","position":[622.329956,1637.71082,75.2934875],"decalType":"None","isRenderEnabled":false,"rotationMatrix":[0.999898493,-0.0142087797,0.00106274011,0.0142273894,0.999693811,-0.0202449765,-0.000774758402,0.0202580411,0.999794483],"shapeName":"/levels/west_coast_usa/art/shapes/objects/guardrail2.dae","useInstanceRenderData":true}
{"class":"TSStatic","persistentId":"b9220a5c-66d6-4fa4-9ca9-4c81acb76d53","__parent":"guardRails","position":[621.309631,1637.81677,74.3250885],"decalType":"None","isRenderEnabled":false,"rotationMatrix":[0.999898493,-0.0142087769,0.00106273987,0.0142455418,0.995398283,-0.0947595388,0.000288567477,0.0947650522,0.995499611],"shapeName":"/levels/west_coast_usa/art/shapes/objects/guardrailpost.dae","useInstanceRenderData":true}
{"class":"TSStatic","persistentId":"bf853663-d933-4d67-8b07-31e1cb497689","__parent":"guardRails","position":[620.333069,1637.72046,75.2962646],"decalType":"None","isRenderEnabled":false,"rotationMatrix":[1,0,0,0,0.997214556,-0.0745862573,0,0.0745862573,0.997214556],"shapeName":"/levels/west_coast_usa/art/shapes/objects/guardrail2.dae","useInstanceRenderData":true}
{"class":"TSStatic","persistentId":"2357283c-848c-4c6b-9929-d9db1ad601de","__parent":"guardRails","position":[619.308838,1637.76721,74.3300629],"decalType":"None","isRenderEnabled":false,"rotationMatrix":[0.999851108,-0.0172079857,0.00128706428,0.0172476824,0.994259655,-0.105594642,0.000537395128,0.105601124,0.994408429],"shapeName":"/levels/west_coast_usa/art/shapes/objects/guardrailpost.dae","useInstanceRenderData":true}
{"class":"TSStatic","persistentId":"29962884-a42e-4e63-a0ce-301ae3719727","__parent":"guardRails","position":[618.326904,1637.74219,75.3008499],"decalType":"None","isRenderEnabled":false,"rotationMatrix":[0.999505639,-0.0313173607,0.0027855942,0.0314364061,0.993915319,-0.105565749,0.000537395012,0.105601124,0.994408429],"shapeName":"/levels/west_coast_usa/art/shapes/objects/guardrail2.dae","useInstanceRenderData":true}
{"class":"TSStatic","persistentId":"09df050f-fee9-46e9-a952-acca62ed9754","__parent":"guardRails","position":[617.308167,1637.77234,74.3214951],"decalType":"None","isRenderEnabled":false,"rotationMatrix":[0.999733388,-0.0230399799,0.00150087033,0.0229237881,0.982730567,-0.183616921,0.00275557837,0.183602378,0.982996702],"shapeName":"/levels/west_coast_usa/art/shapes/objects/guardrailpost.dae","useInstanceRenderData":true}
{"class":"TSStatic","persistentId":"df93f774-979f-48d3-883f-273ccfd8f603","__parent":"guardRails","position":[616.332275,1637.7843,75.3008194],"decalType":"None","isRenderEnabled":false,"rotationMatrix":[0.999958098,-0.00909019541,-0.0011052764,0.00873270165,0.982958555,-0.183619827,0.00275558024,0.183602482,0.982996702],"shapeName":"/levels/west_coast_usa/art/shapes/objects/guardrail2.dae","useInstanceRenderData":true}
{"class":"TSStatic","persistentId":"91a8c587-5068-4837-8211-1cad9886383d","__parent":"guardRails","position":[615.310303,1637.72839,74.3246841],"decalType":"None","isRenderEnabled":false,"rotationMatrix":[1,0,0,0,0.972711325,-0.232018843,0,0.232018843,0.972711325],"shapeName":"/levels/west_coast_usa/art/shapes/objects/guardrailpost.dae","useInstanceRenderData":true}
{"class":"TSStatic","persistentId":"146875af-30e5-41d6-94db-8e52d67ef8a3","__parent":"guardRails","position":[614.333069,1637.80261,75.2961655],"decalType":"None","isRenderEnabled":false,"rotationMatrix":[1,0,0,0,0.972711325,-0.232018843,0,0.232018843,0.972711325],"shapeName":"/levels/west_coast_usa/art/shapes/objects/guardrail2.dae","useInstanceRenderData":true}
{"class":"TSStatic","persistentId":"39ddc070-d4f7-4349-820c-f119a8e8b216","__parent":"guardRails","position":[613.312561,1637.81836,74.3267136],"decalType":"None","isRenderEnabled":false,"rotationMatrix":[0.998347521,0.0570765249,-0.00667247176,-0.0574422665,0.987916827,-0.143947184,-0.00162415695,0.14409259,0.989562869],"shapeName":"/levels/west_coast_usa/art/shapes/objects/guardrailpost.dae","useInstanceRenderData":true}
{"class":"TSStatic","persistentId":"9ba46407-f19b-4f87-b6f7-598dd9ee4f82","__parent":"guardRails","position":[612.344238,1637.7489,75.3012772],"decalType":"None","isRenderEnabled":false,"rotationMatrix":[0.998311937,0.0580794662,0.000225010328,-0.0574422553,0.987916827,-0.143947139,-0.00858266465,0.143691227,0.98958534],"shapeName":"/levels/west_coast_usa/art/shapes/objects/guardrail2.dae","useInstanceRenderData":true}
{"class":"TSStatic","persistentId":"95c0a297-7246-47d8-8ab7-fb020e4b8250","__parent":"guardRails","position":[611.310303,1637.84375,74.3284073],"decalType":"None","isRenderEnabled":false,"rotationMatrix":[0.99999994,0,0,0,0.99999994,0,0,0,0.999999881],"shapeName":"/levels/west_coast_usa/art/shapes/objects/guardrailpost.dae","useInstanceRenderData":true}
{"class":"TSStatic","persistentId":"dd82600d-558c-4347-bc5e-e48f2f0b0043","__parent":"guardRails","position":[610.333069,1637.69055,75.2905884],"decalType":"None","isRenderEnabled":false,"rotationMatrix":[0.99999994,0,0,0,0.99999994,0,0,0,0.999999881],"shapeName":"/levels/west_coast_usa/art/shapes/objects/guardrail2.dae","useInstanceRenderData":true}
{"class":"TSStatic","persistentId":"dc287327-20fc-4747-82cd-7276b260360d","__parent":"guardRails","position":[609.310303,1637.84375,74.3284073],"decalType":"None","isRenderEnabled":false,"rotationMatrix":[0.99999994,0,0,0,0.99999994,0,0,0,0.999999881],"shapeName":"/levels/west_coast_usa/art/shapes/objects/guardrailpost.dae","useInstanceRenderData":true}
{"class":"TSStatic","persistentId":"40355ff2-3918-42ca-b8e7-a966b7b11fe1","__parent":"guardRails","position":[608.333069,1637.69055,75.2905884],"decalType":"None","isRenderEnabled":false,"rotationMatrix":[0.99999994,0,0,0,0.99999994,0,0,0,0.999999881],"shapeName":"/levels/west_coast_usa/art/shapes/objects/guardrail2.dae","useInstanceRenderData":true}
{"class":"TSStatic","persistentId":"454ef10c-6be6-4cb9-acd5-943e6f4b6010","__parent":"guardRails","position":[607.310303,1637.84375,74.3284073],"decalType":"None","isRenderEnabled":false,"rotationMatrix":[0.99999994,0,0,0,0.99999994,0,0,0,0.999999881],"shapeName":"/levels/west_coast_usa/art/shapes/objects/guardrailpost.dae","useInstanceRenderData":true}
{"class":"TSStatic","persistentId":"a0920c25-1e8b-4bde-ba82-6c1797fe4743","__parent":"guardRails","position":[606.334106,1637.68555,75.2905884],"decalType":"None","isRenderEnabled":false,"rotationMatrix":[0.999988556,0.00477948086,0,-0.00477948086,0.999988556,0,0,0,1],"shapeName":"/levels/west_coast_usa/art/shapes/objects/guardrail2.dae","useInstanceRenderData":true}
{"class":"TSStatic","persistentId":"f780c68e-0b22-4643-b88e-454ab80823be","__parent":"guardRails","position":[605.310608,1637.83386,74.3284073],"decalType":"None","isRenderEnabled":false,"rotationMatrix":[0.999988556,0.00477948086,0,-0.00477948086,0.999988556,0,0,0,1],"shapeName":"/levels/west_coast_usa/art/shapes/objects/guardrailpost.dae","useInstanceRenderData":true}
{"class":"TSStatic","persistentId":"ba27c649-5c7e-4f2d-b91f-60cfe2ea99ff","__parent":"guardRails","position":[604.335083,1637.6615,75.2905884],"decalType":"None","isRenderEnabled":false,"rotationMatrix":[0.999944389,0.0105446847,0,-0.0105446847,0.999944389,0,0,0,1],"shapeName":"/levels/west_coast_usa/art/shapes/objects/guardrail2.dae","useInstanceRenderData":true}
{"class":"TSStatic","persistentId":"e53877cf-6392-456a-b526-a0244a89f57f","__parent":"guardRails","position":[603.310791,1637.80396,74.3284073],"decalType":"None","isRenderEnabled":false,"rotationMatrix":[0.999944389,0.0105446847,0,-0.0105446847,0.999944389,0,0,0,1],"shapeName":"/levels/west_coast_usa/art/shapes/objects/guardrailpost.dae","useInstanceRenderData":true}
{"class":"TSStatic","persistentId":"55f8f173-bd72-4478-a60a-7841cd6c4de8","__parent":"guardRails","position":[602.333069,1637.64612,75.2905884],"decalType":"None","isRenderEnabled":false,"rotationMatrix":[0.99999994,0,0,0,0.99999994,0,0,0,0.999999881],"shapeName":"/levels/west_coast_usa/art/shapes/objects/guardrail2.dae","useInstanceRenderData":true}
{"class":"TSStatic","persistentId":"5a248fd8-ec0f-4916-bab0-10cf3fd6c827","__parent":"guardRails","position":[601.310303,1637.79932,74.3284073],"decalType":"None","isRenderEnabled":false,"rotationMatrix":[0.99999994,0,0,0,0.99999994,0,0,0,0.999999881],"shapeName":"/levels/west_coast_usa/art/shapes/objects/guardrailpost.dae","useInstanceRenderData":true}
{"class":"TSStatic","persistentId":"585081f2-5bb3-42ac-80aa-30fdf9c62641","__parent":"guardRails","position":[600.328003,1637.66333,75.2905884],"decalType":"None","isRenderEnabled":false,"rotationMatrix":[0.999759257,-0.0219418276,0,0.0219418276,0.999759257,0,0,0,1],"shapeName":"/levels/west_coast_usa/art/shapes/objects/guardrail2.dae","useInstanceRenderData":true}
{"class":"TSStatic","persistentId":"4f05e740-b140-485e-836b-505741ff568b","__parent":"guardRails","position":[599.308838,1637.83899,74.3284073],"decalType":"None","isRenderEnabled":false,"rotationMatrix":[0.999759257,-0.0219418276,0,0.0219418276,0.999759257,0,0,0,1],"shapeName":"/levels/west_coast_usa/art/shapes/objects/guardrailpost.dae","useInstanceRenderData":true}
{"class":"TSStatic","persistentId":"c20d30c3-9426-421e-8ec9-85aae467f9a7","__parent":"guardRails","position":[598.333069,1637.69055,75.2905884],"decalType":"None","isRenderEnabled":false,"rotationMatrix":[0.99999994,0,0,0,0.99999994,0,0,0,0.999999881],"shapeName":"/levels/west_coast_usa/art/shapes/objects/guardrail2.dae","useInstanceRenderData":true}
{"class":"TSStatic","persistentId":"1468b34e-ceab-4758-a98b-cd18f2c09cea","__parent":"guardRails","position":[597.310303,1637.84375,74.3284073],"decalType":"None","isRenderEnabled":false,"rotationMatrix":[0.99999994,0,0,0,0.99999994,0,0,0,0.999999881],"shapeName":"/levels/west_coast_usa/art/shapes/objects/guardrailpost.dae","useInstanceRenderData":true}
{"class":"TSStatic","persistentId":"ffa14206-96d0-4c38-87c3-7e3835fc578a","__parent":"guardRails","position":[596.333069,1637.69055,75.2905884],"decalType":"None","isRenderEnabled":false,"rotationMatrix":[0.99999994,0,0,0,0.99999994,0,0,0,0.999999881],"shapeName":"/levels/west_coast_usa/art/shapes/objects/guardrail2.dae","useInstanceRenderData":true}
{"class":"TSStatic","persistentId":"6c17ba40-2fd0-4140-a7a1-fb91265953c2","__parent":"guardRails","position":[595.310303,1637.84375,74.3284073],"decalType":"None","isRenderEnabled":false,"rotationMatrix":[0.99999994,0,0,0,0.99999994,0,0,0,0.999999881],"shapeName":"/levels/west_coast_usa/art/shapes/objects/guardrailpost.dae","useInstanceRenderData":true}
{"class":"TSStatic","persistentId":"4bdc42eb-2e01-4ebe-b22c-a6185ea62337","__parent":"guardRails","position":[594.333069,1637.69055,75.2905884],"decalType":"None","isRenderEnabled":false,"rotationMatrix":[0.99999994,0,0,0,0.99999994,0,0,0,0.999999881],"shapeName":"/levels/west_coast_usa/art/shapes/objects/guardrail2.dae","useInstanceRenderData":true}
{"class":"TSStatic","persistentId":"a5ff2113-b427-48a1-b138-dcf73548e8a3","__parent":"guardRails","position":[593.310303,1637.84375,74.3284073],"decalType":"None","isRenderEnabled":false,"rotationMatrix":[0.99999994,0,0,0,0.99999994,0,0,0,0.999999881],"shapeName":"/levels/west_coast_usa/art/shapes/objects/guardrailpost.dae","useInstanceRenderData":true}
{"class":"TSStatic","persistentId":"21ec71e6-f812-4a4a-9801-c6c2adeafc84","__parent":"guardRails","position":[592.333069,1637.69055,75.2905884],"decalType":"None","isRenderEnabled":false,"rotationMatrix":[0.99999994,0,0,0,0.99999994,0,0,0,0.999999881],"shapeName":"/levels/west_coast_usa/art/shapes/objects/guardrail2.dae","useInstanceRenderData":true}
