{"name":"mine_west_01","class":"SFXSpace","persistentId":"e0ad1178-4e96-4158-b914-a78e6a5cd13b","__parent":"mine_west","position":[-667.769104,302.651031,275.035034],"rotationMatrix":[0.406075984,-0.913792133,0.00889328122,0.896175146,0.400120229,0.191771463,-0.178798616,-0.0699048117,0.981395185],"scale":[17.3903179,81.97715,14.0655851],"soundAmbience":"Level_Tunnel_Open"}
{"name":"mine_west_10","class":"SFXSpace","persistentId":"4727699a-4b2b-419d-a7a4-e41d662054ba","__parent":"mine_west","position":[-586.638489,282.394379,282.941315],"rotationMatrix":[-0.951114893,0.302988917,0.0597496256,-0.301780134,-0.952947497,0.0286140442,0.0656083822,0.00918522105,0.997798145],"scale":[87.229248,50.7760735,14.0655851],"soundAmbience":"Level_Tunnel_Open_Dynamic"}
{"name":"mine_west_11","class":"SFXSpace","persistentId":"865d2061-fe8d-4e8d-888e-3e656da52747","__parent":"mine_west","position":[-637.588989,310.11084,288.783112],"rotationMatrix":[-0.840740681,0.530695796,0.107264608,-0.531625628,-0.846689284,0.0221703164,0.102585793,-0.0383839346,0.993977785],"scale":[65.7557297,21.4937401,11.9130526],"soundAmbience":"Level_Tunnel_Open_Dynamic"}
{"name":"mine_west_12","class":"SFXSpace","persistentId":"c1e4c23f-2c43-4615-8e01-ef6a8ff04845","__parent":"mine_west","position":[-647.857788,322.420532,292.260223],"rotationMatrix":[-0.00204704748,0.999703228,-0.0241679735,-0.99971664,-0.00148215424,0.0236414578,0.0235987753,0.0242107995,0.99942261],"scale":[19.6959171,22.165432,12.0757685],"soundAmbience":"Level_Tunnel_Open_Dynamic"}
{"name":"mine_west_2","class":"SFXSpace","persistentId":"c92827d4-bd8b-44a2-b9f1-e43104ca9709","__parent":"mine_west","position":[-631.050232,289.162476,279.664093],"rotationMatrix":[-0.396548301,-0.917422712,0.0330001861,0.91689235,-0.394024968,0.0636042133,-0.0453485996,0.0554803126,0.997425139],"scale":[29.0008583,81.97715,14.0655851],"soundAmbience":"Level_Tunnel_Open_Dynamic"}
{"name":"mine_west_3","class":"SFXSpace","persistentId":"ebc4c2f2-fcbc-4899-a5a0-caf5c5c74238","__parent":"mine_west","position":[-569.832764,265.876831,282.327789],"rotationMatrix":[-0.396548301,-0.917422712,0.0330001861,0.91689235,-0.394024968,0.0636042133,-0.0453485996,0.0554803126,0.997425139],"scale":[24.234972,81.97715,14.0655851],"soundAmbience":"Level_Tunnel_Open_Dynamic"}
{"name":"mine_west_4","class":"SFXSpace","persistentId":"b3678d21-ec69-4115-a60f-bbbbb691e922","__parent":"mine_west","position":[-504.147034,253.355591,277.425049],"rotationMatrix":[-0.17969276,-0.979585171,0.0901499093,0.953611672,-0.195952177,-0.228525683,0.241526708,0.0449063331,0.969350934],"scale":[28.359808,81.97715,14.0655851],"soundAmbience":"Level_Tunnel_Open_Dynamic"}
{"name":"mine_west_5","class":"SFXSpace","persistentId":"2fe0eafa-e5d4-4d47-a66d-fe6c4380a43c","__parent":"mine_west","position":[-466.023285,246.201553,268.332733],"rotationMatrix":[-0.506447077,-0.857203364,0.0933836475,0.82723552,-0.513563097,-0.227878094,0.243297145,-0.0381554365,0.969197094],"scale":[27.9874001,18.2504387,14.0655851],"soundAmbience":"Level_Tunnel_Open_Dynamic"}
{"name":"mine_west_6","class":"SFXSpace","persistentId":"a3ccc2be-f9d8-49be-b9ed-bfff46aac04e","__parent":"mine_west","position":[-380.436859,313.853271,286.884491],"rotationMatrix":[-0.75274229,-0.650844574,-0.0989277735,0.647180498,-0.759123504,0.069861874,-0.12056841,-0.0114363926,0.992634237],"scale":[29.4303455,27.0814838,14.0655851],"soundAmbience":"Level_Tunnel_Open_Dynamic"}
{"name":"mine_west_7","class":"SFXSpace","persistentId":"842f94ec-9920-426b-9c23-33c7dcffccc7","__parent":"mine_west","position":[-416.775116,292.635132,286.224609],"rotationMatrix":[-0.923522055,-0.38144052,-0.0401864164,0.379640609,-0.923997343,0.0457732044,-0.0545919687,0.0270165186,0.998137593],"scale":[60.4972343,29.837244,14.0655851],"soundAmbience":"Level_Tunnel_Open_Dynamic"}
{"name":"mine_west_8","class":"SFXSpace","persistentId":"e75a039f-88d2-4b17-a9ae-2b76bb6cd2b9","__parent":"mine_west","position":[-472.949493,273.667908,284.444031],"rotationMatrix":[-0.977449358,-0.207312554,-0.0401863754,0.205455333,-0.977593243,0.0457731225,-0.0487753227,0.0364848934,0.998137593],"scale":[60.4972343,24.8012352,14.0655851],"soundAmbience":"Level_Tunnel_Open_Dynamic"}
{"name":"mine_west_9","class":"SFXSpace","persistentId":"59c409fb-c464-4065-abd0-1d64fda4beed","__parent":"mine_west","position":[-527.263672,270.477692,282.122375],"rotationMatrix":[-0.977449358,-0.207312554,-0.0401863754,0.205455333,-0.977593243,0.0457731225,-0.0487753227,0.0364848934,0.998137593],"scale":[60.4972343,51.1024055,14.0655851],"soundAmbience":"Level_Tunnel_Open_Dynamic"}
{"name":"mine_west_in","class":"SFXEmitter","persistentId":"695639be-371d-4b19-8f09-54bd32551d9e","__parent":"mine_west","position":[-457.747101,239.259567,266.496582],"fadeInTime":0,"fadeOutTime":0,"isLooping":false,"maxDistance":12,"rotationMatrix":[1,0,0,0,0.999999762,-0.000690533896,0,0.000690533896,0.999999762],"scale":[12,12,12],"track":"event:>Snapshot Events>Snapshot_UT_Tunnel_D_Position","useTrackDescriptionOnly":true}
{"name":"mine_west_out_01","class":"SFXEmitter","persistentId":"f119b7b8-d2dd-4ec4-b17e-1c7473b19a57","__parent":"mine_west","position":[-372.760315,326.286407,286.713074],"fadeInTime":0,"fadeOutTime":0,"isLooping":false,"maxDistance":12,"rotationMatrix":[1,0,0,0,0.999999762,-0.000690533896,0,0.000690533896,0.999999762],"scale":[12,12,12],"track":"event:>Snapshot Events>Snapshot_UT_Tunnel_D_Position","useTrackDescriptionOnly":true}
{"name":"mine_west_out_02","class":"SFXEmitter","persistentId":"680a0e72-594d-4ad5-8cae-77ff24c784cb","__parent":"mine_west","position":[-648.40686,332.122162,282.840424],"fadeInTime":0,"fadeOutTime":0,"isLooping":false,"maxDistance":16,"referenceDistance":10,"rotationMatrix":[1,0,0,0,0.999999762,-0.000690533896,0,0.000690533896,0.999999762],"scale":[16,16,16],"track":"event:>Snapshot Events>Snapshot_UT_Tunnel_C_Position","useTrackDescriptionOnly":true}
