{"name":"SpotLight_StoreSpot1","class":"SpotLight","persistentId":"e5bb1593-5d19-4eda-bd5e-046f0594b1ef","__parent":"dealer_b_lights","position":[806.544739,4.90966988,150.22702],"color":[0.99000001,0.899999976,0.699999988,1],"flareScale":2,"flareType":"BNG_LightFlare_1","isEnabled":false,"outerAngle":180,"range":5,"rotationMatrix":[-0.944359124,-0.328914791,-0.000318917911,0.180280015,-0.516796827,-0.836910784,0.275107682,-0.790401995,0.547338903],"shadowDarkenColor":[0,0,0,0]}
{"name":"PointLight_Store1","class":"PointLight","persistentId":"691968f7-f19f-4fc2-92a5-22d281b86c9b","__parent":"dealer_b_lights","position":[802.900818,3.0627141,151.950958],"color":[0.99000001,0.899999976,0.699999988,1],"isEnabled":false,"radius":20,"rotationMatrix":[0.984519482,0.175275192,-0.000121033525,-0.175275251,0.984519243,-0.000679844059,0,0.000690533896,0.999999762],"shadowDarkenColor":[0,0,0,0]}
{"name":"SpotLight_StoreSpot2","class":"SpotLight","persistentId":"4d14e0eb-1855-4a13-8725-d1b9f277ac0e","__parent":"dealer_b_lights","position":[804.618042,7.86972666,150.222656],"color":[0.99000001,0.899999976,0.699999988,1],"flareScale":2,"flareType":"BNG_LightFlare_1","isEnabled":false,"outerAngle":180,"range":5,"rotationMatrix":[-0.381289244,0.924326897,0.0152158886,-0.38632226,-0.144363642,-0.910993516,-0.839860678,-0.353231192,0.412133932],"shadowDarkenColor":[0,0,0,0]}
{"name":"SpotLight_StoreSpot3","class":"SpotLight","persistentId":"60f9b3f4-2039-4270-b5ca-d24b3403d551","__parent":"dealer_b_lights","position":[802.695068,12.8638039,150.24675],"color":[0.99000001,0.899999976,0.699999988,1],"flareScale":2,"flareType":"BNG_LightFlare_1","isEnabled":false,"outerAngle":180,"range":5,"rotationMatrix":[-0.381289244,0.924326897,0.0152158886,-0.38632226,-0.144363642,-0.910993516,-0.839860678,-0.353231192,0.412133932],"shadowDarkenColor":[0,0,0,0]}
{"name":"SpotLight_StoreSpot4","class":"SpotLight","persistentId":"e78e8ffe-fdc8-40bb-a9ca-90fe02aa544a","__parent":"dealer_b_lights","position":[804.492004,17.7162666,150.234573],"color":[0.99000001,0.899999976,0.699999988,1],"flareScale":2,"flareType":"BNG_LightFlare_1","isEnabled":false,"outerAngle":180,"range":5,"rotationMatrix":[0.933464289,0.358670026,0.000247676566,-0.178661853,0.465578705,-0.866785049,-0.311005116,0.80906862,0.498681843],"shadowDarkenColor":[0,0,0,0]}
{"name":"SpotLight_StoreSpot5","class":"SpotLight","persistentId":"d8684490-ba46-49f0-9f44-e0bf43392227","__parent":"dealer_b_lights","position":[810.509644,20.0284882,150.23616],"color":[0.99000001,0.899999976,0.699999988,1],"flareScale":2,"flareType":"BNG_LightFlare_1","isEnabled":false,"outerAngle":180,"range":5,"rotationMatrix":[0.933464289,0.358670026,0.000247676566,-0.178661853,0.465578705,-0.866785049,-0.311005116,0.80906862,0.498681843],"shadowDarkenColor":[0,0,0,0]}
{"name":"SpotLight_StoreSpot6","class":"SpotLight","persistentId":"03eb60fa-063d-4bbc-9fdd-93a83847b14d","__parent":"dealer_b_lights","position":[816.467102,19.0359688,150.200272],"color":[0.99000001,0.899999976,0.699999988,1],"flareScale":2,"flareType":"BNG_LightFlare_1","isEnabled":false,"outerAngle":180,"range":5,"rotationMatrix":[0.933464289,0.358670026,0.000247676566,-0.178661853,0.465578705,-0.866785049,-0.311005116,0.80906862,0.498681843],"shadowDarkenColor":[0,0,0,0]}
{"name":"PointLight_Store2","class":"PointLight","persistentId":"1642270f-ebed-4a2a-be9f-54f1c403d250","__parent":"dealer_b_lights","position":[807.079712,21.1559277,150.816437],"color":[0.99000001,0.899999976,0.699999988,1],"isEnabled":false,"radius":15,"rotationMatrix":[0.984519482,0.175275192,-0.000121033525,-0.175275251,0.984519243,-0.000679844059,0,0.000690533896,0.999999762],"shadowDarkenColor":[0,0,0,0]}
