{"name":"p_oil_ref_terminal1","class":"Prefab","__parent":"exteriors","position":[-1344.19495,-754.190002,104.359001],"filename":"/levels/west_coast_usa/art/prefabs/p_oil_ref_terminal.prefab","rotationMatrix":[0.73513937,-0.677915871,0,0.677915871,0.73513937,0,0,0,0.999999881]}
{"name":"p_oil_ref_marine_terminal2","class":"Prefab","__parent":"exteriors","position":[-1456.99902,-873.380005,104.369003],"filename":"/levels/west_coast_usa/art/prefabs/p_oil_ref_marine_terminal.prefab","rotationMatrix":[0.673567414,0.739125788,0,-0.739125788,0.673567414,0,0,0,0.999999881]}
{"name":"p_oil_ref_terminal","class":"Prefab","__parent":"exteriors","position":[-1438.72803,-853.682007,104.492996],"filename":"/levels/west_coast_usa/art/prefabs/p_oil_ref_terminal.prefab","rotationMatrix":[-0.732281387,0.681002021,0,-0.681002021,-0.732281387,0,0,0,0.999999881]}
{"class":"TSStatic","persistentId":"45034087-4d41-4fab-b27b-171cd37eab74","__parent":"exteriors","position":[-1288.92456,-868.751526,107.054245],"isRenderEnabled":false,"rotationMatrix":[0.67880106,0.734322131,0,-0.734322131,0.67880106,0,0,0,1],"shapeName":"/art/shapes/objects/modular_container/modular_05.dae","useInstanceRenderData":true}
{"class":"TSStatic","persistentId":"2b536e4a-69ce-483e-866d-8176a226cb34","__parent":"exteriors","position":[-1288.93127,-868.746277,104.404999],"decalType":"None","isRenderEnabled":false,"rotationMatrix":[0.678800583,0.734322608,0,-0.734322608,0.678800583,0,0,0,1],"shapeName":"/art/shapes/objects/modular_container/modular_01.dae","useInstanceRenderData":true}
{"class":"TSStatic","persistentId":"d37365ca-3fc7-47b0-b88a-b0e89357b2dc","__parent":"exteriors","position":[-1293.47498,-873.655518,104.405251],"decalType":"None","isRenderEnabled":false,"rotationMatrix":[0.67880106,0.734322131,0,-0.734322131,0.67880106,0,0,0,1],"shapeName":"/art/shapes/objects/modular_container/modular_02.dae","useInstanceRenderData":true}
{"class":"TSStatic","persistentId":"885ea956-af81-40c1-b8f8-80a05a1a513c","__parent":"exteriors","position":[-1291.19885,-871.200195,104.404999],"decalType":"None","isRenderEnabled":false,"rotationMatrix":[-0.678800941,-0.734322548,0,0.734322548,-0.678800941,0,0,0,1],"shapeName":"/art/shapes/objects/modular_container/modular_04.dae","useInstanceRenderData":true}
{"class":"TSStatic","persistentId":"9db5123d-bf5f-400a-916f-c36476a3b40d","__parent":"exteriors","position":[-1287.27979,-870.147461,104.503571],"decalType":"None","isRenderEnabled":false,"rotationMatrix":[0.678800464,0.734322727,0,-0.734322727,0.678800464,0,0,0,1],"shapeName":"/art/shapes/objects/modular_container/modular_stairs.dae","useInstanceRenderData":true}
{"class":"TSStatic","persistentId":"cca10359-856f-4f0d-9861-a593fe1b6128","__parent":"exteriors","position":[-1169.77515,-548.726074,104.345833],"isRenderEnabled":false,"rotationMatrix":[-0.590550065,0.807000697,0,-0.807000697,-0.590550065,0,0,0,1],"scale":[1.04999995,1.04999995,1],"shapeName":"/levels/west_coast_usa/art/shapes/buildings/s_oil_ref_tank.dae","useInstanceRenderData":true}
{"class":"TSStatic","persistentId":"9f6c1bb0-54e9-4396-bc7e-acdcad1e05d2","__parent":"exteriors","position":[-1340.33545,-788.316345,104.25309],"isRenderEnabled":false,"rotationMatrix":[-0.678800762,-0.734322488,0,0.734322488,-0.678800762,0,0,0,0.999999881],"scale":[1.04999995,1.10000002,1.10000002],"shapeName":"/levels/west_coast_usa/art/shapes/buildings/steel_factory/s_steel_factory_gateways_01.dae","useInstanceRenderData":true}
{"class":"TSStatic","persistentId":"f91bf8cb-5e1b-42e4-a33f-d644b58a22c5","__parent":"exteriors","position":[-1493.22534,-852.446228,104.178108],"isRenderEnabled":false,"rotationMatrix":[0.678800702,0.734322429,0,-0.734322429,0.678800702,0,0,0,0.999999881],"shapeName":"/levels/west_coast_usa/art/shapes/buildings/warehouse_storage.dae","useInstanceRenderData":true}
{"class":"TSStatic","persistentId":"4f8da345-ee02-44f9-a634-201946576b39","__parent":"exteriors","position":[-1186.39539,-707.238281,104.359024],"annotation":"BUILDINGS","isRenderEnabled":false,"rotationMatrix":[0.732521772,-0.680743515,0,0.680743515,0.732521772,0,0,0,1],"shapeName":"/levels/west_coast_usa/art/shapes/buildings/office_mobile3.dae","useInstanceRenderData":true}
{"class":"TSStatic","persistentId":"6643cfa3-1c70-4ded-8227-1d428a101464","__parent":"exteriors","position":[-1148.29297,-523.672485,104.359009],"decalType":"None","isRenderEnabled":false,"rotationMatrix":[-0.735151291,0.677902937,0,-0.677902937,-0.735151291,0,0,0,0.999999881],"shapeName":"/levels/west_coast_usa/art/shapes/buildings/steel_factory/gas_terminal.dae","useInstanceRenderData":true}
{"class":"TSStatic","persistentId":"66134e11-5399-4c45-aafa-157a7336a3f1","__parent":"exteriors","position":[-1282.98999,-748.362,104.358994],"isRenderEnabled":false,"rotationMatrix":[0.678813457,0.734310627,0,-0.734310627,0.678813457,0,0,0,0.999999881],"shapeName":"/levels/west_coast_usa/art/shapes/buildings/steel_factory/s_steel_factory_gutters_01.dae","useInstanceRenderData":true}
{"class":"TSStatic","persistentId":"9b89d0c7-9f0b-4121-b332-02c9f310b0e4","__parent":"exteriors","position":[-1318.75574,-743.09613,104.076736],"isRenderEnabled":false,"rotationMatrix":[-0.73228097,0.681002378,0,-0.681002378,-0.73228097,0,0,0,1],"scale":[1.05596161,1,1],"shapeName":"/levels/industrial/art/shapes/buildings/tankfarm/ind_pipes_bridge.DAE","useInstanceRenderData":true}
{"class":"TSStatic","persistentId":"19b7c6a3-014d-440a-8137-ebf4db5379d7","__parent":"exteriors","position":[-1206.84753,-587.536377,104.358994],"isRenderEnabled":false,"rotationMatrix":[-0.679441273,-0.733729839,0,0.733729839,-0.679441273,0,0,0,0.999999881],"shapeName":"/levels/industrial/art/shapes/buildings/tankfarm/ind_pipes_main.DAE","useInstanceRenderData":true}
{"class":"TSStatic","persistentId":"8608e953-1fe4-4f26-9b5d-bd0d241c6a8f","__parent":"exteriors","position":[-1153.73779,-537.181824,104.668503],"isRenderEnabled":false,"rotationMatrix":[-0.970398188,-0.241510168,0,0.241510168,-0.970398188,0,0,0,1],"shapeName":"/levels/industrial/art/shapes/buildings/tankfarm/ind_small_tank.DAE","useInstanceRenderData":true}
{"class":"TSStatic","persistentId":"e3bdc56e-26cf-4e20-972a-15e79d1a9b95","__parent":"exteriors","position":[-1176.14087,-570.267883,104.459],"isRenderEnabled":false,"rotationMatrix":[0.724653244,-0.689113677,0,0.689113677,0.724653244,0,0,0,1],"shapeName":"/levels/industrial/art/shapes/buildings/tankfarm/ind_foam_lines.DAE","useInstanceRenderData":true}
{"class":"TSStatic","persistentId":"4bd215b9-b0b6-4942-89b8-f1ba6b455bc6","__parent":"exteriors","position":[-1174.78015,-566.813599,104.69986],"isRenderEnabled":false,"rotationMatrix":[-0.743866444,0.668328404,0,-0.668328404,-0.743866444,0,0,0,1],"shapeName":"/levels/industrial/art/shapes/buildings/tankfarm/ind_small_tank.DAE","useInstanceRenderData":true}
{"class":"TSStatic","persistentId":"69b17d01-1881-41e0-adcf-055cbb807848","__parent":"exteriors","position":[-1153.73706,-471.0448,103.975456],"annotation":"BUILDINGS","isRenderEnabled":false,"rotationMatrix":[-0.670796037,-0.741641402,0,0.741641402,-0.670796037,0,0,0,1],"shapeName":"/levels/west_coast_usa/art/shapes/buildings/office_mobile3.dae","useInstanceRenderData":true}
{"class":"TSStatic","persistentId":"209bf247-7ba0-401c-987c-2b7e24db96f4","__parent":"exteriors","position":[-1231.07483,-618.983093,104.076736],"isRenderEnabled":false,"rotationMatrix":[-0.73228097,0.681002378,0,-0.681002378,-0.73228097,0,0,0,1],"shapeName":"/levels/industrial/art/shapes/buildings/tankfarm/ind_pipes_bridge.DAE","useInstanceRenderData":true}
{"class":"TSStatic","persistentId":"987e1cee-411f-49d0-9fbe-8d45d973d6ed","__parent":"exteriors","position":[-1264.38574,-623.535828,101.276863],"isRenderEnabled":false,"rotationMatrix":[0.687718868,0.725977182,0,-0.725977182,0.687718868,0,0,0,1],"scale":[1,1,0.949999988],"shapeName":"/levels/industrial/art/shapes/buildings/tankfarm/ind_pipes_bridge.DAE","useInstanceRenderData":true}
{"class":"TSStatic","persistentId":"e3a86d07-2d0a-4c9f-ad32-3a8c6fb6436e","__parent":"exteriors","position":[-1253.35962,-611.972473,101.318306],"isRenderEnabled":false,"rotationMatrix":[0.687718868,0.725977182,0,-0.725977182,0.687718868,0,0,0,1],"scale":[1,1,0.949999988],"shapeName":"/levels/industrial/art/shapes/buildings/tankfarm/ind_pipes_bridge.DAE","useInstanceRenderData":true}
{"class":"TSStatic","persistentId":"6e79a4d3-3ceb-4483-ada8-2f1318543eed","__parent":"exteriors","position":[-1259.58362,-598.077393,104.459],"isRenderEnabled":false,"rotationMatrix":[-0.727224946,-0.686398923,0,0.686398923,-0.727224946,0,0,0,1],"shapeName":"/levels/industrial/art/shapes/buildings/tankfarm/ind_foam_lines.DAE","useInstanceRenderData":true}
{"class":"TSStatic","persistentId":"4b194ace-c9be-4a4a-99c7-267157bb14ea","__parent":"exteriors","position":[-1246.14893,-633.898621,105.396744],"annotation":"BUILDINGS","isRenderEnabled":false,"rotationMatrix":[-0.731913567,0.681397378,0,-0.681397378,-0.731913567,0,0,0,1],"shapeName":"/levels/west_coast_usa/art/shapes/buildings/office_mobile4.dae","useInstanceRenderData":true}
{"class":"TSStatic","persistentId":"a844b93c-9791-4850-9807-8fbd844bcf86","__parent":"exteriors","position":[-1234.9082,-678.88147,104.359024],"annotation":"BUILDINGS","isRenderEnabled":false,"rotationMatrix":[0.67912209,0.73402524,0,-0.73402524,0.67912209,0,0,0,1],"shapeName":"/levels/west_coast_usa/art/shapes/buildings/office_mobile1.dae","useInstanceRenderData":true}
{"class":"TSStatic","persistentId":"174a2481-82ff-48df-ab1d-6f10e2a1b1f1","__parent":"exteriors","position":[-1197.75281,-699.206116,103.975456],"annotation":"BUILDINGS","isRenderEnabled":false,"rotationMatrix":[-0.72689569,0.686748326,0,-0.686748326,-0.72689569,0,0,0,1],"shapeName":"/levels/west_coast_usa/art/shapes/buildings/office_mobile3.dae","useInstanceRenderData":true}
{"class":"TSStatic","persistentId":"743bcae9-bb02-4a1e-bdce-510852dff95d","__parent":"exteriors","position":[-1321.52026,-688.345886,103.332115],"decalType":"Visible Mesh Final","isRenderEnabled":false,"rotationMatrix":[-0.675590098,-0.737277269,0,0.737277269,-0.675590098,0,0,0,0.999999881],"shapeName":"/levels/west_coast_usa/art/shapes/buildings/warehouse_large.dae","useInstanceRenderData":true}
{"class":"TSStatic","persistentId":"6ed43569-41ba-4c1a-a8f4-5461a74f5937","__parent":"exteriors","position":[-1210.99268,-571.672119,104.327454],"isRenderEnabled":false,"rotationMatrix":[-0.494351745,0.86926198,0,-0.86926198,-0.494351745,0,0,0,1],"shapeName":"/levels/industrial/art/shapes/buildings/tankfarm/ind_fuel_tank.DAE","useInstanceRenderData":true}
{"class":"TSStatic","persistentId":"8ff9df0a-244f-43ec-abab-5a6b184a3b4b","__parent":"exteriors","position":[-1233.92566,-600.37384,104.327454],"isRenderEnabled":false,"rotationMatrix":[0.731697321,-0.681629658,0,0.681629658,0.731697321,0,0,0,1],"shapeName":"/levels/industrial/art/shapes/buildings/tankfarm/ind_fuel_tank.DAE","useInstanceRenderData":true}
{"class":"TSStatic","persistentId":"a2764c18-d9ee-4e6a-a24f-7dbe92a37af8","__parent":"exteriors","position":[-1293.7998,-733.03125,104.10318],"isRenderEnabled":false,"rotationMatrix":[-0.681000352,-0.732282758,0,0.732282758,-0.681000352,0,0,0,1],"shapeName":"/levels/industrial/art/shapes/buildings/tankfarm/ind_big_tank.DAE","useInstanceRenderData":true}
{"class":"TSStatic","persistentId":"286545ef-80ee-4699-86e0-0c6f3d74e1e9","__parent":"exteriors","position":[-1302.59155,-742.565796,104.10318],"isRenderEnabled":false,"rotationMatrix":[-0.681000352,-0.732282758,0,0.732282758,-0.681000352,0,0,0,1],"shapeName":"/levels/industrial/art/shapes/buildings/tankfarm/ind_big_tank.DAE","useInstanceRenderData":true}
{"class":"TSStatic","persistentId":"d13a90b7-ed65-4431-aece-b69d1632151d","__parent":"exteriors","position":[-1314.0531,-755.089111,104.10318],"isRenderEnabled":false,"rotationMatrix":[-0.681000352,-0.732282758,0,0.732282758,-0.681000352,0,0,0,1],"shapeName":"/levels/industrial/art/shapes/buildings/tankfarm/ind_big_tank.DAE","useInstanceRenderData":true}
{"class":"TSStatic","persistentId":"92e83907-7f9b-47fd-baf6-042aad7b0094","__parent":"exteriors","position":[-1328.38574,-741.093811,104.343811],"isRenderEnabled":false,"rotationMatrix":[0.679126918,0.734020889,0,-0.734020889,0.679126918,0,0,0,1],"shapeName":"/levels/industrial/art/shapes/buildings/tankfarm/ind_long_tank.DAE","useInstanceRenderData":true}
{"class":"TSStatic","persistentId":"659a825b-cc35-44f4-9cbf-890f2d177556","__parent":"exteriors","position":[-1311.09607,-744.307495,104.134781],"isRenderEnabled":false,"rotationMatrix":[-0.684183717,-0.729309559,0,0.729309559,-0.684183717,0,0,0,1],"shapeName":"/levels/industrial/art/shapes/buildings/tankfarm/ind_foam_lines.DAE","useInstanceRenderData":true}
{"class":"TSStatic","persistentId":"510c8511-5a90-4250-9d4a-1ef12eabf1b7","__parent":"exteriors","position":[-1327.62341,-767.49292,104.611771],"isRenderEnabled":false,"rotationMatrix":[-0.678800762,-0.734322488,0,0.734322488,-0.678800762,0,0,0,0.999999881],"scale":[0.819999993,0.819999993,0.819999993],"shapeName":"/levels/industrial/art/shapes/buildings/tankfarm/ind_small_tank.DAE","useInstanceRenderData":true}
{"class":"TSStatic","persistentId":"cd646f17-8ff0-4763-86a1-e2e780c55540","__parent":"exteriors","position":[-1282.98999,-748.362,104.359001],"decalType":"None","isRenderEnabled":false,"rotationMatrix":[0.678813457,0.734310627,0,-0.734310627,0.678813457,0,0,0,0.999999881],"shapeName":"/levels/west_coast_usa/art/shapes/buildings/steel_factory/s_steel_factory_chimney_03.dae","useInstanceRenderData":true}
{"class":"TSStatic","persistentId":"7228f033-e9e2-4cb1-adc6-ebd02806c812","__parent":"exteriors","position":[-1282.98999,-748.362,104.359001],"isRenderEnabled":false,"rotationMatrix":[0.678813457,0.734310627,0,-0.734310627,0.678813457,0,0,0,0.999999881],"shapeName":"/levels/west_coast_usa/art/shapes/buildings/steel_factory/s_steel_factory_chimney_02.dae","useInstanceRenderData":true}
{"class":"TSStatic","persistentId":"143bbc44-6de9-4abd-9a5b-bfb39f931603","__parent":"exteriors","position":[-1282.98999,-748.362,104.359001],"isRenderEnabled":false,"rotationMatrix":[0.678813457,0.734310627,0,-0.734310627,0.678813457,0,0,0,0.999999881],"shapeName":"/levels/west_coast_usa/art/shapes/buildings/steel_factory/s_steel_factory_chimney_01.dae","useInstanceRenderData":true}
{"class":"TSStatic","persistentId":"4938cfee-6b89-4cd7-bd97-a6af3a8569c4","__parent":"exteriors","position":[-1282.98999,-748.362,104.358994],"decalType":"Visible Mesh Final","isRenderEnabled":false,"rotationMatrix":[0.678813457,0.734310627,0,-0.734310627,0.678813457,0,0,0,0.999999881],"shapeName":"/levels/west_coast_usa/art/shapes/buildings/steel_factory/s_steel_factory_wall_ext.dae","useInstanceRenderData":true}
{"class":"TSStatic","persistentId":"7b7e2b16-6830-441c-8261-6648ed9266da","__parent":"exteriors","position":[-1282.98999,-748.362,104.358994],"decalType":"Visible Mesh Final","isRenderEnabled":false,"rotationMatrix":[0.678813457,0.734310627,0,-0.734310627,0.678813457,0,0,0,0.999999881],"shapeName":"/levels/west_coast_usa/art/shapes/buildings/steel_factory/s_steel_factory_roof.dae","useInstanceRenderData":true}
{"class":"TSStatic","persistentId":"fc438c00-ad75-4516-9176-b9a031cf9c08","__parent":"exteriors","position":[-1282.98999,-748.362,104.359001],"isRenderEnabled":false,"rotationMatrix":[0.678813457,0.734310627,0,-0.734310627,0.678813457,0,0,0,0.999999881],"shapeName":"/levels/west_coast_usa/art/shapes/buildings/steel_factory/s_steel_factory_roof_frame_01.dae","useInstanceRenderData":true}
{"class":"TSStatic","persistentId":"7449f986-4af4-47be-949a-fe74ce263e0c","__parent":"exteriors","position":[-1456.9989,-873.379578,104.36895],"annotation":"BUILDINGS","isRenderEnabled":false,"rotationMatrix":[0.673572302,0.739121318,0,-0.739121318,0.673572302,0,0,0,1],"shapeName":"/levels/west_coast_usa/art/shapes/buildings/s_oil_ref_marine_terminal.dae","useInstanceRenderData":true}
{"class":"TSStatic","persistentId":"1e767897-70dd-4a07-9ce1-f9247a7f78de","__parent":"exteriors","position":[-1344.19495,-754.190369,104.358994],"annotation":"BUILDINGS","decalType":"Visible Mesh Final","isRenderEnabled":false,"rotationMatrix":[0.735136509,-0.67791903,0,0.67791903,0.735136509,0,0,0,1],"shapeName":"/levels/west_coast_usa/art/shapes/buildings/s_oil_ref_terminal.dae","useInstanceRenderData":true}
{"class":"TSStatic","persistentId":"1de50b1a-d52c-40a8-b8d7-f6a833e5a8fd","__parent":"exteriors","position":[-1438.72791,-853.682068,104.493492],"annotation":"BUILDINGS","isRenderEnabled":false,"rotationMatrix":[-0.732280016,0.681003213,0,-0.681003213,-0.732280016,0,0,0,1],"shapeName":"/levels/west_coast_usa/art/shapes/buildings/s_oil_ref_terminal.dae","useInstanceRenderData":true}
{"class":"TSStatic","persistentId":"1490d2f2-20aa-415e-818e-f6ad79a74128","__parent":"exteriors","position":[-1109.65869,-530.071045,104.471878],"decalType":"None","isRenderEnabled":false,"rotationMatrix":[-0.725726604,0.687982976,0,-0.687982976,-0.725726604,0,0,0,1],"shapeName":"/levels/west_coast_usa/art/shapes/buildings/guardhouse.dae","useInstanceRenderData":true}
{"class":"TSStatic","persistentId":"285c4b86-28e0-404c-8743-82c1d15f522d","__parent":"exteriors","position":[-1212.35925,-667.12439,104.471878],"isRenderEnabled":false,"rotationMatrix":[0.663550138,0.748131752,0,-0.748131752,0.663550138,0,0,0,1],"shapeName":"/levels/west_coast_usa/art/shapes/buildings/guardhouse.dae","useInstanceRenderData":true}
{"class":"TSStatic","persistentId":"0f1c24ec-b214-4e1f-970a-5217b322c242","__parent":"exteriors","position":[-1423.03381,-972.075378,97.3550797],"isRenderEnabled":false,"rotationMatrix":[-0.725349069,0.68838191,0,-0.68838191,-0.725349069,0,0,0,1],"scale":[0.5,0.5,0.5],"shapeName":"/levels/industrial/art/shapes/buildings/tankfarm/ind_big_tank.DAE","useInstanceRenderData":true}
{"class":"TSStatic","persistentId":"7647add2-ff56-4f52-b87e-7e756070729c","__parent":"exteriors","position":[-1416.42139,-861.432556,100.08831],"isRenderEnabled":false,"rotationMatrix":[-0.732282996,0.68100065,0,-0.68100065,-0.732282996,0,0,0,1],"shapeName":"/levels/industrial/art/shapes/buildings/tankfarm/ind_big_tank.DAE","useInstanceRenderData":true}
{"class":"TSStatic","persistentId":"2788fea4-6cc5-44b0-b5e7-784963fa2774","__parent":"exteriors","position":[-1213.98425,-634.900085,104.69986],"isRenderEnabled":false,"rotationMatrix":[-0.668327928,-0.743866622,0,0.743866622,-0.668327928,0,0,0,1],"shapeName":"/levels/industrial/art/shapes/buildings/tankfarm/ind_small_tank.DAE","useInstanceRenderData":true}
{"class":"TSStatic","persistentId":"9de6cede-fc35-41f6-8909-4001159bd132","__parent":"exteriors","position":[-1334.69678,-775.145081,104.611771],"isRenderEnabled":false,"rotationMatrix":[0.678800464,0.734322727,0,-0.734322727,0.678800464,0,0,0,1],"scale":[0.819999993,0.819999993,0.819999993],"shapeName":"/levels/industrial/art/shapes/buildings/tankfarm/ind_small_tank.DAE","useInstanceRenderData":true}
{"class":"TSStatic","persistentId":"305e28f6-2379-4b7e-89bb-246ae8d3c5c6","__parent":"exteriors","position":[-1331.30652,-739.289551,104.134781],"isRenderEnabled":false,"rotationMatrix":[-0.684183717,-0.729309559,0,0.729309559,-0.684183717,0,0,0,1],"shapeName":"/levels/industrial/art/shapes/buildings/tankfarm/ind_foam_lines.DAE","useInstanceRenderData":true}
{"class":"TSStatic","persistentId":"2286fb5f-275f-433f-8025-55347815e431","__parent":"exteriors","position":[-1506.02673,-930.289551,104.296036],"isRenderEnabled":false,"rotationMatrix":[0.734322548,-0.678800642,0,0.678800642,0.734322548,0,0,0,1],"scale":[1.10000002,1.10000002,1.10000002],"shapeName":"/levels/west_coast_usa/art/shapes/buildings/steel_factory/s_steel_factory_gateways_01.dae","useInstanceRenderData":true}
{"class":"TSStatic","persistentId":"83113559-887a-4960-bc34-d3065cf96d60","__parent":"exteriors","position":[-1423.37744,-922.284729,104.296036],"isRenderEnabled":false,"rotationMatrix":[0.678800464,0.734322786,0,-0.734322786,0.678800464,0,0,0,1],"scale":[0.980000019,1.10000002,1.10000002],"shapeName":"/levels/west_coast_usa/art/shapes/buildings/steel_factory/s_steel_factory_gateways_01.dae","useInstanceRenderData":true}
{"class":"TSStatic","persistentId":"969db73c-6bac-4c7f-9511-f9f162146306","__parent":"exteriors","position":[-1358.70227,-940.7901,104.302002],"isRenderEnabled":false,"rotationMatrix":[0.678800464,0.734322786,0,-0.734322786,0.678800464,0,0,0,1],"scale":[1.01999998,1.02999997,1.02999997],"shapeName":"/levels/west_coast_usa/art/shapes/buildings/steel_factory/s_steel_factory_gateways_02.dae","useInstanceRenderData":true}
{"class":"TSStatic","persistentId":"992df927-f4d6-408a-b33b-47d8638bb824","__parent":"exteriors","position":[-1302.66235,-880.151855,104.302078],"isRenderEnabled":false,"rotationMatrix":[0.678800464,0.734322786,0,-0.734322786,0.678800464,0,0,0,1],"scale":[1.01999998,1.02999997,1.02999997],"shapeName":"/levels/west_coast_usa/art/shapes/buildings/steel_factory/s_steel_factory_gateways_02.dae","useInstanceRenderData":true}
{"class":"TSStatic","persistentId":"32480249-c09a-4de9-a3db-2bfc4165e67a","__parent":"exteriors","position":[-1286.66089,-866.291931,104.404999],"decalType":"None","isRenderEnabled":false,"rotationMatrix":[0.678800583,0.734322608,0,-0.734322608,0.678800583,0,0,0,1],"shapeName":"/art/shapes/objects/modular_container/modular_04.dae","useInstanceRenderData":true}
{"class":"TSStatic","persistentId":"0f3cdf5c-55df-4d37-a322-9821038a6ed2","__parent":"exteriors","position":[-1291.19885,-871.200195,107.05381],"decalType":"None","isRenderEnabled":false,"rotationMatrix":[0.67880106,0.734322131,0,-0.734322131,0.67880106,0,0,0,1],"shapeName":"/art/shapes/objects/modular_container/modular_04.dae","useInstanceRenderData":true}
{"class":"TSStatic","persistentId":"97182156-b875-4cdc-9ea5-01288c2fdba4","__parent":"exteriors","position":[-1286.66089,-866.291931,107.05381],"decalType":"None","isRenderEnabled":false,"rotationMatrix":[0.678800583,0.734322608,0,-0.734322608,0.678800583,0,0,0,1],"shapeName":"/art/shapes/objects/modular_container/modular_04.dae","useInstanceRenderData":true}
{"class":"TSStatic","persistentId":"aecf5ab5-8292-4a50-8e62-a385d224edc2","__parent":"exteriors","position":[-1293.47083,-873.658081,107.05381],"decalType":"None","isRenderEnabled":false,"rotationMatrix":[-0.678800702,-0.73432225,0,0.73432225,-0.678800702,0,0,0,1],"shapeName":"/art/shapes/objects/modular_container/modular_04.dae","useInstanceRenderData":true}
{"class":"TSStatic","persistentId":"19f813fb-b02c-4d67-a1c2-4f91cbea0f6f","__parent":"exteriors","position":[-1341.84204,-929.172546,104.503571],"decalType":"None","isRenderEnabled":false,"rotationMatrix":[0.678800464,0.734322727,0,-0.734322727,0.678800464,0,0,0,1],"shapeName":"/art/shapes/objects/modular_container/modular_stairs.dae","useInstanceRenderData":true}
{"class":"TSStatic","persistentId":"bda03c4e-cfb9-4633-b2b6-83522e90fa7f","__parent":"exteriors","position":[-1341.22314,-925.317017,104.404999],"decalType":"None","isRenderEnabled":false,"rotationMatrix":[0.678800583,0.734322608,0,-0.734322608,0.678800583,0,0,0,1],"shapeName":"/art/shapes/objects/modular_container/modular_04.dae","useInstanceRenderData":true}
{"class":"TSStatic","persistentId":"6ba2739b-a60c-463c-ad0a-47bf85ae6a7b","__parent":"exteriors","position":[-1341.22314,-925.317017,107.05381],"decalType":"None","isRenderEnabled":false,"rotationMatrix":[0.678800583,0.734322608,0,-0.734322608,0.678800583,0,0,0,1],"shapeName":"/art/shapes/objects/modular_container/modular_04.dae","useInstanceRenderData":true}
{"class":"TSStatic","persistentId":"6a01f4dc-4cf4-4426-8e1e-548bacdbf772","__parent":"exteriors","position":[-1345.76111,-930.225281,107.05381],"decalType":"None","isRenderEnabled":false,"rotationMatrix":[0.67880106,0.734322131,0,-0.734322131,0.67880106,0,0,0,1],"shapeName":"/art/shapes/objects/modular_container/modular_04.dae","useInstanceRenderData":true}
{"class":"TSStatic","persistentId":"df977995-3e8d-4286-a4e5-de960b9e9fdb","__parent":"exteriors","position":[-1338.95264,-922.859985,107.05381],"decalType":"None","isRenderEnabled":false,"rotationMatrix":[-0.678800702,-0.73432225,0,0.73432225,-0.678800702,0,0,0,1],"shapeName":"/art/shapes/objects/modular_container/modular_04.dae","useInstanceRenderData":true}
{"class":"TSStatic","persistentId":"60e02861-8f75-417f-8dbf-488d63c92db2","__parent":"exteriors","position":[-1338.95679,-922.857422,104.405251],"decalType":"None","isRenderEnabled":false,"rotationMatrix":[0.67880106,0.734322131,0,-0.734322131,0.67880106,0,0,0,1],"shapeName":"/art/shapes/objects/modular_container/modular_03.dae","useInstanceRenderData":true}
{"class":"TSStatic","persistentId":"d6820821-7616-4a35-a4df-d57327b17543","__parent":"exteriors","position":[-1345.76111,-930.225281,104.404999],"decalType":"None","isRenderEnabled":false,"rotationMatrix":[-0.678800941,-0.734322548,0,0.734322548,-0.678800941,0,0,0,1],"shapeName":"/art/shapes/objects/modular_container/modular_04.dae","useInstanceRenderData":true}
{"class":"TSStatic","persistentId":"43ac6734-4cdd-4fff-a17e-943e9e3b2f5c","__parent":"exteriors","position":[-1343.49353,-927.771362,104.404999],"decalType":"None","isRenderEnabled":false,"rotationMatrix":[0.678800583,0.734322608,0,-0.734322608,0.678800583,0,0,0,1],"shapeName":"/art/shapes/objects/modular_container/modular_01.dae","useInstanceRenderData":true}
{"class":"TSStatic","persistentId":"6400aa5a-5ec0-47c4-bc50-731e45e5693e","__parent":"exteriors","position":[-1343.48804,-927.777893,107.054245],"isRenderEnabled":false,"rotationMatrix":[0.67880106,0.734322131,0,-0.734322131,0.67880106,0,0,0,1],"shapeName":"/art/shapes/objects/modular_container/modular_05.dae","useInstanceRenderData":true}
{"class":"TSStatic","persistentId":"41f3b783-4995-48bd-8245-3e0e1cdf040f","__parent":"exteriors","position":[-1498.13684,-943.625183,104.503571],"decalType":"None","isRenderEnabled":false,"rotationMatrix":[0.734323382,-0.678799808,0,0.678799808,0.734323382,0,0,0,1],"shapeName":"/art/shapes/objects/modular_container/modular_stairs.dae","useInstanceRenderData":true}
{"class":"TSStatic","persistentId":"0c3ee6e0-c733-4e78-9b3d-3df406945708","__parent":"exteriors","position":[-1494.28137,-944.24408,104.404999],"decalType":"None","isRenderEnabled":false,"rotationMatrix":[-0.734323382,0.67879945,0,-0.67879945,-0.734323382,0,0,0,1],"shapeName":"/art/shapes/objects/modular_container/modular_04.dae","useInstanceRenderData":true}
{"class":"TSStatic","persistentId":"f0808491-c774-40d0-981b-e130a715d41a","__parent":"exteriors","position":[-1494.28137,-944.24408,107.05381],"decalType":"None","isRenderEnabled":false,"rotationMatrix":[0.734323323,-0.678799808,0,0.678799808,0.734323323,0,0,0,1],"shapeName":"/art/shapes/objects/modular_container/modular_04.dae","useInstanceRenderData":true}
{"class":"TSStatic","persistentId":"5682fd1e-1d71-460d-8c45-ff6697196cda","__parent":"exteriors","position":[-1499.1897,-939.706116,107.05381],"decalType":"None","isRenderEnabled":false,"rotationMatrix":[0.734322786,-0.678800344,0,0.678800344,0.734322786,0,0,0,1],"shapeName":"/art/shapes/objects/modular_container/modular_04.dae","useInstanceRenderData":true}
{"class":"TSStatic","persistentId":"57c06fa0-ce6d-4821-9607-d30348503217","__parent":"exteriors","position":[-1499.1897,-939.706116,104.404999],"decalType":"None","isRenderEnabled":false,"rotationMatrix":[0.734323144,-0.678800106,0,0.678800106,0.734323144,0,0,0,1],"shapeName":"/art/shapes/objects/modular_container/modular_04.dae","useInstanceRenderData":true}
{"class":"TSStatic","persistentId":"eb6589aa-5c20-4be6-84b7-88f7fac4a229","__parent":"exteriors","position":[-1496.73572,-941.973694,104.404999],"decalType":"None","isRenderEnabled":false,"rotationMatrix":[0.734323323,-0.678799808,0,0.678799808,0.734323323,0,0,0,1],"shapeName":"/art/shapes/objects/modular_container/modular_01.dae","useInstanceRenderData":true}
{"class":"TSStatic","persistentId":"3d585eb6-f30a-465d-b924-8907814f4d7a","__parent":"exteriors","position":[-1496.74231,-941.979187,107.054245],"isRenderEnabled":false,"rotationMatrix":[0.734322786,-0.678800344,0,0.678800344,0.734322786,0,0,0,1],"shapeName":"/art/shapes/objects/modular_container/modular_05.dae","useInstanceRenderData":true}
{"class":"TSStatic","persistentId":"ace27fc0-76d2-4571-bda0-48dae0401b62","__parent":"exteriors","position":[-1413.94824,-914.763,104.364784],"decalType":"None","isRenderEnabled":false,"rotationMatrix":[0.678800583,0.734322608,0,-0.734322608,0.678800583,0,0,0,1],"shapeName":"/art/shapes/objects/modular_container/modular_01.dae","useInstanceRenderData":true}
{"class":"TSStatic","persistentId":"d8ad8175-3431-4541-86d8-75749f1ab208","__parent":"exteriors","position":[-1416.21582,-917.216919,104.364784],"decalType":"None","isRenderEnabled":false,"rotationMatrix":[-0.678800941,-0.734322548,0,0.734322548,-0.678800941,0,0,0,1],"shapeName":"/art/shapes/objects/modular_container/modular_04.dae","useInstanceRenderData":true}
{"class":"TSStatic","persistentId":"7c681988-dcbe-4b71-a73a-37c60e3bf884","__parent":"exteriors","position":[-1416.21582,-917.216919,107.013596],"decalType":"None","isRenderEnabled":false,"rotationMatrix":[0.67880106,0.734322131,0,-0.734322131,0.67880106,0,0,0,1],"shapeName":"/art/shapes/objects/modular_container/modular_04.dae","useInstanceRenderData":true}
{"class":"TSStatic","persistentId":"7c02f511-7078-4110-8ace-cc9a30448361","__parent":"exteriors","position":[-1413.94275,-914.769531,107.01403],"isRenderEnabled":false,"rotationMatrix":[0.67880106,0.734322131,0,-0.734322131,0.67880106,0,0,0,1],"shapeName":"/art/shapes/objects/modular_container/modular_02.dae","useInstanceRenderData":true}
{"class":"TSStatic","persistentId":"9cfa6e4d-83c7-4241-8218-6d2651fb8289","__parent":"exteriors","position":[-1337.59949,-835.349243,104.54435],"isRenderEnabled":false,"rotationMatrix":[-0.743866444,0.668328404,0,-0.668328404,-0.743866444,0,0,0,1],"scale":[1,1,1.20000005],"shapeName":"/levels/industrial/art/shapes/buildings/tankfarm/ind_small_tank.DAE","useInstanceRenderData":true}
{"class":"TSStatic","persistentId":"63575945-9d5a-4740-8db8-1556b1d67bb5","__parent":"exteriors","position":[-1337.59949,-835.349243,123.944229],"isRenderEnabled":false,"rotationMatrix":[-0.743866205,0.668328583,-3.25841341e-07,0.668328583,0.743866205,9.9475983e-14,2.42382413e-07,-2.17769013e-07,-1],"scale":[1,1,1.20000005],"shapeName":"/levels/industrial/art/shapes/buildings/tankfarm/ind_small_tank.DAE","useInstanceRenderData":true}
{"class":"TSStatic","persistentId":"e409e3a7-a626-4db5-bee6-6b17275a7833","__parent":"exteriors","position":[-1423.84644,-920.007202,103.989227],"isRenderEnabled":false,"rotationMatrix":[0.678799987,0.734323144,7.07966592e-08,0.734323144,-0.678799868,5.69834356e-07,4.66499387e-07,-3.34815923e-07,-0.999999881],"scale":[1.10000002,1.10000002,1.10000002],"shapeName":"/levels/industrial/art/shapes/buildings/tankfarm/ind_foam_lines.DAE","useInstanceRenderData":true}
{"class":"TSStatic","persistentId":"32d108d4-9d54-42db-a8e8-aa3d978e4f15","__parent":"exteriors","position":[-1427.00928,-905.253601,103.895042],"isRenderEnabled":false,"rotationMatrix":[-0.678799629,-0.734323263,-7.07965313e-08,-0.734323263,0.678799868,-5.69834242e-07,4.66499273e-07,-3.34815837e-07,-0.999999762],"scale":[1.10000002,1.10000002,1.10000002],"shapeName":"/levels/industrial/art/shapes/buildings/tankfarm/ind_foam_lines.DAE","useInstanceRenderData":true}
{"class":"TSStatic","persistentId":"84fc2114-6365-4b3c-94da-1f47a5ec5d3d","__parent":"exteriors","position":[-1416.8252,-912.411804,103.989227],"isRenderEnabled":false,"rotationMatrix":[0.678799987,0.734323144,7.07966592e-08,0.734323144,-0.678799868,5.69834356e-07,4.66499387e-07,-3.34815923e-07,-0.999999881],"scale":[1.10000002,1.10000002,1.10000002],"shapeName":"/levels/industrial/art/shapes/buildings/tankfarm/ind_foam_lines.DAE","useInstanceRenderData":true}
{"class":"TSStatic","persistentId":"db74cd9e-a6c2-4ea9-a9f4-1320d6103b98","__parent":"exteriors","position":[-1405.94861,-900.645386,103.989227],"isRenderEnabled":false,"rotationMatrix":[0.678799987,0.734323144,7.07966592e-08,0.734323144,-0.678799868,5.69834356e-07,4.66499387e-07,-3.34815923e-07,-0.999999881],"scale":[1.10000002,1.10000002,1.10000002],"shapeName":"/levels/industrial/art/shapes/buildings/tankfarm/ind_foam_lines.DAE","useInstanceRenderData":true}
{"class":"TSStatic","persistentId":"5927506e-46de-4851-84fb-b539be2ebef3","__parent":"exteriors","position":[-1395.12476,-888.936157,103.989227],"isRenderEnabled":false,"rotationMatrix":[0.678799987,0.734323144,7.07966592e-08,0.734323144,-0.678799868,5.69834356e-07,4.66499387e-07,-3.34815923e-07,-0.999999881],"scale":[1.10000002,1.10000002,1.10000002],"shapeName":"/levels/industrial/art/shapes/buildings/tankfarm/ind_foam_lines.DAE","useInstanceRenderData":true}
{"class":"TSStatic","persistentId":"1e3bcc84-b91b-4821-a82b-7a4ef6bc6d9f","__parent":"exteriors","position":[-1402.36414,-884.840576,100.04435],"isRenderEnabled":false,"rotationMatrix":[-0.734322906,0.678800166,-2.43992929e-07,-0.678800166,-0.734322906,-7.07968155e-08,-2.27226522e-07,1.13634741e-07,1],"scale":[1.10000002,1.10000002,1.10000002],"shapeName":"/levels/industrial/art/shapes/buildings/tankfarm/ind_foam_lines.DAE","useInstanceRenderData":true}
