{"name":"redLightTrigger1","class":"BeamNGTrigger","persistentId":"4aab293f-0b45-4719-944b-97338b32077d","__parent":"redlightCamera_001","position":[-499.352753,319.03363,97.2373505],"luaFunction":"onBeamNGTrigger","rotationMatrix":[0.701709986,-0.712462664,0,0.712462664,0.701709986,0,0,0,1],"scale":[12.0140018,7.61162186,7.61162186],"speedTrapLightName":"redLightCamLight1","speedTrapType":"redLight","trafficSignalId":"trafficLight 9","triggerSpeed":"5"}
{"class":"TSStatic","persistentId":"4ffb406b-80da-40bb-b26e-361176c72789","__parent":"redlightCamera_001","position":[-504.10849,304.607666,101.691177],"isRenderEnabled":false,"rotationMatrix":[-0.884180188,0.467137605,-0.00278020278,-0.45907864,-0.867794394,0.190209284,0.0864412785,0.169455633,0.98173964],"shapeName":"/levels/west_coast_usa/art/shapes/objects/s_camera_light1.dae","useInstanceRenderData":true}
{"class":"TSStatic","persistentId":"372a2e35-179d-4303-8a46-d0f51cf549c2","__parent":"redlightCamera_001","position":[-503.679932,304.13974,96.8717804],"isRenderEnabled":false,"rotationMatrix":[-0.890795112,0.454404891,0,-0.454404891,-0.890795112,0,0,0,1],"shapeName":"/levels/west_coast_usa/art/shapes/objects/s_camera_pole.dae","useInstanceRenderData":true}
{"class":"TSStatic","persistentId":"9087ddcd-36ec-4e27-8c9c-c1d54ca6c8fc","__parent":"redlightCamera_001","position":[-503.688019,304.130615,101.862579],"isRenderEnabled":false,"rotationMatrix":[-0.890795112,0.454404891,0,-0.454404891,-0.890795112,0,0,0,1],"shapeName":"/levels/west_coast_usa/art/shapes/objects/s_camera_speed1.dae","useInstanceRenderData":true}
{"class":"TSStatic","persistentId":"733acee6-6d41-45c7-b7e0-f0f17daed37a","__parent":"redlightCamera_001","position":[-503.788086,304.187195,101.410454],"isRenderEnabled":false,"rotationMatrix":[0.888908207,-0.458085328,0,0.458085328,0.888908207,0,0,0,1],"shapeName":"/levels/west_coast_usa/art/shapes/objects/s_camera_elbow.dae","useInstanceRenderData":true}
{"class":"TSStatic","persistentId":"a45b88c6-30ce-475d-9024-c3a263bde7d1","__parent":"redlightCamera_001","position":[-520.596619,288.463898,104.217361],"isRenderEnabled":false,"rotationMatrix":[0.361253202,-0.93246758,-2.20169216e-08,0.93246758,0.361253202,-2.29267805e-08,2.93321651e-08,-1.22477024e-08,1],"shapeName":"/levels/west_coast_usa/art/shapes/objects/s_sign_lightcam.dae","useInstanceRenderData":true}
{"class":"TSStatic","persistentId":"e6b3fda4-3fc9-4cf1-9110-4fad1c0208bb","__parent":"redlightCamera_001","position":[-520.540771,288.529602,101.233757],"isRenderEnabled":false,"rotationMatrix":[-0.361052871,0.932545066,0,-0.932545066,-0.361052871,0,0,0,1],"shapeName":"/levels/west_coast_usa/art/shapes/objects/pole_traffic1.dae","useInstanceRenderData":true}
{"name":"redLightCamLight1","class":"SpotLight","persistentId":"b471a2c6-2603-43ad-8798-bb034a3469ae","__parent":"redlightCamera_001","position":[-503.71756,304.433441,101.933815],"animate":false,"brightness":12,"color":[0.706376135,0.956328213,0.990281641,1],"flareScale":10,"flareType":"BNG_Sunflare_3","isEnabled":false,"outerAngle":60.0000038,"range":60,"rotationMatrix":[0.915177345,-0.40260154,-0.0190380476,0.376662195,0.8711133,-0.315098673,0.143443495,0.28120026,0.948867977],"shadowDarkenColor":[0,0,0,0]}
