{"internalName":"NewCamera_13","class":"CameraBookmark","persistentId":"0077e9b6-7157-4238-9b5f-9d68fa6d99dd","__parent":"CameraBookmarks","position":[-556.463013,-381.738007,174.490997],"dataBlock":"CameraBookmarkMarker","rotationMatrix":[0.594061971,0.804419279,7.89761543e-07,-0.656324744,0.484695077,-0.578194201,-0.465110958,0.343482673,0.815899193]}
{"internalName":"NewCamera_47","class":"CameraBookmark","persistentId":"0451edd8-1432-46bb-9f99-52131c76b230","__parent":"CameraBookmarks","position":[-754.279114,-1092.56726,151.067749],"dataBlock":"CameraBookmarkMarker","rotationMatrix":[0.078887701,-0.996883571,-2.98023224e-08,0.925441325,0.0732341409,0.371746242,-0.370587677,-0.0293262452,0.928334415]}
{"internalName":"NewCamera_26","class":"CameraBookmark","persistentId":"0d277665-7199-400f-81da-df261576841d","__parent":"CameraBookmarks","position":[353.121002,24.8848991,158.503006],"dataBlock":"CameraBookmarkMarker","observer":false,"rotationMatrix":[-0.637805223,-0.770197749,5.96046448e-08,0.625682116,-0.518131137,-0.583148479,0.449139655,-0.37193507,0.812365592]}
{"internalName":"NewCamera_34","class":"CameraBookmark","persistentId":"1104bb9e-3fb3-4bb3-948a-bdd55b45d350","__parent":"CameraBookmarks","position":[837.53717,-472.507294,156.999542],"dataBlock":"CameraBookmarkMarker","rotationMatrix":[0.0672635436,-0.997735262,-2.23517418e-08,0.976196766,0.0658114552,0.206660986,-0.20619294,-0.0139007717,0.978412628]}
{"name":"overviewbookmark","internalName":"NewCamera_6","class":"CameraBookmark","persistentId":"167abba2-53d4-4fa4-afa2-22ccf73a94be","__parent":"CameraBookmarks","position":[888.403992,380.200989,239.867004],"dataBlock":"CameraBookmarkMarker","rotationMatrix":[0.09225595,0.995735347,4.61935997e-07,-0.97827667,0.0906385183,-0.186438739,-0.185643673,0.0171996281,0.982466578]}
{"internalName":"NewCamera_8","class":"CameraBookmark","persistentId":"1716458c-5ecf-46db-829d-e56e04273b17","__parent":"CameraBookmarks","position":[738.05603,-703.830017,161.130997],"dataBlock":"CameraBookmarkMarker","rotationMatrix":[0.581917763,-0.813247681,-1.63912773e-06,0.616361737,0.441037774,-0.652367949,0.530537367,0.379623532,0.757902384]}
{"internalName":"NewCamera_43","class":"CameraBookmark","persistentId":"1c6d982e-0141-4ab8-957a-b8ea1f3c7c29","__parent":"CameraBookmarks","position":[-916.956177,-551.207214,286.203278],"dataBlock":"CameraBookmarkMarker","rotationMatrix":[0.581985235,-0.813199401,-7.4505806e-08,0.711334825,0.50908339,0.484599799,-0.394076169,-0.282030016,0.874735951]}
{"internalName":"NewCamera_36","class":"CameraBookmark","persistentId":"260d3165-3ae7-4d2e-88c2-ebc2643d2e1d","__parent":"CameraBookmarks","position":[845.000854,-468.742371,159.067505],"dataBlock":"CameraBookmarkMarker","rotationMatrix":[-0.838809371,-0.544424653,2.98023224e-08,0.518902421,-0.799486518,0.30259046,-0.164737716,0.2538158,0.953120649]}
{"internalName":"NewCamera_33","class":"CameraBookmark","persistentId":"2b4576ac-9678-4697-8d7a-9c46383e497d","__parent":"CameraBookmarks","position":[840.738464,-195.010056,154.315659],"dataBlock":"CameraBookmarkMarker","rotationMatrix":[0.516933918,-0.856025279,2.23517418e-08,0.826514781,0.499113142,-0.260306299,0.222828776,0.134561151,0.965526104]}
{"internalName":"NewCamera_30","class":"CameraBookmark","persistentId":"2f6f8675-6388-405e-ba9a-ab9ee8588a08","__parent":"CameraBookmarks","position":[-46.9486008,-608.067017,144.600006],"dataBlock":"CameraBookmarkMarker","rotationMatrix":[0.972012639,0.234928489,1.11758709e-07,-0.178590506,0.738915563,-0.64969933,-0.152632952,0.63151598,0.760191262]}
{"internalName":"NewCamera_39","class":"CameraBookmark","persistentId":"315fbff6-847d-455f-b45a-32f41df8434a","__parent":"CameraBookmarks","position":[-770.450439,-640.64386,231.451218],"dataBlock":"CameraBookmarkMarker","rotationMatrix":[-0.850235343,-0.526402652,2.23517418e-08,0.503686488,-0.813544631,-0.290594161,0.152969569,-0.247073427,0.956846416]}
{"name":"underbridge","internalName":"NewCamera_4","class":"CameraBookmark","persistentId":"3942f4e4-2c60-48eb-b87a-29f28ea2e7e1","__parent":"CameraBookmarks","position":[-642.888,-732.875977,144.733994],"dataBlock":"CameraBookmarkMarker","rotationMatrix":[-0.0353456736,-0.999375165,2.98023224e-08,0.986698449,-0.0348973274,-0.158771813,0.158672601,-0.00561185926,0.987315297]}
{"internalName":"NewCamera_18","class":"CameraBookmark","persistentId":"3ecb4588-fbcf-415b-8904-6daf89ce41cf","__parent":"CameraBookmarks","position":[-675.958984,525.380981,291.084991],"dataBlock":"CameraBookmarkMarker","rotationMatrix":[-0.993234396,-0.11612723,5.66244125e-07,0.0968761221,-0.828582644,-0.551421642,0.0640355349,-0.547690868,0.834226727]}
{"internalName":"NewCamera_20","class":"CameraBookmark","persistentId":"3efc327a-7b5d-4044-b1cb-3e7a4c4a48b2","__parent":"CameraBookmarks","position":[510.196991,635.34198,201.302002],"dataBlock":"CameraBookmarkMarker","rotationMatrix":[-0.724678516,0.689087391,-2.23517418e-07,-0.538245559,-0.566046,-0.624406934,-0.43027097,-0.452494055,0.78109926]}
{"internalName":"NewCamera_31","class":"CameraBookmark","persistentId":"3fdb655a-30c5-4f1e-8e70-50662e2f0d97","__parent":"CameraBookmarks","position":[-549.302002,623.432983,227.296005],"dataBlock":"CameraBookmarkMarker","rotationMatrix":[0.351704121,-0.936111271,2.38418579e-07,0.913875163,0.343349755,-0.216663733,0.20282127,0.0762017518,0.976246297]}
{"internalName":"NewCamera_45","class":"CameraBookmark","persistentId":"41268dfd-382b-41a0-9c60-846f9761fe56","__parent":"CameraBookmarks","position":[251.553848,908.875549,230.957932],"dataBlock":"CameraBookmarkMarker","rotationMatrix":[-0.148841619,-0.988860905,0,0.792392194,-0.119269371,-0.598238349,0.591574609,-0.0890428126,0.801318169]}
{"internalName":"NewCamera_5","class":"CameraBookmark","persistentId":"4623038e-bc98-40a7-ada8-9cc145a71414","__parent":"CameraBookmarks","position":[-144.404999,-970.122009,173.059998],"dataBlock":"CameraBookmarkMarker","rotationMatrix":[-0.350689888,-0.936491609,2.65240669e-06,0.727365732,-0.272379875,-0.629879594,0.589877725,-0.220890507,0.776692808]}
{"internalName":"NewCamera_19","class":"CameraBookmark","persistentId":"46ab44a2-ed17-469e-ba11-668b0628c611","__parent":"CameraBookmarks","position":[820.564026,-252.459,157.181],"dataBlock":"CameraBookmarkMarker","rotationMatrix":[-0.993888974,-0.110386916,2.66358256e-06,0.0732789114,-0.659798265,-0.747861505,0.0825558752,-0.743290901,0.663854837]}
{"internalName":"NewCamera_50","class":"CameraBookmark","persistentId":"4e848f0a-8e7f-4698-95d7-1c5382de036e","__parent":"CameraBookmarks","position":[827.772766,-650.2276,151.483383],"dataBlock":"CameraBookmarkMarker","rotationMatrix":[0.0978244543,0.995203733,5.96046448e-08,-0.712245226,0.0700107217,0.698430598,0.695080698,-0.0683237314,0.715677798]}
{"name":"cinematic","internalName":"NewCamera_16","class":"CameraBookmark","persistentId":"55efc4d4-e660-42f1-a256-d80d4e8fc39c","__parent":"CameraBookmarks","position":[559.073975,939.671997,260.924988],"dataBlock":"CameraBookmarkMarker","isObserver":"1","rotationMatrix":[0.39230895,-0.919833481,-4.47034836e-08,0.907503188,0.387050092,-0.163187534,0.150105387,0.0640198737,0.986595094],"speed":"3"}
{"internalName":"NewCamera_11","class":"CameraBookmark","persistentId":"622b7008-2757-4782-bff8-873327c2952b","__parent":"CameraBookmarks","position":[-25.1259995,-171.688004,154.518005],"dataBlock":"CameraBookmarkMarker","rotationMatrix":[-0.768706918,0.639601171,1.49011612e-07,-0.590803564,-0.710059285,-0.383101672,-0.245032147,-0.29449299,0.923706174]}
{"internalName":"NewCamera_10","class":"CameraBookmark","persistentId":"6436f987-4490-4b6e-9636-84dcb4767f50","__parent":"CameraBookmarks","position":[639.594971,-1.04905999,182.895004],"dataBlock":"CameraBookmarkMarker","rotationMatrix":[-0.444593191,0.89573288,-1.90734863e-06,-0.000173479319,-8.83340836e-05,-1.00000012,-0.89573288,-0.444592953,0.000194430351]}
{"internalName":"NewCamera_21","class":"CameraBookmark","persistentId":"663b1e8c-7941-474a-8f95-e19ef161b03e","__parent":"CameraBookmarks","position":[55.0746002,816.424988,284.602997],"dataBlock":"CameraBookmarkMarker","rotationMatrix":[0.923417509,0.38379693,1.56462193e-07,-0.31324023,0.753657937,-0.577823758,-0.221767098,0.533572555,0.816161573]}
{"internalName":"NewCamera_15","class":"CameraBookmark","persistentId":"67b63010-abfd-446d-bbe1-32c8e86a6978","__parent":"CameraBookmarks","position":[-517.747009,539.15802,268.673004],"dataBlock":"CameraBookmarkMarker","rotationMatrix":[0.144233286,-0.989543736,7.4505806e-09,0.98558706,0.143656552,0.0893368497,-0.0884027183,-0.0128853396,0.996001482]}
{"internalName":"NewCamera_29","class":"CameraBookmark","persistentId":"77029199-4eab-496f-b9b3-6ec4240f3c9c","__parent":"CameraBookmarks","position":[-46.9486008,-608.067017,144.600006],"dataBlock":"CameraBookmarkMarker","rotationMatrix":[0.972012639,0.234928489,1.11758709e-07,-0.178590506,0.738915563,-0.64969933,-0.152632952,0.63151598,0.760191262]}
{"internalName":"NewCamera_46","class":"CameraBookmark","persistentId":"8da569c7-9859-42f9-81d2-20a97b507cec","__parent":"CameraBookmarks","position":[-720.872314,282.801056,273.041382],"dataBlock":"CameraBookmarkMarker","rotationMatrix":[0.217265904,-0.976112485,5.96046448e-08,0.927764177,0.206504405,-0.310820699,0.303395957,0.0675308034,0.95046854]}
{"internalName":"NewCamera_0","class":"CameraBookmark","persistentId":"8f74c28b-2ac9-4996-ab34-d29148e2cb9a","__parent":"CameraBookmarks","position":[631.379028,-202.807999,168.466995],"dataBlock":"CameraBookmarkMarker","rotationMatrix":[0.57373786,0.819039106,1.22189522e-06,-0.716246843,0.501732469,-0.485030949,-0.397259891,0.278279722,0.874496996]}
{"internalName":"NewCamera_35","class":"CameraBookmark","persistentId":"9762787b-b258-4547-bcfa-1708af9b37ef","__parent":"CameraBookmarks","position":[837.53717,-472.507294,156.999542],"dataBlock":"CameraBookmarkMarker","rotationMatrix":[0.0672635436,-0.997735262,-2.23517418e-08,0.976196766,0.0658114552,0.206660986,-0.20619294,-0.0139007717,0.978412628]}
{"internalName":"NewCamera_49","class":"CameraBookmark","persistentId":"a16ea84c-f640-421e-8126-8ec6b8c2462a","__parent":"CameraBookmarks","position":[777.659058,-151.494278,147.151428],"dataBlock":"CameraBookmarkMarker","rotationMatrix":[0.21131593,0.977417827,-2.79396772e-09,-0.97710526,0.211248338,-0.0252857674,-0.0247147605,0.00534328818,0.999680281]}
{"internalName":"NewCamera_2","class":"CameraBookmark","persistentId":"a8a74c98-f49f-4d28-ae01-9ca815b5f347","__parent":"CameraBookmarks","position":[-330.864014,-413.346985,160.311996],"dataBlock":"CameraBookmarkMarker","rotationMatrix":[-0.62347424,-0.781843841,3.87430191e-06,0.156423807,-0.124743581,-0.979780912,0.766036153,-0.61086762,0.200073421]}
{"internalName":"NewCamera_9","class":"CameraBookmark","persistentId":"aab51e8f-2571-4f51-af89-4d32c0db1679","__parent":"CameraBookmarks","position":[461.665985,-169.602997,182.895004],"dataBlock":"CameraBookmarkMarker","observer":false,"rotationMatrix":[0.151325941,0.988483965,-5.27501106e-06,-0.111966193,0.0171354413,-0.993564367,-0.982122302,0.150352746,0.113269806]}
{"internalName":"NewCamera_1","class":"CameraBookmark","persistentId":"adaa5e72-6574-4cd4-8977-746fe5d846df","__parent":"CameraBookmarks","position":[-921.299011,-169.498001,558.315979],"dataBlock":"CameraBookmarkMarker","rotationMatrix":[-0.368435383,-0.929653406,1.60932541e-06,0.408805102,-0.162017107,-0.898125291,0.83494544,-0.330900431,0.439739764]}
{"internalName":"NewCamera_27","class":"CameraBookmark","persistentId":"b020a286-1cd8-4757-832f-7509fad98ceb","__parent":"CameraBookmarks","position":[776.244995,131.830994,392.209015],"dataBlock":"CameraBookmarkMarker","rotationMatrix":[-0.885247111,0.465121657,3.42726707e-07,-0.461828381,-0.878979087,-0.118789285,-0.0552511588,-0.105157986,0.992919505]}
{"internalName":"NewCamera_22","class":"CameraBookmark","persistentId":"b06a4937-1e19-41e8-8e45-0f2c15fe4eec","__parent":"CameraBookmarks","position":[60.2700005,886.030029,272.776001],"dataBlock":"CameraBookmarkMarker","rotationMatrix":[-0.841632605,0.540050566,6.85453415e-07,-0.524028361,-0.816662788,-0.241777465,-0.130571499,-0.203488156,0.970331728]}
{"internalName":"NewCamera_44","class":"CameraBookmark","persistentId":"b1d6600f-cd16-4f13-9756-4f792b27a4c6","__parent":"CameraBookmarks","position":[-923.145813,-555.637085,281.98645],"dataBlock":"CameraBookmarkMarker","rotationMatrix":[0.581985235,-0.813199401,-7.4505806e-08,0.711334825,0.50908339,0.484599799,-0.394076169,-0.282030016,0.874735951]}
{"internalName":"NewCamera_23","class":"CameraBookmark","persistentId":"b365611d-b6b7-4fe7-b2c2-8c45d1d193bb","__parent":"CameraBookmarks","position":[958.458984,182.779007,281.613007],"dataBlock":"CameraBookmarkMarker","rotationMatrix":[0.965230346,0.261400878,-5.96046448e-08,-0.186170742,0.687440634,-0.701972842,-0.183496267,0.677565455,0.712203741]}
{"internalName":"NewCamera_48","class":"CameraBookmark","persistentId":"b40c199b-97d4-47e2-a23c-678ab7213a7b","__parent":"CameraBookmarks","position":[880.55072,274.536896,227.252274],"dataBlock":"CameraBookmarkMarker","rotationMatrix":[-0.504831195,0.86321795,3.7252903e-09,-0.855529428,-0.50033474,-0.133170545,-0.114955202,-0.0672286525,0.991093159]}
{"internalName":"NewCamera_41","class":"CameraBookmark","persistentId":"c1798054-f8ad-447d-bf40-aba0230fcb46","__parent":"CameraBookmarks","position":[-770.450439,-640.64386,231.451218],"dataBlock":"CameraBookmarkMarker","rotationMatrix":[-0.850235343,-0.526402652,2.23517418e-08,0.503686488,-0.813544631,-0.290594161,0.152969569,-0.247073427,0.956846416]}
{"internalName":"NewCamera_24","class":"CameraBookmark","persistentId":"c1a6af01-9d5a-40ef-a979-5ae4737408b4","__parent":"CameraBookmarks","position":[117.543999,764.065002,305.699005],"dataBlock":"CameraBookmarkMarker","rotationMatrix":[-0.572790504,-0.81970191,-2.29477882e-06,0.740916729,-0.517735839,-0.4277758,0.35064742,-0.245027557,0.903884888]}
{"internalName":"NewCamera_12","class":"CameraBookmark","persistentId":"c3c25f55-8a8b-4b53-a260-b4773f37f32b","__parent":"CameraBookmarks","position":[-349.902008,-627.606995,128.686996],"dataBlock":"CameraBookmarkMarker","observer":false,"rotationMatrix":[0.840566635,0.541708171,1.04308128e-07,-0.525338233,0.81516552,-0.243977442,-0.132164657,0.205079243,0.969780922]}
{"internalName":"NewCamera_40","class":"CameraBookmark","persistentId":"c47da58d-6bcf-42ee-a490-5cb0e63f9dc3","__parent":"CameraBookmarks","position":[-770.450439,-640.64386,231.451218],"dataBlock":"CameraBookmarkMarker","rotationMatrix":[-0.850235343,-0.526402652,2.23517418e-08,0.503686488,-0.813544631,-0.290594161,0.152969569,-0.247073427,0.956846416]}
{"internalName":"NewCamera_3","class":"CameraBookmark","persistentId":"caa76500-0b45-4624-b633-835761acd0e7","__parent":"CameraBookmarks","position":[281.852997,635.000977,221.389008],"dataBlock":"CameraBookmarkMarker","observer":false,"rotationMatrix":[0.771617949,0.636086285,-2.90572643e-07,-0.598140299,0.725586653,-0.34022373,-0.216411442,0.262522936,0.940344512]}
{"internalName":"NewCamera_7","class":"CameraBookmark","persistentId":"cb7c4b36-d3e3-43ed-8222-e8fd79e7d7c7","__parent":"CameraBookmarks","position":[454.053986,228.251007,188.514999],"dataBlock":"CameraBookmarkMarker","rotationMatrix":[-0.999691844,-0.0248361304,-5.19212335e-07,0.021733202,-0.874784231,-0.484025747,0.012020871,-0.483876437,0.875053763]}
{"internalName":"NewCamera_17","class":"CameraBookmark","persistentId":"ce3359c7-e2f3-44b6-8afb-d310575b1886","__parent":"CameraBookmarks","position":[-619.929016,-669.869019,178.959],"dataBlock":"CameraBookmarkMarker","rotationMatrix":[-0.736931682,-0.675967395,-3.42726707e-06,0.542250574,-0.591152072,-0.597079277,0.40360412,-0.440008402,0.802182198]}
{"internalName":"NewCamera_28","class":"CameraBookmark","persistentId":"d05bd93b-6e47-4d61-9ee1-0a6d784b91ba","__parent":"CameraBookmarks","position":[-46.9486008,-608.067017,144.600006],"dataBlock":"CameraBookmarkMarker","rotationMatrix":[0.972012639,0.234928489,1.11758709e-07,-0.178590506,0.738915563,-0.64969933,-0.152632952,0.63151598,0.760191262]}
{"internalName":"NewCamera_14","class":"CameraBookmark","persistentId":"d10ade39-3b74-47f3-8719-a5b01c02898f","__parent":"CameraBookmarks","position":[634.296021,-244.645996,182.804001],"dataBlock":"CameraBookmarkMarker","observer":false,"rotationMatrix":[0.889353335,0.457220584,-2.98023224e-08,-0.426988155,0.830547273,-0.357592463,-0.16349861,0.318026066,0.933877766]}
{"internalName":"NewCamera_42","class":"CameraBookmark","persistentId":"dc94e04a-b461-4fe2-9da7-45358aba7f35","__parent":"CameraBookmarks","position":[-774.724854,-660.918762,223.847977],"dataBlock":"CameraBookmarkMarker","rotationMatrix":[0.69616437,-0.717882454,0,0.716940343,0.69525069,-0.0512158796,0.0367669798,0.0356546715,0.998687625]}
{"internalName":"NewCamera_38","class":"CameraBookmark","persistentId":"df9f3c23-c23b-4b0e-b387-b7998d56cb79","__parent":"CameraBookmarks","position":[845.000854,-468.742371,159.067505],"dataBlock":"CameraBookmarkMarker","rotationMatrix":[-0.838809371,-0.544424653,2.98023224e-08,0.518902421,-0.799486518,0.30259046,-0.164737716,0.2538158,0.953120649]}
{"internalName":"NewCamera_37","class":"CameraBookmark","persistentId":"e732f385-b627-46b1-9ef0-a76bb81dbf21","__parent":"CameraBookmarks","position":[845.000854,-468.742371,159.067505],"dataBlock":"CameraBookmarkMarker","rotationMatrix":[-0.838809371,-0.544424653,2.98023224e-08,0.518902421,-0.799486518,0.30259046,-0.164737716,0.2538158,0.953120649]}
{"internalName":"NewCamera_51","class":"CameraBookmark","persistentId":"fb78cb47-8613-4827-93df-910b7cb1e58b","__parent":"CameraBookmarks","position":[-945.844238,-209.110855,177.209808],"dataBlock":"CameraBookmarkMarker","rotationMatrix":[-0.999191165,0.0402177386,3.35276127e-08,-0.0246200375,-0.611672878,-0.790727854,-0.031801261,-0.790088058,0.612167954]}
{"internalName":"NewCamera_25","class":"CameraBookmark","persistentId":"fdb55dad-f899-40cb-bf0d-4c712c54b889","__parent":"CameraBookmarks","position":[-335.102997,-768.97699,293.181],"dataBlock":"CameraBookmarkMarker","rotationMatrix":[-0.86293745,0.505310237,2.29477882e-06,-0.454292148,-0.775809884,-0.437878072,-0.221262529,-0.377862513,0.899034381]}
{"internalName":"NewCamera_32","class":"CameraBookmark","persistentId":"fee670ba-19f1-422f-92b2-639f9e2b1c59","__parent":"CameraBookmarks","position":[-242.816559,-43.8021774,177.377441],"dataBlock":"CameraBookmarkMarker","rotationMatrix":[-0.992598414,0.121442206,-4.19095159e-09,-0.120968692,-0.988728166,-0.0882213488,-0.0107138008,-0.0875683799,0.996100903]}
