{"name":"garageBenchLightPropOff_1","class":"TSStatic","persistentId":"54c58bf9-a0b1-47d1-96ff-d8968a945312","__parent":"garageBenchLights","position":[907.953613,-537.112549,166.114105],"collisionType":"None","decalType":"None","isRenderEnabled":false,"rotationMatrix":[0.992081821,-0.125593379,-5.68434189e-14,-0.125593379,-0.992081881,-3.2584137e-07,4.09234602e-08,3.23261304e-07,-1],"scale":[1.29999995,1.29999995,1.29999995],"shapeName":"/levels/west_coast_usa/art/shapes/objects/s_small_light_hanging_off.dae","useInstanceRenderData":true}
{"name":"garageBenchLightPropOff_2","class":"TSStatic","persistentId":"2c399231-7eda-42d0-9263-49382536705e","__parent":"garageBenchLights","position":[908.283875,-534.50354,166.114105],"collisionType":"None","decalType":"None","isRenderEnabled":false,"rotationMatrix":[0.992081821,-0.125593379,-5.68434189e-14,-0.125593379,-0.992081881,-3.2584137e-07,4.09234602e-08,3.23261304e-07,-1],"scale":[1.29999995,1.29999995,1.29999995],"shapeName":"/levels/west_coast_usa/art/shapes/objects/s_small_light_hanging_off.dae","useInstanceRenderData":true}
{"name":"garageBenchLightPropOn_1","class":"TSStatic","persistentId":"f545c64d-abfc-4404-8040-b2e22fd1034c","__parent":"garageBenchLights","position":[907.953613,-537.112549,166.114105],"hidden":true,"isRenderEnabled":false,"rotationMatrix":[0.125593066,0.992081761,-4.26325641e-14,0.992081761,-0.125592828,-3.25841313e-07,-3.23261247e-07,4.09233394e-08,-0.999999762],"scale":[1.29999995,1.29999995,1.29999995],"shapeName":"/levels/west_coast_usa/art/shapes/objects/s_small_light_hanging.dae","useInstanceRenderData":true}
{"name":"garageBenchLightPropOn_2","class":"TSStatic","persistentId":"855e2a09-c51a-49e3-93f9-bf247d28f058","__parent":"garageBenchLights","position":[908.283875,-534.50354,166.114105],"hidden":true,"isRenderEnabled":false,"rotationMatrix":[0.125593066,0.992081761,-4.26325641e-14,0.992081761,-0.125592828,-3.25841313e-07,-3.23261247e-07,4.09233394e-08,-0.999999762],"scale":[1.29999995,1.29999995,1.29999995],"shapeName":"/levels/west_coast_usa/art/shapes/objects/s_small_light_hanging.dae","useInstanceRenderData":true}
{"name":"garageBenchLight_1","class":"PointLight","persistentId":"35e5cb27-7ad4-49e9-b7cf-f6e5c7352052","__parent":"garageBenchLights","position":[908.429382,-537.104614,166.11554],"brightness":1.5,"castShadows":true,"isEnabled":false,"radius":1.60000002,"shadowDarkenColor":[0,0,0,0],"shadowType":"DualParaboloid"}
{"name":"garageBenchLight_2","class":"PointLight","persistentId":"7ba956ef-07bc-4950-aa7b-e7e8acd595f2","__parent":"garageBenchLights","position":[908.639954,-534.559753,166.058334],"brightness":1.5,"castShadows":true,"isEnabled":false,"radius":2,"shadowDarkenColor":[0,0,0,0],"shadowType":"DualParaboloid"}
{"name":"garageBenchLight_3","class":"SpotLight","persistentId":"6fe056bb-0ce9-4a37-926f-8ed1adb7dde2","__parent":"garageBenchLights","position":[908.01593,-537.171692,166.055466],"brightness":2.5,"castShadows":true,"innerAngle":90,"isEnabled":false,"outerAngle":120,"overDarkFactor":[20000,10000,5000,100],"range":3.5,"rotationMatrix":[0.597258866,0.0112150311,0.801970005,0.800784886,-0.0644425154,-0.595474899,0.0450028181,0.997858226,-0.0474696159],"shadowDarkenColor":[0,0,0,0],"shadowSoftness":1}
