{"name":"garageLightPropOn_1","class":"TSStatic","persistentId":"a0997b84-b0e7-4f4e-88c6-388e1b091d60","__parent":"garageMainLightPropsOn","position":[904.748474,-545.828247,169.550598],"decalType":"None","isRenderEnabled":false,"rotationMatrix":[0.125592917,0.992081881,0,-0.992081881,0.125592917,0,0,0,1],"shapeName":"/levels/west_coast_usa/art/shapes/objects/s_long_light_roof.dae","useInstanceRenderData":true}
{"name":"garageLightPropOn_2","class":"TSStatic","persistentId":"79f832f6-bfbc-4b93-8732-ebef80a68e4c","__parent":"garageMainLightPropsOn","position":[909.875549,-546.477295,169.550598],"decalType":"None","isRenderEnabled":false,"rotationMatrix":[0.125592917,0.992081881,0,-0.992081881,0.125592917,0,0,0,1],"shapeName":"/levels/west_coast_usa/art/shapes/objects/s_long_light_roof.dae","useInstanceRenderData":true}
{"name":"garageLightPropOn_3","class":"TSStatic","persistentId":"a9d152f2-0cf8-4324-894c-1e44cf6b4566","__parent":"garageMainLightPropsOn","position":[914.90686,-547.114197,169.550598],"decalType":"None","isRenderEnabled":false,"rotationMatrix":[0.125592917,0.992081881,0,-0.992081881,0.125592917,0,0,0,1],"shapeName":"/levels/west_coast_usa/art/shapes/objects/s_long_light_roof.dae","useInstanceRenderData":true}
{"name":"garageLightPropOn_4","class":"TSStatic","persistentId":"4d0da82f-717b-49e0-a74e-b5ee4c6beeb7","__parent":"garageMainLightPropsOn","position":[915.969055,-538.723816,169.550598],"decalType":"None","isRenderEnabled":false,"rotationMatrix":[0.125592917,0.992081881,0,-0.992081881,0.125592917,0,0,0,1],"shapeName":"/levels/west_coast_usa/art/shapes/objects/s_long_light_roof.dae","useInstanceRenderData":true}
{"name":"garageLightPropOn_5","class":"TSStatic","persistentId":"11387201-e308-4537-87cc-24efa60beb66","__parent":"garageMainLightPropsOn","position":[910.937744,-538.086914,169.550598],"decalType":"None","isRenderEnabled":false,"rotationMatrix":[0.125592917,0.992081881,0,-0.992081881,0.125592917,0,0,0,1],"shapeName":"/levels/west_coast_usa/art/shapes/objects/s_long_light_roof.dae","useInstanceRenderData":true}
{"name":"garageLightPropOn_6","class":"TSStatic","persistentId":"d7777acf-518c-482b-9af3-d7bf324833fa","__parent":"garageMainLightPropsOn","position":[905.684204,-541.053223,166.611649],"decalType":"None","isRenderEnabled":false,"rotationMatrix":[0.992050588,-0.1258398,6.48200512e-07,7.5250864e-07,1.01327896e-06,-0.999999821,0.1258398,0.99205035,1.07288361e-06],"scale":[1.29999995,1.29999995,1.29999995],"shapeName":"/levels/west_coast_usa/art/shapes/objects/s_small_light_hanging.dae","useInstanceRenderData":true}
{"name":"garageLightPropOn_7","class":"TSStatic","persistentId":"908b95e4-0136-49ef-b67b-afeacf5563bb","__parent":"garageMainLightPropsOn","position":[903.263855,-540.746216,166.611572],"decalType":"None","isRenderEnabled":false,"rotationMatrix":[0.992050588,-0.1258398,6.48200512e-07,7.5250864e-07,1.01327896e-06,-0.999999821,0.1258398,0.99205035,1.07288361e-06],"scale":[1.29999995,1.29999995,1.29999995],"shapeName":"/levels/west_coast_usa/art/shapes/objects/s_small_light_hanging.dae","useInstanceRenderData":true}
{"name":"garageLightPropOn_8","class":"TSStatic","persistentId":"d3975499-501e-4f62-8365-daba1d887c95","__parent":"garageMainLightPropsOn","position":[899.78479,-545.199951,169.550598],"decalType":"None","isRenderEnabled":false,"rotationMatrix":[0.125592917,0.992081881,0,-0.992081881,0.125592917,0,0,0,1],"shapeName":"/levels/west_coast_usa/art/shapes/objects/s_long_light_roof.dae","useInstanceRenderData":true}
