{"class":"TSStatic","persistentId":"c464df26-599f-483a-873b-3b24f2c0cbec","__parent":"dock_exit","position":[432.185822,1624.63403,76.4569855],"isRenderEnabled":false,"rotationMatrix":[0.999863148,0,-0.0165439378,0,1,0,0.0165439378,0,0.999863148],"shapeName":"/levels/west_coast_usa/art/shapes/objects/sign_chevron_R.dae","useInstanceRenderData":true}
{"class":"TSStatic","persistentId":"a0d61dd8-e54b-4cb3-a0c8-5679306eb250","__parent":"dock_exit","position":[430.779602,1624.63403,76.4279099],"isRenderEnabled":false,"rotationMatrix":[0.999992609,0,0.0038524447,0,1,0,-0.0038524447,0,0.999992609],"shapeName":"/levels/west_coast_usa/art/shapes/objects/sign_chevron_R.dae","useInstanceRenderData":true}
{"class":"TSStatic","persistentId":"d602d5b0-7a5a-4acb-a882-c74bad9845d6","__parent":"dock_exit","position":[429.003235,1624.63403,76.393219],"isRenderEnabled":false,"rotationMatrix":[0.999854028,0,-0.0170846302,0,1,0,0.0170846302,0,0.999854028],"shapeName":"/levels/west_coast_usa/art/shapes/objects/sign_chevron_R.dae","useInstanceRenderData":true}
{"class":"TSStatic","persistentId":"09b33fbe-3255-4fb6-a96b-626f1780cb46","__parent":"dock_exit","position":[427.448151,1624.63403,76.4680328],"isRenderEnabled":false,"rotationMatrix":[0.999790311,0,0.0204773713,0,1,0,-0.0204773713,0,0.999790311],"shapeName":"/levels/west_coast_usa/art/shapes/objects/sign_chevron_R.dae","useInstanceRenderData":true}
{"class":"TSStatic","persistentId":"95a81d34-d95f-42ff-b92d-c52c6e095b48","__parent":"dock_exit","position":[426.910767,1643.29883,76.3436279],"isRenderEnabled":false,"rotationMatrix":[-0.999280572,-3.25841427e-07,-0.0379337817,3.25606891e-07,-1.00000024,1.23603954e-08,-0.0379337817,4.4408921e-16,0.999280274],"shapeName":"/levels/west_coast_usa/art/shapes/objects/sign_chevron_L.dae","useInstanceRenderData":true}
{"class":"TSStatic","persistentId":"a5d14e42-ec74-4752-a757-f6de8240ab2a","__parent":"dock_exit","position":[428.23053,1643.29883,76.4426804],"isRenderEnabled":false,"rotationMatrix":[-0.999968052,-3.25841427e-07,-0.00802797265,3.25830911e-07,-1.00000024,2.61584576e-09,-0.00802797265,0,0.999967754],"shapeName":"/levels/west_coast_usa/art/shapes/objects/sign_chevron_L.dae","useInstanceRenderData":true}
{"class":"TSStatic","persistentId":"89a0e5d7-eee1-4267-9e01-6c39df6cf331","__parent":"dock_exit","position":[429.889709,1643.29626,76.3548126],"isRenderEnabled":false,"rotationMatrix":[-0.999910116,-3.25841427e-07,0.0134361638,3.25812039e-07,-1.00000048,-4.37805792e-09,0.0134361638,2.22044605e-16,0.999909759],"shapeName":"/levels/west_coast_usa/art/shapes/objects/sign_chevron_L.dae","useInstanceRenderData":true}
{"class":"TSStatic","persistentId":"ed1a7e90-9e89-42dd-a236-2a846c9a6918","__parent":"dock_exit","position":[431.427979,1643.29626,76.4010849],"isRenderEnabled":false,"rotationMatrix":[-0.9999156,-3.2584137e-07,0.0129824886,3.25813915e-07,-0.999999881,-4.23023216e-09,0.0129824886,0,0.999915719],"shapeName":"/levels/west_coast_usa/art/shapes/objects/sign_chevron_L.dae","useInstanceRenderData":true}
{"class":"TSStatic","persistentId":"2e2e780d-7b55-4a95-b0ba-a725d5df46c2","__parent":"dock_exit","position":[444.608887,1654.56531,72.816864],"annotation":"POLE","isRenderEnabled":false,"rotationMatrix":[0.976751328,-0.214375407,0,0.214375407,0.976751328,0,0,0,1],"shapeName":"/levels/west_coast_usa/art/shapes/objects/s_camera_pole.dae","useInstanceRenderData":true}
{"class":"TSStatic","persistentId":"6561fb4e-b707-40b7-bd1c-e3f495684f4c","__parent":"dock_exit","position":[444.641937,1654.67126,77.08638],"isRenderEnabled":false,"rotationMatrix":[-0.979234934,0.202728003,0,-0.202728003,-0.979234934,0,0,0,1],"shapeName":"/levels/west_coast_usa/art/shapes/objects/sign_stop.dae","useInstanceRenderData":true}
{"class":"TSStatic","persistentId":"a85753e7-b162-44dc-accc-7a7d7423456b","__parent":"dock_exit","position":[444.482544,1687.90637,72.2125549],"annotation":"POLE","isRenderEnabled":false,"rotationMatrix":[0.865230203,-0.501282156,0.00964060519,0.500747025,0.864948869,0.0334052071,-0.0250840634,-0.0240756888,0.99939537],"shapeName":"/levels/west_coast_usa/art/shapes/objects/s_camera_pole.dae","useInstanceRenderData":true}
{"class":"TSStatic","persistentId":"ed79cb6c-285f-4501-8824-6bfacc26f25a","__parent":"dock_exit","position":[461.424225,1687.88501,72.2110291],"annotation":"POLE","isRenderEnabled":false,"rotationMatrix":[0.802673995,0.596291304,-0.0122903846,-0.596335769,0.80273509,6.16449397e-05,0.00990268029,0.00727971643,0.999924481],"shapeName":"/levels/west_coast_usa/art/shapes/objects/s_camera_pole.dae","useInstanceRenderData":true}
{"class":"TSStatic","persistentId":"d7dba8e2-1a77-4735-b3a3-b8db90e51980","__parent":"dock_exit","position":[444.400879,1687.93066,76.4551926],"isRenderEnabled":false,"rotationMatrix":[-0.865230441,0.501282275,-0.00964060053,-0.500747144,-0.864949107,-0.0334052071,-0.0250840634,-0.0240756925,0.99939537],"scale":[1.17124033,1.17124033,1.17124033],"shapeName":"/levels/west_coast_usa/art/shapes/objects/sign_speed5.dae","useInstanceRenderData":true}
{"class":"TSStatic","persistentId":"ae2ffd4b-6f28-4925-b046-a64619b86a74","__parent":"dock_exit","position":[461.359924,1687.98865,76.4527664],"isRenderEnabled":false,"rotationMatrix":[-0.802673697,-0.596291065,0.0122903828,0.59633553,-0.802734733,-6.16421457e-05,0.00990267843,0.00727971457,0.999924481],"scale":[1.20092773,1.20092773,1.20092773],"shapeName":"/levels/west_coast_usa/art/shapes/objects/sign_speed5.dae","useInstanceRenderData":true}
{"name":"exitSpeedBumps","class":"SimGroup","persistentId":"3137c375-e6e1-4c1b-a4c8-2f6f4539e9f2","__parent":"dock_exit"}
{"name":"docksExitCameras","class":"SimGroup","persistentId":"44d587e4-24e1-4b7e-8abc-24b7de0fa7e1","__parent":"dock_exit"}
{"class":"DecalRoad","persistentId":"e0c8d7ec-5836-4b90-8286-98d9ee400107","__parent":"dock_exit","position":[459.831909,1654.41772,74.6627579],"breakAngle":1,"detail":0.200000003,"distanceFade":[200,50],"improvedSpline":true,"material":"line_white","nodes":[[459.831909,1654.41772,74.6627579,1],[456.158508,1654.38123,74.6626816,1]],"overObjects":true,"renderPriority":12,"textureLength":20}
{"class":"DecalRoad","persistentId":"9c2c37bf-aefd-4024-9842-794042e674a6","__parent":"dock_exit","position":[454.863312,1654.41772,74.6627579],"breakAngle":1,"detail":0.200000003,"distanceFade":[200,50],"improvedSpline":true,"material":"line_white","nodes":[[454.863312,1654.41772,74.6627579,1],[451.189911,1654.38123,74.6626816,1]],"overObjects":true,"renderPriority":12,"textureLength":20}
{"class":"DecalRoad","persistentId":"15d4e828-d1e4-4dfc-9402-62fed792a379","__parent":"dock_exit","position":[449.849091,1654.41772,74.6627579],"breakAngle":1,"detail":0.200000003,"distanceFade":[200,50],"improvedSpline":true,"material":"line_white","nodes":[[449.849091,1654.41772,74.6627579,1],[446.17569,1654.38123,74.6626816,1]],"overObjects":true,"renderPriority":12,"textureLength":20}
{"class":"DecalRoad","persistentId":"dfd2fb8d-1915-4d97-bd10-ef290809c6f6","__parent":"dock_exit","position":[443.685577,1654.30554,74.6627579],"breakAngle":1,"detail":0.200000003,"distanceFade":[200,50],"improvedSpline":true,"material":"line_white","nodes":[[443.685577,1654.30554,74.6627579,1],[439.283264,1654.25244,74.6626816,1]],"overObjects":true,"renderPriority":12,"textureLength":20}
{"class":"TSStatic","persistentId":"ebb4724a-8671-4b24-869b-8ad71e35d364","__parent":"dock_exit","position":[450.469147,1665.54089,74.6572495],"annotation":"OBSTACLES","decalType":"None","instanceColor":[1,0.768627524,0.215686291,1],"isRenderEnabled":false,"rotationMatrix":[1,0,0,0,0.999981165,0.0061340034,0,-0.0061340034,0.999981165],"shapeName":"/levels/west_coast_usa/art/shapes/objects/bollard_yellow.dae","useInstanceRenderData":true}
{"class":"TSStatic","persistentId":"f1bc80d6-378d-4c95-aeec-a579bc00d154","__parent":"dock_exit","position":[459.899994,1653.50195,74.6603012],"isRenderEnabled":false,"rotationMatrix":[-1.1920929e-07,-0.999999821,0,0.999999821,-1.1920929e-07,0,0,0,1],"shapeName":"/art/shapes/objects/modular_metal_roof_01/s_sidewalk_hedging.dae","useInstanceRenderData":true}
{"class":"TSStatic","persistentId":"37f2d8ba-7c34-40aa-ade2-3c32b5fce995","__parent":"dock_exit","position":[460.492157,1667.76868,74.7781143],"annotation":"ROADBLOCK","decalType":"None","isRenderEnabled":false,"rotationMatrix":[1,-4.21468513e-07,0,4.21468513e-07,1,0,0,0,1],"shapeName":"/levels/west_coast_usa/art/shapes/objects/jerseybarrier_end.dae","useInstanceRenderData":true}
{"class":"TSStatic","persistentId":"b1508de5-7cce-4956-b864-868901efbb6e","__parent":"dock_exit","position":[455.492157,1667.76868,74.7781143],"annotation":"ROADBLOCK","decalType":"None","isRenderEnabled":false,"rotationMatrix":[1,-4.21468513e-07,0,4.21468513e-07,1,0,0,0,1],"shapeName":"/levels/west_coast_usa/art/shapes/objects/jerseybarrier_end.dae","useInstanceRenderData":true}
{"class":"TSStatic","persistentId":"60880268-8ca5-49d4-898d-1f5736441a8c","__parent":"dock_exit","position":[454.899994,1653.50195,74.6603012],"isRenderEnabled":false,"rotationMatrix":[-1.1920929e-07,-0.999999821,0,0.999999821,-1.1920929e-07,0,0,0,1],"shapeName":"/art/shapes/objects/modular_metal_roof_01/s_sidewalk_hedging.dae","useInstanceRenderData":true}
{"class":"TSStatic","persistentId":"97da2f21-1f5e-4009-8eec-b0709a3f2393","__parent":"dock_exit","position":[449.899994,1653.50195,74.6603012],"isRenderEnabled":false,"rotationMatrix":[-1.1920929e-07,-0.999999821,0,0.999999821,-1.1920929e-07,0,0,0,1],"shapeName":"/art/shapes/objects/modular_metal_roof_01/s_sidewalk_hedging.dae","useInstanceRenderData":true}
{"class":"TSStatic","persistentId":"25cbcb03-9223-4698-9bfd-052cf3f1ad02","__parent":"dock_exit","position":[450.492157,1667.76868,74.7781143],"annotation":"ROADBLOCK","decalType":"None","isRenderEnabled":false,"rotationMatrix":[1,-4.21468513e-07,0,4.21468513e-07,1,0,0,0,1],"shapeName":"/levels/west_coast_usa/art/shapes/objects/jerseybarrier_end.dae","useInstanceRenderData":true}
{"class":"TSStatic","persistentId":"eb9a7a96-c377-49c9-b93d-e8a4f9dec96a","__parent":"dock_exit","position":[444.899994,1653.50195,74.6603012],"isRenderEnabled":false,"rotationMatrix":[-1.1920929e-07,-0.999999821,0,0.999999821,-1.1920929e-07,0,0,0,1],"shapeName":"/art/shapes/objects/modular_metal_roof_01/s_sidewalk_hedging.dae","useInstanceRenderData":true}
{"class":"TSStatic","persistentId":"ee9639ed-6e61-4c8f-a60d-1d5703fd39bc","__parent":"dock_exit","position":[445.492157,1667.76868,74.7781143],"annotation":"ROADBLOCK","decalType":"None","isRenderEnabled":false,"rotationMatrix":[1,-4.21468513e-07,0,4.21468513e-07,1,0,0,0,1],"shapeName":"/levels/west_coast_usa/art/shapes/objects/jerseybarrier_end.dae","useInstanceRenderData":true}
{"class":"TSStatic","persistentId":"d1b6907f-0b0b-4e4d-85f6-15272bb1a88a","__parent":"dock_exit","position":[459.899994,1672.4425,74.6603012],"isRenderEnabled":false,"rotationMatrix":[-1.1920929e-07,-0.999999821,0,0.999999821,-1.1920929e-07,0,0,0,1],"shapeName":"/art/shapes/objects/modular_metal_roof_01/s_sidewalk_hedging.dae","useInstanceRenderData":true}
{"class":"TSStatic","persistentId":"5428b6da-10a3-4747-a9a4-b9b158d0aca5","__parent":"dock_exit","position":[460.492157,1686.70923,74.7781143],"annotation":"ROADBLOCK","decalType":"None","isRenderEnabled":false,"rotationMatrix":[1,-4.21468513e-07,0,4.21468513e-07,1,0,0,0,1],"shapeName":"/levels/west_coast_usa/art/shapes/objects/jerseybarrier_end.dae","useInstanceRenderData":true}
{"class":"TSStatic","persistentId":"06aa7b3d-07ab-4c8e-a923-9d8d4ceb09dc","__parent":"dock_exit","position":[455.492157,1686.70923,74.7781143],"annotation":"ROADBLOCK","decalType":"None","isRenderEnabled":false,"rotationMatrix":[1,-4.21468513e-07,0,4.21468513e-07,1,0,0,0,1],"shapeName":"/levels/west_coast_usa/art/shapes/objects/jerseybarrier_end.dae","useInstanceRenderData":true}
{"class":"TSStatic","persistentId":"28c96db7-15ca-42bd-805c-6997933fda8a","__parent":"dock_exit","position":[454.899994,1672.4425,74.6603012],"isRenderEnabled":false,"rotationMatrix":[-1.1920929e-07,-0.999999821,0,0.999999821,-1.1920929e-07,0,0,0,1],"shapeName":"/art/shapes/objects/modular_metal_roof_01/s_sidewalk_hedging.dae","useInstanceRenderData":true}
{"class":"TSStatic","persistentId":"317d7c02-3aa5-4460-b8bb-1a4e683fa7d9","__parent":"dock_exit","position":[449.899994,1672.4425,74.6603012],"isRenderEnabled":false,"rotationMatrix":[-1.1920929e-07,-0.999999821,0,0.999999821,-1.1920929e-07,0,0,0,1],"shapeName":"/art/shapes/objects/modular_metal_roof_01/s_sidewalk_hedging.dae","useInstanceRenderData":true}
{"class":"TSStatic","persistentId":"e08c79b2-d35d-41db-8bd4-01797ca01f60","__parent":"dock_exit","position":[450.492157,1686.70923,74.7781143],"annotation":"ROADBLOCK","decalType":"None","isRenderEnabled":false,"rotationMatrix":[1,-4.21468513e-07,0,4.21468513e-07,1,0,0,0,1],"shapeName":"/levels/west_coast_usa/art/shapes/objects/jerseybarrier_end.dae","useInstanceRenderData":true}
{"class":"TSStatic","persistentId":"f691c1c2-aa0a-4a76-913d-ff087748eb10","__parent":"dock_exit","position":[444.899994,1672.4425,74.6603012],"isRenderEnabled":false,"rotationMatrix":[-1.1920929e-07,-0.999999821,0,0.999999821,-1.1920929e-07,0,0,0,1],"shapeName":"/art/shapes/objects/modular_metal_roof_01/s_sidewalk_hedging.dae","useInstanceRenderData":true}
{"class":"TSStatic","persistentId":"169821e4-cb7c-4aa7-a22e-63694c2c6418","__parent":"dock_exit","position":[445.5,1686.70923,74.7781143],"annotation":"ROADBLOCK","decalType":"None","isRenderEnabled":false,"rotationMatrix":[1,-4.21468513e-07,0,4.21468513e-07,1,0,0,0,1],"shapeName":"/levels/west_coast_usa/art/shapes/objects/jerseybarrier_end.dae","useInstanceRenderData":true}
{"class":"TSStatic","persistentId":"af05ad6c-3c7c-4303-8ca9-2aab6c96510f","__parent":"dock_exit","position":[450.492157,1674.78918,74.7781143],"annotation":"ROADBLOCK","decalType":"None","isRenderEnabled":false,"rotationMatrix":[-1,7.47310025e-07,0,-7.47310025e-07,-1,0,0,0,1],"shapeName":"/levels/west_coast_usa/art/shapes/objects/jerseybarrier_end.dae","useInstanceRenderData":true}
{"class":"TSStatic","persistentId":"7a6b5964-b05d-4753-8f35-53e30c562d93","__parent":"dock_exit","position":[450.469147,1663.49976,74.6572495],"annotation":"OBSTACLES","decalType":"None","instanceColor":[1,0.768627524,0.215686291,1],"isRenderEnabled":false,"rotationMatrix":[0.963933587,0.266115993,0.0037807317,-0.266113967,0.963941038,-0.00104374962,-0.00392216071,0,0.999992311],"shapeName":"/levels/west_coast_usa/art/shapes/objects/bollard_yellow.dae","useInstanceRenderData":true}
{"class":"TSStatic","persistentId":"53f4dcae-02d8-48a0-8cbd-9b46468ee6cf","__parent":"dock_exit","position":[450.468842,1661.49976,74.5802231],"annotation":"OBSTACLES","decalType":"None","instanceColor":[1,0.768627524,0.215686291,1],"isRenderEnabled":false,"rotationMatrix":[0.975744367,-0.217724949,-0.0227779336,0.217762887,0.976001382,-0.000832030666,0.0224124491,-0.00414833846,0.999740183],"shapeName":"/levels/west_coast_usa/art/shapes/objects/bollard_yellow.dae","useInstanceRenderData":true}
{"class":"TSStatic","persistentId":"b1e1dc6b-fd0f-4090-90b4-7e8b7a2df1cc","__parent":"dock_exit","position":[450.469147,1659.49976,74.6572495],"annotation":"OBSTACLES","decalType":"None","instanceColor":[1,0.768627524,0.215686291,1],"isRenderEnabled":false,"rotationMatrix":[0.999204755,0.00179441483,0.0398319289,-9.30375536e-05,0.999089003,-0.0426747277,-0.0398722216,0.0426370874,0.998294711],"shapeName":"/levels/west_coast_usa/art/shapes/objects/bollard_yellow.dae","useInstanceRenderData":true}
{"class":"TSStatic","persistentId":"f0ae8516-4ce0-472b-9cf3-db54ce131a71","__parent":"dock_exit","position":[450.468903,1657.50012,74.6099472],"annotation":"OBSTACLES","decalType":"None","instanceColor":[1,0.768627524,0.215686291,1],"isRenderEnabled":false,"rotationMatrix":[0.9998312,0,0.0183730982,0,1,0,-0.0183730982,0,0.9998312],"shapeName":"/levels/west_coast_usa/art/shapes/objects/bollard_yellow.dae","useInstanceRenderData":true}
{"class":"TSStatic","persistentId":"2accb399-98ff-4f96-a2d3-505d506e96ea","__parent":"dock_exit","position":[445.468964,1657.49976,74.6149979],"annotation":"OBSTACLES","decalType":"None","instanceColor":[1,0.768627524,0.215686291,1],"isRenderEnabled":false,"rotationMatrix":[0.999991357,0,-0.00415290706,0,1,0,0.00415290706,0,0.999991357],"shapeName":"/levels/west_coast_usa/art/shapes/objects/bollard_yellow.dae","useInstanceRenderData":true}
{"class":"TSStatic","persistentId":"b63a57a1-8efc-42cf-962e-ece0e6db7e00","__parent":"dock_exit","position":[445.468903,1661.50012,74.6099472],"annotation":"OBSTACLES","decalType":"None","instanceColor":[1,0.768627524,0.215686291,1],"isRenderEnabled":false,"rotationMatrix":[0.999987245,0,-0.0050565335,3.95261377e-05,0.999969423,0.00781674497,0.0050563789,-0.00781684555,0.999956667],"shapeName":"/levels/west_coast_usa/art/shapes/objects/bollard_yellow.dae","useInstanceRenderData":true}
{"class":"TSStatic","persistentId":"a769c50a-7ab0-4d29-968d-e3c1deb99577","__parent":"dock_exit","position":[445.469147,1663.49976,74.6572495],"annotation":"OBSTACLES","decalType":"None","instanceColor":[1,0.768627524,0.215686291,1],"isRenderEnabled":false,"rotationMatrix":[0.999695837,0,-0.0246635284,0,1,0,0.0246635284,0,0.999695837],"shapeName":"/levels/west_coast_usa/art/shapes/objects/bollard_yellow.dae","useInstanceRenderData":true}
{"class":"TSStatic","persistentId":"a9229d1b-a2ea-42fb-b47a-e7244db89803","__parent":"dock_exit","position":[445.469147,1665.49976,74.6572495],"annotation":"OBSTACLES","decalType":"None","instanceColor":[1,0.768627524,0.215686291,1],"isRenderEnabled":false,"rotationMatrix":[0.99999994,0,0,0,0.99999994,0,0,0,0.999999881],"shapeName":"/levels/west_coast_usa/art/shapes/objects/bollard_yellow.dae","useInstanceRenderData":true}
{"class":"TSStatic","persistentId":"26507689-77f7-4717-9438-5f869462c9aa","__parent":"dock_exit","position":[455.469147,1659.49976,74.6572495],"annotation":"OBSTACLES","decalType":"None","instanceColor":[1,0.768627524,0.215686291,1],"isRenderEnabled":false,"rotationMatrix":[0.999765754,0.000180507719,-0.0216419082,7.27595761e-12,0.999965191,0.00834036712,0.0216426607,-0.0083384132,0.999731004],"shapeName":"/levels/west_coast_usa/art/shapes/objects/bollard_yellow.dae","useInstanceRenderData":true}
{"class":"TSStatic","persistentId":"435b5ef0-4b3d-465c-b629-da0c600a99ae","__parent":"dock_exit","position":[455.468903,1657.50012,74.6099472],"annotation":"OBSTACLES","decalType":"None","instanceColor":[1,0.768627524,0.215686291,1],"isRenderEnabled":false,"rotationMatrix":[0.999997377,0,-0.00230305409,0,1,0,0.00230305409,0,0.999997377],"shapeName":"/levels/west_coast_usa/art/shapes/objects/bollard_yellow.dae","useInstanceRenderData":true}
{"class":"TSStatic","persistentId":"9bbf84be-b5d2-4344-9963-1a16e2efff58","__parent":"dock_exit","position":[455.468842,1661.49976,74.5802231],"annotation":"OBSTACLES","decalType":"None","instanceColor":[1,0.768627524,0.215686291,1],"isRenderEnabled":false,"rotationMatrix":[0.999104977,-0.0127962735,0.0403173082,0.0102094281,0.997915149,0.0637270734,-0.0410487242,-0.063258417,0.997152627],"shapeName":"/levels/west_coast_usa/art/shapes/objects/bollard_yellow.dae","useInstanceRenderData":true}
{"class":"TSStatic","persistentId":"9f8ea2bd-3106-4f3d-8307-6d5c606dba76","__parent":"dock_exit","position":[455.469147,1663.49976,74.6572495],"annotation":"OBSTACLES","decalType":"None","instanceColor":[1,0.768627524,0.215686291,1],"isRenderEnabled":false,"rotationMatrix":[0.999998987,0,-0.00143669907,0,1,0,0.00143669907,0,0.999998987],"shapeName":"/levels/west_coast_usa/art/shapes/objects/bollard_yellow.dae","useInstanceRenderData":true}
{"class":"TSStatic","persistentId":"a08bcc80-c1ad-4fdf-b6fc-3228388ca752","__parent":"dock_exit","position":[455.469147,1665.49976,74.6572495],"annotation":"OBSTACLES","decalType":"None","instanceColor":[1,0.768627524,0.215686291,1],"isRenderEnabled":false,"rotationMatrix":[0.99999994,0,0,0,0.99999994,0,0,0,0.999999881],"shapeName":"/levels/west_coast_usa/art/shapes/objects/bollard_yellow.dae","useInstanceRenderData":true}
{"class":"TSStatic","persistentId":"6b6f527a-f46b-4ad3-b1aa-9e1b673944f5","__parent":"dock_exit","position":[460.469147,1659.49976,74.6572495],"annotation":"OBSTACLES","decalType":"None","instanceColor":[1,0.768627524,0.215686291,1],"isRenderEnabled":false,"rotationMatrix":[0.738321424,0.674433708,0.00454771239,-0.673781157,0.737273574,0.0494645275,0.0300076343,-0.0395848863,0.998765528],"shapeName":"/levels/west_coast_usa/art/shapes/objects/bollard_yellow.dae","useInstanceRenderData":true}
{"class":"TSStatic","persistentId":"4762e87a-085b-4c62-bcc9-0da47d6bbc8d","__parent":"dock_exit","position":[460.469147,1657.49976,74.6572495],"annotation":"OBSTACLES","decalType":"None","instanceColor":[1,0.768627524,0.215686291,1],"isRenderEnabled":false,"rotationMatrix":[0.999985814,-3.53757205e-05,0.00533017842,0.000336041034,0.998407185,-0.056417793,-0.00531969266,0.056418784,0.998392999],"shapeName":"/levels/west_coast_usa/art/shapes/objects/bollard_yellow.dae","useInstanceRenderData":true}
{"class":"TSStatic","persistentId":"1b360b6e-4583-401f-b0e1-bbbe4e7e363d","__parent":"dock_exit","position":[460.469147,1661.49976,74.6572495],"annotation":"OBSTACLES","decalType":"None","instanceColor":[1,0.768627524,0.215686291,1],"isRenderEnabled":false,"rotationMatrix":[0.975903928,0.21608223,-0.0303313434,-0.21618171,0.976353168,-2.32830644e-10,0.0296141021,0.00655708089,0.999539912],"shapeName":"/levels/west_coast_usa/art/shapes/objects/bollard_yellow.dae","useInstanceRenderData":true}
{"class":"TSStatic","persistentId":"5a0ec846-6aa6-45d6-a734-7cba7d4cc50b","__parent":"dock_exit","position":[460.468964,1663.49976,74.6149979],"annotation":"OBSTACLES","decalType":"None","instanceColor":[1,0.768627524,0.215686291,1],"isRenderEnabled":false,"rotationMatrix":[0.923491597,-0.383618593,2.32830644e-10,0.383572757,0.923381329,0.0154551566,-0.00592888612,-0.0142727066,0.999880552],"shapeName":"/levels/west_coast_usa/art/shapes/objects/bollard_yellow.dae","useInstanceRenderData":true}
{"class":"TSStatic","persistentId":"11d9ed3d-24b1-4bf6-9b13-e7763b572762","__parent":"dock_exit","position":[460.468842,1665.49976,74.5802231],"annotation":"OBSTACLES","decalType":"None","instanceColor":[1,0.768627524,0.215686291,1],"isRenderEnabled":false,"rotationMatrix":[0.999743819,0,-0.0226331986,0,1,0,0.0226331986,0,0.999743819],"shapeName":"/levels/west_coast_usa/art/shapes/objects/bollard_yellow.dae","useInstanceRenderData":true}
{"class":"TSStatic","persistentId":"c6031003-86d9-476a-9d11-cbfe8f85c639","__parent":"dock_exit","position":[445.469147,1659.49976,74.6572495],"annotation":"OBSTACLES","decalType":"None","instanceColor":[1,0.768627524,0.215686291,1],"isRenderEnabled":false,"rotationMatrix":[0.999732494,-0.00789960288,0.0217389986,0.00776539557,0.99995029,0.0062510781,-0.0217873007,-0.00608059391,0.999744117],"shapeName":"/levels/west_coast_usa/art/shapes/objects/bollard_yellow.dae","useInstanceRenderData":true}
{"class":"TSStatic","persistentId":"42e427b7-fff4-4109-95b9-d099b239a031","__parent":"dock_exit","position":[445.507843,1674.78918,74.7781143],"annotation":"ROADBLOCK","decalType":"None","isRenderEnabled":false,"rotationMatrix":[-1,7.47310025e-07,0,-7.47310025e-07,-1,0,0,0,1],"shapeName":"/levels/west_coast_usa/art/shapes/objects/jerseybarrier_end.dae","useInstanceRenderData":true}
{"class":"TSStatic","persistentId":"44e017bf-c69f-4b8c-95ed-57d8e7754e42","__parent":"dock_exit","position":[455.507843,1674.78918,74.7781143],"annotation":"ROADBLOCK","decalType":"None","isRenderEnabled":false,"rotationMatrix":[-0.999983311,0.00582309067,0,-0.00582309067,-0.999983311,0,0,0,1],"shapeName":"/levels/west_coast_usa/art/shapes/objects/jerseybarrier_end.dae","useInstanceRenderData":true}
{"class":"TSStatic","persistentId":"fc8c0f05-fb18-4fd6-8442-8761554be0ea","__parent":"dock_exit","position":[460.492157,1674.78918,74.7781143],"annotation":"ROADBLOCK","decalType":"None","isRenderEnabled":false,"rotationMatrix":[-1,7.47310025e-07,0,-7.47310025e-07,-1,0,0,0,1],"shapeName":"/levels/west_coast_usa/art/shapes/objects/jerseybarrier_end.dae","useInstanceRenderData":true}
{"class":"TSStatic","persistentId":"6451fea4-0e6f-4406-899c-3f130c7c16c8","__parent":"dock_exit","position":[460.492157,1655.17834,74.7781143],"annotation":"ROADBLOCK","decalType":"None","isRenderEnabled":false,"rotationMatrix":[-1,7.47310025e-07,0,-7.47310025e-07,-1,0,0,0,1],"shapeName":"/levels/west_coast_usa/art/shapes/objects/jerseybarrier_end.dae","useInstanceRenderData":true}
{"class":"TSStatic","persistentId":"f633b8f0-8888-4b34-9c86-53a2c21fa819","__parent":"dock_exit","position":[455.507843,1655.17834,74.7781143],"annotation":"ROADBLOCK","decalType":"None","isRenderEnabled":false,"rotationMatrix":[-1,7.47310025e-07,0,-7.47310025e-07,-1,0,0,0,1],"shapeName":"/levels/west_coast_usa/art/shapes/objects/jerseybarrier_end.dae","useInstanceRenderData":true}
{"class":"TSStatic","persistentId":"d8da1945-6fbc-40a9-aec3-9144604e0052","__parent":"dock_exit","position":[450.492157,1655.17834,74.7781143],"annotation":"ROADBLOCK","decalType":"None","isRenderEnabled":false,"rotationMatrix":[-1,7.47310025e-07,0,-7.47310025e-07,-1,0,0,0,1],"shapeName":"/levels/west_coast_usa/art/shapes/objects/jerseybarrier_end.dae","useInstanceRenderData":true}
{"class":"TSStatic","persistentId":"1759c235-c1d0-4bcb-b5ec-693b584df5d8","__parent":"dock_exit","position":[445.507843,1655.17834,74.7781143],"annotation":"ROADBLOCK","decalType":"None","isRenderEnabled":false,"rotationMatrix":[-1,7.47310025e-07,0,-7.47310025e-07,-1,0,0,0,1],"shapeName":"/levels/west_coast_usa/art/shapes/objects/jerseybarrier_end.dae","useInstanceRenderData":true}
{"class":"TSStatic","persistentId":"ea06b354-d3bd-455e-a57d-a73757726f5f","__parent":"dock_exit","position":[607.366516,1721.70862,74.528595],"annotation":"OBSTACLES","decalType":"None","instanceColor":[1,0.768627524,0.215686291,1],"isRenderEnabled":false,"rotationMatrix":[0.99999994,0,0,0,0.99999994,0,0,0,0.999999881],"shapeName":"/levels/west_coast_usa/art/shapes/objects/bollard_yellow.dae","useInstanceRenderData":true}
{"class":"TSStatic","persistentId":"75602ba7-b048-43e5-8555-105d7e2901b6","__parent":"dock_exit","position":[609.199341,1716.38904,74.528595],"annotation":"OBSTACLES","decalType":"None","instanceColor":[1,0.768627524,0.215686291,1],"isRenderEnabled":false,"rotationMatrix":[0.99999994,0,0,0,0.99999994,0,0,0,0.999999881],"shapeName":"/levels/west_coast_usa/art/shapes/objects/bollard_yellow.dae","useInstanceRenderData":true}
{"class":"TSStatic","persistentId":"5a4dce99-cf9e-4099-a310-f62d6e6a39dd","__parent":"dock_exit","position":[659.639526,1737.97754,74.4308395],"annotation":"OBSTACLES","decalType":"None","instanceColor":[1,0.768627524,0.215686291,1],"isRenderEnabled":false,"rotationMatrix":[0.997833252,0.00444738939,0.0656428337,0,0.997712731,-0.0675963759,-0.0657933205,0.0674499124,0.99555099],"shapeName":"/levels/west_coast_usa/art/shapes/objects/bollard_yellow.dae","useInstanceRenderData":true}
{"class":"TSStatic","persistentId":"c38d318c-0f0b-424b-b101-c3284ea80493","__parent":"dock_exit","position":[455.468964,1676.76587,74.6149979],"annotation":"OBSTACLES","decalType":"None","instanceColor":[1,0.768627524,0.215686291,1],"isRenderEnabled":false,"rotationMatrix":[0.999963224,0,-0.00857452396,0,1,0,0.00857452396,0,0.999963224],"shapeName":"/levels/west_coast_usa/art/shapes/objects/bollard_yellow.dae","useInstanceRenderData":true}
{"class":"TSStatic","persistentId":"4c5ae586-6f51-4fc2-9d4e-bb43bfb61a20","__parent":"dock_exit","position":[455.468842,1680.76587,74.5802231],"annotation":"OBSTACLES","decalType":"None","instanceColor":[1,0.768627524,0.215686291,1],"isRenderEnabled":false,"rotationMatrix":[0.999676526,0,-0.0254330859,0,1,0,0.0254330859,0,0.999676526],"shapeName":"/levels/west_coast_usa/art/shapes/objects/bollard_yellow.dae","useInstanceRenderData":true}
{"class":"TSStatic","persistentId":"5c776015-5d59-42fc-9472-0ab2f861869a","__parent":"dock_exit","position":[455.468903,1684.76624,74.6099472],"annotation":"OBSTACLES","decalType":"None","instanceColor":[1,0.768627524,0.215686291,1],"isRenderEnabled":false,"rotationMatrix":[1,0,0,0,0.999972641,0.0074007865,0,-0.0074007865,0.999972641],"shapeName":"/levels/west_coast_usa/art/shapes/objects/bollard_yellow.dae","useInstanceRenderData":true}
{"class":"TSStatic","persistentId":"c2be710e-478e-4020-8215-34e6f4da20ee","__parent":"dock_exit","position":[460.583588,1684.76587,74.6572495],"annotation":"OBSTACLES","decalType":"None","instanceColor":[1,0.768627524,0.215686291,1],"isRenderEnabled":false,"rotationMatrix":[0.951845944,-0.303925306,-0.0402331352,0.304384917,0.952532113,0.00569041027,0.0365938917,-0.0176627506,0.999174118],"shapeName":"/levels/west_coast_usa/art/shapes/objects/bollard_yellow.dae","useInstanceRenderData":true}
{"class":"TSStatic","persistentId":"4c17a6df-a06b-4e35-ad59-0d6cb1e29883","__parent":"dock_exit","position":[460.583588,1680.76587,74.6572495],"annotation":"OBSTACLES","decalType":"None","instanceColor":[1,0.768627524,0.215686291,1],"isRenderEnabled":false,"rotationMatrix":[0.978494585,0.206231952,0.00409280136,-0.20623368,0.97850275,-5.82076609e-11,-0.00400481746,-0.000844073307,0.999991596],"shapeName":"/levels/west_coast_usa/art/shapes/objects/bollard_yellow.dae","useInstanceRenderData":true}
{"class":"TSStatic","persistentId":"b7612678-bf53-42dd-b136-434afc18c49b","__parent":"dock_exit","position":[460.583588,1676.76587,74.6572495],"annotation":"OBSTACLES","decalType":"None","instanceColor":[1,0.768627524,0.215686291,1],"isRenderEnabled":false,"rotationMatrix":[0.982112706,-0.185084596,0.0346162878,0.18519558,0.982701659,1.39698386e-09,-0.0340174846,0.00641078129,0.999400675],"shapeName":"/levels/west_coast_usa/art/shapes/objects/bollard_yellow.dae","useInstanceRenderData":true}
{"class":"TSStatic","persistentId":"b3a73157-93af-4c03-a569-a1d4c36bbf08","__parent":"dock_exit","position":[450.48587,1684.76587,74.6572495],"annotation":"OBSTACLES","decalType":"None","instanceColor":[1,0.768627524,0.215686291,1],"isRenderEnabled":false,"rotationMatrix":[0.956851244,0.290461093,-0.0082506109,-0.290470988,0.956883788,-1.16415322e-10,0.00789487548,0.00239656353,0.999965966],"shapeName":"/levels/west_coast_usa/art/shapes/objects/bollard_yellow.dae","useInstanceRenderData":true}
{"class":"TSStatic","persistentId":"4f929fd4-6de9-43ae-b990-fd8ca41a331f","__parent":"dock_exit","position":[450.485626,1680.76624,74.6099472],"annotation":"OBSTACLES","decalType":"None","instanceColor":[1,0.768627524,0.215686291,1],"isRenderEnabled":false,"rotationMatrix":[0.511189163,-0.859468341,0,0.859454989,0.511181235,0.00557644106,-0.00479277363,-0.00285061705,0.999984443],"shapeName":"/levels/west_coast_usa/art/shapes/objects/bollard_yellow.dae","useInstanceRenderData":true}
{"class":"TSStatic","persistentId":"e0f49c0b-3972-43dd-8dbb-0440f14905a2","__parent":"dock_exit","position":[450.485687,1676.76587,74.6149979],"annotation":"OBSTACLES","decalType":"None","instanceColor":[1,0.768627524,0.215686291,1],"isRenderEnabled":false,"rotationMatrix":[0.999472201,0,-0.03248512,0,1,0,0.03248512,0,0.999472201],"shapeName":"/levels/west_coast_usa/art/shapes/objects/bollard_yellow.dae","useInstanceRenderData":true}
{"class":"TSStatic","persistentId":"6d6651b9-a33e-42fb-943e-229d8cbb5854","__parent":"dock_exit","position":[445.595337,1684.76587,74.6572495],"annotation":"OBSTACLES","decalType":"None","instanceColor":[1,0.768627524,0.215686291,1],"isRenderEnabled":false,"rotationMatrix":[1,0,0,0,0.999942958,0.0106806718,0,-0.0106806718,0.999942958],"shapeName":"/levels/west_coast_usa/art/shapes/objects/bollard_yellow.dae","useInstanceRenderData":true}
{"class":"TSStatic","persistentId":"515cde16-3c8d-4f83-964c-8d6289e0a7fe","__parent":"dock_exit","position":[445.595032,1680.76587,74.5802231],"annotation":"OBSTACLES","decalType":"None","instanceColor":[1,0.768627524,0.215686291,1],"isRenderEnabled":false,"rotationMatrix":[0.999993324,0,-0.00365736824,0,1,0,0.00365736824,0,0.999993324],"shapeName":"/levels/west_coast_usa/art/shapes/objects/bollard_yellow.dae","useInstanceRenderData":true}
{"class":"TSStatic","persistentId":"2854f483-e070-4518-9990-29e9168152c7","__parent":"dock_exit","position":[445.595337,1676.76587,74.6572495],"annotation":"OBSTACLES","decalType":"None","instanceColor":[1,0.768627524,0.215686291,1],"isRenderEnabled":false,"rotationMatrix":[0.999935567,-0.000231744911,0.0113472547,1.45519152e-11,0.999791503,0.0204187389,-0.0113496203,-0.0204174239,0.99972713],"shapeName":"/levels/west_coast_usa/art/shapes/objects/bollard_yellow.dae","useInstanceRenderData":true}
{"class":"TSStatic","persistentId":"88fd57b2-b845-492b-a8b9-bbe98ab438e8","__parent":"dock_exit","position":[461.223419,1654.22791,72.816864],"annotation":"POLE","isRenderEnabled":false,"rotationMatrix":[0.967158437,0.254174232,0,-0.254174232,0.967158437,0,0,0,1],"shapeName":"/levels/west_coast_usa/art/shapes/objects/s_camera_pole.dae","useInstanceRenderData":true}
{"class":"TSStatic","persistentId":"a89dfbc4-4c9c-446a-abba-f1159e8d11bc","__parent":"dock_exit","position":[461.20459,1654.33728,77.08638],"isRenderEnabled":false,"rotationMatrix":[-0.964063168,-0.265674174,0,0.265674174,-0.964063168,0,0,0,1],"shapeName":"/levels/west_coast_usa/art/shapes/objects/sign_stop.dae","useInstanceRenderData":true}
{"class":"DecalRoad","persistentId":"ed020caa-af27-4702-a571-65ee996da1a7","__parent":"dock_exit","position":[443.685577,1673.16736,74.6627579],"breakAngle":1,"detail":0.200000003,"distanceFade":[200,50],"improvedSpline":true,"material":"line_white","nodes":[[443.685577,1673.16736,74.6627579,1],[439.283264,1673.11426,74.6626816,1]],"overObjects":true,"renderPriority":12,"textureLength":20}
{"class":"TSStatic","persistentId":"0c72de55-6963-4e53-afe5-39cdff0d5bc8","__parent":"dock_exit","position":[655.858948,1739.52063,74.6241074],"annotation":"OBSTACLES","decalType":"None","instanceColor":[1,0.768627524,0.215686291,1],"isRenderEnabled":false,"rotationMatrix":[0.99999994,0,0,0,0.99999994,0,0,0,0.999999881],"shapeName":"/levels/west_coast_usa/art/shapes/objects/bollard_yellow.dae","useInstanceRenderData":true}
{"class":"TSStatic","persistentId":"8f2a5dd0-d94d-477d-b11b-103adea5a68c","__parent":"dock_exit","position":[655.858948,1742.9375,74.6241074],"annotation":"OBSTACLES","decalType":"None","instanceColor":[1,0.768627524,0.215686291,1],"isRenderEnabled":false,"rotationMatrix":[0.99999994,0,0,0,0.99999994,0,0,0,0.999999881],"shapeName":"/levels/west_coast_usa/art/shapes/objects/bollard_yellow.dae","useInstanceRenderData":true}
{"class":"TSStatic","persistentId":"f95558b2-63b0-42a7-9287-461f124c2449","__parent":"dock_exit","position":[644.668701,1742.9375,74.6241074],"annotation":"OBSTACLES","decalType":"None","instanceColor":[1,0.768627524,0.215686291,1],"isRenderEnabled":false,"rotationMatrix":[0.99999994,0,0,0,0.99999994,0,0,0,0.999999881],"shapeName":"/levels/west_coast_usa/art/shapes/objects/bollard_yellow.dae","useInstanceRenderData":true}
{"class":"TSStatic","persistentId":"1e6846b8-43dd-4683-aac3-07e5b5d8aa1d","__parent":"dock_exit","position":[644.668701,1739.52063,74.6241074],"annotation":"OBSTACLES","decalType":"None","instanceColor":[1,0.768627524,0.215686291,1],"isRenderEnabled":false,"rotationMatrix":[0.99999994,0,0,0,0.99999994,0,0,0,0.999999881],"shapeName":"/levels/west_coast_usa/art/shapes/objects/bollard_yellow.dae","useInstanceRenderData":true}
{"class":"TSStatic","persistentId":"a9c14f01-93d6-4378-bc05-055ddb663374","__parent":"dock_exit","position":[647.259033,1742.9375,74.6241074],"annotation":"OBSTACLES","decalType":"None","instanceColor":[1,0.768627524,0.215686291,1],"isRenderEnabled":false,"rotationMatrix":[0.99999994,0,0,0,0.99999994,0,0,0,0.999999881],"shapeName":"/levels/west_coast_usa/art/shapes/objects/bollard_yellow.dae","useInstanceRenderData":true}
{"class":"TSStatic","persistentId":"b14f4ddb-8be4-4657-b12e-ff4fe1a07ea5","__parent":"dock_exit","position":[647.259033,1739.52063,74.6241074],"annotation":"OBSTACLES","decalType":"None","instanceColor":[1,0.768627524,0.215686291,1],"isRenderEnabled":false,"rotationMatrix":[0.99999994,0,0,0,0.99999994,0,0,0,0.999999881],"shapeName":"/levels/west_coast_usa/art/shapes/objects/bollard_yellow.dae","useInstanceRenderData":true}
{"class":"TSStatic","persistentId":"5a1e6556-7326-40a7-943e-b8407ef6def9","__parent":"dock_exit","position":[649.322083,1742.9375,74.6241074],"annotation":"OBSTACLES","decalType":"None","instanceColor":[1,0.768627524,0.215686291,1],"isRenderEnabled":false,"rotationMatrix":[0.99999994,0,0,0,0.99999994,0,0,0,0.999999881],"shapeName":"/levels/west_coast_usa/art/shapes/objects/bollard_yellow.dae","useInstanceRenderData":true}
{"class":"TSStatic","persistentId":"ffecfe49-d8df-4757-aeb5-c016e8b8a134","__parent":"dock_exit","position":[649.322083,1739.52063,74.6241074],"annotation":"OBSTACLES","decalType":"None","instanceColor":[1,0.768627524,0.215686291,1],"isRenderEnabled":false,"rotationMatrix":[0.99999994,0,0,0,0.99999994,0,0,0,0.999999881],"shapeName":"/levels/west_coast_usa/art/shapes/objects/bollard_yellow.dae","useInstanceRenderData":true}
{"class":"TSStatic","persistentId":"7cb6b0ab-b3ff-47d4-b7b9-45d413dc8023","__parent":"dock_exit","position":[651.25592,1742.9375,74.6241074],"annotation":"OBSTACLES","decalType":"None","instanceColor":[1,0.768627524,0.215686291,1],"isRenderEnabled":false,"rotationMatrix":[0.99999994,0,0,0,0.99999994,0,0,0,0.999999881],"shapeName":"/levels/west_coast_usa/art/shapes/objects/bollard_yellow.dae","useInstanceRenderData":true}
{"class":"TSStatic","persistentId":"dc9fb5ad-4adc-4244-80f1-027e51a680bb","__parent":"dock_exit","position":[651.25592,1739.52063,74.6241074],"annotation":"OBSTACLES","decalType":"None","instanceColor":[1,0.768627524,0.215686291,1],"isRenderEnabled":false,"rotationMatrix":[0.99999994,0,0,0,0.99999994,0,0,0,0.999999881],"shapeName":"/levels/west_coast_usa/art/shapes/objects/bollard_yellow.dae","useInstanceRenderData":true}
{"class":"TSStatic","persistentId":"d6930386-db26-410c-b001-8086d4c58822","__parent":"dock_exit","position":[653.238098,1742.9375,74.6241074],"annotation":"OBSTACLES","decalType":"None","instanceColor":[1,0.768627524,0.215686291,1],"isRenderEnabled":false,"rotationMatrix":[0.99999994,0,0,0,0.99999994,0,0,0,0.999999881],"shapeName":"/levels/west_coast_usa/art/shapes/objects/bollard_yellow.dae","useInstanceRenderData":true}
{"class":"TSStatic","persistentId":"a070ee19-2812-4579-89f4-8d3dbef1944f","__parent":"dock_exit","position":[653.238098,1739.52063,74.6241074],"annotation":"OBSTACLES","decalType":"None","instanceColor":[1,0.768627524,0.215686291,1],"isRenderEnabled":false,"rotationMatrix":[0.99999994,0,0,0,0.99999994,0,0,0,0.999999881],"shapeName":"/levels/west_coast_usa/art/shapes/objects/bollard_yellow.dae","useInstanceRenderData":true}
{"class":"DecalRoad","persistentId":"f0bf1e32-1833-4d8f-a7c2-742f7f7b436f","__parent":"dock_exit","position":[444.123444,1653.57959,74.7451935],"breakAngle":1,"detail":0.200000003,"distanceFade":[200,50],"improvedSpline":true,"material":"line_dashed_short_yellow","nodes":[[444.123444,1653.57959,74.7451935,0.100000001],[444.138214,1647.02502,74.6627426,0.100000001]],"overObjects":true,"renderPriority":12,"textureLength":3}
{"class":"DecalRoad","persistentId":"e1ee042c-99a7-483e-bdf9-92e58f5249a2","__parent":"dock_exit","position":[445.453918,1653.51172,74.7743988],"breakAngle":1,"detail":0.200000003,"distanceFade":[200,50],"improvedSpline":true,"material":"line_dashed_short_yellow","nodes":[[445.453918,1653.51172,74.7743988,0.100000001],[445.043762,1648.8042,74.6627579,0.100000001],[442.152649,1643.75122,74.662941,0.100000001],[436.96814,1641.03333,74.6628418,0.100000001],[430.694153,1640.40894,74.6626816,0.100000001]],"overObjects":true,"renderPriority":12,"textureLength":3}
