{"name":"Level_Another_Garage","class":"SFXSpace","persistentId":"d6ba5209-4240-44cd-9d4a-260fca1ff6c4","__parent":"Snapshots","position":[-506.971558,695.288452,62.7194061],"cloneOrigin":"Level_Racetrack","rotationMatrix":[0.712233424,0.701941848,-2.80124368e-10,-0.701941967,0.712233186,-0.00069053442,-0.000484714983,0.000491822138,0.999999762],"scale":[69.5545425,71.0738525,47.3850098],"soundAmbience":"Level_Parking_House"}
{"name":"Level_Building_Filter_Only_01","class":"SFXSpace","persistentId":"26b03df6-1fbb-4f0a-ba8c-10bfb0d90649","__parent":"Snapshots","position":[-243.87291,-267.052216,91.9482498],"cloneOrigin":"Freesound_T019_or_City_Freeway_12","rotationMatrix":[0.80874145,0.588165224,-7.1577233e-10,-0.588164687,0.808741331,-0.000690531801,-0.000406145875,0.000558462576,0.999999762],"scale":[23.9110107,24.1009159,58.0099907],"soundAmbience":"Level_Building_Filter_Only"}
{"name":"Level_Building_Filter_Only_02","class":"SFXSpace","persistentId":"27a05238-137c-412a-b94a-0409e46576b7","__parent":"Snapshots","position":[-216.643509,-231.717865,92.647789],"cloneOrigin":"Freesound_T019_or_City_Freeway_12","rotationMatrix":[0.80874145,0.588165224,-7.1577233e-10,-0.588164687,0.808741331,-0.000690531801,-0.000406145875,0.000558462576,0.999999762],"scale":[23.9110107,50.1362801,58.0099907],"soundAmbience":"Level_Building_Filter_Only"}
{"name":"Level_Building_Filter_Only_03","class":"SFXSpace","persistentId":"44941e46-5d9b-4ed0-9921-1d1f4609741a","__parent":"Snapshots","position":[-216.733749,-109.428528,93.3689117],"cloneOrigin":"Freesound_T019_or_City_Freeway_12","rotationMatrix":[0.80874145,0.588165224,-7.1577233e-10,-0.588164687,0.808741331,-0.000690531801,-0.000406145875,0.000558462576,0.999999762],"scale":[75.5880508,11.8480577,58.0099907],"soundAmbience":"Level_Building_Filter_Only"}
{"name":"Level_Building_Filter_Only_04","class":"SFXSpace","persistentId":"4d4b2768-4d85-47a0-90c8-6b82a42b95ef","__parent":"Snapshots","position":[152.90596,15.147377,116.006073],"cloneOrigin":"Freesound_T019_or_City_Freeway_12","rotationMatrix":[0.824684441,0.565594077,-6.77118805e-10,-0.565593541,0.824684322,-0.000690531975,-0.00039055993,0.00056947174,0.999999762],"scale":[11.7221842,24.4187145,31.6546192],"soundAmbience":"Level_Building_Filter_Only"}
{"name":"Level_Building_Filter_Only_05","class":"SFXSpace","persistentId":"b77ebddf-0271-490f-9ad8-8cdc3f42f483","__parent":"Snapshots","position":[72.4336853,105.945648,94.7887268],"cloneOrigin":"Freesound_T019_or_City_Freeway_12","rotationMatrix":[0.80874145,0.588165224,-7.1577233e-10,-0.588164687,0.808741331,-0.000690531801,-0.000406145875,0.000558462576,0.999999762],"scale":[11.6421976,11.8480577,55.2835541],"soundAmbience":"Level_Building_Filter_Only"}
{"name":"Level_Building_Filter_Only_06","class":"SFXSpace","persistentId":"b79b306c-2e97-4912-bf60-a860b5aa7f36","__parent":"Snapshots","position":[180.225372,-8.42512226,116.01445],"cloneOrigin":"Freesound_T019_or_City_Freeway_12","rotationMatrix":[0.824684441,0.565594077,-6.77118805e-10,-0.565593541,0.824684322,-0.000690531975,-0.00039055993,0.00056947174,0.999999762],"scale":[24.1903839,11.8480577,31.6546192],"soundAmbience":"Level_Building_Filter_Only"}
{"name":"Level_Building_Filter_Only_07","class":"SFXSpace","persistentId":"d1065043-324a-429e-8a5d-587a1dd7978f","__parent":"Snapshots","position":[81.2548828,93.9347992,106.61377],"cloneOrigin":"Freesound_T019_or_City_Freeway_12","rotationMatrix":[0.80874145,0.588165224,-7.1577233e-10,-0.588164687,0.808741331,-0.000690531801,-0.000406145875,0.000558462576,0.999999762],"scale":[11.6421976,11.8480577,31.6546192],"soundAmbience":"Level_Building_Filter_Only"}
{"name":"Level_Delivery_Building","class":"SFXSpace","persistentId":"adb0aee1-58e4-4d89-b783-bee8f1dc33b0","__parent":"Snapshots","position":[-757.429321,-573.627197,104.566803],"rotationMatrix":[0.679151237,-0.733998418,0,0.733998418,0.679151237,0,0,0,1],"scale":[40.6661606,18.2161236,15.2204838],"soundAmbience":"Level_Building_Reverb_Medium"}
{"name":"Level_Delivery_Movies_01","class":"SFXSpace","persistentId":"cd0ae36f-7023-40dd-a371-ba68e8cbfb5e","__parent":"Snapshots","position":[-805.254211,-641.88623,105.976982],"rotationMatrix":[0.769015253,-0.63923043,0,0.63923043,0.769015253,0,0,0,1],"scale":[26.9660015,31.6545525,20.0937481],"soundAmbience":"Level_Building_Reverb_Medium"}
{"name":"Level_Delivery_Movies_02","class":"SFXSpace","persistentId":"f4087783-c0c0-48ba-9e5f-fb8ac580b8be","__parent":"Snapshots","position":[-843.05011,-687.921936,106.182213],"rotationMatrix":[0.769015253,-0.63923043,0,0.63923043,0.769015253,0,0,0,1],"scale":[26.9660015,31.6545525,20.0937481],"soundAmbience":"Level_Building_Reverb_Medium"}
{"name":"Level_Delivery_Movies_03","class":"SFXSpace","persistentId":"4b9b967f-5543-4b28-93ed-f648b1a7d668","__parent":"Snapshots","position":[-840.100159,-599.985718,106.182205],"rotationMatrix":[0.75762254,-0.652692974,0,0.652692974,0.75762254,0,0,0,1],"scale":[22.5861721,31.2906723,20.3672581],"soundAmbience":"Level_Building_Reverb_Medium"}
{"name":"Level_Garage","class":"SFXSpace","persistentId":"8cd80102-2ea2-4291-acb0-4e7b68a608e3","__parent":"Snapshots","position":[-414.193573,286.144501,87.6088104],"cloneOrigin":"Level_Racetrack","rotationMatrix":[0.702162445,0.712016106,-2.80124368e-10,-0.712016165,0.702162206,-0.00069053442,-0.000491671555,0.000484867778,0.999999762],"scale":[48.923687,34.5243874,47.3850098],"soundAmbience":"Level_Parking_House"}
{"name":"Level_Garage_Accessory_001","class":"SFXSpace","persistentId":"cbbb2ae4-ca01-4147-8864-b1c2f9336d82","__parent":"Snapshots","position":[897.794067,-545.333191,163.440063],"rotationMatrix":[0.601282239,-0.799036801,0,0.799036801,0.601282239,0,0,0,1],"scale":[6.88623476,6.58975458,10.4746819],"soundAmbience":"Level_Parking_House"}
{"name":"Level_Garage_Accessory_002","class":"SFXSpace","persistentId":"9be2fc94-782f-4ee8-ab30-35ef0ba5a750","__parent":"Snapshots","position":[915.796631,-532.757751,163.440063],"rotationMatrix":[0.534240663,-0.845332503,0,0.845332503,0.534240663,0,0,0,1],"scale":[5.27197647,5.37392378,9.72680473],"soundAmbience":"Level_Parking_House"}
{"name":"Level_Garage_Accessory_003","class":"SFXSpace","persistentId":"cf747f77-2f85-4cee-a8dc-4930e26ee6ef","__parent":"Snapshots","position":[918.04187,-549.662964,162.671814],"rotationMatrix":[0.625993848,-0.779828072,0,0.779828072,0.625993848,0,0,0,1],"scale":[2.28444171,2.54157257,7.72075224],"soundAmbience":"Level_Parking_House"}
{"name":"Level_Garage_Accessory_004","class":"SFXSpace","persistentId":"0295b465-0ff0-434d-a295-8838b262a781","__parent":"Snapshots","position":[907.518005,-539.052429,162.671814],"rotationMatrix":[0.679778099,-0.733417928,0,0.733417928,0.679778099,0,0,0,1],"scale":[2.24274635,2.49518418,7.57983637],"soundAmbience":"Level_Parking_House"}
{"name":"Level_Garage_Dynamic_1","class":"SFXEmitter","persistentId":"da220ce8-211e-40c3-b1c5-223a8e975482","__parent":"Snapshots","position":[-397.18515,303.810425,107.052048],"cloneOrigin":"Level_Tunnel_A_In","fadeInTime":0,"fadeOutTime":0,"isLooping":false,"maxDistance":5,"rotationMatrix":[1,0,0,0,0.999999762,-0.000690533896,0,0.000690533896,0.999999762],"scale":[5,5,5],"track":"event:>Snapshot Events>Snapshot_WC_Tunnel_Parking_1","useTrackDescriptionOnly":true}
{"name":"Level_Garage_Dynamic_2","class":"SFXEmitter","persistentId":"cf0a7a49-2c2a-41f9-b99b-c351866ccb87","__parent":"Snapshots","position":[-431.89325,269.252991,106.649811],"cloneOrigin":"Level_Garage_Dynamic_1","fadeInTime":0,"fadeOutTime":0,"isLooping":false,"maxDistance":5,"rotationMatrix":[1,0,0,0,0.999999762,-0.000690533896,0,0.000690533896,0.999999762],"scale":[5,5,5],"track":"event:>Snapshot Events>Snapshot_WC_Tunnel_Parking_2","useTrackDescriptionOnly":true}
{"name":"Level_Garage_Main_001","class":"SFXSpace","persistentId":"1c17c9b5-271f-4d98-9011-26ad2a9b0dfd","__parent":"Snapshots","position":[907.970337,-546.602112,164.623947],"rotationMatrix":[0.992077947,-0.125623807,0,0.125623807,0.992077947,0,0,0,1],"scale":[20.9929352,11.7920246,10],"soundAmbience":"Level_Parking_House"}
{"name":"Level_Garage_Main_002","class":"SFXSpace","persistentId":"98ad6a11-4f60-4b26-8ef7-ea3400ca20f1","__parent":"Snapshots","position":[913.768127,-536.80957,164.623947],"rotationMatrix":[0.992077947,-0.125623807,0,0.125623807,0.992077947,0,0,0,1],"scale":[11.8408413,9.04899216,10],"soundAmbience":"Level_Parking_House"}
{"name":"Level_Racetrack","class":"SFXSpace","persistentId":"86670e0c-4240-4ec8-b6e0-46259a268a7c","__parent":"Snapshots","position":[506.835266,-248.830521,139.644592],"rotationMatrix":[1,0,0,0,0.999999762,-0.000690533896,0,0.000690533896,0.999999762],"scale":[197.111481,65.4822006,48.6408577],"soundAmbience":"Level_Tunnel_Racetrack_Dynamic"}
{"name":"Level_Racetrack_In","class":"SFXEmitter","persistentId":"391ac6d2-cd40-45f2-be4e-780f55e6de5a","__parent":"Snapshots","position":[408.243317,-248.732925,144.892151],"fadeInTime":0,"fadeOutTime":0,"isLooping":false,"maxDistance":50,"rotationMatrix":[1,0,0,0,0.999999762,-0.000690533896,0,0.000690533896,0.999999762],"scale":[50,50,50],"track":"event:>Snapshot Events>Snapshot_WC_Racetrack_Position","useTrackDescriptionOnly":true}
{"name":"Level_Racetrack_Out","class":"SFXEmitter","persistentId":"56137ac3-1fce-4d7b-b525-9efae5f56bd0","__parent":"Snapshots","position":[605.581604,-251.040558,146.563904],"fadeInTime":0,"fadeOutTime":0,"isLooping":false,"maxDistance":50,"rotationMatrix":[1,0,0,0,0.999999762,-0.000690533896,0,0.000690533896,0.999999762],"scale":[50,50,50],"track":"event:>Snapshot Events>Snapshot_WC_Racetrack_Position","useTrackDescriptionOnly":true}
{"name":"Level_Tunnel_A_1","class":"SFXSpace","persistentId":"13a1c817-fcc8-47ce-95d9-e059fadb5368","__parent":"Snapshots","position":[-415.594086,-282.154938,93.074852],"cloneOrigin":"Level_Racetrack","rotationMatrix":[0.579244733,-0.813956916,0.0441668257,0.810286522,0.580852151,0.0777674168,-0.0889537483,-0.00925859716,0.995992541],"scale":[25.7888222,17.4706974,14.4952574],"soundAmbience":"Level_Tunnel_Closed_Dynamic"}
{"name":"Level_Tunnel_A_10","class":"SFXSpace","persistentId":"9ede369a-5978-421f-82d1-cc83fbf9e821","__parent":"Snapshots","position":[-598.188904,-204.258698,90.5833282],"cloneOrigin":"Level_Tunnel_Closed_9","rotationMatrix":[0.989009678,-0.147271231,-0.0130698103,0.147757828,0.987651527,0.0520766154,0.00523900334,-0.0534354411,0.998556972],"scale":[25.7888222,17.4706974,14.4952574],"soundAmbience":"Level_Tunnel_Closed_Dynamic"}
{"name":"Level_Tunnel_A_11","class":"SFXSpace","persistentId":"405feded-7bb7-44aa-a345-8443b85027bc","__parent":"Snapshots","position":[-615.69519,-205.097168,91.3507538],"cloneOrigin":"Level_Tunnel_Closed_10","rotationMatrix":[0.999533296,0.0276087709,-0.0130698141,-0.0268926173,0.998280942,0.0520766377,0.0144850984,-0.051700823,0.998557031],"scale":[25.7888222,17.4706974,14.4952574],"soundAmbience":"Level_Tunnel_Closed_Dynamic"}
{"name":"Level_Tunnel_A_2","class":"SFXSpace","persistentId":"e3c5a9c0-203c-4bd1-b243-022ef6430e74","__parent":"Snapshots","position":[-427.456818,-273.227051,91.9404068],"cloneOrigin":"Level_Racetrack1","rotationMatrix":[0.787155867,-0.615170777,0.0441667028,0.611194551,0.787650824,0.0777673945,-0.0826282725,-0.0342206433,0.995992243],"scale":[25.7888222,17.4706974,14.4952574],"soundAmbience":"Level_Tunnel_Closed_Dynamic"}
{"name":"Level_Tunnel_A_3","class":"SFXSpace","persistentId":"7af2282e-af53-4db3-be23-334b9c35dee0","__parent":"Snapshots","position":[-446.200989,-259.763123,90.6077957],"cloneOrigin":"Level_Tunnel_Closed_2","rotationMatrix":[0.787155867,-0.615170777,0.0441667028,0.611194551,0.787650824,0.0777673945,-0.0826282725,-0.0342206433,0.995992243],"scale":[25.7888222,17.4706974,14.4952574],"soundAmbience":"Level_Tunnel_Closed_Dynamic"}
{"name":"Level_Tunnel_A_4","class":"SFXSpace","persistentId":"5db39e93-4ee4-4dac-b567-89639e90e031","__parent":"Snapshots","position":[-466.038116,-247.404266,89.3738098],"cloneOrigin":"Level_Tunnel_Closed_3","rotationMatrix":[0.787155867,-0.615170777,0.0441667028,0.611194551,0.787650824,0.0777673945,-0.0826282725,-0.0342206433,0.995992243],"scale":[25.7888222,17.4706974,14.4952574],"soundAmbience":"Level_Tunnel_Closed_Dynamic"}
{"name":"Level_Tunnel_A_5","class":"SFXSpace","persistentId":"345dc199-1a6b-4ac3-88de-80ff88d0b1c7","__parent":"Snapshots","position":[-487.492096,-234.669754,86.468338],"cloneOrigin":"Level_Tunnel_Closed_4","rotationMatrix":[0.787155867,-0.615170777,0.0441667028,0.611194551,0.787650824,0.0777673945,-0.0826282725,-0.0342206433,0.995992243],"scale":[25.7888222,17.4706974,14.4952574],"soundAmbience":"Level_Tunnel_Closed_Dynamic"}
{"name":"Level_Tunnel_A_6","class":"SFXSpace","persistentId":"bff48a5c-8dd0-4912-85de-8948749414c3","__parent":"Snapshots","position":[-505.33667,-225.000992,86.0276184],"cloneOrigin":"Level_Tunnel_Closed_5","rotationMatrix":[0.91061306,-0.410893232,0.0441666953,0.40691328,0.910150766,0.0777674094,-0.0721525401,-0.0528440587,0.995992184],"scale":[25.7888222,17.4706974,14.4952574],"soundAmbience":"Level_Tunnel_Closed_Dynamic"}
{"name":"Level_Tunnel_A_7","class":"SFXSpace","persistentId":"f84aaf01-21cd-4396-8e0d-c6491959ab04","__parent":"Snapshots","position":[-528.350342,-217.23674,85.885704],"cloneOrigin":"Level_Tunnel_Closed_6","rotationMatrix":[0.911589742,-0.410893172,-0.0130698113,0.410991788,0.910150588,0.0520765893,-0.00950246584,-0.0528440624,0.998556972],"scale":[25.7888222,17.4706974,14.4952574],"soundAmbience":"Level_Tunnel_Closed_Dynamic"}
{"name":"Level_Tunnel_A_8","class":"SFXSpace","persistentId":"59d2b717-eca1-4933-b39a-7f465ad12480","__parent":"Snapshots","position":[-550.187012,-210.116562,87.3096848],"cloneOrigin":"Level_Tunnel_Closed_7","rotationMatrix":[0.942099273,-0.335078984,-0.0130698131,0.335294783,0.940673053,0.0520765893,-0.00515538827,-0.0534435548,0.998556972],"scale":[25.7888222,17.4706974,14.4952574],"soundAmbience":"Level_Tunnel_Closed_Dynamic"}
{"name":"Level_Tunnel_A_9","class":"SFXSpace","persistentId":"e64aec2d-dc09-480a-9382-5121881fdddf","__parent":"Snapshots","position":[-573.542908,-204.997681,89.021637],"cloneOrigin":"Level_Tunnel_Closed_8","rotationMatrix":[0.989009678,-0.147271231,-0.0130698103,0.147757828,0.987651527,0.0520766154,0.00523900334,-0.0534354411,0.998556972],"scale":[25.7888222,17.4706974,14.4952574],"soundAmbience":"Level_Tunnel_Closed_Dynamic"}
{"name":"Level_Tunnel_B","class":"SFXSpace","persistentId":"aaaf4de5-ab79-4fc2-8ac8-d870230e4f66","__parent":"Snapshots","position":[-480.645508,-113.356903,96.3724899],"cloneOrigin":"Level_Tunnel_Closed_11","rotationMatrix":[0.684643924,0.728870988,0.0031247586,-0.728860915,0.684593379,0.00955992844,0.00482878741,-0.00882266834,0.999948919],"scale":[155.201736,51.0948448,21.4597149],"soundAmbience":"Level_Under_Bridge_A"}
{"name":"Level_Tunnel_B_1","class":"SFXEmitter","persistentId":"a530ea05-ba24-439a-9651-d85b9981dec0","__parent":"Snapshots","position":[-492.918823,-95.0715256,88.0301056],"fadeInTime":0,"fadeOutTime":0,"isLooping":false,"maxDistance":20,"rotationMatrix":[1,0,0,0,0.999999762,-0.000690533896,0,0.000690533896,0.999999762],"scale":[20,20,20],"track":"event:>Snapshot Events>Snapshot_WC_Tunnel_B_Position","useTrackDescriptionOnly":true}
{"name":"Level_Tunnel_B_2","class":"SFXEmitter","persistentId":"cdd631ec-c474-4fdf-b8d9-9a37999222a2","__parent":"Snapshots","position":[-478.261902,-80.546051,88.3396835],"cloneOrigin":"Level_Tunnel_B_1","fadeInTime":0,"fadeOutTime":0,"isLooping":false,"maxDistance":20,"rotationMatrix":[1,0,0,0,0.999999762,-0.000690533896,0,0.000690533896,0.999999762],"scale":[20,20,20],"track":"event:>Snapshot Events>Snapshot_WC_Tunnel_B_Position","useTrackDescriptionOnly":true}
{"name":"Level_Tunnel_B_3","class":"SFXEmitter","persistentId":"020ecf7d-c090-4e0c-b152-abb6f0b89bac","__parent":"Snapshots","position":[-465.607239,-67.8153,88.6424179],"cloneOrigin":"Level_Tunnel_B_2","fadeInTime":0,"fadeOutTime":0,"isLooping":false,"maxDistance":20,"rotationMatrix":[1,0,0,0,0.999999762,-0.000690533896,0,0.000690533896,0.999999762],"scale":[20,20,20],"track":"event:>Snapshot Events>Snapshot_WC_Tunnel_B_Position","useTrackDescriptionOnly":true}
{"name":"Level_Tunnel_B_4","class":"SFXEmitter","persistentId":"e3f7b7ed-e80d-440c-a165-6c10b8d7e0a6","__parent":"Snapshots","position":[-458.426178,-57.3042297,88.5681],"cloneOrigin":"Level_Tunnel_B_3","fadeInTime":0,"fadeOutTime":0,"isLooping":false,"maxDistance":20,"rotationMatrix":[1,0,0,0,0.999999762,-0.000690533896,0,0.000690533896,0.999999762],"scale":[20,20,20],"track":"event:>Snapshot Events>Snapshot_WC_Tunnel_B_Position","useTrackDescriptionOnly":true}
{"name":"Level_Tunnel_B_5","class":"SFXEmitter","persistentId":"9c6d4edc-ddba-43ca-9140-5c7d282f92a1","__parent":"Snapshots","position":[-471.763763,-135.611496,87.5958633],"cloneOrigin":"Level_Tunnel_B_4","fadeInTime":0,"fadeOutTime":0,"isLooping":false,"maxDistance":20,"rotationMatrix":[1,0,0,0,0.999999762,-0.000690533896,0,0.000690533896,0.999999762],"scale":[20,20,20],"track":"event:>Snapshot Events>Snapshot_WC_Tunnel_B_Position","useTrackDescriptionOnly":true}
{"name":"Level_Tunnel_B_6","class":"SFXEmitter","persistentId":"144fdd2a-8d75-49e7-9831-5a2c82af84fb","__parent":"Snapshots","position":[-506.25647,-173.378784,87.057869],"cloneOrigin":"Level_Tunnel_B_4","fadeInTime":0,"fadeOutTime":0,"isLooping":false,"maxDistance":20,"rotationMatrix":[1,0,0,0,0.999999762,-0.000690533896,0,0.000690533896,0.999999762],"scale":[20,20,20],"track":"event:>Snapshot Events>Snapshot_WC_Tunnel_B_Position","useTrackDescriptionOnly":true}
{"name":"Level_Tunnel_B_7","class":"SFXEmitter","persistentId":"83e54658-fd93-48d1-9299-e2cb1b44d127","__parent":"Snapshots","position":[-491.599487,-158.853317,87.3674393],"cloneOrigin":"Level_Tunnel_B_4","fadeInTime":0,"fadeOutTime":0,"isLooping":false,"maxDistance":20,"rotationMatrix":[1,0,0,0,0.999999762,-0.000690533896,0,0.000690533896,0.999999762],"scale":[20,20,20],"track":"event:>Snapshot Events>Snapshot_WC_Tunnel_B_Position","useTrackDescriptionOnly":true}
{"name":"Level_Tunnel_B_8","class":"SFXEmitter","persistentId":"17343906-8988-4d26-b2fb-553cb1e6ae6d","__parent":"Snapshots","position":[-478.944824,-146.122559,87.6701736],"cloneOrigin":"Level_Tunnel_B_4","fadeInTime":0,"fadeOutTime":0,"isLooping":false,"maxDistance":20,"rotationMatrix":[1,0,0,0,0.999999762,-0.000690533896,0,0.000690533896,0.999999762],"scale":[20,20,20],"track":"event:>Snapshot Events>Snapshot_WC_Tunnel_B_Position","useTrackDescriptionOnly":true}
{"name":"Level_Tunnel_C_Del_1","class":"SFXEmitter","persistentId":"6da4577b-9c53-4dc6-9589-07e88035d258","__parent":"Snapshots","position":[-829.572876,-447.605957,96.2108994],"cloneOrigin":"Level_Tunnel_B_1","fadeInTime":0,"fadeOutTime":0,"isLooping":false,"maxDistance":20,"rotationMatrix":[1,0,0,0,0.999999762,-0.000690533896,0,0.000690533896,0.999999762],"scale":[20,20,20],"track":"event:>Special>Slap Delays>Delay_05","useTrackDescriptionOnly":true}
{"name":"Level_Tunnel_C_Del_2","class":"SFXEmitter","persistentId":"131d0491-8999-443b-9b7b-aed9361c5c69","__parent":"Snapshots","position":[-802.716187,-477.273346,97.3687286],"cloneOrigin":"Level_Tunnel_B_1","fadeInTime":0,"fadeOutTime":0,"isLooping":false,"maxDistance":20,"rotationMatrix":[1,0,0,0,0.999999762,-0.000690533896,0,0.000690533896,0.999999762],"scale":[20,20,20],"track":"event:>Special>Slap Delays>Delay_05","useTrackDescriptionOnly":true}
{"name":"Level_Tunnel_C_Del_3","class":"SFXEmitter","persistentId":"aac27570-ee2e-469e-bd13-07165a7d7c76","__parent":"Snapshots","position":[-826.503906,-499.017029,96.5585938],"cloneOrigin":"Level_Tunnel_B_1","fadeInTime":0,"fadeOutTime":0,"isLooping":false,"maxDistance":20,"rotationMatrix":[1,0,0,0,0.999999762,-0.000690533896,0,0.000690533896,0.999999762],"scale":[20,20,20],"track":"event:>Special>Slap Delays>Delay_05","useTrackDescriptionOnly":true}
{"name":"Level_Tunnel_C_Del_4","class":"SFXEmitter","persistentId":"b3c1ccfd-5b59-4ce8-a74b-b17826aafec0","__parent":"Snapshots","position":[-852.624756,-471.034943,95.903923],"cloneOrigin":"Level_Tunnel_B_1","fadeInTime":0,"fadeOutTime":0,"isLooping":false,"maxDistance":20,"rotationMatrix":[1,0,0,0,0.999999762,-0.000690533896,0,0.000690533896,0.999999762],"scale":[20,20,20],"track":"event:>Special>Slap Delays>Delay_05","useTrackDescriptionOnly":true}
{"name":"Level_Tunnel_D_Del_1","class":"SFXEmitter","persistentId":"7c080a10-3794-4299-a7ff-1bd531f18a7f","__parent":"Snapshots","position":[-915.172729,-386.738831,93.0865173],"cloneOrigin":"Level_Tunnel_C_6","fadeInTime":0,"fadeOutTime":0,"isLooping":false,"maxDistance":20,"rotationMatrix":[1,0,0,0,0.999999762,-0.000690533896,0,0.000690533896,0.999999762],"scale":[20,20,20],"track":"event:>Special>Slap Delays>Delay_06","useTrackDescriptionOnly":true}
{"name":"Level_Tunnel_D_Del_2","class":"SFXEmitter","persistentId":"5d49f711-d811-4009-bcc2-f429acd98a9e","__parent":"Snapshots","position":[-929.003723,-376.39389,93.2678299],"cloneOrigin":"Level_Tunnel_C_6","fadeInTime":0,"fadeOutTime":0,"isLooping":false,"maxDistance":20,"rotationMatrix":[1,0,0,0,0.999999762,-0.000690533896,0,0.000690533896,0.999999762],"scale":[20,20,20],"track":"event:>Special>Slap Delays>Delay_06","useTrackDescriptionOnly":true}
{"name":"Level_Tunnel_E_Del_1","class":"SFXEmitter","persistentId":"dfe9448f-600e-4f0a-9198-5fb74de3aa89","__parent":"Snapshots","position":[-928.773926,-443.004639,93.7692795],"cloneOrigin":"Level_Tunnel_D1","fadeInTime":0,"fadeOutTime":0,"isLooping":false,"maxDistance":20,"rotationMatrix":[1,0,0,0,0.999999762,-0.000690533896,0,0.000690533896,0.999999762],"scale":[20,20,20],"track":"event:>Special>Slap Delays>Delay_07","useTrackDescriptionOnly":true}
{"name":"Level_Tunnel_E_Del_2","class":"SFXEmitter","persistentId":"52925f3d-8b3b-479f-81ae-ed3f1be4a637","__parent":"Snapshots","position":[-909.177673,-428.463287,93.9989548],"cloneOrigin":"Level_Tunnel_D1","fadeInTime":0,"fadeOutTime":0,"isLooping":false,"maxDistance":20,"rotationMatrix":[1,0,0,0,0.999999762,-0.000690533896,0,0.000690533896,0.999999762],"scale":[20,20,20],"track":"event:>Special>Slap Delays>Delay_07","useTrackDescriptionOnly":true}
{"name":"Level_Tunnel_F_Del_1","class":"SFXEmitter","persistentId":"0343a402-e903-4068-9706-e90b3e6cbec8","__parent":"Snapshots","position":[-859.603333,-549.035828,106.232658],"cloneOrigin":"Level_Tunnel_E","fadeInTime":0,"fadeOutTime":0,"isLooping":false,"maxDistance":20,"rotationMatrix":[1,0,0,0,0.999999762,-0.000690533896,0,0.000690533896,0.999999762],"scale":[20,20,20],"track":"event:>Special>Slap Delays>Delay_01","useTrackDescriptionOnly":true}
{"name":"Level_Tunnel_F_Del_2","class":"SFXEmitter","persistentId":"b0cef696-307d-442f-87f3-3f309ff8970e","__parent":"Snapshots","position":[-877.952393,-530.553223,106.540443],"cloneOrigin":"Level_Tunnel_E1","fadeInTime":0,"fadeOutTime":0,"isLooping":false,"maxDistance":20,"rotationMatrix":[1,0,0,0,0.999999762,-0.000690533896,0,0.000690533896,0.999999762],"scale":[20,20,20],"track":"event:>Special>Slap Delays>Delay_01","useTrackDescriptionOnly":true}
{"name":"Level_Tunnel_F_Del_3","class":"SFXEmitter","persistentId":"d742bec6-3399-4652-89c7-1ec2db2c0633","__parent":"Snapshots","position":[911.276611,878.313354,117.152],"cloneOrigin":"Level_Tunnel_K_2","fadeInTime":0,"fadeOutTime":0,"isLooping":false,"maxDistance":20,"rotationMatrix":[1,0,0,0,0.999999762,-0.000690533896,0,0.000690533896,0.999999762],"scale":[20,20,20],"track":"event:>Special>Slap Delays>Delay_01","useTrackDescriptionOnly":true}
{"name":"Level_Tunnel_F_Del_4","class":"SFXEmitter","persistentId":"490ae338-3c35-4077-9d11-73ad4fba87c1","__parent":"Snapshots","position":[903.139465,924.121704,117.12336],"cloneOrigin":"Level_Tunnel_K_2","fadeInTime":0,"fadeOutTime":0,"isLooping":false,"maxDistance":20,"rotationMatrix":[1,0,0,0,0.999999762,-0.000690533896,0,0.000690533896,0.999999762],"scale":[20,20,20],"track":"event:>Special>Slap Delays>Delay_01","useTrackDescriptionOnly":true}
{"name":"Level_Tunnel_F_Del_6","class":"SFXEmitter","persistentId":"6249882c-50ab-45e6-a55d-205331400c42","__parent":"Snapshots","position":[908.078125,899.117737,117.200455],"cloneOrigin":"Level_Tunnel_K_2","fadeInTime":0,"fadeOutTime":0,"isLooping":false,"maxDistance":20,"rotationMatrix":[1,0,0,0,0.999999762,-0.000690533896,0,0.000690533896,0.999999762],"scale":[20,20,20],"track":"event:>Special>Slap Delays>Delay_01","useTrackDescriptionOnly":true}
{"name":"Level_Tunnel_G_Del_1","class":"SFXEmitter","persistentId":"aa848725-bfbf-47a0-b98a-e6c97ca2960a","__parent":"Snapshots","position":[-493.49942,-7.88720512,91.1682587],"cloneOrigin":"Level_Tunnel_B_1","fadeInTime":0,"fadeOutTime":0,"isLooping":false,"maxDistance":20,"rotationMatrix":[1,0,0,0,0.999999762,-0.000690533896,0,0.000690533896,0.999999762],"scale":[20,20,20],"track":"event:>Special>Slap Delays>Delay_02","useTrackDescriptionOnly":true}
{"name":"Level_Tunnel_G_Del_2","class":"SFXEmitter","persistentId":"1eb65402-3135-4953-9a90-099b88da86a6","__parent":"Snapshots","position":[-464.106201,48.3139458,91.2953033],"cloneOrigin":"Level_Tunnel_B_1","fadeInTime":0,"fadeOutTime":0,"isLooping":false,"maxDistance":20,"rotationMatrix":[1,0,0,0,0.999999762,-0.000690533896,0,0.000690533896,0.999999762],"scale":[20,20,20],"track":"event:>Special>Slap Delays>Delay_02","useTrackDescriptionOnly":true}
{"name":"Level_Tunnel_G_Del_3","class":"SFXEmitter","persistentId":"8c187810-2794-40ad-8f76-65ee35537757","__parent":"Snapshots","position":[-486.369293,26.2307644,91.412178],"cloneOrigin":"Level_Tunnel_B_1","fadeInTime":0,"fadeOutTime":0,"isLooping":false,"maxDistance":20,"rotationMatrix":[1,0,0,0,0.999999762,-0.000690533896,0,0.000690533896,0.999999762],"scale":[20,20,20],"track":"event:>Special>Slap Delays>Delay_02","useTrackDescriptionOnly":true}
{"name":"Level_Tunnel_G_Del_4","class":"SFXEmitter","persistentId":"6ce43f7e-4a27-41f5-aa61-03fba570eb6c","__parent":"Snapshots","position":[-466.889679,16.0808067,91.2160492],"cloneOrigin":"Level_Tunnel_B_1","fadeInTime":0,"fadeOutTime":0,"isLooping":false,"maxDistance":20,"rotationMatrix":[0.785173416,0.619276047,1.10958354e-10,-0.619275928,0.785173237,-0.00069053343,-0.000427630817,0.000542188354,0.999999762],"scale":[20,20,20],"track":"event:>Special>Slap Delays>Delay_02","useTrackDescriptionOnly":true}
{"name":"Level_Tunnel_G_Del_5","class":"SFXEmitter","persistentId":"32320663-f85f-4398-b3e7-73846b844477","__parent":"Snapshots","position":[-142.561111,363.543518,89.6887207],"cloneOrigin":"Level_Tunnel_G_7","fadeInTime":0,"fadeOutTime":0,"isLooping":false,"maxDistance":20,"rotationMatrix":[1,0,0,0,0.999999762,-0.000690533896,0,0.000690533896,0.999999762],"scale":[20,20,20],"track":"event:>Special>Slap Delays>Delay_02","useTrackDescriptionOnly":true}
{"name":"Level_Tunnel_G_Del_6","class":"SFXEmitter","persistentId":"2077cdf1-6775-4963-9d07-cd20c5e9846e","__parent":"Snapshots","position":[-168.863266,361.066864,90.1819992],"cloneOrigin":"Level_Tunnel_G_6","fadeInTime":0,"fadeOutTime":0,"isLooping":false,"maxDistance":20,"rotationMatrix":[1,0,0,0,0.999999762,-0.000690533896,0,0.000690533896,0.999999762],"scale":[20,20,20],"track":"event:>Special>Slap Delays>Delay_02","useTrackDescriptionOnly":true}
{"name":"Level_Tunnel_H_Del_1","class":"SFXEmitter","persistentId":"8330b3a2-a489-4161-97ed-fc08cfda7618","__parent":"Snapshots","position":[221.829147,633.531311,100.210487],"cloneOrigin":"Level_Tunnel_I_1","fadeInTime":0,"fadeOutTime":0,"isLooping":false,"maxDistance":20,"rotationMatrix":[1,0,0,0,0.999999762,-0.000690533896,0,0.000690533896,0.999999762],"scale":[20,20,20],"track":"event:>Special>Slap Delays>Delay_03","useTrackDescriptionOnly":true}
{"name":"Level_Tunnel_K_Del_1","class":"SFXEmitter","persistentId":"861bc81d-22ea-4386-8ff0-bb5536ef8e68","__parent":"Snapshots","position":[517.628479,718.02771,117.037277],"cloneOrigin":"Level_Tunnel_J_1","fadeInTime":0,"fadeOutTime":0,"isLooping":false,"maxDistance":20,"rotationMatrix":[1,0,0,0,0.999999762,-0.000690533896,0,0.000690533896,0.999999762],"scale":[20,20,20],"track":"event:>Special>Slap Delays>Delay_03","useTrackDescriptionOnly":true}
{"name":"Level_Tunnel_K_Del_2","class":"SFXEmitter","persistentId":"589ee097-3023-4437-8b93-8c69d45478d0","__parent":"Snapshots","position":[490.868469,757.882202,115.278847],"cloneOrigin":"Level_Tunnel_K_1","fadeInTime":0,"fadeOutTime":0,"isLooping":false,"maxDistance":20,"rotationMatrix":[1,0,0,0,0.999999762,-0.000690533896,0,0.000690533896,0.999999762],"scale":[20,20,20],"track":"event:>Special>Slap Delays>Delay_03","useTrackDescriptionOnly":true}
{"name":"Level_Tunnel_K_Del_3","class":"SFXEmitter","persistentId":"9ea060df-f7ac-4cc6-a100-c1f629ada83f","__parent":"Snapshots","position":[504.632446,737.914734,115.956573],"cloneOrigin":"Level_Tunnel_K_1","fadeInTime":0,"fadeOutTime":0,"isLooping":false,"maxDistance":20,"rotationMatrix":[1,0,0,0,0.999999762,-0.000690533896,0,0.000690533896,0.999999762],"scale":[20,20,20],"track":"event:>Special>Slap Delays>Delay_03","useTrackDescriptionOnly":true}
{"name":"Level_Tunnel_L1_Del_1","class":"SFXEmitter","persistentId":"cdaa13b6-b707-476b-89ae-344833bb8dda","__parent":"Snapshots","position":[941.734436,882.771667,117.157082],"cloneOrigin":"Level_Tunnel_F4","fadeInTime":0,"fadeOutTime":0,"isLooping":false,"maxDistance":20,"rotationMatrix":[1,0,0,0,0.999999762,-0.000690533896,0,0.000690533896,0.999999762],"scale":[20,20,20],"track":"event:>Special>Slap Delays>Delay_03","useTrackDescriptionOnly":true}
{"name":"Level_Tunnel_L1_Del_2","class":"SFXEmitter","persistentId":"3cb0d03f-2353-47b0-889a-1042b00bba72","__parent":"Snapshots","position":[917.55896,926.885803,117.783524],"cloneOrigin":"Level_Tunnel_F5","fadeInTime":0,"fadeOutTime":0,"isLooping":false,"maxDistance":20,"rotationMatrix":[1,0,0,0,0.999999762,-0.000690533896,0,0.000690533896,0.999999762],"scale":[20,20,20],"track":"event:>Special>Slap Delays>Delay_03","useTrackDescriptionOnly":true}
{"name":"Level_Tunnel_L1_Del_3","class":"SFXEmitter","persistentId":"1043d184-b7e2-4161-8099-1d24e2bd578f","__parent":"Snapshots","position":[929.122498,907.082031,116.941811],"cloneOrigin":"Level_Tunnel_F5","fadeInTime":0,"fadeOutTime":0,"isLooping":false,"maxDistance":20,"rotationMatrix":[1,0,0,0,0.999999762,-0.000690533896,0,0.000690533896,0.999999762],"scale":[20,20,20],"track":"event:>Special>Slap Delays>Delay_03","useTrackDescriptionOnly":true}
{"name":"Level_Under_Bridge_Del_1","class":"SFXEmitter","persistentId":"0445144b-b6b3-49a8-a37f-221711fe1ae0","__parent":"Snapshots","position":[-224.82811,483.340576,74.3943176],"cloneOrigin":"Level_Tunnel_H_2","fadeInTime":0,"fadeOutTime":0,"isLooping":false,"maxDistance":20,"rotationMatrix":[1,0,0,0,0.999999762,-0.000690533896,0,0.000690533896,0.999999762],"scale":[20,20,20],"track":"event:>Special>Slap Delays>Delay_04","useTrackDescriptionOnly":true}
{"name":"Level_Under_Bridge_Del_2","class":"SFXEmitter","persistentId":"47652bba-a52c-4ab1-8256-f8a00a559840","__parent":"Snapshots","position":[-256.06015,495.194916,74.2219925],"cloneOrigin":"Level_Tunnel_H_2","fadeInTime":0,"fadeOutTime":0,"isLooping":false,"maxDistance":20,"rotationMatrix":[1,0,0,0,0.999999762,-0.000690533896,0,0.000690533896,0.999999762],"scale":[20,20,20],"track":"event:>Special>Slap Delays>Delay_04","useTrackDescriptionOnly":true}
{"name":"Level_Warehouse_01","class":"SFXSpace","persistentId":"4a1d3394-ca42-4d3a-8b5c-5d5ac1028f03","__parent":"Snapshots","position":[-45.1942482,768.065186,72.9714661],"scale":[38.9366798,137.70639,21.7860565],"soundAmbience":"Level_Building_Reverb_Large"}
{"name":"Level_Warehouse_02","class":"SFXSpace","persistentId":"394cbd47-e489-4dd1-9f48-2a70786e798f","__parent":"Snapshots","position":[-9.90179825,824.44519,73.1234055],"scale":[96.7619553,38.7669907,21.7860565],"soundAmbience":"Level_Building_Reverb_Large"}
{"name":"Level_Warehouse_03","class":"SFXSpace","persistentId":"ac6f41fb-0c2c-4dcc-a4be-20f2c01c26fd","__parent":"Snapshots","position":[-50.1670837,829.46228,73.1234055],"rotationMatrix":[0.697728276,-0.716362476,0,0.716362476,0.697728276,0,0,0,1],"scale":[30.9402466,11.6104794,21.7860565],"soundAmbience":"Level_Building_Reverb_Large"}
{"name":"Level_Warehouse_04","class":"SFXSpace","persistentId":"fcf1a868-185f-4343-b4e3-914f52df3b30","__parent":"Snapshots","position":[19.3429756,799.06958,72.9133301],"scale":[38.9366798,89.550705,21.7860565],"soundAmbience":"Level_Building_Reverb_Large"}
{"name":"Level_Warehouse_05","class":"SFXSpace","persistentId":"7b78b459-6004-45d5-aa93-be21b1546675","__parent":"Snapshots","position":[26.532259,754.036316,72.9553223],"scale":[24.4963913,27.668766,21.7860565],"soundAmbience":"Level_Building_Reverb_Large"}
{"name":"Level_Warehouse_06","class":"SFXSpace","persistentId":"8962e9ad-0377-42eb-b2f6-23e1c7be76a0","__parent":"Snapshots","position":[25.8597717,733.812866,73.1603546],"rotationMatrix":[0.921765268,0.387748331,0,-0.387748331,0.921765268,0,0,0,1],"scale":[31.7592735,26.5863342,21.7860565],"soundAmbience":"Level_Building_Reverb_Large"}
{"name":"Level_Warehouse_07","class":"SFXSpace","persistentId":"b59810dc-5eda-424d-baf9-e85931bd8f2f","__parent":"Snapshots","position":[19.2823734,749.822449,73.0089951],"rotationMatrix":[0.921765268,0.387748331,0,-0.387748331,0.921765268,0,0,0,1],"scale":[31.7592735,26.5863342,21.7860565],"soundAmbience":"Level_Building_Reverb_Large"}
{"name":"Level_Warehouse_08","class":"SFXSpace","persistentId":"3b182055-c545-4f20-9698-d183e9cf2f74","__parent":"Snapshots","position":[-56.6512527,700.822937,73.1234055],"rotationMatrix":[0.711661458,-0.702522516,0,0.702522516,0.711661458,0,0,0,1],"scale":[12.357213,11.6104794,21.7860565],"soundAmbience":"Level_Building_Reverb_Large"}
{"name":"Level_Warehouse_09","class":"SFXSpace","persistentId":"57bc589a-df74-470e-9114-a892a060bee5","__parent":"Snapshots","position":[-41.7858543,725.504578,73.0338821],"rotationMatrix":[0.99999994,-0.000309561903,0,0.000309561903,0.99999994,0,0,0,1],"scale":[32.2305794,65.3442459,21.7860565],"soundAmbience":"Level_Building_Reverb_Large"}
{"name":"Parking_Construction_01","class":"SFXSpace","persistentId":"fbe1a914-4c0d-4f49-8cbf-271865d48970","__parent":"Snapshots","position":[-357.407501,523.445068,79.9111328],"rotationMatrix":[0.702663064,-0.711522818,0,0.711522818,0.702663064,0,0,0,1],"scale":[55.815609,24.3091812,37.6293678],"soundAmbience":"Level_Parking_House"}
{"name":"Parking_Construction_02","class":"SFXSpace","persistentId":"bef3edbf-00e6-41e8-848a-46d9fe2912e7","__parent":"Snapshots","position":[-398.206543,549.515625,79.8873978],"rotationMatrix":[0.702663064,-0.711522818,0,0.711522818,0.702663064,0,0,0,1],"scale":[13.0014896,41.7338867,37.6293678],"soundAmbience":"Level_Parking_House"}
{"name":"Parking_Construction_03","class":"SFXSpace","persistentId":"329cc4fa-6e28-4114-8f9b-ffb97aff6f1a","__parent":"Snapshots","position":[-394.408478,534.371521,79.917984],"rotationMatrix":[0.702663064,-0.711522818,0,0.711522818,0.702663064,0,0,0,1],"scale":[22.2675476,12.8645191,37.6293678],"soundAmbience":"Level_Parking_House"}
{"name":"Parking_Construction_04","class":"SFXSpace","persistentId":"a940c40a-16f9-4d0e-aced-f27a6d9ebb2a","__parent":"Snapshots","position":[-335.574951,547.260681,69.5282669],"rotationMatrix":[0.707019866,-0.707193673,0,0.707193673,0.707019866,0,0,0,1],"scale":[61.1714363,34.7733231,37.6293678],"soundAmbience":"Level_Parking_House"}
{"name":"Parking_Construction_Other_01","class":"SFXSpace","persistentId":"54b83e43-8edd-4355-9be5-23a5782e5771","__parent":"Snapshots","position":[-623.948608,275.026215,119.521576],"rotationMatrix":[0.704077482,-0.710123122,0,0.710123122,0.704077482,0,0,0,1],"scale":[13.292284,19.3375626,39.5471497],"soundAmbience":"Level_Parking_House"}
{"name":"Parking_Construction_Other_02","class":"SFXSpace","persistentId":"48623e91-5a02-498b-898d-74128c69668b","__parent":"Snapshots","position":[-612.798218,268.396973,119.719246],"rotationMatrix":[0.704077482,-0.710123122,0,0.710123122,0.704077482,0,0,0,1],"scale":[20.2878685,12.9914961,39.5471497],"soundAmbience":"Level_Parking_House"}
{"name":"Parking_Construction_Other_03","class":"SFXSpace","persistentId":"778fc0d0-2737-4673-838d-603db3850ffb","__parent":"Snapshots","position":[-593.670105,261.57309,119.533119],"rotationMatrix":[0.704077482,-0.710123122,0,0.710123122,0.704077482,0,0,0,1],"scale":[20.2878685,44.1709671,39.5471497],"soundAmbience":"Level_Parking_House"}
{"name":"Sewer_01","class":"SFXSpace","persistentId":"666d185e-4e44-4d2e-ac92-799944fc7b30","__parent":"Snapshots","position":[-628.871216,252.034012,113.865898],"rotationMatrix":[0.70964098,-0.704563618,0,0.704563618,0.70964098,0,0,0,1],"scale":[10,15.3431759,6.42032766],"soundAmbience":"Level_Tunnel_Closed_Dynamic"}
{"name":"Sewer_02","class":"SFXSpace","persistentId":"4929b73e-7746-46ed-bad6-faff508b43a5","__parent":"Snapshots","position":[-632.713989,249.113388,113.865898],"rotationMatrix":[0.70964098,-0.704563618,0,0.704563618,0.70964098,0,0,0,1],"scale":[6.5336194,10,6.42032766],"soundAmbience":"Level_Tunnel_Closed_Dynamic"}
{"name":"Sewer_03","class":"SFXSpace","persistentId":"82d31844-0a3d-4fdd-852a-3869877dfea3","__parent":"Snapshots","position":[-638.715637,241.679199,112.094337],"rotationMatrix":[0.70964098,-0.704563618,0,0.704563618,0.70964098,0,0,0,1],"scale":[6.5336194,10,6.42032766],"soundAmbience":"Level_Tunnel_Closed_Dynamic"}
{"name":"Sewer_04","class":"SFXSpace","persistentId":"f08e1284-7769-459c-b8f0-cb7f0770ca5b","__parent":"Snapshots","position":[-644.804443,235.192841,112.094337],"rotationMatrix":[0.982022822,-0.188762128,0,0.188762128,0.982022822,0,0,0,1],"scale":[6.5336194,10,6.42032766],"soundAmbience":"Level_Tunnel_Closed_Dynamic"}
{"name":"Sewer_05","class":"SFXSpace","persistentId":"a1611aec-cba4-4f10-af2b-ea48af57726b","__parent":"Snapshots","position":[-644.882751,226.871918,110.680214],"rotationMatrix":[0.991551101,0.129716396,0,-0.129716396,0.991551101,0,0,0,1],"scale":[6.5336194,10,6.42032766],"soundAmbience":"Level_Tunnel_Closed_Dynamic"}
{"name":"Sewer_06","class":"SFXSpace","persistentId":"09ebdc0d-2b25-4a01-ac93-3b1c6b70fe90","__parent":"Snapshots","position":[-639.669373,208.477097,109.205605],"rotationMatrix":[0.991551101,0.128305197,0.019081844,-0.129716396,0.980763912,0.145861462,0,-0.147104338,0.989120901],"scale":[8.72518539,21.4488564,5.17113686],"soundAmbience":"Level_Tunnel_Closed_Dynamic"}
{"name":"Sewer_07","class":"SFXSpace","persistentId":"92a48eb7-154e-4c51-a5ae-7ab43ce647f8","__parent":"Snapshots","position":[-628.906982,194.134506,106.06205],"rotationMatrix":[0.671570003,0.740695298,0.019081844,-0.734773874,0.662443578,0.145861462,0.0953982621,-0.111977041,0.989120901],"scale":[12.3984489,21.4488564,5.17113686],"soundAmbience":"Level_Tunnel_Closed_Dynamic"}
{"name":"Sewer_08","class":"SFXSpace","persistentId":"6afc2aca-9f7c-4160-af23-54815d93c1d5","__parent":"Snapshots","position":[-613.391296,187.736679,104.116188],"rotationMatrix":[0.290477186,0.956691384,0.019081844,-0.947436869,0.284758031,0.145861462,0.134110719,-0.0604482815,0.989120901],"scale":[12.3984489,21.4488564,5.17113686],"soundAmbience":"Level_Tunnel_Closed_Dynamic"}
{"name":"Sewer_09","class":"SFXSpace","persistentId":"3c556263-f175-4483-8945-fc1f365762a7","__parent":"Snapshots","position":[-585.472412,183.249557,100.680145],"rotationMatrix":[0.289168626,0.956691384,0.033505246,-0.953518748,0.284758031,0.0985597223,0.0847503543,-0.0604482815,0.994566798],"scale":[12.3984489,39.503006,5.17113686],"soundAmbience":"Level_Tunnel_Closed_Dynamic"}
{"name":"Sewer_10","class":"SFXSpace","persistentId":"d672be46-c52e-4def-a050-d83f4b50bcce","__parent":"Snapshots","position":[-560.374146,173.966492,98.8273697],"rotationMatrix":[0.288269192,0.956691384,0.0405211523,-0.955631852,0.284758031,0.0753633976,0.0605607778,-0.0604482815,0.996332288],"scale":[12.3984489,39.503006,5.17113686],"soundAmbience":"Level_Tunnel_Closed_Dynamic"}
