{"class":"TSStatic","persistentId":"389a21bd-592e-4a55-9af7-0b0d18d4c90d","__parent":"entranceFence_canalSide","position":[-683.103516,-148.947174,99.1454086],"isRenderEnabled":false,"rotationMatrix":[0.520807505,-0.853674233,0,0.853674233,0.520807505,0,0,0,1],"shapeName":"/levels/west_coast_usa/art/shapes/objects/jerseybarrier_3m.dae","useInstanceRenderData":true}
{"class":"TSStatic","persistentId":"d4054fbe-7644-4ffa-8a5f-34fe20c4d955","__parent":"entranceFence_canalSide","position":[-675.501526,-140.724487,99.3506241],"isRenderEnabled":false,"rotationMatrix":[0.111660063,0.139470458,-0.98391068,0.780640364,-0.624980688,8.94069672e-08,-0.614925027,-0.768080354,-0.178661704],"shapeName":"/levels/west_coast_usa/art/shapes/objects/jerseybarrier_3m.dae","useInstanceRenderData":true}
{"class":"TSStatic","persistentId":"7222ae8e-daef-4b38-8bd6-09bba0745d37","__parent":"entranceFence_canalSide","position":[-682.874878,-148.067795,99.1040802],"isRenderEnabled":false,"rotationMatrix":[0.95948714,0.28174755,-0.00164964166,-0.281748563,0.959488153,-0.000427365652,0.00146240252,0.000874835998,0.999998569],"scale":[1.5,1.5,1.5],"shapeName":"/levels/west_coast_usa/art/shapes/objects/s_chainlink_old.dae","useInstanceRenderData":true}
{"class":"TSStatic","persistentId":"8ec224e1-90bf-43f3-8481-364596eb2cac","__parent":"entranceFence_canalSide","position":[-685.843872,-148.939713,99.1136627],"isRenderEnabled":false,"rotationMatrix":[0.959463358,0.281811208,-0.0035360395,-0.281816512,0.959467709,-0.00109773397,0.00308336178,0.00204974995,0.999993145],"scale":[1.5,1.5,1.5],"shapeName":"/levels/west_coast_usa/art/shapes/objects/s_chainlink_old.dae","useInstanceRenderData":true}
{"class":"TSStatic","persistentId":"e1b89e70-97b8-42da-affd-5c74b5d810f2","__parent":"entranceFence_canalSide","position":[-688.812744,-149.811737,99.1246033],"isRenderEnabled":false,"rotationMatrix":[0.959468782,0.28179273,-0.00353601831,-0.281798035,0.959473133,-0.00109780207,0.00308336201,0.00204974995,0.999993145],"scale":[1.5,1.5,1.5],"shapeName":"/levels/west_coast_usa/art/shapes/objects/s_chainlink_old.dae","useInstanceRenderData":true}
{"class":"TSStatic","persistentId":"5accbd1e-c098-472d-9d69-449280b98672","__parent":"entranceFence_canalSide","position":[-691.781738,-150.68364,99.1355438],"isRenderEnabled":false,"rotationMatrix":[0.959487498,0.281729013,-0.00353243575,-0.281734318,0.959491849,-0.00110171805,0.00307895709,0.00205229316,0.999993145],"scale":[1.5,1.5,1.5],"shapeName":"/levels/west_coast_usa/art/shapes/objects/s_chainlink_old.dae","useInstanceRenderData":true}
{"class":"TSStatic","persistentId":"005f18cf-2461-480f-86cb-713b6fc06bcb","__parent":"entranceFence_canalSide","position":[-694.750732,-151.555374,99.1464844],"isRenderEnabled":false,"rotationMatrix":[0.959493518,0.281708449,-0.003532412,-0.281713754,0.959497869,-0.00110179372,0.00307895709,0.00205229316,0.999993145],"scale":[1.5,1.5,1.5],"shapeName":"/levels/west_coast_usa/art/shapes/objects/s_chainlink_old.dae","useInstanceRenderData":true}
{"class":"TSStatic","persistentId":"8bf36e9e-c012-4f0e-8242-26a207b18ba1","__parent":"entranceFence_canalSide","position":[-697.719727,-152.427017,99.1574249],"isRenderEnabled":false,"rotationMatrix":[0.959501922,0.281679839,-0.00353588932,-0.281685144,0.959506273,-0.00109821814,0.00308336201,0.00204974995,0.999993145],"scale":[1.5,1.5,1.5],"shapeName":"/levels/west_coast_usa/art/shapes/objects/s_chainlink_old.dae","useInstanceRenderData":true}
{"class":"TSStatic","persistentId":"9b650422-f9b7-47ed-a255-dba5bd65c75a","__parent":"entranceFence_canalSide","position":[-700.688782,-153.298599,99.1683655],"isRenderEnabled":false,"rotationMatrix":[0.959506929,0.281662911,-0.00353587,-0.281668216,0.95951122,-0.00109828054,0.00308336224,0.00204974995,0.999993145],"scale":[1.5,1.5,1.5],"shapeName":"/levels/west_coast_usa/art/shapes/objects/s_chainlink_old.dae","useInstanceRenderData":true}
{"class":"TSStatic","persistentId":"89a92289-0a7a-4075-bfe6-813d3b06fe6a","__parent":"entranceFence_canalSide","position":[-703.657837,-154.170151,99.179306],"isRenderEnabled":false,"rotationMatrix":[0.959514558,0.281636864,-0.00353583996,-0.281642169,0.95951885,-0.00109837647,0.00308336201,0.00204974995,0.999993145],"scale":[1.5,1.5,1.5],"shapeName":"/levels/west_coast_usa/art/shapes/objects/s_chainlink_old.dae","useInstanceRenderData":true}
{"class":"TSStatic","persistentId":"0dc7c774-4147-40db-9d97-16e340438a79","__parent":"entranceFence_canalSide","position":[-706.626892,-155.041626,99.1902466],"isRenderEnabled":false,"rotationMatrix":[0.959514558,0.281636864,-0.00353583996,-0.281642169,0.95951885,-0.00109837647,0.00308336201,0.00204974995,0.999993145],"scale":[1.5,1.5,1.5],"shapeName":"/levels/west_coast_usa/art/shapes/objects/s_chainlink_old.dae","useInstanceRenderData":true}
{"class":"TSStatic","persistentId":"e19ae88d-4344-433b-a30a-458d83b62ee2","__parent":"entranceFence_canalSide","position":[-709.596252,-155.912094,99.2011871],"isRenderEnabled":false,"rotationMatrix":[0.959665179,0.28112331,-0.00353173958,-0.281128615,0.959669471,-0.0011039474,0.00307895709,0.00205229293,0.999993145],"scale":[1.5,1.5,1.5],"shapeName":"/levels/west_coast_usa/art/shapes/objects/s_chainlink_old.dae","useInstanceRenderData":true}
{"class":"TSStatic","persistentId":"fdf34f18-49de-40e5-84e0-021e080337d3","__parent":"entranceFence_canalSide","position":[-712.565796,-156.781998,99.2121277],"isRenderEnabled":false,"rotationMatrix":[0.95966512,0.28112331,-0.00353525183,-0.281128615,0.959669471,-0.00110026868,0.00308336201,0.00204974995,0.999993145],"scale":[1.5,1.5,1.5],"shapeName":"/levels/west_coast_usa/art/shapes/objects/s_chainlink_old.dae","useInstanceRenderData":true}
{"class":"TSStatic","persistentId":"828102c3-6025-47b3-a081-9df0823425bb","__parent":"entranceFence_canalSide","position":[-715.535706,-157.650726,99.2230682],"isRenderEnabled":false,"rotationMatrix":[0.959834695,0.280543953,-0.00353458687,-0.280549258,0.959838986,-0.00110240257,0.00308336201,0.00204974995,0.999993145],"scale":[1.5,1.5,1.5],"shapeName":"/levels/west_coast_usa/art/shapes/objects/s_chainlink_old.dae","useInstanceRenderData":true}
{"class":"TSStatic","persistentId":"ba88abcc-c029-4488-a4fb-1a4bc687ee85","__parent":"entranceFence_canalSide","position":[-718.505737,-158.518829,99.2340012],"isRenderEnabled":false,"rotationMatrix":[0.959834695,0.280543953,-0.00353458687,-0.280549258,0.959838986,-0.00110240257,0.00308336201,0.00204974995,0.999993145],"scale":[1.5,1.5,1.5],"shapeName":"/levels/west_coast_usa/art/shapes/objects/s_chainlink_old.dae","useInstanceRenderData":true}
{"class":"TSStatic","persistentId":"cbdc4355-8f79-4fe8-94cb-4264bfceef9d","__parent":"entranceFence_canalSide","position":[-721.47583,-159.386795,99.2449417],"isRenderEnabled":false,"rotationMatrix":[0.959901035,0.28031683,-0.00353432586,-0.280322134,0.959905326,-0.0011032389,0.00308336178,0.00204974995,0.999993145],"scale":[1.5,1.5,1.5],"shapeName":"/levels/west_coast_usa/art/shapes/objects/s_chainlink_old.dae","useInstanceRenderData":true}
{"class":"TSStatic","persistentId":"1c0dab61-3868-410c-a274-a2b205a52be0","__parent":"entranceFence_canalSide","position":[-724.446106,-160.254196,99.2558746],"isRenderEnabled":false,"rotationMatrix":[0.959901035,0.28031683,-0.00353432586,-0.280322134,0.959905326,-0.0011032389,0.00308336178,0.00204974995,0.999993145],"scale":[1.5,1.5,1.5],"shapeName":"/levels/west_coast_usa/art/shapes/objects/s_chainlink_old.dae","useInstanceRenderData":true}
{"class":"TSStatic","persistentId":"0c9dcc74-f35f-4efb-bf87-4b8cf48b5f91","__parent":"entranceFence_canalSide","position":[-727.416382,-161.121582,99.2668076],"isRenderEnabled":false,"rotationMatrix":[0.959901035,0.28031683,-0.00353432586,-0.280322134,0.959905326,-0.0011032389,0.00308336178,0.00204974995,0.999993145],"scale":[1.5,1.5,1.5],"shapeName":"/levels/west_coast_usa/art/shapes/objects/s_chainlink_old.dae","useInstanceRenderData":true}
{"class":"TSStatic","persistentId":"7792ea06-c054-4a8c-a530-42b8f0a1dad6","__parent":"entranceFence_canalSide","position":[-730.386658,-161.988953,99.2777481],"isRenderEnabled":false,"rotationMatrix":[0.959909976,0.280286193,-0.00353429071,-0.280291498,0.959914327,-0.00110335182,0.00308336201,0.00204974995,0.999993145],"scale":[1.5,1.5,1.5],"shapeName":"/levels/west_coast_usa/art/shapes/objects/s_chainlink_old.dae","useInstanceRenderData":true}
{"class":"TSStatic","persistentId":"0899aaa6-ea4f-421f-a4a4-4c2147aa3ac0","__parent":"entranceFence_canalSide","position":[-733.356934,-162.856247,99.288681],"isRenderEnabled":false,"rotationMatrix":[0.959909976,0.280286193,-0.00353429071,-0.280291498,0.959914327,-0.00110335182,0.00308336201,0.00204974995,0.999993145],"scale":[1.5,1.5,1.5],"shapeName":"/levels/west_coast_usa/art/shapes/objects/s_chainlink_old.dae","useInstanceRenderData":true}
{"class":"TSStatic","persistentId":"5ffd1b8f-9d9e-44cd-bb1b-2c36deebd55e","__parent":"entranceFence_canalSide","position":[-736.327271,-163.723557,99.2996216],"isRenderEnabled":false,"rotationMatrix":[0.959909976,0.280286193,-0.00353429071,-0.280291498,0.959914327,-0.00110335182,0.00308336201,0.00204974995,0.999993145],"scale":[1.5,1.5,1.5],"shapeName":"/levels/west_coast_usa/art/shapes/objects/s_chainlink_old.dae","useInstanceRenderData":true}
{"class":"TSStatic","persistentId":"6855cf5b-c7fe-4ea5-96f8-5422c54e30fb","__parent":"entranceFence_canalSide","position":[-739.297485,-164.591003,99.3105545],"isRenderEnabled":false,"rotationMatrix":[0.959874392,0.280407935,-0.00353443064,-0.28041324,0.959878743,-0.00110290339,0.00308336178,0.00204974995,0.999993145],"scale":[1.5,1.5,1.5],"shapeName":"/levels/west_coast_usa/art/shapes/objects/s_chainlink_old.dae","useInstanceRenderData":true}
{"class":"TSStatic","persistentId":"adb36d6b-7471-48e5-ba45-cdf1a3b93352","__parent":"entranceFence_canalSide","position":[-742.2677,-165.458679,99.3214874],"isRenderEnabled":false,"rotationMatrix":[0.959874392,0.280407935,-0.00353443064,-0.28041324,0.959878743,-0.00110290339,0.00308336178,0.00204974995,0.999993145],"scale":[1.5,1.5,1.5],"shapeName":"/levels/west_coast_usa/art/shapes/objects/s_chainlink_old.dae","useInstanceRenderData":true}
{"class":"TSStatic","persistentId":"2a30b373-0baa-4d06-a8b3-14c3f3377366","__parent":"entranceFence_canalSide","position":[-745.237854,-166.326355,99.332428],"isRenderEnabled":false,"rotationMatrix":[0.959874392,0.280407935,-0.00353443064,-0.28041324,0.959878743,-0.00110290339,0.00308336178,0.00204974995,0.999993145],"scale":[1.5,1.5,1.5],"shapeName":"/levels/west_coast_usa/art/shapes/objects/s_chainlink_old.dae","useInstanceRenderData":true}
{"class":"TSStatic","persistentId":"9c578923-1139-4135-bddc-88e43fc0ee7e","__parent":"entranceFence_canalSide","position":[-748.208008,-167.194199,99.3433609],"isRenderEnabled":false,"rotationMatrix":[0.959798098,0.280668974,-0.00353473052,-0.280674279,0.959802449,-0.00110194203,0.00308336224,0.00204974995,0.999993145],"scale":[1.5,1.5,1.5],"shapeName":"/levels/west_coast_usa/art/shapes/objects/s_chainlink_old.dae","useInstanceRenderData":true}
{"class":"TSStatic","persistentId":"7d72c103-995a-4d0b-8f76-0f404f323249","__parent":"entranceFence_canalSide","position":[-751.177979,-168.062683,99.3543015],"isRenderEnabled":false,"rotationMatrix":[0.959798098,0.280668974,-0.00353473052,-0.280674279,0.959802449,-0.00110194203,0.00308336224,0.00204974995,0.999993145],"scale":[1.5,1.5,1.5],"shapeName":"/levels/west_coast_usa/art/shapes/objects/s_chainlink_old.dae","useInstanceRenderData":true}
{"class":"TSStatic","persistentId":"e789fd41-6b7e-409b-a262-aeda32bde50b","__parent":"entranceFence_canalSide","position":[-754.147888,-168.931168,99.3652344],"isRenderEnabled":false,"rotationMatrix":[0.959798098,0.280668974,-0.00353473052,-0.280674279,0.959802449,-0.00110194203,0.00308336224,0.00204974995,0.999993145],"scale":[1.5,1.5,1.5],"shapeName":"/levels/west_coast_usa/art/shapes/objects/s_chainlink_old.dae","useInstanceRenderData":true}
{"class":"TSStatic","persistentId":"1d043668-b580-4746-a16c-ccd451c0a21e","__parent":"entranceFence_canalSide","position":[-757.117859,-169.799652,99.3761749],"isRenderEnabled":false,"rotationMatrix":[0.959798098,0.280668974,-0.00353473052,-0.280674279,0.959802449,-0.00110194203,0.00308336224,0.00204974995,0.999993145],"scale":[1.5,1.5,1.5],"shapeName":"/levels/west_coast_usa/art/shapes/objects/s_chainlink_old.dae","useInstanceRenderData":true}
{"class":"TSStatic","persistentId":"e4c40e17-2738-4223-9ea3-f36c538a4048","__parent":"entranceFence_canalSide","position":[-760.087402,-170.669434,99.3871155],"isRenderEnabled":false,"rotationMatrix":[0.959672093,0.281099617,-0.00353522459,-0.281104922,0.959676385,-0.00110035611,0.00308336178,0.00204975018,0.999993145],"scale":[1.5,1.5,1.5],"shapeName":"/levels/west_coast_usa/art/shapes/objects/s_chainlink_old.dae","useInstanceRenderData":true}
{"class":"TSStatic","persistentId":"3cebbca2-18e1-4cfd-9b5b-9f626ce51de2","__parent":"entranceFence_canalSide","position":[-763.057007,-171.539246,99.3980484],"isRenderEnabled":false,"rotationMatrix":[0.959672093,0.281099617,-0.00353522459,-0.281104922,0.959676385,-0.00110035611,0.00308336178,0.00204975018,0.999993145],"scale":[1.5,1.5,1.5],"shapeName":"/levels/west_coast_usa/art/shapes/objects/s_chainlink_old.dae","useInstanceRenderData":true}
{"class":"TSStatic","persistentId":"776c5114-be0e-4e7c-adf8-f4a18dfb08eb","__parent":"entranceFence_canalSide","position":[-766.02655,-172.409073,99.408989],"isRenderEnabled":false,"rotationMatrix":[0.959672093,0.281099617,-0.00353522459,-0.281104922,0.959676385,-0.00110035611,0.00308336178,0.00204975018,0.999993145],"scale":[1.5,1.5,1.5],"shapeName":"/levels/west_coast_usa/art/shapes/objects/s_chainlink_old.dae","useInstanceRenderData":true}
{"class":"TSStatic","persistentId":"b9a45f1c-f6c4-4818-9e27-d405add67e4c","__parent":"entranceFence_canalSide","position":[-768.995667,-173.280472,99.4199295],"isRenderEnabled":false,"rotationMatrix":[0.959484756,0.28173843,-0.00353595614,-0.281743735,0.959489048,-0.00109800231,0.00308336178,0.00204974995,0.999993145],"scale":[1.5,1.5,1.5],"shapeName":"/levels/west_coast_usa/art/shapes/objects/s_chainlink_old.dae","useInstanceRenderData":true}
{"class":"TSStatic","persistentId":"23272f52-80b3-4567-8bbf-ba117245bc7f","__parent":"entranceFence_canalSide","position":[-771.9646,-174.152267,99.4308701],"isRenderEnabled":false,"rotationMatrix":[0.959484756,0.28173843,-0.00353595614,-0.281743735,0.959489048,-0.00109800231,0.00308336178,0.00204974995,0.999993145],"scale":[1.5,1.5,1.5],"shapeName":"/levels/west_coast_usa/art/shapes/objects/s_chainlink_old.dae","useInstanceRenderData":true}
{"class":"TSStatic","persistentId":"74fe22a5-9af4-48f5-99c7-af1ae905e382","__parent":"entranceFence_canalSide","position":[-774.933594,-175.024063,99.4418106],"isRenderEnabled":false,"rotationMatrix":[0.959484756,0.28173843,-0.00353595614,-0.281743735,0.959489048,-0.00109800231,0.00308336178,0.00204974995,0.999993145],"scale":[1.5,1.5,1.5],"shapeName":"/levels/west_coast_usa/art/shapes/objects/s_chainlink_old.dae","useInstanceRenderData":true}
{"class":"TSStatic","persistentId":"38350a5b-4917-4db5-b445-b3322c36b0a0","__parent":"entranceFence_canalSide","position":[-777.901917,-175.898163,99.4527588],"isRenderEnabled":false,"rotationMatrix":[0.959203303,0.282695085,-0.00353704952,-0.28270039,0.959207654,-0.00109447562,0.00308336178,0.00204974995,0.999993145],"scale":[1.5,1.5,1.5],"shapeName":"/levels/west_coast_usa/art/shapes/objects/s_chainlink_old.dae","useInstanceRenderData":true}
{"class":"TSStatic","persistentId":"b87b5da9-9c56-4402-89fb-353ab314ad46","__parent":"entranceFence_canalSide","position":[-780.869995,-176.772919,99.4636993],"isRenderEnabled":false,"rotationMatrix":[0.959203303,0.282695085,-0.00353704952,-0.28270039,0.959207654,-0.00109447562,0.00308336178,0.00204974995,0.999993145],"scale":[1.5,1.5,1.5],"shapeName":"/levels/west_coast_usa/art/shapes/objects/s_chainlink_old.dae","useInstanceRenderData":true}
{"class":"TSStatic","persistentId":"f38dea58-1624-4131-8a80-f58658848b8c","__parent":"entranceFence_canalSide","position":[-783.838074,-177.647766,99.4746475],"isRenderEnabled":false,"rotationMatrix":[0.958758473,0.284200042,-0.00353876268,-0.284205347,0.958762825,-0.00108892343,0.00308336178,0.00204974972,0.999993145],"scale":[1.5,1.5,1.5],"shapeName":"/levels/west_coast_usa/art/shapes/objects/s_chainlink_old.dae","useInstanceRenderData":true}
{"class":"TSStatic","persistentId":"2fe21aaf-0913-441d-acfc-2df4f0b12ae9","__parent":"entranceFence_canalSide","position":[-786.80481,-178.527191,99.4855957],"isRenderEnabled":false,"rotationMatrix":[0.958758473,0.284200042,-0.00353876268,-0.284205347,0.958762825,-0.00108892343,0.00308336178,0.00204974972,0.999993145],"scale":[1.5,1.5,1.5],"shapeName":"/levels/west_coast_usa/art/shapes/objects/s_chainlink_old.dae","useInstanceRenderData":true}
{"class":"TSStatic","persistentId":"2c96646f-f01d-4511-9d62-3496bd2382d2","__parent":"entranceFence_canalSide","position":[-789.771545,-179.406601,99.4965439],"isRenderEnabled":false,"rotationMatrix":[0.958758473,0.284200072,-0.00354020833,-0.284205377,0.958762765,-0.00109379995,0.00308336201,0.00205483614,0.999993145],"scale":[1.5,1.5,1.5],"shapeName":"/levels/west_coast_usa/art/shapes/objects/s_chainlink_old.dae","useInstanceRenderData":true}
{"class":"TSStatic","persistentId":"9d5dc719-771a-413f-80ea-7676d8960b72","__parent":"entranceFence_canalSide","position":[-792.736816,-180.290939,99.5074997],"isRenderEnabled":false,"rotationMatrix":[0.957990348,0.286778688,-0.00353818946,-0.286783993,0.95799464,-0.00108309754,0.00307895709,0.00205229293,0.999993145],"scale":[1.5,1.5,1.5],"shapeName":"/levels/west_coast_usa/art/shapes/objects/s_chainlink_old.dae","useInstanceRenderData":true}
{"class":"TSStatic","persistentId":"f9164b2c-598c-4988-b2f3-9ad656ba411b","__parent":"entranceFence_canalSide","position":[-795.701172,-181.178345,99.5184631],"isRenderEnabled":false,"rotationMatrix":[0.957990289,0.286778688,-0.00354167982,-0.286783993,0.95799464,-0.00107939797,0.00308336201,0.00204974995,0.999993145],"scale":[1.5,1.5,1.5],"shapeName":"/levels/west_coast_usa/art/shapes/objects/s_chainlink_old.dae","useInstanceRenderData":true}
{"class":"TSStatic","persistentId":"f6f57db2-0513-46a3-b482-d8c5c59b7f0c","__parent":"entranceFence_canalSide","position":[-798.665283,-182.066544,99.5294189],"isRenderEnabled":false,"rotationMatrix":[0.957874179,0.287166238,-0.00354211591,-0.287171543,0.95787859,-0.00107796513,0.00308336178,0.00204974995,0.999993145],"scale":[1.5,1.5,1.5],"shapeName":"/levels/west_coast_usa/art/shapes/objects/s_chainlink_old.dae","useInstanceRenderData":true}
{"class":"TSStatic","persistentId":"91cd9119-a58a-48db-b6e5-d6563ae0ef73","__parent":"entranceFence_canalSide","position":[-801.629761,-182.953506,99.5403748],"isRenderEnabled":false,"rotationMatrix":[0.958827138,0.28396821,-0.00353849935,-0.283973515,0.958831489,-0.00108977919,0.00308336201,0.00204974995,0.999993145],"scale":[1.5,1.5,1.5],"shapeName":"/levels/west_coast_usa/art/shapes/objects/s_chainlink_old.dae","useInstanceRenderData":true}
{"class":"TSStatic","persistentId":"d7f2dada-8494-4f8a-873f-aa7af0f636ea","__parent":"entranceFence_canalSide","position":[-804.596741,-183.832199,99.555069],"isRenderEnabled":false,"rotationMatrix":[0.958740592,0.2822088,-0.0342736393,-0.283738792,0.957379699,-0.054003641,0.0175725855,0.0615002438,0.997952342],"scale":[1.5,1.5,1.5],"shapeName":"/levels/west_coast_usa/art/shapes/objects/s_chainlink_old.dae","useInstanceRenderData":true}
{"class":"TSStatic","persistentId":"50d940e1-83e0-46e8-9e25-b7b0e1c8a704","__parent":"entranceFence_canalSide","position":[-807.565613,-184.704361,99.5622711],"isRenderEnabled":false,"rotationMatrix":[0.959345639,0.282211661,-0.00353649748,-0.282216966,0.95934999,-0.00109625817,0.00308336201,0.00204974995,0.999993145],"scale":[1.5,1.5,1.5],"shapeName":"/levels/west_coast_usa/art/shapes/objects/s_chainlink_old.dae","useInstanceRenderData":true}
{"class":"TSStatic","persistentId":"e1590c3e-0147-4b8a-a1db-b78a3d60b2a6","__parent":"entranceFence_canalSide","position":[-810.532288,-185.583893,99.5732193],"isRenderEnabled":false,"rotationMatrix":[0.949824393,0.312763304,-0.00356976292,-0.312768489,0.949828863,-0.000982539728,0.00308336155,0.00204974972,0.999993145],"scale":[1.5,1.5,1.5],"shapeName":"/levels/west_coast_usa/art/shapes/objects/s_chainlink_old.dae","useInstanceRenderData":true}
{"class":"TSStatic","persistentId":"ad4eee70-e930-438e-9904-ffb173d72098","__parent":"entranceFence_canalSide","position":[-813.465149,-186.566742,99.5844498],"isRenderEnabled":false,"rotationMatrix":[0.905455291,0.424424142,-0.00385074969,-0.424429208,0.905460894,-0.000576713297,0.00324193202,0.00215655891,0.99999243],"scale":[1.5,1.5,1.5],"shapeName":"/levels/west_coast_usa/art/shapes/objects/s_chainlink_old.dae","useInstanceRenderData":true}
{"class":"TSStatic","persistentId":"2e49ac61-78dd-407f-b07b-323811190966","__parent":"entranceFence_canalSide","position":[-816.260071,-187.891647,99.596283],"isRenderEnabled":false,"rotationMatrix":[0.883595765,0.468235016,-0.00380590372,-0.468239665,0.883601427,-0.000380645855,0.00318467012,0.00211841241,0.999992669],"scale":[1.5,1.5,1.5],"shapeName":"/levels/west_coast_usa/art/shapes/objects/s_chainlink_old.dae","useInstanceRenderData":true}
{"class":"TSStatic","persistentId":"f997e1f7-54e7-492c-8246-05ed93b7a3cd","__parent":"entranceFence_canalSide","position":[-819.002136,-189.325043,99.6080246],"isRenderEnabled":false,"rotationMatrix":[0.854205132,0.519922316,-0.00378864678,-0.519926488,0.854210973,-0.0001501402,0.00315824244,0.00209806836,0.999992788],"scale":[1.5,1.5,1.5],"shapeName":"/levels/west_coast_usa/art/shapes/objects/s_chainlink_old.dae","useInstanceRenderData":true}
{"class":"TSStatic","persistentId":"ecca8f97-f325-4872-9e3b-3d7a7ebd16cc","__parent":"entranceFence_canalSide","position":[-821.654907,-190.916077,99.6197433],"isRenderEnabled":false,"rotationMatrix":[0.805058837,0.593182862,-0.00378713571,-0.593186557,0.805065036,0.000184347038,0.00315824198,0.00209806813,0.999992788],"scale":[1.5,1.5,1.5],"shapeName":"/levels/west_coast_usa/art/shapes/objects/s_chainlink_old.dae","useInstanceRenderData":true}
{"class":"TSStatic","persistentId":"d3c6d8fb-72fe-440f-9bfa-baf1ef9ddf94","__parent":"entranceFence_canalSide","position":[-824.153625,-192.738419,99.6314697],"isRenderEnabled":false,"rotationMatrix":[0.744439483,0.66767931,-0.0037669153,-0.667682409,0.744446039,0.000549951743,0.00317145651,0.00210569729,0.999992728],"scale":[1.5,1.5,1.5],"shapeName":"/levels/west_coast_usa/art/shapes/objects/s_chainlink_old.dae","useInstanceRenderData":true}
{"class":"TSStatic","persistentId":"ccc87cb2-e1a7-441e-a2a4-c1b27a7d84b2","__parent":"entranceFence_canalSide","position":[-826.459595,-194.799622,99.6431656],"isRenderEnabled":false,"rotationMatrix":[0.689970315,0.723827839,-0.0037685635,-0.723830462,0.689977288,0.000850037613,0.00321550411,0.00214130059,0.999992549],"scale":[1.5,1.5,1.5],"shapeName":"/levels/west_coast_usa/art/shapes/objects/s_chainlink_old.dae","useInstanceRenderData":true}
{"class":"TSStatic","persistentId":"9cfb13f6-8fc5-4d74-ac10-3916fbe86255","__parent":"entranceFence_canalSide","position":[-828.585388,-197.047379,99.6548538],"isRenderEnabled":false,"rotationMatrix":[0.656436682,0.754371583,-0.00379926153,-0.754373968,0.656444073,0.00104985037,0.00328597985,0.00217690365,0.999992251],"scale":[1.5,1.5,1.5],"shapeName":"/levels/west_coast_usa/art/shapes/objects/s_chainlink_old.dae","useInstanceRenderData":true}
{"class":"TSStatic","persistentId":"7b53dbd1-33ac-485a-bc06-8199e21519af","__parent":"entranceFence_canalSide","position":[-830.615784,-199.382339,99.6666718],"isRenderEnabled":false,"rotationMatrix":[0.553041816,0.833145022,-0.00374454213,-0.833146572,0.553049922,0.00158528704,0.00339169241,0.0022430229,0.999991715],"scale":[1.5,1.5,1.5],"shapeName":"/levels/west_coast_usa/art/shapes/objects/s_chainlink_old.dae","useInstanceRenderData":true}
{"class":"TSStatic","persistentId":"fffc1dad-0776-4e23-a618-578e5604a34a","__parent":"entranceFence_canalSide","position":[-832.454834,-201.859436,99.6785583],"isRenderEnabled":false,"rotationMatrix":[0.506294727,0.862352014,-0.00382832019,-0.862353206,0.506303787,0.00187437958,0.00355466781,0.0023523753,0.99999094],"scale":[1.5,1.5,1.5],"shapeName":"/levels/west_coast_usa/art/shapes/objects/s_chainlink_old.dae","useInstanceRenderData":true}
{"class":"TSStatic","persistentId":"74f9e373-8a62-4ea4-8e00-8e4daa58f9ef","__parent":"entranceFence_canalSide","position":[-833.996338,-204.542404,99.6904297],"isRenderEnabled":false,"rotationMatrix":[0.497606397,0.867394388,-0.00383572606,-0.86739558,0.497615516,0.00191281491,0.00356788188,0.00237526302,0.999990821],"scale":[1.5,1.5,1.5],"shapeName":"/levels/west_coast_usa/art/shapes/objects/s_chainlink_old.dae","useInstanceRenderData":true}
{"class":"TSStatic","persistentId":"c6d1a6b8-6f32-4c85-8c2c-da76e8bb898b","__parent":"entranceFence_canalSide","position":[-835.545654,-207.220932,99.7023163],"isRenderEnabled":false,"rotationMatrix":[0.501801372,0.86497432,-0.00384494499,-0.864975512,0.501810491,0.00189421617,0.00356788212,0.00237526302,0.999990821],"scale":[1.5,1.5,1.5],"shapeName":"/levels/west_coast_usa/art/shapes/objects/s_chainlink_old.dae","useInstanceRenderData":true}
{"class":"TSStatic","persistentId":"905fb814-e933-4d5a-b645-156367557c25","__parent":"entranceFence_canalSide","position":[-837.109863,-209.890793,99.7142334],"isRenderEnabled":false,"rotationMatrix":[0.506586194,0.86218071,-0.00385538116,-0.862181902,0.506595314,0.00187288341,0.00356788188,0.00237526302,0.999990821],"scale":[1.5,1.5,1.5],"shapeName":"/levels/west_coast_usa/art/shapes/objects/s_chainlink_old.dae","useInstanceRenderData":true}
{"class":"TSStatic","persistentId":"899a36de-20a9-46d7-b252-bc196c5cf4cd","__parent":"entranceFence_canalSide","position":[-838.683899,-212.55484,99.7261734],"isRenderEnabled":false,"rotationMatrix":[0.511003196,0.859570086,-0.00386494002,-0.859571397,0.511012316,0.00185307779,0.00356788212,0.00237526302,0.999990821],"scale":[1.5,1.5,1.5],"shapeName":"/levels/west_coast_usa/art/shapes/objects/s_chainlink_old.dae","useInstanceRenderData":true}
{"class":"TSStatic","persistentId":"8a85ca4a-699c-4e78-ac4c-4de3beafa52c","__parent":"entranceFence_canalSide","position":[-840.265076,-215.214661,99.7381287],"isRenderEnabled":false,"rotationMatrix":[0.511003196,0.859570086,-0.00386494002,-0.859571397,0.511012316,0.00185307779,0.00356788212,0.00237526302,0.999990821],"scale":[1.5,1.5,1.5],"shapeName":"/levels/west_coast_usa/art/shapes/objects/s_chainlink_old.dae","useInstanceRenderData":true}
{"class":"TSStatic","persistentId":"81a147fe-ad2b-4746-b997-c816f4707b77","__parent":"entranceFence_canalSide","position":[-841.848694,-217.873047,99.7500916],"isRenderEnabled":false,"rotationMatrix":[0.511988759,0.858983457,-0.00386713329,-0.858984768,0.511997819,0.00185372948,0.00357228681,0.00237271981,0.999990821],"scale":[1.5,1.5,1.5],"shapeName":"/levels/west_coast_usa/art/shapes/objects/s_chainlink_old.dae","useInstanceRenderData":true}
{"class":"TSStatic","persistentId":"f7e276ce-17f0-4b62-834d-22c9a4d222c8","__parent":"entranceFence_canalSide","position":[-843.432983,-220.531052,99.7620544],"isRenderEnabled":false,"rotationMatrix":[0.511988759,0.858983457,-0.00386713329,-0.858984768,0.511997819,0.00185372948,0.00357228681,0.00237271981,0.999990821],"scale":[1.5,1.5,1.5],"shapeName":"/levels/west_coast_usa/art/shapes/objects/s_chainlink_old.dae","useInstanceRenderData":true}
{"class":"TSStatic","persistentId":"eac3f95d-f3b4-48fa-a8ab-6424bbc0382c","__parent":"entranceFence_canalSide","position":[-845.01532,-223.190186,99.7740097],"isRenderEnabled":false,"rotationMatrix":[0.510756969,0.859716475,-0.0038644087,-0.859717786,0.510766029,0.00185418478,0.00356788212,0.00237526302,0.999990821],"scale":[1.5,1.5,1.5],"shapeName":"/levels/west_coast_usa/art/shapes/objects/s_chainlink_old.dae","useInstanceRenderData":true}
{"class":"TSStatic","persistentId":"1f5ac6d0-05b8-4cca-83de-ace641f6bd11","__parent":"entranceFence_canalSide","position":[-846.595764,-225.850433,99.785965],"isRenderEnabled":false,"rotationMatrix":[0.510756969,0.859716475,-0.0038644087,-0.859717786,0.510766029,0.00185418478,0.00356788212,0.00237526302,0.999990821],"scale":[1.5,1.5,1.5],"shapeName":"/levels/west_coast_usa/art/shapes/objects/s_chainlink_old.dae","useInstanceRenderData":true}
{"class":"TSStatic","persistentId":"e76ce6e1-547f-44ba-a65b-45f105d377c3","__parent":"entranceFence_canalSide","position":[-848.176208,-228.510696,99.7979202],"isRenderEnabled":false,"rotationMatrix":[0.510756969,0.859716475,-0.00386447227,-0.859717786,0.510766029,0.0018592705,0.00357228657,0.00237271981,0.999990821],"scale":[1.5,1.5,1.5],"shapeName":"/levels/west_coast_usa/art/shapes/objects/s_chainlink_old.dae","useInstanceRenderData":true}
{"class":"TSStatic","persistentId":"a826d6fe-49bb-4a20-88ec-86d3ae74f981","__parent":"entranceFence_canalSide","position":[-849.755432,-231.171738,99.8098755],"isRenderEnabled":false,"rotationMatrix":[0.510068178,0.860125244,-0.00385854766,-0.860126555,0.510077298,0.001859874,0.00356788188,0.00237017684,0.999990821],"scale":[1.5,1.5,1.5],"shapeName":"/levels/west_coast_usa/art/shapes/objects/s_chainlink_old.dae","useInstanceRenderData":true}
{"class":"TSStatic","persistentId":"4023782a-3fb2-4244-8ce3-5f9d5094d285","__parent":"entranceFence_canalSide","position":[-851.33374,-233.833252,99.8218231],"isRenderEnabled":false,"rotationMatrix":[0.510068178,0.860125244,-0.00385854766,-0.860126555,0.510077298,0.001859874,0.00356788188,0.00237017684,0.999990821],"scale":[1.5,1.5,1.5],"shapeName":"/levels/west_coast_usa/art/shapes/objects/s_chainlink_old.dae","useInstanceRenderData":true}
{"class":"TSStatic","persistentId":"4f53fb53-d138-412b-a042-faa71bebb346","__parent":"entranceFence_canalSide","position":[-852.912048,-236.494781,99.8337708],"isRenderEnabled":false,"rotationMatrix":[0.510068178,0.860125244,-0.00386298145,-0.860126555,0.510077298,0.00186236529,0.00357228634,0.00237271981,0.999990821],"scale":[1.5,1.5,1.5],"shapeName":"/levels/west_coast_usa/art/shapes/objects/s_chainlink_old.dae","useInstanceRenderData":true}
{"class":"TSStatic","persistentId":"eb3ee6f9-1c26-4f61-a946-9b26e101c6f9","__parent":"entranceFence_canalSide","position":[-854.490112,-239.156494,99.8457184],"isRenderEnabled":false,"rotationMatrix":[0.509650171,0.860372961,-0.00386201916,-0.860374272,0.50965929,0.0018591563,0.00356788188,0.00237526302,0.999990821],"scale":[1.5,1.5,1.5],"shapeName":"/levels/west_coast_usa/art/shapes/objects/s_chainlink_old.dae","useInstanceRenderData":true}
{"class":"TSStatic","persistentId":"008546b1-18a3-482d-be80-4ae5a72e4f1c","__parent":"entranceFence_canalSide","position":[-856.067139,-241.818787,99.857666],"isRenderEnabled":false,"rotationMatrix":[0.509650171,0.860372961,-0.00386207597,-0.860374272,0.50965929,0.00186424202,0.00357228657,0.00237271981,0.999990821],"scale":[1.5,1.5,1.5],"shapeName":"/levels/west_coast_usa/art/shapes/objects/s_chainlink_old.dae","useInstanceRenderData":true}
{"class":"TSStatic","persistentId":"fe02d768-5596-4569-bb4b-8e334870bbff","__parent":"entranceFence_canalSide","position":[-857.644165,-244.481079,99.8696136],"isRenderEnabled":false,"rotationMatrix":[0.509650171,0.860372961,-0.00386207597,-0.860374272,0.50965929,0.00186424202,0.00357228657,0.00237271981,0.999990821],"scale":[1.5,1.5,1.5],"shapeName":"/levels/west_coast_usa/art/shapes/objects/s_chainlink_old.dae","useInstanceRenderData":true}
{"class":"TSStatic","persistentId":"7ea5658c-703b-4276-9fa1-7ac0f754ee24","__parent":"entranceFence_canalSide","position":[-859.221191,-247.143372,99.8815613],"isRenderEnabled":false,"rotationMatrix":[0.50965023,0.86037308,-0.00385764358,-0.860374272,0.50965929,0.0018617484,0.00356788212,0.00237017684,0.999990821],"scale":[1.5,1.5,1.5],"shapeName":"/levels/west_coast_usa/art/shapes/objects/s_chainlink_old.dae","useInstanceRenderData":true}
{"class":"TSStatic","persistentId":"6f332909-97b5-41a1-a844-352c23eae6be","__parent":"entranceFence_canalSide","position":[-860.797791,-249.805923,99.8935089],"isRenderEnabled":false,"rotationMatrix":[0.509368896,0.860539615,-0.00386141147,-0.860540926,0.509377956,0.00186041859,0.00356788188,0.00237526302,0.999990821],"scale":[1.5,1.5,1.5],"shapeName":"/levels/west_coast_usa/art/shapes/objects/s_chainlink_old.dae","useInstanceRenderData":true}
{"class":"TSStatic","persistentId":"b6ca5ced-efe2-4447-b9b1-038cea2129ed","__parent":"entranceFence_canalSide","position":[-862.373962,-252.468735,99.9054489],"isRenderEnabled":false,"rotationMatrix":[0.509368896,0.860539675,-0.00386146689,-0.860540867,0.509377956,0.00186550454,0.00357228704,0.00237272005,0.999990821],"scale":[1.5,1.5,1.5],"shapeName":"/levels/west_coast_usa/art/shapes/objects/s_chainlink_old.dae","useInstanceRenderData":true}
{"class":"TSStatic","persistentId":"0aef8852-0aea-4db7-a7d8-dc1d9ff60ee1","__parent":"entranceFence_canalSide","position":[-863.950134,-255.131546,99.9173965],"isRenderEnabled":false,"rotationMatrix":[0.509368896,0.860539675,-0.00385703496,-0.860540867,0.509377956,0.00186300953,0.00356788212,0.00237017707,0.999990821],"scale":[1.5,1.5,1.5],"shapeName":"/levels/west_coast_usa/art/shapes/objects/s_chainlink_old.dae","useInstanceRenderData":true}
{"class":"TSStatic","persistentId":"9d8c8b77-5914-4a90-b607-a4426b8cec84","__parent":"entranceFence_canalSide","position":[-865.526245,-257.794342,99.9293365],"isRenderEnabled":false,"rotationMatrix":[0.509368896,0.860539675,-0.00386146689,-0.860540867,0.509377956,0.00186550454,0.00357228704,0.00237272005,0.999990821],"scale":[1.5,1.5,1.5],"shapeName":"/levels/west_coast_usa/art/shapes/objects/s_chainlink_old.dae","useInstanceRenderData":true}
{"class":"TSStatic","persistentId":"0505def4-2e26-44e8-96b2-b3ae898c806d","__parent":"entranceFence_canalSide","position":[-867.102051,-260.457397,99.9412842],"isRenderEnabled":false,"rotationMatrix":[0.509174824,0.860654473,-0.00386104546,-0.860655665,0.509183884,0.00186637521,0.00357228657,0.00237271981,0.999990821],"scale":[1.5,1.5,1.5],"shapeName":"/levels/west_coast_usa/art/shapes/objects/s_chainlink_old.dae","useInstanceRenderData":true}
{"class":"TSStatic","persistentId":"6551613e-37d1-4480-b48a-df7823433fba","__parent":"entranceFence_canalSide","position":[-868.677612,-263.120544,99.9532242],"isRenderEnabled":false,"rotationMatrix":[0.509174824,0.860654473,-0.00386104546,-0.860655665,0.509183884,0.00186637521,0.00357228657,0.00237271981,0.999990821],"scale":[1.5,1.5,1.5],"shapeName":"/levels/west_coast_usa/art/shapes/objects/s_chainlink_old.dae","useInstanceRenderData":true}
{"class":"TSStatic","persistentId":"1b63e97a-6ab3-4e40-94b6-82f38c87034d","__parent":"entranceFence_canalSide","position":[-870.253174,-265.783722,99.9651718],"isRenderEnabled":false,"rotationMatrix":[0.509174824,0.860654473,-0.00385661423,-0.860655665,0.509183884,0.00186387927,0.00356788188,0.00237017684,0.999990821],"scale":[1.5,1.5,1.5],"shapeName":"/levels/west_coast_usa/art/shapes/objects/s_chainlink_old.dae","useInstanceRenderData":true}
{"class":"TSStatic","persistentId":"a7b13dca-2658-4aca-ba16-6aa2280ea788","__parent":"entranceFence_canalSide","position":[-871.828735,-268.446869,99.9771118],"isRenderEnabled":false,"rotationMatrix":[0.509174824,0.860654473,-0.00386104546,-0.860655665,0.509183884,0.00186637521,0.00357228657,0.00237271981,0.999990821],"scale":[1.5,1.5,1.5],"shapeName":"/levels/west_coast_usa/art/shapes/objects/s_chainlink_old.dae","useInstanceRenderData":true}
{"class":"TSStatic","persistentId":"70b513eb-3f8a-4e00-a1cb-2b355b4a8c06","__parent":"entranceFence_canalSide","position":[-873.404053,-271.110199,99.9890594],"isRenderEnabled":false,"rotationMatrix":[0.509048581,0.860729158,-0.00385634089,-0.86073035,0.509057701,0.00186444493,0.00356788188,0.00237017684,0.999990821],"scale":[1.5,1.5,1.5],"shapeName":"/levels/west_coast_usa/art/shapes/objects/s_chainlink_old.dae","useInstanceRenderData":true}
{"class":"TSStatic","persistentId":"d75bfe96-0cdb-41a2-a17e-3974e6fac72f","__parent":"entranceFence_canalSide","position":[-874.979248,-273.77359,100.000999],"isRenderEnabled":false,"rotationMatrix":[0.509048581,0.860729158,-0.00386077212,-0.86073035,0.509057701,0.00186694134,0.00357228657,0.00237271981,0.999990821],"scale":[1.5,1.5,1.5],"shapeName":"/levels/west_coast_usa/art/shapes/objects/s_chainlink_old.dae","useInstanceRenderData":true}
{"class":"TSStatic","persistentId":"9d573599-3297-4bc5-afb0-4531efcb8aaa","__parent":"entranceFence_canalSide","position":[-876.554382,-276.436981,100.012939],"isRenderEnabled":false,"rotationMatrix":[0.509048581,0.860729158,-0.00386077212,-0.86073035,0.509057701,0.00186694134,0.00357228657,0.00237271981,0.999990821],"scale":[1.5,1.5,1.5],"shapeName":"/levels/west_coast_usa/art/shapes/objects/s_chainlink_old.dae","useInstanceRenderData":true}
{"class":"TSStatic","persistentId":"abbf6e36-aaa3-4f55-99ec-c438869b44d8","__parent":"entranceFence_canalSide","position":[-878.129578,-279.100372,100.024887],"isRenderEnabled":false,"rotationMatrix":[0.509048581,0.860729158,-0.00385634089,-0.86073035,0.509057701,0.00186444493,0.00356788188,0.00237017684,0.999990821],"scale":[1.5,1.5,1.5],"shapeName":"/levels/west_coast_usa/art/shapes/objects/s_chainlink_old.dae","useInstanceRenderData":true}
{"class":"TSStatic","persistentId":"87e69a21-19e1-4b5d-b2c8-6fd684dd518a","__parent":"entranceFence_canalSide","position":[-879.70459,-281.763885,100.036827],"isRenderEnabled":false,"rotationMatrix":[0.508983493,0.860767663,-0.00386063103,-0.860768855,0.508992612,0.00186723366,0.00357228704,0.00237271981,0.999990821],"scale":[1.5,1.5,1.5],"shapeName":"/levels/west_coast_usa/art/shapes/objects/s_chainlink_old.dae","useInstanceRenderData":true}
{"class":"TSStatic","persistentId":"dc67f7fc-f1a4-4e13-956e-ed17c87e760c","__parent":"entranceFence_canalSide","position":[-881.279541,-284.427399,100.048767],"isRenderEnabled":false,"rotationMatrix":[0.508983493,0.860767663,-0.00386063103,-0.860768855,0.508992612,0.00186723366,0.00357228704,0.00237271981,0.999990821],"scale":[1.5,1.5,1.5],"shapeName":"/levels/west_coast_usa/art/shapes/objects/s_chainlink_old.dae","useInstanceRenderData":true}
{"class":"TSStatic","persistentId":"0de92a5e-d452-4aa0-8530-bd1c8cb92387","__parent":"entranceFence_canalSide","position":[-882.854492,-287.090912,100.060707],"isRenderEnabled":false,"rotationMatrix":[0.508983433,0.860767663,-0.00386057817,-0.860768974,0.508992553,0.00186214782,0.00356788212,0.00237526326,0.999990821],"scale":[1.5,1.5,1.5],"shapeName":"/levels/west_coast_usa/art/shapes/objects/s_chainlink_old.dae","useInstanceRenderData":true}
{"class":"TSStatic","persistentId":"71747759-39c1-4e82-ba47-eb1986df9487","__parent":"entranceFence_canalSide","position":[-884.429504,-289.754425,100.072655],"isRenderEnabled":false,"rotationMatrix":[0.508970499,0.860775411,-0.00385617162,-0.860776603,0.508979559,0.00186479487,0.00356788212,0.0023701766,0.999990821],"scale":[1.5,1.5,1.5],"shapeName":"/levels/west_coast_usa/art/shapes/objects/s_chainlink_old.dae","useInstanceRenderData":true}
{"class":"TSStatic","persistentId":"a2d3f658-56ae-42c6-a565-a0505488dcae","__parent":"entranceFence_canalSide","position":[-886.004395,-292.417969,100.084595],"isRenderEnabled":false,"rotationMatrix":[0.508970439,0.860775411,-0.00386060285,-0.860776603,0.508979559,0.00186729222,0.00357228681,0.00237272005,0.999990821],"scale":[1.5,1.5,1.5],"shapeName":"/levels/west_coast_usa/art/shapes/objects/s_chainlink_old.dae","useInstanceRenderData":true}
