{"class":"TSStatic","persistentId":"05d25aef-e217-4ed5-bee3-422b5eb4f672","__parent":"reduction_mill","position":[-658.247742,503.779297,270.970459],"annotation":"OBSTACLES","isRenderEnabled":false,"rotationMatrix":[-0.991847873,0.127419233,-0.000410399516,-0.127417251,-0.991803467,0.0094674211,0.000799301721,0.00944252405,0.999955356],"scale":[1.60605431,1.60605431,1.21062243],"shapeName":"/levels/utah/art/shapes/buildings/ut_debris_b.DAE"}
{"class":"TSStatic","persistentId":"0ddb282a-7bb7-4734-9bb6-36398e37017e","__parent":"reduction_mill","position":[-660.590454,493.650574,274.091797],"annotation":"OBSTACLES","isRenderEnabled":false,"rotationMatrix":[0.0514240488,-0.997221053,0.0539127141,0.998162687,0.0530554876,0.0292771701,-0.0320560932,0.0523080602,0.998117745],"scale":[1.69444668,1.69444668,1],"shapeName":"/levels/utah/art/shapes/buildings/ut_debris_a.DAE"}
{"class":"TSStatic","persistentId":"11952fa3-57d5-4d2c-aff9-d1d61b1f3e44","__parent":"reduction_mill","position":[-644.45752,519.622375,259.341003],"annotation":"OBSTACLES","isRenderEnabled":false,"rotationMatrix":[0.312655985,0.946648896,-0.0780614838,-0.949446261,0.31389758,0.00383667671,0.0281347595,0.0729157254,0.996939361],"scale":[1.70761025,1.70761025,1.63506043],"shapeName":"/levels/utah/art/shapes/buildings/ut_debris_b.DAE"}
{"class":"TSStatic","persistentId":"125b2b03-70d5-4e9c-9184-cea2b5e2d02b","__parent":"reduction_mill","position":[-656.687988,507.156738,267.450348],"annotation":"OBSTACLES","isRenderEnabled":false,"rotationMatrix":[0.1251169,0.992141247,-0.000410406094,-0.992096484,0.125115484,0.00946741085,0.00944436062,-0.000777371344,0.999955356],"scale":[1.60605431,1.60605431,1.60605431],"shapeName":"/levels/utah/art/shapes/buildings/ut_debris_b.DAE"}
{"class":"TSStatic","persistentId":"14e36e36-d48a-4c75-a8a4-db47926694f4","__parent":"reduction_mill","position":[-668.159119,500.064117,267.450348],"annotation":"OBSTACLES","isRenderEnabled":false,"rotationMatrix":[-0.149352014,0.988783479,-0.000410408626,-0.988739789,-0.149341136,0.00946740992,0.00929993112,0.00181976263,0.999955356],"scale":[1.60605431,1.60605431,1.60605431],"shapeName":"/levels/utah/art/shapes/buildings/ut_debris_b.DAE"}
{"class":"TSStatic","persistentId":"1b4fa535-6e52-4375-9e09-9e0f440bfa69","__parent":"reduction_mill","position":[-674.653625,492.953766,274.223053],"annotation":"OBSTACLES","isRenderEnabled":false,"rotationMatrix":[1,0,0,0,0.995582938,-0.0938853323,0,0.0938853323,0.995582938],"scale":[1.69444668,1.69444668,1],"shapeName":"/levels/utah/art/shapes/buildings/ut_debris_a.DAE"}
{"class":"TSStatic","persistentId":"1f3b7fd4-5ec0-4100-a61b-ccc1e2983475","__parent":"reduction_mill","position":[-617.874939,490.686859,274.520294],"annotation":"OBSTACLES","isRenderEnabled":false,"rotationMatrix":[0.999821246,0.0187148787,-0.00225555105,-0.0188412331,0.995891035,-0.0885686278,0.000588729919,0.0885952935,0.996067584],"scale":[2.07164979,2.07164979,1.67621768],"shapeName":"/levels/utah/art/shapes/buildings/ut_debris_b.DAE"}
{"class":"TSStatic","persistentId":"3e4d9260-9f92-4993-80ba-f416b681f4d9","__parent":"reduction_mill","position":[-661.610962,507.52594,267.450348],"annotation":"OBSTACLES","isRenderEnabled":false,"rotationMatrix":[-0.0433070809,-0.999061525,-0.000410409411,0.999016702,-0.043309018,0.00946740527,-0.0094762966,2.61774102e-10,0.999955237],"scale":[1.36833787,1.36833787,1.36833787],"shapeName":"/levels/utah/art/shapes/buildings/ut_debris_b.DAE"}
{"class":"TSStatic","persistentId":"3e565bdb-a699-409f-bd51-20e80a7cbbdd","__parent":"reduction_mill","position":[-662.856689,499.19696,270.911316],"annotation":"OBSTACLES","isRenderEnabled":false,"scale":[2.20907235,2.20907235,1],"shapeName":"/levels/utah/art/shapes/buildings/ut_debris_a.DAE"}
{"class":"TSStatic","persistentId":"3e9408b1-ba7c-40b0-a93e-b0cd29a40b71","__parent":"reduction_mill","position":[-659.154968,523.875061,258.513702],"annotation":"OBSTACLES","isRenderEnabled":false,"rotationMatrix":[-0.0114975618,0.938210309,-0.345867991,-0.998192072,0.00962251052,0.0592803843,0.0589450002,0.345925272,0.936405897],"scale":[1.70761025,1.70761025,2.24406266],"shapeName":"/levels/utah/art/shapes/buildings/ut_debris_b.DAE"}
{"class":"TSStatic","persistentId":"48a5e596-04ae-42ed-9b03-70f284e8a16e","__parent":"reduction_mill","position":[-613.957031,491.125916,274.427246],"annotation":"OBSTACLES","isRenderEnabled":false,"rotationMatrix":[-0.736621618,0.674540222,-0.0488127209,-0.67544359,-0.730126083,0.103394389,0.0341041759,0.109132633,0.993441999],"scale":[2.07164979,2.07164979,1.67621768],"shapeName":"/levels/utah/art/shapes/buildings/ut_debris_b.DAE"}
{"class":"TSStatic","persistentId":"4a7bf245-9df0-41db-bf33-7b3c51471fe3","__parent":"reduction_mill","position":[-635.507507,514.202087,263.563934],"annotation":"OBSTACLES","isRenderEnabled":false,"rotationMatrix":[-0.0566886887,-0.964287221,0.258714616,0.998056352,-0.0614483207,-0.0103409877,0.0258694421,0.25762549,0.965898633],"scale":[1.83605027,1.83605027,1.11245787],"shapeName":"/levels/utah/art/shapes/buildings/ut_debris_b.DAE"}
{"class":"TSStatic","persistentId":"4dc3fdc8-2634-4b45-9083-b622785c61f7","__parent":"reduction_mill","position":[-642.103943,521.72876,259.017548],"annotation":"OBSTACLES","isRenderEnabled":false,"rotationMatrix":[-0.449659586,-0.881769836,0.142429709,0.889252603,-0.456917673,-0.0213050283,0.0838648528,0.11707592,0.989575982],"scale":[1.32846248,1.32846248,1.2141062],"shapeName":"/levels/utah/art/shapes/buildings/ut_debris_a.DAE"}
{"class":"TSStatic","persistentId":"5a305758-01c2-4851-a4f1-23a9d74f5617","__parent":"reduction_mill","position":[-659.491028,499.921997,270.876892],"annotation":"OBSTACLES","isRenderEnabled":false,"scale":[2.20907235,2.20907235,1],"shapeName":"/levels/utah/art/shapes/buildings/ut_debris_a.DAE"}
{"class":"TSStatic","persistentId":"6771e07b-1d30-4a94-a298-df552781bc81","__parent":"reduction_mill","position":[-662.923523,520.752441,258.728943],"annotation":"OBSTACLES","isRenderEnabled":false,"rotationMatrix":[0.227179721,-0.970157981,-0.0847425908,0.973067164,0.22264348,0.0597103909,-0.0390609354,-0.0960251242,0.994610786],"scale":[1.70761025,1.70761025,2.24406266],"shapeName":"/levels/utah/art/shapes/buildings/ut_debris_b.DAE"}
{"class":"TSStatic","persistentId":"7616cce6-8e22-4b8b-8eef-fb185262d561","__parent":"reduction_mill","position":[-631.42395,503.063232,267.243011],"annotation":"OBSTACLES","isRenderEnabled":false,"rotationMatrix":[-0.836209714,0.54840982,-0.00041038249,-0.548387468,-0.836169481,0.0094674062,0.00484886765,0.0081417812,0.999955356],"scale":[2.03377485,2.03377485,2.39279985],"shapeName":"/levels/utah/art/shapes/buildings/ut_debris_b.DAE"}
{"class":"TSStatic","persistentId":"7763ca1a-e8af-48f5-a96e-eb3217603174","__parent":"reduction_mill","position":[-660.742554,509.975952,264.051331],"annotation":"OBSTACLES","isRenderEnabled":false,"rotationMatrix":[0.942298234,0.0948856324,-0.321046323,-0.174310952,0.957802057,-0.228536338,0.285814136,0.271310836,0.919076562],"scale":[1.60605431,1.60605431,1.21062243],"shapeName":"/levels/utah/art/shapes/buildings/ut_debris_b.DAE"}
{"class":"TSStatic","persistentId":"797ad879-afbc-4815-9717-7f5450b3be88","__parent":"reduction_mill","position":[-654.146057,522.812866,258.513702],"annotation":"OBSTACLES","isRenderEnabled":false,"rotationMatrix":[0.023907125,0.938210249,-0.345232159,-0.999024093,0.00962252356,-0.0430359766,-0.037055552,0.345925301,0.937527359],"scale":[1.70761025,1.70761025,2.24406266],"shapeName":"/levels/utah/art/shapes/buildings/ut_debris_b.DAE"}
{"class":"TSStatic","persistentId":"7ad42ba2-e38c-446c-9148-396d98ff2274","__parent":"reduction_mill","position":[-629.394714,495.107452,274.582306],"annotation":"OBSTACLES","isRenderEnabled":false,"rotationMatrix":[0.119031079,0.940321743,-0.318788677,-0.945770025,0.00964434259,-0.324690968,-0.302239448,0.340149015,0.890478075],"scale":[1.74177897,1.74177897,1.74177897],"shapeName":"/levels/utah/art/shapes/buildings/ut_debris_b.DAE"}
{"class":"TSStatic","persistentId":"7ce7ef73-b513-4c78-b9cc-4756d0f0cac8","__parent":"reduction_mill","position":[-669.299866,503.654297,267.375153],"annotation":"OBSTACLES","isRenderEnabled":false,"rotationMatrix":[-0.986706436,-0.14161174,-0.0797353685,0.137247264,-0.988848329,0.0578157976,-0.0870335698,0.0461037308,0.99513799],"scale":[1.98962939,1.98962939,1.75012803],"shapeName":"/levels/utah/art/shapes/buildings/ut_debris_b.DAE"}
{"class":"TSStatic","persistentId":"7d7060b8-da4a-4836-ab3b-eb477a86259d","__parent":"reduction_mill","position":[-646.82489,521.851624,259.086426],"annotation":"OBSTACLES","isRenderEnabled":false,"rotationMatrix":[0.00921306666,0.999949813,-0.00305469404,-0.999544561,0.00929845218,0.0286150668,0.028641602,0.00278965873,0.999584079],"scale":[1.70761025,1.70761025,1.63506043],"shapeName":"/levels/utah/art/shapes/buildings/ut_debris_b.DAE"}
{"class":"TSStatic","persistentId":"834dda5a-d85b-476b-ae76-b42f9b3a959e","__parent":"reduction_mill","position":[-642.114563,518.496582,259.706909],"annotation":"OBSTACLES","isRenderEnabled":false,"rotationMatrix":[1,0,0,0,0.964180768,-0.265245616,0,0.265245616,0.964180768],"scale":[1.69444668,1.69444668,0.782415867],"shapeName":"/levels/utah/art/shapes/buildings/ut_debris_a.DAE"}
{"class":"TSStatic","persistentId":"85d9c27f-9c6c-4a1a-bf4a-ebcd3a3c8e8d","__parent":"reduction_mill","position":[-647.503418,523.699097,258.518646],"annotation":"OBSTACLES","isRenderEnabled":false,"rotationMatrix":[-0.0208331961,-0.981389463,0.190885901,0.999369979,-0.0149676185,0.0321263224,-0.0286721475,0.191435382,0.981084585],"scale":[1.70761025,1.70761025,1.32861388],"shapeName":"/levels/utah/art/shapes/buildings/ut_debris_b.DAE"}
{"class":"TSStatic","persistentId":"95439718-82f9-4450-906a-5e6a47039d94","__parent":"reduction_mill","position":[-664.137878,504.565735,267.450348],"annotation":"OBSTACLES","isRenderEnabled":false,"rotationMatrix":[-0.920256555,0.391314864,-0.000410410838,-0.391300917,-0.920213342,0.00946741365,0.00332707609,0.00887303706,0.999955356],"scale":[2.07269001,2.07269001,1.60605431],"shapeName":"/levels/utah/art/shapes/buildings/ut_debris_b.DAE"}
{"class":"TSStatic","persistentId":"95d6aac8-888c-4de8-82a7-c04bc5f74d8a","__parent":"reduction_mill","position":[-634.056458,526.029724,256.127106],"annotation":"OBSTACLES","isRenderEnabled":false,"rotationMatrix":[0.119936422,0.988465667,-0.0924741626,-0.992561281,0.117421925,-0.0322070792,-0.0209773239,0.0956490263,0.995194495],"scale":[2.03377485,2.03377485,0.684569001],"shapeName":"/levels/utah/art/shapes/buildings/ut_debris_b.DAE"}
{"class":"TSStatic","persistentId":"9baef7da-dcd1-4a61-8da6-2add64276da6","__parent":"reduction_mill","position":[-674.131775,521.304932,259.017548],"annotation":"OBSTACLES","isRenderEnabled":false,"rotationMatrix":[0.999454081,0,-0.0330384299,0,1,0,0.0330384299,0,0.999454081],"scale":[1.2305398,1.2305398,1],"shapeName":"/levels/utah/art/shapes/buildings/ut_debris_a.DAE"}
{"class":"TSStatic","persistentId":"a9267a06-7db6-4fac-83e9-a510381304b6","__parent":"reduction_mill","position":[-638.446655,522.346497,256.678436],"annotation":"OBSTACLES","isRenderEnabled":false,"rotationMatrix":[0.812961817,0.582316518,-0.000410346373,-0.582288384,0.812928438,0.00946736895,0.00584659493,-0.00745764887,0.999955356],"scale":[2.03377485,2.03377485,0.684569001],"shapeName":"/levels/utah/art/shapes/buildings/ut_debris_b.DAE"}
{"class":"TSStatic","persistentId":"a96bf469-1475-4fcb-a634-b8c36a4c86ce","__parent":"reduction_mill","position":[-667.644348,498.887939,267.923279],"annotation":"OBSTACLES","isRenderEnabled":false,"rotationMatrix":[0.28456673,-0.923405111,0.257572114,0.955177784,0.295974255,0.005794161,-0.0815850794,0.244378269,0.966242075],"scale":[1.60605431,1.60605431,1.60605431],"shapeName":"/levels/utah/art/shapes/buildings/ut_debris_b.DAE"}
{"class":"TSStatic","persistentId":"b3da8db0-bbee-419d-a746-e271f059ab71","__parent":"reduction_mill","position":[-665.548401,504.403839,270.979553],"annotation":"OBSTACLES","isRenderEnabled":false,"rotationMatrix":[0.43015784,-0.902753949,0,0.902753949,0.43015784,0,0,0,1],"scale":[1.36833787,1.36833787,1.36833787],"shapeName":"/levels/utah/art/shapes/buildings/ut_debris_b.DAE"}
{"class":"TSStatic","persistentId":"b77cfa52-7c8a-423b-9c6d-b2251fa4db2e","__parent":"reduction_mill","position":[-664.906433,499.195557,271.387939],"annotation":"OBSTACLES","isRenderEnabled":false,"rotationMatrix":[0.329769611,-0.943780839,-0.0230160747,0.941490591,0.33057186,-0.0657107681,0.06962502,-3.25913252e-09,0.997573316],"scale":[1.69444668,1.69444668,1],"shapeName":"/levels/utah/art/shapes/buildings/ut_debris_a.DAE"}
{"class":"TSStatic","persistentId":"c765bd23-28fa-4006-bca4-d103bc353b65","__parent":"reduction_mill","position":[-643.190063,505.227966,267.326355],"annotation":"OBSTACLES","isRenderEnabled":false,"rotationMatrix":[0.634540081,0.772887707,-0.000410396431,-0.772851586,0.634515643,0.00946738943,0.00757764652,-0.00569026265,0.999955356],"scale":[2.03377485,2.03377485,2.39279985],"shapeName":"/levels/utah/art/shapes/buildings/ut_debris_b.DAE"}
{"class":"TSStatic","persistentId":"ccd21f73-8ff1-4712-affd-27835bcb2cd4","__parent":"reduction_mill","position":[-651.083435,514.59491,263.237793],"annotation":"OBSTACLES","isRenderEnabled":false,"rotationMatrix":[-0.97714597,0.17286393,-0.123712227,-0.20495744,-0.920523882,0.332608968,-0.0563838482,0.350362927,0.934915781],"scale":[1.69444668,1.69444668,1],"shapeName":"/levels/utah/art/shapes/buildings/ut_debris_a.DAE"}
{"class":"TSStatic","persistentId":"d9678e5f-bd1c-4d68-aff2-4bf0db323c42","__parent":"reduction_mill","position":[-665.4646,501.058868,271.241119],"annotation":"OBSTACLES","isRenderEnabled":false,"rotationMatrix":[0.372923076,0.925351441,0.0682156458,-0.92785877,0.371697545,0.0303323008,0.00271239551,-0.074606128,0.997209251],"scale":[1.69444668,1.69444668,1],"shapeName":"/levels/utah/art/shapes/buildings/ut_debris_a.DAE"}
{"class":"TSStatic","persistentId":"e376c584-bead-4b57-bb30-b13271c87992","__parent":"reduction_mill","position":[-659.259338,505.741821,270.943207],"annotation":"OBSTACLES","isRenderEnabled":false,"rotationMatrix":[0.996668875,0.0815433413,-0.000410389679,-0.0815359876,0.996624827,0.00946739968,0.00118101691,-0.00940240268,0.999955356],"scale":[1.60605431,1.60605431,1.21062243],"shapeName":"/levels/utah/art/shapes/buildings/ut_debris_b.DAE"}
{"class":"TSStatic","persistentId":"eef14929-bfd6-4e6d-9152-c6b44420f004","__parent":"reduction_mill","position":[-641.924011,513.938354,263.556],"annotation":"OBSTACLES","isRenderEnabled":false,"rotationMatrix":[0.14526476,0.943746984,-0.297045261,-0.989389837,0.13919726,-0.0415982865,0.00208953046,0.299936354,0.95395726],"scale":[1.60605431,1.60605431,0.902593911],"shapeName":"/levels/utah/art/shapes/buildings/ut_debris_b.DAE"}
{"class":"TSStatic","persistentId":"f213a2e5-10f9-47fb-ae66-06c329a037e5","__parent":"reduction_mill","position":[-632.084473,500.537689,267.488892],"annotation":"OBSTACLES","isRenderEnabled":false,"rotationMatrix":[0.895111024,0.445841759,-0.000410398294,-0.445818841,0.895072758,0.00946741458,0.00458830968,-0.0082914168,0.999955356],"scale":[2.03377485,2.03377485,2.39279985],"shapeName":"/levels/utah/art/shapes/buildings/ut_debris_b.DAE"}
{"class":"TSStatic","persistentId":"f55170f5-3386-40be-8d03-c15b433164dd","__parent":"reduction_mill","position":[-647.869019,510.449005,266.837006],"annotation":"BUILDINGS","isRenderEnabled":false,"shapeName":"/levels/Utah/art/shapes/buildings/ut_reduction_mill.DAE"}
