{"class":"TSStatic","persistentId":"497184db-892f-4584-bd08-6b93d45248d1","__parent":"funnel_precast_wall","position":[-639.549438,-31.3511581,101.955994],"isRenderEnabled":false,"rotationMatrix":[0.707106709,-0.707106829,8.01393457e-14,0.707106829,0.707106709,-1.00291872e-13,1.42500147e-14,1.27584141e-13,1],"scale":[1.39999998,1.39999998,1.39999998],"shapeName":"/art/shapes/objects/s_precast_block.dae","useInstanceRenderData":true}
{"class":"TSStatic","persistentId":"ba1dafeb-3135-401c-b561-bbe62515468f","__parent":"funnel_precast_wall","position":[-640.539429,-31.3511581,100.555992],"isRenderEnabled":false,"rotationMatrix":[-0.707107067,-0.707106233,1.00291859e-13,0.707106233,-0.707107067,8.01393999e-14,1.42500317e-14,1.27584155e-13,1],"scale":[1.39999998,1.39999998,1.39999998],"shapeName":"/art/shapes/objects/s_precast_block.dae","useInstanceRenderData":true}
{"class":"TSStatic","persistentId":"b4d318bf-ed82-4805-8a96-ce4baf5aa0fe","__parent":"funnel_precast_wall","position":[-641.529358,-32.3411064,101.955994],"isRenderEnabled":false,"rotationMatrix":[-0.707107067,-0.707106233,1.00291859e-13,0.707106233,-0.707107067,8.01393999e-14,1.42500317e-14,1.27584155e-13,1],"scale":[1.39999998,1.39999998,1.39999998],"shapeName":"/art/shapes/objects/s_precast_block.dae","useInstanceRenderData":true}
{"class":"TSStatic","persistentId":"8b658a6b-6c47-47b3-b186-0d165b4b4b76","__parent":"funnel_precast_wall","position":[-642.519348,-33.3310547,100.555992],"isRenderEnabled":false,"rotationMatrix":[-0.707107067,-0.707106233,1.00291859e-13,0.707106233,-0.707107067,8.01393999e-14,1.42500317e-14,1.27584155e-13,1],"scale":[1.39999998,1.39999998,1.39999998],"shapeName":"/art/shapes/objects/s_precast_block.dae","useInstanceRenderData":true}
{"class":"TSStatic","persistentId":"e3db6225-0bf3-4acb-9791-9eecc8958460","__parent":"funnel_precast_wall","position":[-643.509277,-34.321003,101.955994],"isRenderEnabled":false,"rotationMatrix":[-0.707107067,-0.707106233,1.00291859e-13,0.707106233,-0.707107067,8.01393999e-14,1.42500317e-14,1.27584155e-13,1],"scale":[1.39999998,1.39999998,1.39999998],"shapeName":"/art/shapes/objects/s_precast_block.dae","useInstanceRenderData":true}
{"class":"TSStatic","persistentId":"9f24b626-d2e5-452d-87b4-d298d1b31925","__parent":"funnel_precast_wall","position":[-644.499268,-35.3109512,100.555992],"isRenderEnabled":false,"rotationMatrix":[-0.707107067,-0.707106233,1.00291859e-13,0.707106233,-0.707107067,8.01393999e-14,1.42500317e-14,1.27584155e-13,1],"scale":[1.39999998,1.39999998,1.39999998],"shapeName":"/art/shapes/objects/s_precast_block.dae","useInstanceRenderData":true}
{"class":"TSStatic","persistentId":"739462e6-11b5-4ef9-95f8-092cf9be15b4","__parent":"funnel_precast_wall","position":[-645.489197,-36.3008995,101.955994],"isRenderEnabled":false,"rotationMatrix":[-0.707107067,-0.707106233,1.00291859e-13,0.707106233,-0.707107067,8.01393999e-14,1.42500317e-14,1.27584155e-13,1],"scale":[1.39999998,1.39999998,1.39999998],"shapeName":"/art/shapes/objects/s_precast_block.dae","useInstanceRenderData":true}
{"class":"TSStatic","persistentId":"9a482f84-cd8a-4277-a1a5-ff63a754a5e4","__parent":"funnel_precast_wall","position":[-646.479187,-37.2908478,100.555992],"isRenderEnabled":false,"rotationMatrix":[-0.707107067,-0.707106233,1.00291859e-13,0.707106233,-0.707107067,8.01393999e-14,1.42500317e-14,1.27584155e-13,1],"scale":[1.39999998,1.39999998,1.39999998],"shapeName":"/art/shapes/objects/s_precast_block.dae","useInstanceRenderData":true}
{"class":"TSStatic","persistentId":"675322a5-a11b-48e6-84dd-a4df90c075cd","__parent":"funnel_precast_wall","position":[-647.469116,-38.2807961,101.955994],"isRenderEnabled":false,"rotationMatrix":[-0.707107067,-0.707106233,1.00291859e-13,0.707106233,-0.707107067,8.01393999e-14,1.42500317e-14,1.27584155e-13,1],"scale":[1.39999998,1.39999998,1.39999998],"shapeName":"/art/shapes/objects/s_precast_block.dae","useInstanceRenderData":true}
{"class":"TSStatic","persistentId":"86f49580-90cb-4b80-91f0-3c788c37613f","__parent":"funnel_precast_wall","position":[-648.459106,-39.2707443,100.555992],"isRenderEnabled":false,"rotationMatrix":[-0.707107067,-0.707106233,1.00291859e-13,0.707106233,-0.707107067,8.01393999e-14,1.42500317e-14,1.27584155e-13,1],"scale":[1.39999998,1.39999998,1.39999998],"shapeName":"/art/shapes/objects/s_precast_block.dae","useInstanceRenderData":true}
{"class":"TSStatic","persistentId":"c7ebac1b-2ab9-47c2-a8dc-2852066907ed","__parent":"funnel_precast_wall","position":[-619.995605,1.58174038,100.555992],"isRenderEnabled":false,"rotationMatrix":[3.57627869e-07,0.99999994,-1.27584182e-13,-0.99999994,3.57627869e-07,1.42499639e-14,1.42500114e-14,1.27584168e-13,1],"scale":[1.39999998,1.39999998,1.39999998],"shapeName":"/art/shapes/objects/s_precast_block.dae","useInstanceRenderData":true}
{"class":"TSStatic","persistentId":"bc69d4a1-1a6b-4464-89ba-93f394d1c22f","__parent":"funnel_precast_wall","position":[-619.995605,0.181741327,101.955994],"isRenderEnabled":false,"rotationMatrix":[3.57627869e-07,0.99999994,-1.27584182e-13,-0.99999994,3.57627869e-07,1.42499639e-14,1.42500114e-14,1.27584168e-13,1],"scale":[1.39999998,1.39999998,1.39999998],"shapeName":"/art/shapes/objects/s_precast_block.dae","useInstanceRenderData":true}
{"class":"TSStatic","persistentId":"f5c132b0-306b-4ea8-aa7e-689e599a1d6e","__parent":"funnel_precast_wall","position":[-619.995605,-1.2182579,100.555992],"isRenderEnabled":false,"rotationMatrix":[3.57627869e-07,0.99999994,-1.27584182e-13,-0.99999994,3.57627869e-07,1.42499639e-14,1.42500114e-14,1.27584168e-13,1],"scale":[1.39999998,1.39999998,1.39999998],"shapeName":"/art/shapes/objects/s_precast_block.dae","useInstanceRenderData":true}
{"class":"TSStatic","persistentId":"d5549ebc-24bd-4cb8-b129-69b19adca578","__parent":"funnel_precast_wall","position":[-619.995605,-2.61825705,101.955994],"isRenderEnabled":false,"rotationMatrix":[3.57627869e-07,0.99999994,-1.27584182e-13,-0.99999994,3.57627869e-07,1.42499639e-14,1.42500114e-14,1.27584168e-13,1],"scale":[1.39999998,1.39999998,1.39999998],"shapeName":"/art/shapes/objects/s_precast_block.dae","useInstanceRenderData":true}
{"class":"TSStatic","persistentId":"e960e101-923c-41f7-bc7f-ff171654e70a","__parent":"funnel_precast_wall","position":[-619.995544,-4.01825571,100.555992],"isRenderEnabled":false,"rotationMatrix":[3.57627869e-07,0.99999994,-1.27584182e-13,-0.99999994,3.57627869e-07,1.42499639e-14,1.42500114e-14,1.27584168e-13,1],"scale":[1.39999998,1.39999998,1.39999998],"shapeName":"/art/shapes/objects/s_precast_block.dae","useInstanceRenderData":true}
{"class":"TSStatic","persistentId":"ed47515f-2fc9-4f1b-bce7-189325e1ec15","__parent":"funnel_precast_wall","position":[-619.995544,-5.41825485,101.955994],"isRenderEnabled":false,"rotationMatrix":[3.57627869e-07,0.99999994,-1.27584182e-13,-0.99999994,3.57627869e-07,1.42499639e-14,1.42500114e-14,1.27584168e-13,1],"scale":[1.39999998,1.39999998,1.39999998],"shapeName":"/art/shapes/objects/s_precast_block.dae","useInstanceRenderData":true}
{"class":"TSStatic","persistentId":"77210b12-4537-4073-b6b6-3cbc964aa8bf","__parent":"funnel_precast_wall","position":[-620.195557,-29.6000042,101.900002],"isRenderEnabled":false,"rotationMatrix":[3.57627869e-07,0.99999994,-1.27584182e-13,-0.99999994,3.57627869e-07,1.42499639e-14,1.42500114e-14,1.27584168e-13,1],"scale":[1.39999998,1.39999998,1.39999998],"shapeName":"/art/shapes/objects/s_precast_block.dae","useInstanceRenderData":true}
{"class":"TSStatic","persistentId":"0d3957ca-acea-44d7-b9d9-b21a503f9840","__parent":"funnel_precast_wall","position":[-620.195618,-26.8000088,101.900002],"isRenderEnabled":false,"rotationMatrix":[3.57627869e-07,0.99999994,-1.27584182e-13,-0.99999994,3.57627869e-07,1.42499639e-14,1.42500114e-14,1.27584168e-13,1],"scale":[1.39999998,1.39999998,1.39999998],"shapeName":"/art/shapes/objects/s_precast_block.dae","useInstanceRenderData":true}
{"class":"TSStatic","persistentId":"906eb73b-2ac4-4cd3-abd5-e9e2c704b0ab","__parent":"funnel_precast_wall","position":[-620.195618,-24.0000095,101.900002],"isRenderEnabled":false,"rotationMatrix":[3.57627869e-07,0.99999994,-1.27584182e-13,-0.99999994,3.57627869e-07,1.42499639e-14,1.42500114e-14,1.27584168e-13,1],"scale":[1.39999998,1.39999998,1.39999998],"shapeName":"/art/shapes/objects/s_precast_block.dae","useInstanceRenderData":true}
{"class":"TSStatic","persistentId":"0b6dd7a8-56f6-4706-a70c-6a5b6f2e83cf","__parent":"funnel_precast_wall","position":[-620.195557,-32.4000015,101.900002],"isRenderEnabled":false,"rotationMatrix":[3.57627869e-07,0.99999994,-1.27584182e-13,-0.99999994,3.57627869e-07,1.42499639e-14,1.42500114e-14,1.27584168e-13,1],"scale":[1.39999998,1.39999998,1.39999998],"shapeName":"/art/shapes/objects/s_precast_block.dae","useInstanceRenderData":true}
{"class":"TSStatic","persistentId":"191bf690-c4bb-4cfc-b0a3-1dff97954e10","__parent":"funnel_precast_wall","position":[-620.195557,-35.2000046,101.900002],"isRenderEnabled":false,"rotationMatrix":[3.57627869e-07,0.99999994,-1.27584182e-13,-0.99999994,3.57627869e-07,1.42499639e-14,1.42500114e-14,1.27584168e-13,1],"scale":[1.39999998,1.39999998,1.39999998],"shapeName":"/art/shapes/objects/s_precast_block.dae","useInstanceRenderData":true}
{"class":"TSStatic","persistentId":"f325cad8-2edd-4a47-a5bc-871a84e5a19f","__parent":"funnel_precast_wall","position":[-620.195557,-38,101.900002],"isRenderEnabled":false,"rotationMatrix":[3.57627869e-07,0.99999994,-1.27584182e-13,-0.99999994,3.57627869e-07,1.42499639e-14,1.42500114e-14,1.27584168e-13,1],"scale":[1.39999998,1.39999998,1.39999998],"shapeName":"/art/shapes/objects/s_precast_block.dae","useInstanceRenderData":true}
{"class":"TSStatic","persistentId":"d41899ae-1a13-477c-96db-9dccc666fa80","__parent":"funnel_precast_wall","position":[-641.039307,-33.862709,101.955994],"isRenderEnabled":false,"rotationMatrix":[-0.707107306,-0.707106352,1.00291865e-13,0.707106352,-0.707107306,8.01393999e-14,1.42500283e-14,1.27584168e-13,1],"scale":[1.39999998,1.39999998,1.39999998],"shapeName":"/art/shapes/objects/s_precast_block.dae","useInstanceRenderData":true}
{"class":"TSStatic","persistentId":"966fe2e2-7e23-4ce7-b9d7-a387afda37f4","__parent":"funnel_precast_wall","position":[-641.109985,-33.9334221,103.355995],"isRenderEnabled":false,"rotationMatrix":[-0.707107306,-0.707106352,1.00291865e-13,0.707106352,-0.707107306,8.01393999e-14,1.42500283e-14,1.27584168e-13,1],"scale":[1.39999998,1.39999998,1.39999998],"shapeName":"/art/shapes/objects/s_precast_block.dae","useInstanceRenderData":true}
{"class":"TSStatic","persistentId":"e8a6c10b-2553-4f5e-a41e-eecef1a3f29b","__parent":"funnel_precast_wall","position":[-643.089905,-35.9133186,103.355995],"isRenderEnabled":false,"rotationMatrix":[-0.707107306,-0.707106352,1.00291865e-13,0.707106352,-0.707107306,8.01393999e-14,1.42500283e-14,1.27584168e-13,1],"scale":[1.39999998,1.39999998,1.39999998],"shapeName":"/art/shapes/objects/s_precast_block.dae","useInstanceRenderData":true}
{"class":"TSStatic","persistentId":"2c6ecd69-442a-4e60-b413-9dd82bd9193c","__parent":"funnel_precast_wall","position":[-643.019226,-35.8426094,101.955994],"isRenderEnabled":false,"rotationMatrix":[-0.707107306,-0.707106352,1.00291865e-13,0.707106352,-0.707107306,8.01393999e-14,1.42500283e-14,1.27584168e-13,1],"scale":[1.39999998,1.39999998,1.39999998],"shapeName":"/art/shapes/objects/s_precast_block.dae","useInstanceRenderData":true}
{"class":"TSStatic","persistentId":"58d9c9b8-b094-4f13-a3e7-451d90aa9b71","__parent":"funnel_precast_wall","position":[-645.069824,-37.8932152,103.355995],"isRenderEnabled":false,"rotationMatrix":[-0.707107306,-0.707106352,1.00291865e-13,0.707106352,-0.707107306,8.01393999e-14,1.42500283e-14,1.27584168e-13,1],"scale":[1.39999998,1.39999998,1.39999998],"shapeName":"/art/shapes/objects/s_precast_block.dae","useInstanceRenderData":true}
{"class":"TSStatic","persistentId":"cb33ee6a-c48f-47b9-995a-aebd34f47979","__parent":"funnel_precast_wall","position":[-644.999146,-37.822506,101.955994],"isRenderEnabled":false,"rotationMatrix":[-0.707107306,-0.707106352,1.00291865e-13,0.707106352,-0.707107306,8.01393999e-14,1.42500283e-14,1.27584168e-13,1],"scale":[1.39999998,1.39999998,1.39999998],"shapeName":"/art/shapes/objects/s_precast_block.dae","useInstanceRenderData":true}
{"class":"TSStatic","persistentId":"f145119b-a7b5-4292-86c4-52afe142e010","__parent":"funnel_precast_wall","position":[-647.049744,-39.8731117,103.355995],"isRenderEnabled":false,"rotationMatrix":[-0.707107306,-0.707106352,1.00291865e-13,0.707106352,-0.707107306,8.01393999e-14,1.42500283e-14,1.27584168e-13,1],"scale":[1.39999998,1.39999998,1.39999998],"shapeName":"/art/shapes/objects/s_precast_block.dae","useInstanceRenderData":true}
{"class":"TSStatic","persistentId":"7390b065-6849-4d41-80f9-908714254f89","__parent":"funnel_precast_wall","position":[-646.48407,-39.3074265,101.955994],"isRenderEnabled":false,"rotationMatrix":[-0.707107306,-0.707106352,1.00291865e-13,0.707106352,-0.707107306,8.01393999e-14,1.42500283e-14,1.27584168e-13,1],"scale":[1.39999998,1.39999998,1.39999998],"shapeName":"/art/shapes/objects/s_precast_block.dae","useInstanceRenderData":true}
{"class":"TSStatic","persistentId":"ba93fba2-eb55-4637-a966-a144c3cbea86","__parent":"funnel_precast_wall","position":[-648.463989,-41.287323,101.955994],"isRenderEnabled":false,"rotationMatrix":[-0.707107306,-0.707106352,1.00291865e-13,0.707106352,-0.707107306,8.01393999e-14,1.42500283e-14,1.27584168e-13,1],"scale":[1.39999998,1.39999998,1.39999998],"shapeName":"/art/shapes/objects/s_precast_block.dae","useInstanceRenderData":true}
{"class":"TSStatic","persistentId":"72f53bf0-1056-4b22-94f4-f685af5c3f1c","__parent":"funnel_precast_wall","position":[-649.449097,-43.2305412,100.555992],"isRenderEnabled":false,"rotationMatrix":[0.707106709,-0.707106829,8.01393457e-14,0.707106829,0.707106709,-1.00291872e-13,1.42500147e-14,1.27584141e-13,1],"scale":[1.39999998,1.39999998,1.39999998],"shapeName":"/art/shapes/objects/s_precast_block.dae","useInstanceRenderData":true}
{"class":"TSStatic","persistentId":"f62391a9-96f9-4f19-9b3a-156e5fd9abc8","__parent":"funnel_precast_wall","position":[-650.439026,-42.240593,101.955994],"isRenderEnabled":false,"rotationMatrix":[0.707106709,-0.707106829,8.01393457e-14,0.707106829,0.707106709,-1.00291872e-13,1.42500147e-14,1.27584141e-13,1],"scale":[1.39999998,1.39999998,1.39999998],"shapeName":"/art/shapes/objects/s_precast_block.dae","useInstanceRenderData":true}
{"class":"TSStatic","persistentId":"c5143826-8496-45d6-9e19-cd3908777f59","__parent":"funnel_precast_wall","position":[-621.582825,-29.5503235,103.355995],"isRenderEnabled":false,"rotationMatrix":[-5.96046448e-07,-0.999999881,1.27584168e-13,0.999999881,-5.96046448e-07,-1.4249947e-14,1.42500385e-14,1.27584168e-13,1],"scale":[1.39999998,1.39999998,1.39999998],"shapeName":"/art/shapes/objects/s_precast_block.dae","useInstanceRenderData":true}
{"class":"TSStatic","persistentId":"2a958594-2edc-4402-ae53-dd66ef5b01b1","__parent":"funnel_precast_wall","position":[-621.582825,-26.7503242,103.355995],"isRenderEnabled":false,"rotationMatrix":[-5.96046448e-07,-0.999999881,1.27584168e-13,0.999999881,-5.96046448e-07,-1.4249947e-14,1.42500385e-14,1.27584168e-13,1],"scale":[1.39999998,1.39999998,1.39999998],"shapeName":"/art/shapes/objects/s_precast_block.dae","useInstanceRenderData":true}
{"class":"TSStatic","persistentId":"1e07eacc-816e-4818-a405-9b2c4cbb966c","__parent":"funnel_precast_wall","position":[-621.582825,-23.950325,103.355995],"isRenderEnabled":false,"rotationMatrix":[-5.96046448e-07,-0.999999881,1.27584168e-13,0.999999881,-5.96046448e-07,-1.4249947e-14,1.42500385e-14,1.27584168e-13,1],"scale":[1.39999998,1.39999998,1.39999998],"shapeName":"/art/shapes/objects/s_precast_block.dae","useInstanceRenderData":true}
{"class":"TSStatic","persistentId":"30ef4906-b8e4-4650-9a94-c84fc1d7df18","__parent":"funnel_precast_wall","position":[-621.582825,-30.9503231,101.955994],"isRenderEnabled":false,"rotationMatrix":[-5.96046448e-07,-0.999999881,1.27584168e-13,0.999999881,-5.96046448e-07,-1.4249947e-14,1.42500385e-14,1.27584168e-13,1],"scale":[1.39999998,1.39999998,1.39999998],"shapeName":"/art/shapes/objects/s_precast_block.dae","useInstanceRenderData":true}
{"class":"TSStatic","persistentId":"1a3e8d8a-c450-4093-a5d1-7d65d181b97c","__parent":"funnel_precast_wall","position":[-621.582825,-28.1503239,101.955994],"isRenderEnabled":false,"rotationMatrix":[-5.96046448e-07,-0.999999881,1.27584168e-13,0.999999881,-5.96046448e-07,-1.4249947e-14,1.42500385e-14,1.27584168e-13,1],"scale":[1.39999998,1.39999998,1.39999998],"shapeName":"/art/shapes/objects/s_precast_block.dae","useInstanceRenderData":true}
{"class":"TSStatic","persistentId":"d0516f6f-6dc6-445f-bc7c-0ae268285a0a","__parent":"funnel_precast_wall","position":[-621.582825,-25.3503246,101.955994],"isRenderEnabled":false,"rotationMatrix":[-5.96046448e-07,-0.999999881,1.27584168e-13,0.999999881,-5.96046448e-07,-1.4249947e-14,1.42500385e-14,1.27584168e-13,1],"scale":[1.39999998,1.39999998,1.39999998],"shapeName":"/art/shapes/objects/s_precast_block.dae","useInstanceRenderData":true}
{"class":"TSStatic","persistentId":"b8653a2a-3fd0-4c60-aaa9-6f7b0226d95e","__parent":"funnel_precast_wall","position":[-621.582825,-22.5503254,101.955994],"isRenderEnabled":false,"rotationMatrix":[-5.96046448e-07,-0.999999881,1.27584168e-13,0.999999881,-5.96046448e-07,-1.4249947e-14,1.42500385e-14,1.27584168e-13,1],"scale":[1.39999998,1.39999998,1.39999998],"shapeName":"/art/shapes/objects/s_precast_block.dae","useInstanceRenderData":true}
{"class":"TSStatic","persistentId":"1058bcd6-ab34-473e-8f11-7c17240753da","__parent":"funnel_precast_wall","position":[-621.582825,-42.1503067,101.955994],"isRenderEnabled":false,"rotationMatrix":[-5.96046448e-07,-0.999999881,1.27584168e-13,0.999999881,-5.96046448e-07,-1.4249947e-14,1.42500385e-14,1.27584168e-13,1],"scale":[1.39999998,1.39999998,1.39999998],"shapeName":"/art/shapes/objects/s_precast_block.dae","useInstanceRenderData":true}
{"class":"TSStatic","persistentId":"04d308dc-d052-4724-bcf9-edf8a09b5d28","__parent":"funnel_precast_wall","position":[-621.582825,-39.3503227,101.955994],"isRenderEnabled":false,"rotationMatrix":[-5.96046448e-07,-0.999999881,1.27584168e-13,0.999999881,-5.96046448e-07,-1.4249947e-14,1.42500385e-14,1.27584168e-13,1],"scale":[1.39999998,1.39999998,1.39999998],"shapeName":"/art/shapes/objects/s_precast_block.dae","useInstanceRenderData":true}
{"class":"TSStatic","persistentId":"c3ced1f0-6c0a-4729-bc4c-ac9143a7698c","__parent":"funnel_precast_wall","position":[-621.582825,-36.5503197,101.955994],"isRenderEnabled":false,"rotationMatrix":[-5.96046448e-07,-0.999999881,1.27584168e-13,0.999999881,-5.96046448e-07,-1.4249947e-14,1.42500385e-14,1.27584168e-13,1],"scale":[1.39999998,1.39999998,1.39999998],"shapeName":"/art/shapes/objects/s_precast_block.dae","useInstanceRenderData":true}
{"class":"TSStatic","persistentId":"76c0b3ad-df7d-4b5f-ae83-60b9e0c00cab","__parent":"funnel_precast_wall","position":[-621.582825,-33.7503204,101.955994],"isRenderEnabled":false,"rotationMatrix":[-5.96046448e-07,-0.999999881,1.27584168e-13,0.999999881,-5.96046448e-07,-1.4249947e-14,1.42500385e-14,1.27584168e-13,1],"scale":[1.39999998,1.39999998,1.39999998],"shapeName":"/art/shapes/objects/s_precast_block.dae","useInstanceRenderData":true}
{"class":"TSStatic","persistentId":"847081fa-26a9-4c9e-8b93-97fefca7ccd0","__parent":"funnel_precast_wall","position":[-621.582825,-32.3503227,103.355995],"isRenderEnabled":false,"rotationMatrix":[-5.96046448e-07,-0.999999881,1.27584168e-13,0.999999881,-5.96046448e-07,-1.4249947e-14,1.42500385e-14,1.27584168e-13,1],"scale":[1.39999998,1.39999998,1.39999998],"shapeName":"/art/shapes/objects/s_precast_block.dae","useInstanceRenderData":true}
{"class":"TSStatic","persistentId":"fd8190c6-0a6d-4d25-a0d5-f5855d60cffd","__parent":"funnel_precast_wall","position":[-621.582825,-35.150322,103.355995],"isRenderEnabled":false,"rotationMatrix":[-5.96046448e-07,-0.999999881,1.27584168e-13,0.999999881,-5.96046448e-07,-1.4249947e-14,1.42500385e-14,1.27584168e-13,1],"scale":[1.39999998,1.39999998,1.39999998],"shapeName":"/art/shapes/objects/s_precast_block.dae","useInstanceRenderData":true}
{"class":"TSStatic","persistentId":"a66e8d52-edb2-4509-bd60-e7b9177815df","__parent":"funnel_precast_wall","position":[-621.582825,-37.9503212,103.355995],"isRenderEnabled":false,"rotationMatrix":[-5.96046448e-07,-0.999999881,1.27584168e-13,0.999999881,-5.96046448e-07,-1.4249947e-14,1.42500385e-14,1.27584168e-13,1],"scale":[1.39999998,1.39999998,1.39999998],"shapeName":"/art/shapes/objects/s_precast_block.dae","useInstanceRenderData":true}
{"class":"TSStatic","persistentId":"a218523c-c3d7-471f-8233-1c0e3a065a51","__parent":"funnel_precast_wall","position":[-621.582825,-40.7503204,103.355995],"isRenderEnabled":false,"rotationMatrix":[-5.96046448e-07,-0.999999881,1.27584168e-13,0.999999881,-5.96046448e-07,-1.4249947e-14,1.42500385e-14,1.27584168e-13,1],"scale":[1.39999998,1.39999998,1.39999998],"shapeName":"/art/shapes/objects/s_precast_block.dae","useInstanceRenderData":true}
{"class":"TSStatic","persistentId":"6337f893-b3d9-4763-90e2-7515b7bec569","__parent":"funnel_precast_wall","position":[-621.582825,-53.3503075,101.955994],"isRenderEnabled":false,"rotationMatrix":[-5.96046448e-07,-0.999999881,1.27584168e-13,0.999999881,-5.96046448e-07,-1.4249947e-14,1.42500385e-14,1.27584168e-13,1],"scale":[1.39999998,1.39999998,1.39999998],"shapeName":"/art/shapes/objects/s_precast_block.dae","useInstanceRenderData":true}
{"class":"TSStatic","persistentId":"a0e3035b-0267-4dd1-a67c-f25f559b71ce","__parent":"funnel_precast_wall","position":[-621.582825,-50.5503235,101.955994],"isRenderEnabled":false,"rotationMatrix":[-5.96046448e-07,-0.999999881,1.27584168e-13,0.999999881,-5.96046448e-07,-1.4249947e-14,1.42500385e-14,1.27584168e-13,1],"scale":[1.39999998,1.39999998,1.39999998],"shapeName":"/art/shapes/objects/s_precast_block.dae","useInstanceRenderData":true}
{"class":"TSStatic","persistentId":"c1f2d361-7db5-4d10-b2ab-4cd993dd7d9a","__parent":"funnel_precast_wall","position":[-621.582825,-47.7503204,101.955994],"isRenderEnabled":false,"rotationMatrix":[-5.96046448e-07,-0.999999881,1.27584168e-13,0.999999881,-5.96046448e-07,-1.4249947e-14,1.42500385e-14,1.27584168e-13,1],"scale":[1.39999998,1.39999998,1.39999998],"shapeName":"/art/shapes/objects/s_precast_block.dae","useInstanceRenderData":true}
{"class":"TSStatic","persistentId":"76467bca-559d-4a5b-a260-7fac1a47cf4f","__parent":"funnel_precast_wall","position":[-621.582825,-44.9503212,101.955994],"isRenderEnabled":false,"rotationMatrix":[-5.96046448e-07,-0.999999881,1.27584168e-13,0.999999881,-5.96046448e-07,-1.4249947e-14,1.42500385e-14,1.27584168e-13,1],"scale":[1.39999998,1.39999998,1.39999998],"shapeName":"/art/shapes/objects/s_precast_block.dae","useInstanceRenderData":true}
{"class":"TSStatic","persistentId":"d2fa7136-3809-4855-8186-58b6d2223cd4","__parent":"funnel_precast_wall","position":[-621.582825,-43.5503235,103.355995],"isRenderEnabled":false,"rotationMatrix":[-5.96046448e-07,-0.999999881,1.27584168e-13,0.999999881,-5.96046448e-07,-1.4249947e-14,1.42500385e-14,1.27584168e-13,1],"scale":[1.39999998,1.39999998,1.39999998],"shapeName":"/art/shapes/objects/s_precast_block.dae","useInstanceRenderData":true}
{"class":"TSStatic","persistentId":"20577221-b3b3-4da3-92f1-4ef14dd4b3a2","__parent":"funnel_precast_wall","position":[-621.582825,-46.3503227,103.355995],"isRenderEnabled":false,"rotationMatrix":[-5.96046448e-07,-0.999999881,1.27584168e-13,0.999999881,-5.96046448e-07,-1.4249947e-14,1.42500385e-14,1.27584168e-13,1],"scale":[1.39999998,1.39999998,1.39999998],"shapeName":"/art/shapes/objects/s_precast_block.dae","useInstanceRenderData":true}
{"class":"TSStatic","persistentId":"53c73995-edcf-4d4b-8e67-85c03d37ccb4","__parent":"funnel_precast_wall","position":[-621.582825,-49.150322,103.355995],"isRenderEnabled":false,"rotationMatrix":[-5.96046448e-07,-0.999999881,1.27584168e-13,0.999999881,-5.96046448e-07,-1.4249947e-14,1.42500385e-14,1.27584168e-13,1],"scale":[1.39999998,1.39999998,1.39999998],"shapeName":"/art/shapes/objects/s_precast_block.dae","useInstanceRenderData":true}
{"class":"TSStatic","persistentId":"622e7b99-8eba-4ad7-9195-50bab6b9f5a1","__parent":"funnel_precast_wall","position":[-621.582825,-51.9503212,103.355995],"isRenderEnabled":false,"rotationMatrix":[-5.96046448e-07,-0.999999881,1.27584168e-13,0.999999881,-5.96046448e-07,-1.4249947e-14,1.42500385e-14,1.27584168e-13,1],"scale":[1.39999998,1.39999998,1.39999998],"shapeName":"/art/shapes/objects/s_precast_block.dae","useInstanceRenderData":true}
{"class":"TSStatic","persistentId":"23851a72-65d1-4bfb-8e12-affd6fb24b4a","__parent":"funnel_precast_wall","position":[-620.200012,-42.2000008,100.555992],"isRenderEnabled":false,"rotationMatrix":[-5.96046448e-07,-0.999999881,1.27584168e-13,0.999999881,-5.96046448e-07,-1.4249947e-14,1.42500385e-14,1.27584168e-13,1],"scale":[1.39999998,1.39999998,1.39999998],"shapeName":"/art/shapes/objects/s_precast_block.dae","useInstanceRenderData":true}
{"class":"TSStatic","persistentId":"ca12b1ae-95d4-4059-abac-81f8b52d4393","__parent":"funnel_precast_wall","position":[-620.200012,-45,100.555992],"isRenderEnabled":false,"rotationMatrix":[-5.96046448e-07,-0.999999881,1.27584168e-13,0.999999881,-5.96046448e-07,-1.4249947e-14,1.42500385e-14,1.27584168e-13,1],"scale":[1.39999998,1.39999998,1.39999998],"shapeName":"/art/shapes/objects/s_precast_block.dae","useInstanceRenderData":true}
{"class":"TSStatic","persistentId":"e2a3a4de-07d4-4230-9ed5-0080406419a8","__parent":"funnel_precast_wall","position":[-620.200012,-47.7999992,100.555992],"isRenderEnabled":false,"rotationMatrix":[-5.96046448e-07,-0.999999881,1.27584168e-13,0.999999881,-5.96046448e-07,-1.4249947e-14,1.42500385e-14,1.27584168e-13,1],"scale":[1.39999998,1.39999998,1.39999998],"shapeName":"/art/shapes/objects/s_precast_block.dae","useInstanceRenderData":true}
{"class":"TSStatic","persistentId":"41015440-0a64-454d-a0bb-64bd6ef7e0e9","__parent":"funnel_precast_wall","position":[-621.582825,-54.7503204,100.555992],"isRenderEnabled":false,"rotationMatrix":[-5.96046448e-07,-0.999999881,1.27584168e-13,0.999999881,-5.96046448e-07,-1.4249947e-14,1.42500385e-14,1.27584168e-13,1],"scale":[1.39999998,1.39999998,1.39999998],"shapeName":"/art/shapes/objects/s_precast_block.dae","useInstanceRenderData":true}
{"class":"TSStatic","persistentId":"4596ac19-5d01-48b5-8b53-d654ec830565","__parent":"funnel_precast_wall","position":[-612.182861,-51.9503288,100.555992],"isRenderEnabled":false,"rotationMatrix":[-5.96046448e-07,-0.999999881,1.27584168e-13,0.999999881,-5.96046448e-07,-1.4249947e-14,1.42500385e-14,1.27584168e-13,1],"scale":[1.39999998,1.39999998,1.39999998],"shapeName":"/art/shapes/objects/s_precast_block.dae","useInstanceRenderData":true}
{"class":"TSStatic","persistentId":"ab425dd4-a501-450b-a339-c53e6c2cf13c","__parent":"funnel_precast_wall","position":[-612.182861,-49.1503296,100.555992],"isRenderEnabled":false,"rotationMatrix":[-5.96046448e-07,-0.999999881,1.27584168e-13,0.999999881,-5.96046448e-07,-1.4249947e-14,1.42500385e-14,1.27584168e-13,1],"scale":[1.39999998,1.39999998,1.39999998],"shapeName":"/art/shapes/objects/s_precast_block.dae","useInstanceRenderData":true}
{"class":"TSStatic","persistentId":"0e7ced74-bb0b-4076-84a9-10e6e4306793","__parent":"funnel_precast_wall","position":[-612.182861,-50.5503311,101.955994],"isRenderEnabled":false,"rotationMatrix":[-5.96046448e-07,-0.999999881,1.27584168e-13,0.999999881,-5.96046448e-07,-1.4249947e-14,1.42500385e-14,1.27584168e-13,1],"scale":[1.39999998,1.39999998,1.39999998],"shapeName":"/art/shapes/objects/s_precast_block.dae","useInstanceRenderData":true}
{"class":"TSStatic","persistentId":"cfa1f83f-d54b-4349-b42b-502838e677dc","__parent":"funnel_precast_wall","position":[-612.182861,-47.7503281,101.955994],"isRenderEnabled":false,"rotationMatrix":[-5.96046448e-07,-0.999999881,1.27584168e-13,0.999999881,-5.96046448e-07,-1.4249947e-14,1.42500385e-14,1.27584168e-13,1],"scale":[1.39999998,1.39999998,1.39999998],"shapeName":"/art/shapes/objects/s_precast_block.dae","useInstanceRenderData":true}
{"class":"TSStatic","persistentId":"a6507f14-d903-4b20-b81e-2e4d4d62e15b","__parent":"funnel_precast_wall","position":[-612.182861,-46.3503304,100.555992],"isRenderEnabled":false,"rotationMatrix":[-5.96046448e-07,-0.999999881,1.27584168e-13,0.999999881,-5.96046448e-07,-1.4249947e-14,1.42500385e-14,1.27584168e-13,1],"scale":[1.39999998,1.39999998,1.39999998],"shapeName":"/art/shapes/objects/s_precast_block.dae","useInstanceRenderData":true}
{"class":"TSStatic","persistentId":"b4b18fac-0831-4818-b51b-d95276c44bc2","__parent":"funnel_precast_wall","position":[-612.182861,-44.9503174,101.955994],"isRenderEnabled":false,"rotationMatrix":[-5.96046448e-07,-0.999999881,1.27584168e-13,0.999999881,-5.96046448e-07,-1.4249947e-14,1.42500385e-14,1.27584168e-13,1],"scale":[1.39999998,1.39999998,1.39999998],"shapeName":"/art/shapes/objects/s_precast_block.dae","useInstanceRenderData":true}
{"class":"TSStatic","persistentId":"df5729ec-e46f-4629-8577-054fb6cc851d","__parent":"funnel_precast_wall","position":[-612.182861,-43.5503311,100.555992],"isRenderEnabled":false,"rotationMatrix":[-5.96046448e-07,-0.999999881,1.27584168e-13,0.999999881,-5.96046448e-07,-1.4249947e-14,1.42500385e-14,1.27584168e-13,1],"scale":[1.39999998,1.39999998,1.39999998],"shapeName":"/art/shapes/objects/s_precast_block.dae","useInstanceRenderData":true}
{"class":"TSStatic","persistentId":"b5dfff90-b631-4c18-b76e-f2408bfaee82","__parent":"funnel_precast_wall","position":[-612.182861,-42.1503334,101.955994],"isRenderEnabled":false,"rotationMatrix":[-5.96046448e-07,-0.999999881,1.27584168e-13,0.999999881,-5.96046448e-07,-1.4249947e-14,1.42500385e-14,1.27584168e-13,1],"scale":[1.39999998,1.39999998,1.39999998],"shapeName":"/art/shapes/objects/s_precast_block.dae","useInstanceRenderData":true}
{"class":"TSStatic","persistentId":"8b6adfea-a6b2-4eea-81fd-6d543ca38375","__parent":"funnel_precast_wall","position":[-612.182861,-39.3503304,101.955994],"isRenderEnabled":false,"rotationMatrix":[-5.96046448e-07,-0.999999881,1.27584168e-13,0.999999881,-5.96046448e-07,-1.4249947e-14,1.42500385e-14,1.27584168e-13,1],"scale":[1.39999998,1.39999998,1.39999998],"shapeName":"/art/shapes/objects/s_precast_block.dae","useInstanceRenderData":true}
{"class":"TSStatic","persistentId":"1e68ced3-0146-424a-9ead-e2e1cc45bdc5","__parent":"funnel_precast_wall","position":[-612.182861,-40.7503319,100.555992],"isRenderEnabled":false,"rotationMatrix":[-5.96046448e-07,-0.999999881,1.27584168e-13,0.999999881,-5.96046448e-07,-1.4249947e-14,1.42500385e-14,1.27584168e-13,1],"scale":[1.39999998,1.39999998,1.39999998],"shapeName":"/art/shapes/objects/s_precast_block.dae","useInstanceRenderData":true}
{"class":"TSStatic","persistentId":"b07bda7b-16d6-4a32-8674-a5e026b515a2","__parent":"funnel_precast_wall","position":[-612.182861,-37.9503326,100.555992],"isRenderEnabled":false,"rotationMatrix":[-5.96046448e-07,-0.999999881,1.27584168e-13,0.999999881,-5.96046448e-07,-1.4249947e-14,1.42500385e-14,1.27584168e-13,1],"scale":[1.39999998,1.39999998,1.39999998],"shapeName":"/art/shapes/objects/s_precast_block.dae","useInstanceRenderData":true}
{"class":"TSStatic","persistentId":"a2eb98e8-b2f1-4ece-8917-d3b9e8efd627","__parent":"funnel_precast_wall","position":[-612.182861,-36.5503197,101.955994],"isRenderEnabled":false,"rotationMatrix":[-5.96046448e-07,-0.999999881,1.27584168e-13,0.999999881,-5.96046448e-07,-1.4249947e-14,1.42500385e-14,1.27584168e-13,1],"scale":[1.39999998,1.39999998,1.39999998],"shapeName":"/art/shapes/objects/s_precast_block.dae","useInstanceRenderData":true}
{"class":"TSStatic","persistentId":"409f4011-82da-4b4c-8b36-8017e0e1fe00","__parent":"funnel_precast_wall","position":[-612.182861,-35.1503334,100.555992],"isRenderEnabled":false,"rotationMatrix":[-5.96046448e-07,-0.999999881,1.27584168e-13,0.999999881,-5.96046448e-07,-1.4249947e-14,1.42500385e-14,1.27584168e-13,1],"scale":[1.39999998,1.39999998,1.39999998],"shapeName":"/art/shapes/objects/s_precast_block.dae","useInstanceRenderData":true}
{"class":"TSStatic","persistentId":"ee7a087e-b508-4d2e-9c57-0a6a84c9ec91","__parent":"funnel_precast_wall","position":[-612.182861,-33.7503357,101.955994],"isRenderEnabled":false,"rotationMatrix":[-5.96046448e-07,-0.999999881,1.27584168e-13,0.999999881,-5.96046448e-07,-1.4249947e-14,1.42500385e-14,1.27584168e-13,1],"scale":[1.39999998,1.39999998,1.39999998],"shapeName":"/art/shapes/objects/s_precast_block.dae","useInstanceRenderData":true}
{"class":"TSStatic","persistentId":"8c9951f2-193a-4168-87ff-41f99247c707","__parent":"funnel_precast_wall","position":[-612.182861,-30.9503326,101.955994],"isRenderEnabled":false,"rotationMatrix":[-5.96046448e-07,-0.999999881,1.27584168e-13,0.999999881,-5.96046448e-07,-1.4249947e-14,1.42500385e-14,1.27584168e-13,1],"scale":[1.39999998,1.39999998,1.39999998],"shapeName":"/art/shapes/objects/s_precast_block.dae","useInstanceRenderData":true}
{"class":"TSStatic","persistentId":"ef78bc31-de7b-45eb-b834-7b13d0cc7e9b","__parent":"funnel_precast_wall","position":[-612.182861,-32.3503342,100.555992],"isRenderEnabled":false,"rotationMatrix":[8.94069672e-07,0.999999881,1.27584141e-13,-0.999999881,8.94069672e-07,-1.42499673e-14,-1.42500554e-14,-1.27584141e-13,1],"scale":[1.39999998,1.39999998,1.39999998],"shapeName":"/art/shapes/objects/s_precast_block.dae","useInstanceRenderData":true}
{"class":"TSStatic","persistentId":"30102881-5bfa-4b2e-8612-9be511eb7a99","__parent":"funnel_precast_wall","position":[-612.182861,-29.5503464,100.555992],"isRenderEnabled":false,"rotationMatrix":[-5.96046448e-07,-0.999999881,1.27584168e-13,0.999999881,-5.96046448e-07,-1.4249947e-14,1.42500385e-14,1.27584168e-13,1],"scale":[1.39999998,1.39999998,1.39999998],"shapeName":"/art/shapes/objects/s_precast_block.dae","useInstanceRenderData":true}
{"class":"TSStatic","persistentId":"595d7729-8f11-4fe3-b36e-c0ab5b9df7da","__parent":"funnel_precast_wall","position":[-612.182861,-28.1503353,101.955994],"isRenderEnabled":false,"rotationMatrix":[3.57627869e-07,0.99999994,1.27584168e-13,-0.99999994,3.57627869e-07,-1.42499504e-14,-1.42499978e-14,-1.27584155e-13,1],"scale":[1.39999998,1.39999998,1.39999998],"shapeName":"/art/shapes/objects/s_precast_block.dae","useInstanceRenderData":true}
{"class":"TSStatic","persistentId":"1e155b56-f6bf-4c3e-a3f5-7684ba250306","__parent":"funnel_precast_wall","position":[-612.182861,-26.7503357,100.555992],"isRenderEnabled":false,"rotationMatrix":[-5.96046448e-07,-0.999999881,1.27584168e-13,0.999999881,-5.96046448e-07,-1.4249947e-14,1.42500385e-14,1.27584168e-13,1],"scale":[1.39999998,1.39999998,1.39999998],"shapeName":"/art/shapes/objects/s_precast_block.dae","useInstanceRenderData":true}
{"class":"TSStatic","persistentId":"86a6c1fe-11dc-4197-83d4-6003eb009f81","__parent":"funnel_precast_wall","position":[-612.182861,-25.3503342,101.955994],"isRenderEnabled":false,"rotationMatrix":[-5.96046448e-07,-0.999999881,1.27584168e-13,0.999999881,-5.96046448e-07,-1.4249947e-14,1.42500385e-14,1.27584168e-13,1],"scale":[1.39999998,1.39999998,1.39999998],"shapeName":"/art/shapes/objects/s_precast_block.dae","useInstanceRenderData":true}
{"class":"TSStatic","persistentId":"f5660a56-41fa-429b-839a-6a9c67565e92","__parent":"funnel_precast_wall","position":[-612.182861,-21.1503372,100.555992],"isRenderEnabled":false,"rotationMatrix":[-5.96046448e-07,-0.999999881,1.27584168e-13,0.999999881,-5.96046448e-07,-1.4249947e-14,1.42500385e-14,1.27584168e-13,1],"scale":[1.39999998,1.39999998,1.39999998],"shapeName":"/art/shapes/objects/s_precast_block.dae","useInstanceRenderData":true}
{"class":"TSStatic","persistentId":"96278b69-b3ca-41d3-ab4a-5ee1db9d58fb","__parent":"funnel_precast_wall","position":[-612.182861,-23.9503479,100.555992],"isRenderEnabled":false,"rotationMatrix":[-5.96046448e-07,-0.999999881,1.27584168e-13,0.999999881,-5.96046448e-07,-1.4249947e-14,1.42500385e-14,1.27584168e-13,1],"scale":[1.39999998,1.39999998,1.39999998],"shapeName":"/art/shapes/objects/s_precast_block.dae","useInstanceRenderData":true}
{"class":"TSStatic","persistentId":"99fe6db8-546d-41e6-8ebe-dbb777cefa7f","__parent":"funnel_precast_wall","position":[-612.182861,-22.5503368,101.955994],"isRenderEnabled":false,"rotationMatrix":[1.78813934e-07,0.999999881,1.27584141e-13,-0.999999881,1.78813934e-07,-1.42499673e-14,-1.42499775e-14,-1.27584141e-13,1],"scale":[1.39999998,1.39999998,1.39999998],"shapeName":"/art/shapes/objects/s_precast_block.dae","useInstanceRenderData":true}
{"class":"TSStatic","persistentId":"561ae5ab-218a-4a5a-afcd-e3b5dad17b96","__parent":"funnel_precast_wall","position":[-612.182861,-19.7503357,101.955994],"isRenderEnabled":false,"rotationMatrix":[-5.96046448e-07,-0.999999881,1.27584168e-13,0.999999881,-5.96046448e-07,-1.4249947e-14,1.42500385e-14,1.27584168e-13,1],"scale":[1.39999998,1.39999998,1.39999998],"shapeName":"/art/shapes/objects/s_precast_block.dae","useInstanceRenderData":true}
{"class":"TSStatic","persistentId":"a3390633-be32-4d9e-8368-b16cb0da4c52","__parent":"funnel_precast_wall","position":[-612.182861,-23.9503479,103.355995],"isRenderEnabled":false,"rotationMatrix":[-5.96046448e-07,-0.999999881,1.27584168e-13,0.999999881,-5.96046448e-07,-1.4249947e-14,1.42500385e-14,1.27584168e-13,1],"scale":[1.39999998,1.39999998,1.39999998],"shapeName":"/art/shapes/objects/s_precast_block.dae","useInstanceRenderData":true}
{"class":"TSStatic","persistentId":"067835d9-d62c-4090-a89c-9d8a1b0fc142","__parent":"funnel_precast_wall","position":[-612.182861,-21.1503372,103.355995],"isRenderEnabled":false,"rotationMatrix":[-5.96046448e-07,-0.999999881,1.27584168e-13,0.999999881,-5.96046448e-07,-1.4249947e-14,1.42500385e-14,1.27584168e-13,1],"scale":[1.39999998,1.39999998,1.39999998],"shapeName":"/art/shapes/objects/s_precast_block.dae","useInstanceRenderData":true}
{"class":"TSStatic","persistentId":"a3db10a5-ccfc-403a-827e-b7ccd7138f73","__parent":"funnel_precast_wall","position":[-612.182861,-15.5503521,103.355995],"isRenderEnabled":false,"rotationMatrix":[-5.96046448e-07,-0.999999881,1.27584168e-13,0.999999881,-5.96046448e-07,-1.4249947e-14,1.42500385e-14,1.27584168e-13,1],"scale":[1.39999998,1.39999998,1.39999998],"shapeName":"/art/shapes/objects/s_precast_block.dae","useInstanceRenderData":true}
{"class":"TSStatic","persistentId":"547e7395-de16-49fe-80a1-d39e91c7c9fd","__parent":"funnel_precast_wall","position":[-612.182861,-14.150342,101.955994],"isRenderEnabled":false,"rotationMatrix":[-5.96046448e-07,-0.999999881,1.27584168e-13,0.999999881,-5.96046448e-07,-1.4249947e-14,1.42500385e-14,1.27584168e-13,1],"scale":[1.39999998,1.39999998,1.39999998],"shapeName":"/art/shapes/objects/s_precast_block.dae","useInstanceRenderData":true}
{"class":"TSStatic","persistentId":"20f2a167-48c3-4f15-8b4c-a519da43d447","__parent":"funnel_precast_wall","position":[-612.182861,-16.9503384,101.955994],"isRenderEnabled":false,"rotationMatrix":[8.94069672e-07,0.999999881,1.27584141e-13,-0.999999881,8.94069672e-07,-1.42499673e-14,-1.42500554e-14,-1.27584141e-13,1],"scale":[1.39999998,1.39999998,1.39999998],"shapeName":"/art/shapes/objects/s_precast_block.dae","useInstanceRenderData":true}
{"class":"TSStatic","persistentId":"39eea6c3-8fa4-4996-aa00-2b7ca72a9c1a","__parent":"funnel_precast_wall","position":[-612.182861,-15.5503521,100.555992],"isRenderEnabled":false,"rotationMatrix":[-5.96046448e-07,-0.999999881,1.27584168e-13,0.999999881,-5.96046448e-07,-1.4249947e-14,1.42500385e-14,1.27584168e-13,1],"scale":[1.39999998,1.39999998,1.39999998],"shapeName":"/art/shapes/objects/s_precast_block.dae","useInstanceRenderData":true}
