{"class":"TSStatic","persistentId":"01121d8f-fc97-4802-ab2e-88a91ac5497c","__parent":"objects","position":[-716.681335,292.437012,269.388458],"isRenderEnabled":false,"rotationMatrix":[0.0164883863,-0.999176502,0.0370814763,0.998355448,0.0144151775,-0.0554982014,0.0549179763,0.0379355215,0.997769952],"shapeName":"/levels/Utah/art/shapes/rocks/utah_rock_big_2_b_top.dae"}
{"class":"TSStatic","persistentId":"0136ca0a-c76a-4664-83af-c018abe3676e","__parent":"objects","position":[-697.74115,292.811554,271.101501],"isRenderEnabled":false,"rotationMatrix":[-0.423113853,0.905907929,-0.0173676256,-0.887054205,-0.418062866,-0.195851117,-0.184684649,-0.0674616024,0.980478764],"shapeName":"/levels/utah/art/shapes/buildings/utah_mines_walls.dae"}
{"class":"TSStatic","persistentId":"01a8ba78-7541-428f-ba4f-796d053c1a76","__parent":"objects","position":[-450.295563,226.993515,254.339279],"isRenderEnabled":false,"rotationMatrix":[0.879205644,-0.476441503,0,0.476441503,0.879205644,0,0,0,1],"shapeName":"/levels/Utah/art/shapes/rocks/utah_rock_big_2_d.dae"}
{"class":"TSStatic","persistentId":"01cae46c-e8a9-4b2f-837a-3b4d7907a6ea","__parent":"objects","position":[-441.902008,238.39386,267.360413],"isRenderEnabled":false,"rotationMatrix":[0.837220609,-0.54686588,0,0.54686588,0.837220609,0,0,0,1],"shapeName":"/levels/Utah/art/shapes/rocks/utah_rock_big_2_d_top.dae"}
{"class":"TSStatic","persistentId":"021a9adc-2673-4896-ad5e-13284474966a","__parent":"objects","position":[-707.566284,282.565613,271.232819],"isRenderEnabled":false,"rotationMatrix":[0.86373359,0.503948569,0,-0.503948569,0.86373359,0,0,0,1],"shapeName":"/levels/Utah/art/shapes/rocks/utah_rock_big_2_d_top.dae"}
{"class":"TSStatic","persistentId":"02cc8d0f-e5ee-4dea-b488-db366585711d","__parent":"objects","position":[-451.153015,232.273239,271.597656],"isRenderEnabled":false,"rotationMatrix":[0.418417871,0.908254445,0,-0.908254445,0.418417871,0,0,0,1],"shapeName":"/levels/Utah/art/shapes/rocks/utah_rock_flat_c.dae"}
{"class":"TSStatic","persistentId":"04d5f117-4e59-4bf1-a9f9-2fab5a4ac43b","__parent":"objects","position":[-651.727051,347.23761,296.84259],"isRenderEnabled":false,"rotationMatrix":[0.301383913,0.953502715,0,-0.953502715,0.301383913,0,0,0,1],"shapeName":"/levels/Utah/art/shapes/rocks/utah_rock_big_2_b_top.dae"}
{"class":"TSStatic","persistentId":"07a9dbf9-b0a4-40a2-bafc-a1061d70ae36","__parent":"objects","position":[-110.627083,324.169647,243.283203],"isRenderEnabled":false,"rotationMatrix":[-0.253124684,-0.967432559,0,0.967432737,-0.253124595,0,0,0,1],"shapeName":"/levels/Utah/art/shapes/rocks/utah_rock_flat_c.dae"}
{"class":"TSStatic","persistentId":"081de14f-fc90-4963-9865-47d67c094e74","__parent":"objects","position":[-647.223083,335.916077,294.647888],"isRenderEnabled":false,"rotationMatrix":[-0.155980885,0.975683689,0.153974816,-0.866103232,-0.0601509474,-0.496231645,-0.47490418,-0.210760742,0.854426384],"shapeName":"/levels/Utah/art/shapes/rocks/utah_rock_flat_c.dae"}
{"class":"TSStatic","persistentId":"08403417-ad24-4b94-8c72-927224a9963e","__parent":"objects","position":[-541.846252,272.98645,275.648621],"isRenderEnabled":false,"rotationMatrix":[0.691571176,-0.722307861,0,0.722307861,0.691571176,0,0,0,1],"shapeName":"/levels/Utah/art/shapes/rocks/utah_rock_big_2_d.dae"}
{"class":"TSStatic","persistentId":"0aab6024-6109-4e24-81aa-16b0e634d9fb","__parent":"objects","position":[-463.558472,281.744202,286.351624],"isRenderEnabled":false,"rotationMatrix":[0.200829566,-0.979626179,-0.00151942531,0.979282677,0.200717375,0.0268399809,-0.0259881057,-0.00687819812,0.999638736],"shapeName":"/levels/utah/art/shapes/buildings/utah_mines_walls.dae"}
{"class":"TSStatic","persistentId":"0b6a3ed7-1277-4efe-8fc1-98a3d9b5e532","__parent":"objects","position":[-551.186279,267.620209,281.601929],"isRenderEnabled":false,"shapeName":"/levels/Utah/art/shapes/rocks/utah_boulder_3.dae"}
{"class":"TSStatic","persistentId":"0bdf55fb-e18c-4eb1-820d-839fb91027ec","__parent":"objects","position":[-604.822144,293.800842,284.461243],"isRenderEnabled":false,"rotationMatrix":[0.295254618,0.955362082,0.0104325656,-0.953583419,0.293993115,0.0651731268,0.0591968447,-0.0291909948,0.997819483],"scale":[1.27778041,1.27778041,1.27778041],"shapeName":"/levels/utah/art/shapes/buildings/utah_mines_walls.dae"}
{"class":"TSStatic","persistentId":"0e2e09b9-6c42-40a5-a782-4faf29c9e482","__parent":"objects","position":[-542.138062,272.456482,289.735809],"isRenderEnabled":false,"rotationMatrix":[-0.986343622,0.164707109,-3.08587744e-07,1.30724732e-06,2.27660777e-07,-1.00000131,-0.164707452,-0.986343265,-1.49011299e-07],"shapeName":"/levels/Utah/art/shapes/rocks/utah_rock_big_2_b.dae"}
{"class":"TSStatic","persistentId":"0ec8b363-b5e8-4304-bc10-e6c7d0061c4d","__parent":"objects","position":[-108.197334,328.758514,242.847977],"isRenderEnabled":false,"rotationMatrix":[0.263075173,0.964774966,0,-0.964774966,0.263075173,0,0,0,1],"shapeName":"/levels/Utah/art/shapes/rocks/utah_rock_flat_c.dae"}
{"class":"TSStatic","persistentId":"12f3acea-885b-4c14-9ad0-845ab272ab1c","__parent":"objects","position":[-450.048981,235.409271,271.597656],"isRenderEnabled":false,"rotationMatrix":[-0.423864156,-0.905725956,0,0.905725956,-0.423864156,0,0,0,1],"shapeName":"/levels/Utah/art/shapes/rocks/utah_rock_flat_c.dae"}
{"class":"TSStatic","persistentId":"13c9fc78-e812-4ed6-816f-30e6cf327c61","__parent":"objects","position":[-306.959534,394.36795,277.792206],"isRenderEnabled":false,"rotationMatrix":[0.714573026,-0.699371576,-0.0162082538,0.695741832,0.712899745,-0.0878384113,0.0729867518,0.0514902771,0.996003211],"scale":[1.30004191,1,1.14199173],"shapeName":"/levels/utah/art/shapes/buildings/utah_mines_walls.dae"}
{"class":"TSStatic","persistentId":"1491f415-1c19-4e86-bcc6-a1d32623be45","__parent":"objects","position":[-642.679871,330.323914,285.156799],"isRenderEnabled":false,"rotationMatrix":[0.973935187,0.226826459,0,-0.226826459,0.973935187,0,0,0,1],"shapeName":"/levels/Utah/art/shapes/rocks/utah_rock_big_2_d.dae"}
{"class":"TSStatic","persistentId":"154a4f73-a5f4-43ea-a085-18256c752236","__parent":"objects","position":[-649.580627,346.340332,295.96347],"isRenderEnabled":false,"rotationMatrix":[0.989451528,0.0283978153,-0.142051533,-1.86264515e-09,0.980597377,0.196033135,0.144862413,-0.193965256,0.970254123],"shapeName":"/levels/Utah/art/shapes/rocks/utah_rock_big_2_d_top.dae"}
{"class":"TSStatic","persistentId":"16a9a513-920f-468b-a788-2b45604c4072","__parent":"objects","position":[-561.190979,269.81601,275.000427],"isRenderEnabled":false,"rotationMatrix":[0.784271836,-0.620417118,0,0.620417118,0.784271836,0,0,0,1],"shapeName":"/levels/Utah/art/shapes/rocks/utah_rock_big_2_d.dae"}
{"class":"TSStatic","persistentId":"197492a0-eb99-4635-9e49-dd39d814eec2","__parent":"objects","position":[-644.854553,346.01059,297.282715],"isRenderEnabled":false,"rotationMatrix":[0.777004957,-0.629494607,0,0.629494607,0.777004957,0,0,0,1],"shapeName":"/levels/Utah/art/shapes/rocks/utah_rock_big_2_d_top.dae"}
{"class":"TSStatic","persistentId":"1a46a6c2-2c72-40e0-82c4-13bff673c7e7","__parent":"objects","position":[-108.007645,325.115906,243.314255],"isRenderEnabled":false,"rotationMatrix":[-0.272280484,-0.96221751,0,-0.962217212,0.272280425,-7.4505806e-08,0,-2.98023224e-08,-0.999999642],"scale":[1.70936155,1.70936155,1.70936155],"shapeName":"/levels/Utah/art/shapes/rocks/utah_rock_flat_c.dae"}
{"class":"TSStatic","persistentId":"1a80ba00-1768-4644-bc5b-ab48d74eadd3","__parent":"objects","position":[-443.07962,235.571671,264.181396],"isRenderEnabled":false,"rotationMatrix":[0.715354145,-0.583017409,-0.385173917,0.638837576,0.769014537,0.022447627,0.283116937,-0.262121558,0.922570884],"shapeName":"/levels/Utah/art/shapes/rocks/utah_rock_big_2_c.dae"}
{"class":"TSStatic","persistentId":"1eab5e38-cf55-4c4b-b49b-5e8257597644","__parent":"objects","position":[-468.106171,242.823807,269.678223],"isRenderEnabled":false,"rotationMatrix":[-0.269804746,-0.959325612,-0.0830654874,0.950838029,-0.251807988,-0.180276662,0.152027458,-0.127621323,0.980102301],"shapeName":"/levels/utah/art/shapes/buildings/utah_mines_walls.dae"}
{"class":"TSStatic","persistentId":"1f4f54e0-100a-49be-a1c1-f4e24a45e674","__parent":"objects","position":[-447.541901,284.61145,286.61026],"isRenderEnabled":false,"rotationMatrix":[-0.153608009,0.988128722,0.00280556735,-0.987791121,-0.153479606,-0.0267361458,-0.0259881057,-0.00687819812,0.999638736],"shapeName":"/levels/utah/art/shapes/buildings/utah_mines_walls.dae"}
{"class":"TSStatic","persistentId":"205b945a-2943-4a9d-8153-32e9d076671a","__parent":"objects","position":[-225.308105,388.893829,270.461548],"isRenderEnabled":false,"rotationMatrix":[0.553468525,0.826919377,0.0993842557,-0.804154873,0.499504775,0.32222566,0.216811761,-0.25826171,0.94143188],"scale":[1.1494422,1,1],"shapeName":"/levels/utah/art/shapes/buildings/utah_mines_walls.dae"}
{"class":"TSStatic","persistentId":"20c9a7d8-3961-4a66-993e-e1d7359320cd","__parent":"objects","position":[-256.561829,418.819641,280.88327],"isRenderEnabled":false,"rotationMatrix":[0.705406368,0.708802462,0,-0.708802462,0.705406368,0,0,0,1],"scale":[1,1,1.1452148],"shapeName":"/levels/Utah/art/shapes/rocks/utah_rock_big_2_b.dae"}
{"class":"TSStatic","persistentId":"21e104e8-0686-49ad-b22b-5d9466425966","__parent":"objects","position":[-553.11499,279.352142,275.582397],"isRenderEnabled":false,"rotationMatrix":[0.999968171,0.00796010625,0,-0.00796010625,0.999968171,0,0,0,1],"shapeName":"/levels/Utah/art/shapes/rocks/utah_rock_big_2_d.dae"}
{"class":"TSStatic","persistentId":"2248e9ea-530a-482f-9e35-0f69c215a6c1","__parent":"objects","position":[-415.417389,293.281982,286.255524],"isRenderEnabled":false,"rotationMatrix":[-0.351740897,0.936093628,-0.00270342641,-0.935736835,-0.351683438,-0.02674664,-0.0259881057,-0.00687819812,0.999638736],"scale":[1.46089494,1.16787338,1.43570077],"shapeName":"/levels/utah/art/shapes/buildings/utah_mines_walls.dae"}
{"class":"TSStatic","persistentId":"22c5e050-2807-4365-b619-ac7abdc0c5fb","__parent":"objects","position":[-108.888084,325.365051,242.847977],"isRenderEnabled":false,"rotationMatrix":[-0.272280484,-0.96221751,0,0.96221751,-0.272280484,0,0,0,1],"shapeName":"/levels/Utah/art/shapes/rocks/utah_rock_flat_c.dae"}
{"class":"TSStatic","persistentId":"23ef0af6-5388-4e8a-bd02-8ffd3d85a693","__parent":"objects","position":[-445.384979,228.17691,264.115234],"isRenderEnabled":false,"rotationMatrix":[-0.402500629,0.915418208,0,-0.915418208,-0.402500629,0,0,0,1],"shapeName":"/levels/Utah/art/shapes/rocks/utah_rock_flat_c.dae"}
{"class":"TSStatic","persistentId":"26a645e3-419a-4319-aee4-c83d138b9b1d","__parent":"objects","position":[-104.546112,330.585938,231.70343],"isRenderEnabled":false,"rotationMatrix":[0.92404598,-0.382280499,0,0.382280499,0.92404598,0,0,0,1],"shapeName":"/levels/Utah/art/shapes/rocks/utah_rock_big_2_d.dae"}
{"class":"TSStatic","persistentId":"27bd6520-01ed-4a02-968c-2ba88a9b9887","__parent":"objects","position":[-444.5242,238.509766,257.097626],"isRenderEnabled":false,"rotationMatrix":[0.604669213,0.796476603,0,-0.796476603,0.604669213,0,0,0,1],"shapeName":"/levels/Utah/art/shapes/rocks/utah_rock_big_2_d.dae"}
{"class":"TSStatic","persistentId":"289d78c1-5428-41ee-8922-4cfc5a9c6d61","__parent":"objects","position":[-98.7202454,327.793121,238.832672],"isRenderEnabled":false,"rotationMatrix":[-0.318359971,0.947969854,0,-0.947969854,-0.318359971,0,0,0,1],"shapeName":"/levels/Utah/art/shapes/rocks/utah_rock_big_2_d_top.dae"}
{"class":"TSStatic","persistentId":"2aede5c4-633c-40c3-aab9-562c47d9fec3","__parent":"objects","position":[-446.101593,245.153351,273.161133],"isRenderEnabled":false,"rotationMatrix":[0.681461513,-0.731854796,0,0.731854796,0.681461513,0,0,0,1],"shapeName":"/levels/Utah/art/shapes/rocks/utah_rock_big_2_d_top.dae"}
{"class":"TSStatic","persistentId":"2cf9a08e-24bd-4113-9541-30d08aafeb5e","__parent":"objects","position":[-257.433075,410.518616,295.791107],"isRenderEnabled":false,"rotationMatrix":[0.937436879,-0.34815675,0,0.34815675,0.937436879,0,0,0,1],"shapeName":"/levels/Utah/art/shapes/rocks/utah_rock_big_2_b_top.dae"}
{"class":"TSStatic","persistentId":"2e6663dc-57e6-499d-beac-3cdd4c64a0de","__parent":"objects","position":[-155.728867,352.936615,247.914993],"isRenderEnabled":false,"rotationMatrix":[-0.467837155,-0.883088827,-0.035797067,0.868482292,-0.451831818,-0.203926235,0.163911015,-0.126492992,0.978331625],"scale":[1.03069997,1,1],"shapeName":"/levels/utah/art/shapes/buildings/utah_mines_walls.dae"}
{"class":"TSStatic","persistentId":"30b08ae6-bd83-4e50-a05d-cff155594304","__parent":"objects","position":[-710.241394,294.163818,272.071106],"isRenderEnabled":false,"rotationMatrix":[0.0912790745,-0.995825589,0,0.995825589,0.0912790745,0,0,0,1],"shapeName":"/levels/Utah/art/shapes/rocks/utah_rock_big_2_c.dae"}
{"class":"TSStatic","persistentId":"312e5668-a603-4b57-8c0a-8e046c99d182","__parent":"objects","position":[-327.767456,370.715393,284.949829],"isRenderEnabled":false,"rotationMatrix":[-0.698122084,0.715977132,-0.0004944065,-0.689318895,-0.671941519,0.270799994,0.193554446,0.189392224,0.962635875],"scale":[1.63549769,1,1],"shapeName":"/levels/utah/art/shapes/buildings/utah_mines_walls.dae"}
{"class":"TSStatic","persistentId":"339d9a8d-3e69-4cb8-8df9-0fcacd023481","__parent":"objects","position":[-105.294014,325.949585,243.228195],"isRenderEnabled":false,"rotationMatrix":[0.159027621,0.987274051,0,-0.969721496,0.156200305,-0.187727287,-0.185338408,0.0298538245,0.982221246],"scale":[1,1,0.672151327],"shapeName":"/levels/Utah/art/shapes/rocks/utah_rock_big_2_c.dae"}
{"class":"TSStatic","persistentId":"344f3777-6db6-450b-ab74-a305d1407e00","__parent":"objects","position":[-519.048035,262.654785,275.000427],"isRenderEnabled":false,"rotationMatrix":[0.784271836,-0.620417118,0,0.620417118,0.784271836,0,0,0,1],"shapeName":"/levels/Utah/art/shapes/rocks/utah_rock_big_2_d.dae"}
{"class":"TSStatic","persistentId":"364d86be-659a-4382-bc55-6aa9e56be123","__parent":"objects","position":[-560.050842,257.449402,274.558411],"isRenderEnabled":false,"shapeName":"/levels/Utah/art/shapes/rocks/utah_rock_big_2_b.dae"}
{"class":"TSStatic","persistentId":"374e7440-fbdc-4787-b40c-ac1f92549aa6","__parent":"objects","position":[-169.954483,359.725098,251.003571],"isRenderEnabled":false,"rotationMatrix":[0.467837274,0.883089006,0.0357970707,-0.868482471,0.451831788,0.20392628,0.163911015,-0.126492992,0.978331625],"scale":[1.03069997,1,1],"shapeName":"/levels/utah/art/shapes/buildings/utah_mines_walls.dae"}
{"class":"TSStatic","persistentId":"37abc15e-f3cc-4707-bc92-6e6182310e9d","__parent":"objects","position":[-259.939026,412.036041,286.219147],"isRenderEnabled":false,"rotationMatrix":[0.186516151,0.982274532,-0.0186093058,-0.971632242,0.187232465,0.144475684,0.145399228,-0.00886566751,0.989333391],"scale":[0.825937092,0.825937092,0.691097319],"shapeName":"/levels/Utah/art/shapes/rocks/utah_rock_big_2_b.dae"}
{"class":"TSStatic","persistentId":"37cfad94-63b9-4154-8f68-5cedc241b5c9","__parent":"objects","position":[-454.06781,225.187531,270.088287],"isRenderEnabled":false,"rotationMatrix":[0.460058928,0.887888312,0,-0.887888312,0.460058928,0,0,0,1],"shapeName":"/levels/Utah/art/shapes/rocks/utah_rock_big_2_b_top.dae"}
{"class":"TSStatic","persistentId":"396deb23-cabe-4ab7-8d41-f19af57b926d","__parent":"objects","position":[-451.031036,233.521164,272.094513],"isRenderEnabled":false,"rotationMatrix":[-0.227915943,-0.973680735,-1.84427744e-08,-0.973680735,0.227915883,8.74840964e-08,-2.98023224e-08,5.96046448e-08,-0.999999702],"shapeName":"/levels/Utah/art/shapes/rocks/utah_rock_flat_c.dae"}
{"class":"TSStatic","persistentId":"3a2d50c4-c09d-4943-a493-284976f73686","__parent":"objects","position":[-198.236069,373.853455,259.681641],"isRenderEnabled":false,"rotationMatrix":[0.467837691,0.883089125,0.0357970782,-0.844267368,0.434556007,0.313646287,0.261421889,-0.176957145,0.948865056],"scale":[1.1494422,1,1],"shapeName":"/levels/utah/art/shapes/buildings/utah_mines_walls.dae"}
{"class":"TSStatic","persistentId":"3b711a06-c1d7-4680-ad94-d7a37ce7c20e","__parent":"objects","position":[-525.960205,259.883881,282.014526],"isRenderEnabled":false,"rotationMatrix":[-0.216660976,-0.97624737,0,0.97624737,-0.216660976,0,0,0,1],"scale":[1.63263428,1.4076165,1.4076165],"shapeName":"/levels/utah/art/shapes/buildings/utah_mines_supports.dae"}
{"class":"TSStatic","persistentId":"3cc98e2f-21bc-4b66-b0c3-73c79c6f2309","__parent":"objects","position":[-106.660965,320.957642,239.424957],"isRenderEnabled":false,"rotationMatrix":[0.902280688,-0.431147784,0,0.431147784,0.902280688,0,0,0,1],"shapeName":"/levels/Utah/art/shapes/rocks/utah_rock_big_2_b_top.dae"}
{"class":"TSStatic","persistentId":"3cce2591-1089-4aa1-8dba-2f7a0df9a658","__parent":"objects","position":[-449.684814,235.031799,271.062103],"isRenderEnabled":false,"rotationMatrix":[0.137224406,0.990539968,0,-0.990539968,0.137224406,0,0,0,1],"scale":[1.0591284,1.0591284,1.0591284],"shapeName":"/levels/Utah/art/shapes/rocks/utah_rock_flat_b.dae"}
{"class":"TSStatic","persistentId":"3de0f6c5-f148-4429-8a22-f77011821846","__parent":"objects","position":[-317.210693,382.790985,280.859802],"isRenderEnabled":false,"rotationMatrix":[0.746960819,-0.664554,-0.020381581,0.649331808,0.735753,-0.192442179,0.14288424,0.130512431,0.981096983],"scale":[1.64041424,1,1],"shapeName":"/levels/utah/art/shapes/buildings/utah_mines_walls.dae"}
{"class":"TSStatic","persistentId":"3e82c0ff-4925-45d7-996f-ba74ae61d29c","__parent":"objects","position":[-261.449554,403.410461,272.16507],"isRenderEnabled":false,"rotationMatrix":[0.868789613,-0.495181292,0,0.495181292,0.868789613,0,0,0,1],"shapeName":"/levels/Utah/art/shapes/rocks/utah_rock_big_2_d.dae"}
{"class":"TSStatic","persistentId":"3f200b3c-ad21-4027-a905-ea4e1ec24a85","__parent":"objects","position":[-639.343262,313.921051,289.513702],"isRenderEnabled":false,"rotationMatrix":[0.754167736,0.652646363,-0.0726862848,-0.617951751,0.742778242,0.257712603,0.222185224,-0.149442062,0.96348393],"scale":[1.27778041,1.27778041,1.27778041],"shapeName":"/levels/utah/art/shapes/buildings/utah_mines_walls.dae"}
{"class":"TSStatic","persistentId":"3f3932a4-8501-4c58-868e-286b7f233c55","__parent":"objects","position":[-646.820251,339.671143,298.578003],"isRenderEnabled":false,"rotationMatrix":[0.426621825,0.904275537,-0.0166679583,-0.902403295,0.424361408,-0.07472381,-0.0604977645,0.046920184,0.997064352],"scale":[1.08535671,1,1],"shapeName":"/levels/Utah/art/shapes/rocks/utah_rock_flat_b.dae"}
{"class":"TSStatic","persistentId":"401d5084-e441-4f9a-a777-01cf39fb196c","__parent":"objects","position":[-114.37767,330.930328,240.056396],"isRenderEnabled":false,"rotationMatrix":[0.522015154,0.852511525,0.0268724449,-0.846065283,0.513562024,0.142919213,0.108040117,-0.0973415375,0.989369512],"scale":[1.03069997,1,1],"shapeName":"/levels/utah/art/shapes/buildings/utah_mines_walls.dae"}
{"class":"TSStatic","persistentId":"439b38fd-828e-45c5-aae0-89e6b1040f2f","__parent":"objects","position":[-452.153259,241.720016,260.264709],"isRenderEnabled":false,"rotationMatrix":[0.86783123,-0.496859252,0,0.496859252,0.86783123,0,0,0,1],"shapeName":"/levels/Utah/art/shapes/rocks/utah_rock_big_2_b.dae"}
{"class":"TSStatic","persistentId":"43e7c554-25d2-4e72-9f71-001b7911430e","__parent":"objects","position":[-623.459534,301.650482,286.402252],"isRenderEnabled":false,"rotationMatrix":[-0.456673324,-0.889498591,0.0155623993,0.874159157,-0.451908976,-0.177832514,0.165214658,-0.0676073506,0.98393774],"scale":[1.27778041,1.27778041,1.27778041],"shapeName":"/levels/utah/art/shapes/buildings/utah_mines_walls.dae"}
{"class":"TSStatic","persistentId":"4625d2e1-74c8-480a-9d27-010ff2a8da0c","__parent":"objects","position":[-524.656311,268.410309,282.684692],"isRenderEnabled":false,"rotationMatrix":[-0.258823425,0.965924919,0,-0.965924919,-0.258823425,0,0,0,1],"scale":[1.4076165,1.4076165,1.4076165],"shapeName":"/levels/utah/art/shapes/buildings/utah_mines_supports.dae"}
{"class":"TSStatic","persistentId":"49ec30cb-3c9c-40f0-a677-5748dbf23c8e","__parent":"objects","position":[-127.396454,338.642853,242.623764],"isRenderEnabled":false,"rotationMatrix":[-0.467836767,-0.883088529,-0.0357970558,0.877185702,-0.45899564,-0.140948951,0.108040117,-0.0973415375,0.989369512],"scale":[1.03069997,1,1],"shapeName":"/levels/utah/art/shapes/buildings/utah_mines_walls.dae"}
{"class":"TSStatic","persistentId":"4ed4dbeb-1b43-4af3-a386-5166322f4298","__parent":"objects","position":[-457.997864,238.804779,267.569031],"isRenderEnabled":false,"rotationMatrix":[0.412937373,0.910650134,0.0141207464,-0.895034909,0.402889937,0.191293493,0.168512329,-0.0916306898,0.981431425],"shapeName":"/levels/utah/art/shapes/buildings/utah_mines_walls.dae"}
{"class":"TSStatic","persistentId":"517c7e16-0990-4841-b0b9-a9a6bc673bf0","__parent":"objects","position":[-585.575867,287.996704,283.180023],"isRenderEnabled":false,"rotationMatrix":[-0.34150961,-0.939850807,-0.00723466137,0.935482323,-0.339158177,-0.0992245302,0.0908026025,-0.0406540334,0.995038748],"scale":[1.27778041,1.27778041,1.27778041],"shapeName":"/levels/utah/art/shapes/buildings/utah_mines_walls.dae"}
{"class":"TSStatic","persistentId":"52f7da43-8c82-41cd-82ae-c93d6da1bf7e","__parent":"objects","position":[-109.60984,325.393494,243.283203],"isRenderEnabled":false,"rotationMatrix":[0.222238049,0.974992037,0,-0.974992156,0.222238034,0,0,0,1],"shapeName":"/levels/Utah/art/shapes/rocks/utah_rock_flat_c.dae"}
{"class":"TSStatic","persistentId":"59191cc4-8a40-4f09-ba60-315c4cd0c00b","__parent":"objects","position":[-107.611542,336.443054,231.730881],"isRenderEnabled":false,"rotationMatrix":[0.13448064,-0.990916073,0,0.990916073,0.13448064,0,0,0,1],"shapeName":"/levels/Utah/art/shapes/rocks/utah_rock_big_2_b.dae"}
{"class":"TSStatic","persistentId":"595e696c-025c-4637-a25e-2a665fd0f232","__parent":"objects","position":[-526.619141,264.028046,282.564758],"isRenderEnabled":false,"shapeName":"/levels/Utah/art/shapes/rocks/utah_boulder_2.dae"}
{"class":"TSStatic","persistentId":"5a9bf793-ed80-4f81-8b66-a28e2c18b492","__parent":"objects","position":[-495.197968,275.264099,284.297211],"isRenderEnabled":false,"rotationMatrix":[0.193299174,-0.981100142,-0.00893287174,0.978499413,0.192103162,0.0750805289,-0.0719454437,-0.0232537985,0.997137547],"shapeName":"/levels/utah/art/shapes/buildings/utah_mines_walls.dae"}
{"class":"TSStatic","persistentId":"5c3cbaac-3c84-4e43-acc5-20f5bdbc6839","__parent":"objects","position":[-524.064148,252.831894,275.648621],"isRenderEnabled":false,"rotationMatrix":[0.691571176,-0.722307861,0,0.722307861,0.691571176,0,0,0,1],"shapeName":"/levels/Utah/art/shapes/rocks/utah_rock_big_2_d.dae"}
{"name":"tourism_base","class":"TSStatic","persistentId":"5f315b3e-5219-443e-b98c-822237d17825","__parent":"objects","position":[0,1.83654177e-40,100],"isRenderEnabled":false,"shapeName":"/levels/utah/art/shapes/misc/utah_mines_under_tourism_mine_base.dae"}
{"class":"TSStatic","persistentId":"616c43c6-b6c1-4d14-a81e-e84cd8e943d9","__parent":"objects","position":[-682.78595,298.584442,274.087616],"isRenderEnabled":false,"rotationMatrix":[0.208029687,-0.9780581,0.0110311117,0.972344041,0.208012596,0.106191441,-0.10615661,-0.0113651427,0.994283497],"scale":[1.07298863,1.07298863,1.07298863],"shapeName":"/levels/utah/art/shapes/buildings/utah_mines_walls.dae"}
{"class":"TSStatic","persistentId":"61751bbe-0623-461b-8633-96f300ddc75a","__parent":"objects","position":[-107.021278,328.902679,243.314255],"isRenderEnabled":false,"rotationMatrix":[-0.272280484,-0.96221751,0,-0.962217212,0.272280425,-7.4505806e-08,0,-2.98023224e-08,-0.999999642],"scale":[1.70936155,1.70936155,1.70936155],"shapeName":"/levels/Utah/art/shapes/rocks/utah_rock_flat_c.dae"}
{"class":"TSStatic","persistentId":"61a5a400-2e37-43d0-9a15-1b4a15fa2a90","__parent":"objects","position":[-550.013489,260.929047,274.558411],"isRenderEnabled":false,"rotationMatrix":[-0.999862492,0.016554825,0,-0.016554825,-0.999862492,0,0,0,1],"shapeName":"/levels/Utah/art/shapes/rocks/utah_rock_big_2_b.dae"}
{"class":"TSStatic","persistentId":"61e04d66-0b57-4bbe-b744-4bb879c5face","__parent":"objects","position":[-254.955246,412.912598,294.617065],"isRenderEnabled":false,"shapeName":"/levels/Utah/art/shapes/rocks/utah_rock_flat_b.dae"}
{"class":"TSStatic","persistentId":"63eb253c-b2bb-46eb-a873-4c144c30c9f9","__parent":"objects","position":[-570.976685,265.341705,281.873901],"isRenderEnabled":false,"rotationMatrix":[0.1072824,0.993400216,-0.04058934,-0.992780089,0.104833528,-0.0582967103,-0.0536568239,0.0465504676,0.997473896],"scale":[1.02356791,1.02356791,1.02356791],"shapeName":"/levels/utah/art/shapes/buildings/utah_mines_walls.dae"}
{"class":"TSStatic","persistentId":"6503b17b-821d-4354-97d8-b967b8d11b21","__parent":"objects","position":[-618.505859,282.774902,280.070679],"isRenderEnabled":false,"rotationMatrix":[-0.465893179,-0.882520795,0.0640461445,0.884807944,-0.464016736,0.0424735956,-0.00776533689,0.076456666,0.997042358],"scale":[1.07298863,1.07298863,1.07298863],"shapeName":"/levels/utah/art/shapes/buildings/utah_mines_walls.dae"}
{"class":"TSStatic","persistentId":"6511caba-2e6e-4069-be64-3e142269b751","__parent":"objects","position":[-540.59436,271.498077,282.323425],"isRenderEnabled":false,"rotationMatrix":[-0.244775295,-0.969578862,0,0.969578862,-0.244775295,0,0,0,1],"shapeName":"/levels/utah/art/shapes/buildings/utah_mines_supports.dae"}
{"class":"TSStatic","persistentId":"6552f284-720c-48ca-ad44-08014fe7013e","__parent":"objects","position":[-211.471542,381.667084,264.966309],"isRenderEnabled":false,"rotationMatrix":[-0.553468704,-0.826919854,-0.0993843228,0.804155648,-0.499504507,-0.322225541,0.216811761,-0.25826171,0.94143188],"scale":[1.1494422,1,1],"shapeName":"/levels/utah/art/shapes/buildings/utah_mines_walls.dae"}
{"class":"TSStatic","persistentId":"65d447df-7a4a-418e-bd1e-8c3ff8a7a21b","__parent":"objects","position":[-305.748291,405.357971,275.855042],"isRenderEnabled":false,"rotationMatrix":[-0.956689954,-0.291106582,0,0.291106582,-0.956689954,0,0,0,1],"shapeName":"/levels/Utah/art/shapes/rocks/utah_rock_big_2_d.dae"}
{"class":"TSStatic","persistentId":"6931a18d-5b55-4e7c-8bfe-04322318fc4f","__parent":"objects","position":[-649.566345,296.272369,278.016205],"isRenderEnabled":false,"rotationMatrix":[-0.312714845,-0.949019611,-0.039647758,0.948579669,-0.314180285,0.038585797,-0.0490753651,-0.0255427659,0.998467445],"scale":[1.07298863,1.07298863,1.07298863],"shapeName":"/levels/utah/art/shapes/buildings/utah_mines_walls.dae"}
{"class":"TSStatic","persistentId":"69be8dca-cd04-4cae-b3bc-2bebdf3938f8","__parent":"objects","position":[-108.875031,328.566925,243.283203],"isRenderEnabled":false,"rotationMatrix":[-0.0783887282,-0.996923864,0,0.996924102,-0.0783886909,0,0,0,1],"shapeName":"/levels/Utah/art/shapes/rocks/utah_rock_flat_c.dae"}
{"class":"TSStatic","persistentId":"6b7c8d47-3cad-4aba-911b-09579acd27fb","__parent":"objects","position":[-707.382996,283.345093,272.071106],"isRenderEnabled":false,"rotationMatrix":[-0.783113539,-0.621879041,0,0.621879041,-0.783113539,0,0,0,1],"shapeName":"/levels/Utah/art/shapes/rocks/utah_rock_big_2_c.dae"}
{"class":"TSStatic","persistentId":"6c2af9b3-01c5-4bd1-9434-728a0223906b","__parent":"objects","position":[-634.531982,290.301178,279.115448],"isRenderEnabled":false,"rotationMatrix":[0.41913572,0.907665372,-0.0216418765,-0.907480001,0.418064624,-0.0412581377,-0.028400939,0.036932312,0.998913169],"scale":[1.07298863,1.07298863,1.07298863],"shapeName":"/levels/utah/art/shapes/buildings/utah_mines_walls.dae"}
{"class":"TSStatic","persistentId":"6d3fe558-71eb-4218-b7cc-bd8ecd2f0b42","__parent":"objects","position":[-373.30368,326.152588,287.665039],"isRenderEnabled":false,"rotationMatrix":[0.709157169,-0.704917312,0.0135859968,0.704569519,0.709253848,0.0231971927,-0.0259881057,-0.00687819812,0.999638736],"scale":[1.57335889,1.24920845,1.24920845],"shapeName":"/levels/utah/art/shapes/buildings/utah_mines_walls.dae"}
{"class":"TSStatic","persistentId":"701c7899-5d2a-4097-b0d8-8844855defb7","__parent":"objects","position":[-237.182175,395.849884,275.393768],"isRenderEnabled":false,"rotationMatrix":[0.553468525,0.826919377,0.0993842557,-0.816234946,0.51480788,0.26216951,0.165629283,-0.226223096,0.959890902],"scale":[1.36651301,1,1],"shapeName":"/levels/utah/art/shapes/buildings/utah_mines_walls.dae"}
{"class":"TSStatic","persistentId":"70a9cced-9a4d-4546-a8aa-a8574530f775","__parent":"objects","position":[-451.552368,235.740326,272.830994],"isRenderEnabled":false,"rotationMatrix":[0.474102616,0.879360616,0.0441753045,-0.880469561,0.473505497,0.0237868689,-9.3122825e-09,-0.0501724184,0.998740733],"shapeName":"/levels/Utah/art/shapes/rocks/utah_rock_big_2_b_top.dae"}
{"class":"TSStatic","persistentId":"70b4bc2e-f7e3-480c-96ec-09c056080b6b","__parent":"objects","position":[-703.824097,284.429077,261.19101],"isRenderEnabled":false,"rotationMatrix":[-0.437307268,0.8993119,0,-0.8993119,-0.437307268,0,0,0,1],"shapeName":"/levels/Utah/art/shapes/rocks/utah_rock_big_2_d.dae"}
{"class":"TSStatic","persistentId":"7100f78c-7a3f-4fab-ac57-2c0b7818cb4c","__parent":"objects","position":[-99.5066223,334.152466,238.768402],"isRenderEnabled":false,"rotationMatrix":[-0.420216233,0.907423854,0,-0.907423854,-0.420216233,0,0,0,1],"shapeName":"/levels/Utah/art/shapes/rocks/utah_rock_big_2_b_top.dae"}
{"class":"TSStatic","persistentId":"71f59aa7-149a-48d7-9b66-36fe694699e0","__parent":"objects","position":[-642.389282,318.561829,289.757965],"isRenderEnabled":false,"rotationMatrix":[-0.849772274,-0.514181554,0.116210006,0.4780384,-0.844562113,-0.241234988,0.222185224,-0.149442062,0.96348393],"scale":[1.27778041,1.27778041,1.27778041],"shapeName":"/levels/utah/art/shapes/buildings/utah_mines_walls.dae"}
{"class":"TSStatic","persistentId":"723ad030-1619-4ad5-b6f9-4cc0d7f87fe3","__parent":"objects","position":[-642.979919,338.642883,284.6427],"isRenderEnabled":false,"rotationMatrix":[-0.110994659,0.992992878,-0.0405659229,-0.993819416,-0.110843688,0.00596021395,0.001421978,0.0409768075,0.999159098],"shapeName":"/levels/Utah/art/shapes/rocks/utah_rock_big_2_b.dae"}
{"class":"TSStatic","persistentId":"73fb46df-4c09-4373-9d0d-885d6b8c2ef9","__parent":"objects","position":[-254.412994,412.429871,296.884094],"isRenderEnabled":false,"rotationMatrix":[0.71145165,0.702734888,0,-0.702734888,0.71145165,0,0,0,1],"shapeName":"/levels/Utah/art/shapes/rocks/utah_rock_flat_b.dae"}
{"class":"TSStatic","persistentId":"758b5a0d-84e5-46ba-a82e-8b8c1a13fd5a","__parent":"objects","position":[-533.825806,271.547455,283.584595],"isRenderEnabled":false,"rotationMatrix":[-0.988202035,-0.153148502,0,0.153148502,-0.988202035,0,0,0,1],"shapeName":"/levels/utah/art/shapes/buildings/utah_mines_supports.dae"}
{"class":"TSStatic","persistentId":"7838efca-ed75-410a-826f-daca977c8925","__parent":"objects","position":[-653.849365,326.805511,284.335876],"isRenderEnabled":false,"rotationMatrix":[0.10025622,-0.9923715,0.0717692897,0.994958341,0.100219384,-0.00412000995,-0.00310402992,0.0718202889,0.997415721],"shapeName":"/levels/Utah/art/shapes/rocks/utah_rock_big_2_b.dae"}
{"class":"TSStatic","persistentId":"78ea4979-ea36-46b9-b87c-6d8d1792cb5d","__parent":"objects","position":[-522.690613,263.097198,291.768951],"isRenderEnabled":false,"rotationMatrix":[0.998848557,0.0479758903,-1.66533454e-15,-3.57448537e-09,7.44200008e-08,-0.999999762,-0.0479759015,0.998848319,7.4505806e-08],"shapeName":"/levels/Utah/art/shapes/rocks/utah_rock_big_2_b.dae"}
{"class":"TSStatic","persistentId":"792ebfb9-12e5-4878-bc54-acf4ad2abb52","__parent":"objects","position":[-284.081665,420.832611,277.806427],"isRenderEnabled":false,"rotationMatrix":[-0.956689954,-0.291106582,0,0.291106582,-0.956689954,0,0,0,1],"shapeName":"/levels/Utah/art/shapes/rocks/utah_rock_big_2_d.dae"}
{"class":"TSStatic","persistentId":"7d0f5ea7-78cc-43ff-a251-839b38da585c","__parent":"objects","position":[-111.005547,322.02356,241.962631],"isRenderEnabled":false,"rotationMatrix":[-0.969825745,0.243805319,0,-0.243805319,-0.969825745,0,0,0,1],"shapeName":"/levels/Utah/art/shapes/rocks/utah_rock_big_2_e.dae"}
{"class":"TSStatic","persistentId":"80b29eb7-699e-4b06-bdba-d16c5c022a31","__parent":"objects","position":[-514.479736,256.560791,280.71225],"isRenderEnabled":false,"rotationMatrix":[0.308556974,0.951155245,0.0098207593,-0.928020537,0.298754245,0.222539589,0.208735704,-0.0777800009,0.974874258],"shapeName":"/levels/utah/art/shapes/buildings/utah_mines_walls.dae"}
{"class":"TSStatic","persistentId":"85e1dff2-db00-4aa9-b8b0-38a4ad87d1c7","__parent":"objects","position":[-650.812683,337.572388,284.373138],"isRenderEnabled":false,"rotationMatrix":[0.0423020497,0.998869896,-0.0216995776,-0.999091625,0.0424086004,0.00447404711,0.00538929272,0.0214905888,0.9997558],"shapeName":"/levels/Utah/art/shapes/rocks/utah_rock_big_2_b.dae"}
{"class":"TSStatic","persistentId":"85f34cb7-973c-4e80-a3a3-01b899114cfa","__parent":"objects","position":[-650.170837,338.935394,298.465851],"isRenderEnabled":false,"rotationMatrix":[-0.952207267,0.302348197,-0.043403618,-0.304858029,-0.949551165,0.0735618994,-0.0189727619,0.0832783356,0.996345043],"scale":[1.08535671,1,1],"shapeName":"/levels/Utah/art/shapes/rocks/utah_rock_flat_b.dae"}
{"class":"TSStatic","persistentId":"885b4a5a-cec8-4074-9524-76e7eaf49c8b","__parent":"objects","position":[-113.489914,318.618866,244.538803],"isRenderEnabled":false,"rotationMatrix":[0.958317697,0.285705477,0,-0.285705477,0.958317697,0,0,0,1],"shapeName":"/levels/Utah/art/shapes/rocks/utah_rock_big_2_b_top.dae"}
{"class":"TSStatic","persistentId":"89eb06d0-23e4-499a-abaa-a14574ef36de","__parent":"objects","position":[-553.437317,272.583862,281.662933],"isRenderEnabled":false,"rotationMatrix":[0.526387453,0.850245416,0,-0.850245416,0.526387453,0,0,0,1],"scale":[1.4591161,1.4591161,1.4591161],"shapeName":"/levels/utah/art/shapes/buildings/utah_mines_supports.dae"}
{"class":"TSStatic","persistentId":"8a8a73e8-2556-4832-9d0e-0476eff09b82","__parent":"objects","position":[-522.777222,259.834503,291.27594],"isRenderEnabled":false,"rotationMatrix":[-0.996506155,0.0141274203,0.0823207721,-0.0796012506,0.137873143,-0.987245917,-0.0252969451,-0.990349114,-0.136266828],"shapeName":"/levels/Utah/art/shapes/rocks/utah_rock_big_2_b.dae"}
{"class":"TSStatic","persistentId":"8b1032d8-6177-48e6-8c9a-ce3210a23329","__parent":"objects","position":[-709.613892,277.090851,271.149231],"isRenderEnabled":false,"rotationMatrix":[-0.342319489,0.939583778,0,-0.939583778,-0.342319489,0,0,0,1],"shapeName":"/levels/Utah/art/shapes/rocks/utah_rock_big_2_b_top.dae"}
{"class":"TSStatic","persistentId":"8c305dc6-781e-4231-98ae-835b44317685","__parent":"objects","position":[-566.83606,280.105682,282.103302],"isRenderEnabled":false,"rotationMatrix":[0.442268699,0.89688313,0,-0.894927502,0.441304296,0.0660028458,0.0591968447,-0.0291909948,0.997819483],"scale":[1.27778041,1.27778041,1.27778041],"shapeName":"/levels/utah/art/shapes/buildings/utah_mines_walls.dae"}
{"class":"TSStatic","persistentId":"9003ed6f-01b8-4fa6-9cd6-16242413a69e","__parent":"objects","position":[-643.63562,333.629181,297.979767],"isRenderEnabled":false,"rotationMatrix":[-0.985443294,0.170003965,0,-0.170003965,-0.985443294,0,0,0,1],"shapeName":"/levels/Utah/art/shapes/rocks/utah_rock_big_2_d_top.dae"}
{"class":"TSStatic","persistentId":"9077d0c3-a2ab-43d8-a772-d6ae121d7751","__parent":"objects","position":[-523.137817,273.218384,275.085785],"isRenderEnabled":false,"rotationMatrix":[0.967464387,0.253008634,0,-0.253008634,0.967464387,0,0,0,1],"shapeName":"/levels/Utah/art/shapes/rocks/utah_rock_big_2_b.dae"}
{"class":"TSStatic","persistentId":"91b8550f-a120-40ae-9f45-4755e69ad44c","__parent":"objects","position":[-554.15564,265.242554,281.497528],"isRenderEnabled":false,"rotationMatrix":[0.0755908415,-0.997138083,0,0.997138083,0.0755908415,0,0,0,1],"scale":[1.4076165,1.4076165,1.4076165],"shapeName":"/levels/utah/art/shapes/buildings/utah_mines_supports.dae"}
{"class":"TSStatic","persistentId":"91bd333f-9b5e-4349-b8c4-71c66bd47184","__parent":"objects","position":[-648.112427,331.962433,294.329895],"isRenderEnabled":false,"rotationMatrix":[0.982583821,0.181969479,0.0376331881,-0.184762508,0.978322506,0.0935290828,-0.0197979789,-0.0988533273,0.994904637],"shapeName":"/levels/utah/art/shapes/buildings/utah_mines_entrance.dae"}
{"class":"TSStatic","persistentId":"937faf33-6427-4864-ad9f-a199cde8458c","__parent":"objects","position":[-184.012085,367.222046,254.780899],"isRenderEnabled":false,"rotationMatrix":[-0.467837393,-0.883089006,-0.0357970856,0.855958462,-0.442630887,-0.26723218,0.220145077,-0.155661449,0.962967157],"scale":[1.1494422,1,1],"shapeName":"/levels/utah/art/shapes/buildings/utah_mines_walls.dae"}
{"class":"TSStatic","persistentId":"94bef9e4-9a4f-4c6e-a25a-b46b84899cc2","__parent":"objects","position":[-548.608398,275.897797,275.085785],"isRenderEnabled":false,"rotationMatrix":[0.870323658,-0.492482305,0,0.492482305,0.870323658,0,0,0,1],"shapeName":"/levels/Utah/art/shapes/rocks/utah_rock_big_2_b.dae"}
{"class":"TSStatic","persistentId":"94e01e47-3b20-454b-aa0b-df20a2141329","__parent":"objects","position":[-709.265137,280.54953,271.304352],"isRenderEnabled":false,"rotationMatrix":[-0.834750116,-0.550628781,0,0.550628781,-0.834750116,0,0,0,1],"shapeName":"/levels/Utah/art/shapes/rocks/utah_rock_big_2_d_top.dae"}
{"class":"TSStatic","persistentId":"98bc6d32-7a22-408f-a1d9-11d5d14c9fbc","__parent":"objects","position":[-363.550842,332.634247,289.291656],"isRenderEnabled":false,"rotationMatrix":[0.820581198,-0.5715307,0,0.5715307,0.820581198,0,0,0,1],"shapeName":"/levels/Utah/art/shapes/rocks/utah_rock_flat_c.dae"}
{"class":"TSStatic","persistentId":"9a783fb9-0f3a-4f10-afd4-d69b23b271dd","__parent":"objects","position":[-704.760254,289.275208,269.939209],"isRenderEnabled":false,"rotationMatrix":[-0.457258195,0.889234006,-0.0133343916,-0.879624784,-0.454424232,-0.14056313,-0.131052971,-0.0525442623,0.989982128],"shapeName":"/levels/utah/art/shapes/buildings/utah_mines_entrance.dae"}
{"class":"TSStatic","persistentId":"9c2d1a01-b9ff-4780-a05f-f7243cdd3b4d","__parent":"objects","position":[-111.059456,322.02356,239.433517],"isRenderEnabled":false,"shapeName":"/levels/Utah/art/shapes/rocks/utah_rock_big_2_e.dae"}
{"class":"TSStatic","persistentId":"9d4c4a82-65b6-4794-97b7-35e8543f452b","__parent":"objects","position":[-533.529236,258.094757,287.67099],"isRenderEnabled":false,"rotationMatrix":[-0.991054714,0.133463308,-1.59250789e-07,-1.04118294e-06,2.48865433e-07,1.00000107,0.133463368,0.991054535,-2.86847467e-07],"shapeName":"/levels/Utah/art/shapes/rocks/utah_rock_big_2_b.dae"}
{"class":"TSStatic","persistentId":"9de2ba7d-d161-4cce-b08a-7bad47baa8c6","__parent":"objects","position":[-710.535461,281.100098,269.481171],"isRenderEnabled":false,"rotationMatrix":[0.820950449,0.567085505,-0.0667464212,-0.568353057,0.822785258,0,0.0549179763,0.0379355215,0.997769952],"shapeName":"/levels/Utah/art/shapes/rocks/utah_rock_big_2_b_top.dae"}
{"class":"TSStatic","persistentId":"a17d9610-2b58-4da2-a84a-b055111187e6","__parent":"objects","position":[-551.146606,276.171936,287.542389],"isRenderEnabled":false,"rotationMatrix":[0.97742027,-0.211310938,1.93104211e-06,-3.50453843e-06,3.60794729e-07,1.00000167,-0.211311579,-0.977419317,2.6077096e-08],"scale":[1.18859303,1.18859303,1.18859303],"shapeName":"/levels/Utah/art/shapes/rocks/utah_rock_big_2_b.dae"}
{"class":"TSStatic","persistentId":"a1bc64d5-7609-4d77-a58a-286b462e9246","__parent":"objects","position":[-710.510071,302.143311,272.071106],"isRenderEnabled":false,"rotationMatrix":[0.0912790745,-0.995825589,0,0.995825589,0.0912790745,0,0,0,1],"shapeName":"/levels/Utah/art/shapes/rocks/utah_rock_big_2_c.dae"}
