{"name":"blrwp_trackwp1","class":"BeamNGWaypoint","__parent":"TrackWaypoints","position":[93.0023346,-182.068207,124.699005],"rotationMatrix":[0.150622278,0.988591194,-2.98023188e-08,-0.98843199,0.150598019,-0.0179460887,-0.0177412555,0.00270314305,0.999838769],"scale":[3.4383316,3.4383316,3.4383316]}
{"name":"blrwp_trackwp2","class":"BeamNGWaypoint","__parent":"TrackWaypoints","position":[28.8192406,-232.24736,124.074692],"rotationMatrix":[0.150622278,0.988591194,-2.98023188e-08,-0.98843199,0.150598019,-0.0179460887,-0.0177412555,0.00270314305,0.999838769],"scale":[3.18270087,3.18270087,3.18270087]}
{"name":"blrwp_trackwp3","class":"BeamNGWaypoint","__parent":"TrackWaypoints","position":[21.1368465,-358.383606,127.700645],"rotationMatrix":[0.150622278,0.988591194,-2.98023188e-08,-0.98843199,0.150598019,-0.0179460887,-0.0177412555,0.00270314305,0.999838769],"scale":[3.4383316,3.4383316,3.4383316]}
{"name":"blrwp_trackwp4","class":"BeamNGWaypoint","__parent":"TrackWaypoints","position":[158.616287,-461.649963,142.16188],"rotationMatrix":[0.150622278,0.988591194,-2.98023188e-08,-0.98843199,0.150598019,-0.0179460887,-0.0177412555,0.00270314305,0.999838769],"scale":[3.4383316,3.4383316,3.4383316]}
{"name":"blrwp_trackwp5","class":"BeamNGWaypoint","__parent":"TrackWaypoints","position":[43.1534004,-649.713989,132.288361],"rotationMatrix":[0.150622278,0.988591194,-2.98023188e-08,-0.98843199,0.150598019,-0.0179460887,-0.0177412555,0.00270314305,0.999838769],"scale":[3.4383316,3.4383316,3.4383316]}
{"name":"blrwp_trackwp6","class":"BeamNGWaypoint","__parent":"TrackWaypoints","position":[-89.5041656,-451.58728,124.990074],"rotationMatrix":[0.150622278,0.988591194,-2.98023188e-08,-0.98843199,0.150598019,-0.0179460887,-0.0177412555,0.00270314305,0.999838769],"scale":[3.4383316,3.4383316,3.4383316]}
{"name":"blrwp_trackwp7","class":"BeamNGWaypoint","__parent":"TrackWaypoints","position":[-290.365326,-315.760529,121.467812],"rotationMatrix":[0.150622278,0.988591194,-2.98023188e-08,-0.98843199,0.150598019,-0.0179460887,-0.0177412555,0.00270314305,0.999838769],"scale":[3.4383316,3.4383316,3.4383316]}
{"name":"blrwp_trackwp8","class":"BeamNGWaypoint","__parent":"TrackWaypoints","position":[-301.028931,-272.649323,119.151863],"rotationMatrix":[0.150622278,0.988591194,-2.98023188e-08,-0.98843199,0.150598019,-0.0179460887,-0.0177412555,0.00270314305,0.999838769],"scale":[3.4383316,3.4383316,3.4383316]}
{"name":"blrwp_trackwp9","class":"BeamNGWaypoint","__parent":"TrackWaypoints","position":[-44.6537323,-24.812912,119.471619],"rotationMatrix":[0.150622278,0.988591194,-2.98023188e-08,-0.98843199,0.150598019,-0.0179460887,-0.0177412555,0.00270314305,0.999838769],"scale":[3.4383316,3.4383316,3.4383316]}
{"name":"blrwp_trackwp10","class":"BeamNGWaypoint","__parent":"TrackWaypoints","position":[18.6503487,21.0271683,119.472145],"rotationMatrix":[0.150622278,0.988591194,-2.98023188e-08,-0.98843199,0.150598019,-0.0179460887,-0.0177412555,0.00270314305,0.999838769],"scale":[3.4383316,3.4383316,3.4383316]}
{"name":"blrwp_trackwp11","class":"BeamNGWaypoint","__parent":"TrackWaypoints","position":[119.631683,94.4239655,119.474098],"rotationMatrix":[0.150622278,0.988591194,-2.98023188e-08,-0.98843199,0.150598019,-0.0179460887,-0.0177412555,0.00270314305,0.999838769],"scale":[3.4383316,3.4383316,3.4383316]}
{"name":"blrwp_trackwp12","class":"BeamNGWaypoint","__parent":"TrackWaypoints","position":[159.298889,165.37085,119.475227],"rotationMatrix":[0.150622278,0.988591194,-2.98023188e-08,-0.98843199,0.150598019,-0.0179460887,-0.0177412555,0.00270314305,0.999838769],"scale":[3.12032604,3.12032604,3.12032604]}
{"name":"blrwp_trackwp13","class":"BeamNGWaypoint","__parent":"TrackWaypoints","position":[244.860703,184.436188,119.476166],"rotationMatrix":[0.150622278,0.988591194,-2.98023188e-08,-0.98843199,0.150598019,-0.0179460887,-0.0177412555,0.00270314305,0.999838769],"scale":[3.4383316,3.4383316,3.4383316]}
{"name":"blrwp_trackwp14","class":"BeamNGWaypoint","__parent":"TrackWaypoints","position":[656.710938,608.875549,123.856499],"rotationMatrix":[0.150622278,0.988591194,-2.98023188e-08,-0.98843199,0.150598019,-0.0179460887,-0.0177412555,0.00270314305,0.999838769],"scale":[3.4383316,3.4383316,3.4383316]}
{"name":"blrwp_trackwp15","class":"BeamNGWaypoint","__parent":"TrackWaypoints","position":[832.492432,472.845032,146.621658],"rotationMatrix":[0.150622278,0.988591194,-2.98023188e-08,-0.98843199,0.150598019,-0.0179460887,-0.0177412555,0.00270314305,0.999838769],"scale":[3.4383316,3.4383316,3.4383316]}
{"name":"blrwp_trackwp16","class":"BeamNGWaypoint","__parent":"TrackWaypoints","position":[792.630493,338.826691,156.996124],"rotationMatrix":[0.150622278,0.988591194,-2.98023188e-08,-0.98843199,0.150598019,-0.0179460887,-0.0177412555,0.00270314305,0.999838769],"scale":[3.4383316,3.4383316,3.4383316]}
{"name":"blrwp_trackwp17","class":"BeamNGWaypoint","__parent":"TrackWaypoints","position":[872.384521,181.616348,160.988724],"rotationMatrix":[0.150622278,0.988591194,-2.98023188e-08,-0.98843199,0.150598019,-0.0179460887,-0.0177412555,0.00270314305,0.999838769],"scale":[3.4383316,3.4383316,3.4383316]}
{"name":"blrwp_trackwp18","class":"BeamNGWaypoint","__parent":"TrackWaypoints","position":[703.460754,-171.114288,146.764008],"rotationMatrix":[0.150622278,0.988591194,-2.98023188e-08,-0.98843199,0.150598019,-0.0179460887,-0.0177412555,0.00270314305,0.999838769],"scale":[3.4383316,3.4383316,3.4383316]}
{"name":"blrwp_trackwp19","class":"BeamNGWaypoint","__parent":"TrackWaypoints","position":[-3.71900368,30.1119881,119.435173],"rotationMatrix":[0.150622278,0.988591194,-2.98023188e-08,-0.98843199,0.150598019,-0.0179460887,-0.0177412555,0.00270314305,0.999838769],"scale":[3.4383316,3.4383316,3.4383316]}
{"name":"blrwp_trackwp20","class":"BeamNGWaypoint","__parent":"TrackWaypoints","position":[97.5773239,-16.0724277,123.675148],"rotationMatrix":[0.150622278,0.988591194,-2.98023188e-08,-0.98843199,0.150598019,-0.0179460887,-0.0177412555,0.00270314305,0.999838769],"scale":[3.4383316,3.4383316,3.4383316]}
{"name":"blrwp_trackwp21","class":"BeamNGWaypoint","__parent":"TrackWaypoints","position":[111.698013,-77.1869736,128.338882],"rotationMatrix":[0.150622278,0.988591194,-2.98023188e-08,-0.98843199,0.150598019,-0.0179460887,-0.0177412555,0.00270314305,0.999838769],"scale":[3.4383316,3.4383316,3.4383316]}
{"name":"blrwp_trackwp22","class":"BeamNGWaypoint","__parent":"TrackWaypoints","position":[97.6911774,-112.947815,127.442154],"rotationMatrix":[0.150622278,0.988591194,-2.98023188e-08,-0.98843199,0.150598019,-0.0179460887,-0.0177412555,0.00270314305,0.999838769],"scale":[3.4383316,3.4383316,3.4383316]}
{"name":"blrwp_trackwp23","class":"BeamNGWaypoint","__parent":"TrackWaypoints","position":[260.868866,-84.4646378,131.11673],"rotationMatrix":[0.150622189,0.988333523,-0.0225850753,-0.988432348,0.15014869,-0.0213818979,-0.0177413188,0.0255444068,0.999516249],"scale":[4.30758429,4.30758429,4.30758429]}
{"name":"blrwp_trackwp24","class":"BeamNGWaypoint","__parent":"TrackWaypoints","position":[552.120728,148.735535,146.00705],"rotationMatrix":[0.150622278,0.988591194,-2.98023188e-08,-0.98843199,0.150598019,-0.0179460887,-0.0177412555,0.00270314305,0.999838769],"scale":[3.4383316,3.4383316,3.4383316]}
{"name":"blrwp_trackwp25","class":"BeamNGWaypoint","__parent":"TrackWaypoints","position":[658.392212,134.570312,148.400253],"rotationMatrix":[0.150622278,0.988591194,-2.98023188e-08,-0.98843199,0.150598019,-0.0179460887,-0.0177412555,0.00270314305,0.999838769],"scale":[3.4383316,3.4383316,3.4383316]}
{"name":"blrwp_trackwp26","class":"BeamNGWaypoint","__parent":"TrackWaypoints","position":[715.124268,369.189056,152.411102],"rotationMatrix":[0.150622278,0.988591194,-2.98023188e-08,-0.98843199,0.150598019,-0.0179460887,-0.0177412555,0.00270314305,0.999838769],"scale":[3.4383316,3.4383316,3.4383316]}
{"name":"blrwp_trackaiwp1","class":"BeamNGWaypoint","__parent":"TrackWaypoints","position":[127.988907,-192.896454,126.88652],"rotationMatrix":[0.150622278,0.988591194,-2.98023188e-08,-0.98843199,0.150598019,-0.0179460887,-0.0177412555,0.00270314305,0.999838769],"scale":[3.4383316,3.4383316,3.4383316]}
{"name":"blrwp_trackaiwp2","class":"BeamNGWaypoint","__parent":"TrackWaypoints","position":[149.221039,136.536743,119.461334],"rotationMatrix":[0.150622278,0.988591194,-2.98023188e-08,-0.98843199,0.150598019,-0.0179460887,-0.0177412555,0.00270314305,0.999838769],"scale":[3.4383316,3.4383316,3.4383316]}
{"name":"blrwp_trackaiwp3","class":"BeamNGWaypoint","__parent":"TrackWaypoints","position":[123.881744,-446.511261,140.014618],"rotationMatrix":[0.150622278,0.988591194,-2.98023188e-08,-0.98843199,0.150598019,-0.0179460887,-0.0177412555,0.00270314305,0.999838769],"scale":[3.4383316,3.4383316,3.4383316]}
{"name":"blrwp_trackaiwp4","class":"BeamNGWaypoint","__parent":"TrackWaypoints","position":[-73.5181274,-495.555878,126.313622],"rotationMatrix":[0.150622278,0.988591194,-2.98023188e-08,-0.98843199,0.150598019,-0.0179460887,-0.0177412555,0.00270314305,0.999838769],"scale":[3.4383316,3.4383316,3.4383316]}
{"name":"blrwp_trackaiwp5","class":"BeamNGWaypoint","__parent":"TrackWaypoints","position":[-70.4674683,-42.9428177,119.062599],"rotationMatrix":[0.150622278,0.988591194,-2.98023188e-08,-0.98843199,0.150598019,-0.0179460887,-0.0177412555,0.00270314305,0.999838769],"scale":[3.4383316,3.4383316,3.4383316]}
{"name":"blrwp_dirtovalwp1","class":"BeamNGWaypoint","__parent":"TrackWaypoints","position":[353.970306,35.8223228,127.745743],"rotationMatrix":[0.786323309,0.617815018,0,-0.61446923,0.782064974,-0.103931256,-0.0642103329,0.0817235634,0.994584382],"scale":[5.87807608,5.87807608,5.87807608]}
{"name":"blrwp_dirtovalwp2","class":"BeamNGWaypoint","__parent":"TrackWaypoints","position":[428.33783,158.847839,127.715767],"rotationMatrix":[0.778108478,0.6198048,0.101927787,-0.623013794,0.782210767,-0.000447597355,-0.0800064355,-0.0631541312,0.994791687],"scale":[5.87807608,5.87807608,5.87807608]}
{"name":"blrwp_dirtovalwp3","class":"BeamNGWaypoint","__parent":"TrackWaypoints","position":[289.924133,124.484779,127.842346],"rotationMatrix":[0.779495895,0.62635988,0.00770896301,-0.623944461,0.775282204,0.0981366187,0.055492226,-0.0813070536,0.995143116],"scale":[5.87807608,5.87807608,5.87807608]}
{"name":"blrwp_dirtovalwp4","class":"BeamNGWaypoint","__parent":"TrackWaypoints","position":[213.361526,2.81124687,127.732536],"rotationMatrix":[0.770001769,0.630177855,-0.0998655632,-0.631634116,0.775000393,0.0203142948,0.0901974663,0.0474364646,0.994793534],"scale":[5.87807608,5.87807608,5.87807608]}
{"name":"blrwp_dirtovalwp5","class":"BeamNGWaypoint","__parent":"TrackWaypoints","position":[317.270782,46.5695992,126.846771],"rotationMatrix":[0.774848938,0.632041931,-0.0114963287,-0.631878972,0.774921954,0.0150001412,0.0183894746,-0.00435855705,0.999821424],"scale":[5.87807608,5.87807608,5.87807608]}
{"name":"blrwp_dirtovalwp6","class":"BeamNGWaypoint","__parent":"TrackWaypoints","position":[326.411316,116.863708,126.805756],"rotationMatrix":[0.774848938,0.632041812,-0.0114963241,-0.632124782,0.774844646,-0.00582986698,0.00522314431,0.0117843784,0.999916911],"scale":[5.87807608,5.87807608,5.87807608]}
{"name":"blrwp_dirtovalwp7","class":"BeamNGWaypoint","__parent":"TrackWaypoints","position":[362.320496,75.783287,126.717911],"rotationMatrix":[0.774916291,0.632062495,-0.00130436383,-0.632058322,0.77491653,0.00259203766,0.00264910283,-0.00118417828,0.999995768],"scale":[4.61958313,4.61958313,4.61958313]}
{"name":"blrwp_dirtovalwp8","class":"BeamNGWaypoint","__parent":"TrackWaypoints","position":[283.298218,82.4318542,126.970268],"rotationMatrix":[0.774916291,0.632062495,-0.0013043636,-0.632063806,0.774913907,-0.00194092793,-0.000216018292,0.00232849782,0.999997258],"scale":[5.87807608,5.87807608,5.87807608]}
{"name":"blrwp_trackaiwp6","class":"BeamNGWaypoint","__parent":"TrackWaypoints","position":[90.7969742,73.5732193,119.062599],"rotationMatrix":[0.150622278,0.988591194,-2.98023188e-08,-0.98843199,0.150598019,-0.0179460887,-0.0177412555,0.00270314305,0.999838769],"scale":[3.4383316,3.4383316,3.4383316]}
{"name":"blrwp_trackaiwp7","class":"BeamNGWaypoint","__parent":"TrackWaypoints","position":[855.863953,206.309509,160.414047],"rotationMatrix":[0.150622278,0.988591194,-2.98023188e-08,-0.98843199,0.150598019,-0.0179460887,-0.0177412555,0.00270314305,0.999838769],"scale":[3.4383316,3.4383316,3.4383316]}
{"name":"blrwp_trackwp27","class":"BeamNGWaypoint","__parent":"TrackWaypoints","position":[369.020721,-252.312454,144.781693],"rotationMatrix":[0.150622278,0.988591194,-2.98023188e-08,-0.98843199,0.150598019,-0.0179460887,-0.0177412555,0.00270314305,0.999838769],"scale":[3.4383316,3.4383316,3.4383316]}
{"name":"blrwp_trackwp28","class":"BeamNGWaypoint","__parent":"TrackWaypoints","position":[-161.665665,-455.056244,124.693565],"rotationMatrix":[0.150622189,0.987961471,-0.0352904871,-0.988432348,0.149861276,-0.0233106334,-0.0177413225,0.0383933559,0.999105215],"scale":[3.4383316,3.4383316,3.4383316]}
{"name":"blrwp_trackwp29","class":"BeamNGWaypoint","__parent":"TrackWaypoints","position":[-275.197754,-194.998337,119.553154],"rotationMatrix":[0.148643851,0.988871813,0.00615229923,-0.988890529,0.148646533,1.90199353e-05,-0.000895710429,-0.00608677696,0.999981046],"scale":[3.4383316,3.4383316,3.4383316]}
{"name":"blrwp_trackwp30","class":"BeamNGWaypoint","__parent":"TrackWaypoints","position":[724.069275,-151.623154,147.215912],"rotationMatrix":[0.150622278,0.988591194,-2.98023188e-08,-0.98843199,0.150598019,-0.0179460887,-0.0177412555,0.00270314305,0.999838769],"scale":[3.0189569,3.0189569,3.0189569]}
{"name":"blrwp_trackwp31","class":"BeamNGWaypoint","__parent":"TrackWaypoints","position":[822.443176,384.090454,153.27623],"rotationMatrix":[0.149565995,0.982301116,-0.112760335,-0.988716483,0.147618651,-0.0254735239,-0.00837711617,0.115297958,0.99329561],"scale":[3.4383316,3.4383316,3.4383316]}
