{"class":"TSStatic","persistentId":"439af65d-5ab5-4b47-ab86-c55cb7f73033","__parent":"direction_signs","position":[-1636.50195,1272.86572,166.939148],"annotation":"TRAFFIC_SIGNS","isRenderEnabled":false,"rotationMatrix":[0.250930518,0.968004882,0,-0.968004882,0.250930518,0,0,0,1],"shapeName":"/levels/italy/art/shapes/signs/italy_road_sign_dir_portino_l.dae"}
{"class":"TSStatic","persistentId":"01575d4b-a060-4aca-97da-2605b1141ea8","__parent":"direction_signs","position":[-1636.50049,1272.85681,168.14328],"annotation":"TRAFFIC_SIGNS","isRenderEnabled":false,"rotationMatrix":[0.258819103,0.965925574,0,-0.965925574,0.258819103,0,0,0,1],"shapeName":"/levels/italy/art/shapes/signs/italy_road_sign_dir_concaazzurra_r.dae"}
{"class":"TSStatic","persistentId":"01d408af-f52c-418e-bfa3-781334337bc4","__parent":"direction_signs","position":[1734.88367,-1278.75879,171.818466],"annotation":"TRAFFIC_SIGNS","isRenderEnabled":false,"rotationMatrix":[-0.707106709,0.707106829,0,-0.707106829,-0.707106709,0,0,0,1],"shapeName":"/levels/italy/art/shapes/signs/italy_road_sign_dir_cittavechia_r.dae"}
{"class":"TSStatic","persistentId":"0207807e-0941-49a1-8e92-6096a23b1117","__parent":"direction_signs","position":[-252.262466,400.34082,181.78215],"annotation":"TRAFFIC_SIGNS","isRenderEnabled":false,"rotationMatrix":[-0.86602515,-0.499999881,0,0.499999881,-0.86602515,0,0,0,1],"shapeName":"/levels/italy/art/shapes/signs/italy_road_sign_dir_lucera_l.dae"}
{"class":"TSStatic","persistentId":"02504c13-cd05-4dbf-9d8c-a47d985ebcb5","__parent":"direction_signs","position":[135.902313,508.803986,181.757202],"annotation":"TRAFFIC_SIGNS","isRenderEnabled":false,"rotationMatrix":[0.0871556997,-0.99619472,0,0.99619472,0.0871556997,0,0,0,1],"shapeName":"/levels/italy/art/shapes/signs/italy_road_sign_dir_lucera_r.dae"}
{"name":"poles150","class":"TSStatic","persistentId":"027501a7-6228-4f62-8f76-aa8f8f1ca568","__parent":"direction_signs","position":[851.020996,461.488922,179.816498],"annotation":"TRAFFIC_SIGNS","isRenderEnabled":false,"rotationMatrix":[0.866025507,0.49999994,0,-0.49999994,0.866025507,0,0,0,1],"shapeName":"/levels/italy/art/shapes/signs/italy_road_sign_twin_poles.dae"}
{"class":"TSStatic","persistentId":"030f68da-5c7c-4945-9220-e112682d7d0b","__parent":"direction_signs","position":[17.9466839,-1464.96631,441.448395],"annotation":"TRAFFIC_SIGNS","isRenderEnabled":false,"rotationMatrix":[-0.142738327,0.989760399,0,-0.989760399,-0.142738327,0,0,0,1],"shapeName":"/levels/italy/art/shapes/signs/italy_road_sign_dir_portino_l.dae"}
{"class":"TSStatic","persistentId":"03156978-91f0-4eae-909e-e3cb80ccf218","__parent":"direction_signs","position":[-1090.67725,608.776245,343.054077],"annotation":"TRAFFIC_SIGNS","isRenderEnabled":false,"shapeName":"/levels/italy/art/shapes/signs/italy_road_sign_dir_lucera_r.dae"}
{"class":"TSStatic","persistentId":"032b2058-e9ae-4990-8aa2-09fb878f0a35","__parent":"direction_signs","position":[1432.09656,810.602417,210.648087],"annotation":"TRAFFIC_SIGNS","isRenderEnabled":false,"rotationMatrix":[-1,8.94069672e-08,0,-8.94069672e-08,-1,0,0,0,1],"shapeName":"/levels/italy/art/shapes/signs/italy_road_sign_dir_cittavechia_l.dae"}
{"class":"TSStatic","persistentId":"03bf8067-bc7c-4376-8d25-543f8910d572","__parent":"direction_signs","position":[-548.561401,21.3785172,195.406693],"annotation":"TRAFFIC_SIGNS","isRenderEnabled":false,"rotationMatrix":[-0.258818805,0.965925276,0,-0.965925276,-0.258818805,0,0,0,1],"shapeName":"/levels/italy/art/shapes/signs/italy_road_sign_dir_castelletto_r.dae"}
{"class":"TSStatic","persistentId":"04bcf669-ce16-45b4-bc05-26b50d1368b0","__parent":"direction_signs","position":[-626.095703,-234.055328,234.09729],"annotation":"TRAFFIC_SIGNS","isRenderEnabled":false,"rotationMatrix":[-0.86602515,0.499999881,0,-0.499999881,-0.86602515,0,0,0,1],"shapeName":"/levels/italy/art/shapes/signs/italy_road_sign_dir_lucera_l.dae"}
{"name":"poles128","class":"TSStatic","persistentId":"0691f97d-b785-4e92-9201-5532a0892dc8","__parent":"direction_signs","position":[1432.09802,810.581482,207.72467],"annotation":"TRAFFIC_SIGNS","isRenderEnabled":false,"rotationMatrix":[-0.999999285,1.72792724e-07,0.000598020444,4.93779488e-08,-0.999999523,0.000345266308,0.000598020037,0.000345266773,0.999999762],"shapeName":"/levels/italy/art/shapes/signs/italy_road_sign_twin_poles.dae"}
{"class":"TSStatic","persistentId":"078dbaac-a949-40d3-9003-46f025473cca","__parent":"direction_signs","position":[1247.62354,858.597473,184.142532],"annotation":"TRAFFIC_SIGNS","isRenderEnabled":false,"rotationMatrix":[0.866025388,0.5,0,-0.5,0.866025388,0,0,0,1],"shapeName":"/levels/italy/art/shapes/signs/italy_road_sign_dir_lucera_l.dae"}
{"class":"TSStatic","persistentId":"09496a14-8544-4963-b462-5c6cbb314b43","__parent":"direction_signs","position":[-351.204895,902.883789,210.06839],"annotation":"TRAFFIC_SIGNS","isRenderEnabled":false,"rotationMatrix":[-0.965925455,0.258819044,0,-0.258819044,-0.965925455,0,0,0,1],"shapeName":"/levels/italy/art/shapes/signs/italy_road_sign_dir_castelletto_r.dae"}
{"class":"TSStatic","persistentId":"094c4b40-4493-47ba-bf85-b08f5cf2170b","__parent":"direction_signs","position":[-60.1510582,-945.04248,467.190369],"annotation":"TRAFFIC_SIGNS","isRenderEnabled":false,"rotationMatrix":[0.258819222,-0.965925813,0,0.965925813,0.258819222,0,0,0,1],"shapeName":"/levels/italy/art/shapes/signs/italy_road_sign_dir_norte_l.dae"}
{"class":"TSStatic","persistentId":"0961b8a1-42dc-4a3d-8a52-a29d989d9486","__parent":"direction_signs","position":[-226.772919,826.328613,208.768372],"annotation":"TRAFFIC_SIGNS","isRenderEnabled":false,"rotationMatrix":[-0.866025269,0.499999821,0,-0.499999821,-0.866025269,0,0,0,1],"shapeName":"/levels/italy/art/shapes/signs/italy_road_sign_dir_aeroporto_l.dae"}
{"name":"poles147","class":"TSStatic","persistentId":"09db92b1-30ea-4e8c-9055-c40ee4d3fcb2","__parent":"direction_signs","position":[-844.431091,83.7070999,241.288406],"annotation":"TRAFFIC_SIGNS","isRenderEnabled":false,"rotationMatrix":[0.993042886,0.0171061065,0.11650452,1.86264515e-09,0.989392042,-0.145270303,-0.117753655,0.144259647,0.982508719],"shapeName":"/levels/italy/art/shapes/signs/italy_road_sign_twin_poles.dae"}
{"class":"TSStatic","persistentId":"09fb6a4a-d9f2-42a7-a48d-ae7040d316fe","__parent":"direction_signs","position":[-339.632965,914.156677,211.504456],"annotation":"TRAFFIC_SIGNS","isRenderEnabled":false,"rotationMatrix":[0.258819044,-0.965925753,0,0.965925753,0.258819044,0,0,0,1],"shapeName":"/levels/italy/art/shapes/signs/italy_road_sign_dir_aeroporto_r.dae"}
{"class":"TSStatic","persistentId":"0a43c901-ee8f-46af-9b37-5fd267301645","__parent":"direction_signs","position":[-73.2168121,-939.406433,467.014069],"annotation":"TRAFFIC_SIGNS","isRenderEnabled":false,"rotationMatrix":[0.965925872,0.258818954,0,-0.258818954,0.965925872,0,0,0,1],"shapeName":"/levels/italy/art/shapes/signs/italy_road_sign_dir_fastello_r.dae"}
{"class":"TSStatic","persistentId":"0b02a55c-1800-4d58-b293-4c816b1180f0","__parent":"direction_signs","position":[-1000.56476,409.694946,292.288361],"annotation":"TRAFFIC_SIGNS","isRenderEnabled":false,"rotationMatrix":[0.804719687,-0.59365505,0,0.59365505,0.804719746,0,0,0,1],"shapeName":"/levels/italy/art/shapes/signs/italy_road_sign_dir_lucera_r.dae"}
{"class":"TSStatic","persistentId":"0b944fa6-43da-4fc8-8519-0f5f9dbf2545","__parent":"direction_signs","position":[-1631.67749,1314.82214,165.995743],"annotation":"TRAFFIC_SIGNS","isRenderEnabled":false,"rotationMatrix":[-0.70710659,0.70710665,0,-0.70710665,-0.70710659,0,0,0,1],"shapeName":"/levels/italy/art/shapes/signs/italy_road_sign_dir_concaazzurra_r.dae"}
{"class":"TSStatic","persistentId":"0bb8627b-5e6f-4b66-aadc-8dc57a451d4b","__parent":"direction_signs","position":[1247.62488,858.606079,184.92157],"annotation":"TRAFFIC_SIGNS","isRenderEnabled":false,"rotationMatrix":[0.866025388,0.5,0,-0.5,0.866025388,0,0,0,1],"shapeName":"/levels/italy/art/shapes/signs/italy_road_sign_dir_norte_r.dae"}
{"name":"poles124","class":"TSStatic","persistentId":"0c049b3f-8b6b-496e-bf4a-8374ae499c33","__parent":"direction_signs","position":[747.967285,168.364792,185.818695],"annotation":"TRAFFIC_SIGNS","isRenderEnabled":false,"rotationMatrix":[0.258818835,-0.965925217,0.000667004555,0.965925217,0.258818835,-0.00017872348,0,0.000690534245,0.999999762],"shapeName":"/levels/italy/art/shapes/signs/italy_road_sign_twin_poles.dae"}
{"class":"TSStatic","persistentId":"0d1f6fc1-87ad-47be-9d68-f6ddeb9e931e","__parent":"direction_signs","position":[-1000.56567,409.694641,293.077789],"annotation":"TRAFFIC_SIGNS","isRenderEnabled":false,"rotationMatrix":[0.804719687,-0.59365505,0,0.59365505,0.804719746,0,0,0,1],"shapeName":"/levels/italy/art/shapes/signs/italy_road_sign_dir_norte_r.dae"}
{"class":"TSStatic","persistentId":"0d8a2c62-8889-4b7d-9279-c098d86c9397","__parent":"direction_signs","position":[1488.58899,926.739563,214.936356],"annotation":"TRAFFIC_SIGNS","isRenderEnabled":false,"rotationMatrix":[0.965925872,0.258819222,0,-0.258819193,0.965925813,0,0,0,1],"shapeName":"/levels/italy/art/shapes/signs/italy_road_sign_dir_aeroporto_l.dae"}
{"class":"TSStatic","persistentId":"0dcf9f63-0a96-4f60-905a-606761477c4c","__parent":"direction_signs","position":[-163.861877,639.687744,198.289154],"annotation":"TRAFFIC_SIGNS","isRenderEnabled":false,"rotationMatrix":[0.258819014,-0.965925694,0,0.965925694,0.258819014,0,0,0,1],"shapeName":"/levels/italy/art/shapes/signs/italy_road_sign_dir_norte_r.dae"}
{"class":"TSStatic","persistentId":"0e572c63-81cf-4165-b4ae-6fa7180f6f28","__parent":"direction_signs","position":[-351.204132,902.882385,210.459747],"annotation":"TRAFFIC_SIGNS","isRenderEnabled":false,"rotationMatrix":[-0.965925574,0.258819014,0,-0.258819014,-0.965925574,0,0,0,1],"shapeName":"/levels/italy/art/shapes/signs/italy_road_sign_dir_villapace_l.dae"}
{"name":"poles135","class":"TSStatic","persistentId":"0e678fdd-3000-40b0-84e7-8e28b49faf34","__parent":"direction_signs","position":[-343.240479,-1743.33459,156.008957],"annotation":"TRAFFIC_SIGNS","isRenderEnabled":false,"rotationMatrix":[0.474514067,-0.880247653,0.00069053442,0.880247891,0.474514186,4.07453432e-10,-0.000327668735,0.000607841299,0.999999762],"shapeName":"/levels/italy/art/shapes/signs/italy_road_sign_twin_poles.dae"}
{"name":"poles149","class":"TSStatic","persistentId":"0e9eb886-7e6a-4f84-a8cb-f8e9546472cf","__parent":"direction_signs","position":[-411.591034,-573.361755,405.13504],"annotation":"TRAFFIC_SIGNS","isRenderEnabled":false,"rotationMatrix":[0.317387611,-0.948295653,0.000345267501,0.948295712,0.31738764,-0.000598019338,0.000457515504,0.000517219654,0.999999762],"shapeName":"/levels/italy/art/shapes/signs/italy_road_sign_twin_poles.dae"}
{"class":"TSStatic","persistentId":"0eb51382-f2fb-461f-9569-011dbb4f585e","__parent":"direction_signs","position":[1215.93042,120.534096,258.839203],"annotation":"TRAFFIC_SIGNS","isRenderEnabled":false,"rotationMatrix":[-0.999999523,-7.4505806e-08,0,7.4505806e-08,-0.999999523,0,0,0,1],"shapeName":"/levels/italy/art/shapes/signs/italy_road_sign_dir_cittavechia_l.dae"}
{"name":"poles60","class":"TSStatic","persistentId":"0eca4cb9-91e0-449f-9c2f-1a9f81a80e19","__parent":"direction_signs","position":[289.848602,-590.60144,345.820953],"annotation":"TRAFFIC_SIGNS","isRenderEnabled":false,"rotationMatrix":[0.70710659,0.707106292,-0.000488281425,-0.707106531,0.707106352,-0.00048828125,0,0.000690534245,0.999999762],"shapeName":"/levels/italy/art/shapes/signs/italy_road_sign_twin_poles.dae"}
{"class":"TSStatic","persistentId":"0f38fc53-cecb-4fed-991e-34248e5c3e76","__parent":"direction_signs","position":[1675.72559,-1108.65735,156.41687],"annotation":"TRAFFIC_SIGNS","isRenderEnabled":false,"rotationMatrix":[0.499999911,0.866025507,0,-0.866025507,0.499999911,0,0,0,1],"shapeName":"/levels/italy/art/shapes/signs/italy_road_sign_dir_fastello_l.dae"}
{"name":"poles113","class":"TSStatic","persistentId":"0f901426-6874-478b-93bd-4a5617a9e25a","__parent":"direction_signs","position":[-552.850891,196.613235,194.137375],"annotation":"TRAFFIC_SIGNS","isRenderEnabled":false,"rotationMatrix":[0.866024792,-0.499999762,0.000345266832,0.499999762,0.866024792,-0.00059801992,0,0.000690534245,0.999999762],"shapeName":"/levels/italy/art/shapes/signs/italy_road_sign_twin_poles.dae"}
{"name":"poles16","class":"TSStatic","persistentId":"0ff91ccb-5cc3-4f18-829f-fb5ebac5698d","__parent":"direction_signs","position":[-226.287079,840.878967,206.203812],"annotation":"TRAFFIC_SIGNS","isRenderEnabled":false,"rotationMatrix":[-0.965925217,-0.258818924,0,0.258818924,-0.965925217,0,0,0,1],"shapeName":"/levels/italy/art/shapes/signs/italy_road_sign_twin_poles.dae"}
{"class":"TSStatic","persistentId":"1014412c-aa6d-4c3b-a329-e56f58463440","__parent":"direction_signs","position":[352.326813,1297.90613,170.130585],"annotation":"TRAFFIC_SIGNS","isRenderEnabled":false,"rotationMatrix":[-0.906307817,0.42261827,0,-0.42261827,-0.906307817,0,0,0,1],"shapeName":"/levels/italy/art/shapes/signs/italy_road_sign_dir_lucera_l.dae"}
{"class":"TSStatic","persistentId":"106e0350-2bc9-44d5-b4e0-15c68fabff14","__parent":"direction_signs","position":[649.511597,877.65271,181.883331],"annotation":"TRAFFIC_SIGNS","isRenderEnabled":false,"rotationMatrix":[-1.04308128e-07,-0.999999881,0,0.999999881,-1.04308128e-07,0,0,0,1],"shapeName":"/levels/italy/art/shapes/signs/italy_road_sign_dir_villapace_r.dae"}
{"class":"TSStatic","persistentId":"1093ac24-938c-4fc8-a57b-00f145b5061a","__parent":"direction_signs","position":[1262.45801,999.484375,177.658325],"annotation":"TRAFFIC_SIGNS","isRenderEnabled":false,"rotationMatrix":[-0.86602515,0.499999881,0,-0.499999881,-0.86602515,0,0,0,1],"shapeName":"/levels/italy/art/shapes/signs/italy_road_sign_dir_norte_r.dae"}
{"name":"poles11","class":"TSStatic","persistentId":"1120daf1-0371-456d-b002-a50e6c4429af","__parent":"direction_signs","position":[109.485779,679.952454,171.122223],"annotation":"TRAFFIC_SIGNS","isRenderEnabled":false,"rotationMatrix":[0.499999911,-0.866025329,0,0.866025329,0.499999911,0,0,0,1],"shapeName":"/levels/italy/art/shapes/signs/italy_road_sign_twin_poles.dae"}
{"class":"TSStatic","persistentId":"12df3a4a-7586-4671-a6e7-0bb234f4d90f","__parent":"direction_signs","position":[1262.46179,999.482239,176.877823],"annotation":"TRAFFIC_SIGNS","isRenderEnabled":false,"rotationMatrix":[-0.866025448,0.49999994,0,-0.49999994,-0.866025448,0,0,0,1],"shapeName":"/levels/italy/art/shapes/signs/italy_road_sign_dir_lucera_l.dae"}
{"name":"poles109","class":"TSStatic","persistentId":"132e0dfe-540f-46cd-9a93-81bd42293ea7","__parent":"direction_signs","position":[-1698.86829,1083.23608,170.465195],"annotation":"TRAFFIC_SIGNS","isRenderEnabled":false,"rotationMatrix":[-0.258818924,-0.965925217,0.000667004671,0.965925217,-0.258818924,0.000178723218,0,0.000690534245,0.999999762],"shapeName":"/levels/italy/art/shapes/signs/italy_road_sign_twin_poles.dae"}
{"name":"poles66","class":"TSStatic","persistentId":"13ca8b07-2d13-48e9-9fd9-288a31850e47","__parent":"direction_signs","position":[1330.87659,837.01709,190.093231],"annotation":"TRAFFIC_SIGNS","isRenderEnabled":false,"rotationMatrix":[0.965925515,-0.258818895,0.000178723261,0.258818984,0.965925217,-0.000667004788,0,0.000690534245,0.999999762],"shapeName":"/levels/italy/art/shapes/signs/italy_road_sign_twin_poles.dae"}
{"class":"TSStatic","persistentId":"15ff7020-4cb9-410f-98d6-0beb50f8218e","__parent":"direction_signs","position":[666.364258,604.43457,176.074524],"annotation":"TRAFFIC_SIGNS","isRenderEnabled":false,"rotationMatrix":[-0.965925574,-0.258819073,0,0.258819073,-0.965925574,0,0,0,1],"shapeName":"/levels/italy/art/shapes/signs/italy_road_sign_dir_lucera_r.dae"}
{"class":"TSStatic","persistentId":"1681cabd-fec3-46b9-96e3-3bef229f846b","__parent":"direction_signs","position":[-425.436188,-568.608093,408.968201],"annotation":"TRAFFIC_SIGNS","isRenderEnabled":false,"rotationMatrix":[0.832468867,0.554071903,0,-0.554071903,0.832468867,0,0,0,1],"shapeName":"/levels/italy/art/shapes/signs/italy_road_sign_dir_castelletto_l.dae"}
{"name":"poles58","class":"TSStatic","persistentId":"16d13732-d8d3-42da-80e7-0a85dd9b232c","__parent":"direction_signs","position":[279.780121,-581.477844,345.841949],"annotation":"TRAFFIC_SIGNS","isRenderEnabled":false,"rotationMatrix":[0.965925515,0.258818895,-0.000178723494,-0.258818895,0.965925217,-0.000667004671,0,0.000690534245,0.999999762],"shapeName":"/levels/italy/art/shapes/signs/italy_road_sign_twin_poles.dae"}
{"class":"TSStatic","persistentId":"173ffe35-b9cc-4074-b517-fd56abc43d63","__parent":"direction_signs","position":[-226.768341,826.329834,209.177444],"annotation":"TRAFFIC_SIGNS","isRenderEnabled":false,"rotationMatrix":[-0.865815818,0.499878973,-0.0219932646,-0.49999994,-0.866025329,0,-0.0190467238,0.0109966304,0.999758065],"shapeName":"/levels/italy/art/shapes/signs/italy_road_sign_dir_castelletto_r.dae"}
{"class":"TSStatic","persistentId":"177a88a5-9324-417f-811b-c95c8a7ff00f","__parent":"direction_signs","position":[1447.67847,-1540.0011,167.516144],"annotation":"TRAFFIC_SIGNS","isRenderEnabled":false,"rotationMatrix":[0.642787576,0.766044497,0,-0.766044497,0.642787576,0,0,0,1],"shapeName":"/levels/italy/art/shapes/signs/italy_road_sign_dir_norte_r.dae"}
{"class":"TSStatic","persistentId":"18410468-9f99-40c2-a6ea-3bc515e48b06","__parent":"direction_signs","position":[-1618.67456,1279.58862,168.510605],"annotation":"TRAFFIC_SIGNS","isRenderEnabled":false,"rotationMatrix":[0.5,-0.866025329,0,0.866025329,0.5,0,0,0,1],"shapeName":"/levels/italy/art/shapes/signs/italy_road_sign_dir_aeroporto_l.dae"}
{"class":"TSStatic","persistentId":"184e1b14-3364-4a28-8b2e-5623a1e86bf2","__parent":"direction_signs","position":[873.615051,469.661041,182.47879],"annotation":"TRAFFIC_SIGNS","isRenderEnabled":false,"rotationMatrix":[0.272282243,-0.962217271,0,0.962217271,0.272282243,0,0,0,1],"shapeName":"/levels/italy/art/shapes/signs/italy_road_sign_dir_villapace_l.dae"}
{"class":"TSStatic","persistentId":"1854af95-cdc0-4834-9f9d-2666998c9e8f","__parent":"direction_signs","position":[33.4216042,-1455.61609,441.464691],"annotation":"TRAFFIC_SIGNS","isRenderEnabled":false,"rotationMatrix":[0.866025448,-0.5,0,0.5,0.866025448,0,0,0,1],"shapeName":"/levels/italy/art/shapes/signs/italy_road_sign_dir_fastello_r.dae"}
{"name":"poles23","class":"TSStatic","persistentId":"18992bf8-f989-4d0a-a198-4029003b3af0","__parent":"direction_signs","position":[-1082.32214,595.29425,340.261017],"annotation":"TRAFFIC_SIGNS","isRenderEnabled":false,"rotationMatrix":[-0.258818775,-0.965925276,0,0.965925276,-0.258818775,0,0,0,1],"shapeName":"/levels/italy/art/shapes/signs/italy_road_sign_twin_poles.dae"}
{"class":"TSStatic","persistentId":"18e644bb-cd7f-4e93-bb1a-4903568c2d74","__parent":"direction_signs","position":[609.539612,902.220459,177.293121],"annotation":"TRAFFIC_SIGNS","isRenderEnabled":false,"rotationMatrix":[0.707106709,0.707106769,0,-0.707106769,0.707106709,0,0,0,1],"shapeName":"/levels/italy/art/shapes/signs/italy_road_sign_dir_norte_r.dae"}
{"class":"TSStatic","persistentId":"19856041-2d02-490c-9bef-61c1e228a816","__parent":"direction_signs","position":[1330.04565,850.476135,191.007614],"annotation":"TRAFFIC_SIGNS","isRenderEnabled":false,"rotationMatrix":[0.866025448,0.5,0,-0.5,0.866025448,0,0,0,1],"shapeName":"/levels/italy/art/shapes/signs/italy_road_sign_dir_castelletto_l.dae"}
{"name":"poles54","class":"TSStatic","persistentId":"19881d96-39aa-4117-b6d5-05d5a511f266","__parent":"direction_signs","position":[389.353027,768.940796,169.121567],"annotation":"TRAFFIC_SIGNS","isRenderEnabled":false,"rotationMatrix":[0.499999851,0.866024852,-0.000598020095,-0.86602509,0.499999732,-0.00034526689,0,0.000690534245,0.999999762],"shapeName":"/levels/italy/art/shapes/signs/italy_road_sign_twin_poles.dae"}
{"name":"poles62","class":"TSStatic","persistentId":"199ffcd5-b941-43db-aa90-bc3e88fc9d96","__parent":"direction_signs","position":[1205.63123,131.881927,255.332291],"annotation":"TRAFFIC_SIGNS","isRenderEnabled":false,"rotationMatrix":[-0.258818954,-0.965925217,0.00066700473,0.965925395,-0.258818835,0.000178723189,0,0.000690534245,0.999999762],"shapeName":"/levels/italy/art/shapes/signs/italy_road_sign_twin_poles.dae"}
{"class":"TSStatic","persistentId":"19d33e80-12f3-4f8e-a5ba-c719c49bd84a","__parent":"direction_signs","position":[-1616.36243,1319.45569,165.200592],"annotation":"TRAFFIC_SIGNS","isRenderEnabled":false,"rotationMatrix":[-0.258819044,-0.965925813,0,0.965925813,-0.258819044,0,0,0,1],"shapeName":"/levels/italy/art/shapes/signs/italy_road_sign_dir_norte_l.dae"}
{"name":"poles84","class":"TSStatic","persistentId":"1a7fe44e-e623-4f58-a1a2-3032f0dc8071","__parent":"direction_signs","position":[-1237.24854,480.16864,324.031158],"annotation":"TRAFFIC_SIGNS","isRenderEnabled":false,"rotationMatrix":[1.49011612e-08,-0.999999404,0,0.999999404,1.49011612e-08,0,0,0,1],"shapeName":"/levels/italy/art/shapes/signs/italy_road_sign_twin_poles.dae"}
{"name":"poles142","class":"TSStatic","persistentId":"1b2d5fb9-1808-48eb-a691-1b8dcbe987da","__parent":"direction_signs","position":[-1000.55334,409.710785,290.126984],"annotation":"TRAFFIC_SIGNS","isRenderEnabled":false,"rotationMatrix":[0.804719746,-0.59365499,0,0.59365499,0.804719746,0,0,0,1],"shapeName":"/levels/italy/art/shapes/signs/italy_road_sign_twin_poles.dae"}
{"class":"TSStatic","persistentId":"1b5702ed-0dd7-4f0f-be33-c9a956519aed","__parent":"direction_signs","position":[654.307739,613.283203,176.689301],"annotation":"TRAFFIC_SIGNS","isRenderEnabled":false,"rotationMatrix":[0,0.999999821,0,-0.999999821,0,0,0,0,1],"shapeName":"/levels/italy/art/shapes/signs/italy_road_sign_dir_lucera_l.dae"}
{"class":"TSStatic","persistentId":"1cb2a572-18af-4f50-8057-1dd8d0b0bc17","__parent":"direction_signs","position":[1252.99158,843.406921,184.519028],"annotation":"TRAFFIC_SIGNS","isRenderEnabled":false,"rotationMatrix":[-0.965925634,0.258819014,0,-0.258819014,-0.965925634,0,0,0,1],"shapeName":"/levels/italy/art/shapes/signs/italy_road_sign_dir_lucera_r.dae"}
{"class":"TSStatic","persistentId":"1dbd70e3-caea-40dd-a2ae-56a65f92b097","__parent":"direction_signs","position":[-1623.10986,1344.88623,164.707962],"annotation":"TRAFFIC_SIGNS","isRenderEnabled":false,"rotationMatrix":[-0.965925455,0.258819044,0,-0.258819044,-0.965925455,0,0,0,1],"shapeName":"/levels/italy/art/shapes/signs/italy_road_sign_dir_concaazzurra_r.dae"}
{"class":"TSStatic","persistentId":"1dff637b-4aa5-4257-952d-aa0156b0407b","__parent":"direction_signs","position":[864.897339,461.210938,181.990036],"annotation":"TRAFFIC_SIGNS","isRenderEnabled":false,"rotationMatrix":[-0.965925574,0.258819103,0,-0.258819103,-0.965925574,0,0,0,1],"shapeName":"/levels/italy/art/shapes/signs/italy_road_sign_dir_aeroporto_r.dae"}
{"class":"TSStatic","persistentId":"1f958437-85a1-4a3f-842e-6f5cf8c3e869","__parent":"direction_signs","position":[663.414368,789.631287,182.101227],"annotation":"TRAFFIC_SIGNS","isRenderEnabled":false,"rotationMatrix":[-0.707106709,0.707106709,0,-0.707106709,-0.707106709,0,0,0,1],"shapeName":"/levels/italy/art/shapes/signs/italy_road_sign_dir_lucera_l.dae"}
{"name":"poles4","class":"TSStatic","persistentId":"1fd1ce0b-0abf-45dc-aabc-2ed916fc3bda","__parent":"direction_signs","position":[1447.66492,-1539.98743,164.52446],"annotation":"TRAFFIC_SIGNS","isRenderEnabled":false,"rotationMatrix":[0.642787576,0.766044497,0,-0.766044497,0.642787576,0,0,0,1],"shapeName":"/levels/italy/art/shapes/signs/italy_road_sign_twin_poles.dae"}
{"name":"poles13","class":"TSStatic","persistentId":"20082772-c75a-4029-9cc8-3977acb72808","__parent":"direction_signs","position":[125.90667,679.521301,171.152115],"annotation":"TRAFFIC_SIGNS","isRenderEnabled":false,"rotationMatrix":[0.49999997,0.866025269,0,-0.866025269,0.49999997,0,0,0,1],"shapeName":"/levels/italy/art/shapes/signs/italy_road_sign_twin_poles.dae"}
{"name":"poles100","class":"TSStatic","persistentId":"20b62ad8-ce9c-42c4-a3e8-773c3da82c7e","__parent":"direction_signs","position":[-73.2126007,-939.390747,464.477295],"annotation":"TRAFFIC_SIGNS","isRenderEnabled":false,"rotationMatrix":[-0.965925634,-0.258819103,-0.000667004148,0.258819044,-0.965925872,0.0001787238,-0.000690533605,5.38420697e-10,0.999999762],"shapeName":"/levels/italy/art/shapes/signs/italy_road_sign_twin_poles.dae"}
{"name":"poles72","class":"TSStatic","persistentId":"20c78e1e-5457-426b-a345-5435fb7ab8c3","__parent":"direction_signs","position":[-1555.06714,1448.74182,164.428329],"annotation":"TRAFFIC_SIGNS","isRenderEnabled":false,"rotationMatrix":[0.86602509,-0.499999702,0.000345266948,0.499999851,0.866024852,-0.000598020153,0,0.000690534245,0.999999762],"shapeName":"/levels/italy/art/shapes/signs/italy_road_sign_twin_poles.dae"}
{"name":"poles24","class":"TSStatic","persistentId":"211fd068-5241-4bd2-af40-62e289d59508","__parent":"direction_signs","position":[666.368103,604.420532,173.580658],"annotation":"TRAFFIC_SIGNS","isRenderEnabled":false,"rotationMatrix":[0.965925217,0.258818924,0,-0.258818924,0.965925217,0,0,0,1],"shapeName":"/levels/italy/art/shapes/signs/italy_road_sign_twin_poles.dae"}
{"class":"TSStatic","persistentId":"218800b9-0080-4d29-becb-453499e9abc5","__parent":"direction_signs","position":[-536.172058,17.7234726,194.769669],"annotation":"TRAFFIC_SIGNS","isRenderEnabled":false,"rotationMatrix":[-0.707106709,-0.707106769,0,0.707106769,-0.707106709,0,0,0,1],"shapeName":"/levels/italy/art/shapes/signs/italy_road_sign_dir_aeroporto_l.dae"}
{"class":"TSStatic","persistentId":"239a2800-1ea4-4f53-a7d7-26bee2bc98f8","__parent":"direction_signs","position":[-263.459625,408.496307,181.957626],"annotation":"TRAFFIC_SIGNS","isRenderEnabled":false,"rotationMatrix":[0.258819014,0.965925574,0,-0.965925574,0.258819014,0,0,0,1],"shapeName":"/levels/italy/art/shapes/signs/italy_road_sign_dir_norte_r.dae"}
{"class":"TSStatic","persistentId":"2414ba39-f42b-43f2-b2b6-b50d01e5c402","__parent":"direction_signs","position":[634.075928,874.73822,180.600967],"annotation":"TRAFFIC_SIGNS","isRenderEnabled":false,"rotationMatrix":[-0.707106709,0.707106948,0,-0.707106948,-0.707106709,0,0,0,1],"shapeName":"/levels/italy/art/shapes/signs/italy_road_sign_dir_villapace_l.dae"}
{"class":"TSStatic","persistentId":"25256087-851a-425d-841d-1c29e6ad6dff","__parent":"direction_signs","position":[1254.72046,1012.55804,177.242966],"annotation":"TRAFFIC_SIGNS","isRenderEnabled":false,"rotationMatrix":[0.5,0.866025269,0,-0.866025269,0.5,0,0,0,1],"shapeName":"/levels/italy/art/shapes/signs/italy_road_sign_dir_norte_l.dae"}
{"class":"TSStatic","persistentId":"263ccd3a-911a-4907-9d68-8a1f60a7154b","__parent":"direction_signs","position":[-694.84552,647.097351,270.778503],"annotation":"TRAFFIC_SIGNS","isRenderEnabled":false,"rotationMatrix":[-0.999999642,1.63912773e-07,0,-1.63912773e-07,-0.999999642,0,0,0,1],"shapeName":"/levels/italy/art/shapes/signs/italy_road_sign_dir_lucera_r.dae"}
{"class":"TSStatic","persistentId":"274e176a-de34-470e-ad6f-efeaf4b37d8a","__parent":"direction_signs","position":[-833.282593,77.5680923,243.350128],"annotation":"TRAFFIC_SIGNS","isRenderEnabled":false,"rotationMatrix":[0.49999994,-0.866025329,0,0.866025329,0.49999994,0,0,0,1],"shapeName":"/levels/italy/art/shapes/signs/italy_road_sign_dir_norte_l.dae"}
{"name":"poles119","class":"TSStatic","persistentId":"2782ca59-0cac-4071-9a36-ec4ddfd5fd6f","__parent":"direction_signs","position":[-707.694275,656.241455,268.218201],"annotation":"TRAFFIC_SIGNS","isRenderEnabled":false,"rotationMatrix":[0.258818865,-0.965925217,0.000667004555,0.965925217,0.258818865,-0.000178723494,0,0.000690534245,0.999999762],"shapeName":"/levels/italy/art/shapes/signs/italy_road_sign_twin_poles.dae"}
{"name":"poles22","class":"TSStatic","persistentId":"27a3c448-f238-49d5-8746-b1c100c84a68","__parent":"direction_signs","position":[-1090.67786,608.795715,340.897614],"annotation":"TRAFFIC_SIGNS","isRenderEnabled":false,"rotationMatrix":[0.999999404,1.04308128e-07,0,-1.04308128e-07,0.999999404,0,0,0,1],"shapeName":"/levels/italy/art/shapes/signs/italy_road_sign_twin_poles.dae"}
{"name":"poles49","class":"TSStatic","persistentId":"28180bab-d7ad-4b34-9cfc-5d128283e7c5","__parent":"direction_signs","position":[-608.674072,-232.445847,231.220184],"annotation":"TRAFFIC_SIGNS","isRenderEnabled":false,"rotationMatrix":[0.499999762,0.866024911,-0.000598020153,-0.86602509,0.499999702,-0.000345266861,0,0.000690534245,0.999999762],"shapeName":"/levels/italy/art/shapes/signs/italy_road_sign_twin_poles.dae"}
{"class":"TSStatic","persistentId":"28bc3f5c-8bb5-48f0-b0d8-de66e8dec779","__parent":"direction_signs","position":[-1099.16235,596.240051,342.288452],"annotation":"TRAFFIC_SIGNS","isRenderEnabled":false,"rotationMatrix":[-0.5,0.866025209,0,-0.866025209,-0.5,0,0,0,1],"shapeName":"/levels/italy/art/shapes/signs/italy_road_sign_dir_aeroporto_l.dae"}
{"class":"TSStatic","persistentId":"297d7201-dbbe-4f08-80c6-99fba02e9784","__parent":"direction_signs","position":[1440.04944,826.337036,211.006821],"annotation":"TRAFFIC_SIGNS","isRenderEnabled":false,"rotationMatrix":[0.258819103,-0.965925872,0,0.965925872,0.258819103,0,0,0,1],"shapeName":"/levels/italy/art/shapes/signs/italy_road_sign_dir_fastello_r.dae"}
{"class":"TSStatic","persistentId":"2997815d-432c-438b-a4eb-bde41480def7","__parent":"direction_signs","position":[1133.96521,278.290222,252.38414],"annotation":"TRAFFIC_SIGNS","isRenderEnabled":false,"rotationMatrix":[0.965925813,0.258819044,0,-0.258819044,0.965925813,0,0,0,1],"shapeName":"/levels/italy/art/shapes/signs/italy_road_sign_dir_villapace_r.dae"}
{"class":"TSStatic","persistentId":"2a0fe541-0322-4581-bbf4-649425215b7f","__parent":"direction_signs","position":[625.377747,896.430359,178.185806],"annotation":"TRAFFIC_SIGNS","isRenderEnabled":false,"rotationMatrix":[0.499999881,-0.866025269,0,0.866025269,0.499999881,0,0,0,1],"shapeName":"/levels/italy/art/shapes/signs/italy_road_sign_dir_norte_l.dae"}
{"name":"poles12","class":"TSStatic","persistentId":"2a286a58-9509-40f4-ae13-5f492e703f9a","__parent":"direction_signs","position":[116.642136,694.661011,171.904099],"annotation":"TRAFFIC_SIGNS","isRenderEnabled":false,"rotationMatrix":[0.99999994,-2.98023224e-08,0,2.98023224e-08,0.99999994,0,0,0,1],"shapeName":"/levels/italy/art/shapes/signs/italy_road_sign_twin_poles.dae"}
{"name":"poles98","class":"TSStatic","persistentId":"2cbc7b97-2e5f-490e-9542-b95fd7406921","__parent":"direction_signs","position":[1254.70276,1012.56696,174.271637],"annotation":"TRAFFIC_SIGNS","isRenderEnabled":false,"rotationMatrix":[-0.500000238,-0.866025269,0,0.866025269,-0.500000238,0,0,0,1],"shapeName":"/levels/italy/art/shapes/signs/italy_road_sign_twin_poles.dae"}
{"class":"TSStatic","persistentId":"2d1ee5df-6250-49d5-8bc8-360344b91c16","__parent":"direction_signs","position":[-693.701721,665.015381,270.231506],"annotation":"TRAFFIC_SIGNS","isRenderEnabled":false,"rotationMatrix":[0.866025448,-0.5,0,0.5,0.866025448,0,0,0,1],"shapeName":"/levels/italy/art/shapes/signs/italy_road_sign_dir_norte_r.dae"}
{"class":"TSStatic","persistentId":"2dc335d0-37c4-43b9-ad13-24727b169030","__parent":"direction_signs","position":[864.899292,461.212006,182.387466],"annotation":"TRAFFIC_SIGNS","isRenderEnabled":false,"rotationMatrix":[-0.965925694,0.258819312,0,-0.258819312,-0.965925694,0,0,0,1],"shapeName":"/levels/italy/art/shapes/signs/italy_road_sign_dir_lucera_r.dae"}
{"class":"TSStatic","persistentId":"2e3b9f31-223a-4f76-bce9-24fcb071ffdb","__parent":"direction_signs","position":[813.870972,-586.327881,187.696823],"annotation":"TRAFFIC_SIGNS","isRenderEnabled":false,"rotationMatrix":[-0.866025329,0.49999994,0,-0.49999994,-0.866025329,0,0,0,1],"shapeName":"/levels/italy/art/shapes/signs/italy_road_sign_dir_norte_l.dae"}
{"name":"poles41","class":"TSStatic","persistentId":"2e935f26-159b-41e7-972c-0fc7553334a9","__parent":"direction_signs","position":[841.29303,467.37442,179.559586],"annotation":"TRAFFIC_SIGNS","isRenderEnabled":false,"rotationMatrix":[7.32728893e-07,0.999999583,-0.000598020211,-0.999999762,5.59466628e-07,-0.000345267414,-0.000345267268,0.000598020561,0.999999762],"shapeName":"/levels/italy/art/shapes/signs/italy_road_sign_twin_poles.dae"}
{"class":"TSStatic","persistentId":"2f57d3e0-46e6-4619-a7ec-9c7da8f5a051","__parent":"direction_signs","position":[1262.45825,999.483948,178.052811],"annotation":"TRAFFIC_SIGNS","isRenderEnabled":false,"rotationMatrix":[-0.866025448,0.49999994,0,-0.49999994,-0.866025448,0,0,0,1],"shapeName":"/levels/italy/art/shapes/signs/italy_road_sign_dir_aeroporto_l.dae"}
{"class":"TSStatic","persistentId":"2f7c2d49-2359-4b6e-8b79-2d7f9498699a","__parent":"direction_signs","position":[1423.32141,823.15094,209.523666],"annotation":"TRAFFIC_SIGNS","isRenderEnabled":false,"rotationMatrix":[0.500000119,0.866025329,0,-0.866025329,0.500000119,0,0,0,1],"shapeName":"/levels/italy/art/shapes/signs/italy_road_sign_dir_lucera_l.dae"}
{"name":"poles125","class":"TSStatic","persistentId":"302577d6-99f5-4341-a6f4-2d5bb79e5e60","__parent":"direction_signs","position":[759.03418,165.566269,185.278427],"annotation":"TRAFFIC_SIGNS","isRenderEnabled":false,"rotationMatrix":[-0.707106352,-0.707106292,0.000488281366,0.707106292,-0.707106352,0.000488281163,0,0.000690534245,0.999999762],"shapeName":"/levels/italy/art/shapes/signs/italy_road_sign_twin_poles.dae"}
{"class":"TSStatic","persistentId":"3236154b-3450-465a-87b0-e3bc56a3ad73","__parent":"direction_signs","position":[1103.45215,-641.987061,149.092606],"annotation":"TRAFFIC_SIGNS","isRenderEnabled":false,"rotationMatrix":[-2.98023224e-08,-0.99999994,0,0.99999994,-2.98023224e-08,0,0,0,1],"shapeName":"/levels/italy/art/shapes/signs/italy_road_sign_dir_norte_l.dae"}
{"class":"TSStatic","persistentId":"324c04e0-fbee-4e8e-902f-15f78e787f37","__parent":"direction_signs","position":[1270.53223,1009.32941,176.238037],"annotation":"TRAFFIC_SIGNS","isRenderEnabled":false,"rotationMatrix":[0.499999851,-0.866025507,0,0.866025507,0.499999851,0,0,0,1],"shapeName":"/levels/italy/art/shapes/signs/italy_road_sign_dir_castelletto_r.dae"}
{"class":"TSStatic","persistentId":"3254a054-14d8-452e-b514-dd60a5837e18","__parent":"direction_signs","position":[1270.53027,1009.33563,177.023956],"annotation":"TRAFFIC_SIGNS","isRenderEnabled":false,"rotationMatrix":[0.499999851,-0.866025507,0,0.866025507,0.499999851,0,0,0,1],"shapeName":"/levels/italy/art/shapes/signs/italy_road_sign_dir_villapace_r.dae"}
{"class":"TSStatic","persistentId":"328b528f-9aba-43bf-ad4c-93d1cebd3996","__parent":"direction_signs","position":[-1698.85254,1083.23596,172.60704],"annotation":"TRAFFIC_SIGNS","isRenderEnabled":false,"rotationMatrix":[0.258819014,0.965925694,0,-0.965925694,0.258819014,0,0,0,1],"shapeName":"/levels/italy/art/shapes/signs/italy_road_sign_dir_norte_r.dae"}
{"name":"poles19","class":"TSStatic","persistentId":"3391885a-3cfd-420b-b1a4-fb5ef3aad644","__parent":"direction_signs","position":[-339.613068,914.161438,208.942902],"annotation":"TRAFFIC_SIGNS","isRenderEnabled":false,"rotationMatrix":[0.258818984,-0.965925455,0,0.965925455,0.258818984,0,0,0,1],"shapeName":"/levels/italy/art/shapes/signs/italy_road_sign_twin_poles.dae"}
{"name":"poles2","class":"TSStatic","persistentId":"340bbe4d-7137-4bec-a1b0-b24fed4239ab","__parent":"direction_signs","position":[649.528931,877.654907,178.899521],"annotation":"TRAFFIC_SIGNS","isRenderEnabled":false,"rotationMatrix":[1.04308128e-07,0.999999762,0,-0.999999762,1.04308128e-07,0,0,0,1],"shapeName":"/levels/italy/art/shapes/signs/italy_road_sign_twin_poles.dae"}
{"class":"TSStatic","persistentId":"34a593c5-1c61-4db7-8cea-438ebf3f7364","__parent":"direction_signs","position":[-1594.09229,1442.026,166.819168],"annotation":"TRAFFIC_SIGNS","isRenderEnabled":false,"rotationMatrix":[-0.865716338,0.499821723,-0.0267051104,-0.5,-0.86602509,0,-0.0231272951,0.0133525552,0.999643445],"shapeName":"/levels/italy/art/shapes/signs/italy_road_sign_dir_norte_l.dae"}
{"class":"TSStatic","persistentId":"3650e8e7-6ba8-4640-8ff6-a9f739164fe8","__parent":"direction_signs","position":[365.738098,1304.70752,170.619431],"annotation":"TRAFFIC_SIGNS","isRenderEnabled":false,"rotationMatrix":[5.96046448e-08,-0.99999994,0,0.99999994,5.96046448e-08,0,0,0,1],"shapeName":"/levels/italy/art/shapes/signs/italy_road_sign_dir_norte_l.dae"}
{"class":"TSStatic","persistentId":"365502ff-0612-46e1-bf11-0174100a84b6","__parent":"direction_signs","position":[1330.04919,850.478882,192.592651],"annotation":"TRAFFIC_SIGNS","isRenderEnabled":false,"rotationMatrix":[0.866025448,0.5,0,-0.5,0.866025448,0,0,0,1],"shapeName":"/levels/italy/art/shapes/signs/italy_road_sign_dir_norte_l.dae"}
{"name":"poles94","class":"TSStatic","persistentId":"36c47a78-7ca8-4746-a557-09dc4ca61934","__parent":"direction_signs","position":[129.353134,-287.347412,193.020279],"annotation":"TRAFFIC_SIGNS","isRenderEnabled":false,"rotationMatrix":[0.707106411,-0.707106292,0,0.707106292,0.707106411,0,0,0,1],"shapeName":"/levels/italy/art/shapes/signs/italy_road_sign_twin_poles.dae"}
{"class":"TSStatic","persistentId":"37bf9cd6-83ed-4324-a101-44c71eb077bf","__parent":"direction_signs","position":[-693.701721,665.015381,270.621429],"annotation":"TRAFFIC_SIGNS","isRenderEnabled":false,"rotationMatrix":[0.866025448,-0.5,0,0.5,0.866025448,0,0,0,1],"shapeName":"/levels/italy/art/shapes/signs/italy_road_sign_dir_aeroporto_r.dae"}
{"name":"poles75","class":"TSStatic","persistentId":"38d0bcd9-3826-4e98-9885-74dddca22c77","__parent":"direction_signs","position":[-1618.6593,1279.59692,165.622559],"annotation":"TRAFFIC_SIGNS","isRenderEnabled":false,"rotationMatrix":[0.499999642,-0.866024852,0.000598019862,0.866024852,0.499999702,-0.000345267123,0,0.000690534245,0.999999762],"shapeName":"/levels/italy/art/shapes/signs/italy_road_sign_twin_poles.dae"}
{"name":"poles120","class":"TSStatic","persistentId":"38e30f70-b972-4c30-9ad4-eefacb775cc5","__parent":"direction_signs","position":[-735.296448,757.543457,307.426483],"annotation":"TRAFFIC_SIGNS","isRenderEnabled":false,"rotationMatrix":[-4.08220409e-08,0.999999881,0.000488280726,-0.999999881,1.97596634e-07,-0.00048828189,-0.000488281948,-0.000488280697,0.999999762],"shapeName":"/levels/italy/art/shapes/signs/italy_road_sign_twin_poles.dae"}
{"class":"TSStatic","persistentId":"3925abb5-12a5-4f42-8e07-9dfbe72d7dda","__parent":"direction_signs","position":[-845.449036,71.1452255,243.969147],"annotation":"TRAFFIC_SIGNS","isRenderEnabled":false,"rotationMatrix":[-0.86602509,0.5,0,-0.5,-0.86602509,0,0,0,1],"shapeName":"/levels/italy/art/shapes/signs/italy_road_sign_dir_castelletto_r.dae"}
{"class":"TSStatic","persistentId":"39fe210d-f6b2-4cc5-bc42-3c8598be7787","__parent":"direction_signs","position":[1134.35522,264.872406,251.45607],"annotation":"TRAFFIC_SIGNS","isRenderEnabled":false,"rotationMatrix":[-0.866025269,0.500000238,0,-0.500000238,-0.866025269,0,0,0,1],"shapeName":"/levels/italy/art/shapes/signs/italy_road_sign_dir_cittavechia_l.dae"}
{"class":"TSStatic","persistentId":"3a9aed9b-2d05-44c0-aaf8-f5efc4925e44","__parent":"direction_signs","position":[864.899719,461.211365,182.783676],"annotation":"TRAFFIC_SIGNS","isRenderEnabled":false,"rotationMatrix":[-0.965925455,0.258819044,0,-0.258819044,-0.965925455,0,0,0,1],"shapeName":"/levels/italy/art/shapes/signs/italy_road_sign_dir_norte_r.dae"}
{"class":"TSStatic","persistentId":"3ad30c61-64ef-4d3f-8184-a97fcfeaff83","__parent":"direction_signs","position":[649.509094,877.651001,181.094879],"annotation":"TRAFFIC_SIGNS","isRenderEnabled":false,"rotationMatrix":[0,-0.999999821,0,0.999999821,0,0,0,0,1],"shapeName":"/levels/italy/art/shapes/signs/italy_road_sign_dir_aeroporto_r.dae"}
