{"name":"nodeoline_sign_A1_1","class":"TSStatic","persistentId":"2cf28e6b-5b28-44f1-ac04-37d0d9ba626f","__parent":"fs_2_dyn_price_sign","position":[-473.129974,126.572708,110.255936],"hidden":true,"isRenderEnabled":false,"rotationMatrix":[-0.95630461,0.292371333,0,-0.292371333,-0.95630461,0,0,0,0.999999762],"scale":[4.43613243,4.43613243,4.43613243],"shapeName":"/art/shapes/quarter_mile_display/display_8.dae","useInstanceRenderData":true}
{"name":"nodeoline_sign_A1_2","class":"TSStatic","persistentId":"76ab2968-ae38-4e34-98bf-86d29a1a529d","__parent":"fs_2_dyn_price_sign","position":[-472.698364,126.440834,110.255936],"hidden":true,"isRenderEnabled":false,"rotationMatrix":[-0.95630461,0.292371333,0,-0.292371333,-0.95630461,0,0,0,0.999999762],"scale":[4.43613243,4.43613243,4.43613243],"shapeName":"/art/shapes/quarter_mile_display/display_8.dae","useInstanceRenderData":true}
{"name":"nodeoline_sign_A1_3","class":"TSStatic","persistentId":"15228f6c-c849-44ae-9cdc-ef5ed6254ba2","__parent":"fs_2_dyn_price_sign","position":[-472.272766,126.310844,110.255936],"hidden":true,"isRenderEnabled":false,"rotationMatrix":[-0.95630461,0.292371333,0,-0.292371333,-0.95630461,0,0,0,0.999999762],"scale":[4.43613243,4.43613243,4.43613243],"shapeName":"/art/shapes/quarter_mile_display/display_8.dae","useInstanceRenderData":true}
{"name":"nodeoline_sign_A1_4","class":"TSStatic","persistentId":"8d67a8ac-5d1c-4288-85d1-ee136a7023ca","__parent":"fs_2_dyn_price_sign","position":[-471.700592,126.118958,110.446701],"hidden":true,"isRenderEnabled":false,"rotationMatrix":[-0.95630461,0.292371333,0,-0.292371333,-0.95630461,0,0,0,0.999999762],"scale":[2.24689722,2.24689722,2.24689722],"shapeName":"/art/shapes/quarter_mile_display/display_8.dae","useInstanceRenderData":true}
{"name":"nodeoline_sign_A2_1","class":"TSStatic","persistentId":"c48e58cb-89d1-46ef-a8d0-2b3b32d25cb9","__parent":"fs_2_dyn_price_sign","position":[-473.129974,126.572708,109.090286],"hidden":true,"isRenderEnabled":false,"rotationMatrix":[-0.95630461,0.292371333,0,-0.292371333,-0.95630461,0,0,0,0.999999762],"scale":[4.43613243,4.43613243,4.43613243],"shapeName":"/art/shapes/quarter_mile_display/display_8.dae","useInstanceRenderData":true}
{"name":"nodeoline_sign_A2_2","class":"TSStatic","persistentId":"3f401131-8114-4757-82f1-7f2dafc2249a","__parent":"fs_2_dyn_price_sign","position":[-472.698364,126.440834,109.090286],"hidden":true,"isRenderEnabled":false,"rotationMatrix":[-0.95630461,0.292371333,0,-0.292371333,-0.95630461,0,0,0,0.999999762],"scale":[4.43613243,4.43613243,4.43613243],"shapeName":"/art/shapes/quarter_mile_display/display_8.dae","useInstanceRenderData":true}
{"name":"nodeoline_sign_A2_3","class":"TSStatic","persistentId":"3a7c3e0c-9789-4fd8-a004-fabe3e5b0e3a","__parent":"fs_2_dyn_price_sign","position":[-472.272766,126.310844,109.090286],"hidden":true,"isRenderEnabled":false,"rotationMatrix":[-0.95630461,0.292371333,0,-0.292371333,-0.95630461,0,0,0,0.999999762],"scale":[4.43613243,4.43613243,4.43613243],"shapeName":"/art/shapes/quarter_mile_display/display_8.dae","useInstanceRenderData":true}
{"name":"nodeoline_sign_A2_4","class":"TSStatic","persistentId":"03300ffc-4407-46e4-92d0-59cb717addb2","__parent":"fs_2_dyn_price_sign","position":[-471.700592,126.118958,109.281052],"hidden":true,"isRenderEnabled":false,"rotationMatrix":[-0.95630461,0.292371333,0,-0.292371333,-0.95630461,0,0,0,0.999999762],"scale":[2.24689722,2.24689722,2.24689722],"shapeName":"/art/shapes/quarter_mile_display/display_8.dae","useInstanceRenderData":true}
{"name":"nodeoline_sign_A3_1","class":"TSStatic","persistentId":"9fc50b12-03c3-40d4-8a03-44412215a3c4","__parent":"fs_2_dyn_price_sign","position":[-473.129974,126.572708,107.922714],"hidden":true,"isRenderEnabled":false,"rotationMatrix":[-0.95630461,0.292371333,0,-0.292371333,-0.95630461,0,0,0,0.999999762],"scale":[4.43613243,4.43613243,4.43613243],"shapeName":"/art/shapes/quarter_mile_display/display_8.dae","useInstanceRenderData":true}
{"name":"nodeoline_sign_A3_2","class":"TSStatic","persistentId":"42365c75-7cf8-4d6f-91f7-854ac19b484a","__parent":"fs_2_dyn_price_sign","position":[-472.698364,126.440834,107.922714],"hidden":true,"isRenderEnabled":false,"rotationMatrix":[-0.95630461,0.292371333,0,-0.292371333,-0.95630461,0,0,0,0.999999762],"scale":[4.43613243,4.43613243,4.43613243],"shapeName":"/art/shapes/quarter_mile_display/display_8.dae","useInstanceRenderData":true}
{"name":"nodeoline_sign_A3_3","class":"TSStatic","persistentId":"1c826af9-2e57-43ed-bf71-056bdeafd6fc","__parent":"fs_2_dyn_price_sign","position":[-472.272766,126.310844,107.922714],"hidden":true,"isRenderEnabled":false,"rotationMatrix":[-0.95630461,0.292371333,0,-0.292371333,-0.95630461,0,0,0,0.999999762],"scale":[4.43613243,4.43613243,4.43613243],"shapeName":"/art/shapes/quarter_mile_display/display_8.dae","useInstanceRenderData":true}
{"name":"nodeoline_sign_A3_4","class":"TSStatic","persistentId":"a1d27d74-be51-4bb9-bd0c-594734b22213","__parent":"fs_2_dyn_price_sign","position":[-471.700592,126.118958,108.11348],"hidden":true,"isRenderEnabled":false,"rotationMatrix":[-0.95630461,0.292371333,0,-0.292371333,-0.95630461,0,0,0,0.999999762],"scale":[2.24689722,2.24689722,2.24689722],"shapeName":"/art/shapes/quarter_mile_display/display_8.dae","useInstanceRenderData":true}
{"name":"nodeoline_sign_A4_1","class":"TSStatic","persistentId":"cea7ae76-12d1-425b-86f5-e1ea8432c308","__parent":"fs_2_dyn_price_sign","position":[-473.129974,126.572708,106.754303],"hidden":true,"isRenderEnabled":false,"rotationMatrix":[-0.95630461,0.292371333,0,-0.292371333,-0.95630461,0,0,0,0.999999762],"scale":[4.43613243,4.43613243,4.43613243],"shapeName":"/art/shapes/quarter_mile_display/display_8.dae","useInstanceRenderData":true}
{"name":"nodeoline_sign_A4_2","class":"TSStatic","persistentId":"c36cddaf-58ab-44fc-b9e8-9f599ab727dc","__parent":"fs_2_dyn_price_sign","position":[-472.698364,126.440834,106.754303],"hidden":true,"isRenderEnabled":false,"rotationMatrix":[-0.95630461,0.292371333,0,-0.292371333,-0.95630461,0,0,0,0.999999762],"scale":[4.43613243,4.43613243,4.43613243],"shapeName":"/art/shapes/quarter_mile_display/display_8.dae","useInstanceRenderData":true}
{"name":"nodeoline_sign_A4_3","class":"TSStatic","persistentId":"9d8dd83e-dea9-4874-9b73-65d8097c989e","__parent":"fs_2_dyn_price_sign","position":[-472.272766,126.310844,106.754303],"hidden":true,"isRenderEnabled":false,"rotationMatrix":[-0.95630461,0.292371333,0,-0.292371333,-0.95630461,0,0,0,0.999999762],"scale":[4.43613243,4.43613243,4.43613243],"shapeName":"/art/shapes/quarter_mile_display/display_8.dae","useInstanceRenderData":true}
{"name":"nodeoline_sign_A4_4","class":"TSStatic","persistentId":"f1513d47-fcd2-4e85-9705-bac4265dda77","__parent":"fs_2_dyn_price_sign","position":[-471.700592,126.118958,106.945068],"hidden":true,"isRenderEnabled":false,"rotationMatrix":[-0.95630461,0.292371333,0,-0.292371333,-0.95630461,0,0,0,0.999999762],"scale":[2.24689722,2.24689722,2.24689722],"shapeName":"/art/shapes/quarter_mile_display/display_8.dae","useInstanceRenderData":true}
{"name":"nodeoline_sign_B1_1","class":"TSStatic","persistentId":"9eab963c-6e58-4931-9d69-c7235ec9665b","__parent":"fs_2_dyn_price_sign","position":[-472.823456,126.752731,110.255936],"hidden":true,"isRenderEnabled":false,"rotationMatrix":[0.956304789,-0.292371035,0,0.292371035,0.956304789,0,0,0,0.999999762],"scale":[4.43613243,4.43613243,4.43613243],"shapeName":"/art/shapes/quarter_mile_display/display_8.dae","useInstanceRenderData":true}
{"name":"nodeoline_sign_B1_2","class":"TSStatic","persistentId":"f1cedc10-90a1-451f-9635-95110317dbdb","__parent":"fs_2_dyn_price_sign","position":[-473.255066,126.884598,110.255936],"hidden":true,"isRenderEnabled":false,"rotationMatrix":[0.956304789,-0.292371035,0,0.292371035,0.956304789,0,0,0,0.999999762],"scale":[4.43613243,4.43613243,4.43613243],"shapeName":"/art/shapes/quarter_mile_display/display_8.dae","useInstanceRenderData":true}
{"name":"nodeoline_sign_B1_3","class":"TSStatic","persistentId":"1765a559-d4f6-44a0-ae9b-2def0633d0a4","__parent":"fs_2_dyn_price_sign","position":[-473.680664,127.014595,110.255936],"hidden":true,"isRenderEnabled":false,"rotationMatrix":[0.956304789,-0.292371035,0,0.292371035,0.956304789,0,0,0,0.999999762],"scale":[4.43613243,4.43613243,4.43613243],"shapeName":"/art/shapes/quarter_mile_display/display_8.dae","useInstanceRenderData":true}
{"name":"nodeoline_sign_B1_4","class":"TSStatic","persistentId":"71e79493-ef41-4f01-8c22-73adffaeb02f","__parent":"fs_2_dyn_price_sign","position":[-474.252533,127.207413,110.446701],"hidden":true,"isRenderEnabled":false,"rotationMatrix":[0.956304789,-0.292371035,0,0.292371035,0.956304789,0,0,0,0.999999762],"scale":[2.24689722,2.24689722,2.24689722],"shapeName":"/art/shapes/quarter_mile_display/display_8.dae","useInstanceRenderData":true}
{"name":"nodeoline_sign_B2_1","class":"TSStatic","persistentId":"c91f196d-760d-4837-a7a9-4f03b0c58a60","__parent":"fs_2_dyn_price_sign","position":[-472.823456,126.752731,109.090286],"hidden":true,"isRenderEnabled":false,"rotationMatrix":[0.956304789,-0.292371035,0,0.292371035,0.956304789,0,0,0,0.999999762],"scale":[4.43613243,4.43613243,4.43613243],"shapeName":"/art/shapes/quarter_mile_display/display_8.dae","useInstanceRenderData":true}
{"name":"nodeoline_sign_B2_2","class":"TSStatic","persistentId":"fbc10568-a741-416a-98aa-8e654414453c","__parent":"fs_2_dyn_price_sign","position":[-473.255066,126.884598,109.090286],"hidden":true,"isRenderEnabled":false,"rotationMatrix":[0.956304789,-0.292371035,0,0.292371035,0.956304789,0,0,0,0.999999762],"scale":[4.43613243,4.43613243,4.43613243],"shapeName":"/art/shapes/quarter_mile_display/display_8.dae","useInstanceRenderData":true}
{"name":"nodeoline_sign_B2_3","class":"TSStatic","persistentId":"5cdac31a-bb73-4972-866b-44d7f3276142","__parent":"fs_2_dyn_price_sign","position":[-473.680664,127.014595,109.090286],"hidden":true,"isRenderEnabled":false,"rotationMatrix":[0.956304789,-0.292371035,0,0.292371035,0.956304789,0,0,0,0.999999762],"scale":[4.43613243,4.43613243,4.43613243],"shapeName":"/art/shapes/quarter_mile_display/display_8.dae","useInstanceRenderData":true}
{"name":"nodeoline_sign_B2_4","class":"TSStatic","persistentId":"1c5254ae-54fb-4816-b90d-59eff260d7d0","__parent":"fs_2_dyn_price_sign","position":[-474.252533,127.207413,109.281052],"hidden":true,"isRenderEnabled":false,"rotationMatrix":[0.956304789,-0.292371035,0,0.292371035,0.956304789,0,0,0,0.999999762],"scale":[2.24689722,2.24689722,2.24689722],"shapeName":"/art/shapes/quarter_mile_display/display_8.dae","useInstanceRenderData":true}
{"name":"nodeoline_sign_B3_1","class":"TSStatic","persistentId":"def956f7-9e19-4c99-959a-093f08a47291","__parent":"fs_2_dyn_price_sign","position":[-472.823456,126.752731,107.922714],"hidden":true,"isRenderEnabled":false,"rotationMatrix":[0.956304789,-0.292371035,0,0.292371035,0.956304789,0,0,0,0.999999762],"scale":[4.43613243,4.43613243,4.43613243],"shapeName":"/art/shapes/quarter_mile_display/display_8.dae","useInstanceRenderData":true}
{"name":"nodeoline_sign_B3_2","class":"TSStatic","persistentId":"84af540b-6c16-43ce-96e6-f8239a445012","__parent":"fs_2_dyn_price_sign","position":[-473.255066,126.884598,107.922714],"hidden":true,"isRenderEnabled":false,"rotationMatrix":[0.956304789,-0.292371035,0,0.292371035,0.956304789,0,0,0,0.999999762],"scale":[4.43613243,4.43613243,4.43613243],"shapeName":"/art/shapes/quarter_mile_display/display_8.dae","useInstanceRenderData":true}
{"name":"nodeoline_sign_B3_3","class":"TSStatic","persistentId":"1dcc2ced-0c0f-4d3c-936a-2d7320629178","__parent":"fs_2_dyn_price_sign","position":[-473.680664,127.014595,107.922714],"hidden":true,"isRenderEnabled":false,"rotationMatrix":[0.956304789,-0.292371035,0,0.292371035,0.956304789,0,0,0,0.999999762],"scale":[4.43613243,4.43613243,4.43613243],"shapeName":"/art/shapes/quarter_mile_display/display_8.dae","useInstanceRenderData":true}
{"name":"nodeoline_sign_B3_4","class":"TSStatic","persistentId":"0e501611-b9fb-44b7-b6b8-a57703f90bd8","__parent":"fs_2_dyn_price_sign","position":[-474.252533,127.207413,108.11348],"hidden":true,"isRenderEnabled":false,"rotationMatrix":[0.956304789,-0.292371035,0,0.292371035,0.956304789,0,0,0,0.999999762],"scale":[2.24689722,2.24689722,2.24689722],"shapeName":"/art/shapes/quarter_mile_display/display_8.dae","useInstanceRenderData":true}
{"name":"nodeoline_sign_B4_1","class":"TSStatic","persistentId":"97a787fa-b0ca-4c81-b722-fd4db6823e96","__parent":"fs_2_dyn_price_sign","position":[-472.823456,126.752731,106.754303],"hidden":true,"isRenderEnabled":false,"rotationMatrix":[0.956304789,-0.292371035,0,0.292371035,0.956304789,0,0,0,0.999999762],"scale":[4.43613243,4.43613243,4.43613243],"shapeName":"/art/shapes/quarter_mile_display/display_8.dae","useInstanceRenderData":true}
{"name":"nodeoline_sign_B4_2","class":"TSStatic","persistentId":"7be3c17a-3690-4bd7-84cb-84693cf8aa9f","__parent":"fs_2_dyn_price_sign","position":[-473.255066,126.884598,106.754303],"hidden":true,"isRenderEnabled":false,"rotationMatrix":[0.956304789,-0.292371035,0,0.292371035,0.956304789,0,0,0,0.999999762],"scale":[4.43613243,4.43613243,4.43613243],"shapeName":"/art/shapes/quarter_mile_display/display_8.dae","useInstanceRenderData":true}
{"name":"nodeoline_sign_B4_3","class":"TSStatic","persistentId":"342f21bb-2ccd-4a18-84a4-fb400273445c","__parent":"fs_2_dyn_price_sign","position":[-473.680664,127.014595,106.754303],"hidden":true,"isRenderEnabled":false,"rotationMatrix":[0.956304789,-0.292371035,0,0.292371035,0.956304789,0,0,0,0.999999762],"scale":[4.43613243,4.43613243,4.43613243],"shapeName":"/art/shapes/quarter_mile_display/display_8.dae","useInstanceRenderData":true}
{"name":"nodeoline_sign_B4_4","class":"TSStatic","persistentId":"c8ddfbbf-c585-40a0-843b-91120e9a8e1f","__parent":"fs_2_dyn_price_sign","position":[-474.252533,127.207413,106.945068],"hidden":true,"isRenderEnabled":false,"rotationMatrix":[0.956304789,-0.292371035,0,0.292371035,0.956304789,0,0,0,0.999999762],"scale":[2.24689722,2.24689722,2.24689722],"shapeName":"/art/shapes/quarter_mile_display/display_8.dae","useInstanceRenderData":true}
