{"class":"TSStatic","persistentId":"dd1c5d56-d821-4e85-aa7e-a2525c672686","__parent":"RV_trailers","position":[1075.27954,-69.7964706,115.369171],"annotation":"BUILDINGS","isRenderEnabled":false,"rotationMatrix":[-0.804306984,-0.594214022,0,0.594214022,-0.804306984,0,0,0,1],"shapeName":"/levels/johnson_valley/art/shapes/building/s_dealership_trailer.dae","useInstanceRenderData":true}
{"class":"TSStatic","persistentId":"f1116885-0e84-4440-9cc0-ace28b57ccfb","__parent":"RV_trailers","position":[1071.66162,-62.6481438,115.369171],"annotation":"BUILDINGS","isRenderEnabled":false,"rotationMatrix":[-0.807428598,-0.589965165,0,0.589965165,-0.807428598,0,0,0,1],"shapeName":"/levels/johnson_valley/art/shapes/building/s_dealership_tent.dae","useInstanceRenderData":true}
{"class":"TSStatic","persistentId":"806912f9-56a4-4571-b34d-d4b76b7f9037","__parent":"RV_trailers","position":[1076.95801,-72.2172318,115.369164],"annotation":"BUILDINGS","isRenderEnabled":false,"rotationMatrix":[-0.803085446,-0.595863581,0,0.595863581,-0.803085446,0,0,0,1],"shapeName":"/levels/johnson_valley/art/shapes/building/s_dealership_truck.dae","useInstanceRenderData":true}
{"class":"TSStatic","persistentId":"5b042bb2-c627-41c2-b11f-cc6c32cb0086","__parent":"RV_trailers","position":[1157.07581,-212.80896,115.369171],"annotation":"BUILDINGS","isRenderEnabled":false,"rotationMatrix":[0.803242028,0.595652699,0,-0.595652699,0.803242028,0,0,0,1],"shapeName":"/levels/johnson_valley/art/shapes/building/s_semi_trailer_screen.dae","useInstanceRenderData":true}
{"name":"p_semi_tent_2","class":"Prefab","persistentId":"597a3ebb-08c9-4cb1-9324-3a3ac0614c83","__parent":"RV_trailers","position":[1293.14148,-191.981369,115.381607],"annotation":"BUILDINGS","fileName":"/levels/johnson_valley/art/prefabs/p_semi_tent_04.prefab","rotationMatrix":[0.808720946,0.588192523,0,-0.588192523,0.808720946,0,0,0,1]}
{"class":"TSStatic","persistentId":"b99b8825-83e1-4d25-9d49-8bd23316ee8d","__parent":"RV_trailers","position":[1280.59668,-216.980042,115.380699],"annotation":"BUILDINGS","isRenderEnabled":false,"rotationMatrix":[0.591187179,-0.80653429,0,0.80653429,0.591187179,0,0,0,1],"shapeName":"/levels/johnson_valley/art/shapes/building/s_semi_trailer.dae","useInstanceRenderData":true}
{"name":"p_semi_tent_3","class":"Prefab","persistentId":"6a604f2b-8361-41e1-a0ea-998e863b866f","__parent":"RV_trailers","position":[1168.91077,-279.945953,115.381607],"annotation":"BUILDINGS","fileName":"/levels/johnson_valley/art/prefabs/p_semi_tent_04.prefab","rotationMatrix":[0.580912948,-0.813965678,0,0.813965678,0.580912948,0,0,0,1]}
{"class":"TSStatic","persistentId":"e1f0b849-2361-4bbc-9bd8-dc16737a4aa4","__parent":"RV_trailers","position":[1175.65491,-287.717773,115.353577],"annotation":"BUILDINGS","isRenderEnabled":false,"rotationMatrix":[0.599446058,-0.800415099,0,0.800415099,0.599446058,0,0,0,1],"shapeName":"/levels/johnson_valley/art/shapes/building/s_tow_small.dae","useInstanceRenderData":true}
{"class":"TSStatic","persistentId":"a0a968d3-9b36-40b7-af0d-6e62f5043e9f","__parent":"RV_trailers","position":[1138.76233,-202.740753,115.380692],"annotation":"BUILDINGS","isRenderEnabled":false,"rotationMatrix":[0.589267313,-0.80793792,0,0.80793792,0.589267313,0,0,0,1],"shapeName":"/levels/johnson_valley/art/shapes/building/s_semi_trailer_02.dae","useInstanceRenderData":true}
{"class":"TSStatic","persistentId":"f29df912-6c0f-4c7c-ad68-4f181a067e70","__parent":"RV_trailers","position":[1141.58691,-206.838089,115.351791],"annotation":"BUILDINGS","isRenderEnabled":false,"rotationMatrix":[-0.853657305,-0.520834863,0,0.520834863,-0.853657305,0,0,0,1],"shapeName":"/levels/johnson_valley/art/shapes/building/s_tow_small.dae","useInstanceRenderData":true}
{"class":"TSStatic","persistentId":"9392432e-faf5-47fe-9868-d3b333e728f6","__parent":"RV_trailers","position":[1142.06787,-160.001175,115.369171],"annotation":"BUILDINGS","instanceColor":[0.683927715,0.68392086,0.68392086,1],"isRenderEnabled":false,"rotationMatrix":[-0.812991381,-0.582275629,0,0.582275629,-0.812991381,0,0,0,1],"shapeName":"/levels/johnson_valley/art/shapes/building/s_semi_trailer_tent.dae","useInstanceRenderData":true}
{"class":"TSStatic","persistentId":"ceebdfa6-8fd7-4f29-9c1e-4c1512a1aef9","__parent":"RV_trailers","position":[1123.05457,-131.680313,115.369171],"annotation":"BUILDINGS","instanceColor":[0.486382544,0.486377686,0.486377686,1],"isRenderEnabled":false,"rotationMatrix":[-0.812991381,-0.582275629,0,0.582275629,-0.812991381,0,0,0,1],"shapeName":"/levels/johnson_valley/art/shapes/building/s_semi_trailer_tent.dae","useInstanceRenderData":true}
{"class":"TSStatic","persistentId":"9e7ea378-c16c-4f52-94b5-483f86f5e990","__parent":"RV_trailers","position":[1094.07874,-93.8456955,115.369171],"annotation":"BUILDINGS","isRenderEnabled":false,"rotationMatrix":[-0.812800229,-0.582542419,0,0.582542419,-0.812800229,0,0,0,1],"shapeName":"/levels/johnson_valley/art/shapes/building/s_semi_trailer_tent.dae","useInstanceRenderData":true}
{"class":"TSStatic","persistentId":"7549e817-0f7f-4dc7-be3a-b8f5377a3e0e","__parent":"RV_trailers","position":[1191.45862,-198.842407,115.380997],"annotation":"BUILDINGS","isRenderEnabled":false,"rotationMatrix":[0.822888374,0.568202674,0,-0.568202674,0.822888374,0,0,0,1],"shapeName":"/levels/johnson_valley/art/shapes/building/s_semi_trailer_02.dae","useInstanceRenderData":true}
{"name":"p_semi_tent_1","class":"Prefab","persistentId":"adf2e0aa-abd4-4e29-9f21-e16ebbedb7a4","__parent":"RV_trailers","position":[1352.55225,-162.895416,115.381607],"annotation":"BUILDINGS","fileName":"/levels/johnson_valley/art/prefabs/p_semi_tent_01.prefab","rotationMatrix":[-0.789732933,-0.613450766,0,0.613450766,-0.789732933,0,0,0,1]}
{"class":"TSStatic","persistentId":"06c118fd-f505-4ded-9756-d9ec03a00acd","__parent":"RV_trailers","position":[1352.8844,-170.103699,115.373566],"annotation":"BUILDINGS","isRenderEnabled":false,"rotationMatrix":[-0.556886077,0.83058852,-0.000573549652,-0.830588698,-0.556885958,0.000384548737,0,0.000690533896,0.999999762],"shapeName":"/levels/johnson_valley/art/shapes/building/s_motorhome_02.dae","useInstanceRenderData":true}
{"class":"TSStatic","persistentId":"00397903-70df-41f7-9676-bc7933b683f8","__parent":"RV_trailers","position":[1332.18091,-157.402328,115.374329],"annotation":"BUILDINGS","isRenderEnabled":false,"rotationMatrix":[0.808928311,0.587907076,-0.000405969855,-0.587907195,0.808928132,-0.000558592437,0,0.000690533896,0.999999762],"shapeName":"/levels/johnson_valley/art/shapes/building/s_sport_utill_rv_02.dae","useInstanceRenderData":true}
{"class":"TSStatic","persistentId":"279ca23b-e1fa-43eb-a496-89b07dd84b11","__parent":"RV_trailers","position":[1333.21375,-166.966812,115.37384],"annotation":"BUILDINGS","isRenderEnabled":false,"rotationMatrix":[-0.824658215,-0.565631211,0.000390587607,0.56563133,-0.824658036,0.000569454452,0,0.000690533896,0.999999762],"shapeName":"/levels/johnson_valley/art/shapes/building/s_conv_trailer_rv_02.dae","useInstanceRenderData":true}
{"class":"TSStatic","persistentId":"89bd45f2-a221-4b47-9c9a-1b65c9abb38d","__parent":"RV_trailers","position":[1319.65918,-184.997391,115.352783],"annotation":"BUILDINGS","isRenderEnabled":false,"rotationMatrix":[-0.759121895,-0.650948346,0.000449501997,0.650948524,-0.759121716,0.000524199393,0,0.000690533896,0.999999762],"shapeName":"/levels/johnson_valley/art/shapes/building/s_travel_trailer_01.dae","useInstanceRenderData":true}
{"class":"TSStatic","persistentId":"505f8cb4-596e-4782-bfe9-a5aab939a1a0","__parent":"RV_trailers","position":[1317.42029,-189.965897,115.372559],"annotation":"BUILDINGS","isRenderEnabled":false,"rotationMatrix":[0.81056875,0.585643291,-0.00040440663,-0.585643411,0.810568571,-0.000559725217,0,0.000690533896,0.999999762],"shapeName":"/levels/johnson_valley/art/shapes/building/s_fifth_wheel_rv_04.dae","useInstanceRenderData":true}
{"name":"p_truck_tent","class":"Prefab","persistentId":"b87458c4-cf16-43ed-80a4-09279740e314","__parent":"RV_trailers","position":[1377.75879,-89.9707794,115.316612],"annotation":"BUILDINGS","fileName":"/levels/johnson_valley/art/prefabs/p_truck_tent.prefab","rotationMatrix":[-0.817658782,-0.575703144,0,0.575703144,-0.817658782,0,0,0,1]}
{"class":"TSStatic","persistentId":"ce407864-bf2c-40f4-b41f-e909326346bd","__parent":"RV_trailers","position":[1141.8186,-226.276993,115.4011],"annotation":"BUILDINGS","isRenderEnabled":false,"rotationMatrix":[0.583494365,-0.81211704,0.000560794491,0.812117219,0.583494186,-0.000402922597,0,0.000690533896,0.999999762],"shapeName":"/levels/johnson_valley/art/shapes/building/s_travel_trailer_01.dae","useInstanceRenderData":true}
{"class":"TSStatic","persistentId":"8efda203-fa0a-4b9a-bc4c-beab56a5bd2e","__parent":"RV_trailers","position":[1235.66113,-192.299271,115.373566],"annotation":"BUILDINGS","isRenderEnabled":false,"rotationMatrix":[0.80126977,0.598302722,-0.000573549652,-0.598302603,0.801269948,0.000384548737,0.000689644832,3.50290138e-05,0.999999762],"shapeName":"/levels/johnson_valley/art/shapes/building/s_motorhome_02.dae","useInstanceRenderData":true}
{"class":"TSStatic","persistentId":"3e1ef5c8-3dc3-41d1-b8a1-b76834391340","__parent":"RV_trailers","position":[1239.67383,-203.57962,115.372559],"annotation":"BUILDINGS","isRenderEnabled":false,"rotationMatrix":[0.81056875,0.585643291,-0.00040440663,-0.585643411,0.810568571,-0.000559725217,0,0.000690533896,0.999999762],"shapeName":"/levels/johnson_valley/art/shapes/building/s_fifth_wheel_rv_04.dae","useInstanceRenderData":true}
{"class":"TSStatic","persistentId":"4df82ce0-dc50-4a1d-b9b6-6f3427ac527f","__parent":"RV_trailers","position":[1207.07898,-158.882034,115.37384],"annotation":"BUILDINGS","isRenderEnabled":false,"rotationMatrix":[0.581984758,-0.81319952,0.000561541936,0.813199699,0.581984639,-0.000401880185,0,0.000690533896,0.999999762],"shapeName":"/levels/johnson_valley/art/shapes/building/s_conv_trailer_rv_02.dae","useInstanceRenderData":true}
{"class":"TSStatic","persistentId":"b74060f6-dd8a-4e6a-8b31-68a8f0dfa142","__parent":"RV_trailers","position":[1260.02124,-154.875397,115.372322],"annotation":"BUILDINGS","isRenderEnabled":false,"rotationMatrix":[0.560532212,-0.828132272,0.000571853539,0.828132451,0.560532093,-0.00038706648,0,0.000690533896,0.999999762],"shapeName":"/levels/johnson_valley/art/shapes/building/s_fifth_wheel_rv_04.dae","useInstanceRenderData":true}
{"class":"TSStatic","persistentId":"de6ea74e-2fc2-4d47-a9ee-c16f8475856c","__parent":"RV_trailers","position":[1242.93518,-127.003769,115.373627],"annotation":"BUILDINGS","isRenderEnabled":false,"rotationMatrix":[-0.634529293,0.772898376,0.000410526147,-0.772898197,-0.634529412,0.000555252365,0.000689644832,3.50290138e-05,0.999999762],"shapeName":"/levels/johnson_valley/art/shapes/building/s_motorhome_02.dae","useInstanceRenderData":true}
{"class":"TSStatic","persistentId":"215ee8cb-2ee7-4908-866d-ad3e808534ce","__parent":"RV_trailers","position":[1340.60742,-75.3829422,115.369171],"annotation":"BUILDINGS","isRenderEnabled":false,"rotationMatrix":[-0.794050217,-0.607851923,-9.24396254e-11,0.607851923,-0.794050217,7.0763298e-11,-1.16415336e-10,1.73472348e-17,1],"shapeName":"/levels/johnson_valley/art/shapes/building/s_motorhome_02.dae","useInstanceRenderData":true}
{"class":"TSStatic","persistentId":"fbfdcfa9-e2bf-4182-907c-d9e679d82505","__parent":"RV_trailers","position":[1345.69531,-102.580406,115.380692],"annotation":"BUILDINGS","isRenderEnabled":false,"rotationMatrix":[-0.802752316,-0.596312582,0,0.596312582,-0.802752316,0,0,0,1],"shapeName":"/levels/johnson_valley/art/shapes/building/s_semi_trailer_02.dae","useInstanceRenderData":true}
{"class":"TSStatic","persistentId":"c7191cd1-b3b0-4d94-9e01-cbba0f6a5d47","__parent":"RV_trailers","position":[1312.3092,-69.8079376,115.380692],"annotation":"BUILDINGS","isRenderEnabled":false,"rotationMatrix":[-0.596293151,0.802766681,0,-0.802766681,-0.596293151,0,0,0,1],"shapeName":"/levels/johnson_valley/art/shapes/building/s_semi_trailer_02.dae","useInstanceRenderData":true}
{"class":"TSStatic","persistentId":"4b7af50a-3f32-4d91-a8aa-52095c3b1ceb","__parent":"RV_trailers","position":[1291.90527,-79.6200867,115.360756],"annotation":"BUILDINGS","isRenderEnabled":false,"rotationMatrix":[0.815732479,0.578429103,-0.000399425015,-0.578429222,0.8157323,-0.00056329096,0,0.000690533896,0.999999762],"shapeName":"/levels/johnson_valley/art/shapes/building/s_conv_trailer_rv_02.dae","useInstanceRenderData":true}
{"class":"TSStatic","persistentId":"83baa05e-dfa3-4bef-824d-fb335a958830","__parent":"RV_trailers","position":[1150.53064,-111.813667,115.468887],"annotation":"BUILDINGS","isRenderEnabled":false,"rotationMatrix":[-0.438587695,0.898688436,0,-0.898688436,-0.438587695,0,0,0,1],"shapeName":"/levels/johnson_valley/art/shapes/building/s_tow_small.dae","useInstanceRenderData":true}
{"class":"TSStatic","persistentId":"b018cf33-2b30-41e2-8926-5952c6da4f41","__parent":"RV_trailers","position":[1138.36707,-101.837143,115.468887],"annotation":"BUILDINGS","isRenderEnabled":false,"rotationMatrix":[-0.836952567,-0.547275543,0,0.547275543,-0.836952567,0,0,0,1],"shapeName":"/levels/johnson_valley/art/shapes/building/s_tow_small.dae","useInstanceRenderData":true}
{"class":"TSStatic","persistentId":"413d9c0c-b799-495c-8b27-4a7c4402cbf1","__parent":"RV_trailers","position":[1119.59863,-86.7735519,115.373703],"annotation":"BUILDINGS","isRenderEnabled":false,"rotationMatrix":[-0.578994334,0.81533128,0.000370740338,-0.815331101,-0.578994453,0.000582570618,0.000689644832,3.50290138e-05,0.999999762],"shapeName":"/levels/johnson_valley/art/shapes/building/s_motorhome_02.dae","useInstanceRenderData":true}
{"class":"TSStatic","persistentId":"11d8bc39-4b89-4ce7-8e1b-e0152b2702f8","__parent":"RV_trailers","position":[1193.81189,-91.8243942,115.468887],"annotation":"BUILDINGS","isRenderEnabled":false,"rotationMatrix":[0.261209249,-0.965282142,0,0.965282142,0.261209249,0,0,0,1],"shapeName":"/levels/johnson_valley/art/shapes/building/s_tow_small.dae","useInstanceRenderData":true}
{"class":"TSStatic","persistentId":"0fd081aa-e5b6-4887-b6dc-469108a524f1","__parent":"RV_trailers","position":[1137.66467,-36.5101547,115.373596],"annotation":"BUILDINGS","isRenderEnabled":false,"rotationMatrix":[0.792657673,0.609666288,-0.0005680084,-0.609666169,0.792657852,0.000392687216,0.000689644832,3.50290138e-05,0.999999762],"shapeName":"/levels/johnson_valley/art/shapes/building/s_motorhome_02.dae","useInstanceRenderData":true}
{"class":"TSStatic","persistentId":"7ec13b42-a6ff-4c13-950d-838d5e04abc7","__parent":"RV_trailers","position":[1100.99854,19.4294395,115.468887],"annotation":"BUILDINGS","isRenderEnabled":false,"rotationMatrix":[0.537782192,-0.843083799,0,0.843083799,0.537782192,0,0,0,1],"shapeName":"/levels/johnson_valley/art/shapes/building/s_tow_small.dae","useInstanceRenderData":true}
{"class":"TSStatic","persistentId":"81be1d3d-db68-48ad-adcb-daf9bb4c378d","__parent":"RV_trailers","position":[1223.24646,-83.5888977,115.373596],"annotation":"BUILDINGS","isRenderEnabled":false,"rotationMatrix":[0.792657673,0.609666288,-0.0005680084,-0.609666169,0.792657852,0.000392687216,0.000689644832,3.50290138e-05,0.999999762],"shapeName":"/levels/johnson_valley/art/shapes/building/s_motorhome_02.dae","useInstanceRenderData":true}
{"class":"TSStatic","persistentId":"d12ab283-d986-47c5-96c4-3223fb32ce64","__parent":"RV_trailers","position":[1256.4397,-37.2956276,115.380692],"annotation":"BUILDINGS","isRenderEnabled":false,"rotationMatrix":[-0.590897441,0.806746542,0,-0.806746542,-0.590897441,0,0,0,1],"shapeName":"/levels/johnson_valley/art/shapes/building/s_semi_trailer_02.dae","useInstanceRenderData":true}
{"name":"p_semi_tent_5","class":"Prefab","persistentId":"01aeb8c8-48ff-4b80-bb56-57a3c2596613","__parent":"RV_trailers","position":[1175.46973,74.8649673,115.380699],"annotation":"BUILDINGS","fileName":"/levels/johnson_valley/art/prefabs/p_semi_tent_03.prefab","rotationMatrix":[-0.590232253,0.807233453,0,-0.807233453,-0.590232253,0,0,0,1]}
{"class":"TSStatic","persistentId":"2d8eff81-7b20-45cb-bb54-0a6f8f21fc80","__parent":"RV_trailers","position":[1239.50098,-7.80501747,115.374695],"annotation":"BUILDINGS","isRenderEnabled":false,"rotationMatrix":[0.599805474,-0.800145447,-0.00038562456,0.800145268,0.599805593,-0.000572826772,0.000689644832,3.50290138e-05,0.999999762],"shapeName":"/levels/johnson_valley/art/shapes/building/s_motorhome_02.dae","useInstanceRenderData":true}
{"class":"TSStatic","persistentId":"86588e57-8317-4658-a829-fe9c1d8a516e","__parent":"RV_trailers","position":[1183.72986,-282.274628,115.373367],"annotation":"BUILDINGS","isRenderEnabled":false,"rotationMatrix":[0.535010219,-0.844845355,0.000583394431,0.844845533,0.53501004,-0.000369442685,0,0.000690533896,0.999999762],"shapeName":"/levels/johnson_valley/art/shapes/building/s_motorhome_02.dae","useInstanceRenderData":true}
{"class":"TSStatic","persistentId":"c0e12cc3-b487-46cd-b6c2-eed4aec14a9e","__parent":"RV_trailers","position":[1197.64844,-274.466064,115.373459],"annotation":"BUILDINGS","isRenderEnabled":false,"rotationMatrix":[0.592513084,-0.805560648,0.000556267099,0.805560827,0.592512965,-0.000409150409,0,0.000690533896,0.999999762],"shapeName":"/levels/johnson_valley/art/shapes/building/s_motorhome_01.dae","useInstanceRenderData":true}
{"class":"TSStatic","persistentId":"6299c4cb-92d6-4289-a527-d2af89c253db","__parent":"RV_trailers","position":[1207.06653,-256.484833,115.372528],"annotation":"BUILDINGS","isRenderEnabled":false,"rotationMatrix":[0.795572996,0.605857611,-0.000418365293,-0.60585773,0.795572817,-0.000549370132,0,0.000690533896,0.999999762],"shapeName":"/levels/johnson_valley/art/shapes/building/s_fifth_wheel_rv_04.dae","useInstanceRenderData":true}
{"class":"TSStatic","persistentId":"7eec08a7-7e16-4349-a16b-df7537fbea38","__parent":"RV_trailers","position":[1288.67664,-209.583878,115.436142],"annotation":"BUILDINGS","isRenderEnabled":false,"rotationMatrix":[0.82868886,0.55970943,-0.000386498403,-0.559709549,0.828688681,-0.000572237768,0,0.000690533896,0.999999762],"shapeName":"/levels/johnson_valley/art/shapes/building/s_fifth_wheel_rv_03.dae","useInstanceRenderData":true}
{"class":"TSStatic","persistentId":"28cb2476-1971-4980-a6fb-09f67c8aafff","__parent":"RV_trailers","position":[1202.41418,-260.091461,115.435806],"annotation":"BUILDINGS","isRenderEnabled":false,"rotationMatrix":[0.826564312,0.562842131,-0.000388661661,-0.56284225,0.826564133,-0.000570770702,0,0.000690533896,0.999999762],"shapeName":"/levels/johnson_valley/art/shapes/building/s_fifth_wheel_rv_02.dae","useInstanceRenderData":true}
{"class":"TSStatic","persistentId":"1815c6e4-8e01-47a3-9801-6c6492e4e1c7","__parent":"RV_trailers","position":[1194.60938,-264.461029,115.373566],"annotation":"BUILDINGS","isRenderEnabled":false,"rotationMatrix":[0.818539619,0.574450016,-0.000396677293,-0.574450135,0.818539441,-0.000565229333,0,0.000690533896,0.999999762],"shapeName":"/levels/johnson_valley/art/shapes/building/s_fifth_wheel_rv_01.dae","useInstanceRenderData":true}
{"class":"TSStatic","persistentId":"dd6f0e83-fed8-4530-9e45-72f9bf94e46f","__parent":"RV_trailers","position":[1246.07678,-228.351212,115.3741],"annotation":"BUILDINGS","isRenderEnabled":false,"rotationMatrix":[0.804009318,0.594616532,-0.000410602981,-0.594616652,0.80400914,-0.000555195729,0,0.000690533896,0.999999762],"shapeName":"/levels/johnson_valley/art/shapes/building/s_motorhome_01.dae","useInstanceRenderData":true}
{"class":"TSStatic","persistentId":"ce036958-f12d-482b-98ee-c270505b02f9","__parent":"RV_trailers","position":[1182.53943,-276.057251,115.372025],"annotation":"BUILDINGS","isRenderEnabled":false,"rotationMatrix":[-0.577141941,0.816643655,-0.000563920243,-0.816643834,-0.577141821,0.000398536096,0,0.000690533896,0.999999762],"shapeName":"/levels/johnson_valley/art/shapes/building/s_fifth_wheel_rv_04.dae","useInstanceRenderData":true}
{"class":"TSStatic","persistentId":"0b44f58c-2c2a-40b0-9c89-b3a057770eba","__parent":"RV_trailers","position":[1191.32935,-267.89267,115.435593],"annotation":"BUILDINGS","isRenderEnabled":false,"rotationMatrix":[-0.803631008,-0.595127702,0.000410955894,0.595127821,-0.803630829,0.000554934435,0,0.000690533896,0.999999762],"shapeName":"/levels/johnson_valley/art/shapes/building/s_fifth_wheel_rv_02.dae","useInstanceRenderData":true}
{"class":"TSStatic","persistentId":"25cfcd57-f21a-481b-8959-0f8cd9ee7797","__parent":"RV_trailers","position":[1184.14771,-266.329102,115.374542],"annotation":"BUILDINGS","isRenderEnabled":false,"rotationMatrix":[0.803569794,0.595210314,-0.000411012967,-0.595210433,0.803569615,-0.000554892176,0,0.000690533896,0.999999762],"shapeName":"/levels/johnson_valley/art/shapes/building/s_conv_trailer_rv_02.dae","useInstanceRenderData":true}
{"class":"TSStatic","persistentId":"68166816-ffc8-4221-9e72-cdfa142221a4","__parent":"RV_trailers","position":[1212.95483,-255.953964,115.374336],"annotation":"BUILDINGS","isRenderEnabled":false,"rotationMatrix":[0.817633152,0.575739503,-0.000397567725,-0.575739622,0.817632973,-0.000564603426,0,0.000690533896,0.999999762],"shapeName":"/levels/johnson_valley/art/shapes/building/s_conv_trailer_rv_03.dae","useInstanceRenderData":true}
{"class":"TSStatic","persistentId":"ad3bef80-b9b6-46c5-bdbe-bb8402978229","__parent":"RV_trailers","position":[1200.00623,-251.930466,115.373283],"annotation":"BUILDINGS","isRenderEnabled":false,"rotationMatrix":[0.544709206,-0.838624775,0.000579098938,0.838624954,0.544709086,-0.000376140175,0,0.000690533896,0.999999762],"shapeName":"/levels/johnson_valley/art/shapes/building/s_conv_trailer_rv_04.dae","useInstanceRenderData":true}
{"class":"TSStatic","persistentId":"daa62146-df91-4599-a3c0-79725469e9a4","__parent":"RV_trailers","position":[1251.60999,-219.224182,115.402252],"annotation":"BUILDINGS","isRenderEnabled":false,"rotationMatrix":[0.536768079,-0.843729675,0.000582624052,0.843729854,0.53676796,-0.000370656548,0,0.000690533896,0.999999762],"shapeName":"/levels/johnson_valley/art/shapes/building/s_conv_trailer_rv_01.dae","useInstanceRenderData":true}
{"class":"TSStatic","persistentId":"f0569b15-2ce1-4f9e-88a1-a41e78b266da","__parent":"RV_trailers","position":[1262.95496,-207.486603,115.373856],"annotation":"BUILDINGS","isRenderEnabled":false,"rotationMatrix":[-0.832200766,-0.554474056,0.000382883183,0.554474175,-0.832200587,0.000574662816,0,0.000690533896,0.999999762],"shapeName":"/levels/johnson_valley/art/shapes/building/s_conv_trailer_rv_02.dae","useInstanceRenderData":true}
{"class":"TSStatic","persistentId":"4bfde3ce-8875-4c23-9a75-b9ce4d8b9eba","__parent":"RV_trailers","position":[1287.55664,-217.08577,115.374329],"annotation":"BUILDINGS","isRenderEnabled":false,"rotationMatrix":[0.812035382,0.583607972,-0.000403001177,-0.583608091,0.812035203,-0.000560737972,0,0.000690533896,0.999999762],"shapeName":"/levels/johnson_valley/art/shapes/building/s_sport_utill_rv_02.dae","useInstanceRenderData":true}
{"class":"TSStatic","persistentId":"6e57fd34-4333-4bc1-84f8-0d0b1023a462","__parent":"RV_trailers","position":[1153.91736,-248.502335,115.401695],"annotation":"BUILDINGS","isRenderEnabled":false,"rotationMatrix":[-0.59907341,0.800694048,-0.00055290648,-0.800694227,-0.599073291,0.000413680507,0,0.000690533896,0.999999762],"shapeName":"/levels/johnson_valley/art/shapes/building/s_travel_trailer_03.dae","useInstanceRenderData":true}
{"class":"TSStatic","persistentId":"167a712e-dc53-47e2-9438-88237d489650","__parent":"RV_trailers","position":[1179.46875,-269.176697,115.401245],"annotation":"BUILDINGS","isRenderEnabled":false,"rotationMatrix":[0.793142676,0.60903579,-0.000420559925,-0.609035909,0.793142498,-0.000547691889,0,0.000690533896,0.999999762],"shapeName":"/levels/johnson_valley/art/shapes/building/s_travel_trailer_02.dae","useInstanceRenderData":true}
{"class":"TSStatic","persistentId":"c3e20184-21c9-4a78-9447-12d057a93d7f","__parent":"RV_trailers","position":[1133.72168,-263.48764,115.401466],"annotation":"BUILDINGS","isRenderEnabled":false,"rotationMatrix":[-0.781520844,-0.623878956,0.000430809654,0.623879075,-0.781520665,0.000539666624,0,0.000690533896,0.999999762],"shapeName":"/levels/johnson_valley/art/shapes/building/s_camp_trailer_01.dae","useInstanceRenderData":true}
{"class":"TSStatic","persistentId":"0e66bb49-392d-45f4-883b-ccaa090e4d17","__parent":"RV_trailers","position":[1133.67126,-258.117432,115.356926],"annotation":"BUILDINGS","isRenderEnabled":false,"rotationMatrix":[0.540863037,-0.841110528,0.000580815482,0.841110706,0.540862918,-0.000373484247,0,0.000690533896,0.999999762],"shapeName":"/levels/johnson_valley/art/shapes/building/s_camp_trailer_02.dae","useInstanceRenderData":true}
{"class":"TSStatic","persistentId":"3531a986-6566-480f-98e1-56d77b5166ff","__parent":"RV_trailers","position":[1175.82861,-279.557037,115.401352],"annotation":"BUILDINGS","isRenderEnabled":false,"rotationMatrix":[0.808860183,0.588000894,-0.00040603464,-0.588001013,0.808860004,-0.000558545347,0,0.000690533896,0.999999762],"shapeName":"/levels/johnson_valley/art/shapes/building/s_travel_trailer_01.dae","useInstanceRenderData":true}
{"class":"TSStatic","persistentId":"4e340f63-b47a-4b6f-b2c7-560f856fb17a","__parent":"RV_trailers","position":[1139.28577,-265.470947,115.346443],"annotation":"BUILDINGS","isRenderEnabled":false,"rotationMatrix":[-0.773501873,0.633793712,-0.000437656156,-0.633793831,-0.773501694,0.000534129213,0,0.000690533896,0.999999762],"shapeName":"/levels/johnson_valley/art/shapes/building/s_camp_trailer_01.dae","useInstanceRenderData":true}
{"class":"TSStatic","persistentId":"3b9e1c14-fd96-4984-a221-7fff1f0550e6","__parent":"RV_trailers","position":[1146.09045,-254.829178,115.435371],"annotation":"BUILDINGS","isRenderEnabled":false,"rotationMatrix":[0.619311094,-0.785145402,0.00054216967,0.785145581,0.619310975,-0.000427655294,0,0.000690533896,0.999999762],"shapeName":"/levels/johnson_valley/art/shapes/building/s_fifth_wheel_rv_03.dae","useInstanceRenderData":true}
{"class":"TSStatic","persistentId":"caa0b22f-0ab0-495a-85b5-277ca1bd7333","__parent":"RV_trailers","position":[1136.61218,-270.956909,115.400398],"annotation":"BUILDINGS","isRenderEnabled":false,"rotationMatrix":[-0.770286262,-0.637698054,0.000440352247,0.637698233,-0.770286083,0.000531908765,0,0.000690533896,0.999999762],"shapeName":"/levels/johnson_valley/art/shapes/building/s_travel_trailer_02.dae","useInstanceRenderData":true}
{"class":"TSStatic","persistentId":"9f661973-7b11-414f-8de5-f0f918e28e9b","__parent":"RV_trailers","position":[1124.86829,-256.44754,115.43576],"annotation":"BUILDINGS","isRenderEnabled":false,"rotationMatrix":[0.801118672,0.598505318,-0.000413288304,-0.598505437,0.801118493,-0.000553199672,0,0.000690533896,0.999999762],"shapeName":"/levels/johnson_valley/art/shapes/building/s_fifth_wheel_rv_02.dae","useInstanceRenderData":true}
{"class":"TSStatic","persistentId":"1ecd4d3a-b47a-498a-abe4-520281ab46f2","__parent":"RV_trailers","position":[1139.15344,-277.148743,115.372925],"annotation":"BUILDINGS","isRenderEnabled":false,"rotationMatrix":[-0.583926141,0.8118065,-0.000560579996,-0.811806679,-0.583926022,0.000403220794,0,0.000690533896,0.999999762],"shapeName":"/levels/johnson_valley/art/shapes/building/s_conv_trailer_rv_04.dae","useInstanceRenderData":true}
{"class":"TSStatic","persistentId":"470c1faa-0544-48b4-90ff-d5cf2dcedea5","__parent":"RV_trailers","position":[1115.13538,-248.262848,115.360497],"annotation":"BUILDINGS","isRenderEnabled":false,"rotationMatrix":[-0.805145621,-0.593076944,0.000409539818,0.593077064,-0.805145442,0.000555980369,0,0.000690533896,0.999999762],"shapeName":"/levels/johnson_valley/art/shapes/building/s_travel_trailer_02.dae","useInstanceRenderData":true}
{"class":"TSStatic","persistentId":"4279b18b-3875-4fde-aec6-65879472e971","__parent":"RV_trailers","position":[1108.55811,-233.21109,115.373886],"annotation":"BUILDINGS","isRenderEnabled":false,"rotationMatrix":[-0.807346761,-0.590077281,0,0.590077162,-0.807346582,-0.000690533896,0.000407468353,-0.000557500287,0.999999762],"shapeName":"/levels/johnson_valley/art/shapes/building/s_sport_utill_rv_02.dae","useInstanceRenderData":true}
{"class":"TSStatic","persistentId":"37dce4f9-adbb-4543-b803-c15ab128bcda","__parent":"RV_trailers","position":[1126.47058,-221.265472,115.356407],"annotation":"BUILDINGS","isRenderEnabled":false,"rotationMatrix":[0.812866569,0.582449555,2.25004515e-10,-0.582449436,0.81286639,0.000690533838,0.000402201054,-0.000561312132,0.999999762],"shapeName":"/levels/johnson_valley/art/shapes/building/s_sport_utill_rv_01.dae","useInstanceRenderData":true}
{"class":"TSStatic","persistentId":"85f4a722-55be-47b7-8f88-2c8723d819b8","__parent":"RV_trailers","position":[1215.25073,-267.367126,115.373215],"annotation":"BUILDINGS","isRenderEnabled":false,"rotationMatrix":[-0.60356307,0.79731518,-0.000550573284,-0.797315359,-0.603562951,0.000416780764,0,0.000690533896,0.999999762],"shapeName":"/levels/johnson_valley/art/shapes/building/s_motorhome_01.dae","useInstanceRenderData":true}
{"class":"TSStatic","persistentId":"9d6d4fd0-a5d5-46f2-9a19-f656e93c303a","__parent":"RV_trailers","position":[1210.24548,-243.818115,115.373215],"annotation":"BUILDINGS","isRenderEnabled":false,"rotationMatrix":[0.583868802,-0.811847806,0.000560608576,0.811847985,0.583868682,-0.000403181184,0,0.000690533896,0.999999762],"shapeName":"/levels/johnson_valley/art/shapes/building/s_sport_utill_rv_02.dae","useInstanceRenderData":true}
{"name":"p_semitruck_1","class":"Prefab","persistentId":"996d80bf-7f3f-449a-ab0b-1c8b8b3ef546","__parent":"RV_trailers","position":[1233.90137,-205.288376,115.504112],"annotation":"BUILDINGS","fileName":"/levels/johnson_valley/art/prefabs/p_semitruck_01.prefab","rotationMatrix":[-0.802877963,-0.596143365,0,0.596143365,-0.802877963,0,0,0,1]}
{"class":"TSStatic","persistentId":"e64ed508-60c5-4eec-ae87-6c3054511317","__parent":"RV_trailers","position":[1290.82812,-189.991379,115.372391],"annotation":"BUILDINGS","isRenderEnabled":false,"rotationMatrix":[0.65133065,0.758793831,0,-0.758793831,0.65133065,0,0,0,1],"shapeName":"/levels/johnson_valley/art/shapes/building/s_truck.dae","useInstanceRenderData":true}
{"class":"TSStatic","persistentId":"4bafcbdf-6e4f-429d-b963-db0ff0c7696f","__parent":"RV_trailers","position":[1269.31213,-211.623672,115.380699],"annotation":"BUILDINGS","isRenderEnabled":false,"rotationMatrix":[-0.57998848,0.814624667,0,-0.814624667,-0.57998848,0,0,0,1],"shapeName":"/levels/johnson_valley/art/shapes/building/s_semi_trailer.dae","useInstanceRenderData":true}
{"class":"TSStatic","persistentId":"a95763db-e58a-4009-ae2c-bbd0f09f3a8b","__parent":"RV_trailers","position":[1264.24817,-145.406647,115.468887],"annotation":"BUILDINGS","isRenderEnabled":false,"rotationMatrix":[0.81336844,0.581748724,0,-0.581748724,0.81336844,0,0,0,1],"shapeName":"/levels/johnson_valley/art/shapes/building/s_tow_small.dae","useInstanceRenderData":true}
{"class":"TSStatic","persistentId":"19da0a18-be3f-4aff-bb42-2d5f3f8e694b","__parent":"RV_trailers","position":[1330.92004,-81.97229,115.370102],"annotation":"BUILDINGS","isRenderEnabled":false,"rotationMatrix":[-0.815535188,-0.578707516,9.43185974e-10,0.578707516,-0.815535188,1.32917111e-09,5.55111512e-17,1.62981462e-09,1],"shapeName":"/levels/johnson_valley/art/shapes/misc/ut_caravan_a.DAE","useInstanceRenderData":true}
{"name":"p_semi_tent_4","class":"Prefab","persistentId":"13f2c288-9fa2-4fc0-b6af-52afcad5564e","__parent":"RV_trailers","position":[1118.21399,-211.856796,115.381607],"annotation":"BUILDINGS","fileName":"/levels/johnson_valley/art/prefabs/p_semi_tent_01.prefab","rotationMatrix":[0.589743555,-0.807590425,0,0.807590425,0.589743555,0,0,0,1]}
{"name":"p_semitruck_2","class":"Prefab","persistentId":"4a46f424-7320-44bc-8426-577ec45d9729","__parent":"RV_trailers","position":[1144.9187,-203.673492,115.35067],"annotation":"BUILDINGS","fileName":"/levels/johnson_valley/art/prefabs/p_semitruck_02.prefab","rotationMatrix":[0.79155755,0.611094534,0,-0.611094534,0.79155755,0,0,0,1]}
{"name":"p_semitruck_3","class":"Prefab","persistentId":"ba71e4e4-794d-4670-8ae1-faa2fdcc5164","__parent":"RV_trailers","position":[1135.99377,-153.800644,115.381607],"annotation":"BUILDINGS","fileName":"/levels/johnson_valley/art/prefabs/p_semitruck_01.prefab","rotationMatrix":[0.811700344,0.58407414,0,-0.58407414,0.811700344,0,0,0,1]}
{"name":"p_semitruck_4","class":"Prefab","persistentId":"44a460c5-2f90-4650-b595-a8a296983c1d","__parent":"RV_trailers","position":[1097.86719,-101.254593,115.380699],"annotation":"BUILDINGS","fileName":"/levels/johnson_valley/art/prefabs/p_semitruck_02.prefab","rotationMatrix":[-0.812299252,-0.583241045,0,0.583241045,-0.812299252,0,0,0,1]}
{"name":"p_semitruck_6","class":"Prefab","persistentId":"6d03095a-5e64-477e-abf9-495143da596c","__parent":"RV_trailers","position":[1126.31104,-138.494659,115.381607],"annotation":"BUILDINGS","fileName":"/levels/johnson_valley/art/prefabs/p_semitruck_01.prefab","rotationMatrix":[-0.812648475,-0.582754254,0,0.582754254,-0.812648475,0,0,0,1]}
{"class":"TSStatic","persistentId":"ce82b7a0-1c35-42a3-8e13-5e9f78c0e5c4","__parent":"RV_trailers","position":[1197.24292,-232.60054,115.374161],"annotation":"BUILDINGS","isRenderEnabled":false,"rotationMatrix":[-0.832200766,-0.554474056,0.000382883183,0.554474175,-0.832200587,0.000574662816,0,0.000690533896,0.999999762],"shapeName":"/levels/johnson_valley/art/shapes/building/s_conv_trailer_rv_02.dae","useInstanceRenderData":true}
{"class":"TSStatic","persistentId":"464b6f73-ee78-4672-85f5-fa0b24b2963b","__parent":"RV_trailers","position":[1189.94348,-211.240479,115.374405],"annotation":"BUILDINGS","isRenderEnabled":false,"rotationMatrix":[0.804009318,0.594616532,-0.000410602981,-0.594616652,0.80400914,-0.000555195729,0,0.000690533896,0.999999762],"shapeName":"/levels/johnson_valley/art/shapes/building/s_motorhome_01.dae","useInstanceRenderData":true}
{"class":"TSStatic","persistentId":"720d8d6b-5ef3-4929-8f82-5b86764027cc","__parent":"RV_trailers","position":[1190.24377,-221.335831,115.400192],"annotation":"BUILDINGS","isRenderEnabled":false,"rotationMatrix":[-0.52243191,0.852680683,-0.000588805065,-0.852680922,-0.522431791,0.000360756967,0,0.000690533896,0.999999762],"shapeName":"/levels/johnson_valley/art/shapes/building/s_travel_trailer_02.dae","useInstanceRenderData":true}
{"class":"TSStatic","persistentId":"6b65f2c4-5f8d-43dc-8563-0a9bb85101ee","__parent":"RV_trailers","position":[1353.20337,-95.9043884,115.373123],"annotation":"BUILDINGS","isRenderEnabled":false,"rotationMatrix":[-0.576673627,0.816974401,-0.000564148708,-0.81697458,-0.576673508,0.000398212695,0,0.000690533896,0.999999762],"shapeName":"/levels/johnson_valley/art/shapes/building/s_motorhome_01.dae","useInstanceRenderData":true}
{"class":"TSStatic","persistentId":"8e4362ad-2fb6-488b-86bc-399840ae2337","__parent":"RV_trailers","position":[1210.83606,-170.601318,115.37368],"annotation":"BUILDINGS","isRenderEnabled":false,"rotationMatrix":[-0.76505059,-0.643969834,0.00044468313,0.643970013,-0.765050411,0.000528293429,0,0.000690533896,0.999999762],"shapeName":"/levels/johnson_valley/art/shapes/building/s_motorhome_01.dae","useInstanceRenderData":true}
{"class":"TSStatic","persistentId":"11782e1d-9e7f-41c3-b325-1ac33e3bd45f","__parent":"RV_trailers","position":[1216.40515,-167.879211,115.358276],"annotation":"BUILDINGS","isRenderEnabled":false,"rotationMatrix":[0.812866569,0.582449555,2.25004515e-10,-0.582449436,0.81286639,0.000690533838,0.000402201054,-0.000561312132,0.999999762],"shapeName":"/levels/johnson_valley/art/shapes/building/s_sport_utill_rv_01.dae","useInstanceRenderData":true}
{"class":"TSStatic","persistentId":"872703f8-21bd-41b6-870f-99a0b1c5046a","__parent":"RV_trailers","position":[1199.91992,-154.863922,115.373215],"annotation":"BUILDINGS","isRenderEnabled":false,"rotationMatrix":[0.583868802,-0.811847806,0.000560608576,0.811847985,0.583868682,-0.000403181184,0,0.000690533896,0.999999762],"shapeName":"/levels/johnson_valley/art/shapes/building/s_sport_utill_rv_02.dae","useInstanceRenderData":true}
{"class":"TSStatic","persistentId":"d11f293e-c7f6-4dbc-89fd-730e35fd3b48","__parent":"RV_trailers","position":[1171.76892,-156.35495,115.371826],"annotation":"BUILDINGS","isRenderEnabled":false,"rotationMatrix":[0.594444931,-0.80413574,-0.000690457819,0.804135919,0.59444505,1.02449285e-05,0.000402201054,-0.000561312132,0.999999762],"shapeName":"/levels/johnson_valley/art/shapes/building/s_sport_utill_rv_01.dae","useInstanceRenderData":true}
{"name":"p_semitruck_7","class":"Prefab","persistentId":"dbaaf30c-d1d3-4614-ae7e-0f3f6b4ed0e7","__parent":"RV_trailers","position":[1192.1145,-140.892197,115.380699],"annotation":"BUILDINGS","fileName":"/levels/johnson_valley/art/prefabs/p_semitruck_02.prefab","rotationMatrix":[-0.591479838,0.806319714,0,-0.806319714,-0.591479838,0,0,0,1]}
{"class":"TSStatic","persistentId":"7451e611-03a2-40aa-8c8c-1b5e93a087b9","__parent":"RV_trailers","position":[1221.35559,-120.440018,115.373123],"annotation":"BUILDINGS","isRenderEnabled":false,"rotationMatrix":[-0.576673627,0.816974401,-0.000564148708,-0.81697458,-0.576673508,0.000398212695,0,0.000690533896,0.999999762],"shapeName":"/levels/johnson_valley/art/shapes/building/s_motorhome_01.dae","useInstanceRenderData":true}
{"class":"TSStatic","persistentId":"4e9713a9-ebe9-442a-94e0-2725b7932ebb","__parent":"RV_trailers","position":[1234.26282,-107.065865,115.3554],"annotation":"BUILDINGS","isRenderEnabled":false,"rotationMatrix":[-0.59907341,0.800694048,-0.00055290648,-0.800694227,-0.599073291,0.000413680507,0,0.000690533896,0.999999762],"shapeName":"/levels/johnson_valley/art/shapes/building/s_travel_trailer_03.dae","useInstanceRenderData":true}
{"class":"TSStatic","persistentId":"3c796ec0-32d8-4402-b19c-7ef920843f36","__parent":"RV_trailers","position":[1248.84314,-134.630951,115.343658],"annotation":"BUILDINGS","isRenderEnabled":false,"rotationMatrix":[-0.832200766,-0.554474056,0.000382883183,0.554474175,-0.832200587,0.000574662816,0,0.000690533896,0.999999762],"shapeName":"/levels/johnson_valley/art/shapes/building/s_conv_trailer_rv_02.dae","useInstanceRenderData":true}
{"class":"TSStatic","persistentId":"645d796d-8261-44b8-ae60-2f00dc71f4ef","__parent":"RV_trailers","position":[1258.3092,-137.101868,115.373459],"annotation":"BUILDINGS","isRenderEnabled":false,"rotationMatrix":[-0.8228122,-0.568313122,0.000392439571,0.568313241,-0.822812021,0.000568179705,0,0.000690533896,0.999999762],"shapeName":"/levels/johnson_valley/art/shapes/building/s_sport_utill_rv_02.dae","useInstanceRenderData":true}
{"class":"TSStatic","persistentId":"2c4b6873-7871-48a9-95f8-276f8955b1ee","__parent":"RV_trailers","position":[1256.48486,-148.547577,115.397041],"annotation":"BUILDINGS","isRenderEnabled":false,"rotationMatrix":[-0.811896622,-0.583800972,0.000403134414,0.583801091,-0.811896443,0.000560642162,0,0.000690533896,0.999999762],"shapeName":"/levels/johnson_valley/art/shapes/building/s_fifth_wheel_rv_03.dae","useInstanceRenderData":true}
{"class":"TSStatic","persistentId":"b98f97c0-8cd5-44a3-b669-63ac2498796f","__parent":"RV_trailers","position":[1272.98547,-158.446686,115.373322],"annotation":"BUILDINGS","isRenderEnabled":false,"rotationMatrix":[0.814531446,0.580119252,-8.47914453e-06,-0.580119133,0.814531267,0.0006904818,0.000407468353,-0.000557500287,0.999999762],"shapeName":"/levels/johnson_valley/art/shapes/building/s_sport_utill_rv_02.dae","useInstanceRenderData":true}
{"class":"TSStatic","persistentId":"36819b2a-096a-4d18-97dd-c4b5c3112bc9","__parent":"RV_trailers","position":[1284.17334,-172.760773,115.373398],"annotation":"BUILDINGS","isRenderEnabled":false,"rotationMatrix":[0.575350583,-0.817906797,0.000564792485,0.817906976,0.575350463,-0.000397299125,0,0.000690533896,0.999999762],"shapeName":"/levels/johnson_valley/art/shapes/building/s_motorhome_01.dae","useInstanceRenderData":true}
