{"class":"TSStatic","persistentId":"4772428e-bad2-4ed8-8c1a-971b67af3bee","__parent":"trail_018_rocks","position":[-682.086487,182.316986,205.76355],"isRenderEnabled":false,"rotationMatrix":[0.959909201,0.149748802,0.2369591,0.0173403621,0.812001467,-0.583397806,-0.279774249,0.564117849,0.776850939],"shapeName":"/levels/johnson_valley/art/shapes/rocks/s_rocks_desert_collection_03.dae","useInstanceRenderData":true}
{"class":"TSStatic","persistentId":"5f8f4c71-2fd4-4969-bbee-dacb8f3ada46","__parent":"trail_018_rocks","position":[-699.881409,191.000336,199.324539],"isRenderEnabled":false,"rotationMatrix":[0.999901474,0.00733769126,0.0119666243,2.32830644e-10,0.852496207,-0.52273339,-0.0140371574,0.522681892,0.852412224],"shapeName":"/levels/johnson_valley/art/shapes/rocks/s_rocks_desert_collection_02.dae","useInstanceRenderData":true}
{"class":"TSStatic","persistentId":"9fbd978c-fb9d-47cf-9f2d-2681a2224029","__parent":"trail_018_rocks","position":[-705.186951,195.004639,198.256271],"isRenderEnabled":false,"rotationMatrix":[-0.289841413,-0.877972245,-0.380994916,0.879220009,-0.401525378,0.256417483,-0.378106415,-0.260657936,0.888309062],"shapeName":"/levels/johnson_valley/art/shapes/rocks/s_rocks_desert_large_05.dae","useInstanceRenderData":true}
{"class":"TSStatic","persistentId":"a273e81a-5526-43ce-a8a9-ac355d10376b","__parent":"trail_018_rocks","position":[-698.385498,205.085861,196.318954],"isRenderEnabled":false,"rotationMatrix":[-0.491089106,-0.871109545,0,0.871109545,-0.491089106,0,0,0,1],"scale":[1.17568362,1.17568362,1.17568362],"shapeName":"/levels/johnson_valley/art/shapes/rocks/s_rocks_desert_medium_01.dae","useInstanceRenderData":true}
{"class":"TSStatic","persistentId":"c6e0c5a1-1d29-48b1-a9ba-7f116156f2c9","__parent":"trail_018_rocks","position":[-716.911621,191.320618,202.450195],"isRenderEnabled":false,"rotationMatrix":[0.971888304,-0.235077605,0.0130998977,0.218365923,0.879198492,-0.423469424,0.0880307704,0.414425552,0.905815661],"shapeName":"/levels/johnson_valley/art/shapes/rocks/s_rocks_desert_huge_sheet_3.dae","useInstanceRenderData":true}
{"class":"TSStatic","persistentId":"568b6cc4-2c30-4c5c-b6f7-49f5e57debf8","__parent":"trail_018_rocks","position":[-714.19458,194.160309,200.497726],"isRenderEnabled":false,"rotationMatrix":[0.275163293,0.733727753,-0.621231437,-0.936322629,0.351140559,0,0.218139499,0.581673145,0.783627093],"shapeName":"/levels/johnson_valley/art/shapes/rocks/s_rocks_desert_low_tiny.dae","useInstanceRenderData":true}
{"class":"TSStatic","persistentId":"29a7b5d8-33a7-4c6e-b5ea-13ac0980363c","__parent":"trail_018_rocks","position":[-718.240967,154.812607,208.033768],"isRenderEnabled":false,"rotationMatrix":[0.825176537,0.0135459639,0.564712465,0.112012893,0.975936234,-0.187087074,-0.553657591,0.217634931,0.803802371],"shapeName":"/levels/johnson_valley/art/shapes/rocks/s_rocks_desert_collection_03.dae","useInstanceRenderData":true}
{"class":"TSStatic","persistentId":"05dc12d8-8ac0-4e9b-ba9e-8f56ee621cfb","__parent":"trail_018_rocks","position":[-667.836426,170.067307,214.974808],"isRenderEnabled":false,"rotationMatrix":[0.584591031,0.672824621,-0.453387558,-0.79312861,0.591617703,-0.144690514,0.170880735,0.444179475,0.879490972],"shapeName":"/levels/johnson_valley/art/shapes/rocks/s_rocks_desert_low_small.dae","useInstanceRenderData":true}
{"class":"TSStatic","persistentId":"400cbded-4989-4943-b38b-3a9d0104ced6","__parent":"trail_018_rocks","position":[-661.401489,170.992325,214.901566],"isRenderEnabled":false,"rotationMatrix":[-0.899337173,0,-0.437255383,0,1,0,0.437255383,0,-0.899337173],"shapeName":"/levels/johnson_valley/art/shapes/rocks/s_rocks_desert_medium_04.dae","useInstanceRenderData":true}
{"class":"TSStatic","persistentId":"f48dfa62-a081-40ac-b223-1bb2055c280d","__parent":"trail_018_rocks","position":[-662.535095,170.666565,214.574249],"isRenderEnabled":false,"shapeName":"/levels/johnson_valley/art/shapes/rocks/s_rocks_desert_small_03.dae","useInstanceRenderData":true}
{"class":"TSStatic","persistentId":"4c7e3916-6428-4332-b2d1-f2b21c1aea30","__parent":"trail_018_rocks","position":[-653.962585,170.734756,216.976624],"isRenderEnabled":false,"rotationMatrix":[0.247540891,0.968877316,0,-0.968877316,0.247540891,0,0,0,1],"scale":[1.20297861,1.20297861,1.20297861],"shapeName":"/levels/johnson_valley/art/shapes/rocks/s_rocks_desert_large_05.dae","useInstanceRenderData":true}
{"class":"TSStatic","persistentId":"0232d128-b3c5-4774-a932-477f07a7d2f7","__parent":"trail_018_rocks","position":[-656.195679,171.830307,216.646988],"isRenderEnabled":false,"rotationMatrix":[0.780991495,0.472414851,0.408505201,-0.509592712,0.860171735,-0.020490177,-0.361064494,-0.192168593,0.912526011],"shapeName":"/levels/johnson_valley/art/shapes/rocks/s_rocks_desert_low_tiny.dae","useInstanceRenderData":true}
{"class":"TSStatic","persistentId":"ce01bc29-8a1a-40d0-8a8e-a839503e7708","__parent":"trail_018_rocks","position":[-654.517517,167.436295,216.46022],"isRenderEnabled":false,"rotationMatrix":[0.11440587,0.978348255,0.172469541,-0.952525854,0.157335818,-0.260652572,-0.282144636,-0.134461552,0.949902356],"shapeName":"/levels/johnson_valley/art/shapes/rocks/s_rocks_desert_low_tiny.dae","useInstanceRenderData":true}
{"class":"TSStatic","persistentId":"67f421b1-3b36-449a-8905-57d4987aa003","__parent":"trail_018_rocks","position":[-651.364685,159.263519,219.462967],"isRenderEnabled":false,"rotationMatrix":[-0.463526249,0.702382267,-0.54018724,-0.848668873,-0.527194381,0.042741403,-0.254762948,0.478251934,0.840458751],"shapeName":"/levels/johnson_valley/art/shapes/rocks/s_rocks_desert_huge_sheet_2.dae","useInstanceRenderData":true}
{"class":"TSStatic","persistentId":"e2e2f5a3-d261-40bb-8ed1-4bfcf2301854","__parent":"trail_018_rocks","position":[-654.217041,163.255753,216.977768],"isRenderEnabled":false,"rotationMatrix":[0.440858662,-0.720959067,0.534660459,0.886498451,0.443038404,-0.133557662,-0.140585512,0.53285563,0.834446311],"shapeName":"/levels/johnson_valley/art/shapes/rocks/s_rocks_desert_low_tiny.dae","useInstanceRenderData":true}
{"class":"TSStatic","persistentId":"f3a67a8d-6afc-4850-a26e-ba75cb72eba0","__parent":"trail_018_rocks","position":[-650.97937,164.887314,217.639435],"isRenderEnabled":false,"rotationMatrix":[0.219959676,-0.942414224,0.251938283,0.900168002,0.295609355,0.31986326,-0.375919044,0.156429827,0.913353503],"shapeName":"/levels/johnson_valley/art/shapes/rocks/s_rocks_desert_low_tiny.dae","useInstanceRenderData":true}
{"class":"TSStatic","persistentId":"739e73a2-7011-48e8-9dff-da6460e2fe8a","__parent":"trail_018_rocks","position":[-659.827332,168.081406,215.301834],"isRenderEnabled":false,"rotationMatrix":[0.637993693,0.751890123,0.166208774,0.512634933,-0.253653526,-0.82028383,-0.574603796,0.608540356,-0.54727447],"shapeName":"/levels/johnson_valley/art/shapes/rocks/s_rocks_desert_medium_05.dae","useInstanceRenderData":true}
{"class":"TSStatic","persistentId":"ca108b2b-eb16-4dae-8254-ae84ae93c331","__parent":"trail_018_rocks","position":[-658.327087,169.442764,215.194443],"isRenderEnabled":false,"rotationMatrix":[0.203939199,0.0641059875,-0.976882219,0.666516304,-0.739965916,0.0905865729,-0.717052698,-0.669582248,-0.193635464],"shapeName":"/levels/johnson_valley/art/shapes/rocks/s_rocks_desert_medium_02.dae","useInstanceRenderData":true}
{"class":"TSStatic","persistentId":"ff23b62d-f348-4f8b-a0b9-0e5410829b86","__parent":"trail_018_rocks","position":[-658.997375,164.633011,216.318207],"isRenderEnabled":false,"rotationMatrix":[-0.492885113,-0.87009424,-1.78813934e-07,-0.845155299,0.478758156,-0.237703681,0.20682472,-0.117160492,-0.971337557],"shapeName":"/levels/johnson_valley/art/shapes/rocks/s_rocks_desert_large_05.dae","useInstanceRenderData":true}
{"class":"TSStatic","persistentId":"f73dbe0e-17d0-40a8-b9ee-81e8d2909dde","__parent":"trail_018_rocks","position":[-658.05011,162.440399,216.415512],"isRenderEnabled":false,"shapeName":"/levels/johnson_valley/art/shapes/rocks/s_rocks_desert_large_03.dae","useInstanceRenderData":true}
{"class":"TSStatic","persistentId":"3d275844-a384-4dbf-b48a-4089968332ab","__parent":"trail_018_rocks","position":[-675.340942,168.415955,217.487823],"isRenderEnabled":false,"rotationMatrix":[1,0,0,0,0.924087107,-0.382181853,0,0.382181853,0.924087107],"shapeName":"/levels/johnson_valley/art/shapes/rocks/s_rocks_desert_collection_03.dae","useInstanceRenderData":true}
{"class":"TSStatic","persistentId":"72250f7a-3793-415e-9bc0-2c93a8926f26","__parent":"trail_018_rocks","position":[-673.592896,163.003204,219.327225],"isRenderEnabled":false,"rotationMatrix":[1,0,0,0,0.949225545,-0.314596415,0,0.314596415,0.949225545],"shapeName":"/levels/johnson_valley/art/shapes/rocks/s_rocks_desert_collection_01.dae","useInstanceRenderData":true}
{"class":"TSStatic","persistentId":"bc121f49-6bcb-49a9-8d96-28cf6ee4ff55","__parent":"trail_018_rocks","position":[-675.810242,165.40802,218.904022],"isRenderEnabled":false,"rotationMatrix":[1,0,0,0,0.986818135,-0.161833137,0,0.161833137,0.986818135],"shapeName":"/levels/johnson_valley/art/shapes/rocks/s_rocks_desert_collection_03.dae","useInstanceRenderData":true}
{"class":"TSStatic","persistentId":"ac80f3b3-273e-48a9-bee4-861737eadcde","__parent":"trail_018_rocks","position":[-668.714722,161.45134,219.088867],"isRenderEnabled":false,"rotationMatrix":[0.966845512,0.00871543214,-0.255213171,-0.0441769697,0.990057051,-0.133549243,0.251511663,0.140396029,0.957617283],"shapeName":"/levels/johnson_valley/art/shapes/rocks/s_rocks_desert_collection_03.dae","useInstanceRenderData":true}
{"class":"TSStatic","persistentId":"f99912fd-8d3d-4523-a34a-8ae12eb623d5","__parent":"trail_018_rocks","position":[-659.348083,155.6306,220.221985],"isRenderEnabled":false,"rotationMatrix":[0.838519871,0.544870973,4.47034836e-08,-0.405668139,0.624296188,-0.667598307,-0.363754988,0.559794366,0.744521618],"shapeName":"/levels/johnson_valley/art/shapes/rocks/s_rocks_desert_huge_sheet_3.dae","useInstanceRenderData":true}
{"class":"TSStatic","persistentId":"754f03be-0ca9-4e9a-9c3c-9bc76bb09c31","__parent":"trail_018_rocks","position":[-647.584656,169.870911,219.758682],"isRenderEnabled":false,"rotationMatrix":[-0.443181157,0.895939827,-0.0297003388,-0.752042174,-0.389624834,-0.531624913,-0.487875938,-0.213270277,0.846459031],"shapeName":"/levels/johnson_valley/art/shapes/rocks/s_rocks_desert_huge_sheet_3.dae","useInstanceRenderData":true}
{"class":"TSStatic","persistentId":"211f7a6c-dd42-4b40-b825-b9dba680dd24","__parent":"trail_018_rocks","position":[-641.819641,162.967804,222.85379],"isRenderEnabled":false,"rotationMatrix":[0.991836488,0.127516076,0,-0.127516076,0.991836488,0,0,0,1],"shapeName":"/levels/johnson_valley/art/shapes/rocks/s_rocks_desert_large_05.dae","useInstanceRenderData":true}
{"class":"TSStatic","persistentId":"986de2af-2491-4283-9807-992a77659365","__parent":"trail_018_rocks","position":[-643.515381,162.085983,222.302216],"isRenderEnabled":false,"shapeName":"/levels/johnson_valley/art/shapes/rocks/s_rocks_desert_large_06.dae","useInstanceRenderData":true}
{"class":"TSStatic","persistentId":"c6b8f481-d33d-4944-b8ab-38aaf5900edc","__parent":"trail_018_rocks","position":[-643.295776,159.819061,224.658218],"isRenderEnabled":false,"rotationMatrix":[0.724129081,-0.455979615,0.517416358,0.559266925,0.827248037,-0.0536766201,-0.403556228,0.32824266,0.854048669],"shapeName":"/levels/johnson_valley/art/shapes/rocks/s_rocks_desert_low_tiny.dae","useInstanceRenderData":true}
{"class":"TSStatic","persistentId":"16122fee-2e05-41c3-90d4-4155edc55932","__parent":"trail_018_rocks","position":[-642.624695,168.135208,221.199417],"isRenderEnabled":false,"rotationMatrix":[0.964953959,-0.262419254,0,0.262419254,0.964953959,0,0,0,1],"shapeName":"/levels/johnson_valley/art/shapes/rocks/s_rocks_desert_large_04.dae","useInstanceRenderData":true}
{"class":"TSStatic","persistentId":"fb4d63f4-b8a6-40a9-aafa-6c0cd832c81a","__parent":"trail_018_rocks","position":[-643.065308,166.282669,221.189636],"isRenderEnabled":false,"shapeName":"/levels/johnson_valley/art/shapes/rocks/s_rocks_desert_medium_04.dae","useInstanceRenderData":true}
{"class":"TSStatic","persistentId":"7b31e163-7170-461b-b8c2-0a162f490025","__parent":"trail_018_rocks","position":[-643.765076,165.078308,220.970016],"isRenderEnabled":false,"rotationMatrix":[0.972396851,0,0.2333332,0.013280455,0.998378932,-0.0553451926,-0.232954949,0.0569162592,0.970820546],"shapeName":"/levels/johnson_valley/art/shapes/rocks/s_rocks_desert_low_tiny.dae","useInstanceRenderData":true}
{"class":"TSStatic","persistentId":"cbca216e-c8d5-4ed6-9aa2-8b43c1e73a56","__parent":"trail_018_rocks","position":[-641.012329,165.969528,221.882263],"isRenderEnabled":false,"shapeName":"/levels/johnson_valley/art/shapes/rocks/s_rocks_desert_large_06.dae","useInstanceRenderData":true}
{"class":"TSStatic","persistentId":"1b8d4b8b-791c-4799-bb8d-8d2c88355ca3","__parent":"trail_018_rocks","position":[-642.836975,164.94014,221.375748],"isRenderEnabled":false,"shapeName":"/levels/johnson_valley/art/shapes/rocks/s_rocks_desert_small_03.dae","useInstanceRenderData":true}
{"class":"TSStatic","persistentId":"27f30647-60a1-49d7-a1f8-108fc7720d7a","__parent":"trail_018_rocks","position":[-640.66272,169.153732,222.858521],"isRenderEnabled":false,"shapeName":"/levels/johnson_valley/art/shapes/rocks/s_rocks_desert_large_02.dae","useInstanceRenderData":true}
{"class":"TSStatic","persistentId":"59205431-4712-489c-9cc2-085199012394","__parent":"trail_018_rocks","position":[-639.553101,166.813492,222.905853],"isRenderEnabled":false,"rotationMatrix":[-0.772280812,0.0150449891,-0.635103166,-0.0606551394,0.993406177,0.0972890481,0.632379115,0.113656737,-0.766275883],"shapeName":"/levels/johnson_valley/art/shapes/rocks/s_rocks_desert_large_06.dae","useInstanceRenderData":true}
{"class":"TSStatic","persistentId":"94b0aef7-7ad4-4370-bcdb-49d81cc0376c","__parent":"trail_018_rocks","position":[-639.170837,164.091995,224.217041],"isRenderEnabled":false,"rotationMatrix":[-0.998269916,-0.0587933883,0,0.0587933883,-0.998269916,0,0,0,1],"shapeName":"/levels/johnson_valley/art/shapes/rocks/s_rocks_desert_large_05.dae","useInstanceRenderData":true}
{"class":"TSStatic","persistentId":"e2fd5afb-ab5f-42a3-9db0-bab1fdd413cb","__parent":"trail_018_rocks","position":[-641.357117,167.377335,222.931747],"isRenderEnabled":false,"rotationMatrix":[0.973104954,0,0.230362102,-0.0494961329,0.976644337,0.209083557,-0.224981859,-0.214862287,0.950377464],"shapeName":"/levels/johnson_valley/art/shapes/rocks/s_rocks_desert_medium_03.dae","useInstanceRenderData":true}
{"class":"TSStatic","persistentId":"ff64ca22-249c-4aa5-bc06-4d8428d70077","__parent":"trail_018_rocks","position":[-640.712219,165.153351,223.038437],"isRenderEnabled":false,"shapeName":"/levels/johnson_valley/art/shapes/rocks/s_rocks_desert_medium_04.dae","useInstanceRenderData":true}
{"class":"TSStatic","persistentId":"e52a2aaf-a8c3-4ffd-bc1e-57d1a71b39f9","__parent":"trail_018_rocks","position":[-667.939758,180.122147,213.653168],"isRenderEnabled":false,"rotationMatrix":[0.409928083,-0.912117779,0,0.912117779,0.409928083,0,0,0,1],"shapeName":"/levels/johnson_valley/art/shapes/rocks/s_rocks_desert_large_05.dae","useInstanceRenderData":true}
{"class":"TSStatic","persistentId":"36c53804-bcd0-43fa-a825-247465e2d36c","__parent":"trail_018_rocks","position":[-639.312073,168.009476,224.521652],"isRenderEnabled":false,"rotationMatrix":[0.822980165,0.172902942,-0.541117489,-0.548735917,-0.00443458557,-0.835983992,-0.146943748,0.984928846,0.0912284255],"shapeName":"/levels/johnson_valley/art/shapes/rocks/s_rocks_desert_medium_01.dae","useInstanceRenderData":true}
{"class":"TSStatic","persistentId":"c7be8fb3-f800-43d5-9596-ce7fcec4fc24","__parent":"trail_018_rocks","position":[-638.503845,166.469238,224.539413],"isRenderEnabled":false,"shapeName":"/levels/johnson_valley/art/shapes/rocks/s_rocks_desert_medium_03.dae","useInstanceRenderData":true}
{"class":"TSStatic","persistentId":"8d8d1e30-aed6-4d58-80bb-a73e94aa5a6a","__parent":"trail_018_rocks","position":[-634.197144,173.819183,227.679382],"isRenderEnabled":false,"rotationMatrix":[0.949733794,0,0.313058615,-0.0379457735,0.992626905,0.115117028,-0.310750425,-0.121209785,0.942731321],"shapeName":"/levels/johnson_valley/art/shapes/rocks/s_rocks_desert_collection_02.dae","useInstanceRenderData":true}
{"class":"TSStatic","persistentId":"60561503-2a3e-4da1-b917-96376577f002","__parent":"trail_018_rocks","position":[-632.352539,166.308365,227.782501],"isRenderEnabled":false,"rotationMatrix":[-0.735458493,0.508936524,-0.447307765,-0.499053627,-0.853410363,-0.150452316,-0.458307862,0.112579137,0.881634772],"shapeName":"/levels/johnson_valley/art/shapes/rocks/s_rocks_desert_collection_03.dae","useInstanceRenderData":true}
{"class":"TSStatic","persistentId":"ca28069b-a7f9-4652-85b0-3da5881ae122","__parent":"trail_018_rocks","position":[-635.073975,163.388443,227.077484],"isRenderEnabled":false,"rotationMatrix":[0.663880229,0.74699676,0.035479337,-0.598977923,0.559538603,-0.572836757,-0.447759271,0.359043628,0.818901241],"shapeName":"/levels/johnson_valley/art/shapes/rocks/s_rocks_desert_huge_sheet_3.dae","useInstanceRenderData":true}
{"class":"TSStatic","persistentId":"458ed0cc-476f-484f-bba8-6f1b220e7e4e","__parent":"trail_018_rocks","position":[-638.908752,161.442261,226.108444],"isRenderEnabled":false,"rotationMatrix":[-0.770993352,-0.633556128,-0.0646220148,0.506435871,-0.671474934,0.540966153,-0.386124432,0.384354353,0.838558078],"shapeName":"/levels/johnson_valley/art/shapes/rocks/s_rocks_desert_huge_sheet_3.dae","useInstanceRenderData":true}
{"class":"TSStatic","persistentId":"e55d6b3b-6693-460b-97ca-a1d64702feee","__parent":"trail_018_rocks","position":[-648.041016,178.066467,221.295029],"isRenderEnabled":false,"rotationMatrix":[0.356636822,-0.932968378,0.0487888902,0.824081182,0.338756204,0.45402056,-0.440114319,-0.121714488,0.889654458],"shapeName":"/levels/johnson_valley/art/shapes/rocks/s_rocks_desert_huge_sheet_3.dae","useInstanceRenderData":true}
{"class":"TSStatic","persistentId":"95b22c6b-4cf1-4fea-9afb-9e0613bcb527","__parent":"trail_018_rocks","position":[-692.840515,191.441895,199.273712],"isRenderEnabled":false,"rotationMatrix":[0.565525889,-0.823790848,-0.0393580198,0.704513967,0.457731664,0.542348444,-0.428766251,-0.33444038,0.839231253],"shapeName":"/levels/johnson_valley/art/shapes/rocks/s_rocks_desert_large_05.dae","useInstanceRenderData":true}
{"class":"TSStatic","persistentId":"f3ff20ea-054a-4469-ab05-f4a67a65c833","__parent":"trail_018_rocks","position":[-691.22876,195.9245,199.282471],"isRenderEnabled":false,"rotationMatrix":[1,0,0,0,-0.913213491,-0.407480836,0,0.407480836,-0.913213491],"shapeName":"/levels/johnson_valley/art/shapes/rocks/s_rocks_desert_medium_02.dae","useInstanceRenderData":true}
{"class":"TSStatic","persistentId":"83ef9d6e-7ff4-45e4-82b3-ad4ab5f9ed8a","__parent":"trail_018_rocks","position":[-692.02655,196.923309,199.850998],"isRenderEnabled":false,"shapeName":"/levels/johnson_valley/art/shapes/rocks/s_rocks_desert_medium_03.dae","useInstanceRenderData":true}
{"class":"TSStatic","persistentId":"bf710deb-8cff-49be-ba36-91040e25f227","__parent":"trail_018_rocks","position":[-689.334229,190.101685,200.243835],"isRenderEnabled":false,"rotationMatrix":[0.985726178,0,0.168356314,0.00109480077,0.99997884,-0.00641005719,-0.168352768,0.00650287839,0.985705376],"shapeName":"/levels/johnson_valley/art/shapes/rocks/s_rocks_desert_collection_03.dae","useInstanceRenderData":true}
{"class":"TSStatic","persistentId":"df3a4231-02f1-4de5-9429-76355538ceb4","__parent":"trail_018_rocks","position":[-684.021973,191.972107,200.859344],"isRenderEnabled":false,"rotationMatrix":[-0.675754428,0.730851233,-0.0959822387,-0.736981809,-0.672453523,0.0682966635,-0.014628876,0.116888918,0.993037224],"shapeName":"/levels/johnson_valley/art/shapes/rocks/s_rocks_desert_collection_02.dae","useInstanceRenderData":true}
{"class":"TSStatic","persistentId":"f06ef6de-e911-4556-b453-c7674e0ef0ea","__parent":"trail_018_rocks","position":[-689.342712,196.461136,199.97554],"isRenderEnabled":false,"rotationMatrix":[0.996891499,-0.0114800874,0.0779460371,0,0.989327252,0.145710573,-0.0787869096,-0.145257637,0.986251891],"scale":[0.888293505,0.888293505,0.888293505],"shapeName":"/levels/johnson_valley/art/shapes/rocks/s_rocks_desert_collection_03.dae","useInstanceRenderData":true}
{"class":"TSStatic","persistentId":"0abdde79-4117-44bd-8577-c62804adc7c8","__parent":"trail_018_rocks","position":[-687.493835,192.717178,200.412125],"isRenderEnabled":false,"rotationMatrix":[-0.623375893,0.777035654,-0.0872842669,-0.77388519,-0.629076242,-0.0732471868,-0.11182411,0.0218874793,0.993486941],"scale":[0.888464332,0.888464332,0.888464332],"shapeName":"/levels/johnson_valley/art/shapes/rocks/s_rocks_desert_collection_03.dae","useInstanceRenderData":true}
{"class":"TSStatic","persistentId":"c8d9a350-7768-4b7d-8f03-0129b7a62dee","__parent":"trail_018_rocks","position":[-698.537292,199.212921,196.848526],"isRenderEnabled":false,"rotationMatrix":[-0.991017818,0,0.13372758,-0.0404699519,0.953108191,-0.299911588,-0.127456844,-0.302629799,-0.944547176],"shapeName":"/levels/johnson_valley/art/shapes/rocks/s_rocks_desert_medium_03.dae","useInstanceRenderData":true}
{"class":"TSStatic","persistentId":"94571a23-7578-4d8e-9307-b3aa9da414e7","__parent":"trail_018_rocks","position":[-697.646912,196.888077,197.257462],"isRenderEnabled":false,"rotationMatrix":[-0.221494079,0.975161731,1.49011612e-08,-0.939311564,-0.21335125,-0.268654287,-0.261981368,-0.059505336,0.96323669],"shapeName":"/levels/johnson_valley/art/shapes/rocks/s_rocks_desert_medium_04.dae","useInstanceRenderData":true}
{"class":"TSStatic","persistentId":"f09e82cf-b314-42ca-8ca3-9cb76c730432","__parent":"trail_018_rocks","position":[-695.676086,198.22142,197.63768],"isRenderEnabled":false,"rotationMatrix":[0.356753945,0,-0.93419826,0,1,0,0.93419826,0,0.356753945],"shapeName":"/levels/johnson_valley/art/shapes/rocks/s_rocks_desert_medium_01.dae","useInstanceRenderData":true}
{"class":"TSStatic","persistentId":"498c03c0-7444-4109-9e76-ae45bba1f10e","__parent":"trail_018_rocks","position":[-698.964722,193.829819,197.776474],"isRenderEnabled":false,"rotationMatrix":[-0.947732329,0.307510257,-0.0850898698,0.319065571,0.913409412,-0.252745628,0,-0.266684532,-0.963783622],"shapeName":"/levels/johnson_valley/art/shapes/rocks/s_rocks_desert_medium_02.dae","useInstanceRenderData":true}
{"class":"TSStatic","persistentId":"74e57286-6cea-448f-8dad-ae7af57f0b74","__parent":"trail_018_rocks","position":[-695.500488,195.997025,198.004425],"isRenderEnabled":false,"rotationMatrix":[0.436748981,0.864460051,0.248916104,0.842245638,-0.490152121,0.224440441,0.316026509,0.111624315,-0.942161083],"shapeName":"/levels/johnson_valley/art/shapes/rocks/s_rocks_desert_medium_05.dae","useInstanceRenderData":true}
{"class":"TSStatic","persistentId":"412ad5d3-d82e-4adb-9f7d-a74fbeb6016a","__parent":"trail_018_rocks","position":[-694.606445,195.529816,198.515366],"isRenderEnabled":false,"rotationMatrix":[0.457382023,0.889270246,0,-0.889270246,0.457382023,0,0,0,1],"shapeName":"/levels/johnson_valley/art/shapes/rocks/s_rocks_desert_small_02.dae","useInstanceRenderData":true}
{"class":"TSStatic","persistentId":"fc65f17a-2836-4110-b5f8-cac7a23a75b2","__parent":"trail_018_rocks","position":[-692.262024,193.987671,199.025269],"isRenderEnabled":false,"rotationMatrix":[0.127716541,0.978100598,0.164340228,-0.921109617,0.0555331111,0.385322213,0.367757589,-0.200587377,0.908030331],"scale":[1.1354003,1.1354003,1.1354003],"shapeName":"/levels/johnson_valley/art/shapes/rocks/s_rocks_desert_medium_05.dae","useInstanceRenderData":true}
{"class":"TSStatic","persistentId":"7a67148f-f1c0-43ad-959c-83bf805907f4","__parent":"trail_018_rocks","position":[-693.923035,192.775009,199.368835],"isRenderEnabled":false,"rotationMatrix":[0.972824931,-0.231541812,0,0.231541812,0.972824931,0,0,0,1],"scale":[1.08588862,1.08588862,1.08588862],"shapeName":"/levels/johnson_valley/art/shapes/rocks/s_rocks_desert_medium_03.dae","useInstanceRenderData":true}
{"class":"TSStatic","persistentId":"f176202f-218a-495f-8485-cfd9ed7dc417","__parent":"trail_018_rocks","position":[-695.523682,193.829071,198.68718],"isRenderEnabled":false,"rotationMatrix":[1,0,0,0,-0.999999046,0.00130423671,0,-0.00130423671,-0.999999046],"shapeName":"/levels/johnson_valley/art/shapes/rocks/s_rocks_desert_small_01.dae","useInstanceRenderData":true}
{"class":"TSStatic","persistentId":"679172ab-2b9c-464e-921a-848c0ac019bc","__parent":"trail_018_rocks","position":[-690.647217,193.269455,199.395432],"isRenderEnabled":false,"rotationMatrix":[0.620829225,0.293352127,-0.726990759,0.126908123,0.877508521,0.462464184,0.773605406,-0.379372269,0.507554114],"shapeName":"/levels/johnson_valley/art/shapes/rocks/s_rocks_desert_medium_04.dae","useInstanceRenderData":true}
{"class":"TSStatic","persistentId":"a239d71b-274c-4655-a267-b3e7cceaaa3e","__parent":"trail_018_rocks","position":[-689.569336,195.1577,200.203873],"isRenderEnabled":false,"shapeName":"/levels/johnson_valley/art/shapes/rocks/s_rocks_desert_small_08.dae","useInstanceRenderData":true}
{"class":"TSStatic","persistentId":"797877e4-9c92-461b-b83f-5c026c7b4d30","__parent":"trail_018_rocks","position":[-689.125183,194.03923,200.146454],"isRenderEnabled":false,"shapeName":"/levels/johnson_valley/art/shapes/rocks/s_rocks_desert_small_02.dae","useInstanceRenderData":true}
{"class":"TSStatic","persistentId":"33bf1e50-72f0-43a2-a5cf-fdf2182841c1","__parent":"trail_018_rocks","position":[-686.282837,189.958176,200.568695],"isRenderEnabled":false,"rotationMatrix":[0.681797564,0.446465999,-0.57949996,-0.547829628,0.836589932,4.47034836e-08,0.484803826,0.317467213,0.814972281],"shapeName":"/levels/johnson_valley/art/shapes/rocks/s_rocks_desert_large_06.dae","useInstanceRenderData":true}
{"class":"TSStatic","persistentId":"53c238d3-d6a4-45ca-ad37-fd04ef33c07c","__parent":"trail_018_rocks","position":[-691.133179,187.782654,200.622223],"isRenderEnabled":false,"rotationMatrix":[0.992101669,0.0187394451,0.124028884,-1.86264515e-09,0.988777757,-0.149393767,-0.125436559,0.148213804,0.980968058],"scale":[1.15820312,1.15820312,1.15820312],"shapeName":"/levels/johnson_valley/art/shapes/rocks/s_rocks_desert_collection_02.dae","useInstanceRenderData":true}
{"class":"TSStatic","persistentId":"c95c8722-e0ab-49c2-947a-b0a5d7a3cb7f","__parent":"trail_018_rocks","position":[-675.883667,185.787018,206.229599],"isRenderEnabled":false,"shapeName":"/levels/johnson_valley/art/shapes/rocks/s_rocks_desert_large_02.dae","useInstanceRenderData":true}
{"class":"TSStatic","persistentId":"ddc502c8-1640-4e48-8c22-e8f2627665b9","__parent":"trail_018_rocks","position":[-676.582642,188.142883,204.726639],"isRenderEnabled":false,"shapeName":"/levels/johnson_valley/art/shapes/rocks/s_rocks_desert_large_04.dae","useInstanceRenderData":true}
{"class":"TSStatic","persistentId":"fb4aa699-bd76-4b74-8b13-985af7c43a0e","__parent":"trail_018_rocks","position":[-678.324219,185.789322,204.350281],"isRenderEnabled":false,"rotationMatrix":[0.914027512,0,-0.405652136,0,1,0,0.405652136,0,0.914027512],"shapeName":"/levels/johnson_valley/art/shapes/rocks/s_rocks_desert_large_06.dae","useInstanceRenderData":true}
{"class":"TSStatic","persistentId":"14e0c3c1-dc0b-4e97-bcbc-6256830cb5b3","__parent":"trail_018_rocks","position":[-679.743591,181.085541,207.154388],"isRenderEnabled":false,"rotationMatrix":[0.944101691,-0.329654455,7.4505806e-09,0.300510406,0.860635698,0.411095679,-0.135519534,-0.388116121,0.911592185],"scale":[1.16352534,1.16352534,1.16352534],"shapeName":"/levels/johnson_valley/art/shapes/rocks/s_rocks_desert_large_05.dae","useInstanceRenderData":true}
{"class":"TSStatic","persistentId":"f1d98929-8665-4285-b408-625825e9977b","__parent":"trail_018_rocks","position":[-677.711182,183.541077,206.922241],"isRenderEnabled":false,"rotationMatrix":[0.544494987,0.838647306,-0.0139930844,-0.627774537,0.396407604,-0.66989553,-0.556259155,0.373539209,0.742323518],"shapeName":"/levels/johnson_valley/art/shapes/rocks/s_rocks_desert_low_tiny.dae","useInstanceRenderData":true}
{"class":"TSStatic","persistentId":"e9d53708-dc52-4664-a680-27328cd8c36c","__parent":"trail_018_rocks","position":[-682.240051,186.371689,203.081696],"isRenderEnabled":false,"rotationMatrix":[0.692174077,0.715439081,-0.0950888395,-0.637678146,0.544526458,-0.544846058,-0.338025868,0.437764376,0.833127141],"shapeName":"/levels/johnson_valley/art/shapes/rocks/s_rocks_desert_low_tiny.dae","useInstanceRenderData":true}
{"class":"TSStatic","persistentId":"d574f0ad-dfaa-4b2a-a5f1-304f1d7a4d96","__parent":"trail_018_rocks","position":[-673.497437,179.247086,211.3862],"isRenderEnabled":false,"rotationMatrix":[0.538651586,0.842528582,0,-0.842528582,0.538651586,0,0,0,1],"shapeName":"/levels/johnson_valley/art/shapes/rocks/s_rocks_desert_medium_01.dae","useInstanceRenderData":true}
{"class":"TSStatic","persistentId":"5c5c7557-b923-485e-bbf9-7aa3992c9675","__parent":"trail_018_rocks","position":[-672.610168,178.479034,211.942627],"isRenderEnabled":false,"rotationMatrix":[0.487008214,0.873397291,0,-0.873397291,0.487008214,0,0,0,1],"shapeName":"/levels/johnson_valley/art/shapes/rocks/s_rocks_desert_medium_04.dae","useInstanceRenderData":true}
{"class":"TSStatic","persistentId":"bf0831b2-08e7-4afc-bf3b-af238cd419e4","__parent":"trail_018_rocks","position":[-675.847046,176.01358,212.141602],"isRenderEnabled":false,"rotationMatrix":[-0.803865671,0.575432479,-0.150590986,0.594811022,0.777676105,-0.203518271,0,-0.253174514,-0.967420816],"shapeName":"/levels/johnson_valley/art/shapes/rocks/s_rocks_desert_large_05.dae","useInstanceRenderData":true}
{"class":"TSStatic","persistentId":"7725c42b-6286-44e1-a7f5-7c1f0827aac3","__parent":"trail_018_rocks","position":[-669.258667,181.29155,212.252014],"isRenderEnabled":false,"rotationMatrix":[0.63886404,-0.769319594,0,0.769319594,0.63886404,0,0,0,1],"shapeName":"/levels/johnson_valley/art/shapes/rocks/s_rocks_desert_large_04.dae","useInstanceRenderData":true}
{"class":"TSStatic","persistentId":"a242b795-e1e5-4878-80b7-c53a8cb2e2e2","__parent":"trail_018_rocks","position":[-670.640625,184.164261,210.265152],"isRenderEnabled":false,"shapeName":"/levels/johnson_valley/art/shapes/rocks/s_rocks_desert_large_05.dae","useInstanceRenderData":true}
{"class":"TSStatic","persistentId":"0a4101f5-5ae3-40af-a83e-9213ceeb547c","__parent":"trail_018_rocks","position":[-672.530396,184.250641,210.084595],"isRenderEnabled":false,"shapeName":"/levels/johnson_valley/art/shapes/rocks/s_rocks_desert_medium_04.dae","useInstanceRenderData":true}
{"class":"TSStatic","persistentId":"210aa0ee-d410-4208-a55c-a8eb150276e6","__parent":"trail_018_rocks","position":[-677.454468,190.772247,202.70752],"isRenderEnabled":false,"rotationMatrix":[0.399078488,-0.717946887,0.570340693,0.823148251,0.554545462,0.122090921,-0.403934628,0.420751154,0.812283993],"shapeName":"/levels/johnson_valley/art/shapes/rocks/s_rocks_desert_low_small.dae","useInstanceRenderData":true}
{"class":"TSStatic","persistentId":"f6a29d24-b8b6-4e86-9e2d-426a81b2ae87","__parent":"trail_018_rocks","position":[-661.975647,175.876572,215.541794],"isRenderEnabled":false,"rotationMatrix":[0.535195887,0.837983191,0.106534094,-0.810860813,0.544989169,-0.213287383,-0.236791164,0.0277661756,0.97116375],"shapeName":"/levels/johnson_valley/art/shapes/rocks/s_rocks_desert_low_tiny.dae","useInstanceRenderData":true}
{"class":"TSStatic","persistentId":"62358d61-3f4c-4159-8d0d-15fe748591aa","__parent":"trail_018_rocks","position":[-664.542114,176.199585,213.660522],"isRenderEnabled":false,"rotationMatrix":[-0.358291388,-0.933284521,-0.0246385187,-0.903800845,0.353346527,-0.241433769,0.234032348,-0.0642353594,-0.970104218],"shapeName":"/levels/johnson_valley/art/shapes/rocks/s_rocks_desert_large_06.dae","useInstanceRenderData":true}
{"class":"TSStatic","persistentId":"6c685568-1f5a-4cf6-9189-71157c488ee9","__parent":"trail_018_rocks","position":[-663.378174,175.404648,214.268188],"isRenderEnabled":false,"rotationMatrix":[0.578614175,0.815590382,0.00422073156,0.809762955,-0.575082541,0.116463661,0.0974139273,-0.0639697313,-0.993185878],"shapeName":"/levels/johnson_valley/art/shapes/rocks/s_rocks_desert_medium_02.dae","useInstanceRenderData":true}
{"class":"TSStatic","persistentId":"63ff9b32-6372-4d6c-bde5-84d3074b187b","__parent":"trail_018_rocks","position":[-661.780823,174.212646,214.719971],"isRenderEnabled":false,"rotationMatrix":[-0.317714095,-0.94771558,0.0298789293,-0.943169177,0.3126387,-0.112644807,0.0974139422,-0.0639697462,-0.993185878],"shapeName":"/levels/johnson_valley/art/shapes/rocks/s_rocks_desert_medium_02.dae","useInstanceRenderData":true}
{"class":"TSStatic","persistentId":"be0ea02b-bc38-4fff-9c6e-5610fa107370","__parent":"trail_018_rocks","position":[-660.048035,173.042038,214.818558],"isRenderEnabled":false,"rotationMatrix":[-0.369667053,-0.929128826,-0.00810179859,-0.910952032,0.364125669,-0.193852425,0.183063954,-0.0642805174,-0.980997086],"shapeName":"/levels/johnson_valley/art/shapes/rocks/s_rocks_desert_large_06.dae","useInstanceRenderData":true}
{"class":"TSStatic","persistentId":"7ccbb1e5-0d2c-4dcc-8c54-7ed8bf7c8fa2","__parent":"trail_018_rocks","position":[-666.058411,174.980148,213.600983],"isRenderEnabled":false,"rotationMatrix":[0.57109046,0.783140719,0.246061608,-0.749889195,0.619651318,-0.231729001,-0.333948821,-0.0521807671,0.941145778],"shapeName":"/levels/johnson_valley/art/shapes/rocks/s_rocks_desert_low_tiny.dae","useInstanceRenderData":true}
{"class":"TSStatic","persistentId":"173e1cb6-0ebf-4f99-9718-5d222978d9e3","__parent":"trail_018_rocks","position":[-661.502197,170.824738,214.751541],"isRenderEnabled":false,"rotationMatrix":[0.605389237,0.785642445,0.127553195,-0.762344062,0.618411303,-0.190784991,-0.228769124,0.0182597563,0.973309457],"shapeName":"/levels/johnson_valley/art/shapes/rocks/s_rocks_desert_low_tiny.dae","useInstanceRenderData":true}
{"class":"TSStatic","persistentId":"4af86019-bfbf-4c16-9bae-2e85af7d035f","__parent":"trail_018_rocks","position":[-670.582397,189.585876,207.040878],"isRenderEnabled":false,"rotationMatrix":[-0.371785045,0.65395695,-0.658874691,-0.852849543,-0.520927668,-0.0357997119,-0.366637647,0.548611283,0.751400352],"shapeName":"/levels/johnson_valley/art/shapes/rocks/s_rocks_desert_low_small.dae","useInstanceRenderData":true}
{"class":"TSStatic","persistentId":"e4b727d2-d53e-49fd-9f56-fdc94f5d8473","__parent":"trail_018_rocks","position":[-673.578918,180.916519,210.354233],"isRenderEnabled":false,"rotationMatrix":[-0.314574361,0.881589174,0.351913899,-0.623585343,0.0875855684,-0.776833236,-0.715670347,-0.463820279,0.522194028],"shapeName":"/levels/johnson_valley/art/shapes/rocks/s_rocks_desert_medium_04.dae","useInstanceRenderData":true}
{"class":"TSStatic","persistentId":"1d22e6f7-74f7-45fb-b581-671bada2af4c","__parent":"trail_018_rocks","position":[-659.974915,181.490845,216.283356],"isRenderEnabled":false,"rotationMatrix":[0.258758307,0.960719049,-0.10031449,-0.902480781,0.20342952,-0.379663914,-0.344343454,0.188773066,0.919669688],"scale":[1.06459951,1.06459951,1.06459951],"shapeName":"/levels/johnson_valley/art/shapes/rocks/s_rocks_desert_collection_02.dae","useInstanceRenderData":true}
{"class":"TSStatic","persistentId":"0a8506ce-5d4d-4f7b-9b73-f77fb9f4986b","__parent":"trail_018_rocks","position":[-666.942993,182.296188,212.560791],"isRenderEnabled":false,"shapeName":"/levels/johnson_valley/art/shapes/rocks/s_rocks_desert_large_04.dae","useInstanceRenderData":true}
{"class":"TSStatic","persistentId":"0e1b39fb-8bde-4209-8af5-d8f0bf91c8df","__parent":"trail_018_rocks","position":[-661.715027,178.279663,215.844025],"isRenderEnabled":false,"shapeName":"/levels/johnson_valley/art/shapes/rocks/s_rocks_desert_medium_04.dae","useInstanceRenderData":true}
{"class":"TSStatic","persistentId":"2873c1f4-bc84-4ddd-a760-b1d7e09625ac","__parent":"trail_018_rocks","position":[-769.149231,92.8256226,205.187042],"isRenderEnabled":false,"rotationMatrix":[0.999492824,-1.16415322e-10,0.031844303,0.00256722327,0.99674505,-0.0805770755,-0.0317406505,0.0806179643,0.996239543],"shapeName":"/levels/johnson_valley/art/shapes/rocks/s_rocks_desert_collection_03.dae","useInstanceRenderData":true}
{"class":"TSStatic","persistentId":"177234a5-b894-4fd3-825b-b685d1c3b3ea","__parent":"trail_018_rocks","position":[-771.259949,87.4345398,205.342728],"isRenderEnabled":false,"rotationMatrix":[-0.982661724,0.109790981,-0.149405807,-0.109031484,-0.993949533,-0.0132901976,-0.149960965,0.00323016848,0.988686621],"scale":[1.49101567,1.49101567,1.49101567],"shapeName":"/levels/johnson_valley/art/shapes/rocks/s_rocks_desert_collection_02.dae","useInstanceRenderData":true}
{"class":"TSStatic","persistentId":"ebf47b05-c007-41a1-8a3a-01aa10dc81e0","__parent":"trail_018_rocks","position":[-765.726318,89.9846802,206.366486],"isRenderEnabled":false,"rotationMatrix":[0.946323156,3.7252903e-09,0.323222071,0.0420232378,0.991512239,-0.12303479,-0.320478648,0.130013511,0.938290954],"shapeName":"/levels/johnson_valley/art/shapes/rocks/s_rocks_desert_collection_03.dae","useInstanceRenderData":true}
{"class":"TSStatic","persistentId":"f561fa06-d5ee-4a25-aebe-c9867c0b7a2f","__parent":"trail_018_rocks","position":[-786.055359,32.6500282,199.538971],"isRenderEnabled":false,"rotationMatrix":[0.998812437,-0.0187451206,0.0449698418,4.65661287e-09,0.923020959,0.384749711,-0.0487202853,-0.384292781,0.921924829],"shapeName":"/levels/johnson_valley/art/shapes/rocks/s_rocks_desert_low_tiny.dae","useInstanceRenderData":true}
{"class":"TSStatic","persistentId":"99eebd62-6fb8-4b30-bfdd-6b14717027f8","__parent":"trail_018_rocks","position":[-780.597839,34.8921738,200.838867],"isRenderEnabled":false,"rotationMatrix":[-0.996322751,-0.0677765012,-0.0524170771,0.0831053257,-0.913304448,-0.398708791,-0.02084966,-0.401598722,0.915578365],"shapeName":"/levels/johnson_valley/art/shapes/rocks/s_rocks_desert_low_tiny.dae","useInstanceRenderData":true}
{"class":"TSStatic","persistentId":"a1aa0996-04e1-4c20-b145-a8abf8272b3b","__parent":"trail_018_rocks","position":[-784.924438,38.1572762,201.95369],"isRenderEnabled":false,"rotationMatrix":[-0.0285767317,0.9584952,0.28367275,-0.999024689,-0.0178302526,-0.0403936654,-0.0336591452,-0.284550369,0.95806998],"shapeName":"/levels/johnson_valley/art/shapes/rocks/s_rocks_desert_low_tiny.dae","useInstanceRenderData":true}
{"class":"TSStatic","persistentId":"34ed006a-9b6a-4806-974e-4770f4340e17","__parent":"trail_018_rocks","position":[-788.613586,46.5361519,204.575211],"isRenderEnabled":false,"rotationMatrix":[-0.97177875,0.218447402,0.0890305713,-0.219631746,-0.975575924,-0.00361012202,0.0860674754,-0.0230621807,0.996022344],"shapeName":"/levels/johnson_valley/art/shapes/rocks/s_rocks_desert_collection_03.dae","useInstanceRenderData":true}
{"class":"TSStatic","persistentId":"179c2a27-d481-4fde-8b71-a415db36d95b","__parent":"trail_018_rocks","position":[-775.240112,50.652813,204.653961],"isRenderEnabled":false,"rotationMatrix":[0.878085315,0.259573281,0.401979893,-0.255399406,0.964647293,-0.0650136843,-0.404644638,-0.0455778688,0.913337469],"shapeName":"/levels/johnson_valley/art/shapes/rocks/s_rocks_desert_huge_sheet_2.dae","useInstanceRenderData":true}
{"class":"TSStatic","persistentId":"f1482161-6467-4acc-b6cb-ca9e46c557f4","__parent":"trail_018_rocks","position":[-780.482361,53.4387398,202.404648],"isRenderEnabled":false,"rotationMatrix":[0.0834712386,0.996048748,-0.0303169042,-0.90711242,0.0633535385,-0.416092515,-0.412527859,0.062232554,0.908816755],"shapeName":"/levels/johnson_valley/art/shapes/rocks/s_rocks_desert_collection_03.dae","useInstanceRenderData":true}
