{"class":"TSStatic","persistentId":"e12120c6-38bb-4d7e-8bae-5705134879a1","__parent":"shuffleboard_conversion_area_props","position":[-366.605499,-215.90715,117.47403],"isRenderEnabled":false,"rotationMatrix":[-1.90734863e-06,-1.00000024,-1.73225999e-07,0.998568296,-1.90734863e-06,0.0534967482,-0.0534967482,-8.38190317e-08,0.998567998],"scale":[0.670605421,0.670605421,0.670605421],"shapeName":"/art/shapes/objects/s_scrap_fence_5.dae","useInstanceRenderData":true}
{"class":"TSStatic","persistentId":"3ac0a3fe-a7d7-4e92-a394-562d3838857e","__parent":"shuffleboard_conversion_area_props","position":[-366.63385,-219.198669,117.478371],"isRenderEnabled":false,"rotationMatrix":[-7.15255737e-07,-1,-1.2665987e-07,0.99873662,-7.15255737e-07,0.0502515584,-0.0502515584,-8.94069672e-08,0.99873662],"scale":[0.649755836,0.649755836,0.649755836],"shapeName":"/art/shapes/objects/s_scrap_fence_end_5.dae","useInstanceRenderData":true}
{"class":"TSStatic","persistentId":"ca8eb4ca-a947-4857-8a45-d6d88ea63370","__parent":"shuffleboard_conversion_area_props","position":[-366.552856,-211.400269,117.481323],"isRenderEnabled":false,"rotationMatrix":[2.38418579e-07,-1,-4.09781933e-08,0.998014927,2.38418579e-07,0.0629786551,-0.0629786551,-5.58793545e-08,0.998014867],"scale":[0.653198242,0.653198242,0.653198242],"shapeName":"/art/shapes/objects/s_scrap_fence_35_a.dae","useInstanceRenderData":true}
{"class":"TSStatic","persistentId":"108b9bc7-9956-459e-860b-6ccf83e88e65","__parent":"shuffleboard_conversion_area_props","position":[-349.260529,-154.134979,119.633186],"annotation":"OBSTACLES","isRenderEnabled":false,"rotationMatrix":[0.00525921583,-0.999986112,6.45031687e-05,0.999968112,0.00525951385,0.00599331781,-0.00599357486,3.29811592e-05,0.999982059],"shapeName":"/levels/west_coast_usa/art/shapes/objects/s_chainlink_old.dae","useInstanceRenderData":true}
{"class":"TSStatic","persistentId":"108b9bc7-9956-459e-860b-6ccf83e88e65","__parent":"shuffleboard_conversion_area_props","position":[-349.271057,-152.13501,119.633057],"annotation":"OBSTACLES","isRenderEnabled":false,"rotationMatrix":[0.00525921583,-0.999986112,6.45031687e-05,0.999968112,0.00525951385,0.00599331781,-0.00599357486,3.29811592e-05,0.999982059],"shapeName":"/levels/west_coast_usa/art/shapes/objects/s_chainlink_old.dae","useInstanceRenderData":true}
{"class":"TSStatic","persistentId":"108b9bc7-9956-459e-860b-6ccf83e88e65","__parent":"shuffleboard_conversion_area_props","position":[-349.281586,-150.13504,119.632927],"annotation":"OBSTACLES","isRenderEnabled":false,"rotationMatrix":[0.0105139017,-0.999944746,9.59970057e-05,0.999926746,0.0105143189,0.00599289685,-0.00599357486,3.29811592e-05,0.999982059],"shapeName":"/levels/west_coast_usa/art/shapes/objects/s_chainlink_old.dae","useInstanceRenderData":true}
{"class":"TSStatic","persistentId":"108b9bc7-9956-459e-860b-6ccf83e88e65","__parent":"shuffleboard_conversion_area_props","position":[-349.302612,-148.135132,119.632736],"annotation":"OBSTACLES","isRenderEnabled":false,"rotationMatrix":[0.0105139017,-0.999944746,9.59970057e-05,0.999926746,0.0105143189,0.00599289685,-0.00599357486,3.29811592e-05,0.999982059],"shapeName":"/levels/west_coast_usa/art/shapes/objects/s_chainlink_old.dae","useInstanceRenderData":true}
{"class":"TSStatic","persistentId":"108b9bc7-9956-459e-860b-6ccf83e88e65","__parent":"shuffleboard_conversion_area_props","position":[-349.323639,-146.135254,119.632545],"annotation":"OBSTACLES","isRenderEnabled":false,"rotationMatrix":[0.0105139017,-0.999944746,9.59970057e-05,0.999926746,0.0105143189,0.00599289685,-0.00599357486,3.29811592e-05,0.999982059],"shapeName":"/levels/west_coast_usa/art/shapes/objects/s_chainlink_old.dae","useInstanceRenderData":true}
{"class":"TSStatic","persistentId":"108b9bc7-9956-459e-860b-6ccf83e88e65","__parent":"shuffleboard_conversion_area_props","position":[-349.344666,-144.135345,119.632355],"annotation":"OBSTACLES","isRenderEnabled":false,"rotationMatrix":[0.00180912018,-0.99999845,4.38254792e-05,0.99998045,0.0018093586,0.00599350594,-0.00599357579,3.29809263e-05,0.999982059],"shapeName":"/levels/west_coast_usa/art/shapes/objects/s_chainlink_old.dae","useInstanceRenderData":true}
{"class":"TSStatic","persistentId":"108b9bc7-9956-459e-860b-6ccf83e88e65","__parent":"shuffleboard_conversion_area_props","position":[-349.348297,-142.135345,119.632271],"annotation":"OBSTACLES","isRenderEnabled":false,"rotationMatrix":[-0.000863075256,-0.999999404,2.78074294e-05,0.999981403,-0.000862956047,0.0059936,-0.00599357393,3.2981392e-05,0.999982059],"shapeName":"/levels/west_coast_usa/art/shapes/objects/s_chainlink_old.dae","useInstanceRenderData":true}
{"class":"TSStatic","persistentId":"108b9bc7-9956-459e-860b-6ccf83e88e65","__parent":"shuffleboard_conversion_area_props","position":[-349.346558,-140.135345,119.632217],"annotation":"OBSTACLES","isRenderEnabled":false,"rotationMatrix":[0.00351804495,-0.99999398,5.40676992e-05,0.999975979,0.00351834297,0.00599342119,-0.00599357486,3.29802278e-05,0.999982059],"shapeName":"/levels/west_coast_usa/art/shapes/objects/s_chainlink_old.dae","useInstanceRenderData":true}
{"class":"TSStatic","persistentId":"108b9bc7-9956-459e-860b-6ccf83e88e65","__parent":"shuffleboard_conversion_area_props","position":[-349.353607,-138.135376,119.632111],"annotation":"OBSTACLES","isRenderEnabled":false,"rotationMatrix":[0.000638246536,-0.999999762,3.68065666e-05,0.999981761,0.00063842535,0.00599355157,-0.00599357393,3.29811592e-05,0.999982059],"shapeName":"/levels/west_coast_usa/art/shapes/objects/s_chainlink_old.dae","useInstanceRenderData":true}
{"class":"TSStatic","persistentId":"108b9bc7-9956-459e-860b-6ccf83e88e65","__parent":"shuffleboard_conversion_area_props","position":[-349.354889,-136.135376,119.632034],"annotation":"OBSTACLES","isRenderEnabled":false,"rotationMatrix":[0.0015950799,-0.999998748,4.25411854e-05,0.999980748,0.00159531832,0.00599351339,-0.00599357393,3.29804607e-05,0.999982059],"shapeName":"/levels/west_coast_usa/art/shapes/objects/s_chainlink_old.dae","useInstanceRenderData":true}
{"class":"TSStatic","persistentId":"108b9bc7-9956-459e-860b-6ccf83e88e65","__parent":"shuffleboard_conversion_area_props","position":[-349.358093,-134.135376,119.63195],"annotation":"OBSTACLES","isRenderEnabled":false,"rotationMatrix":[-0.00288450718,-0.999995947,1.56920869e-05,0.999977946,-0.00288438797,0.00599364378,-0.00599357393,3.2979995e-05,0.999982059],"shapeName":"/levels/west_coast_usa/art/shapes/objects/s_chainlink_old.dae","useInstanceRenderData":true}
{"class":"TSStatic","persistentId":"108b9bc7-9956-459e-860b-6ccf83e88e65","__parent":"shuffleboard_conversion_area_props","position":[-349.352325,-132.135376,119.63192],"annotation":"OBSTACLES","isRenderEnabled":false,"rotationMatrix":[0.000330328941,-0.999999821,3.49604525e-05,0.999981821,0.000330507755,0.00599356135,-0.00599357253,3.29809263e-05,0.999982059],"shapeName":"/levels/west_coast_usa/art/shapes/objects/s_chainlink_old.dae","useInstanceRenderData":true}
{"class":"TSStatic","persistentId":"108b9bc7-9956-459e-860b-6ccf83e88e65","__parent":"shuffleboard_conversion_area_props","position":[-349.352997,-130.135376,119.631851],"annotation":"OBSTACLES","isRenderEnabled":false,"rotationMatrix":[0.000330328941,-0.999999821,3.49604525e-05,0.999981821,0.000330507755,0.00599356135,-0.00599357253,3.29809263e-05,0.999982059],"shapeName":"/levels/west_coast_usa/art/shapes/objects/s_chainlink_old.dae","useInstanceRenderData":true}
{"class":"TSStatic","persistentId":"108b9bc7-9956-459e-860b-6ccf83e88e65","__parent":"shuffleboard_conversion_area_props","position":[-349.353668,-128.135376,119.631783],"annotation":"OBSTACLES","isRenderEnabled":false,"rotationMatrix":[-0.0100611448,-0.999949634,-2.73238402e-05,0.999931633,-0.0100611448,0.00599360093,-0.00599357206,3.29795294e-05,0.999982059],"shapeName":"/levels/west_coast_usa/art/shapes/objects/s_chainlink_old.dae","useInstanceRenderData":true}
{"class":"TSStatic","persistentId":"108b9bc7-9956-459e-860b-6ccf83e88e65","__parent":"shuffleboard_conversion_area_props","position":[-349.333557,-126.135483,119.631836],"annotation":"OBSTACLES","isRenderEnabled":false,"rotationMatrix":[-0.0179429054,-0.999838948,-7.45675061e-05,0.999820948,-0.0179430246,0.0059931986,-0.00599357113,3.29811592e-05,0.999982059],"shapeName":"/levels/west_coast_usa/art/shapes/objects/s_chainlink_old.dae","useInstanceRenderData":true}
{"class":"TSStatic","persistentId":"108b9bc7-9956-459e-860b-6ccf83e88e65","__parent":"shuffleboard_conversion_area_props","position":[-349.297668,-124.135803,119.631989],"annotation":"OBSTACLES","isRenderEnabled":false,"rotationMatrix":[-0.0345263481,-0.999403775,-0.000173978508,0.999385774,-0.0345267057,0.00599113759,-0.00599357206,3.29802278e-05,0.999982059],"shapeName":"/levels/west_coast_usa/art/shapes/objects/s_chainlink_old.dae","useInstanceRenderData":true}
{"class":"TSStatic","persistentId":"108b9bc7-9956-459e-860b-6ccf83e88e65","__parent":"shuffleboard_conversion_area_props","position":[-349.228607,-122.136993,119.632339],"annotation":"OBSTACLES","isRenderEnabled":false,"rotationMatrix":[-0.120694637,-0.992689371,-0.000690666493,0.99267149,-0.120696664,0.00595373614,-0.00599357206,3.29795294e-05,0.999982059],"shapeName":"/levels/west_coast_usa/art/shapes/objects/s_chainlink_old.dae","useInstanceRenderData":true}
{"class":"TSStatic","persistentId":"108b9bc7-9956-459e-860b-6ccf83e88e65","__parent":"shuffleboard_conversion_area_props","position":[-348.987213,-120.151611,119.63372],"annotation":"OBSTACLES","isRenderEnabled":false,"rotationMatrix":[-0.208277106,-0.978069246,-0.00121608935,0.978051603,-0.208280683,0.00586899649,-0.00599357206,3.29792965e-05,0.999982059],"shapeName":"/levels/west_coast_usa/art/shapes/objects/s_chainlink_old.dae","useInstanceRenderData":true}
{"class":"TSStatic","persistentId":"108b9bc7-9956-459e-860b-6ccf83e88e65","__parent":"shuffleboard_conversion_area_props","position":[-348.570648,-118.195473,119.636154],"annotation":"OBSTACLES","isRenderEnabled":false,"rotationMatrix":[-0.288250685,-0.957553387,-0.00169610279,0.957536101,-0.288255692,0.00574867148,-0.00599357113,3.29792965e-05,0.999982059],"shapeName":"/levels/west_coast_usa/art/shapes/objects/s_chainlink_old.dae","useInstanceRenderData":true}
{"class":"TSStatic","persistentId":"108b9bc7-9956-459e-860b-6ccf83e88e65","__parent":"shuffleboard_conversion_area_props","position":[-347.994141,-116.280365,119.639549],"annotation":"OBSTACLES","isRenderEnabled":false,"rotationMatrix":[-0.311208248,-0.950340211,-0.00183394062,0.950323045,-0.311213613,0.00570619479,-0.00599357206,3.29778995e-05,0.999982059],"shapeName":"/levels/west_coast_usa/art/shapes/objects/s_chainlink_old.dae","useInstanceRenderData":true}
{"class":"TSStatic","persistentId":"108b9bc7-9956-459e-860b-6ccf83e88e65","__parent":"shuffleboard_conversion_area_props","position":[-347.371735,-114.379684,119.643219],"annotation":"OBSTACLES","isRenderEnabled":false,"rotationMatrix":[-0.327001691,-0.945021629,-0.0019287779,0.945004582,-0.327007413,0.00567483902,-0.00599357067,3.29788309e-05,0.999982059],"shapeName":"/levels/west_coast_usa/art/shapes/objects/s_chainlink_old.dae","useInstanceRenderData":true}
{"class":"TSStatic","persistentId":"108b9bc7-9956-459e-860b-6ccf83e88e65","__parent":"shuffleboard_conversion_area_props","position":[-346.717743,-112.489639,119.647079],"annotation":"OBSTACLES","isRenderEnabled":false,"rotationMatrix":[-0.335732102,-0.941955447,-0.00198120577,0.941938519,-0.335737944,0.00565674854,-0.00599357067,3.29776667e-05,0.999982059],"shapeName":"/levels/west_coast_usa/art/shapes/objects/s_chainlink_old.dae","useInstanceRenderData":true}
{"class":"TSStatic","persistentId":"108b9bc7-9956-459e-860b-6ccf83e88e65","__parent":"shuffleboard_conversion_area_props","position":[-346.046265,-110.605728,119.651039],"annotation":"OBSTACLES","isRenderEnabled":false,"rotationMatrix":[-0.344875574,-0.938646436,-0.00203611748,0.938629508,-0.344881654,0.00563721685,-0.0059935716,3.29776667e-05,0.999982059],"shapeName":"/levels/west_coast_usa/art/shapes/objects/s_chainlink_old.dae","useInstanceRenderData":true}
{"class":"TSStatic","persistentId":"108b9bc7-9956-459e-860b-6ccf83e88e65","__parent":"shuffleboard_conversion_area_props","position":[-345.356506,-108.728432,119.655113],"annotation":"OBSTACLES","isRenderEnabled":false,"rotationMatrix":[-0.333141685,-0.94287467,-0.00196564966,0.942857623,-0.333147526,0.00566217303,-0.00599357113,3.29783652e-05,0.999982059],"shapeName":"/levels/west_coast_usa/art/shapes/objects/s_chainlink_old.dae","useInstanceRenderData":true}
{"class":"TSStatic","persistentId":"108b9bc7-9956-459e-860b-6ccf83e88e65","__parent":"shuffleboard_conversion_area_props","position":[-344.690216,-106.842682,119.659042],"annotation":"OBSTACLES","isRenderEnabled":false,"rotationMatrix":[-0.333141685,-0.94287467,-0.00196564966,0.942857623,-0.333147526,0.00566217303,-0.00599357113,3.29783652e-05,0.999982059],"shapeName":"/levels/west_coast_usa/art/shapes/objects/s_chainlink_old.dae","useInstanceRenderData":true}
{"class":"TSStatic","persistentId":"108b9bc7-9956-459e-860b-6ccf83e88e65","__parent":"shuffleboard_conversion_area_props","position":[-344.023926,-104.956932,119.662971],"annotation":"OBSTACLES","isRenderEnabled":false,"rotationMatrix":[-0.327410698,-0.944880188,-0.00193123426,0.944863141,-0.32741642,0.00567400362,-0.00599357113,3.29774339e-05,0.999982059],"shapeName":"/levels/west_coast_usa/art/shapes/objects/s_chainlink_old.dae","useInstanceRenderData":true}
{"class":"TSStatic","persistentId":"108b9bc7-9956-459e-860b-6ccf83e88e65","__parent":"shuffleboard_conversion_area_props","position":[-343.36911,-103.067169,119.666832],"annotation":"OBSTACLES","isRenderEnabled":false,"rotationMatrix":[-0.345329523,-0.938479066,-0.00203884603,0.938462138,-0.345335603,0.00563622871,-0.0059935702,3.2977201e-05,0.999982059],"shapeName":"/levels/west_coast_usa/art/shapes/objects/s_chainlink_old.dae","useInstanceRenderData":true}
{"class":"TSStatic","persistentId":"108b9bc7-9956-459e-860b-6ccf83e88e65","__parent":"shuffleboard_conversion_area_props","position":[-342.678436,-101.190208,119.670906],"annotation":"OBSTACLES","isRenderEnabled":false,"rotationMatrix":[-0.345329523,-0.938479066,-0.00203884603,0.938462138,-0.345335603,0.00563622871,-0.0059935702,3.2977201e-05,0.999982059],"shapeName":"/levels/west_coast_usa/art/shapes/objects/s_chainlink_old.dae","useInstanceRenderData":true}
{"class":"TSStatic","persistentId":"108b9bc7-9956-459e-860b-6ccf83e88e65","__parent":"shuffleboard_conversion_area_props","position":[-341.987762,-99.3132477,119.67498],"annotation":"OBSTACLES","isRenderEnabled":false,"rotationMatrix":[-0.340812445,-0.94012928,-0.0020117173,0.940112352,-0.340818405,0.00564596988,-0.00599357113,3.29762697e-05,0.999982059],"shapeName":"/levels/west_coast_usa/art/shapes/objects/s_chainlink_old.dae","useInstanceRenderData":true}
{"class":"TSStatic","persistentId":"108b9bc7-9956-459e-860b-6ccf83e88e65","__parent":"shuffleboard_conversion_area_props","position":[-341.306152,-97.432991,119.679001],"annotation":"OBSTACLES","isRenderEnabled":false,"rotationMatrix":[-0.336308241,-0.941749752,-0.0019846675,0.941732824,-0.336314082,0.00565553363,-0.00599356974,3.29769682e-05,0.999982059],"shapeName":"/levels/west_coast_usa/art/shapes/objects/s_chainlink_old.dae","useInstanceRenderData":true}
{"class":"TSStatic","persistentId":"108b9bc7-9956-459e-860b-6ccf83e88e65","__parent":"shuffleboard_conversion_area_props","position":[-340.633545,-95.5494919,119.682968],"annotation":"OBSTACLES","isRenderEnabled":false,"rotationMatrix":[-0.342596292,-0.939480722,-0.00202243077,0.939463794,-0.342602253,0.00564214028,-0.00599357067,3.29751056e-05,0.999982059],"shapeName":"/levels/west_coast_usa/art/shapes/objects/s_chainlink_old.dae","useInstanceRenderData":true}
{"class":"TSStatic","persistentId":"108b9bc7-9956-459e-860b-6ccf83e88e65","__parent":"shuffleboard_conversion_area_props","position":[-339.948364,-93.6705322,119.687012],"annotation":"OBSTACLES","isRenderEnabled":false,"rotationMatrix":[-0.342596292,-0.939480722,-0.00202243077,0.939463794,-0.342602253,0.00564214028,-0.00599357067,3.29751056e-05,0.999982059],"shapeName":"/levels/west_coast_usa/art/shapes/objects/s_chainlink_old.dae","useInstanceRenderData":true}
{"class":"TSStatic","persistentId":"108b9bc7-9956-459e-860b-6ccf83e88e65","__parent":"shuffleboard_conversion_area_props","position":[-339.263184,-91.7915726,119.691055],"annotation":"OBSTACLES","isRenderEnabled":false,"rotationMatrix":[-0.322643518,-0.9465186,-0.00190260843,0.946501553,-0.322649121,0.0056836661,-0.00599357113,3.29762697e-05,0.999982059],"shapeName":"/levels/west_coast_usa/art/shapes/objects/s_chainlink_old.dae","useInstanceRenderData":true}
{"class":"TSStatic","persistentId":"108b9bc7-9956-459e-860b-6ccf83e88e65","__parent":"shuffleboard_conversion_area_props","position":[-338.61792,-89.8985367,119.694855],"annotation":"OBSTACLES","isRenderEnabled":false,"rotationMatrix":[-0.314144731,-0.949373543,-0.00185157428,0.949356377,-0.314150214,0.00570049649,-0.00599357113,3.29758041e-05,0.999982059],"shapeName":"/levels/west_coast_usa/art/shapes/objects/s_chainlink_old.dae","useInstanceRenderData":true}
{"class":"TSStatic","persistentId":"108b9bc7-9956-459e-860b-6ccf83e88e65","__parent":"shuffleboard_conversion_area_props","position":[-337.989624,-87.9997864,119.698555],"annotation":"OBSTACLES","isRenderEnabled":false,"rotationMatrix":[-0.348138571,-0.937440753,-0.002055716,0.937423825,-0.34814465,0.00563009875,-0.00599357113,3.2977201e-05,0.999982059],"shapeName":"/levels/west_coast_usa/art/shapes/objects/s_chainlink_old.dae","useInstanceRenderData":true}
{"class":"TSStatic","persistentId":"108b9bc7-9956-459e-860b-6ccf83e88e65","__parent":"shuffleboard_conversion_area_props","position":[-337.293335,-86.1249084,119.702667],"annotation":"OBSTACLES","isRenderEnabled":false,"rotationMatrix":[-0.339845419,-0.940479398,-0.00200590817,0.94046247,-0.33985126,0.00564803695,-0.0059935716,3.2977201e-05,0.999982059],"shapeName":"/levels/west_coast_usa/art/shapes/objects/s_chainlink_old.dae","useInstanceRenderData":true}
{"class":"TSStatic","persistentId":"108b9bc7-9956-459e-860b-6ccf83e88e65","__parent":"shuffleboard_conversion_area_props","position":[-336.613647,-84.2439499,119.70668],"annotation":"OBSTACLES","isRenderEnabled":false,"rotationMatrix":[-0.344538093,-0.938770056,-0.00203409139,0.938753128,-0.344544172,0.0056379484,-0.00599357113,3.29783652e-05,0.999982059],"shapeName":"/levels/west_coast_usa/art/shapes/objects/s_chainlink_old.dae","useInstanceRenderData":true}
{"class":"TSStatic","persistentId":"108b9bc7-9956-459e-860b-6ccf83e88e65","__parent":"shuffleboard_conversion_area_props","position":[-335.924561,-82.3664093,119.710747],"annotation":"OBSTACLES","isRenderEnabled":false,"rotationMatrix":[-0.322787166,-0.946469843,-0.00190346921,0.946452796,-0.322792768,0.00568337971,-0.00599357253,3.2977201e-05,0.999982059],"shapeName":"/levels/west_coast_usa/art/shapes/objects/s_chainlink_old.dae","useInstanceRenderData":true}
{"class":"TSStatic","persistentId":"108b9bc7-9956-459e-860b-6ccf83e88e65","__parent":"shuffleboard_conversion_area_props","position":[-335.278992,-80.4734726,119.714554],"annotation":"OBSTACLES","isRenderEnabled":false,"rotationMatrix":[-0.351076722,-0.936344445,-0.002073362,0.936327517,-0.351082802,0.00562362606,-0.00599357253,3.2978598e-05,0.999982059],"shapeName":"/levels/west_coast_usa/art/shapes/objects/s_chainlink_old.dae","useInstanceRenderData":true}
{"class":"TSStatic","persistentId":"108b9bc7-9956-459e-860b-6ccf83e88e65","__parent":"shuffleboard_conversion_area_props","position":[-334.576843,-78.6007843,119.718704],"annotation":"OBSTACLES","isRenderEnabled":false,"rotationMatrix":[-0.363701582,-0.93151325,-0.00214919029,0.931496441,-0.3637079,0.00559508521,-0.00599357253,3.29774339e-05,0.999982059],"shapeName":"/levels/west_coast_usa/art/shapes/objects/s_chainlink_old.dae","useInstanceRenderData":true}
{"class":"TSStatic","persistentId":"108b9bc7-9956-459e-860b-6ccf83e88e65","__parent":"shuffleboard_conversion_area_props","position":[-333.849426,-76.7377548,119.723],"annotation":"OBSTACLES","isRenderEnabled":false,"rotationMatrix":[-0.370797753,-0.928711057,-0.00219181553,0.928694248,-0.37080431,0.0055785249,-0.00599357206,3.29781324e-05,0.999982059],"shapeName":"/levels/west_coast_usa/art/shapes/objects/s_chainlink_old.dae","useInstanceRenderData":true}
{"class":"TSStatic","persistentId":"108b9bc7-9956-459e-860b-6ccf83e88e65","__parent":"shuffleboard_conversion_area_props","position":[-333.107819,-74.8803329,119.727386],"annotation":"OBSTACLES","isRenderEnabled":false,"rotationMatrix":[-0.366046429,-0.930594265,-0.00216327468,0.930577457,-0.366052747,0.00558965513,-0.00599357253,3.29776667e-05,0.999982059],"shapeName":"/levels/west_coast_usa/art/shapes/objects/s_chainlink_old.dae","useInstanceRenderData":true}
{"class":"TSStatic","persistentId":"108b9bc7-9956-459e-860b-6ccf83e88e65","__parent":"shuffleboard_conversion_area_props","position":[-332.375732,-73.0191422,119.731712],"annotation":"OBSTACLES","isRenderEnabled":false,"rotationMatrix":[-0.368579388,-0.929593444,-0.00217849202,0.929576635,-0.368585825,0.00558374031,-0.00599357113,3.29776667e-05,0.999982059],"shapeName":"/levels/west_coast_usa/art/shapes/objects/s_chainlink_old.dae","useInstanceRenderData":true}
{"class":"TSStatic","persistentId":"108b9bc7-9956-459e-860b-6ccf83e88e65","__parent":"shuffleboard_conversion_area_props","position":[-331.63858,-71.1599579,119.736069],"annotation":"OBSTACLES","isRenderEnabled":false,"rotationMatrix":[-0.453384042,-0.891311288,-0.00268804654,0.891295195,-0.453392029,0.00535708759,-0.00599357113,3.29748727e-05,0.999982059],"shapeName":"/levels/west_coast_usa/art/shapes/objects/s_chainlink_old.dae","useInstanceRenderData":true}
{"class":"TSStatic","persistentId":"108b9bc7-9956-459e-860b-6ccf83e88e65","__parent":"shuffleboard_conversion_area_props","position":[-330.731812,-69.3773346,119.741447],"annotation":"OBSTACLES","isRenderEnabled":false,"rotationMatrix":[-0.512621522,-0.858609617,-0.00304417405,0.85859412,-0.512630582,0.00516304187,-0.00599357206,3.29755712e-05,0.999982059],"shapeName":"/levels/west_coast_usa/art/shapes/objects/s_chainlink_old.dae","useInstanceRenderData":true}
{"class":"TSStatic","persistentId":"108b9bc7-9956-459e-860b-6ccf83e88e65","__parent":"shuffleboard_conversion_area_props","position":[-329.706573,-67.6601181,119.747536],"annotation":"OBSTACLES","isRenderEnabled":false,"rotationMatrix":[-0.521091938,-0.853494823,-0.00309511274,0.853479445,-0.521101117,0.00513266493,-0.0059935702,3.29755712e-05,0.999982059],"shapeName":"/levels/west_coast_usa/art/shapes/objects/s_chainlink_old.dae","useInstanceRenderData":true}
{"class":"TSStatic","persistentId":"108b9bc7-9956-459e-860b-6ccf83e88e65","__parent":"shuffleboard_conversion_area_props","position":[-328.664398,-65.953125,119.753723],"annotation":"OBSTACLES","isRenderEnabled":false,"rotationMatrix":[-0.54598856,-0.837786496,-0.00324485172,0.837771356,-0.545998216,0.00503933616,-0.0059935702,3.29755712e-05,0.999982059],"shapeName":"/levels/west_coast_usa/art/shapes/objects/s_chainlink_old.dae","useInstanceRenderData":true}
{"class":"TSStatic","persistentId":"108b9bc7-9956-459e-860b-6ccf83e88e65","__parent":"shuffleboard_conversion_area_props","position":[-349.282593,-154.161011,119.633057],"annotation":"OBSTACLES","isRenderEnabled":false,"rotationMatrix":[-0.504538894,0.86338383,-0.0030525201,-0.863368452,-0.504548073,-0.00515811518,-0.00599357532,3.29804607e-05,0.999982059],"shapeName":"/levels/west_coast_usa/art/shapes/objects/s_chainlink_old.dae","useInstanceRenderData":true}
{"class":"TSStatic","persistentId":"108b9bc7-9956-459e-860b-6ccf83e88e65","__parent":"shuffleboard_conversion_area_props","position":[-348.273529,-155.887756,119.63916],"annotation":"OBSTACLES","isRenderEnabled":false,"rotationMatrix":[-0.933377266,0.358852178,-0.00560620241,-0.358845919,-0.933394074,-0.00212002406,-0.005993573,3.29803443e-05,0.999982059],"shapeName":"/levels/west_coast_usa/art/shapes/objects/s_chainlink_old.dae","useInstanceRenderData":true}
{"class":"TSStatic","persistentId":"108b9bc7-9956-459e-860b-6ccf83e88e65","__parent":"shuffleboard_conversion_area_props","position":[-346.406769,-156.605469,119.650375],"annotation":"OBSTACLES","isRenderEnabled":false,"rotationMatrix":[-0.997967958,0.0634367391,-0.00598359434,-0.0634358004,-0.997985959,-0.000347299356,-0.00599357439,3.29804898e-05,0.999982059],"shapeName":"/levels/west_coast_usa/art/shapes/objects/s_chainlink_old.dae","useInstanceRenderData":true}
{"class":"TSStatic","persistentId":"108b9bc7-9956-459e-860b-6ccf83e88e65","__parent":"shuffleboard_conversion_area_props","position":[-344.410828,-156.73233,119.662346],"annotation":"OBSTACLES","isRenderEnabled":false,"rotationMatrix":[-0.999889374,0.0136379106,-0.00599346776,-0.013637864,-0.999907374,-4.87630095e-05,-0.00599357579,3.29804898e-05,0.999982059],"shapeName":"/levels/west_coast_usa/art/shapes/objects/s_chainlink_old.dae","useInstanceRenderData":true}
{"class":"TSStatic","persistentId":"108b9bc7-9956-459e-860b-6ccf83e88e65","__parent":"shuffleboard_conversion_area_props","position":[-342.411041,-156.759613,119.674332],"annotation":"OBSTACLES","isRenderEnabled":false,"rotationMatrix":[-0.99998045,-0.00174794986,-0.00599350734,0.00174772076,-0.99999845,4.34562935e-05,-0.00599357439,3.29804716e-05,0.999982059],"shapeName":"/levels/west_coast_usa/art/shapes/objects/s_chainlink_old.dae","useInstanceRenderData":true}
{"class":"TSStatic","persistentId":"108b9bc7-9956-459e-860b-6ccf83e88e65","__parent":"shuffleboard_conversion_area_props","position":[-340.411072,-156.756134,119.686317],"annotation":"OBSTACLES","isRenderEnabled":false,"rotationMatrix":[-0.999944448,0.00868511759,-0.00599363586,-0.00868515857,-0.999962449,-1.90762603e-05,-0.00599357532,3.29804825e-05,0.999982059],"shapeName":"/levels/west_coast_usa/art/shapes/objects/s_chainlink_old.dae","useInstanceRenderData":true}
{"class":"TSStatic","persistentId":"108b9bc7-9956-459e-860b-6ccf83e88e65","__parent":"shuffleboard_conversion_area_props","position":[-338.411194,-156.773499,119.698303],"annotation":"OBSTACLES","isRenderEnabled":false,"rotationMatrix":[-0.999959707,0.00664851256,-0.00599366007,-0.00664859079,-0.999977708,-6.86920521e-06,-0.00599357346,3.29804679e-05,0.999982059],"shapeName":"/levels/west_coast_usa/art/shapes/objects/s_chainlink_old.dae","useInstanceRenderData":true}
{"class":"TSStatic","persistentId":"8ef1565b-e264-420c-9eca-89bcfa17ffd1","__parent":"shuffleboard_conversion_area_props","position":[-282.074768,-62.2654495,119.498055],"annotation":"ROADBLOCK","decalType":"None","isRenderEnabled":false,"rotationMatrix":[-0.997808576,-0.066170752,0.000471786188,0.066170752,-0.997808695,-9.91256456e-06,0.00047140813,2.13276071e-05,0.999999881],"shapeName":"/art/shapes/race/s_concrete_arrow_barrier.dae","useInstanceRenderData":true}
{"class":"TSStatic","persistentId":"8ef1565b-e264-420c-9eca-89bcfa17ffd1","__parent":"shuffleboard_conversion_area_props","position":[-329.863953,-100.167816,119.402168],"annotation":"ROADBLOCK","decalType":"None","isRenderEnabled":false,"rotationMatrix":[-0.321646214,-0.946859896,-9.63319053e-06,0.946859896,-0.321646214,-3.13860278e-06,-1.26662599e-07,-1.01308024e-05,1],"scale":[1,0.855456233,1],"shapeName":"/art/shapes/race/s_concrete_arrow_barrier.dae","useInstanceRenderData":true}
{"class":"TSStatic","persistentId":"947521c6-8006-405a-a07e-5fe54d711297","__parent":"shuffleboard_conversion_area_props","position":[-304.818665,-65.4286804,119.52153],"annotation":"OBSTACLES","isRenderEnabled":false,"rotationMatrix":[0.996754944,0.0804940462,-0.000506548793,-0.0804940462,0.996755064,1.71555803e-05,0.000506286044,2.3674249e-05,0.999999881],"shapeName":"/levels/west_coast_usa/art/shapes/objects/bollard_hoop_red.dae","useInstanceRenderData":true}
{"class":"TSStatic","persistentId":"947521c6-8006-405a-a07e-5fe54d711297","__parent":"shuffleboard_conversion_area_props","position":[-301.8284,-65.1872025,119.520004],"annotation":"OBSTACLES","isRenderEnabled":false,"rotationMatrix":[0.996754944,0.0804940462,-0.000506548793,-0.0804940462,0.996755064,1.71555803e-05,0.000506286044,2.3674249e-05,0.999999881],"shapeName":"/levels/west_coast_usa/art/shapes/objects/bollard_hoop_red.dae","useInstanceRenderData":true}
{"class":"TSStatic","persistentId":"947521c6-8006-405a-a07e-5fe54d711297","__parent":"shuffleboard_conversion_area_props","position":[-298.838135,-64.9457169,119.518486],"annotation":"OBSTACLES","isRenderEnabled":false,"rotationMatrix":[0.996754944,0.0804940462,-0.000506548793,-0.0804940462,0.996755064,1.71555803e-05,0.000506286044,2.3674249e-05,0.999999881],"shapeName":"/levels/west_coast_usa/art/shapes/objects/bollard_hoop_red.dae","useInstanceRenderData":true}
{"class":"TSStatic","persistentId":"947521c6-8006-405a-a07e-5fe54d711297","__parent":"shuffleboard_conversion_area_props","position":[-295.84787,-64.7042313,119.516968],"annotation":"OBSTACLES","isRenderEnabled":false,"rotationMatrix":[0.996754944,0.0804940462,-0.000506548793,-0.0804940462,0.996755064,1.71555803e-05,0.000506286044,2.3674249e-05,0.999999881],"shapeName":"/levels/west_coast_usa/art/shapes/objects/bollard_hoop_red.dae","useInstanceRenderData":true}
{"class":"TSStatic","persistentId":"947521c6-8006-405a-a07e-5fe54d711297","__parent":"shuffleboard_conversion_area_props","position":[-292.857605,-64.4627457,119.51545],"annotation":"OBSTACLES","isRenderEnabled":false,"rotationMatrix":[0.996754944,0.0804940462,-0.000506548793,-0.0804940462,0.996755064,1.71555803e-05,0.000506286044,2.3674249e-05,0.999999881],"shapeName":"/levels/west_coast_usa/art/shapes/objects/bollard_hoop_red.dae","useInstanceRenderData":true}
{"class":"TSStatic","persistentId":"947521c6-8006-405a-a07e-5fe54d711297","__parent":"shuffleboard_conversion_area_props","position":[-289.86734,-64.2212601,119.513931],"annotation":"OBSTACLES","isRenderEnabled":false,"rotationMatrix":[0.996754944,0.0804940462,-0.000506548793,-0.0804940462,0.996755064,1.71555803e-05,0.000506286044,2.3674249e-05,0.999999881],"shapeName":"/levels/west_coast_usa/art/shapes/objects/bollard_hoop_red.dae","useInstanceRenderData":true}
{"class":"TSStatic","persistentId":"108b9bc7-9956-459e-860b-6ccf83e88e65","__parent":"shuffleboard_conversion_area_props","position":[-289.325439,-61.9173737,119.565575],"annotation":"OBSTACLES","isRenderEnabled":false,"rotationMatrix":[0.993570209,0.11321789,3.21224325e-05,-0.11321789,0.993570209,8.576033e-06,-3.09449279e-05,-1.2157725e-05,1],"shapeName":"/levels/west_coast_usa/art/shapes/objects/s_chainlink_old.dae","useInstanceRenderData":true}
{"class":"TSStatic","persistentId":"108b9bc7-9956-459e-860b-6ccf83e88e65","__parent":"shuffleboard_conversion_area_props","position":[-293.306732,-62.2968712,119.565453],"annotation":"OBSTACLES","isRenderEnabled":false,"rotationMatrix":[0.997492611,0.0707708225,3.17277591e-05,-0.0707708225,0.997492611,9.93724461e-06,-3.09449388e-05,-1.21577268e-05,1],"shapeName":"/levels/west_coast_usa/art/shapes/objects/s_chainlink_old.dae","useInstanceRenderData":true}
{"class":"TSStatic","persistentId":"108b9bc7-9956-459e-860b-6ccf83e88e65","__parent":"shuffleboard_conversion_area_props","position":[-295.301727,-62.4384117,119.565392],"annotation":"OBSTACLES","isRenderEnabled":false,"rotationMatrix":[0.997979939,0.0635296404,3.16548067e-05,-0.0635296404,0.997979939,1.01672476e-05,-3.09449424e-05,-1.21577277e-05,1],"shapeName":"/levels/west_coast_usa/art/shapes/objects/s_chainlink_old.dae","useInstanceRenderData":true}
{"class":"TSStatic","persistentId":"108b9bc7-9956-459e-860b-6ccf83e88e65","__parent":"shuffleboard_conversion_area_props","position":[-297.297699,-62.5654716,119.565331],"annotation":"OBSTACLES","isRenderEnabled":false,"rotationMatrix":[0.997319162,0.0731743649,3.17516206e-05,-0.0731743649,0.997319162,9.86075975e-06,-3.09449424e-05,-1.21577286e-05,1],"shapeName":"/levels/west_coast_usa/art/shapes/objects/s_chainlink_old.dae","useInstanceRenderData":true}
{"class":"TSStatic","persistentId":"108b9bc7-9956-459e-860b-6ccf83e88e65","__parent":"shuffleboard_conversion_area_props","position":[-299.292328,-62.7118187,119.565269],"annotation":"OBSTACLES","isRenderEnabled":false,"rotationMatrix":[0.99680233,0.0799071193,3.18174862e-05,-0.0799071193,0.99680233,9.64613264e-06,-3.0944946e-05,-1.21577295e-05,1],"shapeName":"/levels/west_coast_usa/art/shapes/objects/s_chainlink_old.dae","useInstanceRenderData":true}
{"class":"TSStatic","persistentId":"108b9bc7-9956-459e-860b-6ccf83e88e65","__parent":"shuffleboard_conversion_area_props","position":[-301.285919,-62.8716316,119.565208],"annotation":"OBSTACLES","isRenderEnabled":false,"rotationMatrix":[0.995645523,0.0932203829,3.19435567e-05,-0.0932203829,0.995645523,9.22009258e-06,-3.09449606e-05,-1.21577332e-05,1],"shapeName":"/levels/west_coast_usa/art/shapes/objects/s_chainlink_old.dae","useInstanceRenderData":true}
{"class":"TSStatic","persistentId":"108b9bc7-9956-459e-860b-6ccf83e88e65","__parent":"shuffleboard_conversion_area_props","position":[-291.312592,-62.1438103,119.565514],"annotation":"OBSTACLES","isRenderEnabled":false,"rotationMatrix":[0.997067273,0.0765300468,3.1784617e-05,-0.0765300468,0.997067273,9.7538541e-06,-3.09449351e-05,-1.21577268e-05,1],"shapeName":"/levels/west_coast_usa/art/shapes/objects/s_chainlink_old.dae","useInstanceRenderData":true}
{"class":"TSStatic","persistentId":"108b9bc7-9956-459e-860b-6ccf83e88e65","__parent":"shuffleboard_conversion_area_props","position":[-283.643707,-61.8563423,119.561729],"annotation":"OBSTACLES","isRenderEnabled":false,"rotationMatrix":[-0.993570447,-0.113217585,-3.21224288e-05,0.113217585,-0.993570447,-8.57604391e-06,-3.09449315e-05,-1.2157725e-05,1],"shapeName":"/levels/west_coast_usa/art/shapes/objects/s_chainlink_old.dae","useInstanceRenderData":true}
{"class":"TSStatic","persistentId":"108b9bc7-9956-459e-860b-6ccf83e88e65","__parent":"shuffleboard_conversion_area_props","position":[-281.656555,-61.6299057,119.56179],"annotation":"OBSTACLES","isRenderEnabled":false,"rotationMatrix":[-0.997543573,-0.0700543821,-3.17206068e-05,0.0700543821,-0.997543573,-9.96002836e-06,-3.09449315e-05,-1.21577259e-05,1],"shapeName":"/levels/west_coast_usa/art/shapes/objects/s_chainlink_old.dae","useInstanceRenderData":true}
{"class":"TSStatic","persistentId":"108b9bc7-9956-459e-860b-6ccf83e88e65","__parent":"shuffleboard_conversion_area_props","position":[-279.661469,-61.4897957,119.561852],"annotation":"OBSTACLES","isRenderEnabled":false,"rotationMatrix":[-0.998932242,-0.0461966023,-3.14735298e-05,0.0461966023,-0.998932242,-1.07151918e-05,-3.09449242e-05,-1.21577232e-05,1],"shapeName":"/levels/west_coast_usa/art/shapes/objects/s_chainlink_old.dae","useInstanceRenderData":true}
{"class":"TSStatic","persistentId":"108b9bc7-9956-459e-860b-6ccf83e88e65","__parent":"shuffleboard_conversion_area_props","position":[-277.663605,-61.3974037,119.561913],"annotation":"OBSTACLES","isRenderEnabled":false,"rotationMatrix":[-0.998432994,-0.0559642315,-3.15768266e-05,0.0559642315,-0.998432994,-1.04068604e-05,-3.09449242e-05,-1.21577232e-05,1],"shapeName":"/levels/west_coast_usa/art/shapes/objects/s_chainlink_old.dae","useInstanceRenderData":true}
{"class":"TSStatic","persistentId":"108b9bc7-9956-459e-860b-6ccf83e88e65","__parent":"shuffleboard_conversion_area_props","position":[-366.605713,-171.727448,117.686951],"annotation":"OBSTACLES","isRenderEnabled":false,"rotationMatrix":[-0.0100374222,0.999949217,0.00116878375,-0.992019415,-0.00981080532,-0.12570478,-0.125686884,-0.00242117047,0.992066979],"shapeName":"/levels/west_coast_usa/art/shapes/objects/s_chainlink_old.dae","useInstanceRenderData":true}
{"class":"TSStatic","persistentId":"108b9bc7-9956-459e-860b-6ccf83e88e65","__parent":"shuffleboard_conversion_area_props","position":[-366.589447,-173.727432,117.683556],"annotation":"OBSTACLES","isRenderEnabled":false,"rotationMatrix":[0.000771701336,0.999997079,0.00235359743,-0.994997203,0.00100296736,-0.0998997539,-0.0999018103,-0.00226471201,0.9949947],"shapeName":"/levels/west_coast_usa/art/shapes/objects/s_chainlink_old.dae","useInstanceRenderData":true}
{"class":"TSStatic","persistentId":"108b9bc7-9956-459e-860b-6ccf83e88e65","__parent":"shuffleboard_conversion_area_props","position":[-366.601837,-175.727386,117.679199],"annotation":"OBSTACLES","isRenderEnabled":false,"rotationMatrix":[-0.00514471531,0.999985337,0.00152094662,-0.997500896,-0.00502467155,-0.0704709738,-0.0704623163,-0.00187971443,0.997512698],"shapeName":"/levels/west_coast_usa/art/shapes/objects/s_chainlink_old.dae","useInstanceRenderData":true}
{"class":"TSStatic","persistentId":"108b9bc7-9956-459e-860b-6ccf83e88e65","__parent":"shuffleboard_conversion_area_props","position":[-366.591614,-177.727356,117.675926],"annotation":"OBSTACLES","isRenderEnabled":false,"rotationMatrix":[-0.0104148388,0.999937475,0.00411697477,-0.998014987,-0.0101389885,-0.0621575713,-0.0621119365,-0.00475615077,0.998057842],"shapeName":"/levels/west_coast_usa/art/shapes/objects/s_chainlink_old.dae","useInstanceRenderData":true}
{"class":"TSStatic","persistentId":"108b9bc7-9956-459e-860b-6ccf83e88e65","__parent":"shuffleboard_conversion_area_props","position":[-366.570831,-179.727249,117.673164],"annotation":"OBSTACLES","isRenderEnabled":false,"rotationMatrix":[0.00647634268,0.999976575,0.00219270401,-0.998828828,0.00657397509,-0.0479344316,-0.0479477271,-0.00187969953,0.998848081],"shapeName":"/levels/west_coast_usa/art/shapes/objects/s_chainlink_old.dae","useInstanceRenderData":true}
{"class":"TSStatic","persistentId":"108b9bc7-9956-459e-860b-6ccf83e88e65","__parent":"shuffleboard_conversion_area_props","position":[-366.583771,-181.727203,117.668777],"annotation":"OBSTACLES","isRenderEnabled":false,"rotationMatrix":[0.0114138722,0.999931931,0.00242963992,-0.998784661,0.0115172267,-0.0479230061,-0.0479477271,-0.00187969767,0.998848081],"shapeName":"/levels/west_coast_usa/art/shapes/objects/s_chainlink_old.dae","useInstanceRenderData":true}
{"class":"TSStatic","persistentId":"108b9bc7-9956-459e-860b-6ccf83e88e65","__parent":"shuffleboard_conversion_area_props","position":[-366.606598,-183.727066,117.663918],"annotation":"OBSTACLES","isRenderEnabled":false,"rotationMatrix":[0.00553739071,0.999982417,0.00214764662,-0.99883455,0.00563395023,-0.047936473,-0.0479477271,-0.0018796958,0.998848081],"shapeName":"/levels/west_coast_usa/art/shapes/objects/s_chainlink_old.dae","useInstanceRenderData":true}
{"class":"TSStatic","persistentId":"108b9bc7-9956-459e-860b-6ccf83e88e65","__parent":"shuffleboard_conversion_area_props","position":[-366.617676,-185.727036,117.659622],"annotation":"OBSTACLES","isRenderEnabled":false,"rotationMatrix":[-0.00138640404,0.999997437,0.00181530602,-0.998848975,-0.00129783154,-0.0479502082,-0.0479477271,-0.00187969394,0.998848081],"shapeName":"/levels/west_coast_usa/art/shapes/objects/s_chainlink_old.dae","useInstanceRenderData":true}
{"class":"TSStatic","persistentId":"108b9bc7-9956-459e-860b-6ccf83e88e65","__parent":"shuffleboard_conversion_area_props","position":[-366.614899,-187.727036,117.655991],"annotation":"OBSTACLES","isRenderEnabled":false,"rotationMatrix":[-0.009334445,0.999955535,0.00143370777,-0.998806357,-0.0092549324,-0.0479631424,-0.0479477346,-0.00187969394,0.998848081],"shapeName":"/levels/west_coast_usa/art/shapes/objects/s_chainlink_old.dae","useInstanceRenderData":true}
