{"name":"prefab_unpacked5","class":"SimGroup","persistentId":"010dbe96-5042-4443-8b21-ed98f1322c8e","__parent":"Cliff_tool","groupPosition":"-359.658783 -967.962524 24.623848","prefab_filename":"levels/east_coast_usa/cliff_02.prefab","prefab_loadmode":"auto","prefab_position":"-597.663269 -1010.430237 30.524895","unpacked_prefab":"1"}
{"name":"prefab_unpacked","class":"SimGroup","persistentId":"f1fe2396-a0cc-4202-99eb-417febac5bf1","__parent":"Cliff_tool","groupPosition":"-359.658783 -967.962524 24.623848","prefab_filename":"levels/east_coast_usa/cliff_02.prefab","prefab_loadmode":"auto","prefab_position":"-359.658783 -967.962524 24.623848","unpacked_prefab":"1"}
{"name":"rock199","class":"TSStatic","persistentId":"0177b302-0697-4a03-8bdc-18a691b74194","__parent":"Cliff_tool","position":[-495.475006,-254.572815,28.2080784],"annotation":"ROCK","isRenderEnabled":false,"rotationMatrix":[0.0187802836,-0.99982363,9.77888703e-09,-0.0519349575,-0.000975515461,0.998650014,-0.998473883,-0.0187549293,-0.051944118],"scale":[2,2,2],"shapeName":"/levels/east_coast_usa/art/shapes/rocks/eca_rock_medium_1.dae"}
{"name":"rock63","class":"TSStatic","persistentId":"0201c2c3-b3fd-42b7-904b-81de33fa9baa","__parent":"Cliff_tool","position":[743.970581,-680.007202,28.5937672],"annotation":"ROCK","isRenderEnabled":false,"rotationMatrix":[0.0874302611,-0.015287092,-0.996054053,0.227741003,-0.97309345,0.0349250361,-0.969788671,-0.22989504,-0.0815959275],"scale":[1.5,1.5,1.5],"shapeName":"/levels/east_coast_usa/art/shapes/rocks/eca_rock_big_narrow.dae"}
{"class":"TSStatic","persistentId":"0239d4c9-29d4-402e-893a-d8e626f03f54","__parent":"Cliff_tool","position":[993.130554,324.63504,23.2999821],"annotation":"ROCK","isRenderEnabled":false,"rotationMatrix":[0.521701634,-0.0450580232,0.851936579,-0.784905493,-0.416648388,0.458616972,0.334294796,-0.907949746,-0.252732605],"scale":[1.5,1.5,1.5],"shapeName":"/levels/east_coast_usa/art/shapes/rocks/eca_rock_big_narrow.dae"}
{"class":"TSStatic","persistentId":"02511ecd-9dc6-46b2-9656-293a9e73987e","__parent":"Cliff_tool","position":[1009.07025,-486.656403,8.67473602],"annotation":"ROCK","isRenderEnabled":false,"rotationMatrix":[-0.274989486,-0.0315433294,-0.960929275,0.0809974745,0.995149016,-0.0558464006,0.958029032,-0.0931900069,-0.271101385],"scale":[1.5,1.5,1.5],"shapeName":"/levels/east_coast_usa/art/shapes/rocks/eca_rock_medium_2.dae"}
{"name":"rock36","class":"TSStatic","persistentId":"028fefe6-6528-4334-856c-b00b801bfe16","__parent":"Cliff_tool","position":[635.822693,-368.644501,13.1951141],"annotation":"ROCK","isRenderEnabled":false,"rotationMatrix":[-0.347754568,0.929527462,0.122660294,0.586208582,0.113457493,0.802176237,0.731727421,0.350865513,-0.584353685],"scale":[7,7,7],"shapeName":"/levels/east_coast_usa/art/shapes/rocks/eca_rock_big_narrow.dae"}
{"name":"rock59","class":"TSStatic","persistentId":"0355954c-3e4e-4cb9-bd61-0b2d62e53b01","__parent":"Cliff_tool","position":[679.627747,-544.26355,34.3818932],"annotation":"ROCK","isRenderEnabled":false,"rotationMatrix":[-0.500127792,0.680509269,-0.535512924,0.0894244313,0.655689657,0.749715388,0.861321747,0.327064157,-0.3887842],"scale":[4,4,4],"shapeName":"/levels/east_coast_usa/art/shapes/rocks/eca_rock_big_narrow.dae"}
{"name":"rock197","class":"TSStatic","persistentId":"03a8fad2-b889-4932-b8b0-8ce56e387c31","__parent":"Cliff_tool","position":[-455.529999,-281.295868,26.6045666],"annotation":"ROCK","isRenderEnabled":false,"rotationMatrix":[0.410695583,-0.628935575,-0.660127521,-0.848585367,-0.5284971,-0.0244154371,-0.333519191,0.570201159,-0.750756025],"scale":[1.5,1.5,1.5],"shapeName":"/levels/east_coast_usa/art/shapes/rocks/eca_rock_medium_1.dae"}
{"class":"TSStatic","persistentId":"04323fa3-3c1e-4a15-a4fe-baaadb513549","__parent":"Cliff_tool","position":[968.647705,52.8884201,23.7746162],"annotation":"ROCK","isRenderEnabled":false,"rotationMatrix":[-0.319937974,0.946889043,0.0322624482,-0.421086907,-0.172617376,0.890443981,0.848721027,0.27130127,0.45394972],"scale":[1.5,1.5,1.5],"shapeName":"/levels/east_coast_usa/art/shapes/rocks/eca_rock_big_narrow.dae"}
{"class":"TSStatic","persistentId":"044ac0f3-02f7-4234-90c6-689cf4d15c6b","__parent":"Cliff_tool","position":[982.885742,162.286194,11.7092304],"annotation":"ROCK","isRenderEnabled":false,"rotationMatrix":[-0.310111135,0.950696588,0.00122121919,-0.496322751,-0.162989974,0.852694392,0.81085813,0.263826698,0.522398055],"scale":[3,3,3],"shapeName":"/levels/east_coast_usa/art/shapes/rocks/eca_rock_big_narrow.dae"}
{"class":"TSStatic","persistentId":"05123aec-2e12-4bb5-9fa0-c1cbb16debb2","__parent":"Cliff_tool","position":[964.165283,-142.024918,12.1873817],"annotation":"ROCK","isRenderEnabled":false,"rotationMatrix":[0.877512455,0.41643852,0.237803996,-0.338382453,0.186315522,0.9223786,0.339807808,-0.88986659,0.304410368],"scale":[5,5,5],"shapeName":"/levels/east_coast_usa/art/shapes/rocks/eca_rock_big_narrow.dae"}
{"name":"rock35","class":"TSStatic","persistentId":"05263639-443d-4503-8204-3d4aacf20052","__parent":"Cliff_tool","position":[631.291565,-296.427216,28.4853134],"annotation":"ROCK","isRenderEnabled":false,"rotationMatrix":[0.709257603,0.517914832,-0.47824046,-0.351143718,-0.328692973,-0.87673074,-0.611264348,0.789761066,-0.0512655973],"scale":[7,7,7],"shapeName":"/levels/east_coast_usa/art/shapes/rocks/eca_rock_big_narrow.dae"}
{"name":"rock72","class":"TSStatic","persistentId":"05494c6a-c2fd-41d9-95ce-067ebee9e9fc","__parent":"Cliff_tool","position":[699.802795,-787.897949,51.4041634],"annotation":"ROCK","isRenderEnabled":false,"rotationMatrix":[0.944104135,-0.160165474,-0.288123906,-0.0204543769,0.843886316,-0.536132634,0.329013407,0.51205802,0.793440282],"scale":[1.5,1.5,1.5],"shapeName":"/levels/east_coast_usa/art/shapes/rocks/eca_rock_big_wide.dae"}
{"class":"TSStatic","persistentId":"05502196-bc0e-491e-a5d8-a906a953462e","__parent":"Cliff_tool","position":[971.737122,-292.317474,12.8705158],"annotation":"ROCK","isRenderEnabled":false,"rotationMatrix":[0.772108078,-0.629653931,0.0859452486,-0.379324645,-0.348127633,0.857275784,-0.509867132,-0.694508135,-0.507635713],"scale":[1.5,1.5,1.5],"shapeName":"/levels/east_coast_usa/art/shapes/rocks/eca_rock_big_narrow.dae"}
{"class":"TSStatic","persistentId":"060fc6c6-3a26-41a2-bc15-4a147457ad06","__parent":"Cliff_tool","position":[239.449646,-1005.93951,10.8571177],"annotation":"ROCK","isRenderEnabled":false,"rotationMatrix":[1,0,0,0,-0.794160485,-0.607707381,0,0.607707381,-0.794160485],"scale":[1.5,1.5,1.5],"shapeName":"/levels/east_coast_usa/art/shapes/rocks/eca_rock_big_wide.dae"}
{"class":"TSStatic","persistentId":"0619547d-b560-4c98-be00-e7c55d89e686","__parent":"Cliff_tool","position":[986.193909,123.014923,12.5869322],"annotation":"ROCK","isRenderEnabled":false,"rotationMatrix":[0.337838441,-0.941161633,0.00894867908,0.792049766,0.279151261,-0.542891204,0.508450747,0.190497443,0.839755356],"scale":[1.5,1.5,1.5],"shapeName":"/levels/east_coast_usa/art/shapes/rocks/eca_rock_big_wide.dae"}
{"class":"TSStatic","persistentId":"069aecac-65f8-496e-a66f-ba674b1898b9","__parent":"Cliff_tool","position":[981.714722,-486.672974,25.2942829],"annotation":"ROCK","isRenderEnabled":false,"rotationMatrix":[-0.0109071936,-0.991469979,0.129867136,-0.591191649,0.111138523,0.798836827,-0.80645752,-0.0680634305,-0.587361395],"scale":[1.5,1.5,1.5],"shapeName":"/levels/east_coast_usa/art/shapes/rocks/eca_rock_big_narrow.dae"}
{"name":"rock162","class":"TSStatic","persistentId":"06e43726-4b4b-41d1-9008-3bd01b0a5c02","__parent":"Cliff_tool","position":[-333.204346,253.741547,29.3596268],"annotation":"ROCK","isRenderEnabled":false,"rotationMatrix":[0.0377309546,-0.992729485,0.114300989,-0.0490662232,0.112404004,0.992450535,-0.998082638,-0.0430544168,-0.0444683693],"scale":[1.5,1.5,1.5],"shapeName":"/levels/east_coast_usa/art/shapes/rocks/eca_rock_big_narrow.dae"}
{"name":"rock87","class":"TSStatic","persistentId":"0816b22c-9c14-4273-9b38-bfd9c2c95a52","__parent":"Cliff_tool","position":[464.014923,-71.7967529,9.94585991],"annotation":"ROCK","isRenderEnabled":false,"rotationMatrix":[-0.771640897,-0.0848444477,-0.630372822,-0.617395937,-0.138397306,0.774381757,-0.152944297,0.98673439,0.0544109419],"scale":[2,2,2],"shapeName":"/levels/east_coast_usa/art/shapes/rocks/eca_rock_big_narrow.dae"}
{"class":"TSStatic","persistentId":"08d70f21-9885-41de-a71e-d865f1a68f8e","__parent":"Cliff_tool","position":[977.897827,136.53244,11.8341684],"annotation":"ROCK","isRenderEnabled":false,"rotationMatrix":[0.953801751,-0.161178932,-0.253536284,-0.0532846376,0.739771307,-0.670745969,0.295668423,0.653269112,0.697006345],"scale":[1.29999995,1.29999995,1.29999995],"shapeName":"/levels/east_coast_usa/art/shapes/rocks/eca_rock_big_wide.dae"}
{"name":"rock102","class":"TSStatic","persistentId":"09e9e34d-27a3-45e1-9626-d0565af820d2","__parent":"Cliff_tool","position":[455.208588,-68.6797028,18.5605145],"annotation":"ROCK","isRenderEnabled":false,"rotationMatrix":[0.419163972,-6.26314431e-08,-0.907911062,-0.064401187,0.997481585,-0.0297327675,0.905623674,0.0709334388,0.418108165],"scale":[1.5,1.5,1.5],"shapeName":"/levels/east_coast_usa/art/shapes/rocks/eca_rock_medium_1.dae"}
{"class":"TSStatic","persistentId":"0b1f83d6-a2f2-4d40-a1be-779d1d49005b","__parent":"Cliff_tool","position":[970.533752,215.640823,6.0613184],"annotation":"ROCK","isRenderEnabled":false,"rotationMatrix":[-0.842747331,0.532120287,-0.0813968703,-0.337619007,-0.404708028,0.849835336,0.419271559,0.743681312,0.520721495],"scale":[2.5,2.5,2.5],"shapeName":"/levels/east_coast_usa/art/shapes/rocks/eca_rock_big_wide.dae"}
{"class":"TSStatic","persistentId":"0b4c13f6-b889-488e-ae68-7442f93ff20b","__parent":"Cliff_tool","position":[-779.938721,-818.328247,15.5209417],"annotation":"ROCK","isRenderEnabled":false,"rotationMatrix":[0.580065012,0.798166752,-0.162651956,-0.469904304,0.4909904,0.733565152,0.665368378,-0.349086255,0.659867167],"shapeName":"/levels/east_coast_usa/art/shapes/rocks/eca_rock_big_wide.dae"}
{"class":"TSStatic","persistentId":"0b90b36d-9515-4461-9e78-80c25d6b200b","__parent":"Cliff_tool","position":[842.953918,652.214905,51.5277824],"annotation":"ROCK","isRenderEnabled":false,"rotationMatrix":[-0.523810625,-0.100655742,0.845868349,-0.101633511,0.993285894,0.0552608892,-0.845751464,-0.0570219904,-0.530522227],"scale":[1.5,1.5,1.5],"shapeName":"/levels/east_coast_usa/art/shapes/rocks/eca_rock_big_wide.dae"}
{"name":"rock77","class":"TSStatic","persistentId":"0b9aca99-3f79-46d3-af15-acb5d0e498bd","__parent":"Cliff_tool","position":[569.045593,-458.289215,49.6987534],"annotation":"ROCK","isRenderEnabled":false,"rotationMatrix":[0.127520457,-0.988448143,0.0819201842,0.747925341,0.041585777,-0.662480235,0.651417792,0.145749748,0.744588137],"scale":[1.5,1.5,1.5],"shapeName":"/levels/east_coast_usa/art/shapes/rocks/eca_rock_big_wide.dae"}
{"name":"rock90","class":"TSStatic","persistentId":"0bcc8b7a-55f1-41d1-8d63-577da7c16539","__parent":"Cliff_tool","position":[457.261475,-33.8309288,27.7313862],"annotation":"ROCK","isRenderEnabled":false,"rotationMatrix":[0.956549346,-0.265074998,0.121437266,-0.0197544247,0.356620371,0.934041381,-0.290898263,-0.895854056,0.335889399],"scale":[6,6,6],"shapeName":"/levels/east_coast_usa/art/shapes/rocks/eca_rock_big_narrow.dae"}
{"name":"rock112","class":"TSStatic","persistentId":"0bd4738c-1ec7-45ef-ae17-f7cfe7b8dc17","__parent":"Cliff_tool","position":[683.504822,956.145325,85.8976059],"annotation":"ROCK","isRenderEnabled":false,"rotationMatrix":[-0.989448309,0.133361459,0.0566091426,-0.121749453,-0.553595066,-0.823836923,-0.0785297155,-0.822036982,0.563991964],"scale":[1.5,1.5,1.5],"shapeName":"/levels/east_coast_usa/art/shapes/rocks/eca_rock_big_wide.dae"}
{"name":"rock85","class":"TSStatic","persistentId":"0c71b99e-7c32-4d02-87a7-75fb66f03bba","__parent":"Cliff_tool","position":[504.910797,-164.767792,10.2690105],"annotation":"ROCK","isRenderEnabled":false,"rotationMatrix":[0.687285483,-0.400080442,0.606280148,0.558912754,-0.241842255,-0.793177605,0.463959306,0.883995593,0.057395488],"scale":[2,2,2],"shapeName":"/levels/east_coast_usa/art/shapes/rocks/eca_rock_big_narrow.dae"}
{"name":"rock15","class":"TSStatic","persistentId":"0ceec6b0-8c0e-46c0-8c1c-b2511946a74d","__parent":"Cliff_tool","position":[605.679199,-261.911652,11.5780363],"annotation":"ROCK","isRenderEnabled":false,"rotationMatrix":[0.0619156137,0.990491211,-0.122817278,-0.520409465,-0.0729641095,-0.850795984,-0.851666868,0.116593175,0.510944128],"scale":[6,6,6],"shapeName":"/levels/east_coast_usa/art/shapes/rocks/eca_rock_big_narrow.dae"}
{"name":"rock73","class":"TSStatic","persistentId":"0d47bddd-2ecc-4b19-a0e7-d8fe1de1b9e3","__parent":"Cliff_tool","position":[691.390625,-786.880066,52.1515465],"annotation":"ROCK","isRenderEnabled":false,"rotationMatrix":[1,0,0,0,0.96567297,-0.259758711,0,0.259758711,0.96567297],"scale":[1.5,1.5,1.5],"shapeName":"/levels/east_coast_usa/art/shapes/rocks/eca_rock_big_wide.dae"}
{"name":"rock171","class":"TSStatic","persistentId":"0e53b459-ba4a-4b02-85da-9c5fc3349f00","__parent":"Cliff_tool","position":[-368.440186,310.238678,32.4664268],"annotation":"ROCK","isRenderEnabled":false,"rotationMatrix":[0.112444833,-0.977411211,0.178951249,-0.388767928,-0.209011883,-0.89731425,0.914448798,0.0313278176,-0.4034881],"scale":[1.5,1.5,1.5],"shapeName":"/levels/east_coast_usa/art/shapes/rocks/eca_rock_big_wide.dae"}
{"name":"rock200","class":"TSStatic","persistentId":"0f0263ab-9c72-4942-8ec1-926164f016a5","__parent":"Cliff_tool","position":[-566.513916,-214.744949,26.3723583],"annotation":"ROCK","isRenderEnabled":false,"rotationMatrix":[-0.999142289,0.00671648188,0.0408641361,-0.0374328978,-0.568535924,-0.821807504,0.0177130997,-0.822631359,0.568299472],"scale":[1.20000005,1.20000005,1.20000005],"shapeName":"/levels/east_coast_usa/art/shapes/rocks/eca_rock_big_wide.dae"}
{"class":"TSStatic","persistentId":"0fb83f48-a2a7-45a6-b9e4-0640afeab9b5","__parent":"Cliff_tool","position":[986.825317,285.471222,6.79308462],"annotation":"ROCK","isRenderEnabled":false,"rotationMatrix":[-0.123448461,-0.99054718,-0.0597178489,-0.545617104,0.0174868796,0.837848425,-0.828890741,0.136013821,-0.542618573],"scale":[4,4,4],"shapeName":"/levels/east_coast_usa/art/shapes/rocks/eca_rock_big_narrow.dae"}
{"class":"TSStatic","persistentId":"1032d30b-56d1-457b-89cd-b49c39a8f685","__parent":"Cliff_tool","position":[496.862274,-944.38446,12.2335539],"annotation":"ROCK","isRenderEnabled":false,"rotationMatrix":[1,0,0,0,0.751833022,0.659353554,0,-0.659353554,0.751833022],"scale":[1.5,1.5,1.5],"shapeName":"/levels/east_coast_usa/art/shapes/rocks/eca_rock_big_wide.dae"}
{"class":"TSStatic","persistentId":"1099f9a7-948a-4b6a-a994-d3def28bb40b","__parent":"Cliff_tool","position":[932.233704,-761.225281,31.8326416],"annotation":"ROCK","isRenderEnabled":false,"rotationMatrix":[-0.74507618,-0.662952006,0.0732010826,0.664463162,-0.747306824,-0.00478022918,0.0578720868,0.0450782701,0.997309566],"shapeName":"/levels/east_coast_usa/art/shapes/rocks/eca_rock_big_wide.dae"}
{"name":"rock188","class":"TSStatic","persistentId":"10b46152-f3cf-4803-8a2b-dab24e096992","__parent":"Cliff_tool","position":[-408.817657,129.324188,35.5903511],"annotation":"ROCK","isRenderEnabled":false,"rotationMatrix":[0.799196303,-0.119503893,-0.589070022,-0.224347487,0.849903643,-0.476793528,0.557630897,0.513209045,0.6524297],"scale":[1.5,1.5,1.5],"shapeName":"/levels/east_coast_usa/art/shapes/rocks/eca_rock_big_wide.dae"}
{"name":"rock211","class":"TSStatic","persistentId":"1228799d-25ca-4b59-9618-d8283d280725","__parent":"Cliff_tool","position":[-770.032104,-567.014648,11.4260263],"annotation":"ROCK","isRenderEnabled":false,"rotationMatrix":[0.0027982078,-0.999823153,0.0185689535,0.991762698,0.00515260315,0.127984092,-0.128057152,0.0180578735,0.991602778],"scale":[1.5,1.5,1.5],"shapeName":"/levels/east_coast_usa/art/shapes/rocks/eca_rock_big_wide.dae"}
{"name":"rock42","class":"TSStatic","persistentId":"135f1607-5f41-4c7a-9a44-845cf86de7bd","__parent":"Cliff_tool","position":[648.5979,-420.18576,34.3824081],"annotation":"ROCK","isRenderEnabled":false,"rotationMatrix":[-0.0471125469,0.996609211,0.0674424991,0.482996076,-0.0363714881,0.874866962,0.874353111,0.0737922564,-0.479646713],"scale":[7,7,7],"shapeName":"/levels/east_coast_usa/art/shapes/rocks/eca_rock_big_narrow.dae"}
{"name":"rock201","class":"TSStatic","persistentId":"13f06a50-15fe-407d-a9d0-b31a1c8e8615","__parent":"Cliff_tool","position":[-540.374878,-239.196548,26.6364861],"annotation":"ROCK","isRenderEnabled":false,"rotationMatrix":[-0.402168185,-0.915380538,-0.0184240472,0.915164411,-0.402506053,0.0215293374,-0.0271236841,-0.00820263475,0.999598742],"shapeName":"/levels/east_coast_usa/art/shapes/rocks/eca_rock_medium_2.dae"}
{"name":"rock186","class":"TSStatic","persistentId":"16231201-8d2b-456b-95b2-1f4f27bc35d5","__parent":"Cliff_tool","position":[-457.672638,425.30426,16.2094193],"annotation":"ROCK","isRenderEnabled":false,"rotationMatrix":[0.867748618,-0.470564485,0.159946352,0.450127512,0.880533636,0.148483604,-0.210708395,-0.0568490885,0.975893855],"scale":[3,3,3],"shapeName":"/levels/east_coast_usa/art/shapes/rocks/eca_rock_big_narrow.dae"}
{"name":"rock184","class":"TSStatic","persistentId":"1625e2bd-1c5f-42d7-a440-f301226d9574","__parent":"Cliff_tool","position":[-451.97702,422.316528,15.8917017],"annotation":"ROCK","isRenderEnabled":false,"rotationMatrix":[-0.948364377,0.303018421,-0.0937159881,0.305538088,0.952083409,-0.0134839006,0.0851392299,-0.0414216369,-0.995508313],"scale":[3,3,3],"shapeName":"/levels/east_coast_usa/art/shapes/rocks/eca_rock_big_narrow.dae"}
{"class":"TSStatic","persistentId":"163211c0-b47c-499f-bac2-c85885ccf076","__parent":"Cliff_tool","position":[972.149292,209.259384,14.0322704],"annotation":"ROCK","isRenderEnabled":false,"rotationMatrix":[0.746416509,-0.665294051,-0.0153514696,-0.34829247,-0.410206884,0.842858076,-0.567051947,-0.623782635,-0.537905455],"scale":[3,3,3],"shapeName":"/levels/east_coast_usa/art/shapes/rocks/eca_rock_big_narrow.dae"}
{"class":"TSStatic","persistentId":"16bbc443-007e-4f53-be56-86e35e378d33","__parent":"Cliff_tool","position":[948.375977,-159.974503,29.2189255],"annotation":"ROCK","isRenderEnabled":false,"rotationMatrix":[-0.566126823,-0.814909816,0.124177441,0.29050377,-0.338215202,-0.895108104,0.771431029,-0.470670879,0.428209126],"scale":[3,3,3],"shapeName":"/levels/east_coast_usa/art/shapes/rocks/eca_rock_big_wide.dae"}
{"class":"TSStatic","persistentId":"17ba49d7-1af1-47d3-bb0b-0e8cee51931e","__parent":"Cliff_tool","position":[326.090668,-941.202393,21.0265846],"annotation":"ROCK","isRenderEnabled":false,"rotationMatrix":[-0.968737781,-0.232155576,0.0874569044,-0.0557653792,0.547288358,0.835083961,-0.241733745,0.804102063,-0.543125153],"scale":[1.5,1.5,1.5],"shapeName":"/levels/east_coast_usa/art/shapes/rocks/eca_rock_big_wide.dae"}
{"name":"rock135","class":"TSStatic","persistentId":"17bf77bb-9e1c-468d-b92a-a136c2b7dbe7","__parent":"Cliff_tool","position":[78.2229996,315.606079,68.8600616],"annotation":"ROCK","isRenderEnabled":false,"rotationMatrix":[0.691454411,-0.0541040637,-0.720390201,0.0393745676,-0.992886007,0.112362392,-0.721346617,-0.10605891,-0.684406102],"scale":[1.5,1.5,1.5],"shapeName":"/levels/east_coast_usa/art/shapes/rocks/eca_rock_big_wide.dae"}
{"class":"TSStatic","persistentId":"19ba88e1-9f79-4df3-a6fc-4aaa7ba32085","__parent":"Cliff_tool","position":[988.710999,159.550644,6.62379599],"annotation":"ROCK","isRenderEnabled":false,"rotationMatrix":[0.239861161,-0.947417378,0.211814418,-0.813248873,-0.0769375488,0.576803505,-0.530182242,-0.310611486,-0.788941801],"scale":[3,3,3],"shapeName":"/levels/east_coast_usa/art/shapes/rocks/eca_rock_big_narrow.dae"}
{"class":"TSStatic","persistentId":"19e30470-ee01-48ae-97db-41ed95e8b6cf","__parent":"Cliff_tool","position":[978.680359,-237.747269,11.1016836],"annotation":"ROCK","isRenderEnabled":false,"rotationMatrix":[-0.706321299,0.707186282,-0.0315712765,0.333948702,0.293553084,-0.895715833,-0.624169886,-0.643206894,-0.443508267],"scale":[3,3,3],"shapeName":"/levels/east_coast_usa/art/shapes/rocks/eca_rock_big_wide.dae"}
{"name":"rock127","class":"TSStatic","persistentId":"1a0a1b71-f58d-4689-a09c-6b208229d80f","__parent":"Cliff_tool","position":[826.153625,584.786621,57.062355],"annotation":"ROCK","isRenderEnabled":false,"rotationMatrix":[0.0714619011,-0.997403383,-0.00900879875,-0.569376111,-0.0482071638,0.820662081,-0.818965375,-0.0535167418,-0.571342528],"scale":[1.5,1.5,1.5],"shapeName":"/levels/east_coast_usa/art/shapes/rocks/eca_rock_big_wide.dae"}
{"class":"TSStatic","persistentId":"1a131c7a-278c-42ed-9f02-e9aa811daece","__parent":"Cliff_tool","position":[729.878357,-914.938599,26.699955],"annotation":"ROCK","isRenderEnabled":false,"rotationMatrix":[0.871289432,0.490771383,5.49480319e-08,0.343780041,-0.610328615,-0.713663518,-0.350245267,0.621806145,-0.700489104],"scale":[1.5,1.5,1.5],"shapeName":"/levels/east_coast_usa/art/shapes/rocks/eca_rock_big_wide.dae"}
{"name":"rock71","class":"TSStatic","persistentId":"1a1ee433-d75c-44e3-b671-3243d6a78244","__parent":"Cliff_tool","position":[672.471497,-779.281189,55.5882111],"annotation":"ROCK","isRenderEnabled":false,"rotationMatrix":[0.999129117,0.00557791907,-0.0413410217,0.00665049208,-0.999643564,0.0258525647,-0.0411821418,-0.0261049867,-0.998810112],"scale":[1.5,1.5,1.5],"shapeName":"/levels/east_coast_usa/art/shapes/rocks/eca_rock_big_wide.dae"}
{"name":"rock62","class":"TSStatic","persistentId":"1aecc6bf-d3c4-4dcd-a4bc-69eb90b3e518","__parent":"Cliff_tool","position":[683.913879,-560.370483,17.2978668],"annotation":"ROCK","isRenderEnabled":false,"rotationMatrix":[-0.495025069,0.868845224,-0.00709237531,0.31544131,0.187317446,0.930273592,0.809596598,0.458270311,-0.366798252],"scale":[6,6,6],"shapeName":"/levels/east_coast_usa/art/shapes/rocks/eca_rock_big_narrow.dae"}
{"class":"TSStatic","persistentId":"1b0cb2cf-6845-43dc-b5ae-7e05f45e2cc5","__parent":"Cliff_tool","position":[968.632996,-732.415405,13.2981329],"annotation":"ROCK","isRenderEnabled":false,"rotationMatrix":[0.0589384474,-0.0310827121,-0.997776568,0.857143581,-0.510761321,0.0665424839,-0.511694551,-0.859160006,-0.00346118235],"scale":[1.5,1.5,1.5],"shapeName":"/levels/east_coast_usa/art/shapes/rocks/eca_rock_medium_1.dae"}
{"class":"TSStatic","persistentId":"1bdeb467-49cb-46fb-adf6-2986121306ca","__parent":"Cliff_tool","position":[-307.045532,-933.552307,10.2156639],"annotation":"ROCK","isRenderEnabled":false,"rotationMatrix":[-0.0539271012,-0.0329254493,0.998000979,0.0418687128,-0.998650014,-0.030684866,0.997666717,0.0401311032,0.0552330986],"scale":[1.20000005,1.20000005,1.20000005],"shapeName":"/levels/east_coast_usa/art/shapes/rocks/eca_rock_medium_1.dae"}
{"class":"TSStatic","persistentId":"1beb0cca-6642-4e16-b594-d01244acfd68","__parent":"Cliff_tool","position":[1001.41382,-514.889587,8.91250992],"annotation":"ROCK","isRenderEnabled":false,"rotationMatrix":[-0.915888011,-0.361073196,0.175426245,-0.1327786,0.684884906,0.716449857,-0.378838152,0.632893801,-0.67522043],"scale":[1.5,1.5,1.5],"shapeName":"/levels/east_coast_usa/art/shapes/rocks/eca_rock_big_narrow.dae"}
{"class":"TSStatic","persistentId":"1c43aa49-cf24-47e6-9e87-5c9f7d59d44d","__parent":"Cliff_tool","position":[969.573975,-237.130173,20.028616],"annotation":"ROCK","isRenderEnabled":false,"rotationMatrix":[-0.706321299,0.707186282,-0.0315712765,0.333948702,0.293553084,-0.895715833,-0.624169886,-0.643206894,-0.443508267],"scale":[3,3,3],"shapeName":"/levels/east_coast_usa/art/shapes/rocks/eca_rock_big_wide.dae"}
{"name":"rock43","class":"TSStatic","persistentId":"1d36ddd1-b2c8-46e4-ad9b-f706dd73833e","__parent":"Cliff_tool","position":[628.757507,-343.291931,6.22788811],"annotation":"ROCK","isRenderEnabled":false,"rotationMatrix":[0.528356254,0.112526879,0.84153074,0.154360533,-0.987388611,0.0351151302,0.83486855,0.111346051,-0.539066195],"scale":[7,7,7],"shapeName":"/levels/east_coast_usa/art/shapes/rocks/eca_rock_big_narrow.dae"}
{"name":"rock214","class":"TSStatic","persistentId":"1da34db4-f30a-400a-a294-43edaaf2eb59","__parent":"Cliff_tool","position":[-780.177246,-571.901062,7.73974228],"annotation":"ROCK","isRenderEnabled":false,"rotationMatrix":[-0.829345167,0.556603134,0.0487647019,0.558575869,0.828030109,0.0485575087,-0.0133517114,0.0675096288,-0.997628987],"scale":[1.5,1.5,1.5],"shapeName":"/levels/east_coast_usa/art/shapes/rocks/eca_rock_big_narrow.dae"}
{"class":"TSStatic","persistentId":"1df90118-b7ab-4bc0-ba04-e98b098fc291","__parent":"Cliff_tool","position":[982.025513,294.371674,22.1721897],"annotation":"ROCK","isRenderEnabled":false,"rotationMatrix":[0.78279233,-0.144888729,-0.605178714,0.219214305,0.974379539,0.050267946,0.582392275,-0.172012225,0.794498265],"scale":[1.5,1.5,1.5],"shapeName":"/levels/east_coast_usa/art/shapes/rocks/eca_rock_big_narrow.dae"}
{"class":"TSStatic","persistentId":"1e09392b-71b5-48da-9abd-772d70607065","__parent":"Cliff_tool","position":[986.574524,110.210732,9.54763699],"annotation":"ROCK","isRenderEnabled":false,"rotationMatrix":[-0.771666229,-0.635653675,0.0217946433,0.415275395,-0.529496431,-0.739716113,0.481744647,-0.561763287,0.672565818],"scale":[1.5,1.5,1.5],"shapeName":"/levels/east_coast_usa/art/shapes/rocks/eca_rock_big_wide.dae"}
{"class":"TSStatic","persistentId":"2041aa4d-4463-4fce-a943-fc8d1adf8a4b","__parent":"Cliff_tool","position":[965.915527,-291.351044,17.5327377],"annotation":"ROCK","isRenderEnabled":false,"rotationMatrix":[-0.85185957,0.47568655,0.219221234,0.0525835454,0.494099617,-0.867814422,-0.521124125,-0.727728188,-0.445916772],"scale":[1.5,1.5,1.5],"shapeName":"/levels/east_coast_usa/art/shapes/rocks/eca_rock_big_wide.dae"}
{"class":"TSStatic","persistentId":"2112bf1b-f7a6-4c35-910c-012be21855c3","__parent":"Cliff_tool","position":[957.453491,-140.021255,33.3256187],"annotation":"ROCK","isRenderEnabled":false,"rotationMatrix":[0.460022628,-0.879369259,-0.122833021,-0.872325599,-0.473407179,0.122208819,-0.165617391,0.0509310849,-0.984875083],"scale":[1.5,1.5,1.5],"shapeName":"/levels/east_coast_usa/art/shapes/rocks/eca_rock_big_narrow.dae"}
{"name":"rock70","class":"TSStatic","persistentId":"21773d3a-90de-4f1b-9172-4cfef29e979f","__parent":"Cliff_tool","position":[720.886536,-717.334412,36.9967117],"annotation":"ROCK","isRenderEnabled":false,"rotationMatrix":[-0.966076016,-0.255449474,0.037986476,0.257732332,-0.963008881,0.0786299035,0.0164942872,0.0857523829,0.996180832],"scale":[1.5,1.5,1.5],"shapeName":"/levels/east_coast_usa/art/shapes/rocks/eca_rock_big_narrow.dae"}
{"class":"TSStatic","persistentId":"23a18859-1a3e-4a19-a432-f4a453498d7d","__parent":"Cliff_tool","position":[961.163086,-572.006042,17.6512547],"annotation":"ROCK","isRenderEnabled":false,"rotationMatrix":[-0.224510074,0.968305349,0.109445781,-0.102323376,-0.135116965,0.985532582,0.969084799,0.210062832,0.129415587],"scale":[1.5,1.5,1.5],"shapeName":"/levels/east_coast_usa/art/shapes/rocks/eca_rock_big_narrow.dae"}
{"name":"rock53","class":"TSStatic","persistentId":"2413df87-c462-44a2-a6df-6454f1893854","__parent":"Cliff_tool","position":[663.980042,-500.606842,42.858181],"annotation":"ROCK","isRenderEnabled":false,"rotationMatrix":[0.447150469,0.0929504931,0.889615357,0.0986376852,-0.993639529,0.0542387255,0.88900131,0.0634961799,-0.453476846],"scale":[4,4,4],"shapeName":"/levels/east_coast_usa/art/shapes/rocks/eca_rock_big_narrow.dae"}
{"class":"TSStatic","persistentId":"246ac155-ef66-41d8-a1e1-86736591b9fb","__parent":"Cliff_tool","position":[944.767517,-187.825668,34.1546288],"annotation":"ROCK","isRenderEnabled":false,"rotationMatrix":[0.117083132,-0.98467952,0.129215747,0.623510003,-0.0283885058,-0.781296849,0.772996783,0.172043905,0.610635877],"scale":[1.5,1.5,1.5],"shapeName":"/levels/east_coast_usa/art/shapes/rocks/eca_rock_big_wide.dae"}
{"class":"TSStatic","persistentId":"24950d11-4bd6-4140-b456-8f782e75f06f","__parent":"Cliff_tool","position":[948.442139,104.63604,32.5583496],"annotation":"ROCK","isRenderEnabled":false,"rotationMatrix":[0.391947985,0.919952691,0.00756036909,-0.168008015,0.0634967163,0.983736992,0.90451628,-0.38684386,0.179448873],"scale":[1.70000005,1.70000005,1.70000005],"shapeName":"/levels/east_coast_usa/art/shapes/rocks/eca_rock_big_narrow.dae"}
{"name":"rock165","class":"TSStatic","persistentId":"24f945e6-9859-4a35-89ca-f3ee8aa6f193","__parent":"Cliff_tool","position":[-349.522003,275.487244,28.1563568],"annotation":"ROCK","isRenderEnabled":false,"rotationMatrix":[0.685347915,-0.727995455,0.0179155804,0.728180945,0.684872985,-0.026477173,0.00700571062,0.0311918985,0.999488592],"shapeName":"/levels/east_coast_usa/art/shapes/rocks/eca_rock_big_wide.dae"}
{"name":"rock122","class":"TSStatic","persistentId":"252ffd1f-ae28-4b67-b599-bc3e5fc12b19","__parent":"Cliff_tool","position":[943.01178,336.27301,55.5026741],"annotation":"ROCK","isRenderEnabled":false,"rotationMatrix":[-0.101770811,0.992996097,0.0600137189,-0.983587801,-0.109475128,0.14342998,0.148995101,-0.0444317237,0.987839103],"shapeName":"/levels/east_coast_usa/art/shapes/rocks/eca_rock_big_wide.dae"}
{"name":"rock95","class":"TSStatic","persistentId":"25323c7b-a98c-4fc2-8825-9f8296957dbe","__parent":"Cliff_tool","position":[427.259064,-34.417347,35.0435867],"annotation":"ROCK","isRenderEnabled":false,"rotationMatrix":[0.617702067,0.772059917,-0.149531499,-0.782398582,0.622519672,-0.0178177487,0.0793301761,0.127997115,0.988596559],"scale":[5,5,5],"shapeName":"/levels/east_coast_usa/art/shapes/rocks/eca_rock_big_narrow.dae"}
{"name":"rock21","class":"TSStatic","persistentId":"258386c9-17b9-4848-b066-9911c9398c59","__parent":"Cliff_tool","position":[507.908508,-62.5715714,26.9173088],"annotation":"ROCK","isRenderEnabled":false,"rotationMatrix":[-0.418556333,-0.781647086,0.462424278,0.219358161,0.407086104,0.886659801,-0.881303549,0.472552955,0.00107192714],"scale":[7,7,7],"shapeName":"/levels/east_coast_usa/art/shapes/rocks/eca_rock_big_narrow.dae"}
{"class":"TSStatic","persistentId":"26112094-5f1d-4802-8e15-46581c5b954d","__parent":"Cliff_tool","position":[982.774109,-266.194824,10.0055399],"annotation":"ROCK","isRenderEnabled":false,"rotationMatrix":[0.726631224,0.686302245,-0.0315721668,0.284112334,-0.342015326,-0.895714939,-0.625528932,0.641883492,-0.44350633],"scale":[3,3,3],"shapeName":"/levels/east_coast_usa/art/shapes/rocks/eca_rock_big_wide.dae"}
{"class":"TSStatic","persistentId":"27384c68-38f9-4541-b308-f2c06025e821","__parent":"Cliff_tool","position":[979.788757,-249.630753,24.6331253],"annotation":"ROCK","isRenderEnabled":false,"rotationMatrix":[-0.499338269,0.860925853,0.0972964391,-0.450485349,-0.353911996,0.819639921,0.740085125,0.365446895,0.564556181],"scale":[1.5,1.5,1.5],"shapeName":"/levels/east_coast_usa/art/shapes/rocks/eca_rock_big_narrow.dae"}
{"class":"TSStatic","persistentId":"273b97a6-884b-4797-aabc-8eeba18349c0","__parent":"Cliff_tool","position":[975.150452,201.234695,13.0476303],"annotation":"ROCK","isRenderEnabled":false,"rotationMatrix":[0.279789984,-0.959807038,-0.0221470911,-0.401357412,-0.137889937,0.905480266,-0.872141302,-0.2444565,-0.423805952],"scale":[2.5,2.5,2.5],"shapeName":"/levels/east_coast_usa/art/shapes/rocks/eca_rock_big_wide.dae"}
{"class":"TSStatic","persistentId":"286c8b1a-26a3-422e-a53e-893198cca617","__parent":"Cliff_tool","position":[976.108459,-534.833679,13.9193468],"annotation":"ROCK","isRenderEnabled":false,"rotationMatrix":[0.495580494,0.861231148,0.112603575,-0.502128005,0.178299949,0.846211731,0.708707154,-0.475906521,0.520810902],"scale":[5,5,5],"shapeName":"/levels/east_coast_usa/art/shapes/rocks/eca_rock_big_narrow.dae"}
{"class":"TSStatic","persistentId":"2979d047-746f-4fa3-a05d-532f84c4b72f","__parent":"Cliff_tool","position":[997.620239,-397.375763,10.9469852],"annotation":"ROCK","isRenderEnabled":false,"rotationMatrix":[0.994345486,0.0738333315,-0.076325424,-0.00892590918,0.774309576,0.632743597,0.105817109,-0.628484547,0.770590603],"scale":[1.5,1.5,1.5],"shapeName":"/levels/east_coast_usa/art/shapes/rocks/eca_rock_big_wide.dae"}
{"class":"TSStatic","persistentId":"2a176b6f-7ff3-401d-9bf4-652f91716971","__parent":"Cliff_tool","position":[264.801971,-981.346802,25.7921562],"annotation":"ROCK","isRenderEnabled":false,"rotationMatrix":[0.952745199,0.303296179,-0.0169404093,-0.209047616,0.695101321,0.687847018,0.220396698,-0.651802063,0.725658178],"scale":[1.5,1.5,1.5],"shapeName":"/levels/east_coast_usa/art/shapes/rocks/eca_rock_big_wide.dae"}
{"class":"TSStatic","persistentId":"2bd85855-e0b3-4f25-a5de-c744622f67f4","__parent":"Cliff_tool","position":[973.186523,-118.35601,13.1862936],"annotation":"ROCK","isRenderEnabled":false,"rotationMatrix":[-0.167081386,-0.982555687,0.081640251,-0.475264132,0.152811974,0.866472363,-0.863833368,0.105970092,-0.492506027],"scale":[3,3,3],"shapeName":"/levels/east_coast_usa/art/shapes/rocks/eca_rock_big_narrow.dae"}
{"name":"rock39","class":"TSStatic","persistentId":"2c08e34a-b93a-4d5f-90b4-cfee08f113b9","__parent":"Cliff_tool","position":[646.983398,-357.244629,33.4528847],"annotation":"ROCK","isRenderEnabled":false,"rotationMatrix":[0.175231442,0.979214013,-0.102140307,-0.519669056,0.00387963443,-0.854358077,-0.8362028,0.202789798,0.509548426],"scale":[7,7,7],"shapeName":"/levels/east_coast_usa/art/shapes/rocks/eca_rock_big_narrow.dae"}
{"class":"TSStatic","persistentId":"2c21a9f7-dd7c-43f7-be19-8d8eac1387e0","__parent":"Cliff_tool","position":[948.418457,230.153091,14.3594952],"annotation":"ROCK","isRenderEnabled":false,"rotationMatrix":[0.891075253,0.150856569,0.428045094,-0.311048537,-0.483810723,0.818025291,0.330498844,-0.862068236,-0.384190142],"scale":[3.5,3.5,3.5],"shapeName":"/levels/east_coast_usa/art/shapes/rocks/eca_rock_big_narrow.dae"}
{"name":"rock61","class":"TSStatic","persistentId":"2c558541-2399-4a46-b4d2-93646a372394","__parent":"Cliff_tool","position":[690.539795,-572.17926,9.06327248],"annotation":"ROCK","isRenderEnabled":false,"rotationMatrix":[-0.940683365,0.314113289,-0.128235683,0.0847696736,0.58356899,0.807626665,0.328522503,0.748846948,-0.575582743],"scale":[4,4,4],"shapeName":"/levels/east_coast_usa/art/shapes/rocks/eca_rock_big_narrow.dae"}
{"class":"TSStatic","persistentId":"2c58232c-d564-46db-9034-9659f5605b6a","__parent":"Cliff_tool","position":[825.513428,-759.177979,39.3963547],"annotation":"ROCK","isRenderEnabled":false,"rotationMatrix":[1,0,0,0,-0.685034394,0.728510022,0,-0.728510022,-0.685034394],"scale":[1.5,1.5,1.5],"shapeName":"/levels/east_coast_usa/art/shapes/rocks/eca_rock_medium_1.dae"}
{"class":"TSStatic","persistentId":"2c649dfe-ff02-414e-8803-fcfa12f9f6d8","__parent":"Cliff_tool","position":[1003.58392,410.182617,16.4821777],"annotation":"ROCK","isRenderEnabled":false,"rotationMatrix":[0.259233147,-0.965173066,0.0351481698,-0.525887549,-0.110534541,0.843341827,-0.810086608,-0.237105042,-0.536226571],"scale":[7,7,7],"shapeName":"/levels/east_coast_usa/art/shapes/rocks/eca_rock_big_narrow.dae"}
{"name":"rock173","class":"TSStatic","persistentId":"2cc75cc5-f038-4543-9b2c-44627e93652c","__parent":"Cliff_tool","position":[-385.617981,320.474854,31.7980347],"annotation":"ROCK","isRenderEnabled":false,"rotationMatrix":[0.934045255,-0.338370442,0.114300936,-0.12260484,-0.00319312839,0.992450118,-0.335451066,-0.941007614,-0.044468388],"scale":[1.5,1.5,1.5],"shapeName":"/levels/east_coast_usa/art/shapes/rocks/eca_rock_big_narrow.dae"}
{"name":"rock167","class":"TSStatic","persistentId":"2dbc9473-9de5-4333-87f2-d5722eb5c307","__parent":"Cliff_tool","position":[-366.580261,295.948669,29.1149673],"annotation":"ROCK","isRenderEnabled":false,"rotationMatrix":[-0.913057208,-0.393977106,0.105421193,0.38611275,-0.918280303,-0.087640129,0.131333485,-0.0393159874,0.990558147],"shapeName":"/levels/east_coast_usa/art/shapes/rocks/eca_rock_big_narrow.dae"}
{"class":"TSStatic","persistentId":"2df53f82-ca0c-423e-bc5d-427221372979","__parent":"Cliff_tool","position":[691.288574,-930.858643,17.0833454],"annotation":"ROCK","isRenderEnabled":false,"rotationMatrix":[-0.999326289,0.00130523788,0.0367024168,-0.0257253088,-0.738103628,-0.674196243,0.0262098685,-0.674685478,0.737638354],"scale":[1.5,1.5,1.5],"shapeName":"/levels/east_coast_usa/art/shapes/rocks/eca_rock_big_wide.dae"}
{"class":"TSStatic","persistentId":"2e45dc24-f09c-4c8d-a9b5-99d6afa330f1","__parent":"Cliff_tool","position":[955.668396,-661.151428,31.6348343],"annotation":"ROCK","isRenderEnabled":false,"rotationMatrix":[-0.754759014,0.56028825,0.341197431,0.231940687,0.714444757,-0.660128355,-0.613628685,-0.419101089,-0.669188559],"scale":[1.5,1.5,1.5],"shapeName":"/levels/east_coast_usa/art/shapes/rocks/eca_rock_big_wide.dae"}
{"class":"TSStatic","persistentId":"2e65a43e-ff48-42c1-8262-966dcd610338","__parent":"Cliff_tool","position":[969.198303,48.9157944,19.3460617],"annotation":"ROCK","isRenderEnabled":false,"rotationMatrix":[0.874445677,-0.47341153,0.105953641,-0.112646215,0.0142909065,0.993532479,-0.471864313,-0.880724251,-0.0408313386],"scale":[3,3,3],"shapeName":"/levels/east_coast_usa/art/shapes/rocks/eca_rock_big_narrow.dae"}
{"name":"rock157","class":"TSStatic","persistentId":"2eb8b9cb-8902-44a2-aced-d24ac0820925","__parent":"Cliff_tool","position":[-284.244202,218.653915,29.9881649],"annotation":"ROCK","isRenderEnabled":false,"rotationMatrix":[0.552798331,-0.831735015,0.0512687825,-0.832733095,-0.549070835,0.0712435171,-0.0311051942,-0.0820766166,-0.996138394],"shapeName":"/levels/east_coast_usa/art/shapes/rocks/eca_rock_big_narrow.dae"}
{"name":"rock40","class":"TSStatic","persistentId":"2f5d64c2-42c1-40d5-aa3c-cf447ca5f22f","__parent":"Cliff_tool","position":[641.834473,-450.319275,19.0883942],"annotation":"ROCK","isRenderEnabled":false,"rotationMatrix":[-0.363052964,0.929528177,-0.0645848066,0.114927538,0.113457173,0.986872911,0.924654365,0.350865275,-0.148020193],"scale":[7,7,7],"shapeName":"/levels/east_coast_usa/art/shapes/rocks/eca_rock_big_narrow.dae"}
{"class":"TSStatic","persistentId":"301bd3e1-c0bb-4c28-ba33-e8c7424fd87a","__parent":"Cliff_tool","position":[976.582092,200.605057,9.91534996],"annotation":"ROCK","isRenderEnabled":false,"rotationMatrix":[0.699371517,0.261656344,0.665137231,-0.62272948,-0.233708084,0.746712029,0.350832134,-0.936434388,-0.000509759411],"scale":[4,4,4],"shapeName":"/levels/east_coast_usa/art/shapes/rocks/eca_rock_big_narrow.dae"}
{"name":"rock34","class":"TSStatic","persistentId":"3065202c-e154-409c-a32f-3166cd17d5ec","__parent":"Cliff_tool","position":[613.664001,-270.258728,28.8789749],"annotation":"ROCK","isRenderEnabled":false,"rotationMatrix":[-0.202357516,0.979100823,0.0203543827,0.380592644,0.0594750457,0.922829211,0.90233022,0.194488227,-0.384674877],"scale":[7,7,7],"shapeName":"/levels/east_coast_usa/art/shapes/rocks/eca_rock_big_narrow.dae"}
{"class":"TSStatic","persistentId":"328f9e1c-f4d7-4e35-b6a2-1eaa017a9d8f","__parent":"Cliff_tool","position":[853.052734,-748.580078,12.0878658],"annotation":"ROCK","isRenderEnabled":false,"rotationMatrix":[0.789356351,-0.613211989,0.0297567938,-0.364076555,-0.428527385,0.826927423,-0.494332373,-0.663573325,-0.561517537],"scale":[6,6,6],"shapeName":"/levels/east_coast_usa/art/shapes/rocks/eca_rock_big_wide.dae"}
{"class":"TSStatic","persistentId":"32c62965-f164-4f6e-9f28-262652a29c7e","__parent":"Cliff_tool","position":[932.217407,-649.885315,35.1818199],"annotation":"ROCK","isRenderEnabled":false,"rotationMatrix":[0.707936645,-0.705220103,-0.0386312753,0.438496619,0.481746018,-0.75871104,0.553668678,0.520178616,0.650281072],"scale":[1.5,1.5,1.5],"shapeName":"/levels/east_coast_usa/art/shapes/rocks/eca_rock_big_wide.dae"}
