{"class":"TSStatic","persistentId":"909e3fce-5bd3-41ed-8ce2-4358c4a0c2d3","__parent":"CBF_funnel","position":[-641.579651,-1.33276987,100.554893],"isRenderEnabled":false,"rotationMatrix":[0.995744407,0,0.0921579897,0,1,0,-0.0921579897,0,0.995744407],"shapeName":"/levels/west_coast_usa/art/shapes/rocksJV/s_rocks_desert_low_tiny_lowc.dae","useInstanceRenderData":true}
{"class":"TSStatic","persistentId":"fddc6990-4bdb-4025-ae1d-86f6b86ec5df","__parent":"CBF_funnel","position":[-641.586792,-6.70603371,100.554237],"isRenderEnabled":false,"rotationMatrix":[-0.995744109,-3.25841341e-07,-0.0921579897,3.24454703e-07,-0.999999762,3.0028886e-08,-0.0921579897,1.77635684e-15,0.995744407],"shapeName":"/levels/west_coast_usa/art/shapes/rocksJV/s_rocks_desert_low_tiny_lowc.dae","useInstanceRenderData":true}
{"class":"TSStatic","persistentId":"7198e329-da9b-4c56-9dcb-8b58ee80c05a","__parent":"CBF_funnel","position":[-641.437439,-13.7048016,100.662773],"isRenderEnabled":false,"rotationMatrix":[0.962901413,0,0.269853324,0,1,0,-0.269853324,0,0.962901413],"shapeName":"/levels/west_coast_usa/art/shapes/rocksJV/s_rocks_desert_low_tiny_lowc.dae","useInstanceRenderData":true}
{"class":"TSStatic","persistentId":"4b44263e-736d-45dc-bfea-5060b798961c","__parent":"CBF_funnel","position":[-640.322021,5.82553864,100.529808],"isRenderEnabled":false,"rotationMatrix":[-0.811083913,0.580092549,-0.0750673339,-0.580161333,-0.814172983,-0.0231269263,-0.0745335594,0.0247932859,0.996910274],"shapeName":"/levels/west_coast_usa/art/shapes/rocksJV/s_rocks_desert_low_tiny_lowc.dae","useInstanceRenderData":true}
{"class":"TSStatic","persistentId":"73186cbd-0fb1-496a-8a3e-148b9618f1e5","__parent":"CBF_funnel","position":[-641.562805,-26.6110954,100.55645],"isRenderEnabled":false,"rotationMatrix":[0.969706953,-0.158816785,0.185595259,0.15920487,0.98716116,0.0129081281,-0.185262457,0.0170305707,0.982541502],"shapeName":"/levels/west_coast_usa/art/shapes/rocksJV/s_rocks_desert_low_tiny_lowc.dae","useInstanceRenderData":true}
{"class":"TSStatic","persistentId":"f27235e2-a86d-45ac-81e0-eb63cde70537","__parent":"CBF_funnel","position":[-641.158875,-20.140173,100.593842],"isRenderEnabled":false,"rotationMatrix":[-0.957297325,-0.167367131,-0.235731974,0.165414572,-0.985821128,0.028180806,-0.237106159,-0.0120160971,0.97140944],"shapeName":"/levels/west_coast_usa/art/shapes/rocksJV/s_rocks_desert_low_tiny_lowc.dae","useInstanceRenderData":true}
{"class":"TSStatic","persistentId":"dc2fa1cd-dc0b-4111-be49-b9fda39dca38","__parent":"CBF_funnel","position":[-646.367676,-37.6319962,100.626892],"isRenderEnabled":false,"rotationMatrix":[0.823543191,-0.528514802,0.206031054,0.541517317,0.840650678,-0.00808908418,-0.168924928,0.118231103,0.978512049],"shapeName":"/levels/west_coast_usa/art/shapes/rocksJV/s_rocks_desert_low_tiny_lowc.dae","useInstanceRenderData":true}
{"class":"TSStatic","persistentId":"1e72c8b2-0924-4a6b-a90a-6d52aed6ab93","__parent":"CBF_funnel","position":[-635.694275,-50.8388062,100.611931],"isRenderEnabled":false,"rotationMatrix":[-0.28502059,0.949277222,0.132800967,-0.957760394,-0.287567616,-7.4505806e-09,0.038189251,-0.127191484,0.99114275],"shapeName":"/levels/west_coast_usa/art/shapes/rocksJV/s_rocks_desert_low_tiny_lowc.dae","useInstanceRenderData":true}
{"class":"TSStatic","persistentId":"ee901ce9-2ea8-4df6-91bc-dea76955fc1f","__parent":"CBF_funnel","position":[-627.38562,-52.8357697,100.563538],"isRenderEnabled":false,"rotationMatrix":[0.938575685,0.345073521,-9.31322575e-10,-0.344711781,0.937591791,0.0457755439,0.0157959312,-0.042963814,0.998951733],"shapeName":"/levels/west_coast_usa/art/shapes/rocksJV/s_rocks_desert_low_tiny_lowc.dae","useInstanceRenderData":true}
{"class":"TSStatic","persistentId":"0870ff0e-b7b7-4cc4-b26c-af4d1e676be1","__parent":"CBF_funnel","position":[-567.778259,-10.1065073,100.505035],"decalType":"None","isRenderEnabled":false,"rotationMatrix":[0.969547331,0.239645094,0.0504796393,-0.239624232,0.970843613,-0.00655419426,-0.050578516,-0.00574154174,0.998703599],"shapeName":"/levels/west_coast_usa/art/shapes/rocksJV/s_rocks_desert_low_tiny_lowc.dae","useInstanceRenderData":true}
{"class":"TSStatic","persistentId":"0768a504-aea7-4228-9859-525979f5c3d4","__parent":"CBF_funnel","position":[-565.264404,-2.96430802,100.675392],"decalType":"None","isRenderEnabled":false,"rotationMatrix":[0.764873862,-0.634348512,0.112116076,0.637851715,0.770136833,0.00587868318,-0.0900738612,0.0670169592,0.993677735],"scale":[1,1,1.11717486],"shapeName":"/levels/west_coast_usa/art/shapes/rocksJV/s_rocks_desert_low_tiny_lowc.dae","useInstanceRenderData":true}
{"class":"TSStatic","persistentId":"b2640edb-668e-47e2-9e87-cdb1869178bf","__parent":"CBF_funnel","position":[-557.694641,-18.5530109,100.608971],"decalType":"None","isRenderEnabled":false,"rotationMatrix":[0.564857721,-0.824580252,-0.0316705704,0.825173557,0.564202785,0.027634427,-0.0049181832,-0.0417432413,0.999116242],"shapeName":"/levels/west_coast_usa/art/shapes/rocksJV/s_rocks_desert_low_tiny_lowc.dae","useInstanceRenderData":true}
{"class":"TSStatic","persistentId":"ecf74f92-8a8a-4745-bbe3-908912dfc0be","__parent":"CBF_funnel","position":[-551.743225,-13.8939695,100.641281],"decalType":"None","isRenderEnabled":false,"rotationMatrix":[0.667178154,-0.686196029,-0.289841741,0.704066455,0.707967281,-0.0554320998,0.243235737,-0.167084783,0.955467939],"shapeName":"/levels/west_coast_usa/art/shapes/rocksJV/s_rocks_desert_low_tiny_lowc.dae","useInstanceRenderData":true}
{"class":"TSStatic","persistentId":"46fd1650-c30d-4390-80ea-bce43ce5ab0f","__parent":"CBF_funnel","position":[-661.424622,-78.9762268,100.590965],"isRenderEnabled":false,"rotationMatrix":[0.885879397,0.450852096,-0.109316252,-0.453570306,0.89122045,1.86264515e-09,0.0974248871,0.0495826155,0.994006991],"shapeName":"/levels/west_coast_usa/art/shapes/rocksJV/s_rocks_desert_low_tiny_lowc.dae","useInstanceRenderData":true}
{"class":"TSStatic","persistentId":"6850846d-4400-4a1d-93d7-e793dc3368d2","__parent":"CBF_funnel","position":[-670.537109,-75.4207916,100.732323],"isRenderEnabled":false,"rotationMatrix":[0.512856364,0.854840398,-0.0789049938,-0.857036114,0.504511833,-0.104674757,-0.0496717319,0.121307552,0.991371393],"shapeName":"/levels/west_coast_usa/art/shapes/rocksJV/s_rocks_desert_low_tiny_lowc.dae","useInstanceRenderData":true}
{"class":"TSStatic","persistentId":"9ea403f1-11df-4187-a120-97441b9de93b","__parent":"CBF_funnel","position":[-671.989319,-77.8923187,100.7099],"isRenderEnabled":false,"rotationMatrix":[-0.493565202,-0.862161696,-0.11432638,0.857036412,-0.504511356,0.104674749,-0.147925526,-0.0463180467,0.987913311],"shapeName":"/levels/west_coast_usa/art/shapes/rocksJV/s_rocks_desert_low_tiny_lowc.dae","useInstanceRenderData":true}
{"class":"TSStatic","persistentId":"41b7eb9f-d942-4a6e-bbb7-8d05b49b2692","__parent":"CBF_funnel","position":[-669.088501,-85.4681244,100.543861],"isRenderEnabled":false,"rotationMatrix":[0.657387853,0.747033715,0.0989026949,-0.750714421,0.660626829,0,-0.0653377697,-0.0742476806,0.995097101],"shapeName":"/levels/west_coast_usa/art/shapes/rocksJV/s_rocks_desert_low_tiny_lowc.dae","useInstanceRenderData":true}
{"class":"TSStatic","persistentId":"a8a2a92b-a827-4f10-a51d-25c7c81d6da7","__parent":"CBF_funnel","position":[-634.414917,-37.8281326,104.072655],"isRenderEnabled":false,"rotationMatrix":[0.590933919,0.803154945,-0.0757581592,-0.805469632,0.592637002,3.7252903e-09,0.0448970906,0.0610208996,0.997126222],"shapeName":"/levels/west_coast_usa/art/shapes/rocksJV/s_rocks_desert_low_tiny_lowc.dae","useInstanceRenderData":true}
{"class":"TSStatic","persistentId":"a9adccd2-3152-422c-a8fc-b1e88761909e","__parent":"CBF_funnel","position":[-637.03418,10.4107389,100.516411],"isRenderEnabled":false,"rotationMatrix":[-0.329871058,0.940668046,-0.0795517713,-0.943658769,-0.330919862,-3.7252903e-09,-0.0263252705,0.0750697255,0.996830761],"shapeName":"/levels/west_coast_usa/art/shapes/rocksJV/s_rocks_desert_low_tiny_lowc.dae","useInstanceRenderData":true}
{"class":"TSStatic","persistentId":"cd81ecde-4db1-44ba-bda3-33625221761a","__parent":"CBF_funnel","position":[-616.629272,-17.5511265,100.099998],"isRenderEnabled":false,"rotationMatrix":[-4.76837158e-07,-0.999999881,0,0.999999881,-4.76837158e-07,0,0,0,1],"scale":[0.740292549,0.587646484,0.525439501],"shapeName":"/levels/west_coast_usa/art/shapes/rocksJV/s_rocks_desert_low_small_lowc.dae","useInstanceRenderData":true}
{"class":"TSStatic","persistentId":"56281316-1a95-40a6-aa7d-8c253d759518","__parent":"CBF_funnel","position":[-631.969116,-53.0254745,100.583038],"isRenderEnabled":false,"rotationMatrix":[-0.180802703,-0.981311202,-0.0658656955,0.983135462,-0.182197094,0.0157658905,-0.0274717938,-0.0619043931,0.99770391],"scale":[0.723046899,0.723046899,0.723046899],"shapeName":"/levels/west_coast_usa/art/shapes/rocksJV/s_rocks_desert_low_small_lowc.dae","useInstanceRenderData":true}
{"class":"TSStatic","persistentId":"c04b64d1-abaf-4719-b675-d762dd5179a2","__parent":"CBF_funnel","position":[-659.50354,-78.1391373,100.321701],"isRenderEnabled":false,"rotationMatrix":[-0.936872125,-0.348845065,-0.0240360461,0.347739458,-0.936707258,0.0407026112,-0.0367136449,0.0297748595,0.998882174],"scale":[0.723046899,0.723046899,0.723046899],"shapeName":"/levels/west_coast_usa/art/shapes/rocksJV/s_rocks_desert_low_small_lowc.dae","useInstanceRenderData":true}
{"class":"TSStatic","persistentId":"2aed95dd-16e2-44ed-8dfb-28ca9b76f520","__parent":"CBF_funnel","position":[-616.299988,-22.5,100.5],"isRenderEnabled":false,"rotationMatrix":[0.99999994,0,0,0,0.99999994,0,0,0,0.999999881],"shapeName":"/levels/west_coast_usa/art/shapes/buildings/s_funnel_ramp.dae","useInstanceRenderData":true}
{"class":"TSStatic","persistentId":"230d8784-a20f-4d4e-a40b-b213b6818a29","__parent":"CBF_funnel","position":[-637.400024,-35.7000008,100.300003],"isRenderEnabled":false,"rotationMatrix":[0.939692616,-0.342020094,0,0.342020094,0.939692616,0,0,0,1],"shapeName":"/levels/west_coast_usa/art/shapes/objects/s_gm_cube_4m.dae","useInstanceRenderData":true}
{"class":"TSStatic","persistentId":"5bd73765-5d23-4cc9-b5e9-e47f19d23b6e","__parent":"CBF_funnel","position":[-633.641235,-37.0680809,100.300003],"isRenderEnabled":false,"rotationMatrix":[0.939692616,-0.342020094,0,0.342020094,0.939692616,0,0,0,1],"shapeName":"/levels/west_coast_usa/art/shapes/objects/s_gm_cube_4m.dae","useInstanceRenderData":true}
{"class":"TSStatic","persistentId":"58ba0183-8dd2-4faa-bea8-1647b594b7c7","__parent":"CBF_funnel","position":[-626.123718,-39.804245,100.300003],"isRenderEnabled":false,"rotationMatrix":[0.939692616,-0.342020094,0,0.342020094,0.939692616,0,0,0,1],"shapeName":"/levels/west_coast_usa/art/shapes/objects/s_gm_cube_4m.dae","useInstanceRenderData":true}
{"class":"TSStatic","persistentId":"27f81017-8cb8-4de0-806d-18ab937ff6aa","__parent":"CBF_funnel","position":[-629.882507,-38.436161,100.300003],"isRenderEnabled":false,"rotationMatrix":[0.939692616,-0.342020094,0,0.342020094,0.939692616,0,0,0,1],"shapeName":"/levels/west_coast_usa/art/shapes/objects/s_gm_cube_4m.dae","useInstanceRenderData":true}
{"class":"TSStatic","persistentId":"82e7d3be-5ccb-4ada-9b5b-7f43f888ad50","__parent":"CBF_funnel","position":[-641.158813,-34.3319206,100.300003],"isRenderEnabled":false,"rotationMatrix":[0.939692616,-0.342020094,0,0.342020094,0.939692616,0,0,0,1],"shapeName":"/levels/west_coast_usa/art/shapes/objects/s_gm_cube_4m.dae","useInstanceRenderData":true}
{"class":"TSStatic","persistentId":"a9b6e2d8-69e7-44d5-a466-31dad1a738f1","__parent":"CBF_funnel","position":[-635.009338,-40.8268509,100.300003],"isRenderEnabled":false,"rotationMatrix":[0.939692616,-0.342020094,0,0.342020094,0.939692616,0,0,0,1],"shapeName":"/levels/west_coast_usa/art/shapes/objects/s_gm_cube_4m.dae","useInstanceRenderData":true}
{"class":"TSStatic","persistentId":"42c7e947-261f-45e1-a65b-05ef27309ba9","__parent":"CBF_funnel","position":[-631.250549,-42.194931,100.300003],"isRenderEnabled":false,"rotationMatrix":[0.939692616,-0.342020094,0,0.342020094,0.939692616,0,0,0,1],"shapeName":"/levels/west_coast_usa/art/shapes/objects/s_gm_cube_4m.dae","useInstanceRenderData":true}
{"class":"TSStatic","persistentId":"300ec6aa-af32-46e5-aabb-db66ecc3d795","__parent":"CBF_funnel","position":[-639.971558,-36.911068,102.300003],"isRenderEnabled":false,"rotationMatrix":[0.939692616,-0.342020154,0,0.342020154,0.939692616,0,0,0,1],"shapeName":"/levels/west_coast_usa/art/shapes/objects/s_gm_cube_2m.dae","useInstanceRenderData":true}
{"class":"TSStatic","persistentId":"32b5298e-6c55-400f-9dc6-adc1cb93a637","__parent":"CBF_funnel","position":[-641.850952,-36.2270279,102.300003],"isRenderEnabled":false,"rotationMatrix":[0.939692616,-0.342020154,0,0.342020154,0.939692616,0,0,0,1],"shapeName":"/levels/west_coast_usa/art/shapes/objects/s_gm_cube_2m.dae","useInstanceRenderData":true}
{"class":"TSStatic","persistentId":"b270c90a-81af-42df-a1dc-dbcb08a4855f","__parent":"CBF_funnel","position":[-636.212769,-38.2791481,102.300003],"isRenderEnabled":false,"rotationMatrix":[0.939692616,-0.342020154,0,0.342020154,0.939692616,0,0,0,1],"shapeName":"/levels/west_coast_usa/art/shapes/objects/s_gm_cube_2m.dae","useInstanceRenderData":true}
{"class":"TSStatic","persistentId":"d78f882a-5d9e-4b2d-8a18-b33ef451eeeb","__parent":"CBF_funnel","position":[-638.092163,-37.595108,102.300003],"isRenderEnabled":false,"rotationMatrix":[0.939692616,-0.342020154,0,0.342020154,0.939692616,0,0,0,1],"shapeName":"/levels/west_coast_usa/art/shapes/objects/s_gm_cube_2m.dae","useInstanceRenderData":true}
{"class":"TSStatic","persistentId":"aa013a36-e324-4bb3-8fbd-2be908ec7734","__parent":"CBF_funnel","position":[-636.89679,-40.158535,102.300003],"isRenderEnabled":false,"rotationMatrix":[0.939692616,-0.342020154,0,0.342020154,0.939692616,0,0,0,1],"shapeName":"/levels/west_coast_usa/art/shapes/objects/s_gm_cube_2m.dae","useInstanceRenderData":true}
{"class":"TSStatic","persistentId":"d336fc64-ad4b-4761-82f5-01cf19a57cf3","__parent":"CBF_funnel","position":[-626.815857,-41.6993484,102.300003],"isRenderEnabled":false,"rotationMatrix":[0.939692616,-0.342020154,0,0.342020154,0.939692616,0,0,0,1],"shapeName":"/levels/west_coast_usa/art/shapes/objects/s_gm_cube_2m.dae","useInstanceRenderData":true}
{"class":"TSStatic","persistentId":"ca0b04a3-8005-4df1-8e99-834da5de2d7b","__parent":"CBF_funnel","position":[-624.936462,-42.3833885,102.300003],"isRenderEnabled":false,"rotationMatrix":[0.939692616,-0.342020154,0,0.342020154,0.939692616,0,0,0,1],"shapeName":"/levels/west_coast_usa/art/shapes/objects/s_gm_cube_2m.dae","useInstanceRenderData":true}
{"name":"funnel_precast_wall","class":"SimGroup","persistentId":"46eddf2d-0c88-460d-82e1-73e1805e451f","__parent":"CBF_funnel"}
{"name":"funnel_material_walls","class":"SimGroup","persistentId":"aef45450-cf40-4131-b047-ed1229fb0475","__parent":"CBF_funnel"}
{"class":"TSStatic","persistentId":"a9639107-379c-49e8-a484-8f52dc7d6205","__parent":"CBF_funnel","position":[-554.80365,1.22981358,100.67099],"decalType":"None","isRenderEnabled":false,"rotationMatrix":[0.706710041,0.706710279,-0.0334906802,-0.707208693,0.706989884,-0.004613325,0.0204172898,0.0269451812,0.999428391],"shapeName":"/levels/west_coast_usa/art/shapes/rocksJV/s_rocks_desert_low_tiny_lowc.dae","useInstanceRenderData":true}
{"class":"TSStatic","persistentId":"8a32df45-ee23-44ee-a0eb-265911d3cd4c","__parent":"CBF_funnel","position":[-550.024597,-3.27711511,100.738503],"decalType":"None","isRenderEnabled":false,"rotationMatrix":[-0.704316974,-0.69219178,0.157505512,0.698230684,-0.715526581,-0.0222589634,0.128106862,0.0942978263,0.987267196],"shapeName":"/levels/west_coast_usa/art/shapes/rocksJV/s_rocks_desert_low_tiny_lowc.dae","useInstanceRenderData":true}
{"class":"TSStatic","persistentId":"a6d874f8-8cfc-4594-b1ee-b0552e4b2be4","__parent":"CBF_funnel","position":[-547.813049,-9.07944965,100.7043],"decalType":"None","isRenderEnabled":false,"rotationMatrix":[0.770112038,-0.634830832,-0.0625894293,0.634822607,0.772328019,-0.0225773044,0.0626723394,-0.0223461203,0.997783959],"shapeName":"/levels/west_coast_usa/art/shapes/rocksJV/s_rocks_desert_low_tiny_lowc.dae","useInstanceRenderData":true}
{"class":"TSStatic","persistentId":"b1f91de2-7449-4d0c-a551-6275e97507ca","__parent":"CBF_funnel","position":[-559.953735,2.09546971,100.51548],"decalType":"None","isRenderEnabled":false,"rotationMatrix":[0.70495981,-0.709241688,0.00280149956,0.709247172,0.704955339,-0.00250498741,-0.00019829045,0.00375287118,0.999992967],"scale":[1.15844727,1.15844727,1.62818933],"shapeName":"/levels/west_coast_usa/art/shapes/rocksJV/s_rocks_desert_low_tiny_lowc.dae","useInstanceRenderData":true}
{"class":"TSStatic","persistentId":"64076ffd-865f-41f5-bea4-5f2e09d9a113","__parent":"CBF_funnel","position":[-643.832336,-47.6870651,100.578781],"isRenderEnabled":false,"rotationMatrix":[-0.779910445,0.625778496,0.0119018611,-0.625392377,-0.778387904,-0.0547476225,-0.0249956157,-0.0501415543,0.998429298],"scale":[0.438512713,0.438512713,0.500911713],"shapeName":"/levels/west_coast_usa/art/shapes/rocksJV/s_rocks_desert_low_tiny_lowc.dae","useInstanceRenderData":true}
