{"class":"TSStatic","persistentId":"e0eb5718-951d-4cbe-84d4-4a7e4c185cbb","__parent":"trail_016_rocks","position":[-1139.67859,-31.2895756,137.774872],"isRenderEnabled":false,"rotationMatrix":[0.88024652,-0.215554893,0.422731787,0.200078458,0.976404488,0.0812581629,-0.430272788,0.0130523108,0.90260458],"shapeName":"/levels/johnson_valley/art/shapes/rocks/s_rocks_desert_collection_03.dae","useInstanceRenderData":true}
{"class":"TSStatic","persistentId":"b2bc579a-3764-4e5e-9721-14b8d2c3f6de","__parent":"trail_016_rocks","position":[-1107.49487,-37.6552887,148.914047],"isRenderEnabled":false,"rotationMatrix":[0.388600647,0.915113449,0.107502595,-0.88198638,0.403196335,-0.243992984,-0.266625941,-2.23517418e-08,0.963800073],"shapeName":"/levels/johnson_valley/art/shapes/rocks/s_rocks_desert_collection_03.dae","useInstanceRenderData":true}
{"class":"TSStatic","persistentId":"5880d69b-49f4-48c9-b472-a8a345c323d9","__parent":"trail_016_rocks","position":[-1088.86877,-2.93974066,157.64325],"isRenderEnabled":false,"rotationMatrix":[0.987092078,0.0768180639,-0.140528306,7.4505806e-09,0.877458811,0.479652047,0.160153732,-0.473460734,0.866132617],"shapeName":"/levels/johnson_valley/art/shapes/rocks/s_rocks_desert_collection_03.dae","useInstanceRenderData":true}
{"class":"TSStatic","persistentId":"5bf3ae2a-2aa9-45bd-a196-110281a66b14","__parent":"trail_016_rocks","position":[-1086.29175,-16.5119095,156.66185],"isRenderEnabled":false,"rotationMatrix":[-0.162573695,0.785356104,-0.597315013,-0.979238927,-0.202708602,8.94069672e-08,-0.121080935,0.584914207,0.802006721],"shapeName":"/levels/johnson_valley/art/shapes/rocks/s_rocks_desert_low_small.dae","useInstanceRenderData":true}
{"class":"TSStatic","persistentId":"a0572686-e352-43f7-9cf9-3c5a266676ac","__parent":"trail_016_rocks","position":[-1080.00635,-15.1553841,156.585724],"isRenderEnabled":false,"rotationMatrix":[0.875930786,0.445548177,-0.185019195,-0.479878962,0.844104826,-0.239171967,0.0496129617,0.298284918,0.953186572],"shapeName":"/levels/johnson_valley/art/shapes/rocks/s_rocks_desert_low_tiny.dae","useInstanceRenderData":true}
{"class":"TSStatic","persistentId":"c431c7b2-504d-47d7-bfb2-a53b0212123b","__parent":"trail_016_rocks","position":[-1086.02051,-14.1862192,155.870148],"isRenderEnabled":false,"rotationMatrix":[0.1982885,-0.974133134,0.108381309,0.97551167,0.206878781,0.0746876523,-0.0951775089,0.0909175202,0.991299748],"shapeName":"/levels/johnson_valley/art/shapes/rocks/s_rocks_desert_low_tiny.dae","useInstanceRenderData":true}
{"class":"TSStatic","persistentId":"34e9cd8b-bda0-4796-87b9-4197052330f9","__parent":"trail_016_rocks","position":[-1080.80115,-0.308670998,157.800125],"isRenderEnabled":false,"rotationMatrix":[0.998375654,0.0188854523,-0.0537530445,0.00878944155,0.881115973,0.472818524,0.0562920608,-0.472522944,0.879518747],"shapeName":"/levels/johnson_valley/art/shapes/rocks/s_rocks_desert_collection_03.dae","useInstanceRenderData":true}
{"class":"TSStatic","persistentId":"8284d5c0-d2c3-43b9-a3da-fd36e516a51c","__parent":"trail_016_rocks","position":[-1071.55554,27.5085487,165.634415],"isRenderEnabled":false,"rotationMatrix":[0.829221249,0.550240338,0.0981205031,-0.55552727,0.830702364,0.0363739319,-0.0614945218,-0.084670648,0.994509578],"shapeName":"/levels/johnson_valley/art/shapes/rocks/s_rocks_desert_collection_03.dae","useInstanceRenderData":true}
{"class":"TSStatic","persistentId":"efefab70-bcf3-42b0-81d8-4a17839ca9bc","__parent":"trail_016_rocks","position":[-1059.50647,26.6457481,168.13472],"isRenderEnabled":false,"rotationMatrix":[0.930937409,1.86264515e-09,0.365178794,-0.0418871567,0.993399799,0.106781438,-0.362768561,-0.114703134,0.924793005],"shapeName":"/levels/johnson_valley/art/shapes/rocks/s_rocks_desert_collection_03.dae","useInstanceRenderData":true}
{"class":"TSStatic","persistentId":"2b18664f-05d0-4e0e-9c54-1c88dab8611d","__parent":"trail_016_rocks","position":[-1068.86792,3.87814784,159.059921],"isRenderEnabled":false,"rotationMatrix":[1,0,0,0,-0.918110251,-0.396324515,0,0.396324515,-0.918110251],"shapeName":"/levels/johnson_valley/art/shapes/rocks/s_rocks_desert_medium_03.dae","useInstanceRenderData":true}
{"class":"TSStatic","persistentId":"e8e3c229-7427-4ab9-8a28-71526f97880c","__parent":"trail_016_rocks","position":[-1064.92139,3.50568485,159.410934],"isRenderEnabled":false,"shapeName":"/levels/johnson_valley/art/shapes/rocks/s_rocks_desert_small_02.dae","useInstanceRenderData":true}
{"class":"TSStatic","persistentId":"63ea479c-c953-47b7-925a-9eedf56b33c0","__parent":"trail_016_rocks","position":[-1066.03992,1.09734678,158.332703],"isRenderEnabled":false,"rotationMatrix":[-0.194157362,0,0.980970204,0,1,0,-0.980970204,0,-0.194157362],"shapeName":"/levels/johnson_valley/art/shapes/rocks/s_rocks_desert_small_02.dae","useInstanceRenderData":true}
{"class":"TSStatic","persistentId":"8bde2a9b-8465-4eec-a282-857017ab8ab2","__parent":"trail_016_rocks","position":[-1066.72839,0.626730442,158.261551],"isRenderEnabled":false,"rotationMatrix":[1,0,0,0,0.0318354964,0.999493003,0,-0.999493003,0.0318354964],"shapeName":"/levels/johnson_valley/art/shapes/rocks/s_rocks_desert_small_02.dae","useInstanceRenderData":true}
{"class":"TSStatic","persistentId":"f354da7b-81b0-4218-ae2c-eb6d01975ea5","__parent":"trail_016_rocks","position":[-1066.29333,-0.019156456,158.070389],"isRenderEnabled":false,"shapeName":"/levels/johnson_valley/art/shapes/rocks/s_rocks_desert_small_05.dae","useInstanceRenderData":true}
{"class":"TSStatic","persistentId":"b90c0fc7-3f66-4ead-88a5-ed0af179c2a4","__parent":"trail_016_rocks","position":[-1065.87012,0.575399399,158.378922],"isRenderEnabled":false,"shapeName":"/levels/johnson_valley/art/shapes/rocks/s_rocks_desert_small_01.dae","useInstanceRenderData":true}
{"class":"TSStatic","persistentId":"d93a1943-dd16-455a-bd95-639614af54d2","__parent":"trail_016_rocks","position":[-1071.25098,-0.0600609779,158.050781],"isRenderEnabled":false,"rotationMatrix":[0.656134188,-0.754644215,0,0.754644215,0.656134188,0,0,0,1],"shapeName":"/levels/johnson_valley/art/shapes/rocks/s_rocks_desert_small_01.dae","useInstanceRenderData":true}
{"class":"TSStatic","persistentId":"4989af33-884f-46fc-bdfa-81162bf9d2ea","__parent":"trail_016_rocks","position":[-1065.25659,-0.509117603,158.209885],"isRenderEnabled":false,"rotationMatrix":[-0.975652575,-0.219321281,0,0.219321281,-0.975652575,0,0,0,1],"shapeName":"/levels/johnson_valley/art/shapes/rocks/s_rocks_desert_small_08.dae","useInstanceRenderData":true}
{"class":"TSStatic","persistentId":"023b4186-cee0-48ee-871f-fce20eaf56c1","__parent":"trail_016_rocks","position":[-1070.15942,-0.95839119,157.869522],"isRenderEnabled":false,"rotationMatrix":[1,0,0,0,-0.898485303,0.43900317,0,-0.43900317,-0.898485303],"shapeName":"/levels/johnson_valley/art/shapes/rocks/s_rocks_desert_small_03.dae","useInstanceRenderData":true}
{"class":"TSStatic","persistentId":"b8938b28-0e9b-48e6-9ca7-db8d7435d37c","__parent":"trail_016_rocks","position":[-960.200928,-6.33560753,191.954178],"isRenderEnabled":false,"rotationMatrix":[0.925682902,-0.377922267,0.0169089772,0.35462454,0.882446229,0.309079379,-0.131729245,-0.280113131,0.950885892],"scale":[1.31357431,1.31357431,1.31357431],"shapeName":"/levels/johnson_valley/art/shapes/rocks/s_rocks_desert_collection_03.dae","useInstanceRenderData":true}
{"class":"TSStatic","persistentId":"bc0bd513-f30e-4046-9e1c-fcdadd63b652","__parent":"trail_016_rocks","position":[-962.822266,-10.9660568,192.024246],"isRenderEnabled":false,"rotationMatrix":[1,0,0,0,-0.826633573,0.562740266,0,-0.562740266,-0.826633573],"shapeName":"/levels/johnson_valley/art/shapes/rocks/s_rocks_desert_large_06.dae","useInstanceRenderData":true}
{"class":"TSStatic","persistentId":"cce1a0b2-b084-46b1-9001-a37ae4ac533a","__parent":"trail_016_rocks","position":[-1145.81055,224.155594,125.192802],"isRenderEnabled":false,"rotationMatrix":[0.257782936,-0.965980411,-0.0207294002,-0.951017737,-0.257461667,0.171109796,-0.170625746,-0.024395138,-0.985033631],"shapeName":"/levels/johnson_valley/art/shapes/rocks/s_rocks_desert_large_06.dae","useInstanceRenderData":true}
{"class":"TSStatic","persistentId":"365b99c2-1e09-4718-ac40-3a7161a617b2","__parent":"trail_016_rocks","position":[-1151.5874,226.081055,125.376762],"isRenderEnabled":false,"rotationMatrix":[0.840554476,0,0.541726947,0,1,0,-0.541726947,0,0.840554476],"shapeName":"/levels/johnson_valley/art/shapes/rocks/s_rocks_desert_medium_03.dae","useInstanceRenderData":true}
{"class":"TSStatic","persistentId":"ac5c4df1-94e5-4f7a-96cd-74b3ffc33b73","__parent":"trail_016_rocks","position":[-1144.05225,219.206924,125.842957],"isRenderEnabled":false,"shapeName":"/levels/johnson_valley/art/shapes/rocks/s_rocks_desert_medium_01.dae","useInstanceRenderData":true}
{"class":"TSStatic","persistentId":"43113d1c-7bfd-4183-81a4-a0885a53b3bd","__parent":"trail_016_rocks","position":[-1149.32202,216.227753,126.654587],"isRenderEnabled":false,"shapeName":"/levels/johnson_valley/art/shapes/rocks/s_rocks_desert_small_03.dae","useInstanceRenderData":true}
{"class":"TSStatic","persistentId":"25ff9606-83d0-450d-9b9b-b73eb0d27fe6","__parent":"trail_016_rocks","position":[-1151.40784,217.914032,126.155434],"isRenderEnabled":false,"rotationMatrix":[1,0,0,0,0.999882996,-0.0152977388,0,0.0152977388,0.999882996],"shapeName":"/levels/johnson_valley/art/shapes/rocks/s_rocks_desert_collection_03.dae","useInstanceRenderData":true}
{"class":"TSStatic","persistentId":"51b9d192-9f82-45a1-933c-94b202f75b1c","__parent":"trail_016_rocks","position":[-1141.74268,222.047974,125.97467],"isRenderEnabled":false,"rotationMatrix":[0.994005978,0.0166617073,-0.108048521,-0.00554497354,0.994729757,0.102381408,0.109184928,-0.101168603,0.988859713],"shapeName":"/levels/johnson_valley/art/shapes/rocks/s_rocks_desert_collection_03.dae","useInstanceRenderData":true}
{"class":"TSStatic","persistentId":"52d9f71c-b7eb-42df-ac23-6df49b0ad308","__parent":"trail_016_rocks","position":[-1141.078,213.255676,125.30658],"isRenderEnabled":false,"rotationMatrix":[-0.915872812,-0.391311169,0.0897342712,-0.389446378,0.920258403,0.0381567031,-0.097509861,1.86264515e-09,-0.99523437],"shapeName":"/levels/johnson_valley/art/shapes/rocks/s_rocks_desert_large_06.dae","useInstanceRenderData":true}
{"class":"TSStatic","persistentId":"b635a032-4917-4b1e-a178-408dac112e20","__parent":"trail_016_rocks","position":[-1126.21545,192.452789,127.91658],"isRenderEnabled":false,"rotationMatrix":[-0.999999762,0,-3.2584137e-07,0,1,0,3.2584137e-07,0,-0.999999762],"shapeName":"/levels/johnson_valley/art/shapes/rocks/s_rocks_desert_medium_02.dae","useInstanceRenderData":true}
{"class":"TSStatic","persistentId":"efc67501-0674-4eaf-992c-7766b6b2888c","__parent":"trail_016_rocks","position":[-1124.57043,187.157593,129.118164],"isRenderEnabled":false,"rotationMatrix":[0.935288489,0.353886217,3.04755645e-07,0.353886217,-0.935288191,1.15310783e-07,3.25841313e-07,0,-0.999999762],"shapeName":"/levels/johnson_valley/art/shapes/rocks/s_rocks_desert_large_06.dae","useInstanceRenderData":true}
{"class":"TSStatic","persistentId":"d783e66b-f206-43f2-8e22-425b61ff81f1","__parent":"trail_016_rocks","position":[-1131.74524,195.809692,127.174881],"isRenderEnabled":false,"rotationMatrix":[-0.837541103,0.546374023,3.30729023e-07,0.546374023,0.837541282,-2.15752664e-07,-3.94880857e-07,7.10542736e-15,-0.999999881],"shapeName":"/levels/johnson_valley/art/shapes/rocks/s_rocks_desert_medium_02.dae","useInstanceRenderData":true}
{"class":"TSStatic","persistentId":"0d5d7048-4b8b-4dd9-bd36-58dba05a6c83","__parent":"trail_016_rocks","position":[-1122.8667,196.549225,128.537811],"isRenderEnabled":false,"rotationMatrix":[0.999964595,0.000626799418,0.00838870369,-2.91038305e-11,0.997220159,-0.0745117441,-0.00841208734,0.0745091066,0.997184873],"shapeName":"/levels/johnson_valley/art/shapes/rocks/s_rocks_desert_collection_03.dae","useInstanceRenderData":true}
{"class":"TSStatic","persistentId":"9b2934dc-c0ad-4743-bfc1-c3d1b2c44c9f","__parent":"trail_016_rocks","position":[-1111.979,197.474945,128.641266],"isRenderEnabled":false,"rotationMatrix":[0.157301009,0.987137139,-0.0285711437,-0.986704528,0.155903161,-0.0459138565,-0.0408689529,0.0354135744,0.998536706],"shapeName":"/levels/johnson_valley/art/shapes/rocks/s_rocks_desert_collection_03.dae","useInstanceRenderData":true}
{"class":"TSStatic","persistentId":"eadf6e15-0732-43d2-a645-5ad3b22fc573","__parent":"trail_016_rocks","position":[-1072.5426,96.7835388,147.479904],"isRenderEnabled":false,"rotationMatrix":[0.715933502,-0.643863022,0.26996246,0.587311566,0.764483154,0.265764475,-0.377497643,-0.0317176357,0.925467193],"shapeName":"/levels/johnson_valley/art/shapes/rocks/s_rocks_desert_collection_03.dae","useInstanceRenderData":true}
{"class":"TSStatic","persistentId":"be936aa0-974a-4feb-9f33-114c99194e4e","__parent":"trail_016_rocks","position":[-1067.04456,3.09500074,158.880112],"isRenderEnabled":false,"rotationMatrix":[0.185884416,-0.937914312,-0.292854846,0.982292354,0.170279026,0.0781470016,-0.0234281123,-0.30219537,0.952958107],"shapeName":"/levels/johnson_valley/art/shapes/rocks/s_rocks_desert_low_tiny.dae","useInstanceRenderData":true}
{"class":"TSStatic","persistentId":"f8b63bc4-3f59-4750-a204-b6624348c072","__parent":"trail_016_rocks","position":[-1070.04272,47.4810104,157.266891],"isRenderEnabled":false,"rotationMatrix":[-0.553456306,-0.773453236,0.308959961,-0.830719709,0.539325237,-0.137960225,-0.0599241108,-0.333014071,-0.94101572],"shapeName":"/levels/johnson_valley/art/shapes/rocks/s_rocks_desert_large_06.dae","useInstanceRenderData":true}
{"class":"TSStatic","persistentId":"10896ef6-2433-49e8-8e20-e9fd66e39fc3","__parent":"trail_016_rocks","position":[-1067.06653,47.7926064,157.225952],"isRenderEnabled":false,"rotationMatrix":[-0.731432199,0.637037992,-0.243289232,0.671595812,0.73478806,-0.0951080546,0.118178584,-0.232957095,-0.965279698],"shapeName":"/levels/johnson_valley/art/shapes/rocks/s_rocks_desert_large_06.dae","useInstanceRenderData":true}
{"class":"TSStatic","persistentId":"0955e59f-6d13-4cf6-a142-6dbcc66d4ccc","__parent":"trail_016_rocks","position":[-1067.85132,44.6506767,159.53331],"isRenderEnabled":false,"rotationMatrix":[0.998789489,0.0170599334,0.0461362153,-9.31322575e-10,0.937931061,-0.346821666,-0.049189344,0.346401811,0.936795712],"shapeName":"/levels/johnson_valley/art/shapes/rocks/s_rocks_desert_low_tiny.dae","useInstanceRenderData":true}
{"class":"TSStatic","persistentId":"a3b16cbd-3103-462c-907b-e48c25be105b","__parent":"trail_016_rocks","position":[-1072.42566,91.1704941,147.518188],"isRenderEnabled":false,"rotationMatrix":[0.887981117,0.459879875,0,-0.455073178,0.878699958,-0.144203961,-0.0663165078,0.128050387,0.989547968],"shapeName":"/levels/johnson_valley/art/shapes/rocks/s_rocks_desert_low_tiny.dae","useInstanceRenderData":true}
{"class":"TSStatic","persistentId":"775b4755-7503-4ce0-a9c6-27fe24593e26","__parent":"trail_016_rocks","position":[-1074.41321,94.3952255,145.737595],"isRenderEnabled":false,"rotationMatrix":[-0.993823409,-9.31322575e-10,-0.110974483,0.0142480452,0.991723716,-0.127597257,0.11005602,-0.128390297,-0.985598207],"shapeName":"/levels/johnson_valley/art/shapes/rocks/s_rocks_desert_large_06.dae","useInstanceRenderData":true}
{"class":"TSStatic","persistentId":"d55e6393-2bd2-49ac-a519-f52f35410df5","__parent":"trail_016_rocks","position":[-1080.51782,113.316269,143.461807],"isRenderEnabled":false,"rotationMatrix":[0.105685532,0.987136185,-0.119969353,-0.99340862,0.110193729,0.0315686166,0.0443823971,0.115842238,0.992275536],"shapeName":"/levels/johnson_valley/art/shapes/rocks/s_rocks_desert_low_tiny.dae","useInstanceRenderData":true}
{"class":"TSStatic","persistentId":"bc6bebc4-fec5-4d5c-8aef-3ae7fc6f00ce","__parent":"trail_016_rocks","position":[-1062.901,107.882599,151.280655],"isRenderEnabled":false,"rotationMatrix":[0.864339948,-7.4505806e-09,0.502907991,0.101702839,0.979338169,-0.174795002,-0.492516965,0.20222947,0.846481085],"shapeName":"/levels/johnson_valley/art/shapes/rocks/s_rocks_desert_low_flat_02.dae","useInstanceRenderData":true}
{"class":"TSStatic","persistentId":"b63562a9-f280-4e2d-b9e0-de2ebbdce82f","__parent":"trail_016_rocks","position":[-1059.14685,107.776405,151.971649],"isRenderEnabled":false,"rotationMatrix":[-0.927790046,0,-0.373102039,0,1,0,0.373102039,0,-0.927790046],"shapeName":"/levels/johnson_valley/art/shapes/rocks/s_rocks_desert_large_06.dae","useInstanceRenderData":true}
{"class":"TSStatic","persistentId":"67d9b822-4133-43cd-bf57-b5c6a4e82b2e","__parent":"trail_016_rocks","position":[-1059.61877,105.854248,152.411224],"isRenderEnabled":false,"rotationMatrix":[-0.913402796,0.0343635492,-0.405603558,0.132430166,0.967309356,-0.216275036,0.384912103,-0.2512604,-0.888093829],"shapeName":"/levels/johnson_valley/art/shapes/rocks/s_rocks_desert_medium_02.dae","useInstanceRenderData":true}
{"class":"TSStatic","persistentId":"c2686ed6-a87a-4182-8678-1e40c311dbd1","__parent":"trail_016_rocks","position":[-1057.36438,107.220703,153.108063],"isRenderEnabled":false,"rotationMatrix":[-0.267980695,0.958751798,-0.0947715938,0.906417489,0.28423661,0.312437296,0.326487362,-0.00217549503,-0.945199251],"shapeName":"/levels/johnson_valley/art/shapes/rocks/s_rocks_desert_medium_02.dae","useInstanceRenderData":true}
{"class":"TSStatic","persistentId":"547d601d-98d4-41de-bae2-1ec2f57412bb","__parent":"trail_016_rocks","position":[-1041.57153,121.583527,156.946671],"isRenderEnabled":false,"rotationMatrix":[0.958600044,-0.28244707,0.0361885279,0.284691602,0.947911382,-0.142880052,0.00605253596,0.147267401,0.989078224],"shapeName":"/levels/johnson_valley/art/shapes/rocks/s_rocks_desert_low_small.dae","useInstanceRenderData":true}
{"class":"TSStatic","persistentId":"975b1390-4a27-42be-8e1f-8eb4bac283af","__parent":"trail_016_rocks","position":[-1045.76489,120.728775,156.998611],"isRenderEnabled":false,"rotationMatrix":[0.972569048,-0.188975975,0.135637626,0.20108439,0.976149797,-0.0818327367,-0.116938218,0.10686259,0.987373173],"shapeName":"/levels/johnson_valley/art/shapes/rocks/s_rocks_desert_low_tiny.dae","useInstanceRenderData":true}
{"class":"TSStatic","persistentId":"012613fe-9f4d-43f5-9bb2-c29576bf3afc","__parent":"trail_016_rocks","position":[-1038.4353,119.835526,157.035645],"isRenderEnabled":false,"rotationMatrix":[0.956707656,-0.287564665,-0.0449114069,0.276725501,0.946539283,-0.165790081,0.0901857838,0.146184504,0.98513788],"shapeName":"/levels/johnson_valley/art/shapes/rocks/s_rocks_desert_low_tiny.dae","useInstanceRenderData":true}
{"class":"TSStatic","persistentId":"b195a116-24ae-4264-8af0-8f9eddabfcf1","__parent":"trail_016_rocks","position":[-1048.6543,109.849533,156.941254],"isRenderEnabled":false,"rotationMatrix":[0.235191166,-0.971027493,0.042319268,0.960833907,0.238847017,0.140536189,-0.146572307,0.00760891289,0.989170671],"shapeName":"/levels/johnson_valley/art/shapes/rocks/s_rocks_desert_low_tiny.dae","useInstanceRenderData":true}
{"class":"TSStatic","persistentId":"aa9be936-43d0-436a-bb9e-d3677df62ae2","__parent":"trail_016_rocks","position":[-1051.68713,110.522072,155.231598],"isRenderEnabled":false,"rotationMatrix":[0.511951864,0.859014034,0,-0.859014034,0.511951864,0,0,0,1],"shapeName":"/levels/johnson_valley/art/shapes/rocks/s_rocks_desert_large_03.dae","useInstanceRenderData":true}
{"class":"TSStatic","persistentId":"718d13e6-94cd-4096-828d-c287ca792c22","__parent":"trail_016_rocks","position":[-1076.69287,97.2718887,146.240005],"isRenderEnabled":false,"rotationMatrix":[0.571328521,-0.806239843,0.153495908,0.818336487,0.573864102,-0.0317068771,-0.0625224411,0.143726349,0.98764044],"shapeName":"/levels/johnson_valley/art/shapes/rocks/s_rocks_desert_low_tiny.dae","useInstanceRenderData":true}
{"class":"TSStatic","persistentId":"572b0e7b-063e-4c73-ba22-feb4a5fdcdd6","__parent":"trail_016_rocks","position":[-1080.78613,100.849045,145.472061],"isRenderEnabled":false,"rotationMatrix":[-0.646908045,0.730338037,-0.219353288,-0.755679667,-0.652545571,0.0559664965,-0.102263577,0.201966017,0.974038959],"shapeName":"/levels/johnson_valley/art/shapes/rocks/s_rocks_desert_low_flat_02.dae","useInstanceRenderData":true}
{"class":"TSStatic","persistentId":"23a91d29-f061-4994-bdfc-b54b86642320","__parent":"trail_016_rocks","position":[-1076.82422,99.2713394,144.886887],"isRenderEnabled":false,"rotationMatrix":[0.891243577,-0.438169241,0.117015183,-0.45337677,-0.867380619,0.205183327,0.0115916878,-0.23592028,-0.971703172],"shapeName":"/levels/johnson_valley/art/shapes/rocks/s_rocks_desert_large_06.dae","useInstanceRenderData":true}
{"class":"TSStatic","persistentId":"937a364b-d252-49cd-b710-b0c3b1e079ff","__parent":"trail_016_rocks","position":[-1083.67383,106.769218,143.718475],"isRenderEnabled":false,"rotationMatrix":[0.12103796,0.0152806342,0.992530286,0.938526154,0.323887348,-0.119438678,-0.323293149,0.945972323,0.0248613954],"shapeName":"/levels/johnson_valley/art/shapes/rocks/s_rocks_desert_medium_04.dae","useInstanceRenderData":true}
{"class":"TSStatic","persistentId":"d8f80da6-29c2-4859-aaaa-be51ec13078b","__parent":"trail_016_rocks","position":[-1082.67603,107.400856,143.372528],"isRenderEnabled":false,"rotationMatrix":[-0.0600905418,0.964045048,-0.258855522,0.998192906,0.0580348969,-0.0155829415,-1.49011612e-08,-0.259324133,-0.965790272],"shapeName":"/levels/johnson_valley/art/shapes/rocks/s_rocks_desert_medium_02.dae","useInstanceRenderData":true}
{"class":"TSStatic","persistentId":"3d05df32-cb60-4e16-aa96-c5bc61e56875","__parent":"trail_016_rocks","position":[-1065.82251,29.7989597,164.39653],"isRenderEnabled":false,"rotationMatrix":[-0.999999762,0,-3.25841313e-07,0,1,0,3.25841313e-07,0,-0.999999762],"shapeName":"/levels/johnson_valley/art/shapes/rocks/s_rocks_desert_large_06.dae","useInstanceRenderData":true}
{"class":"TSStatic","persistentId":"ff2486be-04c4-4edc-b82e-be7a4ef4f3ae","__parent":"trail_016_rocks","position":[-1067.78796,30.176815,164.39653],"isRenderEnabled":false,"rotationMatrix":[0.989192903,0.146619901,-3.25841398e-07,0.146619901,-0.989193082,-3.55271368e-15,-3.22320005e-07,-4.77748259e-08,-1.00000024],"shapeName":"/levels/johnson_valley/art/shapes/rocks/s_rocks_desert_large_06.dae","useInstanceRenderData":true}
{"class":"TSStatic","persistentId":"bd022d09-0136-4a84-8ad3-43457a1277a5","__parent":"trail_016_rocks","position":[-1068.099,27.1052208,164.39653],"isRenderEnabled":false,"rotationMatrix":[0.984048128,-0.177902535,-3.25841313e-07,-0.177902535,-0.98404789,0,-3.20643551e-07,5.7968002e-08,-0.999999762],"shapeName":"/levels/johnson_valley/art/shapes/rocks/s_rocks_desert_large_06.dae","useInstanceRenderData":true}
{"class":"TSStatic","persistentId":"453fda59-04b9-4ea7-b1d1-51a338e4320a","__parent":"trail_016_rocks","position":[-1066.23218,26.3837337,164.39653],"isRenderEnabled":false,"rotationMatrix":[-0.999497414,0.0316989236,-3.2584137e-07,0.0316989236,0.999497473,-3.55271368e-15,3.25677604e-07,-1.03288231e-08,-1],"shapeName":"/levels/johnson_valley/art/shapes/rocks/s_rocks_desert_large_06.dae","useInstanceRenderData":true}
{"class":"TSStatic","persistentId":"0576f5e6-6516-4acb-8ab8-3f9430679022","__parent":"trail_016_rocks","position":[-1066.23083,31.8106251,163.831421],"isRenderEnabled":false,"rotationMatrix":[0.290540874,0.851924956,-0.435671806,0.953942478,-0.293432713,0.0623788983,-0.0746981949,-0.43372947,-0.897941589],"shapeName":"/levels/johnson_valley/art/shapes/rocks/s_rocks_desert_large_06.dae","useInstanceRenderData":true}
{"class":"TSStatic","persistentId":"558bef15-6af1-4117-9439-b9701c707be2","__parent":"trail_016_rocks","position":[-1068.02393,31.7870731,164.936035],"isRenderEnabled":false,"rotationMatrix":[-0.999979258,0,-0.00641111936,0.00408588629,0.770605505,-0.637299299,0.00494044367,-0.637312412,-0.770589471],"shapeName":"/levels/johnson_valley/art/shapes/rocks/s_rocks_desert_small_01.dae","useInstanceRenderData":true}
{"class":"TSStatic","persistentId":"5ba04b19-f18a-41ec-9774-dc1040ce5abc","__parent":"trail_016_rocks","position":[-1063.76404,27.4311104,166.472824],"isRenderEnabled":false,"rotationMatrix":[-0.235109329,0,-0.97196877,0,1,0,0.97196877,0,-0.235109329],"shapeName":"/levels/johnson_valley/art/shapes/rocks/s_rocks_desert_large_06.dae","useInstanceRenderData":true}
{"class":"TSStatic","persistentId":"65dddaa0-d352-408e-bed2-150a4b78269b","__parent":"trail_016_rocks","position":[-1065.28833,28.0270405,165.181198],"isRenderEnabled":false,"rotationMatrix":[-0.773811698,-0.098082982,0.625775158,-0.0832282826,0.995117128,0.0530558079,-0.627923429,-0.0110269785,-0.778196573],"shapeName":"/levels/johnson_valley/art/shapes/rocks/s_rocks_desert_medium_02.dae","useInstanceRenderData":true}
{"class":"TSStatic","persistentId":"1e7ea398-92a9-470a-b436-ea5222a8e73b","__parent":"trail_016_rocks","position":[-1067.95996,23.5480671,163.874115],"isRenderEnabled":false,"rotationMatrix":[-0.102602363,0.973829508,0.202802658,0.994324684,0.106172681,-0.00677600503,-0.0281307921,0.200956449,-0.97919631],"shapeName":"/levels/johnson_valley/art/shapes/rocks/s_rocks_desert_large_06.dae","useInstanceRenderData":true}
{"class":"TSStatic","persistentId":"dda217c8-a147-483d-9fd8-9044620104bf","__parent":"trail_016_rocks","position":[-1062.4187,27.2226467,167.54509],"isRenderEnabled":false,"rotationMatrix":[-0.699149609,-0.0366152823,-0.714036882,0.237461478,-0.953888893,-0.183595866,-0.67438966,-0.297917277,0.675606251],"shapeName":"/levels/johnson_valley/art/shapes/rocks/s_rocks_desert_medium_04.dae","useInstanceRenderData":true}
{"class":"TSStatic","persistentId":"4dad7716-7f2d-45d3-9e8a-470f810adc6d","__parent":"trail_016_rocks","position":[-1064.89575,-6.14058924,158.607513],"isRenderEnabled":false,"rotationMatrix":[-0.913987994,0.405740619,0,-0.405740619,-0.913987994,0,0,0,1],"shapeName":"/levels/johnson_valley/art/shapes/rocks/s_rocks_desert_large_05.dae","useInstanceRenderData":true}
{"class":"TSStatic","persistentId":"5ffdfc24-90fd-44c0-b03a-f4d2ff18faad","__parent":"trail_016_rocks","position":[-1062.76758,-6.68283558,158.654785],"isRenderEnabled":false,"rotationMatrix":[0.981776178,-0.190040886,0,0.190040886,0.981776178,0,0,0,1],"shapeName":"/levels/johnson_valley/art/shapes/rocks/s_rocks_desert_large_05.dae","useInstanceRenderData":true}
{"class":"TSStatic","persistentId":"7bdd235e-a73d-4b38-9658-83bcacb588ac","__parent":"trail_016_rocks","position":[-1064.34326,-9.2841444,157.703262],"isRenderEnabled":false,"rotationMatrix":[0.975393355,-0.0420109592,0.216432258,-0.00737401471,0.974911809,0.22246933,-0.220348522,-0.218591064,0.950612664],"shapeName":"/levels/johnson_valley/art/shapes/rocks/s_rocks_desert_collection_03.dae","useInstanceRenderData":true}
{"class":"TSStatic","persistentId":"a917ff2e-d605-4a11-a485-9e39e2823cda","__parent":"trail_016_rocks","position":[-1064.68311,-3.34635448,157.773819],"isRenderEnabled":false,"rotationMatrix":[0.995269537,0,0.0971523598,-0.00944026839,0.995267808,0.0967100635,-0.0966926143,-0.0971697196,0.990559757],"shapeName":"/levels/johnson_valley/art/shapes/rocks/s_rocks_desert_collection_03.dae","useInstanceRenderData":true}
{"class":"TSStatic","persistentId":"9d1d9fc6-f031-4368-867f-e25386d81d54","__parent":"trail_016_rocks","position":[-1072.95886,2.15454435,159.241913],"isRenderEnabled":false,"rotationMatrix":[0.938455701,-0.345399618,0,0.345399618,0.938455701,0,0,0,1],"shapeName":"/levels/johnson_valley/art/shapes/rocks/s_rocks_desert_large_03.dae","useInstanceRenderData":true}
{"class":"TSStatic","persistentId":"af743447-e052-4c36-98bd-082191d77af7","__parent":"trail_016_rocks","position":[-1071.25134,3.95876694,159.241913],"isRenderEnabled":false,"rotationMatrix":[-0.038254261,0.999267936,0,-0.999267936,-0.038254261,0,0,0,1],"shapeName":"/levels/johnson_valley/art/shapes/rocks/s_rocks_desert_large_03.dae","useInstanceRenderData":true}
{"class":"TSStatic","persistentId":"a7751b5a-ce40-4498-85e8-d7d1c08fb91a","__parent":"trail_016_rocks","position":[-1072.60144,0.233014107,157.912109],"isRenderEnabled":false,"shapeName":"/levels/johnson_valley/art/shapes/rocks/s_rocks_desert_small_02.dae","useInstanceRenderData":true}
{"class":"TSStatic","persistentId":"f89ec7d0-b8d2-425f-83f3-6bdaefa5691e","__parent":"trail_016_rocks","position":[-1071.04968,0.738127708,158.196228],"isRenderEnabled":false,"rotationMatrix":[1,0,0,0,-0.627643585,-0.778500676,0,0.778500676,-0.627643585],"shapeName":"/levels/johnson_valley/art/shapes/rocks/s_rocks_desert_small_01.dae","useInstanceRenderData":true}
{"class":"TSStatic","persistentId":"da6dae4e-ad26-422a-97cb-6b43f46bc9b5","__parent":"trail_016_rocks","position":[-1069.30823,11.9754972,161.141006],"isRenderEnabled":false,"rotationMatrix":[0.146549523,-0.989198387,0.00315360911,-0.988969386,-0.146583438,-0.0212817118,0.021514101,1.86264515e-09,-0.999768496],"shapeName":"/levels/johnson_valley/art/shapes/rocks/s_rocks_desert_medium_02.dae","useInstanceRenderData":true}
{"class":"TSStatic","persistentId":"4f5433a6-6423-4601-afea-99c32f241496","__parent":"trail_016_rocks","position":[-1067.61865,11.606164,161.177338],"isRenderEnabled":false,"rotationMatrix":[0.0307324529,0.999527335,0.000661333092,0.99929595,-0.0307394266,0.0215039328,0.0215140991,9.31322575e-10,-0.999768376],"shapeName":"/levels/johnson_valley/art/shapes/rocks/s_rocks_desert_medium_02.dae","useInstanceRenderData":true}
{"class":"TSStatic","persistentId":"741ee78f-dd2c-4e12-b182-be8e4ebc9fe5","__parent":"trail_016_rocks","position":[-1065.7489,10.7466755,161.217606],"isRenderEnabled":false,"rotationMatrix":[-0.231918454,-0.972722232,-0.00499067549,-0.972497046,0.231972516,-0.0209272429,0.0215140954,0,-0.999768138],"shapeName":"/levels/johnson_valley/art/shapes/rocks/s_rocks_desert_medium_02.dae","useInstanceRenderData":true}
{"class":"TSStatic","persistentId":"9e5af552-fe63-4130-b7d5-34b788bb6b91","__parent":"trail_016_rocks","position":[-1064.11963,8.97668171,160.497253],"isRenderEnabled":false,"rotationMatrix":[-0.26711154,0.941796303,0.204134852,-0.938086867,-0.302602649,0.168595672,0.22055456,-0.146462381,0.964315534],"shapeName":"/levels/johnson_valley/art/shapes/rocks/s_rocks_desert_large_05.dae","useInstanceRenderData":true}
{"class":"TSStatic","persistentId":"6a84412f-7f69-4216-8fee-5c86828fc991","__parent":"trail_016_rocks","position":[-1073.03882,11.0692606,161.709335],"isRenderEnabled":false,"rotationMatrix":[1,0,0,0,0.962541938,0.271132886,0,-0.271132886,0.962541938],"shapeName":"/levels/johnson_valley/art/shapes/rocks/s_rocks_desert_low_flat_01.dae","useInstanceRenderData":true}
{"class":"TSStatic","persistentId":"bd82e836-942a-41c2-b1e2-83c918064e92","__parent":"trail_016_rocks","position":[-1067.46582,13.9003878,162.528442],"isRenderEnabled":false,"rotationMatrix":[-0.815238595,-0.557432175,-0.157019854,0.578114867,-0.799340129,-0.163824022,-0.0341915041,-0.2243312,0.973912954],"shapeName":"/levels/johnson_valley/art/shapes/rocks/s_rocks_desert_low_flat_01.dae","useInstanceRenderData":true}
{"class":"TSStatic","persistentId":"7829129b-1b90-4d40-a76b-ef77fb70794b","__parent":"trail_016_rocks","position":[-1063.96252,14.9358349,163.533585],"isRenderEnabled":false,"rotationMatrix":[0.962562919,-0.0477176756,0.26682505,-0.0134560838,0.974756896,0.222863078,-0.270724088,-0.218110144,0.937622726],"shapeName":"/levels/johnson_valley/art/shapes/rocks/s_rocks_desert_collection_01.dae","useInstanceRenderData":true}
{"class":"TSStatic","persistentId":"492eb69b-b4ff-493d-95bf-37973af94923","__parent":"trail_016_rocks","position":[-1072.38586,15.9047489,162.706024],"isRenderEnabled":false,"rotationMatrix":[0.999544382,0.0113900704,-0.0279512163,-1.86264515e-09,0.926063001,0.377368897,0.0301828478,-0.377196938,0.92564106],"shapeName":"/levels/johnson_valley/art/shapes/rocks/s_rocks_desert_collection_03.dae","useInstanceRenderData":true}
{"class":"TSStatic","persistentId":"83596b0b-5dfe-4981-afee-acbe5c6fb218","__parent":"trail_016_rocks","position":[-1056.89673,-58.5685997,157.215149],"isRenderEnabled":false,"rotationMatrix":[-0.924906135,0.380195975,1.23883581e-07,0.380195975,0.924905956,3.01372637e-07,7.10542736e-15,3.25841398e-07,-1.00000024],"shapeName":"/levels/johnson_valley/art/shapes/rocks/s_rocks_desert_large_06.dae","useInstanceRenderData":true}
{"class":"TSStatic","persistentId":"b20ab6f4-be5a-4f27-b711-bd54e5db726f","__parent":"trail_016_rocks","position":[-1058.40894,-59.0710678,157.227478],"isRenderEnabled":false,"rotationMatrix":[0.307285786,0.951314569,-0.0240033437,0.948927283,-0.308215022,-0.067383945,-0.0715015158,-0.00207129493,-0.997438431],"shapeName":"/levels/johnson_valley/art/shapes/rocks/s_rocks_desert_large_06.dae","useInstanceRenderData":true}
{"class":"TSStatic","persistentId":"40de2aae-241e-43be-af39-fb57f2304a03","__parent":"trail_016_rocks","position":[-1050.66003,-58.7094231,158.184952],"isRenderEnabled":false,"shapeName":"/levels/johnson_valley/art/shapes/rocks/s_rocks_desert_large_02.dae","useInstanceRenderData":true}
{"class":"TSStatic","persistentId":"60ccdda7-020a-4676-9368-3022243ad47b","__parent":"trail_016_rocks","position":[-1052.30627,-56.0568695,158.952164],"isRenderEnabled":false,"rotationMatrix":[0.296329975,-0.955085635,0,0.955085635,0.296329975,0,0,0,1],"shapeName":"/levels/johnson_valley/art/shapes/rocks/s_rocks_desert_large_03.dae","useInstanceRenderData":true}
{"class":"TSStatic","persistentId":"5f51b05b-af8e-4013-98dd-ba6098f2ead5","__parent":"trail_016_rocks","position":[-1048.12622,-58.8963699,158.703888],"isRenderEnabled":false,"shapeName":"/levels/johnson_valley/art/shapes/rocks/s_rocks_desert_large_05.dae","useInstanceRenderData":true}
{"class":"TSStatic","persistentId":"8c1c19e2-442f-4486-9b36-debcce1aa163","__parent":"trail_016_rocks","position":[-1036.50647,-82.6354599,158.058441],"isRenderEnabled":false,"rotationMatrix":[-0.263900161,0.404221416,-0.875763297,-0.8613832,-0.50731945,0.0254062414,-0.434022188,0.761072636,0.482071579],"shapeName":"/levels/johnson_valley/art/shapes/rocks/s_rocks_desert_large_06.dae","useInstanceRenderData":true}
{"class":"TSStatic","persistentId":"db28e5c5-0c6a-45d3-9285-9aff6ec650d8","__parent":"trail_016_rocks","position":[-1037.99121,-86.1083374,158.029449],"isRenderEnabled":false,"rotationMatrix":[-0.475277424,-0.879835904,-1.54865063e-07,-0.879835904,0.475277543,-2.86686969e-07,3.2584137e-07,0,-0.999999881],"shapeName":"/levels/johnson_valley/art/shapes/rocks/s_rocks_desert_large_06.dae","useInstanceRenderData":true}
{"class":"TSStatic","persistentId":"dc429eb9-b243-4bfc-a8a6-ba0e961767c1","__parent":"trail_016_rocks","position":[-1027.67688,-85.8155823,160.886719],"isRenderEnabled":false,"rotationMatrix":[-0.742304921,0.666625619,-0.0677746087,-0.551573515,-0.665338755,-0.503081083,-0.380459845,-0.336056978,0.86157763],"shapeName":"/levels/johnson_valley/art/shapes/rocks/s_rocks_desert_huge_sheet_3.dae","useInstanceRenderData":true}
{"class":"TSStatic","persistentId":"0fc3a4e5-71bc-4f9b-ac1d-0188bdcc1c36","__parent":"trail_016_rocks","position":[-1021.2655,-88.8627014,161.0896],"isRenderEnabled":false,"rotationMatrix":[0.318929434,0.80550915,0.499438941,-0.910469949,0.406780183,-0.0746627748,-0.263303459,-0.430911928,0.863125861],"shapeName":"/levels/johnson_valley/art/shapes/rocks/s_rocks_desert_huge_sheet_2.dae","useInstanceRenderData":true}
{"class":"TSStatic","persistentId":"c5858fc3-db32-44c9-9d89-bd567f8992ba","__parent":"trail_016_rocks","position":[-1031.91125,-90.4690704,159.806702],"isRenderEnabled":false,"rotationMatrix":[0.788847029,0.59627068,-0.148934916,-0.612410188,0.783009946,-0.108853593,0.0517113023,0.177078113,0.982837379],"shapeName":"/levels/johnson_valley/art/shapes/rocks/s_rocks_desert_low_tiny.dae","useInstanceRenderData":true}
{"class":"TSStatic","persistentId":"021e1657-b93c-4486-9696-27e01322a6ef","__parent":"trail_016_rocks","position":[-1044.72546,-80.514946,155.892502],"isRenderEnabled":false,"rotationMatrix":[0.869364142,0.493503839,0.0256887563,-0.476325363,0.850678802,-0.222395465,-0.131605908,0.181106433,0.974618077],"shapeName":"/levels/johnson_valley/art/shapes/rocks/s_rocks_desert_low_tiny.dae","useInstanceRenderData":true}
{"class":"TSStatic","persistentId":"5e1057b8-49e3-4248-b946-4f79cf52be4f","__parent":"trail_016_rocks","position":[-1055.00098,-46.5001984,159.472931],"isRenderEnabled":false,"rotationMatrix":[0.976862133,0.209774211,0.0416557267,-0.205268487,0.974299967,-0.0927603543,-0.0600439012,0.0820634663,0.99481672],"shapeName":"/levels/johnson_valley/art/shapes/rocks/s_rocks_desert_low_tiny.dae","useInstanceRenderData":true}
{"class":"TSStatic","persistentId":"8cfde3b8-4db4-40c0-a585-f2806baa9a60","__parent":"trail_016_rocks","position":[-1057.39062,-47.0067978,159.475143],"isRenderEnabled":false,"rotationMatrix":[-0.972749233,-0.198703885,0.119478822,0.2102575,-0.973178864,0.0933506563,0.0977251381,0.115928121,0.988438368],"shapeName":"/levels/johnson_valley/art/shapes/rocks/s_rocks_desert_low_tiny.dae","useInstanceRenderData":true}
{"class":"TSStatic","persistentId":"77644b6b-5287-4b02-a78d-51a45d5bece8","__parent":"trail_016_rocks","position":[-1057.5199,-38.5084991,159.053787],"isRenderEnabled":false,"rotationMatrix":[0.428305507,0.901597619,-0.0606325939,-0.903590441,0.426660538,-0.0385379307,-0.00887615979,0.0712930411,0.9974159],"shapeName":"/levels/johnson_valley/art/shapes/rocks/s_rocks_desert_low_tiny.dae","useInstanceRenderData":true}
{"class":"TSStatic","persistentId":"4926190a-1719-44d3-ba2a-09345d0adb56","__parent":"trail_016_rocks","position":[-1066.43872,-14.9124832,156.985626],"isRenderEnabled":false,"rotationMatrix":[0.992722154,0.0255476031,0.117686205,-0.0280891191,0.999405563,0.0199876782,-0.117105611,-0.0231479127,0.992849648],"shapeName":"/levels/johnson_valley/art/shapes/rocks/s_rocks_desert_low_small.dae","useInstanceRenderData":true}
{"class":"TSStatic","persistentId":"6b5cef27-7656-4249-92e2-2553a1936682","__parent":"trail_016_rocks","position":[-1071.75146,-14.7469244,156.70668],"isRenderEnabled":false,"rotationMatrix":[-0.999590874,-0.0279764943,-0.00590788247,0.0274713337,-0.996954322,0.0729860887,-0.00793178566,0.0727939531,0.997315466],"shapeName":"/levels/johnson_valley/art/shapes/rocks/s_rocks_desert_low_small.dae","useInstanceRenderData":true}
{"class":"TSStatic","persistentId":"a9fb245a-7e83-4307-889f-e465160ec443","__parent":"trail_016_rocks","position":[-1070.27905,-9.35328865,156.608398],"isRenderEnabled":false,"rotationMatrix":[-0.15483439,-0.987706184,-0.0215155929,0.9815768,-0.156268477,0.109942295,-0.111952886,-0.00409636647,0.993705094],"shapeName":"/levels/johnson_valley/art/shapes/rocks/s_rocks_desert_low_tiny.dae","useInstanceRenderData":true}
{"class":"TSStatic","persistentId":"003232bf-29bc-400b-9906-a83f8f85239d","__parent":"trail_016_rocks","position":[-1067.58948,-19.8527679,157.250015],"isRenderEnabled":false,"rotationMatrix":[0.607213974,-0.785065711,0.122323081,0.794485509,0.601709247,-0.0820896477,-0.00915714726,0.147029907,0.989089668],"shapeName":"/levels/johnson_valley/art/shapes/rocks/s_rocks_desert_low_tiny.dae","useInstanceRenderData":true}
{"class":"TSStatic","persistentId":"69ab39b7-d7ac-4ab7-a8b6-fafa0faf1c46","__parent":"trail_016_rocks","position":[-1067.75769,9.37602806,160.99585],"isRenderEnabled":false,"rotationMatrix":[0.205132484,0.859168231,0.468775332,-0.972358167,0.233481228,-0.00242631137,-0.111534789,-0.455319881,0.883314073],"shapeName":"/levels/johnson_valley/art/shapes/rocks/s_rocks_desert_low_tiny.dae","useInstanceRenderData":true}
{"class":"TSStatic","persistentId":"a0fe7605-e63e-4cf6-8d7c-fd18eddde6b2","__parent":"trail_016_rocks","position":[-1068.79419,-1.68936253,157.466949],"isRenderEnabled":false,"rotationMatrix":[0.749846935,-0.658065557,-0.0684054494,0.658768058,0.733047962,0.169308305,-0.0612715073,-0.172018617,0.983186364],"shapeName":"/levels/johnson_valley/art/shapes/rocks/s_rocks_desert_low_tiny.dae","useInstanceRenderData":true}
