{"class":"TSStatic","persistentId":"feeb87a3-edc0-442c-8add-23154da66566","__parent":"event_city_props","position":[-1185.22571,272.284698,120.877586],"annotation":"OBSTACLES","isRenderEnabled":false,"rotationMatrix":[-0.776178598,0.630512774,0,-0.630512774,-0.776178598,0,0,0,1],"shapeName":"/levels/johnson_valley/art/shapes/building/s_floorjack.dae","useInstanceRenderData":true}
{"class":"TSStatic","persistentId":"a30c288c-dfb8-4c9b-8ff2-c310e8f709ae","__parent":"event_city_props","position":[-1186.72498,272.654541,120.877594],"annotation":"OBSTACLES","isRenderEnabled":false,"rotationMatrix":[0.606587768,0.795016468,0,-0.795016468,0.606587768,0,0,0,1],"scale":[1.5363282,1.5363282,1.5363282],"shapeName":"/art/shapes/garage_and_dealership/garage/s_office_bench.dae","useInstanceRenderData":true}
{"class":"TSStatic","persistentId":"67e804de-8527-4366-8e90-b8b865bad913","__parent":"event_city_props","position":[1369.71741,1379.39551,119.687553],"annotation":"OBSTACLES","isRenderEnabled":false,"rotationMatrix":[0.983470201,0.181069985,0,-0.181069985,0.983470201,0,0,0,1],"shapeName":"/levels/johnson_valley/art/shapes/misc/ind_mesh_fence_gate_3m.dae","useInstanceRenderData":true}
{"class":"TSStatic","persistentId":"688cbbe5-b507-4adc-b067-3c1c40099517","__parent":"event_city_props","position":[1372.66394,1379.93384,119.687553],"annotation":"OBSTACLES","isRenderEnabled":false,"rotationMatrix":[0.983470201,0.181069985,0,-0.181069985,0.983470201,0,0,0,1],"shapeName":"/levels/johnson_valley/art/shapes/misc/ind_mesh_fence_gate_3m.dae","useInstanceRenderData":true}
{"class":"TSStatic","persistentId":"4524270f-f43f-4810-8de7-e3be5e7cd284","__parent":"event_city_props","position":[1375.59998,1380.4707,119.687553],"annotation":"OBSTACLES","isRenderEnabled":false,"rotationMatrix":[0.991312325,0.131529182,0,-0.131529182,0.991312325,0,0,0,1],"shapeName":"/levels/johnson_valley/art/shapes/misc/ind_mesh_fence_gate_3m.dae","useInstanceRenderData":true}
{"class":"TSStatic","persistentId":"f54089d6-e6f5-4643-9263-96736d794c26","__parent":"event_city_props","position":[1378.56116,1380.86182,119.687553],"annotation":"OBSTACLES","isRenderEnabled":false,"rotationMatrix":[0.991312325,0.131529182,0,-0.131529182,0.991312325,0,0,0,1],"shapeName":"/levels/johnson_valley/art/shapes/misc/ind_mesh_fence_gate_3m.dae","useInstanceRenderData":true}
{"class":"TSStatic","persistentId":"754e72a2-d65b-4845-a15d-176e720575eb","__parent":"event_city_props","position":[1384.4823,1381.64075,119.687553],"annotation":"OBSTACLES","isRenderEnabled":false,"rotationMatrix":[0.998058081,0.0622903667,0,-0.0622903667,0.998058081,0,0,0,1],"shapeName":"/levels/johnson_valley/art/shapes/misc/ind_mesh_fence_gate_3m.dae","useInstanceRenderData":true}
{"class":"TSStatic","persistentId":"f2eab0f7-d724-4113-9fdf-2c03df2c5ad6","__parent":"event_city_props","position":[1381.52112,1381.24963,119.687553],"annotation":"OBSTACLES","isRenderEnabled":false,"rotationMatrix":[0.991312325,0.131529182,0,-0.131529182,0.991312325,0,0,0,1],"shapeName":"/levels/johnson_valley/art/shapes/misc/ind_mesh_fence_gate_3m.dae","useInstanceRenderData":true}
{"class":"TSStatic","persistentId":"2277508e-6434-48e6-81ac-194807f1a1a6","__parent":"event_city_props","position":[1387.46729,1381.82068,119.687553],"annotation":"OBSTACLES","isRenderEnabled":false,"rotationMatrix":[0.998058081,0.0622903667,0,-0.0622903667,0.998058081,0,0,0,1],"shapeName":"/levels/johnson_valley/art/shapes/misc/ind_mesh_fence_gate_3m.dae","useInstanceRenderData":true}
{"class":"TSStatic","persistentId":"4c3de043-e7b3-461d-8658-7b8dfcd9b9e0","__parent":"event_city_props","position":[1390.44397,1382.00684,119.687553],"annotation":"OBSTACLES","isRenderEnabled":false,"rotationMatrix":[0.999597311,0.0283752866,0,-0.0283752866,0.999597311,0,0,0,1],"shapeName":"/levels/johnson_valley/art/shapes/misc/ind_mesh_fence_gate_3m.dae","useInstanceRenderData":true}
{"class":"TSStatic","persistentId":"39cc2e4b-b3d5-47e4-b556-35ee1f22bf47","__parent":"event_city_props","position":[1393.42847,1382.09143,119.687553],"annotation":"OBSTACLES","isRenderEnabled":false,"rotationMatrix":[0.989482284,0.144654214,0,-0.144654214,0.989482284,0,0,0,1],"shapeName":"/levels/johnson_valley/art/shapes/misc/ind_mesh_fence_gate_3m.dae","useInstanceRenderData":true}
{"class":"TSStatic","persistentId":"29749b67-2ec5-4068-969f-652dc6e628d8","__parent":"event_city_props","position":[1396.38635,1382.52747,119.687553],"annotation":"OBSTACLES","isRenderEnabled":false,"rotationMatrix":[0.94422698,0.329295307,0,-0.329295307,0.94422698,0,0,0,1],"shapeName":"/levels/johnson_valley/art/shapes/misc/ind_mesh_fence_gate_3m.dae","useInstanceRenderData":true}
{"class":"TSStatic","persistentId":"04732e42-5e3b-4911-ad74-1e3e03ead626","__parent":"event_city_props","position":[1399.21045,1383.51099,119.687553],"annotation":"OBSTACLES","isRenderEnabled":false,"rotationMatrix":[0.797093868,0.603855371,0,-0.603855371,0.797093868,0,0,0,1],"shapeName":"/levels/johnson_valley/art/shapes/misc/ind_mesh_fence_gate_3m.dae","useInstanceRenderData":true}
{"class":"TSStatic","persistentId":"02351dd9-681d-4723-9638-9908bedfd64f","__parent":"event_city_props","position":[1360.5448,1333.28259,119.669273],"annotation":"OBSTACLES","isRenderEnabled":false,"rotationMatrix":[-0.928773522,0.370647609,0,-0.370647609,-0.928773522,0,0,0,1],"shapeName":"/levels/johnson_valley/art/shapes/misc/ind_mesh_fence_gate_3m.dae","useInstanceRenderData":true}
{"class":"TSStatic","persistentId":"4e4e611f-56f5-413a-a503-18a5273d18ab","__parent":"event_city_props","position":[1355.36865,1336.15051,119.669273],"annotation":"OBSTACLES","isRenderEnabled":false,"rotationMatrix":[-0.441329479,0.897345066,0,-0.897345066,-0.441329479,0,0,0,1],"shapeName":"/levels/johnson_valley/art/shapes/misc/ind_mesh_fence_gate_3m.dae","useInstanceRenderData":true}
{"class":"TSStatic","persistentId":"172ebddc-17b8-45a4-bb4e-30613a717846","__parent":"event_city_props","position":[1357.77527,1334.3877,119.669273],"annotation":"OBSTACLES","isRenderEnabled":false,"rotationMatrix":[-0.807634592,0.589682996,0,-0.589682996,-0.807634592,0,0,0,1],"shapeName":"/levels/johnson_valley/art/shapes/misc/ind_mesh_fence_gate_3m.dae","useInstanceRenderData":true}
{"class":"TSStatic","persistentId":"e357f492-4df0-4987-99d9-18a1f5dbfec0","__parent":"event_city_props","position":[1354.05164,1338.83008,119.669273],"annotation":"OBSTACLES","isRenderEnabled":false,"rotationMatrix":[-0.152856112,0.988248289,0,-0.988248289,-0.152856112,0,0,0,1],"shapeName":"/levels/johnson_valley/art/shapes/misc/ind_mesh_fence_gate_3m.dae","useInstanceRenderData":true}
{"class":"TSStatic","persistentId":"87e8956d-f33a-4797-a4ec-643e7c1468dd","__parent":"event_city_props","position":[1353.59888,1341.77979,119.669273],"annotation":"OBSTACLES","isRenderEnabled":false,"rotationMatrix":[-0.11209631,0.993697166,0,-0.993697166,-0.11209631,0,0,0,1],"shapeName":"/levels/johnson_valley/art/shapes/misc/ind_mesh_fence_gate_3m.dae","useInstanceRenderData":true}
{"class":"TSStatic","persistentId":"a70c6d1f-ee74-4434-bf10-9a43f31847ce","__parent":"event_city_props","position":[1353.26794,1344.74255,119.669273],"annotation":"OBSTACLES","isRenderEnabled":false,"rotationMatrix":[-0.0246498585,0.999696314,0,-0.999696314,-0.0246498585,0,0,0,1],"shapeName":"/levels/johnson_valley/art/shapes/misc/ind_mesh_fence_gate_3m.dae","useInstanceRenderData":true}
{"class":"TSStatic","persistentId":"d9d11de4-def4-447d-a855-abe23329a246","__parent":"event_city_props","position":[1353.20142,1347.72424,119.669273],"annotation":"OBSTACLES","isRenderEnabled":false,"rotationMatrix":[-0.0318881273,0.999491751,0,-0.999491751,-0.0318881273,0,0,0,1],"shapeName":"/levels/johnson_valley/art/shapes/misc/ind_mesh_fence_gate_3m.dae","useInstanceRenderData":true}
{"class":"TSStatic","persistentId":"2979c064-1c80-430c-ae44-41cbb31b9e99","__parent":"event_city_props","position":[1353.10974,1350.70715,119.669273],"annotation":"OBSTACLES","isRenderEnabled":false,"rotationMatrix":[0.00923186541,0.999957263,0,-0.999957263,0.00923186541,0,0,0,1],"shapeName":"/levels/johnson_valley/art/shapes/misc/ind_mesh_fence_gate_3m.dae","useInstanceRenderData":true}
{"class":"TSStatic","persistentId":"e9421592-07c9-4c8f-a6d0-528de405a159","__parent":"event_city_props","position":[1353.14062,1353.68811,119.669273],"annotation":"OBSTACLES","isRenderEnabled":false,"rotationMatrix":[0.143344223,0.98967284,0,-0.98967284,0.143344223,0,0,0,1],"shapeName":"/levels/johnson_valley/art/shapes/misc/ind_mesh_fence_gate_3m.dae","useInstanceRenderData":true}
{"class":"TSStatic","persistentId":"92142448-56ea-4d71-a308-276cf5be27f9","__parent":"event_city_props","position":[1353.58032,1356.64539,119.669273],"annotation":"OBSTACLES","isRenderEnabled":false,"rotationMatrix":[0.52910316,0.848557472,0,-0.848557472,0.52910316,0,0,0,1],"shapeName":"/levels/johnson_valley/art/shapes/misc/ind_mesh_fence_gate_3m.dae","useInstanceRenderData":true}
{"class":"TSStatic","persistentId":"5ffc4d92-30ea-4413-b177-612396073831","__parent":"event_city_props","position":[1355.16003,1359.18542,119.669273],"annotation":"OBSTACLES","isRenderEnabled":false,"rotationMatrix":[0.412492275,0.910961032,0,-0.910961032,0.412492275,0,0,0,1],"shapeName":"/levels/johnson_valley/art/shapes/misc/ind_mesh_fence_gate_3m.dae","useInstanceRenderData":true}
{"class":"TSStatic","persistentId":"313ae83b-5d8d-4ebc-9cb2-98a66a3a5c34","__parent":"event_city_props","position":[1356.39343,1361.89392,119.669273],"annotation":"OBSTACLES","isRenderEnabled":false,"rotationMatrix":[0.16674906,0.985999227,0,-0.985999227,0.16674906,0,0,0,1],"shapeName":"/levels/johnson_valley/art/shapes/misc/ind_mesh_fence_gate_3m.dae","useInstanceRenderData":true}
{"class":"TSStatic","persistentId":"8ee00dfa-e82a-4ee3-a7bc-79467758d5fa","__parent":"event_city_props","position":[1356.89465,1364.83447,119.669273],"annotation":"OBSTACLES","isRenderEnabled":false,"rotationMatrix":[-0.278620481,0.960401595,0,-0.960401595,-0.278620481,0,0,0,1],"shapeName":"/levels/johnson_valley/art/shapes/misc/ind_mesh_fence_gate_3m.dae","useInstanceRenderData":true}
{"class":"TSStatic","persistentId":"5c2783ee-f87d-4312-aedd-e765be81994b","__parent":"event_city_props","position":[1356.05737,1367.70459,119.669273],"annotation":"OBSTACLES","isRenderEnabled":false,"rotationMatrix":[-0.900686145,0.434470057,0,-0.434470057,-0.900686145,0,0,0,1],"shapeName":"/levels/johnson_valley/art/shapes/misc/ind_mesh_fence_gate_3m.dae","useInstanceRenderData":true}
{"class":"TSStatic","persistentId":"5b7cea6f-cb80-46d2-acc4-240e779fd171","__parent":"event_city_props","position":[1331.61877,1370.24707,119.721718],"annotation":"OBSTACLES","isRenderEnabled":false,"rotationMatrix":[0.576478243,-0.817112446,-5.82076609e-11,0.817112207,0.576478124,-0.000690533663,0.000564243703,0.000398077565,0.999999762],"shapeName":"/levels/johnson_valley/art/shapes/misc/ind_mesh_fence_gate_3m.dae","useInstanceRenderData":true}
{"class":"TSStatic","persistentId":"2a84a127-023f-43d0-937c-60b1473bf9a9","__parent":"event_city_props","position":[1332.02905,1372.28027,118.973854],"annotation":"OBSTACLES","isRenderEnabled":false,"rotationMatrix":[0.158389211,0.98737663,2.03726813e-10,-0.987376392,0.158389211,-0.000690533489,-0.000681816717,0.000109372719,0.999999762],"shapeName":"/levels/johnson_valley/art/shapes/misc/ind_mesh_fence_4m.dae","useInstanceRenderData":true}
{"class":"TSStatic","persistentId":"5c2797a0-dcf2-4b03-83cd-545d4f205cb1","__parent":"event_city_props","position":[1332.92969,1376.32996,118.977058],"annotation":"OBSTACLES","isRenderEnabled":false,"rotationMatrix":[0.274230719,0.961663902,1.74622983e-10,-0.961663663,0.274230599,-0.000690533663,-0.000664061343,0.000189365266,0.999999762],"shapeName":"/levels/johnson_valley/art/shapes/misc/ind_mesh_fence_4m.dae","useInstanceRenderData":true}
{"class":"TSStatic","persistentId":"21f9a086-56f0-48a8-ab76-ece4689d66b0","__parent":"event_city_props","position":[1334.06982,1380.32825,118.977058],"annotation":"OBSTACLES","isRenderEnabled":false,"rotationMatrix":[0.274230719,0.961663902,1.74622983e-10,-0.961663663,0.274230599,-0.000690533663,-0.000664061343,0.000189365266,0.999999762],"shapeName":"/levels/johnson_valley/art/shapes/misc/ind_mesh_fence_4m.dae","useInstanceRenderData":true}
{"class":"TSStatic","persistentId":"67b2fde2-8a35-480d-be2a-4e62ca412e9b","__parent":"event_city_props","position":[1335.20776,1384.31958,118.977058],"annotation":"OBSTACLES","isRenderEnabled":false,"rotationMatrix":[0.274230719,0.961663902,1.74622983e-10,-0.961663663,0.274230599,-0.000690533663,-0.000664061343,0.000189365266,0.999999762],"shapeName":"/levels/johnson_valley/art/shapes/misc/ind_mesh_fence_4m.dae","useInstanceRenderData":true}
{"class":"TSStatic","persistentId":"d8edc5f6-f5a2-40c2-9d15-a9d277b16df8","__parent":"event_city_props","position":[1337.48975,1392.31689,118.977058],"annotation":"OBSTACLES","isRenderEnabled":false,"rotationMatrix":[0.274230719,0.961663902,1.74622983e-10,-0.961663663,0.274230599,-0.000690533663,-0.000664061343,0.000189365266,0.999999762],"shapeName":"/levels/johnson_valley/art/shapes/misc/ind_mesh_fence_4m.dae","useInstanceRenderData":true}
{"class":"TSStatic","persistentId":"dc89a6e0-4f06-4156-a49f-31bbbe9796c1","__parent":"event_city_props","position":[1336.35168,1388.32556,118.977058],"annotation":"OBSTACLES","isRenderEnabled":false,"rotationMatrix":[0.274230719,0.961663902,1.74622983e-10,-0.961663663,0.274230599,-0.000690533663,-0.000664061343,0.000189365266,0.999999762],"shapeName":"/levels/johnson_valley/art/shapes/misc/ind_mesh_fence_4m.dae","useInstanceRenderData":true}
{"class":"TSStatic","persistentId":"f1a6cc42-1967-4688-8e3c-deafa96f0555","__parent":"event_city_props","position":[1362.18396,1377.82788,119.865654],"annotation":"OBSTACLES","isRenderEnabled":false,"rotationMatrix":[0.999360502,0.0357566997,0,-0.0357566997,0.999360502,0,0,0,1],"shapeName":"/levels/johnson_valley/art/shapes/misc/ind_mesh_fence_gate_3m.dae","useInstanceRenderData":true}
{"class":"TSStatic","persistentId":"ad317444-c34e-4330-9baf-c719ca54e0be","__parent":"event_city_props","position":[1359.4364,1378.98743,119.865654],"annotation":"OBSTACLES","isRenderEnabled":false,"rotationMatrix":[0.921140909,-0.389229298,0,0.389229298,0.921140909,0,0,0,1],"shapeName":"/levels/johnson_valley/art/shapes/misc/ind_mesh_fence_gate_3m.dae","useInstanceRenderData":true}
{"class":"TSStatic","persistentId":"e92e81e3-7b47-4949-875c-d8012d5520dc","__parent":"event_city_props","position":[1333.34277,1367.81543,119.722633],"annotation":"OBSTACLES","isRenderEnabled":false,"rotationMatrix":[0.952552974,-0.304372877,-1.38243195e-10,0.304372817,0.952552736,-0.000690533372,0.000210179773,0.00065776956,0.999999762],"shapeName":"/levels/johnson_valley/art/shapes/misc/ind_mesh_fence_gate_3m.dae","useInstanceRenderData":true}
{"class":"TSStatic","persistentId":"d7385238-f9f9-4864-9303-d1ef21104153","__parent":"event_city_props","position":[1341.98535,1365.52576,119.722633],"annotation":"OBSTACLES","isRenderEnabled":false,"rotationMatrix":[0.998185694,-0.0602108426,-2.00088834e-11,0.0602108277,0.998185456,-0.000690533721,4.15776376e-05,0.00068928086,0.999999762],"shapeName":"/levels/johnson_valley/art/shapes/misc/ind_mesh_fence_gate_3m.dae","useInstanceRenderData":true}
{"class":"TSStatic","persistentId":"674a0b37-bc98-4d42-9703-6f9629c8546f","__parent":"event_city_props","position":[1339.08545,1366.22046,119.722633],"annotation":"OBSTACLES","isRenderEnabled":false,"rotationMatrix":[0.972490609,-0.232942134,-1.45519152e-11,0.232942075,0.97249037,-0.00069053378,0.000160854441,0.000671537593,0.999999762],"shapeName":"/levels/johnson_valley/art/shapes/misc/ind_mesh_fence_gate_3m.dae","useInstanceRenderData":true}
{"class":"TSStatic","persistentId":"abe807fc-1577-43f0-9747-efa62d12331d","__parent":"event_city_props","position":[1336.18835,1366.91443,119.722633],"annotation":"OBSTACLES","isRenderEnabled":false,"rotationMatrix":[0.972490609,-0.232942134,-1.45519152e-11,0.232942075,0.97249037,-0.00069053378,0.000160854441,0.000671537593,0.999999762],"shapeName":"/levels/johnson_valley/art/shapes/misc/ind_mesh_fence_gate_3m.dae","useInstanceRenderData":true}
{"class":"TSStatic","persistentId":"3f986dc0-20f4-46cb-b090-e2782b6b9c9b","__parent":"event_city_props","position":[1354.55566,1391.38037,119.701035],"annotation":"OBSTACLES","isRenderEnabled":false,"rotationMatrix":[0.906222045,-0.422802091,-4.36557457e-11,0.422801971,0.906221807,-0.000690533547,0.000291959092,0.000625776709,0.999999762],"shapeName":"/levels/johnson_valley/art/shapes/misc/ind_mesh_fence_gate_3m.dae","useInstanceRenderData":true}
{"class":"TSStatic","persistentId":"78c60d8b-0822-49b4-820a-eacb5860f739","__parent":"event_city_props","position":[1351.73718,1392.35095,119.701035],"annotation":"OBSTACLES","isRenderEnabled":false,"rotationMatrix":[0.945182204,-0.326543331,-2.18278728e-11,0.326543272,0.945181966,-0.000690533663,0.000225489232,0.000652680174,0.999999762],"shapeName":"/levels/johnson_valley/art/shapes/misc/ind_mesh_fence_gate_3m.dae","useInstanceRenderData":true}
{"class":"TSStatic","persistentId":"aa39408c-5413-4e51-9b4e-8900446bbbc2","__parent":"event_city_props","position":[1348.86462,1393.17114,119.701035],"annotation":"OBSTACLES","isRenderEnabled":false,"rotationMatrix":[0.962236702,-0.272214055,-5.09317033e-11,0.272213995,0.962236524,-0.000690533547,0.000187972968,0.000664456747,0.999999762],"shapeName":"/levels/johnson_valley/art/shapes/misc/ind_mesh_fence_gate_3m.dae","useInstanceRenderData":true}
{"class":"TSStatic","persistentId":"2072ca82-f0a0-463e-8d0f-f7b86db20feb","__parent":"event_city_props","position":[1346.11072,1394.31714,119.701035],"annotation":"OBSTACLES","isRenderEnabled":false,"rotationMatrix":[0.923071444,-0.384628445,-5.82076609e-11,0.384628326,0.923071265,-0.000690533489,0.000265598937,0.00063741178,0.999999762],"shapeName":"/levels/johnson_valley/art/shapes/misc/ind_mesh_fence_gate_3m.dae","useInstanceRenderData":true}
{"class":"TSStatic","persistentId":"b7029d2c-fcac-496f-8f38-5e6a6a7b9d38","__parent":"event_city_props","position":[1340.48486,1396.25037,119.701035],"annotation":"OBSTACLES","isRenderEnabled":false,"rotationMatrix":[0.945182204,-0.326543331,-2.18278728e-11,0.326543272,0.945181966,-0.000690533663,0.000225489232,0.000652680174,0.999999762],"shapeName":"/levels/johnson_valley/art/shapes/misc/ind_mesh_fence_gate_3m.dae","useInstanceRenderData":true}
{"class":"TSStatic","persistentId":"4fe613e7-747d-46d3-a61c-2c79bb88f2b1","__parent":"event_city_props","position":[1343.29553,1395.27942,119.701035],"annotation":"OBSTACLES","isRenderEnabled":false,"rotationMatrix":[0.945182204,-0.326543331,-2.18278728e-11,0.326543272,0.945181966,-0.000690533663,0.000225489232,0.000652680174,0.999999762],"shapeName":"/levels/johnson_valley/art/shapes/misc/ind_mesh_fence_gate_3m.dae","useInstanceRenderData":true}
{"class":"TSStatic","persistentId":"26be2c2c-8e85-4e5c-a93d-600d6305f0a6","__parent":"event_city_props","position":[1338.07788,1394.35278,119.701035],"annotation":"OBSTACLES","isRenderEnabled":false,"rotationMatrix":[0.772814691,0.634631634,-5.82076609e-11,-0.634631515,0.772814512,-0.000690533489,-0.00043823442,0.000533654413,0.999999762],"shapeName":"/levels/johnson_valley/art/shapes/misc/ind_mesh_fence_gate_3m.dae","useInstanceRenderData":true}
{"class":"TSStatic","persistentId":"02919656-0149-49dd-99d9-b33f50ea49c0","__parent":"event_city_props","position":[1357.25659,1390.11304,119.701035],"annotation":"OBSTACLES","isRenderEnabled":false,"rotationMatrix":[0.712545395,-0.701625943,-7.27595761e-11,0.701625824,0.712545276,-0.00069053343,0.000484496297,0.000492036343,0.999999762],"shapeName":"/levels/johnson_valley/art/shapes/misc/ind_mesh_fence_gate_3m.dae","useInstanceRenderData":true}
{"class":"TSStatic","persistentId":"9212c35b-951a-4fdb-ba30-b8f07d2b7255","__parent":"event_city_props","position":[1283.17065,-126.992294,115.369171],"isRenderEnabled":false,"shapeName":"/art/shapes/garage_and_dealership/Clutter/cbbox_large_dirt.DAE","useInstanceRenderData":true}
{"class":"TSStatic","persistentId":"175e0fbf-2285-4199-8016-5489d68c2a94","__parent":"event_city_props","position":[1280.76404,-124.609947,115.369171],"isRenderEnabled":false,"shapeName":"/art/shapes/garage_and_dealership/Clutter/cbbox_small_dirt.DAE","useInstanceRenderData":true}
{"class":"TSStatic","persistentId":"ef33e887-9289-42e0-b824-b0ff6c3f1c79","__parent":"event_city_props","position":[1182.97693,-20.3899326,116.624908],"annotation":"OBSTACLES","isRenderEnabled":false,"shapeName":"/art/shapes/garage_and_dealership/Clutter/clutter_workshop_black_oil.dae","useInstanceRenderData":true}
{"class":"TSStatic","persistentId":"a6f1088d-e6b6-48f5-8cbb-5c099f5226ba","__parent":"event_city_props","position":[1262.65771,-99.8228989,115.377281],"annotation":"OBSTACLES","isRenderEnabled":false,"shapeName":"/art/shapes/garage_and_dealership/Clutter/clutter_workshop_hand_truck.dae","useInstanceRenderData":true}
{"class":"TSStatic","persistentId":"7fb1b80a-ca2b-461e-98f2-18bc9394fbc7","__parent":"event_city_props","position":[1183.58313,-20.9305706,115.370834],"annotation":"OBSTACLES","isRenderEnabled":false,"rotationMatrix":[0.622877479,-0.782319307,0,0.782319307,0.622877479,0,0,0,1],"shapeName":"/art/shapes/garage_and_dealership/Clutter/clutter_workshop_shelves_4x1.dae","useInstanceRenderData":true}
{"class":"TSStatic","persistentId":"158e8cbb-69e6-45e5-8d87-cdf540aa010d","__parent":"event_city_props","position":[1183.85254,-21.3493423,116.624901],"annotation":"OBSTACLES","isRenderEnabled":false,"shapeName":"/art/shapes/garage_and_dealership/Clutter/clutter_workshop_short_bottle.dae","useInstanceRenderData":true}
{"class":"TSStatic","persistentId":"ab591158-da4a-4012-852b-0048aa41b45b","__parent":"event_city_props","position":[1283.05139,-126.963058,115.369171],"annotation":"OBSTACLES","isRenderEnabled":false,"rotationMatrix":[-0.318963408,-0.9477669,0,0.9477669,-0.318963408,0,0,0,1],"shapeName":"/art/shapes/garage_and_dealership/Clutter/clutter_workshop_white_bottle.dae","useInstanceRenderData":true}
{"class":"TSStatic","persistentId":"ae9c41a1-3e43-4d2e-bfc8-8b1d5939c2c8","__parent":"event_city_props","position":[1273.94214,-99.1268234,115.369171],"annotation":"OBSTACLES","isRenderEnabled":false,"rotationMatrix":[0.258818895,-0.965925813,0,0.965925813,0.258818895,0,0,0,1],"shapeName":"/art/shapes/garage_and_dealership/Clutter/metal_drum_old_a.DAE","useInstanceRenderData":true}
{"class":"TSStatic","persistentId":"b529af3a-26b8-4413-97e0-54a4977cac80","__parent":"event_city_props","position":[1275.29785,-98.8460312,115.369171],"isRenderEnabled":false,"shapeName":"/art/shapes/garage_and_dealership/Clutter/plastic_can_big.DAE","useInstanceRenderData":true}
{"class":"TSStatic","persistentId":"d862bcad-855a-4623-a439-5f49ba9bff27","__parent":"event_city_props","position":[1183.77539,-21.5017014,115.870346],"isRenderEnabled":false,"shapeName":"/art/shapes/garage_and_dealership/Clutter/plastic_can_small.DAE","useInstanceRenderData":true}
{"class":"TSStatic","persistentId":"558b34b5-2487-4043-a719-0afb2fb0d42f","__parent":"event_city_props","position":[1270.3064,-101.877075,115.369171],"annotation":"OBSTACLES","isRenderEnabled":false,"shapeName":"/art/shapes/garage_and_dealership/Clutter/wood_pallet.DAE","useInstanceRenderData":true}
{"class":"TSStatic","persistentId":"3900c11c-9dc6-4307-af9b-1d2f59d95050","__parent":"event_city_props","position":[1276.34851,-96.7321777,115.369171],"annotation":"OBSTACLES","isRenderEnabled":false,"rotationMatrix":[-1,3.25841398e-07,0,-3.25841398e-07,-1,0,0,0,1],"shapeName":"/levels/johnson_valley/art/shapes/building/s_chair_metal.dae","useInstanceRenderData":true}
{"class":"TSStatic","persistentId":"3e843303-c4aa-4fe6-a040-ec73007b46ac","__parent":"event_city_props","position":[1231.02747,-201.505386,119.81543],"annotation":"OBSTACLES","isRenderEnabled":false,"rotationMatrix":[0.781834006,0.623486519,0,-0.623486519,0.781834006,0,0,0,1],"shapeName":"/levels/johnson_valley/art/shapes/building/s_inflatable_icecream.dae","useInstanceRenderData":true}
{"class":"TSStatic","persistentId":"73ce1f58-a911-40a6-b5ac-f1ac6003dcde","__parent":"event_city_props","position":[1223.52356,-202.622101,115.300003],"annotation":"OBSTACLES","isRenderEnabled":false,"rotationMatrix":[0.804151475,0.594424069,0,-0.594424069,0.804151475,0,0,0,1],"shapeName":"/levels/johnson_valley/art/shapes/building/s_trellis_metal_column.dae","useInstanceRenderData":true}
{"class":"TSStatic","persistentId":"1905878e-3be6-41da-84d2-85b1188a4fb7","__parent":"event_city_props","position":[1223.52356,-202.622101,119.699997],"annotation":"OBSTACLES","isRenderEnabled":false,"rotationMatrix":[0.804151475,0.594424069,0,-0.594424069,0.804151475,0,0,0,1],"shapeName":"/levels/johnson_valley/art/shapes/building/s_trellis_metal_8m.dae","useInstanceRenderData":true}
{"class":"TSStatic","persistentId":"1b9d0cf2-8f21-4577-b742-6244beb883ca","__parent":"event_city_props","position":[1227.06189,-200.006607,119.699997],"annotation":"OBSTACLES","isRenderEnabled":false,"rotationMatrix":[-0.594424367,0.804151297,0,-0.804151297,-0.594424367,0,0,0,1],"shapeName":"/levels/johnson_valley/art/shapes/building/s_trellis_metal_4m.dae","useInstanceRenderData":true}
{"class":"TSStatic","persistentId":"a741d74e-64f9-4491-9edc-128fdc414a4c","__parent":"event_city_props","position":[1222.06848,-193.251831,119.699997],"annotation":"OBSTACLES","isRenderEnabled":false,"rotationMatrix":[-0.804151714,-0.594423831,0,0.594423831,-0.804151714,0,0,0,1],"shapeName":"/levels/johnson_valley/art/shapes/building/s_trellis_metal_8m.dae","useInstanceRenderData":true}
{"class":"TSStatic","persistentId":"bafb2eab-5fe6-4873-9754-567d8075ff19","__parent":"event_city_props","position":[1218.53027,-195.867264,119.699997],"annotation":"OBSTACLES","isRenderEnabled":false,"rotationMatrix":[0.594424069,-0.804151475,0,0.804151475,0.594424069,0,0,0,1],"shapeName":"/levels/johnson_valley/art/shapes/building/s_trellis_metal_4m.dae","useInstanceRenderData":true}
{"class":"TSStatic","persistentId":"6abf6b17-fa92-4dbb-8c3f-5a74a4fc479b","__parent":"event_city_props","position":[1218.53027,-195.867264,115.300003],"annotation":"OBSTACLES","isRenderEnabled":false,"rotationMatrix":[0.804151475,0.594424069,0,-0.594424069,0.804151475,0,0,0,1],"shapeName":"/levels/johnson_valley/art/shapes/building/s_trellis_metal_column.dae","useInstanceRenderData":true}
{"class":"TSStatic","persistentId":"0dd2d30f-d2ea-4b6d-b3a0-bc6df1de37a8","__parent":"event_city_props","position":[1222.0686,-193.25177,115.300003],"annotation":"OBSTACLES","isRenderEnabled":false,"rotationMatrix":[0.804151475,0.594424069,0,-0.594424069,0.804151475,0,0,0,1],"shapeName":"/levels/johnson_valley/art/shapes/building/s_trellis_metal_column.dae","useInstanceRenderData":true}
{"class":"TSStatic","persistentId":"c3b1b143-5a57-49b2-a863-748da26725fd","__parent":"event_city_props","position":[1227.06189,-200.006607,115.300003],"annotation":"OBSTACLES","isRenderEnabled":false,"rotationMatrix":[0.804151475,0.594424069,0,-0.594424069,0.804151475,0,0,0,1],"shapeName":"/levels/johnson_valley/art/shapes/building/s_trellis_metal_column.dae","useInstanceRenderData":true}
{"class":"TSStatic","persistentId":"4363ccea-b7e2-4209-beed-1938a10a3185","__parent":"event_city_props","position":[1253.53784,-152.375778,115.369171],"annotation":"OBSTACLES","isRenderEnabled":false,"rotationMatrix":[-0.952016115,0.30604732,0,-0.30604732,-0.952016115,0,0,0,1],"shapeName":"/levels/johnson_valley/art/shapes/building/s_chair_metal.dae","useInstanceRenderData":true}
{"class":"TSStatic","persistentId":"4139e525-344b-451b-97e9-6c91c818e4f5","__parent":"event_city_props","position":[1220.44116,-189.467682,115.369171],"isRenderEnabled":false,"rotationMatrix":[-0.79310894,-0.60907954,0,0.60907954,-0.79310894,0,0,0,1],"shapeName":"/art/shapes/garage_and_dealership/Clutter/cbbox_new_a.DAE","useInstanceRenderData":true}
{"class":"TSStatic","persistentId":"67e43502-e8e6-4719-961e-58bfeb5472c3","__parent":"event_city_props","position":[1219.31042,-188.853073,115.360863],"isRenderEnabled":false,"rotationMatrix":[-0.0805178881,-0.996753037,0,0.996753037,-0.0805178881,0,0,0,1],"shapeName":"/art/shapes/garage_and_dealership/Clutter/cbbox_small_dirt.DAE","useInstanceRenderData":true}
{"class":"TSStatic","persistentId":"1925e5e4-615d-4c26-9eaf-ea04898ea8c5","__parent":"event_city_props","position":[1190.36926,-158.852219,115.117828],"annotation":"OBSTACLES","isRenderEnabled":false,"rotationMatrix":[-0.690606475,-0.723231137,0,0.723231137,-0.690606475,0,0,0,1],"shapeName":"/levels/johnson_valley/art/shapes/misc/arrowboard_L.dae","useInstanceRenderData":true}
{"class":"TSStatic","persistentId":"de666340-e1c1-4bc4-80ca-80fc94fb9258","__parent":"event_city_props","position":[1199.79529,-172.439514,115.229607],"annotation":"OBSTACLES","isRenderEnabled":false,"rotationMatrix":[-0.855490446,-0.517818093,2.74230842e-07,0.517817974,-0.855490208,0.000690533838,-0.000357336365,0.000590887328,0.999999762],"shapeName":"/levels/johnson_valley/art/shapes/misc/arrowboard_R.dae","useInstanceRenderData":true}
{"class":"TSStatic","persistentId":"f28314e1-157e-44c6-ab16-12c49f0da97c","__parent":"event_city_props","position":[1254.35437,-153.398804,115.369171],"annotation":"OBSTACLES","isRenderEnabled":false,"rotationMatrix":[-0.176899433,0.98422873,0,-0.98422873,-0.176899433,0,0,0,1],"shapeName":"/levels/johnson_valley/art/shapes/building/s_chair_metal.dae","useInstanceRenderData":true}
{"class":"TSStatic","persistentId":"93d9c74b-dff3-414a-8a40-10033cb9e2b6","__parent":"event_city_props","position":[1267.19421,-166.430542,115.369171],"annotation":"OBSTACLES","isRenderEnabled":false,"rotationMatrix":[-0.828043103,0.560664117,0,-0.560664117,-0.828043103,0,0,0,1],"shapeName":"/levels/johnson_valley/art/shapes/building/s_chair_metal.dae","useInstanceRenderData":true}
{"class":"TSStatic","persistentId":"f2598196-6f75-4def-a438-5c7d27ad3748","__parent":"event_city_props","position":[1268.01074,-168.221146,115.63504],"annotation":"OBSTACLES","isRenderEnabled":false,"rotationMatrix":[-0.176898241,3.57627869e-07,-0.984229445,-0.984229445,1.1920929e-07,0.176897973,4.76837158e-07,1.00000024,0],"shapeName":"/levels/johnson_valley/art/shapes/building/s_chair_metal.dae","useInstanceRenderData":true}
{"class":"TSStatic","persistentId":"c034db45-d494-49ee-afb6-783d1a5506e0","__parent":"event_city_props","position":[1236.39807,-224.567413,115.366806],"annotation":"OBSTACLES","isRenderEnabled":false,"rotationMatrix":[-0.587466478,0.809248507,0,-0.809248507,-0.587466478,0,0,0,1],"shapeName":"/levels/johnson_valley/art/shapes/misc/arrowboard_L.dae","useInstanceRenderData":true}
{"class":"TSStatic","persistentId":"9c0fdac3-9175-42fb-bea7-dd91cc633163","__parent":"event_city_props","position":[1209.13977,-150.376434,115.229607],"annotation":"OBSTACLES","isRenderEnabled":false,"rotationMatrix":[0.93580848,-0.352508873,2.74383638e-07,0.352508813,0.935808241,0.00069053378,-0.000243676041,-0.000646110624,0.999999762],"shapeName":"/levels/johnson_valley/art/shapes/misc/arrowboard_R.dae","useInstanceRenderData":true}
{"class":"TSStatic","persistentId":"245dcf9b-8b97-4d7b-8008-a26088cf3ca7","__parent":"event_city_props","position":[1227.79468,-205.670349,115.369171],"annotation":"OBSTACLES","isRenderEnabled":false,"rotationMatrix":[-0.614823699,0.788664401,0,-0.788664401,-0.614823699,0,0,0,1],"shapeName":"/levels/johnson_valley/art/shapes/building/s_chair_metal.dae","useInstanceRenderData":true}
{"class":"TSStatic","persistentId":"319d3c96-a82d-4f41-9a24-64ebec5dde90","__parent":"event_city_props","position":[1229.72827,-208.501328,115.369171],"annotation":"OBSTACLES","isRenderEnabled":false,"rotationMatrix":[-0.614823699,0.788664401,0,-0.788664401,-0.614823699,0,0,0,1],"shapeName":"/levels/johnson_valley/art/shapes/building/s_chair_metal.dae","useInstanceRenderData":true}
{"class":"TSStatic","persistentId":"f43ce9c5-3e70-4c97-8cbc-100df2187076","__parent":"event_city_props","position":[1231.90723,-209.883133,115.369171],"annotation":"OBSTACLES","isRenderEnabled":false,"rotationMatrix":[-0.614823699,0.788664401,0,-0.788664401,-0.614823699,0,0,0,1],"shapeName":"/levels/johnson_valley/art/shapes/building/s_chair_metal.dae","useInstanceRenderData":true}
{"class":"TSStatic","persistentId":"4e258ca4-e2e4-4f45-9920-2813afcc02c2","__parent":"event_city_props","position":[1232.23755,-241.519302,115.369217],"annotation":"OBSTACLES","isRenderEnabled":false,"rotationMatrix":[-0.7999264,-0.600098193,0,0.600098193,-0.7999264,0,0,0,1],"shapeName":"/art/shapes/garage_and_dealership/Clutter/pallet_stack.DAE","useInstanceRenderData":true}
{"class":"TSStatic","persistentId":"c7179cf8-ae0b-4730-9484-90708b91ed13","__parent":"event_city_props","position":[1230.85999,-249.925262,115.369179],"annotation":"OBSTACLES","isRenderEnabled":false,"rotationMatrix":[-0.957450271,-0.288597941,0,0.288597941,-0.957450271,0,0,0,1],"shapeName":"/art/shapes/garage_and_dealership/Clutter/ind_metal_scraps_b.DAE","useInstanceRenderData":true}
{"class":"TSStatic","persistentId":"9f94f7dd-954a-42b7-9807-eaf3f97b060d","__parent":"event_city_props","position":[1271.81018,-203.671051,115.369171],"annotation":"OBSTACLES","isRenderEnabled":false,"rotationMatrix":[0.548296332,-0.836284101,0,0.836284101,0.548296332,0,0,0,1],"shapeName":"/levels/johnson_valley/art/shapes/building/s_chair_metal.dae","useInstanceRenderData":true}
{"class":"TSStatic","persistentId":"91fb8c34-e7a6-4d6a-b660-4a63316d5673","__parent":"event_city_props","position":[1271.52209,-166.381454,115.369171],"annotation":"OBSTACLES","isRenderEnabled":false,"rotationMatrix":[0.499999851,-0.866025448,0,0.866025448,0.499999851,0,0,0,1],"shapeName":"/art/shapes/garage_and_dealership/Clutter/ind_clutter_mix.DAE","useInstanceRenderData":true}
{"class":"TSStatic","persistentId":"9cf741bb-d919-4d45-8563-f34cecb427fa","__parent":"event_city_props","position":[1183.32507,-205.207687,115.369171],"annotation":"OBSTACLES","isRenderEnabled":false,"rotationMatrix":[0.548296332,-0.836284101,0,0.836284101,0.548296332,0,0,0,1],"shapeName":"/levels/johnson_valley/art/shapes/building/s_chair_metal.dae","useInstanceRenderData":true}
{"class":"TSStatic","persistentId":"2d362ce2-c24b-4374-a223-7790bec1ef97","__parent":"event_city_props","position":[1197.44067,-164.358429,115.369171],"annotation":"OBSTACLES","isRenderEnabled":false,"rotationMatrix":[-0.217218041,0.976122916,0,-0.976122916,-0.217218041,0,0,0,1],"shapeName":"/levels/johnson_valley/art/shapes/building/s_chair_metal.dae","useInstanceRenderData":true}
{"class":"TSStatic","persistentId":"ca67b2f6-757d-46ac-b1d7-08e57e33bd1a","__parent":"event_city_props","position":[1196.83191,-163.254425,115.369171],"annotation":"OBSTACLES","isRenderEnabled":false,"rotationMatrix":[-0.551540256,0.834148228,0,-0.834148228,-0.551540256,0,0,0,1],"shapeName":"/levels/johnson_valley/art/shapes/building/s_chair_metal.dae","useInstanceRenderData":true}
{"class":"TSStatic","persistentId":"f350b967-2f1e-4aae-a109-89b1334c36ff","__parent":"event_city_props","position":[1194.78821,-160.368393,115.369171],"annotation":"OBSTACLES","isRenderEnabled":false,"rotationMatrix":[-0.777902126,0.628385127,0,-0.628385127,-0.777902126,0,0,0,1],"shapeName":"/levels/johnson_valley/art/shapes/building/s_chair_metal.dae","useInstanceRenderData":true}
{"class":"TSStatic","persistentId":"8a0a77e5-ed8a-498b-a735-8c2ba0424ff6","__parent":"event_city_props","position":[1221.89771,-198.390793,115.370834],"annotation":"OBSTACLES","isRenderEnabled":false,"rotationMatrix":[0.567944705,-0.823066652,0,0.823066652,0.567944705,0,0,0,1],"shapeName":"/art/shapes/garage_and_dealership/Clutter/clutter_workshop_shelves_4x1.dae","useInstanceRenderData":true}
{"class":"TSStatic","persistentId":"4275ec66-322f-4b07-b784-64867d146fac","__parent":"event_city_props","position":[1221.72351,-197.97731,116.620239],"annotation":"OBSTACLES","isRenderEnabled":false,"rotationMatrix":[0.196517348,-0.980500281,0,0.980500281,0.196517348,0,0,0,1],"shapeName":"/art/shapes/garage_and_dealership/Clutter/clutter_workshop_toolbox.dae","useInstanceRenderData":true}
{"class":"TSStatic","persistentId":"2b8cd036-fd27-49c9-95a4-c7157d69fef1","__parent":"event_city_props","position":[1220.99719,-197.246826,115.869392],"annotation":"OBSTACLES","isRenderEnabled":false,"rotationMatrix":[0.710505188,-0.7036919,0,0.7036919,0.710505188,0,0,0,1],"shapeName":"/art/shapes/garage_and_dealership/Clutter/clutter_workshop_green_can.dae","useInstanceRenderData":true}
{"class":"TSStatic","persistentId":"62b13675-a48b-46e9-8389-f567943f38c6","__parent":"event_city_props","position":[1195.98547,-164.621307,115.369171],"annotation":"OBSTACLES","isRenderEnabled":false,"rotationMatrix":[0.258818895,-0.965925813,0,0.965925813,0.258818895,0,0,0,1],"shapeName":"/art/shapes/garage_and_dealership/Clutter/metal_drum_old_b.DAE","useInstanceRenderData":true}
{"class":"TSStatic","persistentId":"0e257980-1ba9-4d35-806a-74888cdc1e46","__parent":"event_city_props","position":[1221.84387,-199.067657,115.368423],"annotation":"OBSTACLES","isRenderEnabled":false,"rotationMatrix":[0.882628143,0.470071852,0,-0.470071852,0.882628143,0,0,0,1],"shapeName":"/art/shapes/garage_and_dealership/Clutter/clutter_workshop_toolbox.dae","useInstanceRenderData":true}
{"class":"TSStatic","persistentId":"9a947075-8bca-4e0f-a6bb-a52f46d4dd03","__parent":"event_city_props","position":[1202.41992,-166.890656,115.370033],"annotation":"OBSTACLES","isRenderEnabled":false,"shapeName":"/art/shapes/garage_and_dealership/Clutter/clutter_barrels_white.dae","useInstanceRenderData":true}
{"class":"TSStatic","persistentId":"31e6df45-d20a-4c20-b194-226fb6ca7d55","__parent":"event_city_props","position":[1222.2334,-199.008011,115.867317],"isRenderEnabled":false,"shapeName":"/art/shapes/garage_and_dealership/Clutter/plastic_can_small.DAE","useInstanceRenderData":true}
{"class":"TSStatic","persistentId":"712cd061-5c38-4633-8236-a6d5ea6959f1","__parent":"event_city_props","position":[1222.62646,-199.857559,115.88533],"annotation":"OBSTACLES","isRenderEnabled":false,"rotationMatrix":[-0.173511386,-0.98483175,0,0.98483175,-0.173511386,0,0,0,1],"shapeName":"/art/shapes/garage_and_dealership/Clutter/clutter_workshop_fire_extinguisher.dae","useInstanceRenderData":true}
{"class":"TSStatic","persistentId":"fd754f09-d663-485b-a1b1-c1b263c5f753","__parent":"event_city_props","position":[1221.53918,-198.219528,115.88533],"annotation":"OBSTACLES","isRenderEnabled":false,"shapeName":"/art/shapes/garage_and_dealership/Clutter/clutter_workshop_white_bottle.dae","useInstanceRenderData":true}
{"class":"TSStatic","persistentId":"251be5f4-c06a-4b2e-9491-8285911789af","__parent":"event_city_props","position":[1222.01746,-198.627426,115.867317],"isRenderEnabled":false,"rotationMatrix":[0.814330637,-0.580401182,0,0.580401182,0.814330637,0,0,0,1],"shapeName":"/art/shapes/garage_and_dealership/Clutter/plastic_can_small.DAE","useInstanceRenderData":true}
{"class":"TSStatic","persistentId":"a8537b1c-91e6-44b2-a4d5-b8140ac90ef5","__parent":"event_city_props","position":[1222.26941,-198.627426,115.867317],"isRenderEnabled":false,"rotationMatrix":[0.912833571,-0.408331752,0,0.408331752,0.912833571,0,0,0,1],"shapeName":"/art/shapes/garage_and_dealership/Clutter/plastic_can_small.DAE","useInstanceRenderData":true}
{"class":"TSStatic","persistentId":"c69056f8-35fa-4004-bf44-524953d8b2c4","__parent":"event_city_props","position":[1221.53918,-197.925629,115.88533],"annotation":"OBSTACLES","isRenderEnabled":false,"rotationMatrix":[0.368701637,-0.929547668,0,0.929547668,0.368701637,0,0,0,1],"shapeName":"/art/shapes/garage_and_dealership/Clutter/clutter_workshop_white_bottle.dae","useInstanceRenderData":true}
