{"class":"TSStatic","persistentId":"382e23e8-a6ca-48d9-9c49-561a464f3deb","__parent":"fs_6_meshes","position":[-219.415741,-50.1696854,120.830643],"decalType":"None","isRenderEnabled":false,"rotationMatrix":[0.88581419,0.464039952,0.000378116267,-0.464040071,0.88581419,0.000231448706,-0.000227539276,-0.000380481681,0.999999881],"scale":[1,1,2],"shapeName":"/levels/west_coast_usa/art/shapes/buildings/s_fuel_manhole_refill.dae","useInstanceRenderData":true}
{"class":"TSStatic","persistentId":"8feb5107-5f33-4217-bffa-fe2b7eb8df90","__parent":"fs_6_meshes","position":[-218.964432,-50.951973,120.838181],"decalType":"None","isRenderEnabled":false,"rotationMatrix":[0.480402589,-0.877048194,-0.000231997576,0.877048075,0.480402291,0.000780726084,-0.000573282072,-0.000578535837,0.999999642],"shapeName":"/levels/west_coast_usa/art/shapes/buildings/s_fuel_manhole_refill_double.dae","useInstanceRenderData":true}
{"class":"TSStatic","persistentId":"0103ced0-0a11-4d42-afec-0831a14d59c8","__parent":"fs_6_meshes","position":[-225.692673,-54.7594643,120.83461],"decalType":"None","isRenderEnabled":false,"rotationMatrix":[0.480402589,-0.877048194,-0.000231997576,0.877048075,0.480402291,0.000780726084,-0.000573282072,-0.000578535837,0.999999642],"shapeName":"/levels/west_coast_usa/art/shapes/buildings/s_fuel_manhole_refill_double.dae","useInstanceRenderData":true}
{"class":"TSStatic","persistentId":"c3139b80-c64f-425b-999d-dd5e88ea9a08","__parent":"fs_6_meshes","position":[-226.143982,-53.9771767,120.827072],"decalType":"None","isRenderEnabled":false,"rotationMatrix":[0.88581419,0.464039952,0.000378116267,-0.464040071,0.88581419,0.000231448706,-0.000227539276,-0.000380481681,0.999999881],"scale":[1,1,2],"shapeName":"/levels/west_coast_usa/art/shapes/buildings/s_fuel_manhole_refill.dae","useInstanceRenderData":true}
{"class":"TSStatic","persistentId":"c00fa477-fad5-4a54-84e8-cab2d9335b60","__parent":"fs_6_meshes","position":[-222.188156,-52.7329941,120.836761],"decalType":"None","isRenderEnabled":false,"rotationMatrix":[0.480402589,-0.877048194,-0.000231997576,0.877048075,0.480402291,0.000780726084,-0.000573282072,-0.000578535837,0.999999642],"shapeName":"/levels/west_coast_usa/art/shapes/buildings/s_fuel_manhole_refill_double.dae","useInstanceRenderData":true}
{"class":"TSStatic","persistentId":"e35e1889-339d-4247-99ea-ef961bd1fc58","__parent":"fs_6_meshes","position":[-222.639465,-51.9507065,120.829224],"decalType":"None","isRenderEnabled":false,"rotationMatrix":[0.88581419,0.464039952,0.000378116267,-0.464040071,0.88581419,0.000231448706,-0.000227539276,-0.000380481681,0.999999881],"scale":[1,1,2],"shapeName":"/levels/west_coast_usa/art/shapes/buildings/s_fuel_manhole_refill.dae","useInstanceRenderData":true}
{"class":"TSStatic","persistentId":"88882886-1bde-4696-8cf8-84040e9ed486","__parent":"fs_6_meshes","position":[-202.269333,-47.9620934,120.792946],"isRenderEnabled":false,"rotationMatrix":[0.952275276,0.305240601,0,-0.305240601,0.952275276,0,0,0,1],"shapeName":"/levels/west_coast_usa/art/shapes/objects/guardrailpost.dae","useInstanceRenderData":true}
{"class":"TSStatic","persistentId":"05c0d2a8-e13f-430f-b993-b50b9689c33b","__parent":"fs_6_meshes","position":[-203.263519,-48.1579018,121.750084],"decalType":"None","isRenderEnabled":false,"rotationMatrix":[-0.952274919,-0.305240721,0,0.305240721,-0.952274919,0,0,0,1],"shapeName":"/levels/west_coast_usa/art/shapes/objects/guardrail2.dae","useInstanceRenderData":true}
{"class":"TSStatic","persistentId":"cd6730d6-7624-4c18-a01f-7e3a3875baaa","__parent":"fs_6_meshes","position":[-203.192642,-48.3790436,121.750084],"decalType":"None","isRenderEnabled":false,"rotationMatrix":[0.952275276,0.305240601,0,-0.305240601,0.952275276,0,0,0,1],"shapeName":"/levels/west_coast_usa/art/shapes/objects/guardrail2.dae","useInstanceRenderData":true}
{"class":"TSStatic","persistentId":"c1b8b8fb-93da-494e-a631-7be40176bffe","__parent":"fs_6_meshes","position":[-203.192642,-48.3790436,121.392426],"decalType":"None","isRenderEnabled":false,"rotationMatrix":[0.952275276,0.305240601,0,-0.305240601,0.952275276,0,0,0,1],"shapeName":"/levels/west_coast_usa/art/shapes/objects/guardrail2.dae","useInstanceRenderData":true}
{"class":"TSStatic","persistentId":"5e860715-8ea0-4701-9770-9da2a1eca728","__parent":"fs_6_meshes","position":[-203.263519,-48.1579018,121.392426],"decalType":"None","isRenderEnabled":false,"rotationMatrix":[-0.952274919,-0.305240721,0,0.305240721,-0.952274919,0,0,0,1],"shapeName":"/levels/west_coast_usa/art/shapes/objects/guardrail2.dae","useInstanceRenderData":true}
{"class":"TSStatic","persistentId":"3867a7f0-dfea-4595-b9c3-3d08d9b44a58","__parent":"fs_6_meshes","position":[-205.167435,-48.8064766,121.750084],"decalType":"None","isRenderEnabled":false,"rotationMatrix":[-0.940075755,-0.340966105,0,0.340966105,-0.940075755,0,0,0,1],"shapeName":"/levels/west_coast_usa/art/shapes/objects/guardrail2.dae","useInstanceRenderData":true}
{"class":"TSStatic","persistentId":"aaf0eb33-db5f-4648-b02b-0776091b3d04","__parent":"fs_6_meshes","position":[-205.167435,-48.8064766,121.392426],"decalType":"None","isRenderEnabled":false,"rotationMatrix":[-0.940075755,-0.340966105,0,0.340966105,-0.940075755,0,0,0,1],"shapeName":"/levels/west_coast_usa/art/shapes/objects/guardrail2.dae","useInstanceRenderData":true}
{"class":"TSStatic","persistentId":"6bae0648-b688-4ef1-846a-7b43b081c543","__parent":"fs_6_meshes","position":[-205.088257,-49.0247879,121.392426],"decalType":"None","isRenderEnabled":false,"rotationMatrix":[0.940075636,0.340966016,0,-0.340966016,0.940075636,0,0,0,1],"shapeName":"/levels/west_coast_usa/art/shapes/objects/guardrail2.dae","useInstanceRenderData":true}
{"class":"TSStatic","persistentId":"e13015f3-d96c-4c77-9f3a-85f781093e47","__parent":"fs_6_meshes","position":[-205.088257,-49.0247879,121.750084],"decalType":"None","isRenderEnabled":false,"rotationMatrix":[0.940075636,0.340966016,0,-0.340966016,0.940075636,0,0,0,1],"shapeName":"/levels/west_coast_usa/art/shapes/objects/guardrail2.dae","useInstanceRenderData":true}
{"class":"TSStatic","persistentId":"604cb6ae-7fdd-40f6-beee-c236dc35f9f2","__parent":"fs_6_meshes","position":[-204.181351,-48.5732841,120.792946],"isRenderEnabled":false,"rotationMatrix":[0.940075636,0.340966016,0,-0.340966016,0.940075636,0,0,0,1],"shapeName":"/levels/west_coast_usa/art/shapes/objects/guardrailpost.dae","useInstanceRenderData":true}
{"class":"TSStatic","persistentId":"002d7784-536e-4ac1-92c5-821ced6b4b7a","__parent":"fs_6_meshes","position":[-207.050674,-49.5446396,121.750084],"decalType":"None","isRenderEnabled":false,"rotationMatrix":[-0.921413898,-0.388583183,0,0.388583183,-0.921413898,0,0,0,1],"shapeName":"/levels/west_coast_usa/art/shapes/objects/guardrail2.dae","useInstanceRenderData":true}
{"class":"TSStatic","persistentId":"224bad2c-1c5e-48c7-9ef5-b8cf04c2ddfc","__parent":"fs_6_meshes","position":[-207.050674,-49.5446396,121.392426],"decalType":"None","isRenderEnabled":false,"rotationMatrix":[-0.921413898,-0.388583183,0,0.388583183,-0.921413898,0,0,0,1],"shapeName":"/levels/west_coast_usa/art/shapes/objects/guardrail2.dae","useInstanceRenderData":true}
{"class":"TSStatic","persistentId":"fcc6d16c-1d60-4ca2-8f9f-1cd3a1edf6a9","__parent":"fs_6_meshes","position":[-206.960449,-49.7586174,121.392426],"decalType":"None","isRenderEnabled":false,"rotationMatrix":[0.92141372,0.388583094,0,-0.388583094,0.92141372,0,0,0,1],"shapeName":"/levels/west_coast_usa/art/shapes/objects/guardrail2.dae","useInstanceRenderData":true}
{"class":"TSStatic","persistentId":"4913826e-c79c-4667-96e7-9b0dc0354ad1","__parent":"fs_6_meshes","position":[-206.960449,-49.7586174,121.750084],"decalType":"None","isRenderEnabled":false,"rotationMatrix":[0.92141372,0.388583094,0,-0.388583094,0.92141372,0,0,0,1],"shapeName":"/levels/west_coast_usa/art/shapes/objects/guardrail2.dae","useInstanceRenderData":true}
{"class":"TSStatic","persistentId":"7deb8dff-54cb-4cd6-a78e-178acbe36607","__parent":"fs_6_meshes","position":[-206.077805,-49.2613373,120.792946],"isRenderEnabled":false,"rotationMatrix":[0.92141372,0.388583094,0,-0.388583094,0.92141372,0,0,0,1],"shapeName":"/levels/west_coast_usa/art/shapes/objects/guardrailpost.dae","useInstanceRenderData":true}
{"class":"TSStatic","persistentId":"b01dd93e-3a45-4077-9688-b9fb7fe58843","__parent":"fs_6_meshes","position":[-208.870544,-50.4069977,121.750084],"decalType":"None","isRenderEnabled":false,"rotationMatrix":[-0.883662224,-0.468125015,0,0.468125015,-0.883662224,0,0,0,1],"shapeName":"/levels/west_coast_usa/art/shapes/objects/guardrail2.dae","useInstanceRenderData":true}
{"class":"TSStatic","persistentId":"0dea711e-a7e4-48ce-bae3-451af5998dd9","__parent":"fs_6_meshes","position":[-208.870544,-50.4069977,121.392426],"decalType":"None","isRenderEnabled":false,"rotationMatrix":[-0.883662224,-0.468125015,0,0.468125015,-0.883662224,0,0,0,1],"shapeName":"/levels/west_coast_usa/art/shapes/objects/guardrail2.dae","useInstanceRenderData":true}
{"class":"TSStatic","persistentId":"46cfd356-0eba-4f4a-b7b2-ecaba7c34ba8","__parent":"fs_6_meshes","position":[-208.761856,-50.6122093,121.392426],"decalType":"None","isRenderEnabled":false,"rotationMatrix":[0.883662283,0.468124956,0,-0.468124956,0.883662283,0,0,0,1],"shapeName":"/levels/west_coast_usa/art/shapes/objects/guardrail2.dae","useInstanceRenderData":true}
{"class":"TSStatic","persistentId":"e51bfa5d-6ec0-40e6-94b3-c2edbe12139b","__parent":"fs_6_meshes","position":[-208.761856,-50.6122093,121.750084],"decalType":"None","isRenderEnabled":false,"rotationMatrix":[0.883662283,0.468124956,0,-0.468124956,0.883662283,0,0,0,1],"shapeName":"/levels/west_coast_usa/art/shapes/objects/guardrail2.dae","useInstanceRenderData":true}
{"class":"TSStatic","persistentId":"f32ef2d8-a6b8-4ebd-905a-0acccd9ba684","__parent":"fs_6_meshes","position":[-207.926376,-50.0392189,120.792946],"isRenderEnabled":false,"rotationMatrix":[0.883662283,0.468124956,0,-0.468124956,0.883662283,0,0,0,1],"shapeName":"/levels/west_coast_usa/art/shapes/objects/guardrailpost.dae","useInstanceRenderData":true}
{"class":"TSStatic","persistentId":"891f2d11-9fbd-4af3-ab82-09bc3458563d","__parent":"fs_6_meshes","position":[-210.620148,-51.3954468,121.750084],"decalType":"None","isRenderEnabled":false,"rotationMatrix":[-0.856488228,-0.516167343,0,0.516167343,-0.856488228,0,0,0,1],"shapeName":"/levels/west_coast_usa/art/shapes/objects/guardrail2.dae","useInstanceRenderData":true}
{"class":"TSStatic","persistentId":"da6cc935-6e4f-46e9-ab14-5facffa0849f","__parent":"fs_6_meshes","position":[-210.620148,-51.3954468,121.392426],"decalType":"None","isRenderEnabled":false,"rotationMatrix":[-0.856488228,-0.516167343,0,0.516167343,-0.856488228,0,0,0,1],"shapeName":"/levels/west_coast_usa/art/shapes/objects/guardrail2.dae","useInstanceRenderData":true}
{"class":"TSStatic","persistentId":"106e6880-c5cd-4d19-8a38-1a5d68954e69","__parent":"fs_6_meshes","position":[-210.50029,-51.5943489,121.392426],"decalType":"None","isRenderEnabled":false,"rotationMatrix":[0.856487811,0.516167283,0,-0.516167283,0.856487811,0,0,0,1],"shapeName":"/levels/west_coast_usa/art/shapes/objects/guardrail2.dae","useInstanceRenderData":true}
{"class":"TSStatic","persistentId":"adbf741d-84fc-464f-9d2d-eb3370da16ba","__parent":"fs_6_meshes","position":[-210.50029,-51.5943489,121.750084],"decalType":"None","isRenderEnabled":false,"rotationMatrix":[0.856487811,0.516167283,0,-0.516167283,0.856487811,0,0,0,1],"shapeName":"/levels/west_coast_usa/art/shapes/objects/guardrail2.dae","useInstanceRenderData":true}
{"class":"TSStatic","persistentId":"da137d8f-b070-456f-87fa-134cb47b2489","__parent":"fs_6_meshes","position":[-209.697708,-50.9761353,120.792946],"isRenderEnabled":false,"rotationMatrix":[0.856487811,0.516167283,0,-0.516167283,0.856487811,0,0,0,1],"shapeName":"/levels/west_coast_usa/art/shapes/objects/guardrailpost.dae","useInstanceRenderData":true}
{"class":"TSStatic","persistentId":"03d9e301-9f2e-4da2-ad83-0604856bdce5","__parent":"fs_6_meshes","position":[-212.311722,-52.4526634,121.750084],"decalType":"None","isRenderEnabled":false,"rotationMatrix":[-0.838759303,-0.544502497,0,0.544502497,-0.838759303,0,0,0,1],"shapeName":"/levels/west_coast_usa/art/shapes/objects/guardrail2.dae","useInstanceRenderData":true}
{"class":"TSStatic","persistentId":"78aea5e7-6ff2-4483-b8da-d1a3f67e9e5e","__parent":"fs_6_meshes","position":[-212.311722,-52.4526634,121.392426],"decalType":"None","isRenderEnabled":false,"rotationMatrix":[-0.838759303,-0.544502497,0,0.544502497,-0.838759303,0,0,0,1],"shapeName":"/levels/west_coast_usa/art/shapes/objects/guardrail2.dae","useInstanceRenderData":true}
{"class":"TSStatic","persistentId":"77ecb2f3-2e36-481c-a9e7-a06f6a06d239","__parent":"fs_6_meshes","position":[-212.185272,-52.6474457,121.392426],"decalType":"None","isRenderEnabled":false,"rotationMatrix":[0.838759184,0.544502556,0,-0.544502556,0.838759184,0,0,0,1],"shapeName":"/levels/west_coast_usa/art/shapes/objects/guardrail2.dae","useInstanceRenderData":true}
{"class":"TSStatic","persistentId":"5a87cb02-0a52-4e98-8bd8-e335a2a470d4","__parent":"fs_6_meshes","position":[-212.185272,-52.6474457,121.750084],"decalType":"None","isRenderEnabled":false,"rotationMatrix":[0.838759184,0.544502556,0,-0.544502556,0.838759184,0,0,0,1],"shapeName":"/levels/west_coast_usa/art/shapes/objects/guardrail2.dae","useInstanceRenderData":true}
{"class":"TSStatic","persistentId":"b7de57ad-2c3b-4542-999e-3dddcd64b647","__parent":"fs_6_meshes","position":[-211.403809,-52.002758,120.792946],"isRenderEnabled":false,"rotationMatrix":[0.838759184,0.544502556,0,-0.544502556,0.838759184,0,0,0,1],"shapeName":"/levels/west_coast_usa/art/shapes/objects/guardrailpost.dae","useInstanceRenderData":true}
{"class":"TSStatic","persistentId":"6f704698-c94e-489d-9121-2b521efce9fe","__parent":"fs_6_meshes","position":[-213.99231,-53.5117111,121.750084],"decalType":"None","isRenderEnabled":false,"rotationMatrix":[-0.853053331,-0.521823049,0,0.521823049,-0.853053331,0,0,0,1],"shapeName":"/levels/west_coast_usa/art/shapes/objects/guardrail2.dae","useInstanceRenderData":true}
{"class":"TSStatic","persistentId":"0ccb272f-b7cb-40d8-a542-38c5872cfae4","__parent":"fs_6_meshes","position":[-213.99231,-53.5117111,121.392426],"decalType":"None","isRenderEnabled":false,"rotationMatrix":[-0.853053331,-0.521823049,0,0.521823049,-0.853053331,0,0,0,1],"shapeName":"/levels/west_coast_usa/art/shapes/objects/guardrail2.dae","useInstanceRenderData":true}
{"class":"TSStatic","persistentId":"279252b0-97e8-40d3-9b03-5106aea80ef3","__parent":"fs_6_meshes","position":[-213.87114,-53.7098122,121.392426],"decalType":"None","isRenderEnabled":false,"rotationMatrix":[0.85305357,0.521823347,0,-0.521823347,0.85305357,0,0,0,1],"shapeName":"/levels/west_coast_usa/art/shapes/objects/guardrail2.dae","useInstanceRenderData":true}
{"class":"TSStatic","persistentId":"6415955c-7b1d-4202-adc1-4a7ecaee4354","__parent":"fs_6_meshes","position":[-213.87114,-53.7098122,121.750084],"decalType":"None","isRenderEnabled":false,"rotationMatrix":[0.85305357,0.521823347,0,-0.521823347,0.85305357,0,0,0,1],"shapeName":"/levels/west_coast_usa/art/shapes/objects/guardrail2.dae","useInstanceRenderData":true}
{"class":"TSStatic","persistentId":"fc25ede9-0ec3-48c2-8c01-82d046cb8456","__parent":"fs_6_meshes","position":[-213.072662,-53.0863037,120.792946],"isRenderEnabled":false,"rotationMatrix":[0.85305357,0.521823347,0,-0.521823347,0.85305357,0,0,0,1],"shapeName":"/levels/west_coast_usa/art/shapes/objects/guardrailpost.dae","useInstanceRenderData":true}
{"class":"TSStatic","persistentId":"5ab35ba4-1175-4b0d-90e3-bc6f59e78a3d","__parent":"fs_6_meshes","position":[-215.671066,-54.5946922,121.753021],"decalType":"None","isRenderEnabled":false,"rotationMatrix":[-0.829704285,-0.558203399,0.000131217763,0.557934701,-0.829312086,-0.0308322087,0.0173194632,-0.0255084001,0.999524593],"shapeName":"/levels/west_coast_usa/art/shapes/objects/guardrail2.dae","useInstanceRenderData":true}
{"class":"TSStatic","persistentId":"87f56544-2c80-4b1a-9a2a-5646b6436dfc","__parent":"fs_6_meshes","position":[-215.677261,-54.5855713,121.395538],"decalType":"None","isRenderEnabled":false,"rotationMatrix":[-0.829704285,-0.558203399,0.000131217763,0.557934701,-0.829312086,-0.0308322087,0.0173194632,-0.0255084001,0.999524593],"shapeName":"/levels/west_coast_usa/art/shapes/objects/guardrail2.dae","useInstanceRenderData":true}
{"class":"TSStatic","persistentId":"28d717c6-a73d-404d-a154-1e5ad9bc80d8","__parent":"fs_6_meshes","position":[-215.547729,-54.7781639,121.388374],"decalType":"None","isRenderEnabled":false,"rotationMatrix":[0.829703867,0.558203816,-0.000131207518,-0.557935119,0.829311669,0.030832218,0.0173194706,-0.0255084056,0.999524593],"shapeName":"/levels/west_coast_usa/art/shapes/objects/guardrail2.dae","useInstanceRenderData":true}
{"class":"TSStatic","persistentId":"8a58073c-240f-4480-8003-34cdab44b24d","__parent":"fs_6_meshes","position":[-215.541534,-54.7872849,121.745865],"decalType":"None","isRenderEnabled":false,"rotationMatrix":[0.829703867,0.558203816,-0.000131207518,-0.557935119,0.829311669,0.030832218,0.0173194706,-0.0255084056,0.999524593],"shapeName":"/levels/west_coast_usa/art/shapes/objects/guardrail2.dae","useInstanceRenderData":true}
{"class":"TSStatic","persistentId":"cf8c11db-35cf-493f-ab8d-cd7e621375bf","__parent":"fs_6_meshes","position":[-214.787292,-54.1054802,120.792603],"isRenderEnabled":false,"rotationMatrix":[0.829703867,0.558203816,-0.000131207518,-0.557935119,0.829311669,0.030832218,0.0173194706,-0.0255084056,0.999524593],"shapeName":"/levels/west_coast_usa/art/shapes/objects/guardrailpost.dae","useInstanceRenderData":true}
{"class":"TSStatic","persistentId":"81a3955b-03ca-4240-afe9-3212bdde1001","__parent":"fs_6_meshes","position":[-217.36055,-55.6631966,121.755234],"decalType":"None","isRenderEnabled":false,"rotationMatrix":[-0.860559583,-0.509345889,0.00184870325,0.508617997,-0.859512806,-0.0504481196,0.0272845309,-0.042473346,0.998724997],"shapeName":"/levels/west_coast_usa/art/shapes/objects/guardrail2.dae","useInstanceRenderData":true}
{"class":"TSStatic","persistentId":"beeb8c06-fa25-4b77-872f-b53763f9fb9e","__parent":"fs_6_meshes","position":[-217.3703,-55.6480026,121.398026],"decalType":"None","isRenderEnabled":false,"rotationMatrix":[-0.860559583,-0.509345889,0.00184870325,0.508617997,-0.859512806,-0.0504481196,0.0272845309,-0.042473346,0.998724997],"shapeName":"/levels/west_coast_usa/art/shapes/objects/guardrail2.dae","useInstanceRenderData":true}
{"class":"TSStatic","persistentId":"774d3405-4484-4451-9e00-129b4186c51d","__parent":"fs_6_meshes","position":[-217.252197,-55.8476105,121.386314],"decalType":"None","isRenderEnabled":false,"rotationMatrix":[0.860559702,0.509346187,-0.00184868742,-0.508618295,0.859512866,0.0504481345,0.0272845402,-0.0424733534,0.998724997],"shapeName":"/levels/west_coast_usa/art/shapes/objects/guardrail2.dae","useInstanceRenderData":true}
{"class":"TSStatic","persistentId":"67e55bcf-4a30-454f-94b7-9515e607a717","__parent":"fs_6_meshes","position":[-217.242447,-55.8627968,121.743515],"decalType":"None","isRenderEnabled":false,"rotationMatrix":[0.860559702,0.509346187,-0.00184868742,-0.508618295,0.859512866,0.0504481345,0.0272845402,-0.0424733534,0.998724997],"shapeName":"/levels/west_coast_usa/art/shapes/objects/guardrail2.dae","useInstanceRenderData":true}
{"class":"TSStatic","persistentId":"1e4a3948-5f91-4ee7-b20f-6fd93702a454","__parent":"fs_6_meshes","position":[-216.460999,-55.210453,120.79155],"isRenderEnabled":false,"rotationMatrix":[0.860559702,0.509346187,-0.00184868742,-0.508618295,0.859512866,0.0504481345,0.0272845402,-0.0424733534,0.998724997],"shapeName":"/levels/west_coast_usa/art/shapes/objects/guardrailpost.dae","useInstanceRenderData":true}
{"class":"TSStatic","persistentId":"109de343-2268-4c29-97a1-e477ef1c44de","__parent":"fs_6_meshes","position":[-219.08432,-56.7003593,121.750084],"decalType":"None","isRenderEnabled":false,"rotationMatrix":[-0.852272034,-0.523098409,0,0.523098409,-0.852272034,0,0,0,1],"shapeName":"/levels/west_coast_usa/art/shapes/objects/guardrail2.dae","useInstanceRenderData":true}
{"class":"TSStatic","persistentId":"40caf84c-8b41-4518-9238-841bc4f4d6bc","__parent":"fs_6_meshes","position":[-219.08432,-56.7003593,121.392426],"decalType":"None","isRenderEnabled":false,"rotationMatrix":[-0.852272034,-0.523098409,0,0.523098409,-0.852272034,0,0,0,1],"shapeName":"/levels/west_coast_usa/art/shapes/objects/guardrail2.dae","useInstanceRenderData":true}
{"class":"TSStatic","persistentId":"51af45ee-eab3-4f60-a674-f6addb4b71ee","__parent":"fs_6_meshes","position":[-218.962845,-56.8982811,121.392426],"decalType":"None","isRenderEnabled":false,"rotationMatrix":[0.852272153,0.523098648,0,-0.523098648,0.852272153,0,0,0,1],"shapeName":"/levels/west_coast_usa/art/shapes/objects/guardrail2.dae","useInstanceRenderData":true}
{"class":"TSStatic","persistentId":"a1c5a07f-3326-4ce9-bdce-5ea10eaff5fc","__parent":"fs_6_meshes","position":[-218.962845,-56.8982811,121.750084],"decalType":"None","isRenderEnabled":false,"rotationMatrix":[0.852272153,0.523098648,0,-0.523098648,0.852272153,0,0,0,1],"shapeName":"/levels/west_coast_usa/art/shapes/objects/guardrail2.dae","useInstanceRenderData":true}
{"class":"TSStatic","persistentId":"b3743305-19ad-41a4-8704-aca45814d32a","__parent":"fs_6_meshes","position":[-218.165314,-56.2735825,120.792946],"isRenderEnabled":false,"rotationMatrix":[0.852272153,0.523098648,0,-0.523098648,0.852272153,0,0,0,1],"shapeName":"/levels/west_coast_usa/art/shapes/objects/guardrailpost.dae","useInstanceRenderData":true}
{"class":"TSStatic","persistentId":"04d73311-1701-4f33-9282-33de6441ffbe","__parent":"fs_6_meshes","position":[-220.793243,-57.7419434,121.750084],"decalType":"None","isRenderEnabled":false,"rotationMatrix":[-0.85544908,-0.517888069,0,0.517888069,-0.85544908,0,0,0,1],"shapeName":"/levels/west_coast_usa/art/shapes/objects/guardrail2.dae","useInstanceRenderData":true}
{"class":"TSStatic","persistentId":"ced17225-f237-4429-b118-ef2076966be5","__parent":"fs_6_meshes","position":[-220.793243,-57.7419434,121.392426],"decalType":"None","isRenderEnabled":false,"rotationMatrix":[-0.85544908,-0.517888069,0,0.517888069,-0.85544908,0,0,0,1],"shapeName":"/levels/west_coast_usa/art/shapes/objects/guardrail2.dae","useInstanceRenderData":true}
{"class":"TSStatic","persistentId":"da8e77ac-1abd-4289-b996-b6486d8f8850","__parent":"fs_6_meshes","position":[-220.672989,-57.9406052,121.392426],"decalType":"None","isRenderEnabled":false,"rotationMatrix":[0.855448365,0.517888129,0,-0.517888129,0.855448365,0,0,0,1],"shapeName":"/levels/west_coast_usa/art/shapes/objects/guardrail2.dae","useInstanceRenderData":true}
{"class":"TSStatic","persistentId":"113dbf51-6a47-4255-9363-9ebec51c7c8b","__parent":"fs_6_meshes","position":[-220.672989,-57.9406052,121.750084],"decalType":"None","isRenderEnabled":false,"rotationMatrix":[0.855448365,0.517888129,0,-0.517888129,0.855448365,0,0,0,1],"shapeName":"/levels/west_coast_usa/art/shapes/objects/guardrail2.dae","useInstanceRenderData":true}
{"class":"TSStatic","persistentId":"2e2ca3e1-f85a-41ac-8e13-0e97f1f6ea1d","__parent":"fs_6_meshes","position":[-219.871658,-57.3207855,120.792946],"isRenderEnabled":false,"rotationMatrix":[0.855448365,0.517888129,0,-0.517888129,0.855448365,0,0,0,1],"shapeName":"/levels/west_coast_usa/art/shapes/objects/guardrailpost.dae","useInstanceRenderData":true}
{"class":"TSStatic","persistentId":"ccd4ea39-1b7f-4b5d-813a-bff3f81ade97","__parent":"fs_6_meshes","position":[-222.50383,-58.7715111,121.750084],"decalType":"None","isRenderEnabled":false,"rotationMatrix":[-0.858108163,-0.513469815,0,0.513469815,-0.858108163,0,0,0,1],"shapeName":"/levels/west_coast_usa/art/shapes/objects/guardrail2.dae","useInstanceRenderData":true}
{"class":"TSStatic","persistentId":"88d82111-3a12-4458-8c37-c0abdec4a33c","__parent":"fs_6_meshes","position":[-222.50383,-58.7715111,121.392426],"decalType":"None","isRenderEnabled":false,"rotationMatrix":[-0.858108163,-0.513469815,0,0.513469815,-0.858108163,0,0,0,1],"shapeName":"/levels/west_coast_usa/art/shapes/objects/guardrail2.dae","useInstanceRenderData":true}
{"class":"TSStatic","persistentId":"ccd34b08-a585-471e-bf96-5b03fb703aff","__parent":"fs_6_meshes","position":[-222.384613,-58.9707909,121.392426],"decalType":"None","isRenderEnabled":false,"rotationMatrix":[0.858107567,0.513469994,0,-0.513469994,0.858107567,0,0,0,1],"shapeName":"/levels/west_coast_usa/art/shapes/objects/guardrail2.dae","useInstanceRenderData":true}
{"class":"TSStatic","persistentId":"db8d6721-802d-4156-97a6-35460cae7419","__parent":"fs_6_meshes","position":[-222.384613,-58.9707909,121.750084],"decalType":"None","isRenderEnabled":false,"rotationMatrix":[0.858107567,0.513469994,0,-0.513469994,0.858107567,0,0,0,1],"shapeName":"/levels/west_coast_usa/art/shapes/objects/guardrail2.dae","useInstanceRenderData":true}
{"class":"TSStatic","persistentId":"9386adcf-ae5d-42bc-ad79-c38476c61261","__parent":"fs_6_meshes","position":[-221.580093,-58.3551102,120.792946],"isRenderEnabled":false,"rotationMatrix":[0.858107567,0.513469994,0,-0.513469994,0.858107567,0,0,0,1],"shapeName":"/levels/west_coast_usa/art/shapes/objects/guardrailpost.dae","useInstanceRenderData":true}
{"class":"TSStatic","persistentId":"fcfc103d-cf8f-479f-9920-b1d2f4e0fa68","__parent":"fs_6_meshes","position":[-224.214035,-59.7862129,121.750084],"decalType":"None","isRenderEnabled":false,"rotationMatrix":[-0.861823201,-0.50720799,0,0.50720799,-0.861823201,0,0,0,1],"shapeName":"/levels/west_coast_usa/art/shapes/objects/guardrail2.dae","useInstanceRenderData":true}
{"class":"TSStatic","persistentId":"adc80cb5-047a-45e6-bc94-fddc32b98a95","__parent":"fs_6_meshes","position":[-224.214035,-59.7862129,121.392426],"decalType":"None","isRenderEnabled":false,"rotationMatrix":[-0.861823201,-0.50720799,0,0.50720799,-0.861823201,0,0,0,1],"shapeName":"/levels/west_coast_usa/art/shapes/objects/guardrail2.dae","useInstanceRenderData":true}
{"class":"TSStatic","persistentId":"6e859343-f247-4a88-89a7-d3284aeebac8","__parent":"fs_6_meshes","position":[-224.096283,-59.9863548,121.392426],"decalType":"None","isRenderEnabled":false,"rotationMatrix":[0.86182344,0.507208526,0,-0.507208526,0.86182344,0,0,0,1],"shapeName":"/levels/west_coast_usa/art/shapes/objects/guardrail2.dae","useInstanceRenderData":true}
{"class":"TSStatic","persistentId":"4ced42bc-8a37-4012-900b-81b9de73b968","__parent":"fs_6_meshes","position":[-224.096283,-59.9863548,121.750084],"decalType":"None","isRenderEnabled":false,"rotationMatrix":[0.86182344,0.507208526,0,-0.507208526,0.86182344,0,0,0,1],"shapeName":"/levels/west_coast_usa/art/shapes/objects/guardrail2.dae","useInstanceRenderData":true}
{"class":"TSStatic","persistentId":"69a253b2-984f-4f43-b0ce-0681e780f198","__parent":"fs_6_meshes","position":[-223.287292,-59.3765488,120.792946],"isRenderEnabled":false,"rotationMatrix":[0.86182344,0.507208526,0,-0.507208526,0.86182344,0,0,0,1],"shapeName":"/levels/west_coast_usa/art/shapes/objects/guardrailpost.dae","useInstanceRenderData":true}
{"class":"TSStatic","persistentId":"3b748acb-24b0-4389-be95-e0fc0c91a16b","__parent":"fs_6_meshes","position":[-225.948898,-60.7849503,121.750084],"decalType":"None","isRenderEnabled":false,"rotationMatrix":[-0.871447206,-0.490490526,0,0.490490526,-0.871447206,0,0,0,1],"shapeName":"/levels/west_coast_usa/art/shapes/objects/guardrail2.dae","useInstanceRenderData":true}
{"class":"TSStatic","persistentId":"d50f201b-15e7-40c5-8cf7-edb71b814f6f","__parent":"fs_6_meshes","position":[-225.948898,-60.7849503,121.392426],"decalType":"None","isRenderEnabled":false,"rotationMatrix":[-0.871447206,-0.490490526,0,0.490490526,-0.871447206,0,0,0,1],"shapeName":"/levels/west_coast_usa/art/shapes/objects/guardrail2.dae","useInstanceRenderData":true}
{"class":"TSStatic","persistentId":"317b89f5-41ae-4e1b-833d-ff6417ce2b51","__parent":"fs_6_meshes","position":[-225.835022,-60.9873276,121.392426],"decalType":"None","isRenderEnabled":false,"rotationMatrix":[0.871446371,0.490490884,0,-0.490490884,0.871446371,0,0,0,1],"shapeName":"/levels/west_coast_usa/art/shapes/objects/guardrail2.dae","useInstanceRenderData":true}
{"class":"TSStatic","persistentId":"eed8757d-12cf-4221-9d5d-45935a40c885","__parent":"fs_6_meshes","position":[-225.835022,-60.9873276,121.750084],"decalType":"None","isRenderEnabled":false,"rotationMatrix":[0.871446371,0.490490884,0,-0.490490884,0.871446371,0,0,0,1],"shapeName":"/levels/west_coast_usa/art/shapes/objects/guardrail2.dae","useInstanceRenderData":true}
{"class":"TSStatic","persistentId":"9ce162cc-f6ee-48bb-8d00-7ce00a6421ae","__parent":"fs_6_meshes","position":[-225.01442,-60.3932381,120.792946],"isRenderEnabled":false,"rotationMatrix":[0.871446371,0.490490884,0,-0.490490884,0.871446371,0,0,0,1],"shapeName":"/levels/west_coast_usa/art/shapes/objects/guardrailpost.dae","useInstanceRenderData":true}
{"class":"TSStatic","persistentId":"e2160a4e-2c7d-4699-8dcc-c839d3f92447","__parent":"fs_6_meshes","position":[-227.732895,-61.7247581,121.750084],"decalType":"None","isRenderEnabled":false,"rotationMatrix":[-0.897397637,-0.441222399,0,0.441222399,-0.897397637,0,0,0,1],"scale":[0.973825574,1,1],"shapeName":"/levels/west_coast_usa/art/shapes/objects/guardrail2.dae","useInstanceRenderData":true}
{"class":"TSStatic","persistentId":"fcf42dae-b138-40b8-8ae4-310aa2900c31","__parent":"fs_6_meshes","position":[-227.732895,-61.7247581,121.392426],"decalType":"None","isRenderEnabled":false,"rotationMatrix":[-0.897397637,-0.441222399,0,0.441222399,-0.897397637,0,0,0,1],"scale":[0.973825574,1,1],"shapeName":"/levels/west_coast_usa/art/shapes/objects/guardrail2.dae","useInstanceRenderData":true}
{"class":"TSStatic","persistentId":"f7c6d275-32f7-4756-ac4d-bdc54e6e28ae","__parent":"fs_6_meshes","position":[-227.610519,-61.9233589,121.392426],"decalType":"None","isRenderEnabled":false,"rotationMatrix":[0.897397459,0.441223085,0,-0.441223085,0.897397459,0,0,0,1],"shapeName":"/levels/west_coast_usa/art/shapes/objects/guardrail2.dae","useInstanceRenderData":true}
{"class":"TSStatic","persistentId":"34afca24-9ad4-4ad5-8cab-58733c325c7f","__parent":"fs_6_meshes","position":[-227.610519,-61.9233589,121.750084],"decalType":"None","isRenderEnabled":false,"rotationMatrix":[0.897397459,0.441223085,0,-0.441223085,0.897397459,0,0,0,1],"shapeName":"/levels/west_coast_usa/art/shapes/objects/guardrail2.dae","useInstanceRenderData":true}
{"class":"TSStatic","persistentId":"c242ff6b-7ff1-45b0-9d8c-b5aced7e7693","__parent":"fs_6_meshes","position":[-226.758118,-61.3758659,120.792946],"isRenderEnabled":false,"rotationMatrix":[0.897397459,0.441223085,0,-0.441223085,0.897397459,0,0,0,1],"shapeName":"/levels/west_coast_usa/art/shapes/objects/guardrailpost.dae","useInstanceRenderData":true}
{"class":"TSStatic","persistentId":"60c1bc16-ed84-44db-8620-751d2d44edfc","__parent":"fs_6_meshes","position":[-229.555206,-62.3782997,121.750084],"decalType":"None","isRenderEnabled":false,"rotationMatrix":[-0.972412586,-0.233271435,0,0.233271435,-0.972412586,0,0,0,1],"scale":[0.94958365,1,1],"shapeName":"/levels/west_coast_usa/art/shapes/objects/guardrail2.dae","useInstanceRenderData":true}
{"class":"TSStatic","persistentId":"23ef196a-0b4a-4397-bcc1-9bbf6034f907","__parent":"fs_6_meshes","position":[-229.555206,-62.3782997,121.392426],"decalType":"None","isRenderEnabled":false,"rotationMatrix":[-0.972412586,-0.233271435,0,0.233271435,-0.972412586,0,0,0,1],"scale":[0.94958365,1,1],"shapeName":"/levels/west_coast_usa/art/shapes/objects/guardrail2.dae","useInstanceRenderData":true}
{"class":"TSStatic","persistentId":"ab23b9c3-1e42-48d6-b548-ab2915d1386d","__parent":"fs_6_meshes","position":[-229.490402,-62.6015663,121.392426],"decalType":"None","isRenderEnabled":false,"rotationMatrix":[0.972411513,0.233272076,0,-0.233272076,0.972411513,0,0,0,1],"shapeName":"/levels/west_coast_usa/art/shapes/objects/guardrail2.dae","useInstanceRenderData":true}
{"class":"TSStatic","persistentId":"4945756e-6489-4007-89d4-a7093f8b73a7","__parent":"fs_6_meshes","position":[-229.490402,-62.6015663,121.750084],"decalType":"None","isRenderEnabled":false,"rotationMatrix":[0.972411513,0.233272076,0,-0.233272076,0.972411513,0,0,0,1],"shapeName":"/levels/west_coast_usa/art/shapes/objects/guardrail2.dae","useInstanceRenderData":true}
{"class":"TSStatic","persistentId":"1ed7f596-5488-498a-bc10-2a957facdf66","__parent":"fs_6_meshes","position":[-228.538544,-62.254734,120.792946],"isRenderEnabled":false,"rotationMatrix":[0.972411513,0.233272076,0,-0.233272076,0.972411513,0,0,0,1],"shapeName":"/levels/west_coast_usa/art/shapes/objects/guardrailpost.dae","useInstanceRenderData":true}
{"class":"TSStatic","persistentId":"ddb029d9-5f1d-4f76-a350-f15e83ebce46","__parent":"fs_6_meshes","position":[-231.431396,-62.4245377,121.750084],"decalType":"None","isRenderEnabled":false,"rotationMatrix":[-0.983708739,0.179774478,0,-0.179774478,-0.983708739,0,0,0,1],"scale":[0.942914963,1,1],"shapeName":"/levels/west_coast_usa/art/shapes/objects/guardrail2.dae","useInstanceRenderData":true}
{"class":"TSStatic","persistentId":"a21f0228-458c-443f-a64a-8ce5d431b5d9","__parent":"fs_6_meshes","position":[-231.431396,-62.4245377,121.392426],"decalType":"None","isRenderEnabled":false,"rotationMatrix":[-0.983708739,0.179774478,0,-0.179774478,-0.983708739,0,0,0,1],"scale":[0.942914963,1,1],"shapeName":"/levels/west_coast_usa/art/shapes/objects/guardrail2.dae","useInstanceRenderData":true}
{"class":"TSStatic","persistentId":"39a8601b-627c-4e50-be98-d7a287577ff2","__parent":"fs_6_meshes","position":[-231.451218,-62.6569862,121.392426],"decalType":"None","isRenderEnabled":false,"rotationMatrix":[0.983708024,-0.179773688,0,0.179773688,0.983708024,0,0,0,1],"shapeName":"/levels/west_coast_usa/art/shapes/objects/guardrail2.dae","useInstanceRenderData":true}
{"class":"TSStatic","persistentId":"911e2ebc-a113-4b81-8599-23ba9a7b69e6","__parent":"fs_6_meshes","position":[-231.451218,-62.6569862,121.750084],"decalType":"None","isRenderEnabled":false,"rotationMatrix":[0.983708024,-0.179773688,0,0.179773688,0.983708024,0,0,0,1],"shapeName":"/levels/west_coast_usa/art/shapes/objects/guardrail2.dae","useInstanceRenderData":true}
{"class":"TSStatic","persistentId":"2484177c-5c36-4ce8-931d-4be5f04148bb","__parent":"fs_6_meshes","position":[-230.440399,-62.7245827,120.792946],"isRenderEnabled":false,"rotationMatrix":[0.983708024,-0.179773688,0,0.179773688,0.983708024,0,0,0,1],"shapeName":"/levels/west_coast_usa/art/shapes/objects/guardrailpost.dae","useInstanceRenderData":true}
{"class":"TSStatic","persistentId":"9dfe1502-2116-4502-952a-68121766556c","__parent":"fs_6_meshes","position":[-232.383545,-62.3826637,120.792946],"isRenderEnabled":false,"rotationMatrix":[0.798743129,-0.601672173,0,0.601672173,0.798743129,0,0,0,1],"shapeName":"/levels/west_coast_usa/art/shapes/objects/guardrailpost.dae","useInstanceRenderData":true}
{"class":"TSStatic","persistentId":"05fdd8ef-6711-4f0f-ac22-4d0079807b09","__parent":"fs_6_meshes","position":[-233.256805,-61.8691139,121.750084],"decalType":"None","isRenderEnabled":false,"rotationMatrix":[0.798743129,-0.601672173,0,0.601672173,0.798743129,0,0,0,1],"shapeName":"/levels/west_coast_usa/art/shapes/objects/guardrail2.dae","useInstanceRenderData":true}
{"class":"TSStatic","persistentId":"26289a96-3bcb-411c-844b-f5bb611b50eb","__parent":"fs_6_meshes","position":[-233.151947,-61.6573792,121.750084],"decalType":"None","isRenderEnabled":false,"rotationMatrix":[-0.798742771,0.601672709,0,-0.601672709,-0.798742771,0,0,0,1],"scale":[0.97482717,1,1],"shapeName":"/levels/west_coast_usa/art/shapes/objects/guardrail2.dae","useInstanceRenderData":true}
{"class":"TSStatic","persistentId":"5e6cc746-752f-4879-8264-15eb82dffb16","__parent":"fs_6_meshes","position":[-234.006393,-61.1602325,120.792946],"isRenderEnabled":false,"rotationMatrix":[0.739825606,-0.672798574,0,0.672798574,0.739825606,0,0,0,1],"shapeName":"/levels/west_coast_usa/art/shapes/objects/guardrailpost.dae","useInstanceRenderData":true}
{"class":"TSStatic","persistentId":"5a3aa9b8-df1e-4d3b-a149-9fd83124fff3","__parent":"fs_6_meshes","position":[-234.828552,-60.5683022,121.750084],"decalType":"None","isRenderEnabled":false,"rotationMatrix":[0.739825606,-0.672798574,0,0.672798574,0.739825606,0,0,0,1],"shapeName":"/levels/west_coast_usa/art/shapes/objects/guardrail2.dae","useInstanceRenderData":true}
{"class":"TSStatic","persistentId":"4e279b4c-610d-458f-813f-87a81bffc23a","__parent":"fs_6_meshes","position":[-234.672318,-60.3965111,121.750084],"decalType":"None","isRenderEnabled":false,"rotationMatrix":[-0.739824891,0.67279917,0,-0.67279917,-0.739824891,0,0,0,1],"shapeName":"/levels/west_coast_usa/art/shapes/objects/guardrail2.dae","useInstanceRenderData":true}
{"class":"TSStatic","persistentId":"837c3f65-e176-4ef3-8bb7-8e538d5bce32","__parent":"fs_6_meshes","position":[-235.477783,-59.8221436,120.792946],"isRenderEnabled":false,"rotationMatrix":[-0.739825606,0.672798872,0,-0.672798872,-0.739825606,0,0,0,1],"shapeName":"/levels/west_coast_usa/art/shapes/objects/guardrailpost.dae","useInstanceRenderData":true}
{"class":"TSStatic","persistentId":"e4751251-1be1-4837-a9d0-28562cde9d4d","__parent":"fs_6_meshes","position":[-234.828552,-60.5683022,121.392868],"decalType":"None","isRenderEnabled":false,"rotationMatrix":[0.739825606,-0.672798574,0,0.672798574,0.739825606,0,0,0,1],"shapeName":"/levels/west_coast_usa/art/shapes/objects/guardrail2.dae","useInstanceRenderData":true}
{"class":"TSStatic","persistentId":"51e0ab43-c515-44b9-98e7-d93bcae7a641","__parent":"fs_6_meshes","position":[-234.672318,-60.3965111,121.392868],"decalType":"None","isRenderEnabled":false,"rotationMatrix":[-0.739824891,0.67279917,0,-0.67279917,-0.739824891,0,0,0,1],"shapeName":"/levels/west_coast_usa/art/shapes/objects/guardrail2.dae","useInstanceRenderData":true}
{"class":"TSStatic","persistentId":"84a085f4-1573-4e6c-a66e-75e346b86dcb","__parent":"fs_6_meshes","position":[-233.256805,-61.8691139,121.392868],"decalType":"None","isRenderEnabled":false,"rotationMatrix":[0.798743129,-0.601672173,0,0.601672173,0.798743129,0,0,0,1],"shapeName":"/levels/west_coast_usa/art/shapes/objects/guardrail2.dae","useInstanceRenderData":true}
{"class":"TSStatic","persistentId":"9549f053-a9ef-4523-8096-f3ba24209d3e","__parent":"fs_6_meshes","position":[-233.151947,-61.6573792,121.392868],"decalType":"None","isRenderEnabled":false,"rotationMatrix":[-0.798742771,0.601672709,0,-0.601672709,-0.798742771,0,0,0,1],"scale":[0.97482717,1,1],"shapeName":"/levels/west_coast_usa/art/shapes/objects/guardrail2.dae","useInstanceRenderData":true}
{"class":"TSStatic","persistentId":"be8b9e0c-dbd0-49e2-8076-5fb4cf7851e2","__parent":"fs_6_meshes","position":[-228.442978,-62.3910675,121.607948],"isRenderEnabled":false,"rotationMatrix":[-0.914512873,-0.404504061,0.00658496609,0.404512823,-0.914532661,-3.49245965e-10,0.00602216506,0.0026637027,0.999978304],"scale":[0.606543064,1,0.606543064],"shapeName":"/levels/west_coast_usa/art/shapes/objects/sign_chevron_R.dae","useInstanceRenderData":true}
{"class":"TSStatic","persistentId":"f6690b7f-8ed8-4cbe-8784-a3b7603fe036","__parent":"fs_6_meshes","position":[-224.949905,-60.5487938,121.612564],"isRenderEnabled":false,"rotationMatrix":[-0.870583892,-0.491975069,-0.00670765387,0.491986156,-0.870603561,0,-0.00583970407,-0.00330007216,0.999977529],"scale":[0.606999993,1,0.607299984],"shapeName":"/levels/west_coast_usa/art/shapes/objects/sign_chevron_R.dae","useInstanceRenderData":true}
{"class":"TSStatic","persistentId":"f3a68714-9037-41b8-a42e-121cc76e1d7e","__parent":"fs_6_meshes","position":[-215.243301,-60.4654198,121.139793],"isRenderEnabled":false,"rotationMatrix":[0.857316256,0.514584124,-0.0145578701,-0.514786422,0.857073605,-0.0204877947,0.00193447061,0.0250587147,0.999684095],"shapeName":"/levels/west_coast_usa/art/shapes/objects/pole_light_double.dae","useInstanceRenderData":true}
