{"class":"TSStatic","persistentId":"b651e63b-b60a-4649-a6df-c88e685e9c84","__parent":"rocks_map_edges","position":[-914.59967,-1535.60461,178.556686],"isRenderEnabled":false,"rotationMatrix":[0.983525038,0,-0.180771843,0,1,0,0.180771843,0,0.983525038],"scale":[3.01035166,3.01035166,3.01035166],"shapeName":"/levels/johnson_valley/art/shapes/rocks/s_rocks_desert_large_05.dae","useInstanceRenderData":true}
{"class":"TSStatic","persistentId":"fae7c63f-cb06-4ccd-ad54-bf90f2fe6bbf","__parent":"rocks_map_edges","position":[-918.888733,-1534.75208,179.367462],"isRenderEnabled":false,"rotationMatrix":[-0.917223811,0.360941321,0.168585703,-0.354994863,-0.93258822,0.0652480274,0.180771813,-3.7252903e-09,0.983525038],"scale":[3.01035166,3.01035166,3.01035166],"shapeName":"/levels/johnson_valley/art/shapes/rocks/s_rocks_desert_large_05.dae","useInstanceRenderData":true}
{"class":"TSStatic","persistentId":"fc8cbd64-ded0-403b-b44d-1afdd57323e9","__parent":"rocks_map_edges","position":[-927.447693,-1533.71594,181.32019],"isRenderEnabled":false,"rotationMatrix":[0.976301491,0,0.216414794,0,1,0,-0.216414794,0,0.976301491],"scale":[2.40800786,2.40800786,2.40800786],"shapeName":"/levels/johnson_valley/art/shapes/rocks/s_rocks_desert_large_04.dae","useInstanceRenderData":true}
{"class":"TSStatic","persistentId":"e85a1ef6-72a8-4071-a39c-157b73340a56","__parent":"rocks_map_edges","position":[-934.318359,-1534.0282,180.624237],"isRenderEnabled":false,"rotationMatrix":[-0.967728257,0.132231817,-0.214514405,-0.129098132,-0.991218686,-0.0286169238,-0.216414779,1.86264515e-09,0.976301491],"scale":[2.40800786,2.40800786,2.40800786],"shapeName":"/levels/johnson_valley/art/shapes/rocks/s_rocks_desert_large_04.dae","useInstanceRenderData":true}
{"class":"TSStatic","persistentId":"2e9b5ea8-c406-4cf5-8d63-ce0abf228ab2","__parent":"rocks_map_edges","position":[-941.467468,-1533.05127,179.039505],"isRenderEnabled":false,"rotationMatrix":[-0.967728496,0.132231817,-0.214514434,-0.167175487,0.300084054,0.939149618,0.188557833,0.944703341,-0.268293977],"scale":[2.40800786,2.40800786,2.40800786],"shapeName":"/levels/johnson_valley/art/shapes/rocks/s_rocks_desert_large_04.dae","useInstanceRenderData":true}
{"name":"p_desert_rocks_large_04_ridge3","class":"Prefab","persistentId":"0fa97dc9-884f-4656-a968-584cd8bdf016","__parent":"rocks_map_edges","position":[-820.608032,-1536.77612,189.249496],"fileName":"/levels/johnson_valley/art/shapes/rocks/p_desert_rocks_large_04_ridge.prefab","rotationMatrix":[0.98527652,0.0646262467,0.158283398,-3.7252903e-09,0.925805151,-0.378001153,-0.170968369,0.372435629,0.912174046],"scale":[2.40664053,2.40664053,2.40664053]}
{"class":"TSStatic","persistentId":"63973242-eea5-4d2b-8545-50872931da3d","__parent":"rocks_map_edges","position":[-842.695251,-1535.9646,186.647736],"isRenderEnabled":false,"rotationMatrix":[0.0640748739,-0.92913413,0.364148587,0.953844666,0.164296627,0.251370192,-0.293384999,0.331234694,0.896776915],"scale":[1.26250005,1.26250005,1.26250005],"shapeName":"/levels/johnson_valley/art/shapes/rocks/s_rocks_desert_collection_02.dae","useInstanceRenderData":true}
{"class":"TSStatic","persistentId":"0d2b7b7f-fcda-489a-8948-f8735c3a62bc","__parent":"rocks_map_edges","position":[1140.08423,-1533.42004,146.776627],"isRenderEnabled":false,"rotationMatrix":[0.97084862,-0.00749288499,-0.23957634,-0.0742265135,-0.959776521,-0.270774633,-0.227910936,0.280664116,-0.932353854],"scale":[4.4998045,4.4998045,4.4998045],"shapeName":"/levels/johnson_valley/art/shapes/rocks/s_rocks_desert_large_07.dae","useInstanceRenderData":true}
{"class":"TSStatic","persistentId":"99dcab7e-aabd-46da-9453-1f8c97ca5b20","__parent":"rocks_map_edges","position":[1040.09033,-1533.29175,175.526459],"isRenderEnabled":false,"shapeName":"/levels/johnson_valley/art/shapes/rocks/s_rocks_desert_large_06.dae","useInstanceRenderData":true}
{"class":"TSStatic","persistentId":"039083e2-e240-4650-be8d-7ca14638d93f","__parent":"rocks_map_edges","position":[1034.95007,-1534.07141,176.128983],"isRenderEnabled":false,"rotationMatrix":[-0.00961208344,-0.999953687,0,0.999953687,-0.00961208344,0,0,0,1],"shapeName":"/levels/johnson_valley/art/shapes/rocks/s_rocks_desert_huge_sheet_2.dae","useInstanceRenderData":true}
{"class":"TSStatic","persistentId":"f7a37b0d-47ce-4952-9587-ab6b12a293fa","__parent":"rocks_map_edges","position":[1025.00049,-1533.75354,177.020065],"isRenderEnabled":false,"rotationMatrix":[0.981556714,0,0.191171125,0.0398609638,0.97802037,-0.204663709,-0.186969265,0.208509311,0.959982455],"scale":[1.63154292,1.63154292,1.63154292],"shapeName":"/levels/johnson_valley/art/shapes/rocks/s_rocks_desert_huge_sheet_3.dae","useInstanceRenderData":true}
{"class":"TSStatic","persistentId":"35533413-514f-44d9-abeb-fd3c1a5a313d","__parent":"rocks_map_edges","position":[-1465.44055,-1521.03381,165.869263],"isRenderEnabled":false,"rotationMatrix":[-0.0581841469,0.919906318,-0.387797296,-0.989370048,-0.104992867,-0.100614309,-0.133271754,0.377820879,0.916236877],"scale":[6.57714844,6.57714844,6.57714844],"shapeName":"/levels/johnson_valley/art/shapes/rocks/s_rocks_desert_low_small.dae","useInstanceRenderData":true}
{"class":"TSStatic","persistentId":"c566bf53-e4b2-4cf8-9502-6c882f1a0945","__parent":"rocks_map_edges","position":[-1534.82629,-1485.09082,152.047318],"isRenderEnabled":false,"rotationMatrix":[0.98813802,0.00832293183,-0.153342575,-0.0688838512,0.916463494,-0.394144148,0.13725245,0.400031656,0.906165779],"scale":[4.98291016,4.98291016,4.98291016],"shapeName":"/levels/johnson_valley/art/shapes/rocks/s_rocks_desert_low_tiny.dae","useInstanceRenderData":true}
{"class":"TSStatic","persistentId":"8ea12be4-eb79-4d8a-b95f-07a89ef980db","__parent":"rocks_map_edges","position":[-1537.86487,-1452.70483,139.115906],"isRenderEnabled":false,"rotationMatrix":[0.994494319,0.0282933377,-0.100898564,-0.0672835112,0.910573483,-0.407834351,0.0803365558,0.412377775,0.907463849],"scale":[4.98291016,4.98291016,4.98291016],"shapeName":"/levels/johnson_valley/art/shapes/rocks/s_rocks_desert_low_tiny.dae","useInstanceRenderData":true}
{"class":"TSStatic","persistentId":"6710bd5c-2bb3-493a-afc2-51b83861c8f0","__parent":"rocks_map_edges","position":[526.655945,-1535.10303,168.427078],"isRenderEnabled":false,"rotationMatrix":[-0.00622045994,0.914327562,-0.404927343,-0.999976695,-0.00680315495,1.49011612e-08,-0.00275483727,0.404917955,0.914348841],"scale":[8.15947342,8.15947342,8.15947342],"shapeName":"/levels/johnson_valley/art/shapes/rocks/s_rocks_desert_low_tiny.dae","useInstanceRenderData":true}
{"class":"TSStatic","persistentId":"d5523b5a-9ecd-4a8b-b08c-285823eba043","__parent":"rocks_map_edges","position":[479.38385,-1542.21265,177.632614],"isRenderEnabled":false,"rotationMatrix":[-0.18277359,0.898746014,-0.398558795,-0.971003771,-0.101478219,0.216456905,0.154094696,0.426564813,0.891233563],"scale":[8.15947342,8.15947342,8.15947342],"shapeName":"/levels/johnson_valley/art/shapes/rocks/s_rocks_desert_low_tiny.dae","useInstanceRenderData":true}
{"class":"TSStatic","persistentId":"0609f6d2-ba73-4e20-a984-bd053d05cfb5","__parent":"rocks_map_edges","position":[1305.1189,1538.51013,132.337143],"isRenderEnabled":false,"rotationMatrix":[0.963989735,1.86264515e-09,-0.265939444,-0.0326989442,0.99241209,-0.118528627,0.263921529,0.122956313,0.956675053],"scale":[3.07695293,3.07695293,3.07695293],"shapeName":"/levels/johnson_valley/art/shapes/rocks/s_rocks_desert_low_flat_02.dae","useInstanceRenderData":true}
{"class":"TSStatic","persistentId":"814402bd-a1e6-4d2c-9c28-ac1f5e4a50bb","__parent":"rocks_map_edges","position":[1285.8783,1541.83203,136.951172],"isRenderEnabled":false,"rotationMatrix":[-0.303257823,0.939041615,-0.161973163,-0.924904466,-0.24915731,0.287179679,0.229316875,0.236899227,0.944082916],"scale":[3.07695293,3.07695293,3.07695293],"shapeName":"/levels/johnson_valley/art/shapes/rocks/s_rocks_desert_low_flat_02.dae","useInstanceRenderData":true}
{"class":"TSStatic","persistentId":"d3aa7f9a-eb8b-47be-8811-051a807c769c","__parent":"rocks_map_edges","position":[1240.95361,1536.13171,150.00206],"isRenderEnabled":false,"rotationMatrix":[0.953473389,2.79396772e-09,-0.301477194,-0.0291766264,0.995305896,-0.0922760665,0.30006206,0.0967788547,0.948997676],"scale":[4.19492197,4.19492197,4.19492197],"shapeName":"/levels/johnson_valley/art/shapes/rocks/s_rocks_desert_huge_sheet_3.dae","useInstanceRenderData":true}
{"class":"TSStatic","persistentId":"2328f200-dace-4360-952b-e752ac652fa3","__parent":"rocks_map_edges","position":[1394.77893,1538.70984,119.408463],"isRenderEnabled":false,"scale":[1.87890625,1.87890625,1.87890625],"shapeName":"/levels/johnson_valley/art/shapes/rocks/s_rocks_desert_low_flat_02.dae","useInstanceRenderData":true}
{"class":"TSStatic","persistentId":"ddeb18ef-97fa-4200-be32-3229c9fb3fe1","__parent":"rocks_map_edges","position":[1370.03503,1542.09814,119.450813],"isRenderEnabled":false,"rotationMatrix":[-0.767335176,-0.64124608,0,0.64124608,-0.767335176,0,0,0,1],"scale":[4.41757822,4.41757822,4.41757822],"shapeName":"/levels/johnson_valley/art/shapes/rocks/s_rocks_desert_low_flat_01.dae","useInstanceRenderData":true}
{"class":"TSStatic","persistentId":"86d63d3f-0409-4a82-abf7-73fb0e4e5649","__parent":"rocks_map_edges","position":[2107.9646,-4146.83203,101.570435],"isRenderEnabled":false,"scale":[1.47792959,1.47792959,1.47792959],"shapeName":"/levels/johnson_valley/art/shapes/rocks/s_rocks_desert_huge_sheet_2.dae","useInstanceRenderData":true}
{"class":"TSStatic","persistentId":"3e4e0047-b451-4698-9729-ddf48d7ae9dd","__parent":"rocks_map_edges","position":[2114.10205,-4142.40869,103.027946],"isRenderEnabled":false,"rotationMatrix":[0.718575358,-0.695449114,0,0.695449114,0.718575358,0,0,0,1],"scale":[1.45097661,1.45097661,1.45097661],"shapeName":"/levels/johnson_valley/art/shapes/rocks/s_rocks_desert_low_flat_02.dae","useInstanceRenderData":true}
{"class":"TSStatic","persistentId":"22e26b87-16ff-4f70-996a-57c4e7a3612e","__parent":"rocks_map_edges","position":[2298.71729,-4508.46436,102.593742],"isRenderEnabled":false,"rotationMatrix":[0.997659266,-0.00623105001,0.0680964738,-2.32830644e-10,0.995839655,0.0911226049,-0.0683809668,-0.0909093097,0.993508697],"scale":[4.92143536,4.92143536,4.92143536],"shapeName":"/levels/johnson_valley/art/shapes/rocks/s_rocks_desert_low_flat_02.dae","useInstanceRenderData":true}
{"class":"TSStatic","persistentId":"9aac617b-4754-41d6-87ee-764130231243","__parent":"rocks_map_edges","position":[2298.77075,-4507.57129,102.743706],"isRenderEnabled":false,"rotationMatrix":[0.88912034,0,-0.45767346,0,1,0,0.45767346,0,0.88912034],"scale":[2.77903152,2.77903152,2.77903152],"shapeName":"/levels/johnson_valley/art/shapes/rocks/s_rocks_desert_large_02.dae","useInstanceRenderData":true}
{"class":"TSStatic","persistentId":"dc04f9d3-8486-4341-b42d-075a76ac8e70","__parent":"rocks_map_edges","position":[2671.22925,-4430.40674,185.512344],"isRenderEnabled":false,"rotationMatrix":[0.957021415,-0.0196382478,0.289351642,9.31322575e-10,0.997704744,0.0677140504,-0.290017307,-0.064803794,0.954824805],"scale":[16.6648445,16.6648445,16.6648445],"shapeName":"/levels/johnson_valley/art/shapes/rocks/s_rocks_desert_low_flat_02.dae","useInstanceRenderData":true}
{"class":"TSStatic","persistentId":"910d60ef-e6d1-4ef3-905e-5f1d305e75a1","__parent":"rocks_map_edges","position":[2651.61792,-4272.67285,155.528351],"isRenderEnabled":false,"rotationMatrix":[0.948765218,0.028917538,0.31465587,0.0086980518,0.993036091,-0.117488869,-0.315862149,0.114206247,0.941906571],"scale":[36.1199226,36.1199226,36.1199226],"shapeName":"/levels/johnson_valley/art/shapes/rocks/s_rocks_desert_low_flat_01.dae","useInstanceRenderData":true}
{"class":"TSStatic","persistentId":"2eaf2a1e-3039-4787-a84d-75716bfc0074","__parent":"rocks_map_edges","position":[2505.08643,-4408.71924,135.835159],"isRenderEnabled":false,"rotationMatrix":[0.958836436,0,0.283958852,0,1,0,-0.283958852,0,0.958836436],"scale":[21.2539062,21.2539062,21.2539062],"shapeName":"/levels/johnson_valley/art/shapes/rocks/s_rocks_desert_low_flat_02.dae","useInstanceRenderData":true}
{"class":"TSStatic","persistentId":"816ab817-4cb7-4e9d-8cf0-ef0d2cf82597","__parent":"rocks_map_edges","position":[1328.70142,-4297.92969,151.99823],"isRenderEnabled":false,"rotationMatrix":[0.826074362,0.487942249,-0.281981409,-0.518994927,0.853685439,-0.0431914702,0.21964848,0.182026297,0.958447158],"scale":[37.6582031,37.6582031,37.6582031],"shapeName":"/levels/johnson_valley/art/shapes/rocks/s_rocks_desert_low_flat_02.dae","useInstanceRenderData":true}
