{"class":"ParticleEmitterNode","persistentId":"00944f24-5a1c-4227-8845-e22bb0f838c8","__parent":"rivers","position":[745.397827,-771.062927,41.0398369],"dataBlock":"lightExampleEmitterNodeData1","emitter":"BNGP_waterfallspray","rotationMatrix":[-0.995043814,-0.099447161,8.40984285e-07,0.0221621543,-0.22174342,0.974855542,-0.096946463,0.970021725,0.222848698],"velocity":2}
{"class":"ParticleEmitterNode","persistentId":"02bb95b0-d8b9-407b-8b4f-aa3c018b6295","__parent":"rivers","position":[-818.081299,115.138512,18.5062141],"dataBlock":"lightExampleEmitterNodeData1","emitter":"BNGP_waterfallsteam","rotationMatrix":[0.99998033,0.00636071665,-1.68569386e-07,-0.00370222377,0.582041085,0.813150048,0.00517226662,-0.813134611,0.582052708],"velocity":2}
{"class":"ParticleEmitterNode","persistentId":"030520a5-5a6d-4c60-9626-7edd22af86fd","__parent":"rivers","position":[743.411377,-669.062988,20.4721508],"dataBlock":"lightExampleEmitterNodeData1","emitter":"BNGP_waterfallspray","rotationMatrix":[-0.57403332,0.818824828,-0.00308044674,-0.754547119,-0.527501881,0.39038536,0.318030536,0.226421297,0.920649111],"velocity":2}
{"class":"ParticleEmitterNode","persistentId":"0440841f-374c-4b7e-8d8c-abde4f472996","__parent":"rivers","position":[-791.110535,-562.790344,11.7335644],"dataBlock":"lightExampleEmitterNodeData1","emitter":"BNGP_waterfallspray","rotationMatrix":[0.998715937,0.0315099992,-0.0396543071,0.0202114191,0.469914287,0.882483125,0.0464401916,-0.882148683,0.468673319],"velocity":2}
{"class":"ParticleEmitterNode","persistentId":"0cafb570-2213-4545-8b10-e252237bf45b","__parent":"rivers","position":[-810.831909,121.34761,25.7861938],"dataBlock":"lightExampleEmitterNodeData1","emitter":"BNGP_waterfallspray","rotationMatrix":[0.904963672,-0.421089292,0.0610599741,0.0948198438,0.339476854,0.935826361,-0.41479373,-0.841095507,0.347141623]}
{"class":"ParticleEmitterNode","persistentId":"0cb8e8fc-bb81-43ee-991c-9963ccdb4f09","__parent":"rivers","position":[766.122131,-653.333374,10.2245188],"dataBlock":"lightExampleEmitterNodeData1","emitter":"BNGP_waterfallsteam","rotationMatrix":[-0.0990003869,-0.995085716,-1.85001409e-06,0.579193175,-0.0576253608,0.813149273,-0.809154987,0.0805021748,0.582053483],"velocity":2}
{"class":"ParticleEmitterNode","persistentId":"0df399d6-949b-4449-a6c4-c67ebf70ba13","__parent":"rivers","position":[-790.201294,-567.193115,8.59305573],"dataBlock":"lightExampleEmitterNodeData1","emitter":"BNGP_waterfallsteam","rotationMatrix":[0.991965473,0.126513392,-1.32247806e-07,-0.0736375302,0.577376008,0.813150108,0.102874525,-0.80661732,0.582052708],"velocity":2}
{"class":"ParticleEmitterNode","persistentId":"0ec8beb1-564c-47e7-a8a4-a127d6a40c8d","__parent":"rivers","position":[-774.506531,-562.64093,12.0293465],"dataBlock":"lightExampleEmitterNodeData1","emitter":"BNGP_waterfallspray","rotationMatrix":[0.878505945,-0.476080865,-0.0396542959,0.254266769,0.395695686,0.882482529,-0.40444243,-0.785347283,0.468673378],"velocity":2}
{"class":"ParticleEmitterNode","persistentId":"109a8c60-48e0-4000-8917-10327c3958ea","__parent":"rivers","position":[759.142578,-656.751282,16.5838375],"dataBlock":"lightExampleEmitterNodeData1","emitter":"BNGP_waterfallspray","rotationMatrix":[-0.880438566,-0.100296825,0.463431984,0.352724284,-0.79171294,0.498773158,0.31687814,0.602603316,0.732435346],"velocity":2}
{"class":"ParticleEmitterNode","persistentId":"13835519-1d1e-44ef-ad38-6bed8dde62fe","__parent":"rivers","position":[750.132263,-667.579895,21.7999077],"dataBlock":"lightExampleEmitterNodeData1","emitter":"BNGP_waterfallspray","rotationMatrix":[-0.975183606,-0.10029728,0.197370544,0.198366314,-0.791712523,0.577789485,0.0983092412,0.602603555,0.791965246],"velocity":2}
{"class":"ParticleEmitterNode","persistentId":"155e0030-574a-4007-931b-635fac74f783","__parent":"rivers","position":[-835.64624,123.08551,26.7813797],"dataBlock":"lightExampleEmitterNodeData1","emitter":"BNGP_waterfallspray","rotationMatrix":[0.8333655,0.552724481,4.33530658e-07,-0.123174094,0.185714036,0.974854946,0.538825274,-0.812408507,0.222848505],"velocity":2}
{"class":"ParticleEmitterNode","persistentId":"213d47c8-d98d-4ea6-8db3-edcb5b78d7c8","__parent":"rivers","position":[713.410645,-781.443054,46.5141983],"dataBlock":"lightExampleEmitterNodeData1","emitter":"BNGP_waterfallspray","rotationMatrix":[0.02841953,0.999596894,3.58413672e-07,-0.222758502,0.00633321144,0.974854708,0.974459767,-0.0277048182,0.22284849],"velocity":2}
{"class":"ParticleEmitterNode","persistentId":"2337f529-9359-49b6-8b27-54a4e4f2d9bc","__parent":"rivers","position":[743.540833,-774.475525,40.9516487],"dataBlock":"lightExampleEmitterNodeData1","emitter":"BNGP_waterfallspray","rotationMatrix":[0.269127101,0.0462709963,-0.961993933,-0.860902011,0.459341198,-0.218751565,0.431760818,0.887053788,0.163456887],"velocity":2}
{"class":"ParticleEmitterNode","persistentId":"2af3cf24-e58c-4934-8210-5d5fef5a7ebc","__parent":"rivers","position":[765.884827,-655.487061,9.75405693],"dataBlock":"lightExampleEmitterNodeData1","emitter":"BNGP_waterfallspray","rotationMatrix":[-0.57403332,0.818824828,-0.00308044674,-0.754547119,-0.527501881,0.39038536,0.318030536,0.226421297,0.920649111],"velocity":2}
{"class":"ParticleEmitterNode","persistentId":"2d11eb22-688b-423a-883f-d102f3d32d7e","__parent":"rivers","position":[-786.639465,-561.983398,11.8345575],"dataBlock":"lightExampleEmitterNodeData1","emitter":"BNGP_waterfallspray","rotationMatrix":[0.878505945,-0.476080865,-0.0396542959,0.254266769,0.395695686,0.882482529,-0.40444243,-0.785347283,0.468673378],"velocity":2}
{"class":"ParticleEmitterNode","persistentId":"2d3d739a-2875-40d1-a42b-9f273637a2fb","__parent":"rivers","position":[-819.812378,115.774017,20.0387993],"dataBlock":"lightExampleEmitterNodeData1","emitter":"BNGP_waterfallspray","rotationMatrix":[0.916575074,0.399867237,3.28989699e-07,-0.0891099498,0.20425725,0.974856615,0.389811784,-0.893525481,0.222848579],"velocity":2}
{"class":"ParticleEmitterNode","persistentId":"34b0eac6-1b5a-4daf-95ba-cdf5afa21603","__parent":"rivers","position":[725.630676,-778.115234,45.0355186],"dataBlock":"lightExampleEmitterNodeData1","emitter":"BNGP_waterfallspray","rotationMatrix":[0.02841953,0.999596894,3.58413672e-07,-0.222758502,0.00633321144,0.974854708,0.974459767,-0.0277048182,0.22284849],"velocity":2}
{"class":"ParticleEmitterNode","persistentId":"4080bc85-3455-46a7-a58b-4c386c2393b1","__parent":"rivers","position":[734.867249,-680.604492,32.2230759],"dataBlock":"lightExampleEmitterNodeData1","emitter":"BNGP_waterfallspray","rotationMatrix":[-0.378071845,-0.384417683,0.842190921,0.472371638,-0.862482369,-0.181628212,0.796194553,0.32915929,0.507670403],"velocity":2}
{"class":"ParticleEmitterNode","persistentId":"4ada6dd4-8076-413c-999c-4138762f8032","__parent":"rivers","position":[761.994202,-651.643555,10.1689329],"dataBlock":"lightExampleEmitterNodeData1","emitter":"BNGP_waterfallspray","rotationMatrix":[-0.880438566,-0.100296825,0.463431984,0.352724284,-0.79171294,0.498773158,0.31687814,0.602603316,0.732435346],"velocity":2}
{"class":"ParticleEmitterNode","persistentId":"51e3f0f8-51de-4bf7-9090-f6f41dc7de0b","__parent":"rivers","position":[-790.562866,-567.121948,9.13992977],"dataBlock":"lightExampleEmitterNodeData1","emitter":"BNGP_waterfallspray","rotationMatrix":[0.878506303,-0.382988632,0.28556022,0.254267693,0.880897582,0.399208635,-0.404442936,-0.278096527,0.871258318],"velocity":2}
{"class":"ParticleEmitterNode","persistentId":"5445ea0b-4aa5-4019-b542-94a7b7a6e702","__parent":"rivers","position":[-780.960266,-566.131897,8.11051846],"dataBlock":"lightExampleEmitterNodeData1","emitter":"BNGP_waterfallsteam","rotationMatrix":[1,0,0,0,0.376697421,0.92633599,0,-0.92633599,0.376697421]}
{"class":"ParticleEmitterNode","persistentId":"547c3b47-5591-4619-ad0b-48657179e008","__parent":"rivers","position":[-833.260437,118.196228,22.9104671],"dataBlock":"lightExampleEmitterNodeData1","emitter":"BNGP_waterfallspray","rotationMatrix":[0.8333655,0.552724481,4.33530658e-07,-0.123174094,0.185714036,0.974854946,0.538825274,-0.812408507,0.222848505],"velocity":2}
{"class":"ParticleEmitterNode","persistentId":"5748b8b2-ee1b-4ca4-935d-7875b47051ee","__parent":"rivers","position":[759.95166,-648.488892,8.8206358],"dataBlock":"lightExampleEmitterNodeData1","emitter":"BNGP_waterfallspray","rotationMatrix":[-0.57403332,0.818824828,-0.00308044674,-0.754547119,-0.527501881,0.39038536,0.318030536,0.226421297,0.920649111],"velocity":2}
{"class":"ParticleEmitterNode","persistentId":"581e6a25-9ea1-44d6-9b44-6ac6112ebaf1","__parent":"rivers","position":[-780.472778,-569.665161,9.79973507],"dataBlock":"lightExampleEmitterNodeData1","emitter":"BNGP_waterfallspray","rotationMatrix":[0.878506303,-0.382988632,0.28556022,0.254267693,0.880897582,0.399208635,-0.404442936,-0.278096527,0.871258318],"velocity":2}
{"class":"ParticleEmitterNode","persistentId":"5ae0b079-13af-4355-a45e-6b22726819f9","__parent":"rivers","position":[-824.781921,114.837105,18.5062141],"dataBlock":"lightExampleEmitterNodeData1","emitter":"BNGP_waterfallsteam","rotationMatrix":[0.99998033,0.00636071665,-1.68569386e-07,-0.00370222377,0.582041085,0.813150048,0.00517226662,-0.813134611,0.582052708],"velocity":2}
{"class":"ParticleEmitterNode","persistentId":"5b6c63fe-2921-463d-a7a7-2bacddbc4033","__parent":"rivers","position":[704.449707,-782.238464,48.5286713],"dataBlock":"lightExampleEmitterNodeData1","emitter":"BNGP_waterfallspray","rotationMatrix":[0.02841953,0.999596894,3.58413672e-07,-0.222758502,0.00633321144,0.974854708,0.974459767,-0.0277048182,0.22284849],"velocity":2}
{"class":"ParticleEmitterNode","persistentId":"632b7513-245c-42b5-a710-a8e6111ef841","__parent":"rivers","position":[-790.852234,-561.984375,11.6056728],"dataBlock":"lightExampleEmitterNodeData1","emitter":"BNGP_waterfallspray","rotationMatrix":[0.878506303,-0.382988632,0.28556022,0.254267693,0.880897582,0.399208635,-0.404442936,-0.278096527,0.871258318],"velocity":2}
{"class":"ParticleEmitterNode","persistentId":"708c90c3-fdeb-441f-9b46-75bfd9969e46","__parent":"rivers","position":[676.137512,-779.168762,53.700531],"dataBlock":"lightExampleEmitterNodeData1","emitter":"BNGP_waterfallspray","rotationMatrix":[0.02841953,0.999596894,3.58413672e-07,-0.222758502,0.00633321144,0.974854708,0.974459767,-0.0277048182,0.22284849],"velocity":2}
{"class":"ParticleEmitterNode","persistentId":"710f4a3e-454e-44ff-8ca8-bc10b9c41086","__parent":"rivers","position":[-778.838928,-562.803772,11.2339993],"dataBlock":"lightExampleEmitterNodeData1","emitter":"BNGP_waterfallspray","rotationMatrix":[0.878505945,-0.47408399,0.0589013956,0.254266798,0.568393171,0.782482624,-0.4044424,-0.672437429,0.619881988],"velocity":2}
{"class":"ParticleEmitterNode","persistentId":"72a3e951-7125-480a-bfe9-f4dac5188b82","__parent":"rivers","position":[749.886841,-752.851074,38.6255608],"dataBlock":"lightExampleEmitterNodeData1","emitter":"BNGP_waterfallspray","rotationMatrix":[-0.613234162,-0.789901853,7.4529089e-07,0.286483943,-0.22240898,0.931913674,-0.736119092,0.571480453,0.362683922],"velocity":2}
{"class":"ParticleEmitterNode","persistentId":"783fdf3d-329e-4927-aee0-8a33c5b68f97","__parent":"rivers","position":[-780.599548,-568.661682,9.16842651],"dataBlock":"lightExampleEmitterNodeData1","emitter":"BNGP_waterfallsteam","rotationMatrix":[0.991965473,0.126513392,-1.32247806e-07,-0.0736375302,0.577376008,0.813150108,0.102874525,-0.80661732,0.582052708],"velocity":2}
{"class":"ParticleEmitterNode","persistentId":"79fd93f1-c5f9-43af-96f4-5b8357e90dc0","__parent":"rivers","position":[-815.925781,115.138512,18.5062141],"dataBlock":"lightExampleEmitterNodeData1","emitter":"BNGP_waterfallsteam","rotationMatrix":[0.991965473,0.126513392,-1.32247806e-07,-0.0736375302,0.577376008,0.813150108,0.102874525,-0.80661732,0.582052708],"velocity":2}
{"class":"ParticleEmitterNode","persistentId":"7c24d7a0-6237-4779-8a71-0fa9b0e03620","__parent":"rivers","position":[754.856934,-662.799194,19.2527866],"dataBlock":"lightExampleEmitterNodeData1","emitter":"BNGP_waterfallspray","rotationMatrix":[-0.975183606,-0.10029728,0.197370544,0.198366314,-0.791712523,0.577789485,0.0983092412,0.602603555,0.791965246],"velocity":2}
{"class":"ParticleEmitterNode","persistentId":"7d026d72-ecb5-46ef-9657-bfd4e707cd48","__parent":"rivers","position":[-780.875305,-564.59552,11.2041111],"dataBlock":"lightExampleEmitterNodeData1","emitter":"BNGP_waterfallspray","rotationMatrix":[0.995158732,-0.0982948989,3.37662641e-07,0.0219043866,0.221769348,0.974854231,-0.0958229601,-0.970133603,0.222848371],"velocity":2}
{"class":"ParticleEmitterNode","persistentId":"81cac1e0-a325-4046-95c5-de4c853340eb","__parent":"rivers","position":[723.639038,-734.389954,37.6820374],"dataBlock":"lightExampleEmitterNodeData1","emitter":"BNGP_waterfallspray","rotationMatrix":[-0.229369193,-0.967944503,0.102343775,0.750063777,-0.108762667,0.652362227,-0.620317936,0.226395428,0.750968337],"velocity":2}
{"class":"ParticleEmitterNode","persistentId":"83ab5868-e57f-40ca-a06a-7ca46a87852f","__parent":"rivers","position":[-821.020325,115.774017,20.0387993],"dataBlock":"lightExampleEmitterNodeData1","emitter":"BNGP_waterfallspray","rotationMatrix":[0.926548719,-0.376179695,1.46392267e-07,0.0838307142,0.206479833,0.974856138,-0.366720498,-0.90324831,0.222848326],"velocity":2}
{"class":"ParticleEmitterNode","persistentId":"87d35024-861a-4364-a34d-e85c9a4503d9","__parent":"rivers","position":[738.064148,-673.815491,28.3793144],"dataBlock":"lightExampleEmitterNodeData1","emitter":"BNGP_waterfallspray","rotationMatrix":[-0.882028162,0.385157019,0.271441668,-0.0640542433,-0.668726027,0.740743935,0.466822088,0.635970592,0.614508629],"velocity":2}
{"class":"ParticleEmitterNode","persistentId":"889eaecf-7100-4d2b-95d7-6e5378326f97","__parent":"rivers","position":[-829.685547,117.918083,23.3171883],"dataBlock":"lightExampleEmitterNodeData1","emitter":"BNGP_waterfallspray","rotationMatrix":[0.8333655,0.552724481,4.33530658e-07,-0.123174094,0.185714036,0.974854946,0.538825274,-0.812408507,0.222848505],"velocity":2}
{"class":"ParticleEmitterNode","persistentId":"a6ac3524-467c-43e3-9f3f-4d923ce92f2f","__parent":"rivers","position":[694.554749,-781.241089,49.9963913],"dataBlock":"lightExampleEmitterNodeData1","emitter":"BNGP_waterfallspray","rotationMatrix":[0.02841953,0.999596894,3.58413672e-07,-0.222758502,0.00633321144,0.974854708,0.974459767,-0.0277048182,0.22284849],"velocity":2}
{"class":"ParticleEmitterNode","persistentId":"a7874b1f-c183-42f9-96b8-af5f2c1cf0cb","__parent":"rivers","position":[740.125305,-677.181335,29.3482933],"dataBlock":"lightExampleEmitterNodeData1","emitter":"BNGP_waterfallspray","rotationMatrix":[-0.882028162,0.385157019,0.271441668,-0.0640542433,-0.668726027,0.740743935,0.466822088,0.635970592,0.614508629],"velocity":2}
{"class":"ParticleEmitterNode","persistentId":"acf3bc78-572c-408e-8e06-2ef7e62301eb","__parent":"rivers","position":[-836.134155,116.23201,23.880785],"dataBlock":"lightExampleEmitterNodeData1","emitter":"BNGP_waterfallspray","rotationMatrix":[0.8333655,0.552724481,4.33530658e-07,-0.123174094,0.185714036,0.974854946,0.538825274,-0.812408507,0.222848505],"velocity":2}
{"class":"ParticleEmitterNode","persistentId":"aeb4bd10-0b73-4994-a23a-0ad70e649725","__parent":"rivers","position":[757.928955,-647.471436,10.850503],"dataBlock":"lightExampleEmitterNodeData1","emitter":"BNGP_waterfallsteam","rotationMatrix":[0.991965473,0.126513392,-1.32247806e-07,-0.0736375302,0.577376008,0.813150108,0.102874525,-0.80661732,0.582052708],"velocity":2}
{"class":"ParticleEmitterNode","persistentId":"b4a0259b-0421-4c1b-a59f-02a69911dc6f","__parent":"rivers","position":[-777.808289,-570.41687,9.39682388],"dataBlock":"lightExampleEmitterNodeData1","emitter":"BNGP_waterfallspray","rotationMatrix":[0.878506303,-0.382988632,0.28556022,0.254267693,0.880897582,0.399208635,-0.404442936,-0.278096527,0.871258318],"velocity":2}
{"class":"ParticleEmitterNode","persistentId":"b56600ff-3668-4ebd-8984-93e2ca593079","__parent":"rivers","position":[757.199402,-655.373596,17.0162125],"dataBlock":"lightExampleEmitterNodeData1","emitter":"BNGP_waterfallspray","rotationMatrix":[-0.975183547,-0.0575914495,0.213770524,0.198365882,-0.656060815,0.728171766,0.0983095318,0.752506793,0.65120852],"velocity":2}
{"class":"ParticleEmitterNode","persistentId":"b6d9ae10-78d0-4413-b17a-5a07c53dedb4","__parent":"rivers","position":[716.54071,-721.899353,38.0541115],"dataBlock":"lightExampleEmitterNodeData1","emitter":"BNGP_waterfallspray","rotationMatrix":[-0.754684627,-0.585965991,0.295123845,0.414349139,-0.0769100487,0.906863868,-0.50869137,0.806678236,0.300837517],"velocity":2}
{"class":"ParticleEmitterNode","persistentId":"b81d26e1-dfa3-4535-85d3-f733be7afe43","__parent":"rivers","position":[-827.54895,114.837105,18.6415195],"dataBlock":"lightExampleEmitterNodeData1","emitter":"BNGP_waterfallsteam","rotationMatrix":[0.994941235,0.100459233,7.21774995e-09,-0.058472544,0.579107702,0.813151062,0.081688568,-0.809037685,0.582052112],"velocity":2}
{"class":"ParticleEmitterNode","persistentId":"bc7f3058-a40a-4cd7-b2d8-e992c61b7bd4","__parent":"rivers","position":[718.910461,-728.568481,37.7682419],"dataBlock":"lightExampleEmitterNodeData1","emitter":"BNGP_waterfallspray","rotationMatrix":[-0.229369193,-0.967944503,0.102343775,0.750063777,-0.108762667,0.652362227,-0.620317936,0.226395428,0.750968337],"velocity":2}
{"class":"ParticleEmitterNode","persistentId":"c096fe0f-ae6e-43a0-aad0-02ae40af8fae","__parent":"rivers","position":[744.668884,-671.689392,21.9975567],"dataBlock":"lightExampleEmitterNodeData1","emitter":"BNGP_waterfallspray","rotationMatrix":[-0.57403332,0.818824828,-0.00308044674,-0.754547119,-0.527501881,0.39038536,0.318030536,0.226421297,0.920649111],"velocity":2}
{"class":"ParticleEmitterNode","persistentId":"c4e7ed9b-2f69-4816-b088-72a1a5684889","__parent":"rivers","position":[-822.622253,115.138512,18.5062141],"dataBlock":"lightExampleEmitterNodeData1","emitter":"BNGP_waterfallsteam","rotationMatrix":[0.99998033,0.00636071665,-1.68569386e-07,-0.00370222377,0.582041085,0.813150048,0.00517226662,-0.813134611,0.582052708],"velocity":2}
{"class":"ParticleEmitterNode","persistentId":"cace562e-c74a-469b-886e-8c219643790a","__parent":"rivers","position":[759.700867,-658.549622,16.3167171],"dataBlock":"lightExampleEmitterNodeData1","emitter":"BNGP_waterfallspray","rotationMatrix":[-0.975183606,-0.10029728,0.197370544,0.198366314,-0.791712523,0.577789485,0.0983092412,0.602603555,0.791965246],"velocity":2}
{"class":"ParticleEmitterNode","persistentId":"cb0c67d0-bf38-450b-a249-8c8daa25b041","__parent":"rivers","position":[-830.061218,114.25708,18.6415195],"dataBlock":"lightExampleEmitterNodeData1","emitter":"BNGP_waterfallsteam","rotationMatrix":[1,0,0,0,0.376697421,0.92633599,0,-0.92633599,0.376697421],"velocity":2}
{"class":"ParticleEmitterNode","persistentId":"d0cc3529-0e2e-4d6b-85d3-e351ef03ddd5","__parent":"rivers","position":[687.70343,-781.656189,52.499588],"dataBlock":"lightExampleEmitterNodeData1","emitter":"BNGP_waterfallspray","rotationMatrix":[-0.746888399,0.664952278,4.84287739e-07,-0.148183525,-0.166443676,0.974855423,0.648230612,0.728105783,0.222849578],"velocity":2}
{"class":"ParticleEmitterNode","persistentId":"d18d16c5-cd7b-4016-aec1-0401f6fdd10c","__parent":"rivers","position":[750.377808,-663.055481,20.365469],"dataBlock":"lightExampleEmitterNodeData1","emitter":"BNGP_waterfallspray","rotationMatrix":[-0.975183606,-0.10029728,0.197370544,0.198366314,-0.791712523,0.577789485,0.0983092412,0.602603555,0.791965246],"velocity":2}
{"class":"ParticleEmitterNode","persistentId":"d668d828-b916-4575-8f85-1f90dc78f79a","__parent":"rivers","position":[-785.903259,-568.526123,9.56429863],"dataBlock":"lightExampleEmitterNodeData1","emitter":"BNGP_waterfallspray","rotationMatrix":[0.878506303,-0.382988632,0.28556022,0.254267693,0.880897582,0.399208635,-0.404442936,-0.278096527,0.871258318],"velocity":2}
{"class":"ParticleEmitterNode","persistentId":"d6c2016a-57a1-4910-96df-b14d9161bfe2","__parent":"rivers","position":[763.817566,-657.62854,13.2419586],"dataBlock":"lightExampleEmitterNodeData1","emitter":"BNGP_waterfallspray","rotationMatrix":[-0.880438566,-0.100296825,0.463431984,0.352724284,-0.79171294,0.498773158,0.31687814,0.602603316,0.732435346],"velocity":2}
{"class":"ParticleEmitterNode","persistentId":"d9e3ea75-1f07-4b11-b35e-9100bbb12d9c","__parent":"rivers","position":[-782.26416,-558.232422,11.4228296],"dataBlock":"lightExampleEmitterNodeData1","emitter":"BNGP_waterfallspray","rotationMatrix":[0.878505945,-0.476080865,-0.0396542959,0.254266769,0.395695686,0.882482529,-0.40444243,-0.785347283,0.468673378],"velocity":2}
{"class":"ParticleEmitterNode","persistentId":"dd2cd414-ac56-4394-8de0-26fef1d1c35a","__parent":"rivers","position":[-813.920898,115.138512,18.5062141],"dataBlock":"lightExampleEmitterNodeData1","emitter":"BNGP_waterfallsteam","rotationMatrix":[0.99883467,-0.0482743867,-1.71363354e-07,0.028098328,0.581374526,0.813150108,-0.0392543077,-0.81220293,0.582053006],"velocity":2}
{"class":"ParticleEmitterNode","persistentId":"e03dc1c0-c574-44ae-a96c-b87ead7fdfde","__parent":"rivers","position":[724.173096,-694.43103,34.5332451],"dataBlock":"lightExampleEmitterNodeData1","emitter":"BNGP_waterfallspray","rotationMatrix":[-0.954155624,-0.126125634,0.27144146,0.290779531,-0.605594635,0.740744293,0.0709562823,0.785714328,0.614509046],"velocity":2}
{"class":"ParticleEmitterNode","persistentId":"e1971439-7cb9-490e-b12c-37909748b085","__parent":"rivers","position":[744.677002,-749.061829,37.3526955],"dataBlock":"lightExampleEmitterNodeData1","emitter":"BNGP_waterfallspray","rotationMatrix":[-0.816310823,-0.573885024,-0.0655321404,0.436974615,-0.687762439,0.579687953,-0.3777439,0.444569081,0.812201917],"velocity":2}
{"class":"ParticleEmitterNode","persistentId":"e35a51cb-b17a-4ccd-abaa-4d5be7370f86","__parent":"rivers","position":[-811.572021,118.751892,22.857687],"dataBlock":"lightExampleEmitterNodeData1","emitter":"BNGP_waterfallspray","rotationMatrix":[0.962264717,-0.272116691,4.2305328e-07,0.0606402643,0.21443899,0.974853754,-0.265273631,-0.938066781,0.222848251],"velocity":2}
{"class":"ParticleEmitterNode","persistentId":"ec8fbef6-931a-4d96-8c17-e93caa7f6dd4","__parent":"rivers","position":[758.69873,-649.403809,12.2433624],"dataBlock":"lightExampleEmitterNodeData1","emitter":"BNGP_waterfallspray","rotationMatrix":[-0.975183606,-0.10029728,0.197370544,0.198366314,-0.791712523,0.577789485,0.0983092412,0.602603555,0.791965246],"velocity":2}
{"class":"ParticleEmitterNode","persistentId":"fd0fb69e-8eb9-405e-a991-aa2f4cb55a00","__parent":"rivers","position":[-779.550842,-565.102051,11.4162817],"dataBlock":"lightExampleEmitterNodeData1","emitter":"BNGP_waterfallspray","rotationMatrix":[0.878505945,-0.476080865,-0.0396542959,0.254266769,0.395695686,0.882482529,-0.40444243,-0.785347283,0.468673378],"velocity":2}
{"class":"River","persistentId":"0893cb21-b1a5-4f43-8671-3e9f274ff3f1","__parent":"rivers","position":[-453.019257,-358.395264,32.9846764],"Foam":[{"foamDir":[0,1],"foamOpacity":null,"foamSpeed":-0.100000001,"foamTexScale":[2,2]},{"foamDir":null,"foamOpacity":1,"foamSpeed":-0.100000001,"foamTexScale":[1,1]}],"Ripples (texture animation)":[{"rippleDir":[0,0.5],"rippleMagnitude":0.699999988,"rippleSpeed":0.100000001,"rippleTexScale":[8,6]},{"rippleDir":[0,1],"rippleMagnitude":0.899999976,"rippleSpeed":0.200000003,"rippleTexScale":[7,5]},{"rippleDir":[0,0.800000012],"rippleMagnitude":0.699999988,"rippleSpeed":0.699999988,"rippleTexScale":[6,4]}],"Waves (vertex undulation)":[{"waveDir":[0,1],"waveMagnitude":0.200000003,"waveSpeed":3},{"waveDir":[0.707000017,0.707000017],"waveMagnitude":0.200000003,"waveSpeed":5},{"waveDir":[0.5,0.860000014],"waveMagnitude":0.200000003,"waveSpeed":5}],"baseColor":[104,97,87,255],"cubemap":"GreySkyCubemap","depthGradientTex":"core/art/water/river_depthcolor_ramp.png","distortFullDepth":5,"foamAmbientLerp":1,"foamMaxDepth":1,"foamRippleInfluence":0.100000001,"foamTex":"core/art/water/waterfall_foam_d.dds","fresnelBias":1,"fullReflect":false,"nodes":[[-453.019257,-358.395264,32.9846764,2,1,0,0,1],[-450.154785,-348.404297,32.1267204,3,1,0,0,1],[-451.022614,-338.380371,31.6702003,3,1,0,0,1],[-450.969421,-330.184662,31.105526,3,1,0,0,1],[-447.753662,-320.71283,30.0715027,3,1,0,0,1],[-446.431641,-312.963043,29.1427879,3,1,0,0,1],[-447.336578,-303.808685,28.9111862,3,1,0,0,1],[-449.283722,-294.564453,29.0258904,3,1,0,0,1],[-450.417908,-291.591827,28.0397339,3,1,0,0,1],[-455.675354,-281.674164,28.0146332,3,1,0,0,1],[-457.122131,-279.71814,27.0265465,3,1,0,0,1],[-464.328827,-271.322479,27.0126839,3,1,0,0,1],[-470.770142,-266.16153,26.8834972,3,1,0,0,1],[-478.0802,-266.062042,27.123436,3,1,0,0,1],[-480.008575,-265.385406,26.9936409,3,1,0,0,1]],"overallFoamOpacity":4,"overallRippleMagnitude":20,"overallWaveMagnitude":0,"reflectMaxRateMs":1,"reflectNormalUp":true,"reflectTexSize":64,"rippleTex":"core/art/water/waterfall_foam_n.dds","segmentLength":1,"specularColor":[0.992156982,0.992156982,0.992156982,1],"specularPower":1,"subdivideLength":0.25,"underwaterColor":[108,95,75,240],"viscosity":0.00100000005,"waterFogDensity":1,"waterFogDensityOffset":0.0500000007,"wetDarkening":0.699999988,"wetDepth":1}
{"class":"River","persistentId":"09e3396e-48b0-49e0-9ddf-610eefdfbd4f","__parent":"rivers","position":[-789.029663,-563.060364,10.1783152],"Foam":[{"foamDir":[0,1],"foamOpacity":null,"foamSpeed":-0.100000001,"foamTexScale":[50,100]},{"foamDir":null,"foamOpacity":1,"foamSpeed":-0.100000001,"foamTexScale":[50,200]}],"Ripples (texture animation)":[{"rippleDir":[0,1],"rippleMagnitude":3,"rippleSpeed":0.150000006,"rippleTexScale":[30,50]},{"rippleDir":[0,1],"rippleMagnitude":null,"rippleSpeed":0.100000001,"rippleTexScale":[6.25,12.5]},{"rippleDir":[0,1],"rippleMagnitude":null,"rippleSpeed":0.0399999991,"rippleTexScale":[20,120]}],"Waves (vertex undulation)":[{"waveDir":[0,1],"waveMagnitude":0.200000003,"waveSpeed":3},{"waveDir":[0.707000017,0.707000017],"waveMagnitude":0.200000003,"waveSpeed":5},{"waveDir":[0.5,0.860000014],"waveMagnitude":0.200000003,"waveSpeed":5}],"baseColor":[163,163,163,255],"cubemap":"cubemap_river_reflection","depthGradientTex":"core/art/water/river_depthcolor_ramp.png","flowMagnitudePhysics":5,"foamAmbientLerp":0.100000001,"foamMaxDepth":6,"foamRippleInfluence":0.100000001,"foamTex":"core/art/water/waterfall_foam_d.dds","fullReflect":false,"nodes":[[-789.029663,-563.060364,10.1783152,7,1,0,0,1],[-789.053101,-564.500793,11.1925392,7,3,0,0,1],[-789.364685,-566.455139,10.6727066,7,3,0,0,1],[-789.50116,-567.982727,7.68511009,7,3,0,0,1]],"overallFoamOpacity":5.5,"overallRippleMagnitude":5,"overallWaveMagnitude":0,"reflectMaxRateMs":50,"reflectNormalUp":true,"reflectTexSize":64,"rippleTex":"core/art/water/waterfall_foam_n.dds","viscosity":0.00100000005,"waterFogDensity":3,"waterFogDensityOffset":0.00999999978,"wetDarkening":1,"wetDepth":1}
{"class":"River","persistentId":"15117a19-1d47-4434-a0b2-7ddb7d8f6ce8","__parent":"rivers","position":[-778.129761,-564.264282,10.1632605],"Foam":[{"foamDir":[0,1],"foamOpacity":null,"foamSpeed":-0.100000001,"foamTexScale":[50,100]},{"foamDir":null,"foamOpacity":1,"foamSpeed":-0.100000001,"foamTexScale":[50,200]}],"Ripples (texture animation)":[{"rippleDir":[0,1],"rippleMagnitude":3,"rippleSpeed":0.150000006,"rippleTexScale":[30,50]},{"rippleDir":[0,1],"rippleMagnitude":null,"rippleSpeed":0.100000001,"rippleTexScale":[6.25,12.5]},{"rippleDir":[0,1],"rippleMagnitude":null,"rippleSpeed":0.0399999991,"rippleTexScale":[20,120]}],"Waves (vertex undulation)":[{"waveDir":[0,1],"waveMagnitude":0.200000003,"waveSpeed":3},{"waveDir":[0.707000017,0.707000017],"waveMagnitude":0.200000003,"waveSpeed":5},{"waveDir":[0.5,0.860000014],"waveMagnitude":0.200000003,"waveSpeed":5}],"baseColor":[163,163,163,255],"cubemap":"cubemap_river_reflection","depthGradientTex":"core/art/water/river_depthcolor_ramp.png","flowMagnitudePhysics":5,"foamAmbientLerp":0.100000001,"foamMaxDepth":6,"foamRippleInfluence":0.100000001,"foamTex":"core/art/water/waterfall_foam_d.dds","fullReflect":false,"nodes":[[-778.129761,-564.264282,10.1632605,7,1,0,0,1],[-778.854797,-566.959778,11.1688194,7,3,0,0,1],[-779.746338,-568.53656,9.54140949,7,3,0,0,1],[-780.165344,-569.307678,7.61302662,7,3,0,0,1]],"overallFoamOpacity":5.5,"overallRippleMagnitude":5,"overallWaveMagnitude":0,"reflectMaxRateMs":50,"reflectNormalUp":true,"reflectTexSize":64,"rippleTex":"core/art/water/waterfall_foam_n.dds","subdivideLength":1,"viscosity":0.00100000005,"waterFogDensity":3,"waterFogDensityOffset":0.00999999978,"wetDarkening":1,"wetDepth":1}
{"class":"River","persistentId":"158b5c09-e462-4afb-a5ab-f274c0cf0bd7","__parent":"rivers","position":[-366.968079,297.62262,28.056366],"Foam":[{"foamDir":[0,1],"foamOpacity":null,"foamSpeed":-0.100000001,"foamTexScale":[2,2]},{"foamDir":null,"foamOpacity":1,"foamSpeed":-0.100000001,"foamTexScale":[1,1]}],"Ripples (texture animation)":[{"rippleDir":[0,0.5],"rippleMagnitude":0.699999988,"rippleSpeed":0.100000001,"rippleTexScale":[8,6]},{"rippleDir":[0,1],"rippleMagnitude":0.899999976,"rippleSpeed":0.200000003,"rippleTexScale":[7,5]},{"rippleDir":[0,0.800000012],"rippleMagnitude":0.699999988,"rippleSpeed":0.699999988,"rippleTexScale":[6,4]}],"Waves (vertex undulation)":[{"waveDir":[0,1],"waveMagnitude":0.200000003,"waveSpeed":3},{"waveDir":[0.707000017,0.707000017],"waveMagnitude":0.200000003,"waveSpeed":5},{"waveDir":[0.5,0.860000014],"waveMagnitude":0.200000003,"waveSpeed":5}],"baseColor":[104,97,87,255],"cubemap":"cubemap_eca_reflection","depthGradientTex":"core/art/water/river_depthcolor_ramp.png","distortFullDepth":5,"flowMagnitudePhysics":2,"foamAmbientLerp":1,"foamMaxDepth":1,"foamRippleInfluence":0.100000001,"foamTex":"core/art/water/waterfall_foam_d.dds","fresnelBias":1,"fullReflect":false,"nodes":[[-366.968079,297.62262,28.056366,2,1,0,0,1],[-373.596893,305.341888,28.2992554,3,1,0,0,1],[-376.395935,308.934967,28.4703503,2,0.5,0,0,1],[-378.487701,314.268707,28.2235451,3,0.5,0,0,1],[-381.151825,318.583557,28.1340714,3,0.5,0,0,1],[-383.285645,325.897034,28.0896912,2,0.5,0,0,1],[-386.130157,334.486359,27.8713112,2,0.5,0,0,1],[-390.075714,340.829193,27.3602638,2,0.5,0,0,1],[-392.842987,349.628143,26.6416206,2,0.5,0,0,1],[-397.187317,356.530426,25.1994629,3,0.5,0,0,1],[-403.422363,363.096344,23.8311806,4,0.5,0,0,1],[-409.435059,373.564697,21.9840889,5,0.5,0,0,1],[-417.691833,382.021973,21.2773113,5,0.5,0,0,1],[-423.465363,389.390411,20.5956879,6,0.5,0,0,1],[-431.661255,398.06955,20.3227234,6,0.5,0,0,1],[-436.575928,403.203857,19.3928146,6,0.5,0,0,1],[-443.791443,409.781708,18.8555107,6,0.5,0,0,1],[-445.079102,411.00354,18.5971184,2,0.5,0,0,1]],"overallFoamOpacity":4,"overallRippleMagnitude":20,"overallWaveMagnitude":0,"reflectMaxRateMs":1,"reflectNormalUp":true,"reflectTexSize":64,"rippleTex":"core/art/water/waterfall_foam_n.dds","segmentLength":1,"specularColor":[0.992156982,0.992156982,0.992156982,1],"specularPower":1,"subdivideLength":0.25,"underwaterColor":[108,95,75,240],"viscosity":0.00100000005,"waterFogDensity":1,"waterFogDensityOffset":0.0500000007,"wetDarkening":0.699999988,"wetDepth":1}
{"class":"River","persistentId":"4c4e60f8-0c34-46dd-a944-ddacf77e49d0","__parent":"rivers","position":[-283.844299,217.728607,30.4801064],"Foam":[{"foamDir":[0,1],"foamOpacity":null,"foamSpeed":-0.100000001,"foamTexScale":[5,5]},{"foamDir":null,"foamOpacity":1,"foamSpeed":-0.100000001,"foamTexScale":[2,2]}],"Ripples (texture animation)":[{"rippleDir":[0,0.5],"rippleMagnitude":null,"rippleSpeed":0.0500000007,"rippleTexScale":[8,6]},{"rippleDir":[0,1],"rippleMagnitude":null,"rippleSpeed":0.100000001,"rippleTexScale":[7,5]},{"rippleDir":[0,0.800000012],"rippleMagnitude":1,"rippleSpeed":0.300000012,"rippleTexScale":[6,4]}],"Waves (vertex undulation)":[{"waveDir":[0,1],"waveMagnitude":0.200000003,"waveSpeed":3},{"waveDir":[0.707000017,0.707000017],"waveMagnitude":0.200000003,"waveSpeed":5},{"waveDir":[0.5,0.860000014],"waveMagnitude":0.200000003,"waveSpeed":5}],"baseColor":[104,97,87,255],"cubemap":"cubemap_eca_reflection","depthGradientTex":"core/art/water/river_depthcolor_ramp.png","distortFullDepth":5,"flowMagnitudePhysics":1,"foamAmbientLerp":1,"foamMaxDepth":1,"foamRippleInfluence":0.100000001,"foamTex":"core/art/water/waterfall_foam_d.dds","fresnelBias":1,"fullReflect":false,"nodes":[[-283.844299,217.728607,30.4801064,3,0.5,0,0,1],[-284.499084,218.786133,30.6184769,2,0.5,0,0,1],[-285.164856,219.964172,29.9909554,3,3,0,0,1],[-286.702057,221.647247,30.1277218,2,0.5,0,0,1],[-287.675842,223.229233,29.9855843,2,0.5,0,0,1],[-290.115204,222.491196,30.0230942,2,0.5,0,0,1],[-292.720337,224.554947,29.756197,2,0.5,0,0,1],[-294.522736,226.876099,29.7003689,2,0.5,0,0,1],[-298.117157,228.800598,29.5637226,3,0.5,0,0,1],[-299.174408,231.967926,29.2081585,3,0.5,0,0,1],[-302.252228,235.314667,28.9675617,3,1,0,0,1],[-307.138641,238.328918,28.6830044,3,1,0,0,1],[-312.268036,244.652893,28.4000301,3,1,0,0,1],[-313.810181,245.448425,28.3606472,3,1,0,0,1]],"overallFoamOpacity":3,"overallRippleMagnitude":20,"overallWaveMagnitude":0,"reflectMaxRateMs":1,"reflectNormalUp":true,"reflectTexSize":64,"reflectivity":1,"rippleTex":"core/art/water/waterfall_foam_n.dds","segmentLength":1,"specularColor":[0.345097989,0.305882007,0.258823991,1],"specularPower":1,"subdivideLength":0.25,"underwaterColor":[108,95,75,240],"viscosity":0.00100000005,"waterFogDensity":3,"waterFogDensityOffset":0.0500000007,"wetDarkening":0.699999988,"wetDepth":1}
{"class":"River","persistentId":"cc005c91-bbc9-4f78-bac9-e7ea53093dfd","__parent":"rivers","position":[670.729248,-778.5849,55.0135269],"Foam":[{"foamDir":[0,1],"foamOpacity":null,"foamSpeed":-0.100000001,"foamTexScale":[50,100]},{"foamDir":null,"foamOpacity":1,"foamSpeed":-0.100000001,"foamTexScale":[50,200]}],"Ripples (texture animation)":[{"rippleDir":[0,1],"rippleMagnitude":3,"rippleSpeed":0.5,"rippleTexScale":[20,10]},{"rippleDir":[0,1],"rippleMagnitude":null,"rippleSpeed":0.699999988,"rippleTexScale":[6.25,12.5]},{"rippleDir":[0,1],"rippleMagnitude":null,"rippleSpeed":0.300000012,"rippleTexScale":[20,5]}],"Waves (vertex undulation)":[{"waveDir":[0,1],"waveMagnitude":0.200000003,"waveSpeed":3},{"waveDir":[0.707000017,0.707000017],"waveMagnitude":0.200000003,"waveSpeed":5},{"waveDir":[0.5,0.860000014],"waveMagnitude":0.200000003,"waveSpeed":5}],"baseColor":[163,163,163,255],"cubemap":"cubemap_river_reflection","depthGradientTex":"core/art/water/river_depthcolor_ramp.png","distortFullDepth":7,"flowMagnitudePhysics":5,"foamAmbientLerp":0.100000001,"foamMaxDepth":6,"foamRippleInfluence":0.100000001,"foamTex":"core/art/water/waterfall_foam_d.dds","fullReflect":false,"nodes":[[670.729248,-778.5849,55.0135269,7,5,0,0,1],[688.712891,-780.815552,51.6155891,7,5,0,0,1],[700.58252,-782.776978,48.9432907,7,5,0,0,1],[714.756653,-782.074585,45.956707,7,5,0,0,1],[728.827271,-778.569275,43.8414001,7,5,0,0,1],[738.118469,-775.053833,40.7999916,9,5,0,0,1],[744.711182,-769.964233,39.7079887,5,5,0,0,1],[747.767395,-762.698669,38.9144096,5,5,0,0,1]],"overallFoamOpacity":5.5,"overallRippleMagnitude":10,"overallWaveMagnitude":0,"reflectMaxRateMs":50,"reflectNormalUp":true,"reflectTexSize":64,"reflectivity":0.200000003,"rippleTex":"core/art/water/waterfall_foam_n.dds","segmentLength":1,"subdivideLength":1,"viscosity":0.00100000005,"waterFogDensity":0.699999988,"waterFogDensityOffset":0.00999999978,"wetDarkening":0.100000001,"wetDepth":1}
{"class":"River","persistentId":"d4cf2c50-b42f-4498-8144-877c5298bd50","__parent":"rivers","position":[748.9198,-761.796875,39.3214798],"Foam":[{"foamDir":[0,1],"foamOpacity":null,"foamSpeed":-0.100000001,"foamTexScale":[50,100]},{"foamDir":null,"foamOpacity":1,"foamSpeed":-0.100000001,"foamTexScale":[50,200]}],"Ripples (texture animation)":[{"rippleDir":[0,1],"rippleMagnitude":3,"rippleSpeed":0.699999988,"rippleTexScale":[20,10]},{"rippleDir":[0,1],"rippleMagnitude":null,"rippleSpeed":1,"rippleTexScale":[6.25,12.5]},{"rippleDir":[0,1],"rippleMagnitude":null,"rippleSpeed":0.300000012,"rippleTexScale":[20,5]}],"Waves (vertex undulation)":[{"waveDir":[0,1],"waveMagnitude":0.200000003,"waveSpeed":3},{"waveDir":[0.707000017,0.707000017],"waveMagnitude":0.200000003,"waveSpeed":5},{"waveDir":[0.5,0.860000014],"waveMagnitude":0.200000003,"waveSpeed":5}],"baseColor":[163,163,163,255],"cubemap":"cubemap_river_reflection","depthGradientTex":"core/art/water/river_depthcolor_ramp.png","distortFullDepth":7,"flowMagnitudePhysics":6,"foamAmbientLerp":0.100000001,"foamMaxDepth":6,"foamRippleInfluence":0.100000001,"foamTex":"core/art/water/waterfall_foam_d.dds","fullReflect":false,"nodes":[[748.9198,-761.796875,39.3214798,8,5,0,0,1],[748.655762,-752.543457,38.2824974,8,5,0,0,1],[739.487061,-745.245972,37.8969536,8,5,0,0,1],[729.529236,-737.63916,37.3422356,8,5,0,0,1],[721.740784,-732.233337,37.613842,8,5,0,0,1],[716.848816,-724.516479,37.2368698,8,5,0,0,1],[716.3479,-717.856262,36.4695625,8,5,0.0629211441,0.00784505904,0.997987628],[717.613892,-712.148132,35.948349,8,5,0.280036002,0.772439003,0.570015013],[719.949036,-704.725586,35.9925842,8,5,0.340461999,0.727707982,0.595421016],[725.474243,-692.915833,34.5094299,5,5,0,0,1],[731.264038,-684.511902,32.4245682,5,5,0,0,1],[734.170166,-680.747864,31.9565163,5,5,0,0,1],[738.684448,-676.339478,29.8643017,9,5,0,0,1],[741.508789,-673.435425,22.2569923,7,5,0,0,1],[746.112061,-669.572449,20.9252872,10,5,0,0,1],[750.360657,-664.915833,20.6207008,10,5,0,0,1],[753.702942,-661.403687,19.0007248,7,5,0,0,1],[756.080383,-659.199402,18.8593578,7,5,0,0,1],[758.861206,-656.561462,16.108984,8,5,0,0,1],[761.221069,-653.784302,12.8161592,12,5,0,0,1],[762.778748,-652.066833,6.71166801,12,5,0,0,1]],"overallFoamOpacity":5.5,"overallRippleMagnitude":10,"overallWaveMagnitude":0,"reflectMaxRateMs":50,"reflectNormalUp":true,"reflectTexSize":64,"reflectivity":0.300000012,"rippleTex":"core/art/water/waterfall_foam_n.dds","segmentLength":1,"subdivideLength":1,"viscosity":0.00100000005,"waterFogDensity":0.300000012,"waterFogDensityOffset":0.00999999978,"wetDarkening":0.100000001,"wetDepth":1}
