{"class":"TSStatic","persistentId":"15ebde4a-2ccd-4d23-b6a3-1c02aa7a0eae","__parent":"primaryBeachRocks","position":[-757.567932,921.989197,71.7214279],"isRenderEnabled":false,"rotationMatrix":[0.878891945,-0.47702089,0,0.47702089,0.878891945,0,0,0,1],"shapeName":"/levels/west_coast_usa/art/shapes/rocksJV/s_rocks_desert_collection_01.dae","useInstanceRenderData":true}
{"class":"TSStatic","persistentId":"275d7262-3b7e-41f3-b8e9-e7ec0ec4b66e","__parent":"primaryBeachRocks","position":[-756.791504,926.787537,71.9006348],"isRenderEnabled":false,"rotationMatrix":[-0.537014723,0.843573213,0,-0.843573213,-0.537014723,0,0,0,1],"shapeName":"/levels/west_coast_usa/art/shapes/rocksJV/s_rocks_desert_collection_03.dae","useInstanceRenderData":true}
{"class":"TSStatic","persistentId":"422f66b8-9e20-49f9-8231-25a9cb7abaae","__parent":"primaryBeachRocks","position":[-757.000916,929.460083,71.4439697],"isRenderEnabled":false,"shapeName":"/levels/west_coast_usa/art/shapes/rocksJV/s_rocks_desert_collection_03.dae","useInstanceRenderData":true}
{"class":"TSStatic","persistentId":"f5c88295-4520-4060-b650-ebc8402bbb60","__parent":"primaryBeachRocks","position":[-754.728943,924.835815,71.8240356],"isRenderEnabled":false,"rotationMatrix":[-0.327176452,-0.944963455,0,0.944963455,-0.327176452,0,0,0,1],"shapeName":"/levels/west_coast_usa/art/shapes/rocksJV/s_rocks_desert_collection_03.dae","useInstanceRenderData":true}
{"class":"TSStatic","persistentId":"1429f342-4296-4822-be0f-f8f2bc4204a7","__parent":"primaryBeachRocks","position":[-761.052673,924.835815,71.6470642],"isRenderEnabled":false,"rotationMatrix":[-0.326264977,-0.944963396,-0.0244128071,0.942329109,-0.327177048,0.0705099329,-0.0746165961,0,0.997212291],"shapeName":"/levels/west_coast_usa/art/shapes/rocksJV/s_rocks_desert_collection_03.dae","useInstanceRenderData":true}
{"class":"TSStatic","persistentId":"69e87b25-57da-4d61-a2f7-214b0373b300","__parent":"primaryBeachRocks","position":[-757.388489,925.62323,72.2072296],"isRenderEnabled":false,"rotationMatrix":[-0.489684939,-0.784906745,-0.379644334,0.871899366,-0.44082725,-0.213219643,-4.47034836e-08,-0.435422122,0.900226355],"scale":[1.15527344,1.15527344,1.15527344],"shapeName":"/levels/west_coast_usa/art/shapes/rocksJV/s_rocks_desert_large_03.dae","useInstanceRenderData":true}
{"class":"TSStatic","persistentId":"370171f4-41d6-4cf8-a4cf-6717784593b2","__parent":"primaryBeachRocks","position":[-756.015625,923.740356,71.894783],"isRenderEnabled":false,"rotationMatrix":[0.649245858,0.760578692,0,-0.760578692,0.649245858,0,0,0,1],"shapeName":"/levels/west_coast_usa/art/shapes/rocksJV/s_rocks_desert_low_tiny.dae","useInstanceRenderData":true}
{"class":"TSStatic","persistentId":"6b911002-07e7-4146-8e20-ebbb53272990","__parent":"primaryBeachRocks","position":[-466.209442,787.794189,71.01548],"isRenderEnabled":false,"rotationMatrix":[0.954731762,-0.296950698,-0.0175368637,0.296570003,0.954771399,-0.0213974044,0.0230976678,0.0152278757,0.999617219],"shapeName":"/levels/west_coast_usa/art/shapes/rocksJV/s_rocks_desert_huge_sheet_1.dae","useInstanceRenderData":true}
{"class":"TSStatic","persistentId":"b1269245-d148-4f90-b5e8-73b1b38178ee","__parent":"primaryBeachRocks","position":[-168.277374,703.237061,71.4518585],"isRenderEnabled":false,"rotationMatrix":[0.909316182,0.416105866,0,-0.389253914,0.850636601,-0.353410184,-0.147056028,0.321361601,0.935468495],"shapeName":"/levels/west_coast_usa/art/shapes/rocksJV/s_rocks_desert_large_05.dae","useInstanceRenderData":true}
{"class":"TSStatic","persistentId":"6df93aa4-e96c-4cc3-8bab-c5871ac8b4fa","__parent":"primaryBeachRocks","position":[-551.566711,811.865784,71.982132],"isRenderEnabled":false,"shapeName":"/levels/west_coast_usa/art/shapes/rocksJV/s_rocks_desert_collection_03.dae","useInstanceRenderData":true}
{"class":"TSStatic","persistentId":"e7b86350-4546-4ddc-8864-88d4f35946f9","__parent":"primaryBeachRocks","position":[-550.609131,814.799377,71.603157],"isRenderEnabled":false,"rotationMatrix":[0.791980028,0.60224992,-0.100313812,-0.606735289,0.794670701,-0.0192581639,0.0681182444,0.0761159882,0.994769454],"shapeName":"/levels/west_coast_usa/art/shapes/rocksJV/s_rocks_desert_collection_01.dae","useInstanceRenderData":true}
{"class":"TSStatic","persistentId":"ce234cec-ad6a-4752-a554-c517e8c30a70","__parent":"primaryBeachRocks","position":[-605.799377,807.556519,73.2043533],"isRenderEnabled":false,"rotationMatrix":[-0.00639784336,0.940642178,-0.339340299,-0.999857605,-0.000714421272,0.0168708265,0.0156270266,0.339399844,0.940512419],"scale":[1.16921377,1.16921377,1.16921377],"shapeName":"/levels/west_coast_usa/art/shapes/rocksJV/s_rocks_desert_low_small_lowc.dae","useInstanceRenderData":true}
{"class":"TSStatic","persistentId":"8d9e951b-1ea4-4f16-b863-fbf077fffe03","__parent":"primaryBeachRocks","position":[-594.405396,806.939758,73.4789886],"isRenderEnabled":false,"rotationMatrix":[0.00156420469,-0.929759979,0.368162632,0.999996543,0.000687360764,-0.00251270831,0.00208319724,0.368165314,0.929758012],"scale":[0.940698147,0.940698147,0.940698147],"shapeName":"/levels/west_coast_usa/art/shapes/rocksJV/s_rocks_desert_low_small_lowc.dae","useInstanceRenderData":true}
{"class":"TSStatic","persistentId":"59018e2d-92ff-436f-aead-29c815af16a1","__parent":"primaryBeachRocks","position":[-144.946793,717.464539,70.8265839],"isRenderEnabled":false,"rotationMatrix":[0.959796131,-0.277746588,0.0405990928,0.279366046,0.959271014,-0.0418779254,-0.0273140837,0.0515362769,0.998297513],"shapeName":"/levels/west_coast_usa/art/shapes/rocksJV/s_rocks_desert_low_tiny_lowc.dae","useInstanceRenderData":true}
{"class":"TSStatic","persistentId":"5b7c981e-6f4d-4743-8068-7075e4a96fa4","__parent":"primaryBeachRocks","position":[-259.316467,699.60968,72.859726],"isRenderEnabled":false,"rotationMatrix":[1,0,0,0,0.953818083,-0.30038479,0,0.30038479,0.953818083],"shapeName":"/levels/west_coast_usa/art/shapes/rocksJV/s_rocks_desert_low_small_lowc.dae","useInstanceRenderData":true}
{"class":"TSStatic","persistentId":"fe1ada88-d847-4994-9183-8eab3a3fa305","__parent":"primaryBeachRocks","position":[-280.363251,699.650696,72.8413086],"isRenderEnabled":false,"rotationMatrix":[1,0,0,0,0.948152363,-0.317816138,0,0.317816138,0.948152363],"scale":[1.09511709,1.09511709,1.09511709],"shapeName":"/levels/west_coast_usa/art/shapes/rocksJV/s_rocks_desert_low_small_lowc.dae","useInstanceRenderData":true}
{"class":"TSStatic","persistentId":"c684b032-62e0-422a-8c5b-a2d666b2b324","__parent":"primaryBeachRocks","position":[-275.499908,699.650696,72.8413086],"isRenderEnabled":false,"rotationMatrix":[-0.99979949,3.08733433e-07,-0.0200283471,-0.00636562333,-0.948152423,0.317752331,-0.0189898256,0.317816108,0.947962165],"shapeName":"/levels/west_coast_usa/art/shapes/rocksJV/s_rocks_desert_low_small_lowc.dae","useInstanceRenderData":true}
{"class":"TSStatic","persistentId":"bd9b3559-1d9d-456b-ac79-f2940e0b5ce5","__parent":"primaryBeachRocks","position":[-285.957275,699.984924,72.809166],"isRenderEnabled":false,"rotationMatrix":[-1.00000048,3.08947307e-07,-1.03557653e-07,-3.25841398e-07,-0.948152781,0.317816168,-1.0658141e-14,0.317816168,0.948152363],"scale":[1.1273315,1.1273315,1.1273315],"shapeName":"/levels/west_coast_usa/art/shapes/rocksJV/s_rocks_desert_low_small_lowc.dae","useInstanceRenderData":true}
{"class":"TSStatic","persistentId":"c403dd48-dcf5-4c88-99ec-8d8fbd62f3ce","__parent":"primaryBeachRocks","position":[-291.114288,699.778076,72.7986221],"isRenderEnabled":false,"rotationMatrix":[1,-6.178945e-07,2.07115221e-07,6.5159594e-07,0.953212023,-0.302302659,-1.06335918e-08,0.302302659,0.953212023],"scale":[1.08681631,1.08681631,1.08681631],"shapeName":"/levels/west_coast_usa/art/shapes/rocksJV/s_rocks_desert_low_small_lowc.dae","useInstanceRenderData":true}
{"class":"TSStatic","persistentId":"7f0055b9-744c-45ea-97ff-a5d0d7fdf971","__parent":"primaryBeachRocks","position":[-296.652405,699.536316,72.9750671],"isRenderEnabled":false,"rotationMatrix":[-0.999999762,3.08947136e-07,-1.03557596e-07,-3.25679906e-07,-0.95768261,0.287825644,-1.0252414e-08,0.287825644,0.957682848],"scale":[1.06822515,1.06822515,1.06822515],"shapeName":"/levels/west_coast_usa/art/shapes/rocksJV/s_rocks_desert_low_small_lowc.dae","useInstanceRenderData":true}
{"class":"TSStatic","persistentId":"d326e8cf-d1c3-44a3-bca3-6189420f8354","__parent":"primaryBeachRocks","position":[-301.957275,700.606506,72.8646164],"isRenderEnabled":false,"rotationMatrix":[-0.99784112,-0.0655136183,-0.00475062057,0.0609355085,-0.950260282,0.305440217,-0.0245248079,0.304491073,0.952199399],"scale":[1.21886587,1.21886587,1.21886587],"shapeName":"/levels/west_coast_usa/art/shapes/rocksJV/s_rocks_desert_low_small_lowc.dae","useInstanceRenderData":true}
{"class":"TSStatic","persistentId":"bc541955-a49c-45c9-879b-25eeae471e1f","__parent":"primaryBeachRocks","position":[-307.153992,699.366577,72.8775024],"isRenderEnabled":false,"rotationMatrix":[-0.998958349,-0.0453431457,0.00517462706,0.0447765589,-0.951873779,0.30320248,-0.00882256124,0.303118259,0.952912092],"shapeName":"/levels/west_coast_usa/art/shapes/rocksJV/s_rocks_desert_low_small_lowc.dae","useInstanceRenderData":true}
{"class":"TSStatic","persistentId":"383c5936-0574-4fcf-92b8-59dbbc7b74e4","__parent":"primaryBeachRocks","position":[-312.312958,698.671448,72.8900681],"isRenderEnabled":false,"rotationMatrix":[-0.996549368,-0.0825578645,-0.00859357323,0.0765447244,-0.954103112,0.289531499,-0.0321022533,0.287874609,0.957129896],"scale":[1.12167358,1.12167358,1.12167358],"shapeName":"/levels/west_coast_usa/art/shapes/rocksJV/s_rocks_desert_low_small_lowc.dae","useInstanceRenderData":true}
{"class":"TSStatic","persistentId":"6d68a929-2ec9-428e-b883-b6ebab63c33c","__parent":"primaryBeachRocks","position":[-317.819427,697.945557,72.7692642],"isRenderEnabled":false,"rotationMatrix":[0.974428296,0.224642366,-0.00503227673,-0.21552971,0.928099215,-0.30360958,-0.063533105,0.296930343,0.952783227],"scale":[1.13883662,1.13883662,1.13883662],"shapeName":"/levels/west_coast_usa/art/shapes/rocksJV/s_rocks_desert_low_small_lowc.dae","useInstanceRenderData":true}
{"class":"TSStatic","persistentId":"8b2cddaa-0a90-4a0f-9708-32ecf1395837","__parent":"primaryBeachRocks","position":[-323.121124,696.174744,72.967598],"isRenderEnabled":false,"rotationMatrix":[-0.943780184,-0.328223825,0.0393566415,0.324412346,-0.896717429,0.301090002,-0.0635331273,0.296930432,0.952783227],"scale":[1.13883662,1.13883662,1.13883662],"shapeName":"/levels/west_coast_usa/art/shapes/rocksJV/s_rocks_desert_low_small_lowc.dae","useInstanceRenderData":true}
{"class":"TSStatic","persistentId":"8f507bc7-7eff-4745-a224-6ce9ac646e06","__parent":"primaryBeachRocks","position":[-328.183838,693.626709,73.0841293],"isRenderEnabled":false,"rotationMatrix":[-0.86459136,-0.500182331,0.0479489081,0.490523666,-0.819485903,0.296359688,-0.108940437,0.279750139,0.953872025],"scale":[1.13883662,1.13883662,1.13883662],"shapeName":"/levels/west_coast_usa/art/shapes/rocksJV/s_rocks_desert_low_small_lowc.dae","useInstanceRenderData":true}
{"class":"TSStatic","persistentId":"6295ef0c-1fdc-4ea8-88e7-b275e242a6b1","__parent":"primaryBeachRocks","position":[-332.959076,690.782043,73.1221695],"isRenderEnabled":false,"rotationMatrix":[0.861816645,0.506568611,-0.0256959498,-0.490523398,0.81948626,-0.296359658,-0.12906903,0.268012166,0.95473069],"scale":[1.13883662,1.13883662,1.13883662],"shapeName":"/levels/west_coast_usa/art/shapes/rocksJV/s_rocks_desert_low_small_lowc.dae","useInstanceRenderData":true}
{"class":"TSStatic","persistentId":"64d38503-e83a-4763-ac08-1837407dd5fb","__parent":"primaryBeachRocks","position":[-337.727234,687.886292,73.158905],"isRenderEnabled":false,"rotationMatrix":[0.807451248,0.589370728,0.0257820636,-0.55500114,0.773727417,-0.305482805,-0.199990898,0.232353389,0.951848507],"scale":[1.13883662,1.13883662,1.13883662],"shapeName":"/levels/west_coast_usa/art/shapes/rocksJV/s_rocks_desert_low_small_lowc.dae","useInstanceRenderData":true}
{"class":"TSStatic","persistentId":"67dc0675-f5f5-4b4b-b8ef-470289da3105","__parent":"primaryBeachRocks","position":[-342.002808,684.32605,73.190506],"isRenderEnabled":false,"rotationMatrix":[0.773724794,0.633472264,0.00793042034,-0.599533856,0.736202717,-0.31395027,-0.204717159,0.238156572,0.949406326],"scale":[1.08786011,1.08786011,1.08786011],"shapeName":"/levels/west_coast_usa/art/shapes/rocksJV/s_rocks_desert_low_small_lowc.dae","useInstanceRenderData":true}
{"class":"TSStatic","persistentId":"3bac4da0-a5bd-4460-a1d1-bbdca48f3736","__parent":"primaryBeachRocks","position":[-346.080811,680.74115,73.097847],"isRenderEnabled":false,"rotationMatrix":[0.747677505,0.663201332,0.0337994993,-0.622237444,0.7174564,-0.31317243,-0.231945992,0.213120684,0.949094653],"scale":[1.08786011,1.08786011,1.08786011],"shapeName":"/levels/west_coast_usa/art/shapes/rocksJV/s_rocks_desert_low_small_lowc.dae","useInstanceRenderData":true}
{"class":"TSStatic","persistentId":"33c0e4c6-012b-4da6-8bea-bc2e6f4b7e05","__parent":"primaryBeachRocks","position":[-353.437378,673.36084,73.0365753],"isRenderEnabled":false,"rotationMatrix":[0.700755,0.713316083,0.0110789463,-0.674643278,0.667652488,-0.314796209,-0.231946021,0.213120699,0.949094653],"scale":[1.08786011,1.08786011,1.08786011],"shapeName":"/levels/west_coast_usa/art/shapes/rocksJV/s_rocks_desert_low_small_lowc.dae","useInstanceRenderData":true}
{"class":"TSStatic","persistentId":"df8ec745-5892-4204-b0d6-d6857ed1cf67","__parent":"primaryBeachRocks","position":[-349.868713,676.970825,73.0437317],"isRenderEnabled":false,"rotationMatrix":[0.700755,0.713315904,0.011078909,-0.670823038,0.664136231,-0.330029517,-0.24277325,0.223837823,0.943905592],"scale":[1.08786011,1.08786011,1.08786011],"shapeName":"/levels/west_coast_usa/art/shapes/rocksJV/s_rocks_desert_low_small_lowc.dae","useInstanceRenderData":true}
{"class":"TSStatic","persistentId":"122c7740-680a-4455-8af3-bde561f48b32","__parent":"primaryBeachRocks","position":[-359.681519,670.452148,72.4102859],"isRenderEnabled":false,"rotationMatrix":[0.937447309,0.291179419,0.190806285,-0.219966307,0.920256019,-0.323641211,-0.26982829,0.261425644,0.926741242],"scale":[1.08786011,1.08786011,1.08786011],"shapeName":"/levels/west_coast_usa/art/shapes/rocksJV/s_rocks_desert_low_small_lowc.dae","useInstanceRenderData":true}
{"class":"TSStatic","persistentId":"05a8e988-72df-45ee-b35c-381e67f901d5","__parent":"primaryBeachRocks","position":[-361.552216,670.433777,72.5139694],"isRenderEnabled":false,"rotationMatrix":[0.890439749,-0.450737119,-0.0628744215,0.407550216,0.851239085,-0.330597848,0.202533856,0.268752962,0.941675067],"scale":[1.08786011,1.08786011,1.08786011],"shapeName":"/levels/west_coast_usa/art/shapes/rocksJV/s_rocks_desert_low_small_lowc.dae","useInstanceRenderData":true}
{"class":"TSStatic","persistentId":"5723f832-1f58-44eb-a072-c895927e6afa","__parent":"primaryBeachRocks","position":[-366.898621,671.111572,73.7647552],"isRenderEnabled":false,"rotationMatrix":[0.702776432,0.640243411,-0.3101511,-0.675545096,0.737266302,-0.00879343599,0.223034024,0.215700835,0.950646639],"scale":[0.912786841,0.912786841,0.912786841],"shapeName":"/levels/west_coast_usa/art/shapes/rocksJV/s_rocks_desert_low_small_lowc.dae","useInstanceRenderData":true}
{"class":"TSStatic","persistentId":"49880122-7b3a-4dd5-bc91-5ca5b7e487ea","__parent":"primaryBeachRocks","position":[-367.826721,676.447205,72.7273331],"isRenderEnabled":false,"rotationMatrix":[0.685468435,-0.727705717,-0.0240312144,0.683638453,0.654614687,-0.32267338,0.250542402,0.204753771,0.946205258],"scale":[1.08786011,1.08786011,1.08786011],"shapeName":"/levels/west_coast_usa/art/shapes/rocksJV/s_rocks_desert_low_small_lowc.dae","useInstanceRenderData":true}
{"class":"TSStatic","persistentId":"a8bc7c9c-3d07-4413-bf6f-420b458fd6b4","__parent":"primaryBeachRocks","position":[-371.34845,681.099182,72.6391525],"isRenderEnabled":false,"rotationMatrix":[-0.72801888,0.685496092,-0.00917286426,-0.656343699,-0.693068862,0.298108995,0.197995096,0.223049447,0.954487741],"scale":[1.19581914,1.19581914,1.19581914],"shapeName":"/levels/west_coast_usa/art/shapes/rocksJV/s_rocks_desert_low_small_lowc.dae","useInstanceRenderData":true}
{"class":"TSStatic","persistentId":"52295217-312d-4b58-887a-00cb39059a3b","__parent":"primaryBeachRocks","position":[-375.269196,684.227051,72.6477203],"isRenderEnabled":false,"rotationMatrix":[0.725735068,-0.687972367,-0.00161096454,0.65293926,0.689512968,-0.313435942,0.216746062,0.226419598,0.949607968],"scale":[1.08786011,1.08616579,1.08786011],"shapeName":"/levels/west_coast_usa/art/shapes/rocksJV/s_rocks_desert_low_small_lowc.dae","useInstanceRenderData":true}
{"class":"TSStatic","persistentId":"3976f5ec-d253-49c1-9cd5-fb5c4e57b052","__parent":"primaryBeachRocks","position":[-378.8862,687.679138,72.7069931],"isRenderEnabled":false,"rotationMatrix":[-0.725735784,0.687972307,0.00161108375,-0.6529392,-0.689513683,0.313436031,0.216746122,0.226419672,0.949607968],"scale":[1.08786011,1.08616579,1.08786011],"shapeName":"/levels/west_coast_usa/art/shapes/rocksJV/s_rocks_desert_low_small_lowc.dae","useInstanceRenderData":true}
{"class":"TSStatic","persistentId":"67a69472-207e-46ee-86fc-21ca610ab47d","__parent":"primaryBeachRocks","position":[-382.223877,691.319092,72.6239548],"isRenderEnabled":false,"rotationMatrix":[0.725735068,-0.687972367,-0.00161096454,0.65293926,0.689512968,-0.313435942,0.216746062,0.226419598,0.949607968],"scale":[1.12672734,1.12497246,1.12672734],"shapeName":"/levels/west_coast_usa/art/shapes/rocksJV/s_rocks_desert_low_small_lowc.dae","useInstanceRenderData":true}
{"class":"TSStatic","persistentId":"f433cdbc-f9ca-4b79-8178-89b9da018832","__parent":"primaryBeachRocks","position":[-385.129883,695.55365,72.5176849],"isRenderEnabled":false,"rotationMatrix":[0.725735068,-0.687972426,-0.00161097199,0.661384463,0.698328614,-0.273692727,0.189418018,0.197562933,0.961815834],"scale":[1.32351685,1.32145536,1.32351685],"shapeName":"/levels/west_coast_usa/art/shapes/rocksJV/s_rocks_desert_low_small_lowc.dae","useInstanceRenderData":true}
{"class":"TSStatic","persistentId":"3e46bb9f-f575-4449-8626-0796b1e079db","__parent":"primaryBeachRocks","position":[-389.679901,698.243347,72.8877945],"isRenderEnabled":false,"rotationMatrix":[0.70000571,-0.713653624,-0.0262804031,0.67598325,0.674025476,-0.297886491,0.23030138,0.190757141,0.954239488],"scale":[1.08786011,1.08616579,1.08786011],"shapeName":"/levels/west_coast_usa/art/shapes/rocksJV/s_rocks_desert_low_small_lowc.dae","useInstanceRenderData":true}
{"class":"TSStatic","persistentId":"df1d3e4c-26d4-41ab-ae79-a52760639ebd","__parent":"primaryBeachRocks","position":[-393.199738,701.791992,72.9298859],"isRenderEnabled":false,"rotationMatrix":[0.705858707,-0.708352029,-0.00100177526,0.675983489,0.674025297,-0.29788655,0.21168372,0.209588647,0.954600751],"scale":[1.08786011,1.08616579,1.08786011],"shapeName":"/levels/west_coast_usa/art/shapes/rocksJV/s_rocks_desert_low_small_lowc.dae","useInstanceRenderData":true}
{"class":"TSStatic","persistentId":"5abd8385-a29c-40e6-bfa4-b14cd19851e2","__parent":"primaryBeachRocks","position":[-396.66391,705.404846,72.9909286],"isRenderEnabled":false,"rotationMatrix":[0.725455403,-0.687597275,0.030407086,0.663245082,0.686592162,-0.297820926,0.18390353,0.236223161,0.954137385],"scale":[1.08786011,1.08616579,1.08786011],"shapeName":"/levels/west_coast_usa/art/shapes/rocksJV/s_rocks_desert_low_small_lowc.dae","useInstanceRenderData":true}
{"class":"TSStatic","persistentId":"0195e767-deac-4a43-93d4-d8158440aeb1","__parent":"primaryBeachRocks","position":[-400.465363,709.830933,72.615387],"isRenderEnabled":false,"rotationMatrix":[0.725455284,-0.687597215,0.0304071382,0.657753766,0.679605246,-0.324802279,0.202668339,0.255629897,0.945293009],"scale":[1.22452998,1.22262275,1.22452998],"shapeName":"/levels/west_coast_usa/art/shapes/rocksJV/s_rocks_desert_low_small_lowc.dae","useInstanceRenderData":true}
{"class":"TSStatic","persistentId":"388a0417-821a-4ab4-acbb-9249b37e6e1a","__parent":"primaryBeachRocks","position":[-404.361115,714.16864,72.2775879],"isRenderEnabled":false,"rotationMatrix":[0.72241807,-0.691257358,0.0165982768,0.657753944,0.679605246,-0.324802279,0.213241637,0.245560646,0.945636272],"scale":[1.22452998,1.22262275,1.22452998],"shapeName":"/levels/west_coast_usa/art/shapes/rocksJV/s_rocks_desert_low_small_lowc.dae","useInstanceRenderData":true}
{"class":"TSStatic","persistentId":"dbb3576d-65c9-426d-8348-5e78bc6471c5","__parent":"primaryBeachRocks","position":[-408.562439,719.008606,72.2473145],"isRenderEnabled":false,"rotationMatrix":[0.711753011,-0.701872706,-0.0279728696,0.663923621,0.685205936,-0.299496859,0.229375809,0.194595963,0.953687131],"scale":[1.2983582,1.29633605,1.2983582],"shapeName":"/levels/west_coast_usa/art/shapes/rocksJV/s_rocks_desert_low_small_lowc.dae","useInstanceRenderData":true}
{"class":"TSStatic","persistentId":"9c6488dd-9838-4ff2-ba73-74ecb5339231","__parent":"primaryBeachRocks","position":[-270.500092,699.650696,72.8413086],"isRenderEnabled":false,"rotationMatrix":[-0.99979949,3.08733433e-07,-0.0200283471,-0.00636562333,-0.948152423,0.317752331,-0.0189898256,0.317816108,0.947962165],"shapeName":"/levels/west_coast_usa/art/shapes/rocksJV/s_rocks_desert_low_small_lowc.dae","useInstanceRenderData":true}
{"class":"TSStatic","persistentId":"812a7b80-b08e-4dd0-965b-ab8e2c8d3cb0","__parent":"primaryBeachRocks","position":[-412.027008,723.629395,71.9976425],"isRenderEnabled":false,"rotationMatrix":[0.705240488,-0.708216846,-0.0326304212,0.668055475,0.679247499,-0.303849727,0.237355649,0.192488194,0.952161014],"scale":[1.22452998,1.22262275,1.22452998],"shapeName":"/levels/west_coast_usa/art/shapes/rocksJV/s_rocks_desert_low_small_lowc.dae","useInstanceRenderData":true}
{"class":"TSStatic","persistentId":"8fa46bbf-af1c-4f15-a75a-7e92dcee2a30","__parent":"primaryBeachRocks","position":[-435.670898,751.821106,72.8379364],"isRenderEnabled":false,"rotationMatrix":[0.524537623,0.539456248,-0.658670843,-0.729405046,0.683763981,-0.0208597183,0.439122498,0.491379559,0.752142012],"shapeName":"/levels/west_coast_usa/art/shapes/rocksJV/s_rocks_desert_low_small_lowc.dae","useInstanceRenderData":true}
{"class":"TSStatic","persistentId":"aa581004-a7f5-4c92-ad4e-8a580286f73c","__parent":"primaryBeachRocks","position":[-442.877533,758.75177,72.8059845],"isRenderEnabled":false,"rotationMatrix":[0.564362824,0.581757069,-0.585707545,-0.721529484,0.692342401,-0.00756236911,0.401110768,0.426873177,0.810487211],"shapeName":"/levels/west_coast_usa/art/shapes/rocksJV/s_rocks_desert_low_small_lowc.dae","useInstanceRenderData":true}
{"class":"TSStatic","persistentId":"960a460c-e1f0-4050-b140-74569513f186","__parent":"primaryBeachRocks","position":[-449.31897,765.03363,72.8387756],"isRenderEnabled":false,"rotationMatrix":[-0.564363241,-0.58175683,0.585707605,0.710313439,-0.703735113,-0.0145599842,0.420653284,0.407818824,0.810391665],"shapeName":"/levels/west_coast_usa/art/shapes/rocksJV/s_rocks_desert_low_small_lowc.dae","useInstanceRenderData":true}
{"class":"TSStatic","persistentId":"8b865a3e-2802-448e-9976-546b3719ba1d","__parent":"primaryBeachRocks","position":[-456.265167,772.232239,72.8459702],"isRenderEnabled":false,"rotationMatrix":[0.583643258,0.600410283,-0.546688318,-0.710313618,0.703734756,0.0145601332,0.393465638,0.379822165,0.837209582],"scale":[1.15134287,1.15134287,1.15134287],"shapeName":"/levels/west_coast_usa/art/shapes/rocksJV/s_rocks_desert_low_small_lowc.dae","useInstanceRenderData":true}
{"class":"TSStatic","persistentId":"8c40ac72-ee4f-443a-893a-45dddb18a873","__parent":"primaryBeachRocks","position":[-463.417419,779.222717,72.8599319],"isRenderEnabled":false,"rotationMatrix":[0.557466745,0.574813426,-0.59901619,-0.714892447,0.699211597,0.00565503538,0.422089696,0.425079644,0.800716937],"shapeName":"/levels/west_coast_usa/art/shapes/rocksJV/s_rocks_desert_low_small_lowc.dae","useInstanceRenderData":true}
{"class":"TSStatic","persistentId":"f8881ca9-a591-47a0-94b1-c1af13664372","__parent":"primaryBeachRocks","position":[-470.566345,786.214844,72.916481],"isRenderEnabled":false,"rotationMatrix":[-0.557467341,-0.574813247,0.599016249,0.714892268,-0.699212074,-0.00565479696,0.422089756,0.425079644,0.800716937],"shapeName":"/levels/west_coast_usa/art/shapes/rocksJV/s_rocks_desert_low_small_lowc.dae","useInstanceRenderData":true}
{"class":"TSStatic","persistentId":"ee4f23d2-0ae4-4987-966c-f447e55d9d50","__parent":"primaryBeachRocks","position":[-477.715271,793.20697,72.9730301],"isRenderEnabled":false,"rotationMatrix":[-0.557467341,-0.574813247,0.599016249,0.714892268,-0.699212074,-0.00565479696,0.422089756,0.425079644,0.800716937],"shapeName":"/levels/west_coast_usa/art/shapes/rocksJV/s_rocks_desert_low_small_lowc.dae","useInstanceRenderData":true}
{"class":"TSStatic","persistentId":"941055cd-b31e-4b52-929d-47b5b90176f7","__parent":"primaryBeachRocks","position":[-487.287842,794.44928,73.1966476],"isRenderEnabled":false,"rotationMatrix":[-0.717868805,0.696122229,0.00886395574,-0.678303182,-0.702246428,0.216228962,0.156746447,0.149211556,0.976302445],"shapeName":"/levels/west_coast_usa/art/shapes/rocksJV/s_rocks_desert_low_small_lowc.dae","useInstanceRenderData":true}
{"class":"TSStatic","persistentId":"f3b302dd-25bb-4605-8a72-69be888c3e26","__parent":"primaryBeachRocks","position":[-487.53595,793.595459,73.2355042],"isRenderEnabled":false,"rotationMatrix":[-0.509191871,0.615884602,-0.601174176,-0.773948491,-0.633212328,0.00682419538,-0.376467764,0.468752593,0.799088895],"shapeName":"/levels/west_coast_usa/art/shapes/rocksJV/s_rocks_desert_low_small_lowc.dae","useInstanceRenderData":true}
{"class":"TSStatic","persistentId":"54b3cef4-8872-4466-b4c7-6e3bc291e583","__parent":"primaryBeachRocks","position":[-483.017853,799.089294,71.7047577],"isRenderEnabled":false,"rotationMatrix":[-0.995809674,0.0831442401,0.0380833447,-0.0611084327,-0.914783001,0.399296939,0.0680372342,0.395296514,0.916030347],"shapeName":"/levels/west_coast_usa/art/shapes/rocksJV/s_rocks_desert_low_small_lowc.dae","useInstanceRenderData":true}
{"class":"TSStatic","persistentId":"f4677a2c-54b9-433b-970c-ca4f30c5896b","__parent":"primaryBeachRocks","position":[-491.008759,797.762817,73.1386948],"isRenderEnabled":false,"rotationMatrix":[-0.774945617,0.631703675,0.0202528834,-0.598430574,-0.743682623,0.298022628,0.203323677,0.218831316,0.954343915],"shapeName":"/levels/west_coast_usa/art/shapes/rocksJV/s_rocks_desert_low_small_lowc.dae","useInstanceRenderData":true}
{"class":"TSStatic","persistentId":"fd2f90ea-ce3d-4b6a-a2f7-49ec582c182a","__parent":"primaryBeachRocks","position":[-494.801544,799.934204,73.1255798],"isRenderEnabled":false,"rotationMatrix":[-0.847630858,0.530527592,-0.00792790949,-0.509078264,-0.808968306,0.293955982,0.149538323,0.253202021,0.955786109],"shapeName":"/levels/west_coast_usa/art/shapes/rocksJV/s_rocks_desert_low_small_lowc.dae","useInstanceRenderData":true}
{"class":"TSStatic","persistentId":"3555be1c-2866-46fc-b257-fd03902a2010","__parent":"primaryBeachRocks","position":[-498.857819,802.461121,73.0640488],"isRenderEnabled":false,"rotationMatrix":[-0.909532547,0.414358109,0.0325320065,-0.380592257,-0.861752629,0.335458547,0.167034492,0.29272899,0.941493094],"shapeName":"/levels/west_coast_usa/art/shapes/rocksJV/s_rocks_desert_low_small_lowc.dae","useInstanceRenderData":true}
{"class":"TSStatic","persistentId":"9c0a0577-11f8-40a4-be00-d935c71ddd21","__parent":"primaryBeachRocks","position":[-503.1987,804.20105,73.1288757],"isRenderEnabled":false,"rotationMatrix":[0.916273832,-0.400402278,0.0109681562,0.380592495,0.861752272,-0.335458487,0.124866508,0.311546236,0.94199115],"shapeName":"/levels/west_coast_usa/art/shapes/rocksJV/s_rocks_desert_low_small_lowc.dae","useInstanceRenderData":true}
{"class":"TSStatic","persistentId":"01cb587f-702a-4251-b799-7703d769ab67","__parent":"primaryBeachRocks","position":[-507.801025,805.829773,73.0958786],"isRenderEnabled":false,"rotationMatrix":[-0.959765792,0.28079915,-0.00137357414,-0.265088439,-0.904431701,0.334263086,0.0926184878,0.321178317,0.942478836],"shapeName":"/levels/west_coast_usa/art/shapes/rocksJV/s_rocks_desert_low_small_lowc.dae","useInstanceRenderData":true}
{"class":"TSStatic","persistentId":"65371be4-67d7-4204-a90f-02de7ea3364f","__parent":"primaryBeachRocks","position":[-512.237671,807.065491,73.094841],"isRenderEnabled":false,"rotationMatrix":[0.977887809,-0.20867534,0.0137872212,0.201190218,0.920719862,-0.334361285,0.057078775,0.329741687,0.942344129],"scale":[1.05615234,1.05615234,1.05615234],"shapeName":"/levels/west_coast_usa/art/shapes/rocksJV/s_rocks_desert_low_small_lowc.dae","useInstanceRenderData":true}
{"class":"TSStatic","persistentId":"1c93e8e1-4c9b-4e7e-9ac3-7db1fcf4a6f3","__parent":"primaryBeachRocks","position":[-517.037292,807.795166,73.130249],"isRenderEnabled":false,"rotationMatrix":[0.986300766,-0.164944425,-0.00202453323,0.154766843,0.92955029,-0.334639341,0.0570787862,0.329741687,0.942344129],"scale":[1.05615234,1.05615234,1.05615234],"shapeName":"/levels/west_coast_usa/art/shapes/rocksJV/s_rocks_desert_low_small_lowc.dae","useInstanceRenderData":true}
{"class":"TSStatic","persistentId":"eb6c894a-0e71-476b-98aa-d2733325400f","__parent":"primaryBeachRocks","position":[-522.220154,807.938782,73.2391281],"isRenderEnabled":false,"rotationMatrix":[0.998179317,-0.0602622144,0.0025505065,0.0576520301,0.940808415,-0.333999693,0.0177280214,0.333538651,0.942569733],"shapeName":"/levels/west_coast_usa/art/shapes/rocksJV/s_rocks_desert_low_small_lowc.dae","useInstanceRenderData":true}
{"class":"TSStatic","persistentId":"7540ac36-5170-40b7-9210-51f06c024f12","__parent":"primaryBeachRocks","position":[-526.892456,808.220947,73.2271881],"isRenderEnabled":false,"rotationMatrix":[-0.999838114,0.00465116883,-0.017400559,-0.0102162007,-0.942090869,0.335203141,-0.0148338154,0.335326523,0.94198519],"shapeName":"/levels/west_coast_usa/art/shapes/rocksJV/s_rocks_desert_low_small_lowc.dae","useInstanceRenderData":true}
{"class":"TSStatic","persistentId":"edeec60f-6843-4ab4-84e4-d419fd87fe49","__parent":"primaryBeachRocks","position":[-531.645996,808.185486,72.9823608],"isRenderEnabled":false,"rotationMatrix":[-0.999492526,-0.0287035014,-0.0138305249,0.0224012192,-0.941741109,0.335592359,-0.0226574466,0.335112125,0.941905797],"shapeName":"/levels/west_coast_usa/art/shapes/rocksJV/s_rocks_desert_low_small_lowc.dae","useInstanceRenderData":true}
{"class":"TSStatic","persistentId":"e5287f3b-bae8-451f-9b5f-971b781c760b","__parent":"primaryBeachRocks","position":[-536.652527,808.308044,73.0227509],"isRenderEnabled":false,"rotationMatrix":[-0.999492526,-0.0287035014,-0.0138305249,0.0224012192,-0.941741109,0.335592359,-0.0226574466,0.335112125,0.941905797],"shapeName":"/levels/west_coast_usa/art/shapes/rocksJV/s_rocks_desert_low_small_lowc.dae","useInstanceRenderData":true}
{"class":"TSStatic","persistentId":"ef009fc3-e220-431c-b5ad-5bb54c946ccf","__parent":"primaryBeachRocks","position":[-541.649963,808.164551,72.953598],"isRenderEnabled":false,"rotationMatrix":[0.999744236,0.0203608274,-0.00984617323,-0.0224694125,0.94375962,-0.329868019,0.00257603568,0.330004871,0.943975747],"shapeName":"/levels/west_coast_usa/art/shapes/rocksJV/s_rocks_desert_low_small_lowc.dae","useInstanceRenderData":true}
{"class":"TSStatic","persistentId":"8e680377-3751-4898-b918-1c12d57cf4cc","__parent":"primaryBeachRocks","position":[-546.763428,808.108765,73.1383286],"isRenderEnabled":false,"rotationMatrix":[0.999684572,0.0249122567,0.00317963632,-0.0225796252,0.946984649,-0.32048437,-0.0109950546,0.320311517,0.947248459],"shapeName":"/levels/west_coast_usa/art/shapes/rocksJV/s_rocks_desert_low_small_lowc.dae","useInstanceRenderData":true}
{"class":"TSStatic","persistentId":"c856ac61-c0b4-4f82-b00d-3e526d7be148","__parent":"primaryBeachRocks","position":[-551.766663,808.185547,73.0542831],"isRenderEnabled":false,"rotationMatrix":[-0.999685049,-0.0249119513,-0.00317974109,0.0225793011,-0.946985006,0.3204844,-0.0109950565,0.320311546,0.947248459],"shapeName":"/levels/west_coast_usa/art/shapes/rocksJV/s_rocks_desert_low_small_lowc.dae","useInstanceRenderData":true}
{"class":"TSStatic","persistentId":"6f03d61e-9852-46f4-9431-a550b0272a99","__parent":"primaryBeachRocks","position":[-556.765076,808.060974,73.0383835],"isRenderEnabled":false,"rotationMatrix":[-0.999685049,-0.0249119513,-0.00317974109,0.0225793011,-0.946985006,0.3204844,-0.0109950565,0.320311546,0.947248459],"shapeName":"/levels/west_coast_usa/art/shapes/rocksJV/s_rocks_desert_low_small_lowc.dae","useInstanceRenderData":true}
{"class":"TSStatic","persistentId":"0c3a3fa4-6ca2-418c-9e66-88c0647c34b6","__parent":"primaryBeachRocks","position":[-561.765381,808.00531,73.0889206],"isRenderEnabled":false,"rotationMatrix":[-0.999685049,-0.0249119513,-0.00317974109,0.0225793011,-0.946985006,0.3204844,-0.0109950565,0.320311546,0.947248459],"shapeName":"/levels/west_coast_usa/art/shapes/rocksJV/s_rocks_desert_low_small_lowc.dae","useInstanceRenderData":true}
{"class":"TSStatic","persistentId":"8158ef70-4fb5-43fa-96b9-124d655d7baf","__parent":"primaryBeachRocks","position":[-566.77179,808.201599,73.068634],"isRenderEnabled":false,"rotationMatrix":[0.999684572,0.0249116421,0.0031798447,-0.0227282606,0.951306283,-0.307408243,-0.0106830494,0.307239026,0.951572418],"shapeName":"/levels/west_coast_usa/art/shapes/rocksJV/s_rocks_desert_low_small_lowc.dae","useInstanceRenderData":true}
{"class":"TSStatic","persistentId":"5a934d75-362f-400d-971d-b075238dc304","__parent":"primaryBeachRocks","position":[-571.793945,809.070312,72.7317581],"isRenderEnabled":false,"rotationMatrix":[0.999684572,0.0249116421,0.0031798447,-0.0227282606,0.951306283,-0.307408243,-0.0106830494,0.307239026,0.951572418],"scale":[1.16921377,1.16921377,1.16921377],"shapeName":"/levels/west_coast_usa/art/shapes/rocksJV/s_rocks_desert_low_small_lowc.dae","useInstanceRenderData":true}
{"class":"TSStatic","persistentId":"a2d46a7a-e9cd-4a43-9cec-0070f72760b5","__parent":"primaryBeachRocks","position":[-580.844543,809.297241,72.7295914],"isRenderEnabled":false,"rotationMatrix":[-0.997564793,-0.0418607667,-0.0557884462,0.0227279365,-0.951306343,0.307408184,-0.0659402385,0.30539158,0.949940979],"scale":[1.16921377,1.16921377,1.16921377],"shapeName":"/levels/west_coast_usa/art/shapes/rocksJV/s_rocks_desert_low_small_lowc.dae","useInstanceRenderData":true}
{"class":"TSStatic","persistentId":"026056dc-c4ba-43a7-9fd8-d3fd3bc057af","__parent":"primaryBeachRocks","position":[-575.502136,809.234375,72.9951782],"isRenderEnabled":false,"rotationMatrix":[-0.999493241,-0.0149336923,0.0281236824,0.0226060506,-0.95479548,0.296403974,0.0224259477,0.296889454,0.954648495],"scale":[1.07307124,1.07307124,1.07307124],"shapeName":"/levels/west_coast_usa/art/shapes/rocksJV/s_rocks_desert_low_small_lowc.dae","useInstanceRenderData":true}
{"class":"TSStatic","persistentId":"96dd64f8-6b7d-41ff-b7bc-306b1c393d39","__parent":"primaryBeachRocks","position":[-592.296021,810.232971,72.2875595],"isRenderEnabled":false,"rotationMatrix":[-0.999586463,-0.015787581,0.0240368079,0.0220050644,-0.95801878,0.285860151,0.0185146723,0.286270827,0.957969844],"scale":[1.16921377,1.16921377,1.16921377],"shapeName":"/levels/west_coast_usa/art/shapes/rocksJV/s_rocks_desert_low_small_lowc.dae","useInstanceRenderData":true}
{"class":"TSStatic","persistentId":"146e8e26-28f4-44aa-bb02-31c8bff55a5c","__parent":"primaryBeachRocks","position":[-598.293945,810.149536,72.4769363],"isRenderEnabled":false,"rotationMatrix":[0.999710679,0.0238624159,0.00301640271,-0.0223444868,0.967807531,-0.250697613,-0.00890154857,0.250557661,0.968060732],"scale":[1.16921377,1.16921377,1.16921377],"shapeName":"/levels/west_coast_usa/art/shapes/rocksJV/s_rocks_desert_low_small_lowc.dae","useInstanceRenderData":true}
{"class":"TSStatic","persistentId":"857cf8de-d56f-439b-bd41-60f478561380","__parent":"primaryBeachRocks","position":[-603.997864,810.036926,72.5507202],"isRenderEnabled":false,"rotationMatrix":[-0.999711037,-0.0238621049,-0.00301648537,0.0223441646,-0.96780777,0.250697643,-0.0089015495,0.250557691,0.968060732],"scale":[1.16921377,1.16921377,1.16921377],"shapeName":"/levels/west_coast_usa/art/shapes/rocksJV/s_rocks_desert_low_small_lowc.dae","useInstanceRenderData":true}
{"class":"TSStatic","persistentId":"09d0b6ff-fbbd-40ee-b2c5-c33322e6c597","__parent":"primaryBeachRocks","position":[-608.996399,809.917603,72.5356369],"isRenderEnabled":false,"rotationMatrix":[0.958716989,0.283450812,-0.0227466282,-0.280326575,0.928654492,-0.24293597,-0.0477366373,0.239283308,0.969775617],"scale":[1.16921377,1.16921377,1.16921377],"shapeName":"/levels/west_coast_usa/art/shapes/rocksJV/s_rocks_desert_low_small_lowc.dae","useInstanceRenderData":true}
{"class":"TSStatic","persistentId":"f1d9f55d-7a15-4fcf-b2a2-974b92ffb3a1","__parent":"primaryBeachRocks","position":[-617.513184,809.293884,73.3007202],"isRenderEnabled":false,"rotationMatrix":[0.411171973,0.840762079,-0.352217197,-0.896035492,0.443782926,0.0133190453,0.167506203,0.310122609,0.93582356],"scale":[1.16921377,1.16921377,1.16921377],"shapeName":"/levels/west_coast_usa/art/shapes/rocksJV/s_rocks_desert_low_small_lowc.dae","useInstanceRenderData":true}
{"class":"TSStatic","persistentId":"d14832ba-1541-4738-aa4a-808e2179aebf","__parent":"primaryBeachRocks","position":[-615.790649,812.835815,72.1081314],"isRenderEnabled":false,"rotationMatrix":[-0.434611201,-0.878953695,0.196352035,0.897959709,-0.439644694,0.0195367709,0.0691531301,0.184807062,0.980338812],"scale":[1.16921377,1.16921377,1.16921377],"shapeName":"/levels/west_coast_usa/art/shapes/rocksJV/s_rocks_desert_low_small_lowc.dae","useInstanceRenderData":true}
{"class":"TSStatic","persistentId":"9d7cb4cb-e478-4c3a-8e7f-9d174e4d0cea","__parent":"primaryBeachRocks","position":[-637.333374,830.364197,72.5146484],"isRenderEnabled":false,"rotationMatrix":[0.660816193,-0.750544667,0.00218556821,0.713431358,0.627230048,-0.312407285,0.233104706,0.208003074,0.949945748],"scale":[1.1125977,1.1125977,1.1125977],"shapeName":"/levels/west_coast_usa/art/shapes/rocksJV/s_rocks_desert_low_small_lowc.dae","useInstanceRenderData":true}
{"class":"TSStatic","persistentId":"074532a9-8748-4000-b86e-7581f461a447","__parent":"primaryBeachRocks","position":[-642.192139,832.60022,73.0801544],"isRenderEnabled":false,"rotationMatrix":[0.660816133,-0.750544667,0.00218559057,0.715534568,0.629107118,-0.303701639,0.226566643,0.202254832,0.95276469],"shapeName":"/levels/west_coast_usa/art/shapes/rocksJV/s_rocks_desert_low_small_lowc.dae","useInstanceRenderData":true}
{"class":"TSStatic","persistentId":"f95cac95-19c5-4321-8336-7abfde090c37","__parent":"primaryBeachRocks","position":[-634.438293,827.010071,72.3916626],"isRenderEnabled":false,"rotationMatrix":[-0.810027838,-0.498973101,0.308027267,0.538067997,-0.84128511,0.0521752238,0.233104706,0.208002985,0.949945748],"scale":[1.1125977,1.1125977,1.1125977],"shapeName":"/levels/west_coast_usa/art/shapes/rocksJV/s_rocks_desert_low_small_lowc.dae","useInstanceRenderData":true}
{"class":"TSStatic","persistentId":"052502f2-2167-4ef6-aef1-65ce2b2dddde","__parent":"primaryBeachRocks","position":[-623.919128,818.369324,71.7148666],"isRenderEnabled":false,"rotationMatrix":[0.635339379,0.753029406,-0.171144545,-0.768235862,0.638853073,-0.0409906246,0.0784690678,0.157522365,0.984392881],"shapeName":"/levels/west_coast_usa/art/shapes/rocksJV/s_rocks_desert_low_tiny_lowc.dae","useInstanceRenderData":true}
{"class":"TSStatic","persistentId":"d5440717-a8eb-43b1-9835-2fb7e6cb80e3","__parent":"primaryBeachRocks","position":[-629.049438,823.642456,71.6307144],"isRenderEnabled":false,"rotationMatrix":[0.598464847,0.699266315,-0.390981138,-0.760057211,0.649855137,-0.00113998353,0.253283918,0.297850311,0.920397997],"shapeName":"/levels/west_coast_usa/art/shapes/rocksJV/s_rocks_desert_low_tiny_lowc.dae","useInstanceRenderData":true}
