{"name":"rocks_trail","class":"SimGroup","persistentId":"b59b061f-3449-4276-ac8a-46aabae90012","__parent":"rockclump1"}
{"class":"TSStatic","persistentId":"0582c7ca-3465-483c-9a56-49e658e0cc02","__parent":"rockclump1","position":[211.248962,-248.697418,40.4454193],"isRenderEnabled":false,"rotationMatrix":[-0.834182262,-0.549490452,0.0469066836,-0.421461076,0.580335975,-0.696836352,0.355683237,-0.601057887,-0.715694726],"shapeName":"/levels/hirochi_raceway/art/shapes/rocks/eca_rock_big_wide.dae"}
{"class":"TSStatic","persistentId":"15b4aaf7-e932-4981-a09a-2eb8c88d9334","__parent":"rockclump1","position":[207.114319,-246.964523,37.0291786],"isRenderEnabled":false,"rotationMatrix":[0.88370049,0.461995184,-0.0750594288,-0.368100405,0.586941779,-0.721111357,-0.289094448,0.664875805,0.688741326],"shapeName":"/levels/hirochi_raceway/art/shapes/rocks/eca_rock_big_narrow.dae"}
{"class":"TSStatic","persistentId":"164025cb-9abb-434d-b33d-b37f69d22d91","__parent":"rockclump1","position":[209.909576,-240.205658,33.5493011],"isRenderEnabled":false,"rotationMatrix":[0.88370049,0.461995184,-0.0750597119,-0.349517763,0.544700801,-0.762324274,-0.311305046,0.699901044,0.642827988],"shapeName":"/levels/hirochi_raceway/art/shapes/rocks/eca_rock_medium_1.dae"}
{"class":"TSStatic","persistentId":"18f921bc-320c-4f97-9d19-f34c5ee4d8ad","__parent":"rockclump1","position":[284.235107,-152.403503,36.5645599],"isRenderEnabled":false,"rotationMatrix":[-0.994550109,-0.095506385,-0.0418201387,-0.0520279743,0.80222106,-0.594753504,0.0903526992,-0.589337885,-0.802816808],"shapeName":"/levels/hirochi_raceway/art/shapes/rocks/eca_rock_big_wide.dae"}
{"class":"TSStatic","persistentId":"2146a54d-2217-4e2c-b6ba-06a91a46c367","__parent":"rockclump1","position":[209.626617,-243.886398,35.7420387],"isRenderEnabled":false,"rotationMatrix":[0.790928721,0.609246731,-0.0570103973,-0.451874971,0.518713176,-0.72577256,-0.412602514,0.599795878,0.685568511],"shapeName":"/levels/hirochi_raceway/art/shapes/rocks/eca_rock_big_wide.dae"}
{"class":"TSStatic","persistentId":"24032155-75fe-457b-9af6-5ecf29233b14","__parent":"rockclump1","position":[268.348785,-156.232788,36.5645599],"isRenderEnabled":false,"rotationMatrix":[-0.980824351,-0.19035545,-0.0418201275,-0.128650025,0.793545604,-0.594753623,0.146401882,-0.577970088,-0.802816808],"shapeName":"/levels/hirochi_raceway/art/shapes/rocks/eca_rock_big_wide.dae"}
{"class":"TSStatic","persistentId":"31ecf525-efb0-41cd-b8a5-77de415da9a6","__parent":"rockclump1","position":[278.558563,-150.013565,34.1076775],"isRenderEnabled":false,"rotationMatrix":[1,0,0,0,0.746747732,-0.66510731,0,0.66510731,0.746747732],"shapeName":"/levels/hirochi_raceway/art/shapes/rocks/eca_rock_medium_1.dae"}
{"class":"TSStatic","persistentId":"371efe74-8694-4fd1-9250-22d6cb4e06aa","__parent":"rockclump1","position":[200.840805,-246.781921,33.3774643],"isRenderEnabled":false,"rotationMatrix":[-0.852922916,-0.518865049,0.0574598052,-0.354789585,0.49540478,-0.792904735,0.382944763,-0.696672797,-0.606630206],"shapeName":"/levels/hirochi_raceway/art/shapes/rocks/eca_rock_big_wide.dae"}
{"class":"TSStatic","persistentId":"3f605014-5c8d-489c-a489-08dd425c3c1c","__parent":"rockclump1","position":[279.760254,-157.663498,39.6807442],"isRenderEnabled":false,"rotationMatrix":[-0.98804456,-0.150024548,0.0354483165,-0.140897393,0.785575628,-0.602508008,0.0625443608,-0.600299835,-0.797323227],"shapeName":"/levels/hirochi_raceway/art/shapes/rocks/eca_rock_big_narrow.dae"}
{"class":"TSStatic","persistentId":"42fe8345-25a7-4e7a-8330-62ea12679a70","__parent":"rockclump1","position":[277.610748,-153.279022,36.3328171],"isRenderEnabled":false,"rotationMatrix":[0.984691978,0.169306487,0.0414294861,-0.105202846,0.766806662,-0.633196354,-0.138972849,0.619145513,0.772880614],"shapeName":"/levels/hirochi_raceway/art/shapes/rocks/eca_rock_big_wide.dae"}
{"class":"TSStatic","persistentId":"6f15f469-a6da-45fa-b434-591cdabe7c13","__parent":"rockclump1","position":[215.473694,-245.640366,40.0441513],"isRenderEnabled":false,"rotationMatrix":[-0.802917778,-0.581648946,0.130413249,-0.492203206,0.523513436,-0.695463717,0.336242646,-0.622589946,-0.706627667],"shapeName":"/levels/hirochi_raceway/art/shapes/rocks/eca_rock_big_narrow.dae"}
{"class":"TSStatic","persistentId":"88d0213f-62c0-4011-b69e-5d60282f15f9","__parent":"rockclump1","position":[272.997803,-154.945969,36.5021744],"isRenderEnabled":false,"rotationMatrix":[1,0,0,0,0.786450803,-0.617653012,0,0.617653012,0.786450803],"shapeName":"/levels/hirochi_raceway/art/shapes/rocks/eca_rock_big_narrow.dae"}
{"class":"TSStatic","persistentId":"9ab19102-ae92-4914-a27b-65d1f6dade69","__parent":"rockclump1","position":[274.529633,-158.793472,39.5272865],"isRenderEnabled":false,"rotationMatrix":[-0.994550109,-0.095506385,-0.0418201387,-0.0520279743,0.80222106,-0.594753504,0.0903526992,-0.589337885,-0.802816808],"shapeName":"/levels/hirochi_raceway/art/shapes/rocks/eca_rock_big_wide.dae"}
{"class":"TSStatic","persistentId":"a222ad5c-6d66-4971-8625-91b0f3dc7f2c","__parent":"rockclump1","position":[203.224518,-249.851227,37.6220703],"isRenderEnabled":false,"rotationMatrix":[-0.834307671,-0.548098803,0.0593182966,-0.43111819,0.581581593,-0.689855039,0.343610048,-0.601124227,-0.721513212],"shapeName":"/levels/hirochi_raceway/art/shapes/rocks/eca_rock_big_wide.dae"}
{"class":"TSStatic","persistentId":"c50590cd-691e-42b8-9088-ded26dd45b3e","__parent":"rockclump1","position":[216.044525,-239.273697,35.8870049],"isRenderEnabled":false,"rotationMatrix":[-0.834182262,-0.549490452,0.0469066836,-0.421461076,0.580335975,-0.696836352,0.355683237,-0.601057887,-0.715694726],"shapeName":"/levels/hirochi_raceway/art/shapes/rocks/eca_rock_big_wide.dae"}
{"class":"TSStatic","persistentId":"f9b527b5-6fcf-445d-9a60-29fadb1ae5e2","__parent":"rockclump1","position":[273.958038,-150.472092,33.5102921],"isRenderEnabled":false,"rotationMatrix":[-0.986392558,-0.159001246,-0.0418200679,-0.103295445,0.797242582,-0.594753444,0.127908364,-0.582342029,-0.802817106],"shapeName":"/levels/hirochi_raceway/art/shapes/rocks/eca_rock_big_wide.dae"}
