slotp=-880.21215820313,-918.36120605469,135.77862548828
slotr=-0.00087274717782023,-0.023726537893826,0.66299334733663,0.74824869602246
camp=-884.95373535156,-918.36535644531,140.27865600586
camr=0.29096385836601,-0.26023459434509,0.61375945806503,0.68623399734497