odometer=30000000.000854
integrity.driveshaft=1,30000000.000854
integrity.mainEngine=0.5,30000000.000854
integrity.mainEngine.radiator=1,30000000.000854
integrity.mainEngine.exhaust=1,30000000.000854
