{"class":"TSStatic","persistentId":"844cbae6-5282-425b-93b1-8103e2e89720","__parent":"funnel_material_walls","position":[-647.994751,-41.9748611,104.351936],"isRenderEnabled":false,"rotationMatrix":[0.70710659,0.707106948,-3.25841341e-07,0.707106948,-0.707106471,0,-2.30404552e-07,-2.3040468e-07,-0.999999881],"scale":[1.20000005,1.20000005,1.20000005],"shapeName":"/levels/west_coast_usa/art/shapes/buildings/s_port_ppa_conc_wall_2m.dae","useInstanceRenderData":true}
{"class":"TSStatic","persistentId":"61dc7940-0d93-4ea1-aedd-cee433a0731a","__parent":"funnel_material_walls","position":[-642.903564,-36.8836937,103.151939],"isRenderEnabled":false,"rotationMatrix":[0.707106829,0.707106709,0,-0.707106709,0.707106829,0,0,0,1],"scale":[1.20000005,1.20000005,1.20000005],"shapeName":"/levels/west_coast_usa/art/shapes/buildings/s_port_ppa_conc_wall_2m.dae","useInstanceRenderData":true}
{"class":"TSStatic","persistentId":"b1163d6d-0ba7-4037-97be-9a0e8f11ddc2","__parent":"funnel_material_walls","position":[-644.600647,-38.5807495,103.151939],"isRenderEnabled":false,"rotationMatrix":[0.707106829,0.707106709,0,-0.707106709,0.707106829,0,0,0,1],"scale":[1.20000005,1.20000005,1.20000005],"shapeName":"/levels/west_coast_usa/art/shapes/buildings/s_port_ppa_conc_wall_2m.dae","useInstanceRenderData":true}
{"class":"TSStatic","persistentId":"e9e1074c-c5d8-47a5-9022-7b90012737ce","__parent":"funnel_material_walls","position":[-646.297668,-40.2778053,104.351936],"isRenderEnabled":false,"rotationMatrix":[-0.707106471,-0.707107306,3.2584137e-07,-0.707107306,0.707106292,1.20792265e-13,-2.30404567e-07,-2.30404709e-07,-1.00000024],"scale":[1.20000005,1.20000005,1.20000005],"shapeName":"/levels/west_coast_usa/art/shapes/buildings/s_port_ppa_conc_wall_2m.dae","useInstanceRenderData":true}
{"class":"TSStatic","persistentId":"c4fb7d6d-b77c-4732-9ab1-2d33a6b793ae","__parent":"funnel_material_walls","position":[-642.055054,-36.0351639,101.951935],"isRenderEnabled":false,"rotationMatrix":[0.707106829,0.707106709,0,-0.707106709,0.707106829,0,0,0,1],"scale":[1.20000005,1.20000005,1.20000005],"shapeName":"/levels/west_coast_usa/art/shapes/buildings/s_port_ppa_conc_wall_2m.dae","useInstanceRenderData":true}
{"class":"TSStatic","persistentId":"1ed6ec63-4bb2-4c6e-803c-7628f856bc8e","__parent":"funnel_material_walls","position":[-643.752136,-37.7322197,103.151932],"isRenderEnabled":false,"rotationMatrix":[0.70710659,0.707106948,-3.25841341e-07,0.707106948,-0.707106471,0,-2.30404552e-07,-2.3040468e-07,-0.999999881],"scale":[1.20000005,1.20000005,1.20000005],"shapeName":"/levels/west_coast_usa/art/shapes/buildings/s_port_ppa_conc_wall_2m.dae","useInstanceRenderData":true}
{"class":"TSStatic","persistentId":"4860032e-149a-4d5e-b6f1-6856497f24b9","__parent":"funnel_material_walls","position":[-645.449158,-39.4292755,101.951935],"isRenderEnabled":false,"rotationMatrix":[0.707106829,0.707106709,0,-0.707106709,0.707106829,0,0,0,1],"scale":[1.20000005,1.20000005,1.20000005],"shapeName":"/levels/west_coast_usa/art/shapes/buildings/s_port_ppa_conc_wall_2m.dae","useInstanceRenderData":true}
{"class":"TSStatic","persistentId":"17ddf1c9-0826-4f1a-a6ea-b74a8a2d8353","__parent":"funnel_material_walls","position":[-647.14624,-41.1263313,103.151932],"isRenderEnabled":false,"rotationMatrix":[0.70710659,0.707106948,-3.25841341e-07,0.707106948,-0.707106471,0,-2.30404552e-07,-2.3040468e-07,-0.999999881],"scale":[1.20000005,1.20000005,1.20000005],"shapeName":"/levels/west_coast_usa/art/shapes/buildings/s_port_ppa_conc_wall_2m.dae","useInstanceRenderData":true}
{"class":"TSStatic","persistentId":"ddc04eb5-ef28-4f6f-a1b8-81e4b330ae95","__parent":"funnel_material_walls","position":[-648.843323,-42.8233871,103.151932],"isRenderEnabled":false,"rotationMatrix":[0.70710659,0.707106948,-3.25841341e-07,0.707106948,-0.707106471,0,-2.30404552e-07,-2.3040468e-07,-0.999999881],"scale":[1.20000005,1.20000005,1.20000005],"shapeName":"/levels/west_coast_usa/art/shapes/buildings/s_port_ppa_conc_wall_2m.dae","useInstanceRenderData":true}
{"class":"TSStatic","persistentId":"46282f5d-2375-4f29-9507-6b2c8201b0f2","__parent":"funnel_material_walls","position":[-647.994751,-41.9748611,101.951935],"isRenderEnabled":false,"rotationMatrix":[0.70710659,0.707106948,-3.25841341e-07,0.707106948,-0.707106471,0,-2.30404552e-07,-2.3040468e-07,-0.999999881],"scale":[1.20000005,1.20000005,1.20000005],"shapeName":"/levels/west_coast_usa/art/shapes/buildings/s_port_ppa_conc_wall_2m.dae","useInstanceRenderData":true}
{"class":"TSStatic","persistentId":"b709078f-becf-43c5-826d-e07d83d75024","__parent":"funnel_material_walls","position":[-641.206482,-35.1866341,104.351936],"isRenderEnabled":false,"rotationMatrix":[-0.707106471,-0.707107306,3.2584137e-07,-0.707107306,0.707106292,1.20792265e-13,-2.30404567e-07,-2.30404709e-07,-1.00000024],"scale":[1.20000005,1.20000005,1.20000005],"shapeName":"/levels/west_coast_usa/art/shapes/buildings/s_port_ppa_conc_wall_2m.dae","useInstanceRenderData":true}
{"class":"TSStatic","persistentId":"3af839ef-0c19-4be2-9207-450ea3b9cf91","__parent":"funnel_material_walls","position":[-622.419312,-55.4891815,101.751938],"isRenderEnabled":false,"rotationMatrix":[-3.57627869e-07,0.99999994,-2.30404524e-07,0.99999994,3.57627869e-07,-2.30404552e-07,-2.30404467e-07,-2.30404609e-07,-1],"scale":[1.20000005,1.20000005,1.20000005],"shapeName":"/levels/west_coast_usa/art/shapes/buildings/s_port_ppa_conc_wall_2m.dae","useInstanceRenderData":true}
{"class":"TSStatic","persistentId":"bfe3322b-1db0-4fac-8315-ed2dd29dbfe6","__parent":"funnel_material_walls","position":[-627.829041,-48.7206497,101.851936],"isRenderEnabled":false,"rotationMatrix":[0.17364794,0.984807551,-2.66913418e-07,0.984807551,-0.173647404,-1.86894852e-07,-2.30404424e-07,-2.30404567e-07,-0.999999523],"scale":[1.29999995,1.29999995,1.29999995],"shapeName":"/levels/west_coast_usa/art/shapes/buildings/s_port_ppa_conc_wall_2m.dae","useInstanceRenderData":true}
{"class":"TSStatic","persistentId":"191b8556-35a1-4f2d-8d8f-4fa3a16652bf","__parent":"funnel_material_walls","position":[-627.151855,-44.8799019,103.151939],"isRenderEnabled":false,"rotationMatrix":[0.17364794,0.984807551,-2.66913418e-07,0.984807551,-0.173647404,-1.86894852e-07,-2.30404424e-07,-2.30404567e-07,-0.999999523],"scale":[1.29999995,1.29999995,1.29999995],"shapeName":"/levels/west_coast_usa/art/shapes/buildings/s_port_ppa_conc_wall_2m.dae","useInstanceRenderData":true}
{"class":"TSStatic","persistentId":"9a389a70-63b9-483f-b1d7-2e244a4b2523","__parent":"funnel_material_walls","position":[-622.419312,-53.0891838,101.751938],"isRenderEnabled":false,"rotationMatrix":[-3.57627869e-07,0.99999994,-2.30404524e-07,0.99999994,3.57627869e-07,-2.30404552e-07,-2.30404467e-07,-2.30404609e-07,-1],"scale":[1.20000005,1.20000005,1.20000005],"shapeName":"/levels/west_coast_usa/art/shapes/buildings/s_port_ppa_conc_wall_2m.dae","useInstanceRenderData":true}
{"class":"TSStatic","persistentId":"01a082c1-406d-4576-b029-3df138d505f9","__parent":"funnel_material_walls","position":[-622.419312,-50.6891823,101.751938],"isRenderEnabled":false,"rotationMatrix":[-3.57627869e-07,0.99999994,-2.30404524e-07,0.99999994,3.57627869e-07,-2.30404552e-07,-2.30404467e-07,-2.30404609e-07,-1],"scale":[1.20000005,1.20000005,1.20000005],"shapeName":"/levels/west_coast_usa/art/shapes/buildings/s_port_ppa_conc_wall_2m.dae","useInstanceRenderData":true}
{"class":"TSStatic","persistentId":"d7d19e33-df64-44bb-9373-dfff312be6d1","__parent":"funnel_material_walls","position":[-622.419312,-48.58918,101.751938],"isRenderEnabled":false,"rotationMatrix":[-3.57627869e-07,0.99999994,-2.30404524e-07,0.99999994,3.57627869e-07,-2.30404552e-07,-2.30404467e-07,-2.30404609e-07,-1],"scale":[1.20000005,1.20000005,1.20000005],"shapeName":"/levels/west_coast_usa/art/shapes/buildings/s_port_ppa_conc_wall_2m.dae","useInstanceRenderData":true}
{"class":"TSStatic","persistentId":"6ab7f342-29b2-4a7c-b560-a060a2f5aa8c","__parent":"funnel_material_walls","position":[-622.419312,-47.08918,102.951935],"isRenderEnabled":false,"rotationMatrix":[-3.57627869e-07,0.99999994,-2.30404524e-07,0.99999994,3.57627869e-07,-2.30404552e-07,-2.30404467e-07,-2.30404609e-07,-1],"scale":[1.20000005,1.20000005,1.20000005],"shapeName":"/levels/west_coast_usa/art/shapes/buildings/s_port_ppa_conc_wall_2m.dae","useInstanceRenderData":true}
{"class":"TSStatic","persistentId":"ea1d2492-b0d5-4529-b56b-a22846c76a92","__parent":"funnel_material_walls","position":[-622.419312,-49.4891815,102.951935],"isRenderEnabled":false,"rotationMatrix":[-3.57627869e-07,0.99999994,-2.30404524e-07,0.99999994,3.57627869e-07,-2.30404552e-07,-2.30404467e-07,-2.30404609e-07,-1],"scale":[1.20000005,1.20000005,1.20000005],"shapeName":"/levels/west_coast_usa/art/shapes/buildings/s_port_ppa_conc_wall_2m.dae","useInstanceRenderData":true}
{"class":"TSStatic","persistentId":"e297f541-173c-4a76-b0ea-cb818bf5e760","__parent":"funnel_material_walls","position":[-622.419312,-51.889183,102.951935],"isRenderEnabled":false,"rotationMatrix":[-3.57627869e-07,0.99999994,-2.30404524e-07,0.99999994,3.57627869e-07,-2.30404552e-07,-2.30404467e-07,-2.30404609e-07,-1],"scale":[1.20000005,1.20000005,1.20000005],"shapeName":"/levels/west_coast_usa/art/shapes/buildings/s_port_ppa_conc_wall_2m.dae","useInstanceRenderData":true}
{"class":"TSStatic","persistentId":"1f9d519a-7975-4484-a1ae-d69268c79969","__parent":"funnel_material_walls","position":[-622.419312,-54.2891808,102.951935],"isRenderEnabled":false,"rotationMatrix":[-3.57627869e-07,0.99999994,-2.30404524e-07,0.99999994,3.57627869e-07,-2.30404552e-07,-2.30404467e-07,-2.30404609e-07,-1],"scale":[1.20000005,1.20000005,1.20000005],"shapeName":"/levels/west_coast_usa/art/shapes/buildings/s_port_ppa_conc_wall_2m.dae","useInstanceRenderData":true}
{"class":"TSStatic","persistentId":"0cfc7527-8e63-45f5-87ea-bcdbe995cbf6","__parent":"funnel_material_walls","position":[-622.419312,-45.8891792,104.151932],"isRenderEnabled":false,"rotationMatrix":[-3.57627869e-07,0.99999994,-2.30404524e-07,0.99999994,3.57627869e-07,-2.30404552e-07,-2.30404467e-07,-2.30404609e-07,-1],"scale":[1.20000005,1.20000005,1.20000005],"shapeName":"/levels/west_coast_usa/art/shapes/buildings/s_port_ppa_conc_wall_2m.dae","useInstanceRenderData":true}
{"class":"TSStatic","persistentId":"560249ed-293e-4748-aa58-bdf261120a24","__parent":"funnel_material_walls","position":[-622.419312,-48.2891808,104.151932],"isRenderEnabled":false,"rotationMatrix":[-3.57627869e-07,0.99999994,-2.30404524e-07,0.99999994,3.57627869e-07,-2.30404552e-07,-2.30404467e-07,-2.30404609e-07,-1],"scale":[1.20000005,1.20000005,1.20000005],"shapeName":"/levels/west_coast_usa/art/shapes/buildings/s_port_ppa_conc_wall_2m.dae","useInstanceRenderData":true}
{"class":"TSStatic","persistentId":"6a4140a8-a9d7-4b5d-bc64-7b1215a113e2","__parent":"funnel_material_walls","position":[-622.419312,-50.6891823,104.151932],"isRenderEnabled":false,"rotationMatrix":[-3.57627869e-07,0.99999994,-2.30404524e-07,0.99999994,3.57627869e-07,-2.30404552e-07,-2.30404467e-07,-2.30404609e-07,-1],"scale":[1.20000005,1.20000005,1.20000005],"shapeName":"/levels/west_coast_usa/art/shapes/buildings/s_port_ppa_conc_wall_2m.dae","useInstanceRenderData":true}
{"class":"TSStatic","persistentId":"31ee5b8a-6215-4adc-925a-b10e17647eb2","__parent":"funnel_material_walls","position":[-622.419312,-53.08918,104.151932],"isRenderEnabled":false,"rotationMatrix":[-3.57627869e-07,0.99999994,-2.30404524e-07,0.99999994,3.57627869e-07,-2.30404552e-07,-2.30404467e-07,-2.30404609e-07,-1],"scale":[1.20000005,1.20000005,1.20000005],"shapeName":"/levels/west_coast_usa/art/shapes/buildings/s_port_ppa_conc_wall_2m.dae","useInstanceRenderData":true}
