{"class":"TSStatic","persistentId":"dddcd248-685f-4810-b2a2-61899ef76d61","__parent":"rockcrawlingtrails","position":[-393.903717,101.022972,238.286133],"annotation":"ROCK","isRenderEnabled":false,"rotationMatrix":[0.781874835,-0.623435199,0,0.623435199,0.781874835,0,0,0,1],"shapeName":"/levels/Utah/art/shapes/rocks/utah_rock_flat_a.dae"}
{"class":"TSStatic","persistentId":"009fe44e-17ac-44bc-aa12-00a069c511a5","__parent":"rockcrawlingtrails","position":[64.1358795,215.517181,230.821411],"annotation":"ROCK","isRenderEnabled":false,"shapeName":"/levels/Utah/art/shapes/rocks/utah_rock_big_2_d_top.dae"}
{"class":"TSStatic","persistentId":"018afb27-7780-4fd2-bf28-244dafd8c6bc","__parent":"rockcrawlingtrails","position":[94.5288315,238.76387,216.491989],"annotation":"ROCK","isRenderEnabled":false,"rotationMatrix":[-0.965950966,-0.258659095,0.00588429952,0.25871706,-0.965851843,0.0138025945,0.00211327756,0.0148555888,0.999886096],"shapeName":"/levels/Utah/art/shapes/rocks/utah_rock_big_2_b.dae"}
{"class":"TSStatic","persistentId":"02c7a1e5-cfee-44c0-ab0d-5971b862d265","__parent":"rockcrawlingtrails","position":[-283.424225,302.905487,241.213943],"annotation":"ROCK","isRenderEnabled":false,"rotationMatrix":[0.128657311,0.991689324,0,-0.991689324,0.128657311,0,0,0,1],"shapeName":"/levels/Utah/art/shapes/rocks/utah_boulder_3.dae"}
{"class":"TSStatic","persistentId":"02ccdaa5-af25-4d65-aa1e-1b83c6af3834","__parent":"rockcrawlingtrails","position":[149.779526,270.509491,215.862564],"annotation":"ROCK","isRenderEnabled":false,"shapeName":"/levels/Utah/art/shapes/rocks/utah_rock_big_2_d.dae"}
{"class":"TSStatic","persistentId":"03b5009d-54c6-4d6b-a095-0ea9bf729bfe","__parent":"rockcrawlingtrails","position":[-106.660965,320.957642,239.424957],"annotation":"ROCK","isRenderEnabled":false,"rotationMatrix":[0.902280688,-0.431147784,0,0.431147784,0.902280688,0,0,0,1],"shapeName":"/levels/Utah/art/shapes/rocks/utah_rock_big_2_b_top.dae"}
{"class":"TSStatic","persistentId":"04617b37-2140-4f86-b756-ae7f39847102","__parent":"rockcrawlingtrails","position":[-354.288483,212.933578,239.738251],"annotation":"ROCK","isRenderEnabled":false,"rotationMatrix":[0.362354726,0.931884944,0.0169593245,-0.872138321,0.332588017,0.358839363,0.328757614,-0.144816697,0.933245242],"scale":[0.735736012,1,1],"shapeName":"/levels/Utah/art/shapes/rocks/utah_rock_big_2_e.dae"}
{"class":"TSStatic","persistentId":"05826088-98b7-49f1-a38a-5ee39f59a4b1","__parent":"rockcrawlingtrails","position":[-395.194763,100.401382,237.113617],"annotation":"ROCK","isRenderEnabled":false,"rotationMatrix":[0.814050078,0.322448701,0.483061612,-0.468205363,0.856482506,0.217304185,-0.343665004,-0.403069019,0.848194003],"shapeName":"/levels/Utah/art/shapes/rocks/utah_boulder_2.dae"}
{"class":"TSStatic","persistentId":"072f1662-e689-44e1-8bec-3f4164f37192","__parent":"rockcrawlingtrails","position":[-104.546112,330.585938,231.70343],"annotation":"ROCK","isRenderEnabled":false,"rotationMatrix":[0.92404598,-0.382280499,0,0.382280499,0.92404598,0,0,0,1],"shapeName":"/levels/Utah/art/shapes/rocks/utah_rock_big_2_d.dae"}
{"class":"TSStatic","persistentId":"084a77b4-4252-4730-a05e-6710f1e40e95","__parent":"rockcrawlingtrails","position":[-350.162842,207.938004,237.941711],"annotation":"ROCK","isRenderEnabled":false,"rotationMatrix":[-0.0238184631,0.999716222,0,-0.999716222,-0.0238184631,0,0,0,1],"shapeName":"/levels/Utah/art/shapes/rocks/utah_rock_big_2_e.dae"}
{"class":"TSStatic","persistentId":"0bfab992-5eb3-481b-a8a4-895304bbf1f5","__parent":"rockcrawlingtrails","position":[-7.48223686,197.701233,229.631088],"annotation":"ROCK","isRenderEnabled":false,"rotationMatrix":[-0.980322957,0.197397903,0,-0.197397903,-0.980322957,0,0,0,1],"shapeName":"/levels/Utah/art/shapes/rocks/utah_rock_flat_a.dae"}
{"class":"TSStatic","persistentId":"0e01da30-8e13-4994-a434-8ce0e860f840","__parent":"rockcrawlingtrails","position":[34.1923141,192.027618,230.912079],"annotation":"ROCK","isRenderEnabled":false,"rotationMatrix":[-0.0916792676,-0.995788753,0,0.995788753,-0.0916792676,0,0,0,1],"shapeName":"/levels/Utah/art/shapes/rocks/utah_rock_flat_c.dae"}
{"class":"TSStatic","persistentId":"0f004b29-af8d-42be-bd67-268d7a703675","__parent":"rockcrawlingtrails","position":[74.9012299,223.55098,230.310837],"annotation":"ROCK","isRenderEnabled":false,"rotationMatrix":[0.752846301,0.658195198,0,-0.658195198,0.752846301,0,0,0,1],"shapeName":"/levels/Utah/art/shapes/rocks/utah_rock_big_2_b_top.dae"}
{"class":"TSStatic","persistentId":"10789e9e-ff3b-47c9-97fa-61fd947dbef1","__parent":"rockcrawlingtrails","position":[-283.412689,304.504272,242.39537],"annotation":"ROCK","isRenderEnabled":false,"rotationMatrix":[0.640830219,-0.767682791,0,0.767682791,0.640830219,0,0,0,1],"shapeName":"/levels/Utah/art/shapes/rocks/utah_boulder_2.dae"}
{"class":"TSStatic","persistentId":"10a992cd-9d2f-49ab-b39a-ff469255f165","__parent":"rockcrawlingtrails","position":[26.6731148,191.153687,230.824722],"annotation":"ROCK","isRenderEnabled":false,"rotationMatrix":[1,0,0,0,0.995212734,-0.09772259,0,0.09772259,0.995212734],"shapeName":"/levels/Utah/art/shapes/rocks/utah_boulder_5.dae"}
{"class":"TSStatic","persistentId":"10e27880-32ab-4416-b0eb-9ed6a16c18de","__parent":"rockcrawlingtrails","position":[-364.192566,213.256027,242.035934],"annotation":"ROCK","isRenderEnabled":false,"shapeName":"/levels/Utah/art/shapes/rocks/utah_rock_big_2_e.dae"}
{"class":"TSStatic","persistentId":"110ccec5-31a9-494a-b3ec-efeb37bb8aa2","__parent":"rockcrawlingtrails","position":[147.738556,272.827911,231.675537],"annotation":"ROCK","isRenderEnabled":false,"rotationMatrix":[0.850645959,-0.525739193,0,0.525739193,0.850645959,0,0,0,1],"shapeName":"/levels/Utah/art/shapes/rocks/utah_rock_big_2_d_top.dae"}
{"class":"TSStatic","persistentId":"125636fc-0130-4c69-a301-da9cff7b181e","__parent":"rockcrawlingtrails","position":[-280.273468,298.322876,240.13176],"annotation":"ROCK","isRenderEnabled":false,"shapeName":"/levels/Utah/art/shapes/rocks/utah_boulder_5.dae"}
{"class":"TSStatic","persistentId":"13cffee4-6a5e-473c-8c2d-28353ca44028","__parent":"rockcrawlingtrails","position":[-369.226929,211.948517,243.542175],"annotation":"ROCK","isRenderEnabled":false,"rotationMatrix":[-0.997640967,-0.0686375722,0,0.0686375722,-0.997640967,0,0,0,1],"shapeName":"/levels/Utah/art/shapes/rocks/utah_boulder_1.dae"}
{"class":"TSStatic","persistentId":"1409bb34-edce-4ffa-8ebd-d4a9d14cdb75","__parent":"rockcrawlingtrails","position":[133.757797,249.21727,216.204636],"annotation":"ROCK","isRenderEnabled":false,"rotationMatrix":[0.704015493,0.710185051,0,-0.710185051,0.704015493,0,0,0,1],"shapeName":"/levels/Utah/art/shapes/rocks/utah_rock_big_2_b.dae"}
{"class":"TSStatic","persistentId":"157d1770-f1f9-466c-a073-bf640f5d7197","__parent":"rockcrawlingtrails","position":[23.1205444,190.208359,231.198471],"annotation":"ROCK","isRenderEnabled":false,"rotationMatrix":[-0.999446869,6.82775863e-08,0.0332964808,0.00325384713,0.995211661,0.0976689011,-0.0331372991,0.0977230892,-0.99466151],"shapeName":"/levels/Utah/art/shapes/rocks/utah_boulder_5.dae"}
{"class":"TSStatic","persistentId":"1756a965-42fd-4487-88d5-a1a38cb22a96","__parent":"rockcrawlingtrails","position":[69.8337936,217.906723,229.684998],"annotation":"ROCK","isRenderEnabled":false,"rotationMatrix":[0.716279328,0.697813034,0,-0.697813034,0.716279328,0,0,0,1],"shapeName":"/levels/Utah/art/shapes/rocks/utah_rock_big_2_b_top.dae"}
{"class":"TSStatic","persistentId":"17c3b769-69cb-4855-bfff-b023a8e062ba","__parent":"rockcrawlingtrails","position":[79.5297928,225.585449,215.842651],"annotation":"ROCK","isRenderEnabled":false,"rotationMatrix":[0.517100036,0.855923831,0,-0.855923831,0.517100036,0,0,0,1],"shapeName":"/levels/Utah/art/shapes/rocks/utah_rock_big_2_b.dae"}
{"class":"TSStatic","persistentId":"18848d8d-260f-4d00-bc37-6aaf2b0cad6b","__parent":"rockcrawlingtrails","position":[149.894058,277.798798,230.490906],"annotation":"ROCK","isRenderEnabled":false,"rotationMatrix":[-0.176067993,-0.984379053,0,0.984379053,-0.176067993,0,0,0,1],"shapeName":"/levels/Utah/art/shapes/rocks/utah_rock_big_2_b_top.dae"}
{"class":"TSStatic","persistentId":"1897638a-071c-4627-bc80-4861a2884613","__parent":"rockcrawlingtrails","position":[-281.799225,305.00647,242.68631],"annotation":"ROCK","isRenderEnabled":false,"rotationMatrix":[0.653523505,-0.756905794,0,0.756905794,0.653523505,0,0,0,1],"shapeName":"/levels/Utah/art/shapes/rocks/utah_boulder_1.dae"}
{"class":"TSStatic","persistentId":"19fc1755-b9b7-4e94-8176-7d5ea76742ae","__parent":"rockcrawlingtrails","position":[-105.294014,325.949585,243.228195],"annotation":"ROCK","isRenderEnabled":false,"rotationMatrix":[0.159027621,0.987274051,0,-0.969721496,0.156200305,-0.187727287,-0.185338408,0.0298538245,0.982221246],"scale":[1,1,0.672151327],"shapeName":"/levels/Utah/art/shapes/rocks/utah_rock_big_2_c.dae"}
{"class":"TSStatic","persistentId":"1c1acbc3-f6c9-45e7-8515-cfa47c5bc543","__parent":"rockcrawlingtrails","position":[147.412308,261.664398,229.785278],"annotation":"ROCK","isRenderEnabled":false,"rotationMatrix":[0.284909964,0.95855391,0,-0.95855391,0.284909964,0,0,0,1],"shapeName":"/levels/Utah/art/shapes/rocks/utah_rock_flat_c.dae"}
{"class":"TSStatic","persistentId":"1c2e7249-3475-44d9-bb1d-c66a8dadc6f6","__parent":"rockcrawlingtrails","position":[155.658554,292.569,215.810577],"annotation":"ROCK","isRenderEnabled":false,"rotationMatrix":[-0.181649432,0.98336339,0,-0.98336339,-0.181649432,0,0,0,1],"shapeName":"/levels/Utah/art/shapes/rocks/utah_rock_big_2_b.dae"}
{"class":"TSStatic","persistentId":"1d9d484a-6b1d-47fb-9ba3-d6f9a048df1b","__parent":"rockcrawlingtrails","position":[-398.594879,98.119278,235.594742],"annotation":"ROCK","isRenderEnabled":false,"rotationMatrix":[-0.00363442721,0.953705788,0.300717175,-0.944931984,-0.101685308,0.311068386,0.327245295,-0.283027023,0.901557863],"shapeName":"/levels/Utah/art/shapes/rocks/utah_boulder_2.dae"}
{"class":"TSStatic","persistentId":"1e9ad8f2-1e54-4f08-8b37-deafc4be8cf5","__parent":"rockcrawlingtrails","position":[-4.82269192,202.165634,230.654953],"annotation":"ROCK","isRenderEnabled":false,"rotationMatrix":[-0.94628787,0.323340774,0,-0.323340774,-0.94628787,0,0,0,1],"shapeName":"/levels/Utah/art/shapes/rocks/utah_rock_big_2_b_top.dae"}
{"class":"TSStatic","persistentId":"20436e3d-fbbf-4321-8024-7a09631a3f23","__parent":"rockcrawlingtrails","position":[62.7695198,211.747269,232.283249],"annotation":"ROCK","isRenderEnabled":false,"rotationMatrix":[0.639519095,0.768775523,0,-0.768775523,0.639519095,0,0,0,1],"shapeName":"/levels/Utah/art/shapes/rocks/utah_rock_flat_c.dae"}
{"class":"TSStatic","persistentId":"2154a072-4831-447a-b9cf-e88ee572d823","__parent":"rockcrawlingtrails","position":[-283.019867,304.961426,243.178711],"annotation":"ROCK","isRenderEnabled":false,"shapeName":"/levels/Utah/art/shapes/rocks/utah_boulder_4.dae"}
{"class":"TSStatic","persistentId":"2257b6e2-fbde-4193-992f-7753ecc3a102","__parent":"rockcrawlingtrails","position":[9.0806179,196.381729,230.2258],"annotation":"ROCK","isRenderEnabled":false,"shapeName":"/levels/Utah/art/shapes/rocks/utah_rock_big_2_d_top.dae"}
{"class":"TSStatic","persistentId":"2484a080-84e6-47fd-9856-8367b0d7a14a","__parent":"rockcrawlingtrails","position":[23.0084686,194.340057,230.049591],"annotation":"ROCK","isRenderEnabled":false,"rotationMatrix":[-0.990785837,0.135453328,0,-0.135453328,-0.990785837,0,0,0,1],"shapeName":"/levels/Utah/art/shapes/rocks/utah_rock_big_2_b_top.dae"}
{"class":"TSStatic","persistentId":"25281149-b870-49d2-9f59-ea36ec324191","__parent":"rockcrawlingtrails","position":[-350.391418,206.428223,239.197983],"annotation":"ROCK","isRenderEnabled":false,"shapeName":"/levels/Utah/art/shapes/rocks/utah_boulder_4.dae"}
{"class":"TSStatic","persistentId":"26f2ed5f-2be9-49d3-a793-7f879bbea8b1","__parent":"rockcrawlingtrails","position":[5.72429609,198.743423,230.522491],"annotation":"ROCK","isRenderEnabled":false,"rotationMatrix":[-0.997879148,0.0651515126,0,-0.0651515126,-0.997879148,0,0,0,1],"shapeName":"/levels/Utah/art/shapes/rocks/utah_rock_big_2_b_top.dae"}
{"class":"TSStatic","persistentId":"289557f2-538b-410a-a9af-e24415adadfd","__parent":"rockcrawlingtrails","position":[-108.875031,328.566925,243.283203],"annotation":"ROCK","isRenderEnabled":false,"rotationMatrix":[-0.0783887282,-0.996923864,0,0.996924102,-0.0783886909,0,0,0,1],"shapeName":"/levels/Utah/art/shapes/rocks/utah_rock_flat_c.dae"}
{"class":"TSStatic","persistentId":"29285ecd-43a1-4229-a88b-12021bb4008b","__parent":"rockcrawlingtrails","position":[48.5182037,197.949982,230.516571],"annotation":"ROCK","isRenderEnabled":false,"rotationMatrix":[0.836400449,0.54811883,0,-0.54811883,0.836400449,0,0,0,1],"shapeName":"/levels/Utah/art/shapes/rocks/utah_rock_flat_b.dae"}
{"class":"TSStatic","persistentId":"2aff7ffd-f600-47d6-bee5-30c9e41861b8","__parent":"rockcrawlingtrails","position":[9.59460449,193.606293,230.312988],"annotation":"ROCK","isRenderEnabled":false,"rotationMatrix":[-0.999969125,-0.00799973868,0,0.00799973868,-0.999969125,0,0,0,1],"shapeName":"/levels/Utah/art/shapes/rocks/utah_boulder_1.dae"}
{"class":"TSStatic","persistentId":"2c778cc8-a990-458b-98e6-ae513249d3b9","__parent":"rockcrawlingtrails","position":[46.5584488,197.000732,216.079132],"annotation":"ROCK","isRenderEnabled":false,"rotationMatrix":[-0.898768604,-0.438422889,0,0.438422889,-0.898768604,0,0,0,1],"shapeName":"/levels/Utah/art/shapes/rocks/utah_rock_big_2_b.dae"}
{"class":"TSStatic","persistentId":"2d9cdcc5-fa3d-4220-92af-10fad6c66d15","__parent":"rockcrawlingtrails","position":[68.5878296,213.948303,215.748047],"annotation":"ROCK","isRenderEnabled":false,"rotationMatrix":[0.943820536,0.330458492,0,-0.330458492,0.943820536,0,0,0,1],"shapeName":"/levels/Utah/art/shapes/rocks/utah_rock_big_2_d.dae"}
{"class":"TSStatic","persistentId":"308a4213-caed-4471-8d33-3898f83ae232","__parent":"rockcrawlingtrails","position":[142.72963,258.338013,229.444046],"annotation":"ROCK","isRenderEnabled":false,"rotationMatrix":[0.882560551,0.47019878,0,-0.47019878,0.882560551,0,0,0,1],"shapeName":"/levels/Utah/art/shapes/rocks/utah_rock_big_2_b_top.dae"}
{"class":"TSStatic","persistentId":"323c0640-3f52-4e55-802e-0bbbf044e264","__parent":"rockcrawlingtrails","position":[-395.215942,99.036644,236.547424],"annotation":"ROCK","isRenderEnabled":false,"rotationMatrix":[0.745135248,-0.66691494,0,0.66691494,0.745135248,0,0,0,1],"shapeName":"/levels/Utah/art/shapes/rocks/utah_boulder_1.dae"}
{"class":"TSStatic","persistentId":"33ebb07b-b45f-4de8-b0a7-bf31868a0dc6","__parent":"rockcrawlingtrails","position":[-397.674896,98.591774,236.401535],"annotation":"ROCK","isRenderEnabled":false,"rotationMatrix":[0.89754951,0.322449476,0.300717592,-0.411916375,0.856482744,0.311067283,-0.157256827,-0.403069168,0.901559412],"shapeName":"/levels/Utah/art/shapes/rocks/utah_boulder_2.dae"}
{"class":"TSStatic","persistentId":"35ecada5-e265-44be-8d1d-7c269e72cc49","__parent":"rockcrawlingtrails","position":[-352.581787,208.913345,240.172302],"annotation":"ROCK","isRenderEnabled":false,"rotationMatrix":[0.571895361,0.820326686,0,-0.820326686,0.571895361,0,0,0,1],"shapeName":"/levels/Utah/art/shapes/rocks/utah_rock_flat_b.dae"}
{"class":"TSStatic","persistentId":"368d0b1e-b2e5-42ef-b3c1-dc85c39f574f","__parent":"rockcrawlingtrails","position":[-347.397491,205.848846,237.537308],"annotation":"ROCK","isRenderEnabled":false,"shapeName":"/levels/Utah/art/shapes/rocks/utah_boulder_3.dae"}
{"class":"TSStatic","persistentId":"3837e5a4-91c3-48d3-8f3b-3eabd0c22be5","__parent":"rockcrawlingtrails","position":[71.184639,219.072815,215.842651],"annotation":"ROCK","isRenderEnabled":false,"rotationMatrix":[-0.704787612,-0.709418297,0,0.709418297,-0.704787612,0,0,0,1],"shapeName":"/levels/Utah/art/shapes/rocks/utah_rock_big_2_b.dae"}
{"class":"TSStatic","persistentId":"3899c70e-8b46-4af0-8603-47054c678900","__parent":"rockcrawlingtrails","position":[54.5344582,204.626068,231.033218],"annotation":"ROCK","isRenderEnabled":false,"rotationMatrix":[0.706208527,0.708003879,0,-0.708003879,0.706208527,0,0,0,1],"shapeName":"/levels/Utah/art/shapes/rocks/utah_rock_big_2_b_top.dae"}
{"class":"TSStatic","persistentId":"3aa041cc-9d6f-4ca9-9ed3-dc63e3f18ddd","__parent":"rockcrawlingtrails","position":[48.5186157,198.338181,230.863174],"annotation":"ROCK","isRenderEnabled":false,"rotationMatrix":[-0.938563287,-0.345106035,0,0.345106035,-0.938563287,0,0,0,1],"shapeName":"/levels/Utah/art/shapes/rocks/utah_rock_flat_b.dae"}
{"class":"TSStatic","persistentId":"3cb06cba-20c0-42f6-9b22-9143f0f88246","__parent":"rockcrawlingtrails","position":[-351.507294,206.791,239.028671],"annotation":"ROCK","isRenderEnabled":false,"rotationMatrix":[0.999926209,0,-0.0121267932,0,1,0,0.0121267932,0,0.999926209],"shapeName":"/levels/Utah/art/shapes/rocks/utah_boulder_3.dae"}
{"class":"TSStatic","persistentId":"3e1805e2-1aeb-4da2-b2bb-9d15ae3c80f2","__parent":"rockcrawlingtrails","position":[66.6854324,214.707932,230.399033],"annotation":"ROCK","isRenderEnabled":false,"rotationMatrix":[-0.0238893926,0.928437829,0.370719165,-0.999714434,-0.0221861154,-0.00885877851,-4.42029302e-09,-0.370825201,0.928703249],"shapeName":"/levels/Utah/art/shapes/rocks/utah_boulder_2.dae"}
{"class":"TSStatic","persistentId":"3edde301-1cf1-422a-abc8-d69adfef7ed8","__parent":"rockcrawlingtrails","position":[125.304123,247.117142,216.49263],"annotation":"ROCK","isRenderEnabled":false,"rotationMatrix":[-0.825867593,-0.563863635,0,0.563863635,-0.825867593,0,0,0,1],"shapeName":"/levels/Utah/art/shapes/rocks/utah_rock_big_2_b.dae"}
{"class":"TSStatic","persistentId":"407d51c4-35e1-461b-bbd3-3f3ca08ded77","__parent":"rockcrawlingtrails","position":[151.713531,288.68988,229.232391],"annotation":"ROCK","isRenderEnabled":false,"shapeName":"/levels/Utah/art/shapes/rocks/utah_rock_flat_b.dae"}
{"class":"TSStatic","persistentId":"40e20295-c586-49d2-9f56-0d35550fa0e1","__parent":"rockcrawlingtrails","position":[67.3249741,214.271454,230.318985],"annotation":"ROCK","isRenderEnabled":false,"rotationMatrix":[0.356703132,0.934218109,0,-0.934218109,0.356703132,0,0,0,1],"shapeName":"/levels/Utah/art/shapes/rocks/utah_rock_flat_b.dae"}
{"class":"TSStatic","persistentId":"41368db7-933e-4ad1-a902-8899709f6000","__parent":"rockcrawlingtrails","position":[134.452454,255.468414,229.886612],"annotation":"ROCK","isRenderEnabled":false,"rotationMatrix":[0.882560551,0.47019878,0,-0.47019878,0.882560551,0,0,0,1],"shapeName":"/levels/Utah/art/shapes/rocks/utah_rock_big_2_b_top.dae"}
{"class":"TSStatic","persistentId":"434784a8-5f39-44da-9a5c-dc62d93b8e0d","__parent":"rockcrawlingtrails","position":[46.0196114,198.393127,230.758865],"annotation":"ROCK","isRenderEnabled":false,"rotationMatrix":[0.856048465,0.51689738,0,-0.51689738,0.856048465,0,0,0,1],"shapeName":"/levels/Utah/art/shapes/rocks/utah_rock_big_2_b_top.dae"}
{"class":"TSStatic","persistentId":"4505752a-ecdf-4721-9f4d-0b2d88cb17a2","__parent":"rockcrawlingtrails","position":[152.322189,297.067078,215.56929],"annotation":"ROCK","isRenderEnabled":false,"shapeName":"/levels/Utah/art/shapes/rocks/utah_rock_big_2_d.dae"}
{"class":"TSStatic","persistentId":"46b13ea1-c074-4275-98eb-0ef7cd0ba474","__parent":"rockcrawlingtrails","position":[-280.794189,301.269287,240.987137],"annotation":"ROCK","isRenderEnabled":false,"rotationMatrix":[0.62346369,0.657540023,0.423006028,-0.781851649,0.524334669,0.337313324,1.82289611e-07,-0.541030824,0.841002643],"shapeName":"/levels/Utah/art/shapes/rocks/utah_boulder_4.dae"}
{"class":"TSStatic","persistentId":"46dbd169-e7a1-431f-989d-e349e51d4d5d","__parent":"rockcrawlingtrails","position":[139.862045,257.955811,215.859848],"annotation":"ROCK","isRenderEnabled":false,"rotationMatrix":[-0.971931875,-0.235264137,0,0.235264137,-0.971931875,0,0,0,1],"shapeName":"/levels/Utah/art/shapes/rocks/utah_rock_big_2_b.dae"}
{"class":"TSStatic","persistentId":"48ba7231-baf0-4952-a831-6ba28bd297e0","__parent":"rockcrawlingtrails","position":[-280.814301,303.108765,241.300354],"annotation":"ROCK","isRenderEnabled":false,"shapeName":"/levels/Utah/art/shapes/rocks/utah_boulder_3.dae"}
{"class":"TSStatic","persistentId":"498c8849-75b5-4d24-a944-be5accceda73","__parent":"rockcrawlingtrails","position":[56.8450584,205.839157,231.517181],"annotation":"ROCK","isRenderEnabled":false,"shapeName":"/levels/Utah/art/shapes/rocks/utah_rock_flat_b.dae"}
{"class":"TSStatic","persistentId":"49f67d25-e944-433c-a380-f5a8cf357087","__parent":"rockcrawlingtrails","position":[30.0893936,190.433289,216.142014],"annotation":"ROCK","isRenderEnabled":false,"rotationMatrix":[-0.137693599,0.990474224,0,-0.990474224,-0.137693599,0,0,0,1],"shapeName":"/levels/Utah/art/shapes/rocks/utah_rock_big_2_d.dae"}
{"class":"TSStatic","persistentId":"4a9a697d-633a-4ad4-ab02-1209e568472c","__parent":"rockcrawlingtrails","position":[32.4361916,193.085037,231.18187],"annotation":"ROCK","isRenderEnabled":false,"rotationMatrix":[0.914760947,0.403998524,0,-0.403998524,0.914760947,0,0,0,1],"shapeName":"/levels/Utah/art/shapes/rocks/utah_rock_big_2_b_top.dae"}
{"class":"TSStatic","persistentId":"4cc91ff8-02f9-4e31-acad-807f58a714ca","__parent":"rockcrawlingtrails","position":[38.3340454,190.010178,216.458557],"annotation":"ROCK","isRenderEnabled":false,"rotationMatrix":[0.965687692,0.25970915,0,-0.25970915,0.965687692,0,0,0,1],"shapeName":"/levels/Utah/art/shapes/rocks/utah_rock_big_2_b.dae"}
{"class":"TSStatic","persistentId":"4dad0cc8-10bc-4a63-ba47-68aceed59c08","__parent":"rockcrawlingtrails","position":[119.46534,242.162781,230.181381],"annotation":"ROCK","isRenderEnabled":false,"rotationMatrix":[-0.894708216,-0.445654064,0.0298457518,0.445118815,-0.895175874,-0.0230305605,0.0369808562,-0.00732072536,0.999289155],"scale":[1,1,1.73650384],"shapeName":"/levels/Utah/art/shapes/rocks/utah_rock_flat_c.dae"}
{"class":"TSStatic","persistentId":"5001fe39-374b-4efb-9930-c0a38d1ef2b8","__parent":"rockcrawlingtrails","position":[107.606606,235.869568,215.780014],"annotation":"ROCK","isRenderEnabled":false,"rotationMatrix":[-0.400132298,0.916458786,0,-0.916458786,-0.400132298,0,0,0,1],"shapeName":"/levels/Utah/art/shapes/rocks/utah_rock_big_2_d.dae"}
{"class":"TSStatic","persistentId":"50f8bfdd-ceaf-4ad7-9146-cefd7bdcb871","__parent":"rockcrawlingtrails","position":[-397.786591,96.9287338,234.994354],"annotation":"ROCK","isRenderEnabled":false,"rotationMatrix":[0.172058657,0.985086918,0,-0.985086918,0.172058657,0,0,0,1],"shapeName":"/levels/Utah/art/shapes/rocks/utah_boulder_3.dae"}
{"class":"TSStatic","persistentId":"528d1790-bfe2-4eed-b622-7dc98d49ed9c","__parent":"rockcrawlingtrails","position":[24.0752163,196.070282,231.625946],"annotation":"ROCK","isRenderEnabled":false,"rotationMatrix":[-0.982252717,0.187574387,0,-0.187574387,-0.982252717,0,0,0,1],"shapeName":"/levels/Utah/art/shapes/rocks/utah_rock_big_2_b_top.dae"}
{"class":"TSStatic","persistentId":"5423619b-41ae-4b02-a79d-0a5ec5bfbb25","__parent":"rockcrawlingtrails","position":[-282.954163,307.653137,244.790222],"annotation":"ROCK","isRenderEnabled":false,"rotationMatrix":[-0.998910069,0.0466800407,0,-0.0466800407,-0.998910069,0,0,0,1],"shapeName":"/levels/Utah/art/shapes/rocks/utah_rock_flat_b.dae"}
{"class":"TSStatic","persistentId":"54943941-b48f-4f9f-9081-e538a238583a","__parent":"rockcrawlingtrails","position":[24.2143631,190.985352,230.790314],"annotation":"ROCK","isRenderEnabled":false,"shapeName":"/levels/Utah/art/shapes/rocks/utah_boulder_4.dae"}
{"class":"TSStatic","persistentId":"56f527c4-4d8e-4da0-bac8-8b4c1fa1d1b4","__parent":"rockcrawlingtrails","position":[-345.432587,206.599106,237.948334],"annotation":"ROCK","isRenderEnabled":false,"shapeName":"/levels/Utah/art/shapes/rocks/utah_boulder_5.dae"}
{"class":"TSStatic","persistentId":"56f7a308-4718-435f-b9ca-126e5c50dbf8","__parent":"rockcrawlingtrails","position":[-396.457642,98.619957,236.538086],"annotation":"ROCK","isRenderEnabled":false,"shapeName":"/levels/Utah/art/shapes/rocks/utah_boulder_4.dae"}
{"class":"TSStatic","persistentId":"59175617-640a-4a7c-8dcb-b00301a40cf9","__parent":"rockcrawlingtrails","position":[-396.766785,97.3690033,235.706146],"annotation":"ROCK","isRenderEnabled":false,"shapeName":"/levels/Utah/art/shapes/rocks/utah_boulder_1.dae"}
{"class":"TSStatic","persistentId":"5a49e090-c5f7-4716-a938-34b3a0846e13","__parent":"rockcrawlingtrails","position":[56.5893822,204.873856,230.096863],"annotation":"ROCK","isRenderEnabled":false,"rotationMatrix":[-0.621390343,-0.783501208,0,0.783501208,-0.621390343,0,0,0,1],"shapeName":"/levels/Utah/art/shapes/rocks/utah_rock_big_2_b_top.dae"}
{"class":"TSStatic","persistentId":"5f57a529-aca9-4263-a43b-bb3885a3c327","__parent":"rockcrawlingtrails","position":[-392.727997,98.9681473,237.703537],"annotation":"ROCK","isRenderEnabled":false,"rotationMatrix":[0.904066563,-0.427392215,0,0.427392215,0.904066563,0,0,0,1],"shapeName":"/levels/Utah/art/shapes/rocks/utah_rock_big_2_e.dae"}
{"class":"TSStatic","persistentId":"60ffea68-2088-4e64-9e15-e4423dd97330","__parent":"rockcrawlingtrails","position":[119.992348,243.923477,231.04332],"annotation":"ROCK","isRenderEnabled":false,"rotationMatrix":[0.98113209,-0.193337351,0,0.193337351,0.98113209,0,0,0,1],"shapeName":"/levels/Utah/art/shapes/rocks/utah_rock_flat_c.dae"}
{"class":"TSStatic","persistentId":"61c71524-0da0-4098-a1cc-2df324745fa7","__parent":"rockcrawlingtrails","position":[80.2777939,232.069122,216.683578],"annotation":"ROCK","isRenderEnabled":false,"rotationMatrix":[-0.763442874,-0.645875156,0,0.645875156,-0.763442874,0,0,0,1],"shapeName":"/levels/Utah/art/shapes/rocks/utah_rock_big_2_b.dae"}
{"class":"TSStatic","persistentId":"6496189f-451f-4140-a3df-953868be46da","__parent":"rockcrawlingtrails","position":[-107.611542,336.443054,231.730881],"annotation":"ROCK","isRenderEnabled":false,"rotationMatrix":[0.13448064,-0.990916073,0,0.990916073,0.13448064,0,0,0,1],"shapeName":"/levels/Utah/art/shapes/rocks/utah_rock_big_2_b.dae"}
{"class":"TSStatic","persistentId":"650110c0-ed42-44ae-b22b-7180b30849cb","__parent":"rockcrawlingtrails","position":[100.653931,234.276352,215.842651],"annotation":"ROCK","isRenderEnabled":false,"rotationMatrix":[0.978155911,-0.207869843,0,0.207869843,0.978155911,0,0,0,1],"shapeName":"/levels/Utah/art/shapes/rocks/utah_rock_big_2_b.dae"}
{"class":"TSStatic","persistentId":"658a2ccd-0c3d-4962-863e-552a4330e197","__parent":"rockcrawlingtrails","position":[152.109207,285.36496,216.308319],"annotation":"ROCK","isRenderEnabled":false,"shapeName":"/levels/Utah/art/shapes/rocks/utah_rock_big_2_d.dae"}
{"class":"TSStatic","persistentId":"66b9a1e7-c134-4473-a16c-d5f0e48c8dba","__parent":"rockcrawlingtrails","position":[-106.264236,325.904297,244.59375],"annotation":"ROCK","isRenderEnabled":false,"rotationMatrix":[0.248760983,0.968564808,0,-0.968564808,0.248760983,0,0,0,1],"shapeName":"/levels/Utah/art/shapes/rocks/utah_rock_big_2_b_top.dae"}
{"class":"TSStatic","persistentId":"672b9df1-8f1c-48cb-a45d-a16a60998bc6","__parent":"rockcrawlingtrails","position":[26.3760853,190.315811,230.312424],"annotation":"ROCK","isRenderEnabled":false,"rotationMatrix":[0.853241026,0,0.521519244,0,1,0,-0.521519244,0,0.853241026],"shapeName":"/levels/Utah/art/shapes/rocks/utah_boulder_2.dae"}
{"class":"TSStatic","persistentId":"6e3ee581-6fbc-4655-bea1-26214026b9b7","__parent":"rockcrawlingtrails","position":[124.637589,243.936096,230.32048],"annotation":"ROCK","isRenderEnabled":false,"rotationMatrix":[0.706279159,0.707934737,0,-0.707934737,0.706279159,0,0,0,1],"shapeName":"/levels/Utah/art/shapes/rocks/utah_rock_big_2_b_top.dae"}
{"class":"TSStatic","persistentId":"70703d1b-b50b-4d2d-a062-862b7ed21b23","__parent":"rockcrawlingtrails","position":[68.4361877,214.181519,229.971298],"annotation":"ROCK","isRenderEnabled":false,"rotationMatrix":[-0.385265976,-0.922805727,0,0.922805727,-0.385265976,0,0,0,1],"shapeName":"/levels/Utah/art/shapes/rocks/utah_rock_flat_c.dae"}
{"class":"TSStatic","persistentId":"7238fdc0-7681-4ff2-b85d-b1be154a15eb","__parent":"rockcrawlingtrails","position":[139.499542,254.273499,228.062866],"annotation":"ROCK","isRenderEnabled":false,"rotationMatrix":[0.882560551,0.47019878,0,-0.47019878,0.882560551,0,0,0,1],"shapeName":"/levels/Utah/art/shapes/rocks/utah_rock_big_2_b_top.dae"}
{"class":"TSStatic","persistentId":"72dc66f7-0ac7-440d-a58a-18f0cd08aa86","__parent":"rockcrawlingtrails","position":[-371.216064,213.042725,242.394302],"annotation":"ROCK","isRenderEnabled":false,"rotationMatrix":[-0.967860281,0.251483172,0,-0.251483172,-0.967860281,0,0,0,1],"shapeName":"/levels/Utah/art/shapes/rocks/utah_rock_big_2_e.dae"}
{"class":"TSStatic","persistentId":"7317b8b0-0dba-4120-a821-2cf920995f74","__parent":"rockcrawlingtrails","position":[20.8300171,192.675903,231.872269],"annotation":"ROCK","isRenderEnabled":false,"rotationMatrix":[-0.413016021,-0.91072315,0,0.91072315,-0.413016021,0,0,0,1],"shapeName":"/levels/Utah/art/shapes/rocks/utah_rock_flat_c.dae"}
{"class":"TSStatic","persistentId":"736be1fc-55d4-4254-a1a8-18f1fa5e90d9","__parent":"rockcrawlingtrails","position":[-284.092041,308.307617,245.286209],"annotation":"ROCK","isRenderEnabled":false,"shapeName":"/levels/Utah/art/shapes/rocks/utah_boulder_5.dae"}
{"class":"TSStatic","persistentId":"768cf814-25a4-4340-9e0d-f2b3eb9e27a6","__parent":"rockcrawlingtrails","position":[59.4395981,211.275772,231.700897],"annotation":"ROCK","isRenderEnabled":false,"rotationMatrix":[-0.467833102,-0.883816123,-0.000265733659,0.883816361,-0.467833906,-0.000264803093,0.000109770022,-0.000358576071,0.99999994],"shapeName":"/levels/Utah/art/shapes/rocks/utah_rock_big_2_b_top.dae"}
{"class":"TSStatic","persistentId":"76c51e1e-35c9-428f-b235-0153f2471445","__parent":"rockcrawlingtrails","position":[61.9433556,211.325317,216.458557],"annotation":"ROCK","isRenderEnabled":false,"rotationMatrix":[-0.739055753,-0.673644006,0,0.673644006,-0.739055753,0,0,0,1],"shapeName":"/levels/Utah/art/shapes/rocks/utah_rock_big_2_b.dae"}
{"class":"TSStatic","persistentId":"781f725d-b962-46d8-bc7e-88cc4a314438","__parent":"rockcrawlingtrails","position":[-109.60984,325.393494,243.283203],"annotation":"ROCK","isRenderEnabled":false,"rotationMatrix":[0.222238049,0.974992037,0,-0.974992156,0.222238034,0,0,0,1],"shapeName":"/levels/Utah/art/shapes/rocks/utah_rock_flat_c.dae"}
{"class":"TSStatic","persistentId":"783660e0-ad6b-42b8-9dc7-06743d33ebee","__parent":"rockcrawlingtrails","position":[-2.1717248,199.351517,230.654953],"annotation":"ROCK","isRenderEnabled":false,"rotationMatrix":[0.936686933,-0.350179881,0,0.350179881,0.936686933,0,0,0,1],"shapeName":"/levels/Utah/art/shapes/rocks/utah_rock_big_2_b_top.dae"}
{"class":"TSStatic","persistentId":"7b556c84-a2f4-40f5-900e-326f95a09aee","__parent":"rockcrawlingtrails","position":[-366.554962,210.628387,242.167374],"annotation":"ROCK","isRenderEnabled":false,"rotationMatrix":[-0.617695034,0.730468452,-0.29132241,-0.786417782,-0.573749363,0.228820264,-2.59884985e-08,0.370442092,0.928855836],"shapeName":"/levels/Utah/art/shapes/rocks/utah_rock_big_2_e.dae"}
{"class":"TSStatic","persistentId":"7c0ecdd2-9ccb-4ddb-9434-49039931aa7a","__parent":"rockcrawlingtrails","position":[24.3894157,189.222122,216.458557],"annotation":"ROCK","isRenderEnabled":false,"rotationMatrix":[0.989901483,-0.141760662,0,0.141760662,0.989901483,0,0,0,1],"shapeName":"/levels/Utah/art/shapes/rocks/utah_rock_big_2_b.dae"}
{"class":"TSStatic","persistentId":"7edbc2af-6c58-424e-8af8-3284ad841047","__parent":"rockcrawlingtrails","position":[23.0941124,191.156708,231.104279],"annotation":"ROCK","isRenderEnabled":false,"rotationMatrix":[-0.643571138,0.519312441,0.562256336,-0.626502872,-0.779414535,0.00277916715,0.439674616,-0.35046643,0.826959491],"shapeName":"/levels/Utah/art/shapes/rocks/utah_boulder_5.dae"}
{"class":"TSStatic","persistentId":"7fbc8055-f62f-4678-ad39-84eefbdd5595","__parent":"rockcrawlingtrails","position":[146.198883,301.142944,215.738495],"annotation":"ROCK","isRenderEnabled":false,"rotationMatrix":[0.770485103,-0.637458384,0,0.637458384,0.770485103,0,0,0,1],"shapeName":"/levels/Utah/art/shapes/rocks/utah_rock_big_2_b.dae"}
{"class":"TSStatic","persistentId":"801d647c-60ae-4a8a-b4bd-3a6939890e64","__parent":"rockcrawlingtrails","position":[115.017868,240.858536,229.806335],"annotation":"ROCK","isRenderEnabled":false,"rotationMatrix":[0.847562253,0.530698121,0,-0.530698121,0.847562253,0,0,0,1],"shapeName":"/levels/Utah/art/shapes/rocks/utah_rock_big_2_b_top.dae"}
{"class":"TSStatic","persistentId":"802706f2-0668-454f-9c61-4fbe90354ba3","__parent":"rockcrawlingtrails","position":[-356.456573,213.609436,240.300629],"annotation":"ROCK","isRenderEnabled":false,"rotationMatrix":[-0.158841342,-0.979829133,-0.12128704,0.960399389,-0.181827247,0.211122364,-0.228915736,-0.0829508454,0.969905257],"shapeName":"/levels/Utah/art/shapes/rocks/utah_rock_big_2_e.dae"}
{"class":"TSStatic","persistentId":"83ca71ae-dbee-417c-b458-5b002f060eb4","__parent":"rockcrawlingtrails","position":[-95.5852203,326.736115,238.410446],"annotation":"ROCK","isRenderEnabled":false,"rotationMatrix":[-0.489601761,-0.871944785,0,0.871944785,-0.489601761,0,0,0,1],"shapeName":"/levels/Utah/art/shapes/rocks/utah_rock_big_2_d_top.dae"}
{"class":"TSStatic","persistentId":"83f4f272-4520-44e7-812c-e692f7d7f1c2","__parent":"rockcrawlingtrails","position":[-362.275696,211.417725,241.71907],"annotation":"ROCK","isRenderEnabled":false,"shapeName":"/levels/Utah/art/shapes/rocks/utah_boulder_1.dae"}
{"class":"TSStatic","persistentId":"84d0350f-30cd-4958-b8f7-66f8fbf6e99e","__parent":"rockcrawlingtrails","position":[-282.412933,309.556732,245.240356],"annotation":"ROCK","isRenderEnabled":false,"shapeName":"/levels/Utah/art/shapes/rocks/utah_boulder_3.dae"}
{"class":"TSStatic","persistentId":"890061ea-b024-4789-83da-3b107b148fc0","__parent":"rockcrawlingtrails","position":[22.5966663,191.901855,230.918121],"annotation":"ROCK","isRenderEnabled":false,"rotationMatrix":[-0.413016021,-0.91072315,0,0.91072315,-0.413016021,0,0,0,1],"shapeName":"/levels/Utah/art/shapes/rocks/utah_rock_flat_c.dae"}
{"class":"TSStatic","persistentId":"89614806-2047-46c7-840e-2b67b112a9d8","__parent":"rockcrawlingtrails","position":[150.203598,265.27887,229.830566],"annotation":"ROCK","isRenderEnabled":false,"rotationMatrix":[0.491036534,0.871028543,0.0139423627,-0.871136844,0.490975589,0.00786096882,8.40936707e-07,-0.0160073861,0.999875844],"shapeName":"/levels/Utah/art/shapes/rocks/utah_rock_flat_b.dae"}
{"class":"TSStatic","persistentId":"8a00ac3d-f6a6-4554-8b7d-e3ac5c4f6866","__parent":"rockcrawlingtrails","position":[-107.021278,328.902679,243.314255],"annotation":"ROCK","isRenderEnabled":false,"rotationMatrix":[-0.272280484,-0.96221751,0,-0.962217212,0.272280425,-7.4505806e-08,0,-2.98023224e-08,-0.999999642],"scale":[1.70936155,1.70936155,1.70936155],"shapeName":"/levels/Utah/art/shapes/rocks/utah_rock_flat_c.dae"}
{"class":"TSStatic","persistentId":"8a68fe4b-6b05-413d-813d-f070c806067e","__parent":"rockcrawlingtrails","position":[38.5292778,194.588867,231.033218],"annotation":"ROCK","isRenderEnabled":false,"rotationMatrix":[0.97228694,0.233794242,0,-0.233794242,0.97228694,0,0,0,1],"shapeName":"/levels/Utah/art/shapes/rocks/utah_rock_big_2_b_top.dae"}
{"class":"TSStatic","persistentId":"8b4fe39a-c442-4a67-a94a-e06a45525e68","__parent":"rockcrawlingtrails","position":[152.687576,292.668793,229.896271],"annotation":"ROCK","isRenderEnabled":false,"rotationMatrix":[-0.541361749,0.840790391,0,-0.840790391,-0.541361749,0,0,0,1],"shapeName":"/levels/Utah/art/shapes/rocks/utah_rock_big_2_b_top.dae"}
{"class":"TSStatic","persistentId":"8bb130bf-9090-4cb1-a0ad-cf8bd97a38f5","__parent":"rockcrawlingtrails","position":[-405.866486,90.8355179,234.165314],"annotation":"ROCK","isRenderEnabled":false,"shapeName":"/levels/Utah/art/shapes/rocks/utah_boulder_5.dae"}
{"class":"TSStatic","persistentId":"9170ce66-e806-49c9-bde5-0166874528ec","__parent":"rockcrawlingtrails","position":[-111.059456,322.02356,239.433517],"annotation":"ROCK","isRenderEnabled":false,"shapeName":"/levels/Utah/art/shapes/rocks/utah_rock_big_2_e.dae"}
{"class":"TSStatic","persistentId":"91cc118d-a753-4822-a5eb-39921931fdb8","__parent":"rockcrawlingtrails","position":[148.7724,265.331573,215.377701],"annotation":"ROCK","isRenderEnabled":false,"rotationMatrix":[-0.352789491,-0.935703397,0,0.935703397,-0.352789491,0,0,0,1],"shapeName":"/levels/Utah/art/shapes/rocks/utah_rock_big_2_b.dae"}
{"class":"TSStatic","persistentId":"939afe55-cc57-46ea-b569-8fb425fcb7a8","__parent":"rockcrawlingtrails","position":[-281.475769,308.614197,245.172714],"annotation":"ROCK","isRenderEnabled":false,"rotationMatrix":[0.653523505,-0.756905794,0,0.756905794,0.653523505,0,0,0,1],"shapeName":"/levels/Utah/art/shapes/rocks/utah_boulder_1.dae"}
{"class":"TSStatic","persistentId":"959766d9-4dff-4651-a898-b0ea89a0df38","__parent":"rockcrawlingtrails","position":[25.5049572,191.203705,231.022156],"annotation":"ROCK","isRenderEnabled":false,"rotationMatrix":[0.82384479,0.418142915,0.382671505,-0.297719955,0.893717825,-0.335606486,-0.48233211,0.162558571,0.860773683],"shapeName":"/levels/Utah/art/shapes/rocks/utah_boulder_5.dae"}
{"class":"TSStatic","persistentId":"95d3cd20-4e0b-4b14-8f1e-2accfe0c476a","__parent":"rockcrawlingtrails","position":[-107.540596,320.532623,231.70343],"annotation":"ROCK","isRenderEnabled":false,"rotationMatrix":[0.489805222,0.871831715,0,-0.871831715,0.489805222,0,0,0,1],"shapeName":"/levels/Utah/art/shapes/rocks/utah_rock_big_2_d.dae"}
{"class":"TSStatic","persistentId":"97b105d6-3af7-4b56-8bdb-b272c437aa07","__parent":"rockcrawlingtrails","position":[57.6125145,206.020432,231.809387],"annotation":"ROCK","isRenderEnabled":false,"shapeName":"/levels/Utah/art/shapes/rocks/utah_rock_flat_c.dae"}
{"class":"TSStatic","persistentId":"981c7661-d9a0-4288-afff-5e63a5aad6d0","__parent":"rockcrawlingtrails","position":[-113.489914,318.618866,244.538803],"annotation":"ROCK","isRenderEnabled":false,"rotationMatrix":[0.958317697,0.285705477,0,-0.285705477,0.958317697,0,0,0,1],"shapeName":"/levels/Utah/art/shapes/rocks/utah_rock_big_2_b_top.dae"}
{"class":"TSStatic","persistentId":"9980012b-d4cb-4e0d-a520-da3be273fe56","__parent":"rockcrawlingtrails","position":[-282.601501,306.135406,244.11528],"annotation":"ROCK","isRenderEnabled":false,"shapeName":"/levels/Utah/art/shapes/rocks/utah_rock_flat_c.dae"}
{"class":"TSStatic","persistentId":"9995c958-917d-43d1-b99d-bf97798745e7","__parent":"rockcrawlingtrails","position":[6.61027813,192.808792,216.458557],"annotation":"ROCK","isRenderEnabled":false,"rotationMatrix":[0.965314567,-0.261092067,0,0.261092067,0.965314567,0,0,0,1],"shapeName":"/levels/Utah/art/shapes/rocks/utah_rock_big_2_b.dae"}
{"class":"TSStatic","persistentId":"99b7c969-166b-406a-94c6-a609bfe2afb8","__parent":"rockcrawlingtrails","position":[116.998756,238.011276,216.146301],"annotation":"ROCK","isRenderEnabled":false,"rotationMatrix":[0.917942166,0.396713465,0,-0.396713465,0.917942166,0,0,0,1],"shapeName":"/levels/Utah/art/shapes/rocks/utah_rock_big_2_b.dae"}
{"class":"TSStatic","persistentId":"9a687923-1daf-401d-ba48-dacdaddcde6a","__parent":"rockcrawlingtrails","position":[148.957718,266.354797,229.625107],"annotation":"ROCK","isRenderEnabled":false,"rotationMatrix":[0.570507586,0.821293354,0,-0.821293354,0.570507586,0,0,0,1],"shapeName":"/levels/Utah/art/shapes/rocks/utah_rock_big_2_b_top.dae"}
{"class":"TSStatic","persistentId":"9af205a2-3390-42be-8111-6de52abe4543","__parent":"rockcrawlingtrails","position":[-398.178375,100.945618,238.364578],"annotation":"ROCK","isRenderEnabled":false,"rotationMatrix":[0.799693525,0.600409687,0,-0.600409687,0.799693525,0,0,0,1],"shapeName":"/levels/Utah/art/shapes/rocks/utah_rock_big_2_c.dae"}
