{"class":"TSStatic","persistentId":"29b9be59-5033-4121-b841-91b55242c00a","__parent":"set_dress","position":[585.217163,1869.98694,76.2374954],"isRenderEnabled":false,"rotationMatrix":[0.999576628,0.0290963426,0,-0.0290963426,0.999576628,0,0,0,1],"scale":[0.629296899,0.629296899,0.629296899],"shapeName":"/levels/west_coast_usa/art/shapes/objects/sign_chevron_R.dae","useInstanceRenderData":true}
{"class":"TSStatic","persistentId":"75feb1e4-2b49-4759-97b8-c8ccd2add858","__parent":"set_dress","position":[585.115356,1869.7854,76.2345047],"isRenderEnabled":false,"rotationMatrix":[-0.583504081,0.812109947,0,-0.812109947,-0.583504081,0,0,0,1],"scale":[0.629296899,0.629296899,0.629296899],"shapeName":"/levels/west_coast_usa/art/shapes/objects/sign_chevron_L.dae","useInstanceRenderData":true}
{"class":"TSStatic","persistentId":"ea9687e0-2b62-4d8e-9ac6-7ebcef9916dc","__parent":"set_dress","position":[585.041138,1869.94702,74.6529922],"annotation":"POLE","isRenderEnabled":false,"rotationMatrix":[0.917640746,-0.39741087,0,0.39741087,0.917640746,0,0,0,1],"shapeName":"/levels/west_coast_usa/art/shapes/objects/pole_fence2.dae","useInstanceRenderData":true}
{"class":"TSStatic","persistentId":"446b50b4-fe79-4176-93b5-732f58540c25","__parent":"set_dress","position":[586.269226,1873.51404,76.2507324],"isRenderEnabled":false,"rotationMatrix":[-0.754972577,0.655756652,0,-0.655756652,-0.754972577,0,0,0,1],"scale":[0.629296899,0.629296899,0.629296899],"shapeName":"/levels/west_coast_usa/art/shapes/objects/sign_chevron_L.dae","useInstanceRenderData":true}
{"class":"TSStatic","persistentId":"e94535b6-c3ae-49e1-a5e1-de192e60248d","__parent":"set_dress","position":[586.147583,1873.66748,74.6529922],"annotation":"POLE","isRenderEnabled":false,"rotationMatrix":[0.984531164,-0.175209612,0,0.175209612,0.984531164,0,0,0,1],"shapeName":"/levels/west_coast_usa/art/shapes/objects/pole_fence2.dae","useInstanceRenderData":true}
{"class":"TSStatic","persistentId":"6624ad25-8e34-4c5d-94e6-badfd2b20a4c","__parent":"set_dress","position":[586.321838,1873.73364,76.2537231],"isRenderEnabled":false,"rotationMatrix":[0.96595794,0.258699179,0,-0.258699179,0.96595794,0,0,0,1],"scale":[0.629296899,0.629296899,0.629296899],"shapeName":"/levels/west_coast_usa/art/shapes/objects/sign_chevron_R.dae","useInstanceRenderData":true}
{"class":"TSStatic","persistentId":"5ceb2b33-7a6a-4b94-a940-779bc1781063","__parent":"set_dress","position":[582.876343,1866.83997,74.6529922],"annotation":"POLE","isRenderEnabled":false,"rotationMatrix":[0.682016373,-0.731336832,0,0.731336832,0.682016373,0,0,0,1],"shapeName":"/levels/west_coast_usa/art/shapes/objects/pole_fence2.dae","useInstanceRenderData":true}
{"class":"TSStatic","persistentId":"9bd29690-5135-4b16-908c-95c052fec97e","__parent":"set_dress","position":[582.876831,1866.66211,76.2413177],"isRenderEnabled":false,"rotationMatrix":[-0.209878445,0.977727473,0,-0.977727473,-0.209878445,0,0,0,1],"scale":[0.629296899,0.629296899,0.629296899],"shapeName":"/levels/west_coast_usa/art/shapes/objects/sign_chevron_L.dae","useInstanceRenderData":true}
{"class":"TSStatic","persistentId":"6f8711d2-0e5e-4dda-8860-9c2c5d7077d7","__parent":"set_dress","position":[583.050781,1866.80615,76.2443085],"isRenderEnabled":false,"rotationMatrix":[0.92773962,-0.373228073,0,0.373228073,0.92773962,0,0,0,1],"scale":[0.629296899,0.629296899,0.629296899],"shapeName":"/levels/west_coast_usa/art/shapes/objects/sign_chevron_R.dae","useInstanceRenderData":true}
{"class":"TSStatic","persistentId":"398ce45f-abb8-436e-8754-a922fe367158","__parent":"set_dress","position":[575.938293,1936.22681,74.4313736],"annotation":"POLE","isRenderEnabled":false,"rotationMatrix":[0.268024802,0.963412166,0,-0.963412166,0.268024802,0,0,0,1],"shapeName":"/levels/west_coast_usa/art/shapes/objects/pole_fence2.dae","useInstanceRenderData":true}
{"class":"TSStatic","persistentId":"e6e3055b-a62a-41de-b514-cafb4e2fb00f","__parent":"set_dress","position":[576.085022,1936.31042,76.0271912],"isRenderEnabled":false,"rotationMatrix":[-0.724568248,-0.689203024,0,0.689203024,-0.724568248,0,0,0,1],"scale":[0.629296899,0.629296899,0.629296899],"shapeName":"/levels/west_coast_usa/art/shapes/objects/sign_chevron_L.dae","useInstanceRenderData":true}
{"class":"TSStatic","persistentId":"73e524cf-730a-42c2-92d0-facefdcf85e6","__parent":"set_dress","position":[575.871399,1936.38391,76.0301819],"isRenderEnabled":false,"rotationMatrix":[-0.165684223,0.986178994,0,-0.986178994,-0.165684223,0,0,0,1],"scale":[0.629296899,0.629296899,0.629296899],"shapeName":"/levels/west_coast_usa/art/shapes/objects/sign_chevron_R.dae","useInstanceRenderData":true}
{"class":"TSStatic","persistentId":"5fe66e98-09f0-448c-a7ae-c3a9a7d9b25e","__parent":"set_dress","position":[579.612732,1934.32349,74.4313736],"annotation":"POLE","isRenderEnabled":false,"rotationMatrix":[0.59829247,0.801277936,0,-0.801277936,0.59829247,0,0,0,1],"shapeName":"/levels/west_coast_usa/art/shapes/objects/pole_fence2.dae","useInstanceRenderData":true}
{"class":"TSStatic","persistentId":"6443309f-f122-4365-895b-9a7cef877e68","__parent":"set_dress","position":[579.779785,1934.34839,76.0271912],"isRenderEnabled":false,"rotationMatrix":[-0.92477119,-0.380523562,0,0.380523562,-0.92477119,0,0,0,1],"scale":[0.629296899,0.629296899,0.629296899],"shapeName":"/levels/west_coast_usa/art/shapes/objects/sign_chevron_L.dae","useInstanceRenderData":true}
{"class":"TSStatic","persistentId":"15a18de3-3481-4c0d-a80e-0e6b7df5f33d","__parent":"set_dress","position":[579.607178,1934.49414,76.0301819],"isRenderEnabled":false,"rotationMatrix":[0.202171266,0.979350209,0,-0.979350209,0.202171266,0,0,0,1],"scale":[0.629296899,0.629296899,0.629296899],"shapeName":"/levels/west_coast_usa/art/shapes/objects/sign_chevron_R.dae","useInstanceRenderData":true}
{"class":"TSStatic","persistentId":"c3dd8c53-6926-4ce2-8b95-88e9a1356b73","__parent":"set_dress","position":[582.184021,1931.08118,74.4313736],"annotation":"POLE","isRenderEnabled":false,"rotationMatrix":[0.826175392,0.563412964,0,-0.563412964,0.826175392,0,0,0,1],"shapeName":"/levels/west_coast_usa/art/shapes/objects/pole_fence2.dae","useInstanceRenderData":true}
{"class":"TSStatic","persistentId":"92fc3b3d-1a12-4a4f-9468-e79535b52a01","__parent":"set_dress","position":[582.350037,1931.05042,76.0271912],"isRenderEnabled":false,"rotationMatrix":[-0.998233676,-0.059410546,0,0.059410546,-0.998233676,0,0,0,1],"scale":[0.629296899,0.629296899,0.629296899],"shapeName":"/levels/west_coast_usa/art/shapes/objects/sign_chevron_L.dae","useInstanceRenderData":true}
{"class":"TSStatic","persistentId":"e39fa39f-53bb-40c1-aa82-ce086a30db5e","__parent":"set_dress","position":[582.234192,1931.24438,76.0301819],"isRenderEnabled":false,"rotationMatrix":[0.509403348,0.860527992,0,-0.860527992,0.509403348,0,0,0,1],"scale":[0.629296899,0.629296899,0.629296899],"shapeName":"/levels/west_coast_usa/art/shapes/objects/sign_chevron_R.dae","useInstanceRenderData":true}
{"class":"TSStatic","persistentId":"6fb786c5-32fc-46e0-a08b-282836f66ce6","__parent":"set_dress","position":[498.868286,1910.3252,74.4313736],"annotation":"POLE","isRenderEnabled":false,"rotationMatrix":[0.717820168,-0.696228623,0,0.696228623,0.717820168,0,0,0,1],"shapeName":"/levels/west_coast_usa/art/shapes/objects/pole_fence2.dae","useInstanceRenderData":true}
{"class":"TSStatic","persistentId":"077b1e8c-c1ed-4ec5-bda5-b239587fcfd7","__parent":"set_dress","position":[499.038239,1910.30872,76.0301819],"isRenderEnabled":false,"rotationMatrix":[0.945282876,-0.326251835,0,0.326251835,0.945282876,0,0,0,1],"scale":[0.629296899,0.629296899,0.629296899],"shapeName":"/levels/west_coast_usa/art/shapes/objects/sign_chevron_R.dae","useInstanceRenderData":true}
{"class":"TSStatic","persistentId":"4e5dea5d-99f3-4d3f-b170-6cf089a3881e","__parent":"set_dress","position":[498.871521,1910.15625,76.0271912],"isRenderEnabled":false,"rotationMatrix":[-0.258627534,0.965977371,0,-0.965977371,-0.258627534,0,0,0,1],"scale":[0.629296899,0.629296899,0.629296899],"shapeName":"/levels/west_coast_usa/art/shapes/objects/sign_chevron_L.dae","useInstanceRenderData":true}
{"class":"TSStatic","persistentId":"8292133c-3dd6-45ef-a99f-cd296ab66cb4","__parent":"set_dress","position":[491.667877,1906.8075,74.4313736],"annotation":"POLE","isRenderEnabled":false,"rotationMatrix":[0.359844267,-0.933012664,0,0.933012664,0.359844267,0,0,0,1],"shapeName":"/levels/west_coast_usa/art/shapes/objects/pole_fence2.dae","useInstanceRenderData":true}
{"class":"TSStatic","persistentId":"890a40af-7dfe-4583-bfc6-5be03bd35dfe","__parent":"set_dress","position":[491.815247,1906.72144,76.0301819],"isRenderEnabled":false,"rotationMatrix":[0.721450686,-0.692465842,0,0.692465842,0.721450686,0,0,0,1],"scale":[0.629296899,0.629296899,0.629296899],"shapeName":"/levels/west_coast_usa/art/shapes/objects/sign_chevron_R.dae","useInstanceRenderData":true}
{"class":"TSStatic","persistentId":"66794547-3438-41c0-85b7-19c7ded99d8b","__parent":"set_dress","position":[491.599976,1906.65295,76.0271912],"isRenderEnabled":false,"rotationMatrix":[0.170132279,0.9854213,0,-0.9854213,0.170132279,0,0,0,1],"scale":[0.629296899,0.629296899,0.629296899],"shapeName":"/levels/west_coast_usa/art/shapes/objects/sign_chevron_L.dae","useInstanceRenderData":true}
{"class":"TSStatic","persistentId":"401b3ae6-b915-427a-bb8d-8d5ae56ca171","__parent":"set_dress","position":[482.529968,1861.89111,74.45961],"annotation":"OBSTACLES","decalType":"None","isRenderEnabled":false,"rotationMatrix":[0.999851346,0.0172436032,-1.45519152e-11,-0.0172407273,0.999684572,0.0182634164,0.000314927078,-0.0182607006,0.999833226],"shapeName":"/levels/west_coast_usa/art/shapes/objects/hydrant1.dae","useInstanceRenderData":true}
{"class":"TSStatic","persistentId":"335dca42-5d2c-4e99-86e8-5c4e7e98247a","__parent":"set_dress","position":[522.581299,1861.88843,74.3722305],"annotation":"OBSTACLES","decalType":"None","isRenderEnabled":false,"shapeName":"/levels/west_coast_usa/art/shapes/objects/hydrant1.dae","useInstanceRenderData":true}
{"class":"TSStatic","persistentId":"c7659f36-1ae3-4abe-80cd-336b6d122d13","__parent":"set_dress","position":[457.964966,1822.21655,74.3078613],"annotation":"OBSTACLES","decalType":"None","isRenderEnabled":false,"rotationMatrix":[0.959938586,0.280210465,0,-0.280210465,0.959938586,0,0,0,1],"shapeName":"/levels/west_coast_usa/art/shapes/objects/hydrant1.dae","useInstanceRenderData":true}
{"class":"TSStatic","persistentId":"1c7c759a-e4b5-4b47-92a4-d6732c217c56","__parent":"set_dress","position":[457.940094,1745.66504,74.3295746],"annotation":"OBSTACLES","decalType":"None","isRenderEnabled":false,"rotationMatrix":[0.9904055,-0.138191879,0,0.138191879,0.9904055,0,0,0,1],"shapeName":"/levels/west_coast_usa/art/shapes/objects/hydrant1.dae","useInstanceRenderData":true}
{"class":"TSStatic","persistentId":"31e36acf-4d26-47a0-beaf-d6333ffbec11","__parent":"set_dress","position":[459.867218,1904.1543,74.6850739],"annotation":"OBSTACLES","decalType":"None","instanceColor":[1,0.768627524,0.215686291,1],"isRenderEnabled":false,"rotationMatrix":[1,0,0,0,0.999387503,-0.0349947363,0,0.0349947363,0.999387503],"shapeName":"/levels/west_coast_usa/art/shapes/objects/bollard_yellow.dae","useInstanceRenderData":true}
{"class":"TSStatic","persistentId":"c0d9c865-7083-4659-9baf-ac99d9574756","__parent":"set_dress","position":[457.385193,1903.91467,74.6829376],"annotation":"OBSTACLES","decalType":"None","instanceColor":[1,0.768627524,0.215686291,1],"isRenderEnabled":false,"rotationMatrix":[0.998074532,0.0152039966,-0.0601338446,-0.0142081296,0.999755323,0.0169539135,0.0603768975,-0.0160668809,0.998046339],"shapeName":"/levels/west_coast_usa/art/shapes/objects/bollard_yellow.dae","useInstanceRenderData":true}
{"class":"TSStatic","persistentId":"dae9fa5b-37a0-4828-be29-7753747c487f","__parent":"set_dress","position":[454.065338,1903.77075,74.6813507],"annotation":"OBSTACLES","decalType":"None","instanceColor":[1,0.768627524,0.215686291,1],"isRenderEnabled":false,"rotationMatrix":[0.995365262,-0.0325067602,0.0905055702,0.025473522,0.996642768,0.0778092444,-0.0927310437,-0.0751431286,0.992851675],"shapeName":"/levels/west_coast_usa/art/shapes/objects/bollard_yellow.dae","useInstanceRenderData":true}
{"class":"TSStatic","persistentId":"79d6b09a-623f-4563-aae3-7e8256a0f0da","__parent":"set_dress","position":[451.450134,1903.75647,74.6859894],"annotation":"OBSTACLES","decalType":"None","instanceColor":[1,0.768627524,0.215686291,1],"isRenderEnabled":false,"rotationMatrix":[0.999943733,0,0.01061064,-4.08216911e-05,0.999992609,0.0038470251,-0.0106105618,-0.00384724163,0.999936283],"shapeName":"/levels/west_coast_usa/art/shapes/objects/bollard_yellow.dae","useInstanceRenderData":true}
{"class":"TSStatic","persistentId":"9e3a38dd-f24c-470c-b8d2-09389641cf92","__parent":"set_dress","position":[586.161011,1887.03821,74.1235046],"annotation":"OBSTACLES","decalType":"None","instanceColor":[1,0.768627524,0.215686291,1],"isRenderEnabled":false,"rotationMatrix":[0.999057889,0,-0.043397896,0,1,0,0.043397896,0,0.999057889],"shapeName":"/levels/west_coast_usa/art/shapes/objects/bollard_yellow.dae","useInstanceRenderData":true}
{"class":"TSStatic","persistentId":"9aad1a20-1168-4f5b-8f59-ad24830656f0","__parent":"set_dress","position":[543.388184,1935.32104,74.1579437],"annotation":"OBSTACLES","decalType":"None","instanceColor":[1,0.768627524,0.215686291,1],"isRenderEnabled":false,"rotationMatrix":[0.999650717,-0.000607142516,-0.0264222473,5.82076609e-11,0.999736071,-0.0229723975,0.026429221,0.0229643732,0.999386907],"shapeName":"/levels/west_coast_usa/art/shapes/objects/bollard_yellow.dae","useInstanceRenderData":true}
{"class":"TSStatic","persistentId":"82baae01-7b39-4a1a-a373-dc9c8961421e","__parent":"set_dress","position":[516.905151,1917.64795,74.4477615],"annotation":"OBSTACLES","decalType":"None","instanceColor":[1,0.768627524,0.215686291,1],"isRenderEnabled":false,"rotationMatrix":[0.999385834,0,-0.0350421742,-0.000602135842,0.999852359,-0.0171726216,0.0350370035,0.0171831753,0.999238312],"shapeName":"/levels/west_coast_usa/art/shapes/objects/bollard_yellow.dae","useInstanceRenderData":true}
{"class":"TSStatic","persistentId":"8b9bfc70-a327-4f94-935d-8218131b8c5c","__parent":"set_dress","position":[587.063538,1884.68311,75.7683487],"annotation":"OBSTACLES","isRenderEnabled":false,"rotationMatrix":[0.000879049301,0.999999464,0,-0.999999464,0.000879049301,0,0,0,1],"shapeName":"/levels/west_coast_usa/art/shapes/objects/s_chainlink_old.dae","useInstanceRenderData":true}
{"class":"TSStatic","persistentId":"68383af1-7aa1-4f8b-a330-e07ed15df15f","__parent":"set_dress","position":[587.061768,1882.68311,75.7683487],"annotation":"OBSTACLES","isRenderEnabled":false,"rotationMatrix":[0.0166444778,0.999861419,0,-0.999861419,0.0166444778,0,0,0,1],"shapeName":"/levels/west_coast_usa/art/shapes/objects/s_chainlink_old.dae","useInstanceRenderData":true}
{"class":"TSStatic","persistentId":"4d7925ce-0e03-4626-aef8-a4bc3fa24e32","__parent":"set_dress","position":[587.028503,1880.68335,75.7683487],"annotation":"OBSTACLES","isRenderEnabled":false,"rotationMatrix":[0.0493942499,0.998779356,0,-0.998779356,0.0493942499,0,0,0,1],"shapeName":"/levels/west_coast_usa/art/shapes/objects/s_chainlink_old.dae","useInstanceRenderData":true}
{"class":"TSStatic","persistentId":"02990706-ec82-46da-b470-931fdad65da4","__parent":"set_dress","position":[586.929688,1878.68579,75.7683487],"annotation":"OBSTACLES","isRenderEnabled":false,"rotationMatrix":[0.123790085,0.992308497,0,-0.992308497,0.123790085,0,0,0,1],"shapeName":"/levels/west_coast_usa/art/shapes/objects/s_chainlink_old.dae","useInstanceRenderData":true}
{"class":"TSStatic","persistentId":"037ac911-eafb-4208-baf5-8ee1be201ef8","__parent":"set_dress","position":[586.682129,1876.70117,75.7683487],"annotation":"OBSTACLES","isRenderEnabled":false,"rotationMatrix":[0.187123835,0.982336521,0,-0.982336521,0.187123835,0,0,0,1],"shapeName":"/levels/west_coast_usa/art/shapes/objects/s_chainlink_old.dae","useInstanceRenderData":true}
{"class":"TSStatic","persistentId":"477b643e-35b4-48df-9bb2-e790b3de1d7b","__parent":"set_dress","position":[586.307861,1874.73645,75.7683487],"annotation":"OBSTACLES","isRenderEnabled":false,"rotationMatrix":[0.214151621,0.976800382,0,-0.976800382,0.214151621,0,0,0,1],"shapeName":"/levels/west_coast_usa/art/shapes/objects/s_chainlink_old.dae","useInstanceRenderData":true}
{"class":"TSStatic","persistentId":"3ccc722f-1168-4991-a406-9a73eeb61a98","__parent":"set_dress","position":[585.879578,1872.78284,75.7683487],"annotation":"OBSTACLES","isRenderEnabled":false,"rotationMatrix":[0.283891082,0.958856583,0,-0.958856583,0.283891082,0,0,0,1],"shapeName":"/levels/west_coast_usa/art/shapes/objects/s_chainlink_old.dae","useInstanceRenderData":true}
{"class":"TSStatic","persistentId":"6f21850b-56c7-4288-b2bd-2568d8c677b7","__parent":"set_dress","position":[585.311768,1870.86511,75.7683487],"annotation":"OBSTACLES","isRenderEnabled":false,"rotationMatrix":[0.400341153,0.916366339,0,-0.916366339,0.400341153,0,0,0,1],"shapeName":"/levels/west_coast_usa/art/shapes/objects/s_chainlink_old.dae","useInstanceRenderData":true}
{"class":"TSStatic","persistentId":"c720a52d-1bb9-42b4-a883-8171b38074cc","__parent":"set_dress","position":[584.511108,1869.03235,75.7683487],"annotation":"OBSTACLES","isRenderEnabled":false,"rotationMatrix":[0.561669588,0.827361584,0,-0.827361584,0.561669588,0,0,0,1],"shapeName":"/levels/west_coast_usa/art/shapes/objects/s_chainlink_old.dae","useInstanceRenderData":true}
{"class":"TSStatic","persistentId":"b6a02a48-49fd-47bc-b143-ec34e523ff4c","__parent":"set_dress","position":[583.387756,1867.37769,75.7683487],"annotation":"OBSTACLES","isRenderEnabled":false,"rotationMatrix":[0.715895891,0.69820708,0,-0.69820708,0.715895891,0,0,0,1],"shapeName":"/levels/west_coast_usa/art/shapes/objects/s_chainlink_old.dae","useInstanceRenderData":true}
{"class":"TSStatic","persistentId":"0fdcaa55-09bc-472f-877f-0a6364c7b7a8","__parent":"set_dress","position":[581.955994,1865.98132,75.7683487],"annotation":"OBSTACLES","isRenderEnabled":false,"rotationMatrix":[0.831302404,0.555820465,0,-0.555820465,0.831302404,0,0,0,1],"shapeName":"/levels/west_coast_usa/art/shapes/objects/s_chainlink_old.dae","useInstanceRenderData":true}
{"class":"TSStatic","persistentId":"1ac6dc55-46c6-4a04-a713-bc956a23b2e4","__parent":"set_dress","position":[580.293396,1864.86963,75.7683487],"annotation":"OBSTACLES","isRenderEnabled":false,"rotationMatrix":[0.931040227,0.364916563,0,-0.364916563,0.931040227,0,0,0,1],"shapeName":"/levels/west_coast_usa/art/shapes/objects/s_chainlink_old.dae","useInstanceRenderData":true}
{"class":"TSStatic","persistentId":"eeb8e7bd-621d-4e77-a0bf-82b57d60f79b","__parent":"set_dress","position":[578.431335,1864.13977,75.7683487],"annotation":"OBSTACLES","isRenderEnabled":false,"rotationMatrix":[0.973899484,0.226979658,0,-0.226979658,0.973899484,0,0,0,1],"shapeName":"/levels/west_coast_usa/art/shapes/objects/s_chainlink_old.dae","useInstanceRenderData":true}
{"class":"TSStatic","persistentId":"e63c033e-ddc8-4afa-85d3-47e76eba9ac9","__parent":"set_dress","position":[576.483521,1863.68579,75.7683487],"annotation":"OBSTACLES","isRenderEnabled":false,"rotationMatrix":[0.991835952,0.127520517,0,-0.127520517,0.991835952,0,0,0,1],"shapeName":"/levels/west_coast_usa/art/shapes/objects/s_chainlink_old.dae","useInstanceRenderData":true}
{"class":"TSStatic","persistentId":"0500506e-a706-40dd-9058-944e191f0924","__parent":"set_dress","position":[574.499878,1863.43079,75.7683487],"annotation":"OBSTACLES","isRenderEnabled":false,"rotationMatrix":[0.996758223,0.0804554746,0,-0.0804554746,0.996758223,0,0,0,1],"shapeName":"/levels/west_coast_usa/art/shapes/objects/s_chainlink_old.dae","useInstanceRenderData":true}
{"class":"TSStatic","persistentId":"42a8eea2-084f-4638-a681-f0358a93e82b","__parent":"set_dress","position":[572.506348,1863.2699,75.7683487],"annotation":"OBSTACLES","isRenderEnabled":false,"rotationMatrix":[0.997917712,0.0644996464,0,-0.0644996464,0.997917712,0,0,0,1],"shapeName":"/levels/west_coast_usa/art/shapes/objects/s_chainlink_old.dae","useInstanceRenderData":true}
{"class":"TSStatic","persistentId":"bbf99bff-13b1-471c-9f73-0cad5db938d6","__parent":"set_dress","position":[570.510498,1863.14087,75.7683487],"annotation":"OBSTACLES","isRenderEnabled":false,"rotationMatrix":[0.996995449,0.0774599537,0,-0.0774599537,0.996995449,0,0,0,1],"shapeName":"/levels/west_coast_usa/art/shapes/objects/s_chainlink_old.dae","useInstanceRenderData":true}
{"class":"TSStatic","persistentId":"6cda212d-97ee-4636-ae45-a7a03301ce84","__parent":"set_dress","position":[568.516479,1862.98596,75.7683487],"annotation":"OBSTACLES","isRenderEnabled":false,"rotationMatrix":[0.997697353,0.0678228587,0,-0.0678228587,0.997697353,0,0,0,1],"shapeName":"/levels/west_coast_usa/art/shapes/objects/s_chainlink_old.dae","useInstanceRenderData":true}
{"class":"TSStatic","persistentId":"7788c465-d838-467e-bc3c-313b0e2a7942","__parent":"set_dress","position":[566.521057,1862.85034,75.7683487],"annotation":"OBSTACLES","isRenderEnabled":false,"rotationMatrix":[0.998381674,0.0568682812,0,-0.0568682812,0.998381674,0,0,0,1],"shapeName":"/levels/west_coast_usa/art/shapes/objects/s_chainlink_old.dae","useInstanceRenderData":true}
{"class":"TSStatic","persistentId":"fcc45b01-057d-4225-826a-ad650133d051","__parent":"set_dress","position":[564.524292,1862.73657,75.7683487],"annotation":"OBSTACLES","isRenderEnabled":false,"rotationMatrix":[0.998692513,0.0511206649,0,-0.0511206649,0.998692513,0,0,0,1],"shapeName":"/levels/west_coast_usa/art/shapes/objects/s_chainlink_old.dae","useInstanceRenderData":true}
{"class":"TSStatic","persistentId":"227a56bf-0700-480d-8c1a-785ca6be8e45","__parent":"set_dress","position":[562.526917,1862.63428,75.7683487],"annotation":"OBSTACLES","isRenderEnabled":false,"rotationMatrix":[0.997917414,0.0645043552,0,-0.0645043552,0.997917414,0,0,0,1],"shapeName":"/levels/west_coast_usa/art/shapes/objects/s_chainlink_old.dae","useInstanceRenderData":true}
{"class":"TSStatic","persistentId":"6ca9fa10-fb80-482a-bbc1-372008b77f3b","__parent":"set_dress","position":[560.531067,1862.50525,75.7683487],"annotation":"OBSTACLES","isRenderEnabled":false,"rotationMatrix":[0.997734606,0.0672730729,0,-0.0672730729,0.997734606,0,0,0,1],"shapeName":"/levels/west_coast_usa/art/shapes/objects/s_chainlink_old.dae","useInstanceRenderData":true}
{"class":"TSStatic","persistentId":"b9398192-2a03-4470-b94b-3826f65f17cb","__parent":"set_dress","position":[558.535583,1862.37073,75.7683487],"annotation":"OBSTACLES","isRenderEnabled":false,"rotationMatrix":[0.998061717,0.0622322522,0,-0.0622322522,0.998061717,0,0,0,1],"shapeName":"/levels/west_coast_usa/art/shapes/objects/s_chainlink_old.dae","useInstanceRenderData":true}
{"class":"TSStatic","persistentId":"04523d61-0205-4ba0-a042-8da8fee79822","__parent":"set_dress","position":[556.53949,1862.24622,75.7683487],"annotation":"OBSTACLES","isRenderEnabled":false,"rotationMatrix":[0.998112082,0.0614184961,0,-0.0614184961,0.998112082,0,0,0,1],"shapeName":"/levels/west_coast_usa/art/shapes/objects/s_chainlink_old.dae","useInstanceRenderData":true}
{"class":"TSStatic","persistentId":"31beeb22-3d07-49ed-b543-74559c34e07f","__parent":"set_dress","position":[554.543274,1862.12341,75.7683487],"annotation":"OBSTACLES","isRenderEnabled":false,"rotationMatrix":[0.999545336,0.0301512163,0,-0.0301512163,0.999545336,0,0,0,1],"shapeName":"/levels/west_coast_usa/art/shapes/objects/s_chainlink_old.dae","useInstanceRenderData":true}
{"class":"TSStatic","persistentId":"e990b36f-b0d7-4d51-bb70-272f31597e6c","__parent":"set_dress","position":[552.544189,1862.06311,75.7683487],"annotation":"OBSTACLES","isRenderEnabled":false,"rotationMatrix":[0.999478519,-0.0322900787,0,0.0322900787,0.999478519,0,0,0,1],"shapeName":"/levels/west_coast_usa/art/shapes/objects/s_chainlink_old.dae","useInstanceRenderData":true}
{"class":"TSStatic","persistentId":"cacec403-5a2b-447e-83aa-62d11200cb0a","__parent":"set_dress","position":[550.545227,1862.12769,75.7683487],"annotation":"OBSTACLES","isRenderEnabled":false,"rotationMatrix":[0.995647252,-0.0932014957,0,0.0932014957,0.995647252,0,0,0,1],"shapeName":"/levels/west_coast_usa/art/shapes/objects/s_chainlink_old.dae","useInstanceRenderData":true}
{"class":"TSStatic","persistentId":"b259efce-b901-457f-a58d-8bf22d577536","__parent":"set_dress","position":[548.553955,1862.31409,75.7683487],"annotation":"OBSTACLES","isRenderEnabled":false,"rotationMatrix":[0.986366868,-0.164561212,0,0.164561212,0.986366868,0,0,0,1],"shapeName":"/levels/west_coast_usa/art/shapes/objects/s_chainlink_old.dae","useInstanceRenderData":true}
{"class":"TSStatic","persistentId":"37170da0-a0e4-4da4-88be-58a34cb690e4","__parent":"set_dress","position":[546.581238,1862.64319,75.7683487],"annotation":"OBSTACLES","isRenderEnabled":false,"rotationMatrix":[0.969590366,-0.244733498,0,0.244733498,0.969590366,0,0,0,1],"shapeName":"/levels/west_coast_usa/art/shapes/objects/s_chainlink_old.dae","useInstanceRenderData":true}
{"class":"TSStatic","persistentId":"ab7eaea6-7206-48e0-a5c1-61602b32b5f5","__parent":"set_dress","position":[544.642029,1863.13269,75.7683487],"annotation":"OBSTACLES","isRenderEnabled":false,"rotationMatrix":[0.923417389,-0.383797318,0,0.383797318,0.923417389,0,0,0,1],"shapeName":"/levels/west_coast_usa/art/shapes/objects/s_chainlink_old.dae","useInstanceRenderData":true}
{"class":"TSStatic","persistentId":"508d90ba-fd43-443e-9d12-bda6184cc8fe","__parent":"set_dress","position":[542.795166,1863.90027,75.7683487],"annotation":"OBSTACLES","isRenderEnabled":false,"rotationMatrix":[0.860033631,-0.510237455,0,0.510237455,0.860033631,0,0,0,1],"shapeName":"/levels/west_coast_usa/art/shapes/objects/s_chainlink_old.dae","useInstanceRenderData":true}
{"class":"TSStatic","persistentId":"edb2ddcb-111a-4d0d-a2cd-ad5742ee9167","__parent":"set_dress","position":[541.075073,1864.92078,75.7683487],"annotation":"OBSTACLES","isRenderEnabled":false,"rotationMatrix":[0.757171214,-0.653216541,0,0.653216541,0.757171214,0,0,0,1],"shapeName":"/levels/west_coast_usa/art/shapes/objects/s_chainlink_old.dae","useInstanceRenderData":true}
{"class":"TSStatic","persistentId":"145e08b8-dd9c-46ab-bc17-9f1057cc3394","__parent":"set_dress","position":[539.56073,1866.22717,75.7683487],"annotation":"OBSTACLES","isRenderEnabled":false,"rotationMatrix":[0.69019264,-0.723625779,0,0.723625779,0.69019264,0,0,0,1],"shapeName":"/levels/west_coast_usa/art/shapes/objects/s_chainlink_old.dae","useInstanceRenderData":true}
{"class":"TSStatic","persistentId":"d6ebc4a1-841d-46f4-ab50-96489cf8fa0b","__parent":"set_dress","position":[593.068848,1862.15063,74.5177841],"decalType":"None","isRenderEnabled":false,"rotationMatrix":[-3.57627869e-07,1,0,-1,-3.57627869e-07,0,0,0,1],"shapeName":"/levels/west_coast_usa/art/shapes/objects/lamp1.dae","useInstanceRenderData":true}
{"class":"TSStatic","persistentId":"37380877-81a0-4fae-b017-6871f21c505a","__parent":"set_dress","position":[578.365417,1856.01587,74.5177841],"decalType":"None","isRenderEnabled":false,"rotationMatrix":[0.999821603,-0.0188890118,0,0.0188889708,0.999819458,0.00206794636,-3.90614587e-05,-0.00206757756,0.999997854],"shapeName":"/levels/west_coast_usa/art/shapes/objects/lamp1.dae","useInstanceRenderData":true}
{"class":"TSStatic","persistentId":"24b8a48c-b162-4206-9bd9-1c5095ae67d5","__parent":"set_dress","position":[552.363037,1856.01587,74.5177841],"decalType":"None","isRenderEnabled":false,"rotationMatrix":[0.996487439,-0.083742395,0,0.083742395,0.996487439,0,0,0,1],"shapeName":"/levels/west_coast_usa/art/shapes/objects/lamp1.dae","useInstanceRenderData":true}
{"class":"TSStatic","persistentId":"f51e4994-3a9f-4602-b542-efcfa970a627","__parent":"set_dress","position":[527.139709,1856.01587,74.5177841],"decalType":"None","isRenderEnabled":false,"rotationMatrix":[0.999994516,1.30542503e-07,-0.00331876334,1.91938052e-05,0.999983072,0.00582272373,0.00331870792,-0.0058227554,0.999977529],"shapeName":"/levels/west_coast_usa/art/shapes/objects/lamp1.dae","useInstanceRenderData":true}
{"class":"TSStatic","persistentId":"d13ef04a-fe3b-4673-8565-896b6c5acbb6","__parent":"set_dress","position":[503.518463,1861.92908,74.5177841],"decalType":"None","isRenderEnabled":false,"rotationMatrix":[0.999967575,1.30538552e-07,-0.00805441849,-1.30542787e-07,1,1.66533454e-16,0.00805441849,1.05144604e-09,0.999967575],"shapeName":"/levels/west_coast_usa/art/shapes/objects/lamp1.dae","useInstanceRenderData":true}
{"class":"TSStatic","persistentId":"039d99d9-7bc1-4b1f-9c49-5c8b5304733b","__parent":"set_dress","position":[485.518463,1861.92908,74.5177841],"decalType":"None","isRenderEnabled":false,"rotationMatrix":[0.999950409,1.30536236e-07,0.00995742809,-1.30542716e-07,1,5.55111512e-17,-0.00995742809,-1.29986977e-09,0.999950409],"shapeName":"/levels/west_coast_usa/art/shapes/objects/lamp1.dae","useInstanceRenderData":true}
{"class":"TSStatic","persistentId":"6c6ce1b8-ae30-4f5f-89ff-0671cf36639a","__parent":"set_dress","position":[468.518463,1861.92908,74.5177841],"decalType":"None","isRenderEnabled":false,"rotationMatrix":[1,1.30542745e-07,0,-1.30542745e-07,1,0,0,0,1],"shapeName":"/levels/west_coast_usa/art/shapes/objects/lamp1.dae","useInstanceRenderData":true}
{"class":"TSStatic","persistentId":"99e63628-bdff-4ec6-ae57-8b52d2a8c3de","__parent":"set_dress","position":[458.047302,1842.9657,74.5177841],"decalType":"None","isRenderEnabled":false,"rotationMatrix":[0.037817657,0.999284625,-0.000318557024,-0.99924922,0.0378190279,0.00841710344,0.0084231291,1.86264515e-09,0.999964535],"shapeName":"/levels/west_coast_usa/art/shapes/objects/lamp1.dae","useInstanceRenderData":true}
{"class":"TSStatic","persistentId":"174c070d-7f56-4ea7-9d7f-f0b4bc1ea627","__parent":"set_dress","position":[458.049438,1822.75439,74.5177841],"decalType":"None","isRenderEnabled":false,"rotationMatrix":[-0.0620105267,0.998075485,4.65661287e-10,-0.998010993,-0.0620064735,0.0113686435,0.0113467649,0.000704975799,0.999935389],"shapeName":"/levels/west_coast_usa/art/shapes/objects/lamp1.dae","useInstanceRenderData":true}
{"class":"TSStatic","persistentId":"8fea7c70-fb65-4d7d-ba39-d1110a2876cb","__parent":"set_dress","position":[457.985504,1803.08875,74.5169754],"decalType":"None","isRenderEnabled":false,"rotationMatrix":[-0.000110864639,0.999985814,0.00534549356,-0.999786139,-2.38418579e-07,-0.0206831787,-0.0206828825,-0.00534664094,0.999771774],"shapeName":"/levels/west_coast_usa/art/shapes/objects/lamp1.dae","useInstanceRenderData":true}
{"class":"TSStatic","persistentId":"f872b3ea-47e8-41a4-8ccb-ce70f7019be2","__parent":"set_dress","position":[458.00119,1782.47852,74.5177841],"decalType":"None","isRenderEnabled":false,"rotationMatrix":[0.0211262107,0.999776661,0,-0.999776661,0.0211262107,0,0,0,1],"shapeName":"/levels/west_coast_usa/art/shapes/objects/lamp1.dae","useInstanceRenderData":true}
{"class":"TSStatic","persistentId":"4bcd098d-d300-4344-ab75-13ee8aaa96a3","__parent":"set_dress","position":[458.06781,1762.99866,74.5177841],"decalType":"None","isRenderEnabled":false,"rotationMatrix":[-0.0173345804,0.999803424,0.00959907938,-0.999802709,-0.0174258947,0.00950961374,0.00967502128,-0.00943234004,0.999908686],"shapeName":"/levels/west_coast_usa/art/shapes/objects/lamp1.dae","useInstanceRenderData":true}
{"class":"TSStatic","persistentId":"259a7898-43b9-4021-ae23-abf1bf03c1af","__parent":"set_dress","position":[458.001038,1745.17542,74.5183487],"decalType":"None","isRenderEnabled":false,"rotationMatrix":[-0.00702083111,0.999861956,-0.0150562208,-0.999940276,-0.0068936348,0.00848052837,0.00837556645,0.0151148625,0.99985069],"shapeName":"/levels/west_coast_usa/art/shapes/objects/lamp1.dae","useInstanceRenderData":true}
{"class":"TSStatic","persistentId":"fd074fe5-b91e-49f3-bf92-ec275fa22a72","__parent":"set_dress","position":[540.455811,1894.15393,76.8442764],"annotation":"TRAFFIC_SIGNS","isRenderEnabled":false,"rotationMatrix":[0.472271621,-0.88138032,0.0113203395,0.88018465,0.470864475,-0.0596781969,0.0472688451,0.0381483063,0.998153448],"scale":[0.590625048,0.590625048,0.590625048],"shapeName":"/levels/west_coast_usa/art/shapes/objects/sign_twoway.dae","useInstanceRenderData":true}
{"class":"TSStatic","persistentId":"40ec6c73-ba97-4db5-a75c-a4303b94f3c7","__parent":"set_dress","position":[561.159973,1899.61584,74.0296555],"isRenderEnabled":false,"scale":[1.81113291,1.81113291,1.81113291],"shapeName":"/levels/west_coast_usa/art/shapes/rocksJV/s_rocks_desert_huge_sheet_1.dae","useInstanceRenderData":true}
{"class":"TSStatic","persistentId":"afc9b3ba-31ff-4f43-97cc-4c2da272e8de","__parent":"set_dress","position":[554.48407,1909.34961,73.6510391],"isRenderEnabled":false,"rotationMatrix":[-0.949771523,-0.312944889,0,0.312944889,-0.949771523,0,0,0,1],"scale":[1.99687505,1.99687505,1.99687505],"shapeName":"/levels/west_coast_usa/art/shapes/rocksJV/s_rocks_desert_huge_sheet_1.dae","useInstanceRenderData":true}
{"class":"DecalRoad","persistentId":"d18b4c65-2d3d-41d4-81c6-16954b62c172","__parent":"set_dress","position":[444.763336,1825.39062,74.6549377],"decalBias":0.0500000007,"distanceFade":[150,100],"improvedSpline":true,"material":"road_rubber_double","nodes":[[444.763336,1825.39062,74.6549377,3],[444.158325,1863.49146,74.6642609,3]],"overObjects":true,"renderPriority":3,"startEndFade":[18,18],"textureLength":24,"zBias":0.00100000005}
{"class":"DecalRoad","persistentId":"2f1e01f3-f808-4b07-bef4-69d4835d4b94","__parent":"set_dress","position":[439.218903,1892.96838,74.6648941],"breakAngle":1,"decalBias":0.0500000007,"distanceFade":[150,100],"endTangent":true,"improvedSpline":true,"material":"AsphaltRoad_track_skidmarks","nodes":[[439.218903,1892.96838,74.6648941,7],[434.032623,1888.17615,74.6570282,7],[433.150116,1879.31152,74.6578827,7],[439.741791,1871.92578,74.6608887,7],[443.949615,1863.24939,74.6563644,7],[443.858582,1848.34619,74.6547318,7],[442.227753,1840.27161,74.6460876,7]],"overObjects":true,"renderPriority":3,"smoothness":0.600000024,"startEndFade":[45,45],"startTangent":true,"textureLength":40,"zBias":0.00100000005}
{"class":"DecalRoad","persistentId":"6ffb7256-0e32-4fc9-b431-d25d3e3daca2","__parent":"set_dress","position":[532.282104,1890.4165,74.7634735],"breakAngle":1,"detail":0.200000003,"distanceFade":[200,50],"improvedSpline":true,"material":"line_white","nodes":[[532.282104,1890.4165,74.7634735,0.400000006],[533.250671,1888.76917,74.7507248,0.400000006],[533.890259,1887.13928,74.7507324,0.400000006],[534.27478,1885.44849,74.7147064,0.400000006]],"overObjects":true,"renderPriority":9,"textureLength":12}
{"class":"DecalRoad","persistentId":"7cb55099-3d7f-408e-abc5-b7708959a784","__parent":"set_dress","position":[447.331451,1819.49756,74.6534042],"decalBias":0.0500000007,"distanceFade":[150,100],"improvedSpline":true,"material":"road_rubber_double","nodes":[[447.331451,1819.49756,74.6534042,3],[447.044586,1850.79834,74.6452408,3]],"overObjects":true,"renderPriority":3,"startEndFade":[18,18],"textureLength":24,"zBias":0.00100000005}
{"class":"DecalRoad","persistentId":"6dd3a24f-dbaf-4834-9cbf-39004eb51f65","__parent":"set_dress","position":[444.614441,1818.47058,74.6524277],"decalBias":0.0500000007,"distanceFade":[150,100],"improvedSpline":true,"material":"road_rubber_double","nodes":[[444.614441,1818.47058,74.6524277,3],[445.25827,1768.96252,74.6517487,3]],"overObjects":true,"renderPriority":3,"startEndFade":[18,18],"textureLength":24,"zBias":0.00100000005}
{"class":"DecalRoad","persistentId":"fad8e357-7c2c-42c2-a994-633f8dc814ee","__parent":"set_dress","position":[501.755249,1895.22424,74.6593475],"decalBias":0.0500000007,"distanceFade":[150,100],"improvedSpline":true,"material":"road_rubber_double","nodes":[[501.755249,1895.22424,74.6593475,3],[477.016327,1894.01599,74.6602554,3]],"overObjects":true,"renderPriority":3,"startEndFade":[18,18],"textureLength":24,"zBias":0.00100000005}
{"class":"DecalRoad","persistentId":"4bc9efc5-0878-4081-b54d-82d05cbe91a8","__parent":"set_dress","position":[434.381195,1888.86951,74.6640701],"decalBias":0.0500000007,"distanceFade":[150,100],"improvedSpline":true,"material":"road_rubber_double","nodes":[[434.381195,1888.86951,74.6640701,3],[429.297424,1882.52881,74.6619415,3],[431.51181,1873.33679,74.6577682,3],[439.712677,1870.31152,74.664444,3]],"overObjects":true,"renderPriority":3,"startEndFade":[18,18],"textureLength":24,"zBias":0.00100000005}
{"class":"DecalRoad","persistentId":"32183115-99dc-48b6-a307-01ef7c4e9034","__parent":"set_dress","position":[443.819031,1875.04321,74.6727753],"decalBias":0.0500000007,"distanceFade":[150,100],"improvedSpline":true,"material":"road_rubber_double","nodes":[[443.819031,1875.04321,74.6727753,3],[466.643768,1878.08423,74.6954651,3]],"overObjects":true,"renderPriority":3,"startEndFade":[8,8],"textureLength":24,"zBias":0.00100000005}
{"class":"DecalRoad","persistentId":"0ee8083a-0fd8-4b40-a188-dae9db211366","__parent":"set_dress","position":[523.927429,1903.35547,74.7774734],"decalBias":0.0500000007,"distanceFade":[150,100],"improvedSpline":true,"material":"road_rubber_double","nodes":[[523.927429,1903.35547,74.7774734,3],[529.781372,1897.42432,74.7733154,3],[529.497375,1893.18225,74.7452927,3],[525.773499,1889.98621,74.6751938,3],[520.375427,1888.26086,74.6523895,3]],"overObjects":true,"renderPriority":3,"startEndFade":[18,18],"textureLength":24,"zBias":0.00100000005}
{"class":"DecalRoad","persistentId":"74d7a036-05cd-41d5-9de1-29b430342643","__parent":"set_dress","position":[516.842285,1880.25977,74.667717],"decalBias":0.0500000007,"distanceFade":[150,100],"improvedSpline":true,"material":"road_rubber_double","nodes":[[516.842285,1880.25977,74.667717,3],[527.583069,1884.69836,74.7341156,3],[535.549927,1889.95581,74.7627258,3],[535.115051,1896.4126,74.8001022,3]],"overObjects":true,"renderPriority":3,"startEndFade":[18,18],"textureLength":24,"zBias":0.00100000005}
{"class":"DecalRoad","persistentId":"c2524619-6f3a-4551-a796-15876c646b19","__parent":"set_dress","position":[519.437622,1882.25964,74.6639938],"decalBias":0.0500000007,"distanceFade":[150,100],"improvedSpline":true,"material":"road_rubber_double","nodes":[[519.437622,1882.25964,74.6639938,3],[528.30835,1885.58313,74.7002411,3],[534.48053,1888.28088,74.7154083,3],[537.993835,1884.72131,74.7677231,3],[538.102844,1877.71436,74.7377853,3],[540.124512,1872.11194,74.7249069,3]],"overObjects":true,"renderPriority":3,"startEndFade":[18,18],"textureLength":24,"zBias":0.00100000005}
{"class":"DecalRoad","persistentId":"f08c18ad-004e-49e3-8a31-43155aac9d1b","__parent":"set_dress","position":[540.522522,1885.12329,74.7746429],"decalBias":0.0500000007,"distanceFade":[150,100],"improvedSpline":true,"material":"road_rubber_double","nodes":[[540.522522,1885.12329,74.7746429,3],[537.751709,1891.573,74.7889099,3],[533.034668,1894.2135,74.7772675,3],[526.88739,1891.67749,74.7250137,3]],"overObjects":true,"renderPriority":3,"startEndFade":[18,18],"textureLength":24,"zBias":0.00100000005}
{"class":"DecalRoad","persistentId":"b9af7064-4568-42a2-b044-f58325f28957","__parent":"set_dress","position":[515.697144,1890.65125,74.6529846],"decalBias":0.0500000007,"distanceFade":[150,100],"improvedSpline":true,"material":"road_rubber_double","nodes":[[515.697144,1890.65125,74.6529846,3],[507.70816,1897.62451,74.6681213,3],[496.332886,1895.95129,74.6667557,3]],"overObjects":true,"renderPriority":3,"startEndFade":[18,18],"textureLength":24,"zBias":0.00100000005}
{"class":"DecalRoad","persistentId":"2b01204c-de7e-4b2d-9e49-7c5453c81f0f","__parent":"set_dress","position":[494.20166,1878.0697,74.6855621],"decalBias":0.0500000007,"distanceFade":[150,100],"improvedSpline":true,"material":"road_rubber_double","nodes":[[494.20166,1878.0697,74.6855621,3],[493.982361,1863.24719,74.6526489,3]],"overObjects":true,"renderPriority":3,"startEndFade":[18,18],"textureLength":24,"zBias":0.00100000005}
