{"class":"TSStatic","persistentId":"6a935f98-8de6-496f-911c-e2ca9c8bb38a","__parent":"docks_securityCameras","position":[461.169891,1629.85913,79.2197037],"decalType":"None","isRenderEnabled":false,"rotationMatrix":[-0.590304732,-0.807180464,0,0.794488966,-0.581023335,0.176633075,-0.142574757,0.104267344,0.984276772],"shapeName":"/levels/west_coast_usa/art/shapes/objects/s_camera_light1.dae","useInstanceRenderData":true}
{"class":"TSStatic","persistentId":"0959a690-f67d-4869-8b6f-80cf632ef136","__parent":"docks_securityCameras","position":[461.558258,1629.52698,78.9766159],"decalType":"None","isRenderEnabled":false,"rotationMatrix":[0.706008613,-0.708203197,0,0.708203197,0.706008613,0,0,0,1],"scale":[0.635528564,0.635528564,0.635528564],"shapeName":"/levels/west_coast_usa/art/shapes/objects/s_camera_elbow.dae","useInstanceRenderData":true}
{"class":"TSStatic","persistentId":"cf29586b-6bbb-4062-993c-d0c05b8e8f79","__parent":"docks_securityCameras","position":[461.618347,1629.43469,74.5818634],"annotation":"POLE","decalType":"None","isRenderEnabled":false,"rotationMatrix":[0.706008613,-0.708203197,0,0.708203197,0.706008613,0,0,0,1],"shapeName":"/levels/west_coast_usa/art/shapes/objects/s_camera_pole.dae","useInstanceRenderData":true}
{"class":"TSStatic","persistentId":"da74f160-a18c-496a-b0e2-77464755f906","__parent":"docks_securityCameras","position":[461.701447,1629.35876,79.0195084],"decalType":"None","isRenderEnabled":false,"rotationMatrix":[-0.706008554,0.708202899,0,-0.708202899,-0.706008554,0,0,0,1],"scale":[0.635528564,0.635528564,0.635528564],"shapeName":"/levels/west_coast_usa/art/shapes/objects/s_camera_elbow.dae","useInstanceRenderData":true}
{"class":"TSStatic","persistentId":"f5aa6a83-9a01-4d31-9722-044deac9ba8e","__parent":"docks_securityCameras","position":[461.700989,1629.14697,79.2668839],"decalType":"None","isRenderEnabled":false,"rotationMatrix":[-0.00155174732,-0.999998748,0,0.995397985,-0.00154459476,0.0958145857,-0.0958144739,0.000148680061,0.995399177],"shapeName":"/levels/west_coast_usa/art/shapes/objects/s_camera_light1.dae","useInstanceRenderData":true}
{"class":"TSStatic","persistentId":"c6af6544-f2d5-4295-9e3c-de772453aceb","__parent":"docks_securityCameras","position":[476.938873,1618.07666,79.7535248],"isRenderEnabled":false,"scale":[0.635528564,0.635528564,0.635528564],"shapeName":"/levels/west_coast_usa/art/shapes/objects/s_camera_elbow.dae","useInstanceRenderData":true}
{"class":"TSStatic","persistentId":"fd8b2e2a-77d2-4788-b732-1fb52967ed7b","__parent":"docks_securityCameras","position":[476.396088,1618.01892,79.8838959],"isRenderEnabled":false,"rotationMatrix":[0.221924961,-0.974808931,0.0222935826,0.880844235,0.21023345,0.424164563,-0.41816622,-0.0744955838,0.90531069],"shapeName":"/levels/west_coast_usa/art/shapes/objects/s_camera_light1.dae","useInstanceRenderData":true}
{"class":"TSStatic","persistentId":"0a617cf8-6829-4708-b0af-d966b135a57c","__parent":"docks_securityCameras","position":[476.396088,1623.0647,79.8838959],"isRenderEnabled":false,"rotationMatrix":[0.221924961,-0.974808931,0.0222935826,0.880844235,0.21023345,0.424164563,-0.41816622,-0.0744955838,0.90531069],"shapeName":"/levels/west_coast_usa/art/shapes/objects/s_camera_light1.dae","useInstanceRenderData":true}
{"class":"TSStatic","persistentId":"70b80d6d-e75a-4afa-bc9a-c58dc0cb03ce","__parent":"docks_securityCameras","position":[476.938873,1623.12244,79.7535248],"isRenderEnabled":false,"scale":[0.635528564,0.635528564,0.635528564],"shapeName":"/levels/west_coast_usa/art/shapes/objects/s_camera_elbow.dae","useInstanceRenderData":true}
{"class":"TSStatic","persistentId":"b3539166-b12d-4aa1-88fc-c71116f09768","__parent":"docks_securityCameras","position":[476.396088,1613.02246,79.8838959],"isRenderEnabled":false,"rotationMatrix":[0.221924961,-0.974808931,0.0222935826,0.880844235,0.21023345,0.424164563,-0.41816622,-0.0744955838,0.90531069],"shapeName":"/levels/west_coast_usa/art/shapes/objects/s_camera_light1.dae","useInstanceRenderData":true}
{"class":"TSStatic","persistentId":"b983fd49-4fb7-4e96-878b-74d1caad1a36","__parent":"docks_securityCameras","position":[476.938873,1613.0802,79.7535248],"isRenderEnabled":false,"scale":[0.635528564,0.635528564,0.635528564],"shapeName":"/levels/west_coast_usa/art/shapes/objects/s_camera_elbow.dae","useInstanceRenderData":true}
{"class":"TSStatic","persistentId":"8fe4b48e-9ae0-4ce7-ae41-d0391c7141df","__parent":"docks_securityCameras","position":[428.23645,1602.52222,79.0195084],"isRenderEnabled":false,"rotationMatrix":[-0.193102479,0.98117888,0,-0.98117888,-0.193102479,0,0,0,1],"scale":[0.635528564,0.635528564,0.635528564],"shapeName":"/levels/west_coast_usa/art/shapes/objects/s_camera_elbow.dae","useInstanceRenderData":true}
{"class":"TSStatic","persistentId":"8042128d-b3ea-4cfd-ad74-0101f1915c2a","__parent":"docks_securityCameras","position":[428.118347,1602.34644,79.2668839],"isRenderEnabled":false,"rotationMatrix":[-0.557254314,-0.830341816,7.4505806e-09,0.826521635,-0.55469048,0.0958145931,-0.0795588642,0.0533931032,0.995399177],"shapeName":"/levels/west_coast_usa/art/shapes/objects/s_camera_light1.dae","useInstanceRenderData":true}
{"class":"TSStatic","persistentId":"f02ab5e8-174e-4e00-a014-3854c8024546","__parent":"docks_securityCameras","position":[428.210968,1602.7417,78.9766159],"isRenderEnabled":false,"rotationMatrix":[0.193101823,-0.981178761,0,0.981178761,0.193101823,0,0,0,1],"scale":[0.635528564,0.635528564,0.635528564],"shapeName":"/levels/west_coast_usa/art/shapes/objects/s_camera_elbow.dae","useInstanceRenderData":true}
{"class":"TSStatic","persistentId":"7aabd054-ce67-4359-ab70-04ab28010e3e","__parent":"docks_securityCameras","position":[428.072815,1603.23364,79.2197037],"isRenderEnabled":false,"rotationMatrix":[-0.939429045,-0.342743963,7.4505806e-09,0.337354928,-0.924658298,0.17663309,-0.0605399124,0.165934235,0.984276772],"shapeName":"/levels/west_coast_usa/art/shapes/objects/s_camera_light1.dae","useInstanceRenderData":true}
{"class":"TSStatic","persistentId":"05afd78b-5057-4112-8f65-47d976e0a0a9","__parent":"docks_securityCameras","position":[428.209595,1602.63159,74.5818634],"annotation":"POLE","decalType":"None","isRenderEnabled":false,"rotationMatrix":[0.193101823,-0.981178761,0,0.981178761,0.193101823,0,0,0,1],"shapeName":"/levels/west_coast_usa/art/shapes/objects/s_camera_pole.dae","useInstanceRenderData":true}
{"class":"TSStatic","persistentId":"74b591cb-f25d-43d4-87f2-489aa34666d8","__parent":"docks_securityCameras","position":[425.605927,1641.92566,72.816864],"annotation":"POLE","isRenderEnabled":false,"rotationMatrix":[0.0995338559,-0.995034039,0,0.995034039,0.0995338559,0,0,0,1],"shapeName":"/levels/west_coast_usa/art/shapes/objects/s_camera_pole.dae","useInstanceRenderData":true}
{"class":"TSStatic","persistentId":"eb8fb755-6d84-44f9-8925-bb893c778bf4","__parent":"docks_securityCameras","position":[491.899994,1588.13928,78.7920074],"isRenderEnabled":false,"rotationMatrix":[-0.0107710361,0.999725163,0.0208287835,-0.99982065,-0.0104427338,-0.0158057772,-0.0155839212,-0.0209952891,0.999658108],"scale":[0.635528564,0.635528564,0.635528564],"shapeName":"/levels/west_coast_usa/art/shapes/objects/s_camera_elbow.dae","useInstanceRenderData":true}
{"class":"TSStatic","persistentId":"745789be-1625-400c-bbb2-772ceb0ff1c0","__parent":"docks_securityCameras","position":[492.003784,1588.34485,74.358139],"annotation":"POLE","isRenderEnabled":false,"rotationMatrix":[0.0107693076,-0.999725103,-0.0208287928,0.99982059,0.0104410052,0.0158057511,-0.0155839305,-0.0209952742,0.999658108],"shapeName":"/levels/west_coast_usa/art/shapes/objects/s_camera_pole.dae","useInstanceRenderData":true}
{"class":"TSStatic","persistentId":"1addbac7-e49c-4599-aef4-39cc836ea386","__parent":"docks_securityCameras","position":[491.728333,1587.85657,79.0179901],"isRenderEnabled":false,"rotationMatrix":[-0.0923774242,-0.995692849,-0.00791308284,0.989802003,-0.092690587,0.108170457,-0.108437993,0.00216010213,0.994100869],"shapeName":"/levels/west_coast_usa/art/shapes/objects/s_camera_light1.dae","useInstanceRenderData":true}
{"class":"TSStatic","persistentId":"0b56ed79-8b1a-4acb-8c7e-f3be8e6d346c","__parent":"docks_securityCameras","position":[558.549316,1626.54932,83.6112595],"decalType":"None","isRenderEnabled":false,"rotationMatrix":[-8.74227695e-08,-0.999999881,0,0.999999881,-8.74227695e-08,0,0,0,0.999999881],"scale":[0.635528564,0.635528564,0.635528564],"shapeName":"/levels/west_coast_usa/art/shapes/objects/s_camera_elbow.dae","useInstanceRenderData":true}
{"class":"TSStatic","persistentId":"4253bc6c-3f9e-4339-971a-e4e61e6b5809","__parent":"docks_securityCameras","position":[558.332458,1626.84644,83.8533249],"decalType":"None","isRenderEnabled":false,"rotationMatrix":[-0.00155198574,-0.999998927,0,0.99199605,-0.00153946877,0.126260459,-0.12626031,0.000195935369,0.991997123],"shapeName":"/levels/west_coast_usa/art/shapes/objects/s_camera_light1.dae","useInstanceRenderData":true}
{"class":"TSStatic","persistentId":"ba7b47e0-76fd-43fa-beee-78922022378c","__parent":"docks_securityCameras","position":[558.759644,1626.89856,83.3658752],"decalType":"None","isRenderEnabled":false,"rotationMatrix":[-0.246407032,0.969151378,0.00542169437,-0.960709929,-0.244990587,0.130446464,0.12775062,0.0269342363,0.991440535],"shapeName":"/levels/west_coast_usa/art/shapes/objects/s_camera_light1.dae","useInstanceRenderData":true}
{"class":"TSStatic","persistentId":"47be8f7e-e06b-41e6-9b73-21e45d17092a","__parent":"docks_securityCameras","position":[558.549316,1626.54932,83.1252213],"decalType":"None","isRenderEnabled":false,"rotationMatrix":[-8.74227695e-08,-0.999999881,0,0.999999881,-8.74227695e-08,0,0,0,0.999999881],"scale":[0.635528564,0.635528564,0.635528564],"shapeName":"/levels/west_coast_usa/art/shapes/objects/s_camera_elbow.dae","useInstanceRenderData":true}
{"class":"TSStatic","persistentId":"0f6c0f35-a884-4ad3-83fc-8e7065be0c1c","__parent":"docks_securityCameras","position":[648.221008,1721.28723,82.1266327],"decalType":"None","isRenderEnabled":false,"rotationMatrix":[-8.74227695e-08,-0.999999881,0,0.999999881,-8.74227695e-08,0,0,0,0.999999881],"scale":[0.635528564,0.635528564,0.635528564],"shapeName":"/levels/west_coast_usa/art/shapes/objects/s_camera_elbow.dae","useInstanceRenderData":true}
{"class":"TSStatic","persistentId":"2c3f79e9-8e60-40d4-92c7-afa658aad7a2","__parent":"docks_securityCameras","position":[648.00415,1721.58435,82.3686981],"decalType":"None","isRenderEnabled":false,"rotationMatrix":[-0.00155198574,-0.999998927,0,0.99199605,-0.00153946877,0.126260459,-0.12626031,0.000195935369,0.991997123],"shapeName":"/levels/west_coast_usa/art/shapes/objects/s_camera_light1.dae","useInstanceRenderData":true}
{"class":"TSStatic","persistentId":"ab6b8905-13a5-475e-b244-f73c9ea14e59","__parent":"docks_securityCameras","position":[477.634399,1606.08984,79.2668839],"isRenderEnabled":false,"rotationMatrix":[-0.902460814,0.430772811,-3.7252903e-09,-0.428790897,-0.898308754,0.0958146155,0.0412743203,0.0864689052,0.995399177],"shapeName":"/levels/west_coast_usa/art/shapes/objects/s_camera_light1.dae","useInstanceRenderData":true}
{"class":"TSStatic","persistentId":"e2b01f32-e972-4f61-a306-8af392460709","__parent":"docks_securityCameras","position":[477.825562,1605.99841,79.0195084],"isRenderEnabled":false,"rotationMatrix":[0.942737937,0.3335343,0,-0.3335343,0.942737937,0,0,0,1],"scale":[0.635528564,0.635528564,0.635528564],"shapeName":"/levels/west_coast_usa/art/shapes/objects/s_camera_elbow.dae","useInstanceRenderData":true}
{"class":"TSStatic","persistentId":"85041055-d8b1-4425-bf01-3a5fcd0d8e47","__parent":"docks_securityCameras","position":[477.92984,1606.04089,74.5818634],"annotation":"POLE","decalType":"None","isRenderEnabled":false,"rotationMatrix":[-0.942738056,-0.333533496,0,0.333533496,-0.942738056,0,0,0,1],"shapeName":"/levels/west_coast_usa/art/shapes/objects/s_camera_pole.dae","useInstanceRenderData":true}
{"class":"TSStatic","persistentId":"ca1da8b3-254f-444f-9e09-935e5c8bdb42","__parent":"docks_securityCameras","position":[478.038971,1606.05554,78.9766159],"isRenderEnabled":false,"rotationMatrix":[-0.942738056,-0.333533496,0,0.333533496,-0.942738056,0,0,0,1],"scale":[0.635528564,0.635528564,0.635528564],"shapeName":"/levels/west_coast_usa/art/shapes/objects/s_camera_elbow.dae","useInstanceRenderData":true}
{"class":"TSStatic","persistentId":"97b3d813-872c-4eb4-a0c7-757d5fba6bf2","__parent":"docks_securityCameras","position":[478.505615,1606.26379,79.2197037],"isRenderEnabled":false,"rotationMatrix":[-0.475528359,0.879700303,1.49011612e-07,-0.865868568,-0.468051553,0.176633179,0.155384332,0.0839939713,0.984276772],"shapeName":"/levels/west_coast_usa/art/shapes/objects/s_camera_light1.dae","useInstanceRenderData":true}
{"class":"TSStatic","persistentId":"97b3d813-872c-4eb4-a0c7-757d5fba6bf2","__parent":"docks_securityCameras","position":[477.144775,1602.54053,78.321106],"isRenderEnabled":false,"rotationMatrix":[0.167758942,-0.985828102,1.1920929e-07,0.970327675,0.165121257,0.176633194,-0.174129978,-0.0296317041,0.984276772],"shapeName":"/levels/west_coast_usa/art/shapes/objects/s_camera_light1.dae","useInstanceRenderData":true}
{"class":"TSStatic","persistentId":"ca1da8b3-254f-444f-9e09-935e5c8bdb42","__parent":"docks_securityCameras","position":[477.653564,1602.58777,78.0780182],"isRenderEnabled":false,"rotationMatrix":[0.999914944,0.0130406795,0,-0.0130406795,0.999914944,0,0,0,1],"scale":[0.635528564,0.635528564,0.635528564],"shapeName":"/levels/west_coast_usa/art/shapes/objects/s_camera_elbow.dae","useInstanceRenderData":true}
{"class":"TSStatic","persistentId":"85041055-d8b1-4425-bf01-3a5fcd0d8e47","__parent":"docks_securityCameras","position":[477.761627,1602.56665,73.6832657],"annotation":"POLE","decalType":"None","isRenderEnabled":false,"rotationMatrix":[0.999914944,0.0130406795,0,-0.0130406795,0.999914944,0,0,0,1],"shapeName":"/levels/west_coast_usa/art/shapes/objects/s_camera_pole.dae","useInstanceRenderData":true}
{"class":"TSStatic","persistentId":"e2b01f32-e972-4f61-a306-8af392460709","__parent":"docks_securityCameras","position":[477.874023,1602.57336,78.1209106],"isRenderEnabled":false,"rotationMatrix":[-0.999915361,-0.0130415196,0,0.0130415196,-0.999915361,0,0,0,1],"scale":[0.635528564,0.635528564,0.635528564],"shapeName":"/levels/west_coast_usa/art/shapes/objects/s_camera_elbow.dae","useInstanceRenderData":true}
{"class":"TSStatic","persistentId":"ab6b8905-13a5-475e-b244-f73c9ea14e59","__parent":"docks_securityCameras","position":[478.025696,1602.42542,78.3682861],"isRenderEnabled":false,"rotationMatrix":[0.716267824,-0.69782567,3.7252903e-09,0.694615126,0.712972403,0.0958146304,-0.0668618828,-0.0686289519,0.995399177],"shapeName":"/levels/west_coast_usa/art/shapes/objects/s_camera_light1.dae","useInstanceRenderData":true}
