{"class":"TSStatic","persistentId":"5be58f71-e9b8-44ed-9378-531f1053fa2e","__parent":"trail_010","position":[-366.01532,-58.4944382,263.791199],"isRenderEnabled":false,"rotationMatrix":[0.448701382,0,0.893681884,0,1,0,-0.893681884,0,0.448701382],"shapeName":"/levels/johnson_valley/art/shapes/rocks/s_rocks_desert_medium_01.dae","useInstanceRenderData":true}
{"class":"TSStatic","persistentId":"15a4637f-0449-4789-a721-29d084a5ec5d","__parent":"trail_010","position":[-362.538391,-53.6590805,263.132385],"isRenderEnabled":false,"rotationMatrix":[-0.414031982,0.910262644,0,-0.910262644,-0.414031982,0,0,0,1],"shapeName":"/levels/johnson_valley/art/shapes/rocks/s_rocks_desert_medium_03.dae","useInstanceRenderData":true}
{"class":"TSStatic","persistentId":"84191bd8-eb1b-4a0b-a647-1bab5dd2ed9f","__parent":"trail_010","position":[-359.669037,-55.0370026,261.652161],"isRenderEnabled":false,"rotationMatrix":[0.44539088,0.883820057,0.143141106,-0.874108434,0.39463079,0.283198386,0.193808451,-0.251254827,0.948319197],"shapeName":"/levels/johnson_valley/art/shapes/rocks/s_rocks_desert_large_06.dae","useInstanceRenderData":true}
{"class":"TSStatic","persistentId":"c541681e-f620-4f9b-8343-666dd558833a","__parent":"trail_010","position":[-361.277527,-56.3714638,261.270752],"isRenderEnabled":false,"rotationMatrix":[0.442563951,0.896611273,-0.0150091425,-0.892338336,0.438675702,-0.106281511,-0.0887090638,0.0604295954,0.99422282],"shapeName":"/levels/johnson_valley/art/shapes/rocks/s_rocks_desert_large_04.dae","useInstanceRenderData":true}
{"class":"TSStatic","persistentId":"60cadf40-7519-4bf3-84b4-1e600086df2a","__parent":"trail_010","position":[-360.57547,-60.3445587,261.10672],"isRenderEnabled":false,"shapeName":"/levels/johnson_valley/art/shapes/rocks/s_rocks_desert_large_06.dae","useInstanceRenderData":true}
{"class":"TSStatic","persistentId":"30104c33-05f1-4b79-819a-bc06677b48bd","__parent":"trail_010","position":[-360.151306,-57.045414,261.475067],"isRenderEnabled":false,"rotationMatrix":[0.430221736,-0.90099442,-0.055841092,0.893499494,0.433830559,-0.115972728,0.128716365,-3.7252903e-09,0.991681457],"shapeName":"/levels/johnson_valley/art/shapes/rocks/s_rocks_desert_low_flat_01.dae","useInstanceRenderData":true}
{"class":"TSStatic","persistentId":"4a6a4387-59f1-4fe7-af2b-aef19afa8702","__parent":"trail_010","position":[-355.126465,-61.963913,259.301605],"isRenderEnabled":false,"rotationMatrix":[0.724970102,0.687900245,-0.034809906,-0.673741281,0.718737841,0.171722949,0.143147439,-0.101041138,0.984530091],"shapeName":"/levels/johnson_valley/art/shapes/rocks/s_rocks_desert_low_small.dae","useInstanceRenderData":true}
{"class":"TSStatic","persistentId":"34f18c2a-95ca-45e9-993a-f37051573006","__parent":"trail_010","position":[-357.468994,-56.6546555,260.179108],"isRenderEnabled":false,"shapeName":"/levels/johnson_valley/art/shapes/rocks/s_rocks_desert_large_07.dae","useInstanceRenderData":true}
{"class":"TSStatic","persistentId":"16f1ba07-2c1a-4d3e-94b2-88f31f856744","__parent":"trail_010","position":[-358.140991,-55.1908569,259.788757],"isRenderEnabled":false,"rotationMatrix":[0.659994543,0.751270473,0,-0.751270473,0.659994543,0,0,0,1],"shapeName":"/levels/johnson_valley/art/shapes/rocks/s_rocks_desert_large_02.dae","useInstanceRenderData":true}
{"class":"TSStatic","persistentId":"01b1c3e0-8cf2-4649-b417-c99d3848cae2","__parent":"trail_010","position":[-358.095825,-51.9912796,258.711975],"isRenderEnabled":false,"rotationMatrix":[0.156799853,0.826258123,-0.541028202,-0.900834143,0.344213188,0.264604032,0.404860258,0.445886731,0.798293948],"shapeName":"/levels/johnson_valley/art/shapes/rocks/s_rocks_desert_huge_sheet_2.dae","useInstanceRenderData":true}
{"class":"TSStatic","persistentId":"70618e17-8fdd-4225-b7ec-5819ec823736","__parent":"trail_010","position":[-421.435913,-43.8101349,275.069427],"isRenderEnabled":false,"rotationMatrix":[0.991448283,0.0138223758,-0.129766122,0.0313537456,0.940018475,0.339679599,0.126677737,-0.340843379,0.93154633],"shapeName":"/levels/johnson_valley/art/shapes/rocks/s_rocks_desert_collection_02.dae","useInstanceRenderData":true}
{"class":"TSStatic","persistentId":"e57e3738-b5c1-4bda-972f-cc1597005a79","__parent":"trail_010","position":[-416.307739,-42.5173302,274.323853],"isRenderEnabled":false,"rotationMatrix":[0.943226814,-0.313944548,-0.108452782,0.309862703,0.94929868,-0.0530767813,0.119617254,0.0164579768,0.992683649],"shapeName":"/levels/johnson_valley/art/shapes/rocks/s_rocks_desert_low_flat_01.dae","useInstanceRenderData":true}
{"class":"TSStatic","persistentId":"121a4efa-a8fa-447a-92a8-7c6abba6a882","__parent":"trail_010","position":[-415.238922,-39.6401482,275.008667],"isRenderEnabled":false,"rotationMatrix":[0.347920895,-0.406001747,0.84505254,0.296204209,0.902799726,0.31179437,-0.889502227,0.141828299,0.434362292],"shapeName":"/levels/johnson_valley/art/shapes/rocks/s_rocks_desert_medium_01.dae","useInstanceRenderData":true}
{"class":"TSStatic","persistentId":"71c51d02-8897-415a-acfa-13d0e365e171","__parent":"trail_010","position":[-419.644806,-43.333313,275.196411],"isRenderEnabled":false,"rotationMatrix":[0.99999845,0.000264783914,-0.00172534806,1.45519152e-11,0.988427937,0.151691049,0.00174554752,-0.151690811,0.988426447],"shapeName":"/levels/johnson_valley/art/shapes/rocks/s_rocks_desert_medium_05.dae","useInstanceRenderData":true}
{"class":"TSStatic","persistentId":"bbb3c4bc-9cb7-4ed1-9618-d4646879fdd3","__parent":"trail_010","position":[-418.865295,-43.3031311,273.673889],"isRenderEnabled":false,"rotationMatrix":[0.831910729,0.54699719,0.0933738649,-0.539885759,0.836736321,-0.0916284323,-0.128249794,0.0258154608,0.991405845],"shapeName":"/levels/johnson_valley/art/shapes/rocks/s_rocks_desert_large_05.dae","useInstanceRenderData":true}
{"class":"TSStatic","persistentId":"2b554ca9-c429-46be-a612-7d2dec5ae1e5","__parent":"trail_010","position":[-417.877441,-38.9442444,275.281372],"isRenderEnabled":false,"rotationMatrix":[-0.913859129,0.380270988,-0.142326742,-0.403088003,-0.807525277,0.430609107,0.0488157235,0.450885952,0.891245723],"scale":[0.751306295,0.751306295,0.751306295],"shapeName":"/levels/johnson_valley/art/shapes/rocks/s_rocks_desert_large_05.dae","useInstanceRenderData":true}
{"class":"TSStatic","persistentId":"4ca062ed-f35f-4bb2-b7e6-376aca9bd567","__parent":"trail_010","position":[-417.2854,-40.3663101,274.835266],"isRenderEnabled":false,"rotationMatrix":[0.21739471,0.961219609,0.169697449,-0.871512473,0.112857342,0.477210879,0.439552486,-0.251636684,0.862248659],"scale":[0.652685404,0.652685404,0.652685404],"shapeName":"/levels/johnson_valley/art/shapes/rocks/s_rocks_desert_huge_sheet_3.dae","useInstanceRenderData":true}
{"class":"TSStatic","persistentId":"a0a282dd-b954-419c-b28e-fa794e70ba3a","__parent":"trail_010","position":[-419.95816,-41.4469643,274.730743],"isRenderEnabled":false,"rotationMatrix":[0.883035421,-0.463330984,0.0746517181,0.46895653,0.877283037,-0.102245927,-0.0181169696,0.125295192,0.991954088],"scale":[0.835986376,0.835986376,0.835986376],"shapeName":"/levels/johnson_valley/art/shapes/rocks/s_rocks_desert_large_07.dae","useInstanceRenderData":true}
{"class":"TSStatic","persistentId":"8cf81ea7-d028-404e-8cdb-dc90203ee905","__parent":"trail_010","position":[-415.073944,-40.9764137,274.406006],"isRenderEnabled":false,"rotationMatrix":[0.990502179,0.0343706086,-0.133131862,-0.017157821,0.991581559,0.128342003,0.136422276,-0.124838777,0.982753396],"shapeName":"/levels/johnson_valley/art/shapes/rocks/s_rocks_desert_low_small.dae","useInstanceRenderData":true}
{"class":"TSStatic","persistentId":"33016560-72b2-4257-83bf-3ec92bf475bd","__parent":"trail_010","position":[-420.956085,-41.3968964,274.889282],"isRenderEnabled":false,"rotationMatrix":[0.303066611,0.951377153,-0.0550665185,-0.911890745,0.272735357,-0.306709975,-0.276778221,0.143168211,0.950208783],"shapeName":"/levels/johnson_valley/art/shapes/rocks/s_rocks_desert_large_04.dae","useInstanceRenderData":true}
{"class":"TSStatic","persistentId":"7f0cce59-8139-459c-8192-06d732cb487b","__parent":"trail_010","position":[-426.139099,-38.6654625,275.275421],"isRenderEnabled":false,"rotationMatrix":[0.962980449,0.0060976455,0.269502223,0,0.999744117,-0.0226198006,-0.269571185,0.0217824262,0.962734103],"shapeName":"/levels/johnson_valley/art/shapes/rocks/s_rocks_desert_low_small.dae","useInstanceRenderData":true}
{"class":"TSStatic","persistentId":"644ab023-3ea9-4325-b0d9-74dfc4567625","__parent":"trail_010","position":[-420.144196,-38.1752739,275.77301],"isRenderEnabled":false,"rotationMatrix":[0.127948761,0.0256298184,0.991449535,-0.614892602,0.786398888,0.0590241253,-0.778162062,-0.617187023,0.116378367],"shapeName":"/levels/johnson_valley/art/shapes/rocks/s_rocks_desert_large_07.dae","useInstanceRenderData":true}
{"class":"TSStatic","persistentId":"5875598c-562b-4520-be13-b333c06e7859","__parent":"trail_010","position":[-423.028809,-41.3456955,276.166656],"isRenderEnabled":false,"shapeName":"/levels/johnson_valley/art/shapes/rocks/s_rocks_desert_small_01.dae","useInstanceRenderData":true}
{"class":"TSStatic","persistentId":"869cde9f-ebcc-4fa3-8cb7-5155112c2e8b","__parent":"trail_010","position":[-420.983704,-39.1270714,276.325745],"isRenderEnabled":false,"shapeName":"/levels/johnson_valley/art/shapes/rocks/s_rocks_desert_small_02.dae","useInstanceRenderData":true}
{"class":"TSStatic","persistentId":"5a2fdb9c-f4f7-4fd9-a97e-14125ea520ec","__parent":"trail_010","position":[-422.21051,-39.4039574,276.135559],"isRenderEnabled":false,"rotationMatrix":[0.833534002,0.5524683,7.4505806e-09,-0.523726702,0.790170312,0.318341732,0.175873607,-0.265348673,0.947976053],"shapeName":"/levels/johnson_valley/art/shapes/rocks/s_rocks_desert_small_03.dae","useInstanceRenderData":true}
{"class":"TSStatic","persistentId":"a1f14480-f6c1-4dc9-afc2-fbeaaa0ea3dc","__parent":"trail_010","position":[-423.644592,-38.0564613,276.081146],"isRenderEnabled":false,"shapeName":"/levels/johnson_valley/art/shapes/rocks/s_rocks_desert_small_09.dae","useInstanceRenderData":true}
{"class":"TSStatic","persistentId":"1c74557c-6d75-49bb-825c-10105376c102","__parent":"trail_010","position":[-423.409393,-38.5744209,276.092072],"isRenderEnabled":false,"shapeName":"/levels/johnson_valley/art/shapes/rocks/s_rocks_desert_small_07.dae","useInstanceRenderData":true}
{"class":"TSStatic","persistentId":"bf507f49-3df1-4fc6-bccf-119b55e80226","__parent":"trail_010","position":[-424.243591,-37.7460327,276.005524],"isRenderEnabled":false,"rotationMatrix":[0.763994813,-0.640636086,-0.0767939016,0.632970214,0.767243981,-0.103370652,0.125142634,0.0303664021,0.991673946],"shapeName":"/levels/johnson_valley/art/shapes/rocks/s_rocks_desert_small_05.dae","useInstanceRenderData":true}
{"class":"TSStatic","persistentId":"120752c6-4857-49bc-a8c1-a9e94f330b1c","__parent":"trail_010","position":[-422.264465,-41.3988075,276.128021],"isRenderEnabled":false,"scale":[0.624340773,0.624340773,0.624340773],"shapeName":"/levels/johnson_valley/art/shapes/rocks/s_rocks_desert_small_04.dae","useInstanceRenderData":true}
{"class":"TSStatic","persistentId":"2b592fcf-8fc2-45f9-9fb4-beb41fb72b16","__parent":"trail_010","position":[-421.028107,-42.0050125,276.50824],"isRenderEnabled":false,"rotationMatrix":[0.591262043,0.806479573,0,-0.806479573,0.591262043,0,0,0,1],"scale":[0.624340773,0.624340773,0.624340773],"shapeName":"/levels/johnson_valley/art/shapes/rocks/s_rocks_desert_small_04.dae","useInstanceRenderData":true}
{"class":"TSStatic","persistentId":"96b58d2b-7c3e-4044-8ab2-b1b0f2a8b12c","__parent":"trail_010","position":[-422.190887,-41.8874092,276.378418],"isRenderEnabled":false,"rotationMatrix":[1,0,0,0,0.721234977,0.692690551,0,-0.692690551,0.721234977],"scale":[0.715893507,0.715893507,0.715893507],"shapeName":"/levels/johnson_valley/art/shapes/rocks/s_rocks_desert_small_03.dae","useInstanceRenderData":true}
{"class":"TSStatic","persistentId":"174e10bb-4399-46ce-ae6b-0518f66c49c8","__parent":"trail_010","position":[-422.514496,-42.7705421,275.965149],"isRenderEnabled":false,"shapeName":"/levels/johnson_valley/art/shapes/rocks/s_rocks_desert_small_04.dae","useInstanceRenderData":true}
{"class":"TSStatic","persistentId":"ce5e0928-cfd8-4841-afaf-538f3baeb53f","__parent":"trail_010","position":[-421.968384,-43.1724663,275.645538],"isRenderEnabled":false,"shapeName":"/levels/johnson_valley/art/shapes/rocks/s_rocks_desert_tiny_01.dae","useInstanceRenderData":true}
{"class":"TSStatic","persistentId":"68d0bcee-76b3-44eb-aef2-caca238022d8","__parent":"trail_010","position":[-422.56604,-43.4870071,275.750519],"isRenderEnabled":false,"shapeName":"/levels/johnson_valley/art/shapes/rocks/s_rocks_desert_tiny_04.dae","useInstanceRenderData":true}
{"class":"TSStatic","persistentId":"bc7e88cc-e822-4a16-a6dc-66d49205864f","__parent":"trail_010","position":[-422.976013,-43.2978439,275.948029],"isRenderEnabled":false,"scale":[0.531494141,0.531494141,0.531494141],"shapeName":"/levels/johnson_valley/art/shapes/rocks/s_rocks_desert_small_04.dae","useInstanceRenderData":true}
{"class":"TSStatic","persistentId":"77842fe1-6e5e-4752-a8d7-0f6c4a32a059","__parent":"trail_010","position":[-421.927704,-43.0267601,275.684418],"isRenderEnabled":false,"rotationMatrix":[0.398557007,0,0.917143404,0,1,0,-0.917143404,0,0.398557007],"scale":[0.747680664,0.747680664,0.747680664],"shapeName":"/levels/johnson_valley/art/shapes/rocks/s_rocks_desert_small_05.dae","useInstanceRenderData":true}
{"class":"TSStatic","persistentId":"052e9384-13b8-409e-acb3-7579714363d3","__parent":"trail_010","position":[-421.419617,-45.077446,275.126892],"isRenderEnabled":false,"rotationMatrix":[0.779965639,-0.625822425,0,0.625822425,0.779965639,0,0,0,1],"shapeName":"/levels/johnson_valley/art/shapes/rocks/s_rocks_desert_small_07.dae","useInstanceRenderData":true}
{"class":"TSStatic","persistentId":"05da9afe-1413-49fa-bcea-c94323cb4fa8","__parent":"trail_010","position":[-423.812164,-44.4040489,275.602997],"isRenderEnabled":false,"shapeName":"/levels/johnson_valley/art/shapes/rocks/s_rocks_desert_small_07.dae","useInstanceRenderData":true}
{"class":"TSStatic","persistentId":"0ca283f4-0965-4864-9ce3-ae1fc66f42dd","__parent":"trail_010","position":[-423.281464,-45.8579674,274.899567],"isRenderEnabled":false,"shapeName":"/levels/johnson_valley/art/shapes/rocks/s_rocks_desert_small_08.dae","useInstanceRenderData":true}
{"class":"TSStatic","persistentId":"62a27d63-ddb5-4af3-a8f1-5c960b744f81","__parent":"trail_010","position":[-422.967224,-45.3941765,275.160889],"isRenderEnabled":false,"shapeName":"/levels/johnson_valley/art/shapes/rocks/s_rocks_desert_small_09.dae","useInstanceRenderData":true}
{"class":"TSStatic","persistentId":"2ca7c188-7350-40c5-aee7-9ab36a0ac20c","__parent":"trail_010","position":[-424.786163,-45.6642799,275.235413],"isRenderEnabled":false,"shapeName":"/levels/johnson_valley/art/shapes/rocks/s_rocks_desert_small_03.dae","useInstanceRenderData":true}
{"class":"TSStatic","persistentId":"2d612a97-d56c-4130-a812-8b1eb78fdb8f","__parent":"trail_010","position":[-420.878906,-46.0036392,274.798462],"isRenderEnabled":false,"shapeName":"/levels/johnson_valley/art/shapes/rocks/s_rocks_desert_small_02.dae","useInstanceRenderData":true}
{"class":"TSStatic","persistentId":"134532fe-b437-43c0-a8c9-10d7c812fa8f","__parent":"trail_010","position":[-417.143127,-45.2806053,274.469879],"isRenderEnabled":false,"shapeName":"/levels/johnson_valley/art/shapes/rocks/s_rocks_desert_small_02.dae","useInstanceRenderData":true}
{"class":"TSStatic","persistentId":"90db6a97-e439-46c2-862a-7a12ab39923d","__parent":"trail_010","position":[-418.188171,-47.1720085,274.343048],"isRenderEnabled":false,"shapeName":"/levels/johnson_valley/art/shapes/rocks/s_rocks_desert_small_06.dae","useInstanceRenderData":true}
{"class":"TSStatic","persistentId":"995b21ce-24d5-4976-b671-c0a7524146b1","__parent":"trail_010","position":[-415.520386,-47.8489151,273.576569],"isRenderEnabled":false,"shapeName":"/levels/johnson_valley/art/shapes/rocks/s_rocks_desert_small_03.dae","useInstanceRenderData":true}
{"class":"TSStatic","persistentId":"2e84e74d-a0a4-4cfc-a5b0-9fbf890c7e67","__parent":"trail_010","position":[-417.155914,-46.7896805,274.163239],"isRenderEnabled":false,"rotationMatrix":[0.903740764,0,0.428080261,0,1,0,-0.428080261,0,0.903740764],"shapeName":"/levels/johnson_valley/art/shapes/rocks/s_rocks_desert_small_06.dae","useInstanceRenderData":true}
{"class":"TSStatic","persistentId":"05052477-94c1-4b4a-b394-d29032dc9a9c","__parent":"trail_010","position":[-419.665955,-47.1375389,274.379059],"isRenderEnabled":false,"shapeName":"/levels/johnson_valley/art/shapes/rocks/s_rocks_desert_small_05.dae","useInstanceRenderData":true}
{"class":"TSStatic","persistentId":"d361f462-e0b6-4c3d-8206-d680c35d65b9","__parent":"trail_010","position":[-420.057037,-47.9941406,274.235657],"isRenderEnabled":false,"shapeName":"/levels/johnson_valley/art/shapes/rocks/s_rocks_desert_small_06.dae","useInstanceRenderData":true}
{"class":"TSStatic","persistentId":"41842688-18e0-4d92-9c5b-47f6cc2552eb","__parent":"trail_010","position":[-418.950531,-48.6197891,273.680328],"isRenderEnabled":false,"shapeName":"/levels/johnson_valley/art/shapes/rocks/s_rocks_desert_small_07.dae","useInstanceRenderData":true}
{"class":"TSStatic","persistentId":"7dd755fa-c31c-47c8-a16c-c8d2ed2910a5","__parent":"trail_010","position":[-412.440857,-47.4007301,273.55838],"isRenderEnabled":false,"shapeName":"/levels/johnson_valley/art/shapes/rocks/s_rocks_desert_small_04.dae","useInstanceRenderData":true}
{"class":"TSStatic","persistentId":"b17e8c5f-47ea-404f-8de7-2677c05f2505","__parent":"trail_010","position":[-411.854645,-37.3920441,274.447388],"isRenderEnabled":false,"shapeName":"/levels/johnson_valley/art/shapes/rocks/s_rocks_desert_small_04.dae","useInstanceRenderData":true}
{"class":"TSStatic","persistentId":"be8c163b-a8d4-41ce-bd1b-3452d2b9be7a","__parent":"trail_010","position":[-414.185303,-37.1222839,274.960968],"isRenderEnabled":false,"shapeName":"/levels/johnson_valley/art/shapes/rocks/s_rocks_desert_small_06.dae","useInstanceRenderData":true}
{"class":"TSStatic","persistentId":"07f8cca4-c25d-4670-a731-962caef9e13d","__parent":"trail_010","position":[-414.954987,-38.2818413,275.126587],"isRenderEnabled":false,"shapeName":"/levels/johnson_valley/art/shapes/rocks/s_rocks_desert_small_07.dae","useInstanceRenderData":true}
{"class":"TSStatic","persistentId":"309d6722-cd6e-413c-8599-dd43a4d1f4f2","__parent":"trail_010","position":[-419.649231,-41.7190094,275.529114],"isRenderEnabled":false,"rotationMatrix":[0.989571929,0,0.144039586,0,1,0,-0.144039586,0,0.989571929],"shapeName":"/levels/johnson_valley/art/shapes/rocks/s_rocks_desert_small_06.dae","useInstanceRenderData":true}
{"class":"TSStatic","persistentId":"3957e882-239a-4b03-89cd-bd1d44cabf27","__parent":"trail_010","position":[-421.033661,-43.8294601,275.421478],"isRenderEnabled":false,"shapeName":"/levels/johnson_valley/art/shapes/rocks/s_rocks_desert_small_08.dae","useInstanceRenderData":true}
{"class":"TSStatic","persistentId":"9b692eb4-10cd-41f5-9da8-43322a8bcbf5","__parent":"trail_010","position":[-418.610474,-38.1245041,276.303802],"isRenderEnabled":false,"shapeName":"/levels/johnson_valley/art/shapes/rocks/s_rocks_desert_small_06.dae","useInstanceRenderData":true}
{"class":"TSStatic","persistentId":"edaca90b-fd70-4cd7-bdae-fef9bb983051","__parent":"trail_010","position":[-420.854156,-36.6433907,276.596375],"isRenderEnabled":false,"shapeName":"/levels/johnson_valley/art/shapes/rocks/s_rocks_desert_small_07.dae","useInstanceRenderData":true}
{"class":"TSStatic","persistentId":"929bd9ec-7b37-4507-b9d7-7ebd0ed38c96","__parent":"trail_010","position":[-421.476593,-37.0213013,276.409454],"isRenderEnabled":false,"shapeName":"/levels/johnson_valley/art/shapes/rocks/s_rocks_desert_small_04.dae","useInstanceRenderData":true}
{"class":"TSStatic","persistentId":"c0c8ce4a-3f2e-4d6e-85e2-814e207a3920","__parent":"trail_010","position":[-420.222015,-36.6804733,276.593781],"isRenderEnabled":false,"shapeName":"/levels/johnson_valley/art/shapes/rocks/s_rocks_desert_small_08.dae","useInstanceRenderData":true}
{"class":"TSStatic","persistentId":"e19b2d39-be0b-486b-bd64-1d1e3f5f110e","__parent":"trail_010","position":[-419.433777,-37.2042923,276.522705],"isRenderEnabled":false,"shapeName":"/levels/johnson_valley/art/shapes/rocks/s_rocks_desert_small_09.dae","useInstanceRenderData":true}
{"class":"TSStatic","persistentId":"44f27231-0129-4457-a898-bde2bbf320ff","__parent":"trail_010","position":[-419.04776,-36.3970718,276.478516],"isRenderEnabled":false,"shapeName":"/levels/johnson_valley/art/shapes/rocks/s_rocks_desert_medium_05.dae","useInstanceRenderData":true}
{"class":"TSStatic","persistentId":"184e4d82-ba57-4228-af79-b121b34f3abb","__parent":"trail_010","position":[-423.067841,-36.2946587,276.234131],"isRenderEnabled":false,"rotationMatrix":[0.711720824,-0.702462435,0,0.702462435,0.711720824,0,0,0,1],"shapeName":"/levels/johnson_valley/art/shapes/rocks/s_rocks_desert_medium_01.dae","useInstanceRenderData":true}
{"class":"TSStatic","persistentId":"dda5b703-004a-430a-854a-6eb620c37b29","__parent":"trail_010","position":[-400.674652,-31.8504524,273.201843],"isRenderEnabled":false,"shapeName":"/levels/johnson_valley/art/shapes/rocks/s_rocks_desert_small_01.dae","useInstanceRenderData":true}
{"class":"TSStatic","persistentId":"61004581-bcce-475d-bea4-eac5eefc7516","__parent":"trail_010","position":[-404.46991,-31.0366173,273.461334],"isRenderEnabled":false,"shapeName":"/levels/johnson_valley/art/shapes/rocks/s_rocks_desert_medium_02.dae","useInstanceRenderData":true}
{"class":"TSStatic","persistentId":"456b8df5-13e7-45fb-959a-95e9843e17c0","__parent":"trail_010","position":[-398.650787,-30.8167114,274.06839],"isRenderEnabled":false,"shapeName":"/levels/johnson_valley/art/shapes/rocks/s_rocks_desert_medium_04.dae","useInstanceRenderData":true}
{"class":"TSStatic","persistentId":"e3a76500-3124-4edb-8a71-a8b836e74cad","__parent":"trail_010","position":[-402.184875,-28.6741562,274.042206],"isRenderEnabled":false,"shapeName":"/levels/johnson_valley/art/shapes/rocks/s_rocks_desert_medium_01.dae","useInstanceRenderData":true}
{"class":"TSStatic","persistentId":"e8bc65f9-09e2-40db-a1d8-c56835ef3b52","__parent":"trail_010","position":[-398.550598,-36.0010223,273.632324],"isRenderEnabled":false,"shapeName":"/levels/johnson_valley/art/shapes/rocks/s_rocks_desert_medium_02.dae","useInstanceRenderData":true}
{"class":"TSStatic","persistentId":"ee75043d-5bd4-41ca-a366-b5027cc70d23","__parent":"trail_010","position":[-400.654877,-33.493103,272.764282],"isRenderEnabled":false,"shapeName":"/levels/johnson_valley/art/shapes/rocks/s_rocks_desert_medium_05.dae","useInstanceRenderData":true}
{"class":"TSStatic","persistentId":"b03c66ba-486e-4704-8997-74ce22751958","__parent":"trail_010","position":[-407.680542,-30.6776352,274.631561],"isRenderEnabled":false,"rotationMatrix":[0.972421527,0.158165589,-0.171405852,-0.0663745552,0.892203927,0.446728706,0.223586082,-0.423031628,0.878096521],"shapeName":"/levels/johnson_valley/art/shapes/rocks/s_rocks_desert_low_flat_01.dae","useInstanceRenderData":true}
{"class":"TSStatic","persistentId":"ac4ef991-15cd-491c-8858-59d6af99ed69","__parent":"trail_010","position":[-408.980682,-31.1792297,274.90274],"isRenderEnabled":false,"shapeName":"/levels/johnson_valley/art/shapes/rocks/s_rocks_desert_medium_02.dae","useInstanceRenderData":true}
{"class":"TSStatic","persistentId":"f51f23ff-3e52-4e69-85a7-1ff7e3f43aa0","__parent":"trail_010","position":[-407.20282,-27.3393288,275.865234],"isRenderEnabled":false,"shapeName":"/levels/johnson_valley/art/shapes/rocks/s_rocks_desert_small_02.dae","useInstanceRenderData":true}
{"class":"TSStatic","persistentId":"035f03d0-615f-4a3b-9c0f-f25473656590","__parent":"trail_010","position":[-409.78363,-27.5514774,275.708435],"isRenderEnabled":false,"shapeName":"/levels/johnson_valley/art/shapes/rocks/s_rocks_desert_small_07.dae","useInstanceRenderData":true}
{"class":"TSStatic","persistentId":"5f2e5507-a58a-49fb-b303-275b994459fa","__parent":"trail_010","position":[-412.325256,-27.2594223,275.648163],"isRenderEnabled":false,"rotationMatrix":[0.98937583,0.0664198548,-0.129320666,-0.0243077874,0.952589095,0.303287208,0.143333748,-0.296921551,0.944083214],"shapeName":"/levels/johnson_valley/art/shapes/rocks/s_rocks_desert_large_07.dae","useInstanceRenderData":true}
{"class":"TSStatic","persistentId":"8b49d49c-fa07-487f-bb5a-1134013482a9","__parent":"trail_010","position":[-482.857697,-13.5004282,265.256989],"isRenderEnabled":false,"rotationMatrix":[0.998072028,0,0.0620662831,-0.00659945328,0.994331002,0.106124111,-0.0617144294,-0.106329106,0.992413938],"shapeName":"/levels/johnson_valley/art/shapes/rocks/s_rocks_desert_collection_01.dae","useInstanceRenderData":true}
{"class":"TSStatic","persistentId":"bce1441d-4cee-4830-a2b3-9ee62535cd04","__parent":"trail_010","position":[-484.730225,-19.5295773,262.128296],"isRenderEnabled":false,"rotationMatrix":[0.934092641,0.193180472,0.30025354,-0.26114437,0.943147898,0.205610603,-0.243463546,-0.270468891,0.931435525],"shapeName":"/levels/johnson_valley/art/shapes/rocks/s_rocks_desert_huge_sheet_1.dae","useInstanceRenderData":true}
{"class":"TSStatic","persistentId":"519885b2-cbf5-4fb0-8574-69401b1ed2e6","__parent":"trail_010","position":[-481.629242,-16.3930244,263.682312],"isRenderEnabled":false,"rotationMatrix":[0.393724978,-0.919228435,0,0.919228435,0.393724978,0,0,0,1],"shapeName":"/levels/johnson_valley/art/shapes/rocks/s_rocks_desert_large_02.dae","useInstanceRenderData":true}
{"class":"TSStatic","persistentId":"5b37d181-c6ec-4002-a618-9a772617ac03","__parent":"trail_010","position":[-474.180328,-16.4360962,264.649292],"isRenderEnabled":false,"rotationMatrix":[0.951915979,-0.302697748,0.0472237989,0.293979675,0.859156787,-0.418838382,0.0862087682,0.412581801,0.906832039],"shapeName":"/levels/johnson_valley/art/shapes/rocks/s_rocks_desert_large_02.dae","useInstanceRenderData":true}
{"class":"TSStatic","persistentId":"379a0fed-fa4b-4139-b551-8b0e4ac67671","__parent":"trail_010","position":[-471.799469,-20.8058872,262.943512],"isRenderEnabled":false,"rotationMatrix":[0.793636024,-0.560338438,-0.236986861,0.594957888,0.796217203,0.109832853,0.127149478,-0.228164494,0.965284407],"shapeName":"/levels/johnson_valley/art/shapes/rocks/s_rocks_desert_huge_sheet_1.dae","useInstanceRenderData":true}
{"class":"TSStatic","persistentId":"03f4c277-7992-4c21-af64-12ba1937a8a6","__parent":"trail_010","position":[-480.735779,-19.8680744,262.690674],"isRenderEnabled":false,"rotationMatrix":[0.745026886,0.589567423,0.312001914,-0.632723689,0.772713959,0.0507341549,-0.211177021,-0.235209286,0.948725939],"shapeName":"/levels/johnson_valley/art/shapes/rocks/s_rocks_desert_huge_sheet_2.dae","useInstanceRenderData":true}
{"class":"TSStatic","persistentId":"b2dbb6f7-6cdf-4ca0-8615-0d12d7ed8727","__parent":"trail_010","position":[-476.947479,-24.0809326,262.95108],"isRenderEnabled":false,"rotationMatrix":[0.99397254,-9.31322575e-10,0.109629087,-0.0230211839,0.977703214,0.208725959,-0.107184716,-0.209991664,0.971810162],"shapeName":"/levels/johnson_valley/art/shapes/rocks/s_rocks_desert_collection_03.dae","useInstanceRenderData":true}
{"class":"TSStatic","persistentId":"ba839361-5127-45ea-a997-6642ea92128e","__parent":"trail_010","position":[-476.484619,-26.980608,262.546326],"isRenderEnabled":false,"rotationMatrix":[0.991760254,-1.86264515e-09,0.128107995,-0.0293299258,0.973438919,0.227060437,-0.124705315,-0.228946894,0.965417981],"shapeName":"/levels/johnson_valley/art/shapes/rocks/s_rocks_desert_low_flat_01.dae","useInstanceRenderData":true}
{"class":"TSStatic","persistentId":"40b4e7a0-f0aa-4323-a36b-daa45a816f5d","__parent":"trail_010","position":[-474.267059,-24.6184425,262.041901],"isRenderEnabled":false,"rotationMatrix":[0.58613801,-0.810211122,0,0.810211122,0.58613801,0,0,0,1],"shapeName":"/levels/johnson_valley/art/shapes/rocks/s_rocks_desert_large_05.dae","useInstanceRenderData":true}
{"class":"TSStatic","persistentId":"fa4c1893-4893-464c-803f-ebd5eb8681c9","__parent":"trail_010","position":[-470.988464,-16.946991,266.620575],"isRenderEnabled":false,"rotationMatrix":[0.990138412,-0.0203312263,0.138609588,-0.0232623294,0.951816797,0.305783659,-0.138147891,-0.305992514,0.941957414],"shapeName":"/levels/johnson_valley/art/shapes/rocks/s_rocks_desert_large_06.dae","useInstanceRenderData":true}
{"class":"TSStatic","persistentId":"264de4f7-758e-4c4b-8bd5-b08c85224c4f","__parent":"trail_010","position":[-469.04248,-17.8381863,265.11264],"isRenderEnabled":false,"rotationMatrix":[0.999140203,1.73067674e-05,0.0414588489,-0.0230216719,0.831888497,0.554465234,-0.0344795473,-0.554942906,0.831173658],"shapeName":"/levels/johnson_valley/art/shapes/rocks/s_rocks_desert_huge_sheet_1.dae","useInstanceRenderData":true}
{"class":"TSStatic","persistentId":"9ae2f5ea-6dbc-4109-860f-41fe2d403764","__parent":"trail_010","position":[-462.014343,-20.0747452,265.432037],"isRenderEnabled":false,"rotationMatrix":[0.839734912,-0.542996645,0,0.542996645,0.839734912,0,0,0,1],"shapeName":"/levels/johnson_valley/art/shapes/rocks/s_rocks_desert_large_03.dae","useInstanceRenderData":true}
{"class":"TSStatic","persistentId":"2fea4b67-7971-4432-9a84-bc2001744526","__parent":"trail_010","position":[-464.790039,-21.0383835,264.013733],"isRenderEnabled":false,"rotationMatrix":[0.995181024,9.31322575e-10,0.0980544761,-0.0193030164,0.980431557,0.195911437,-0.0961356983,-0.196860105,0.975706935],"shapeName":"/levels/johnson_valley/art/shapes/rocks/s_rocks_desert_large_06.dae","useInstanceRenderData":true}
{"class":"TSStatic","persistentId":"3485bcf7-ca02-43ad-84ef-15e310dcdd7f","__parent":"trail_010","position":[-468.065674,-26.8344002,261.509338],"isRenderEnabled":false,"rotationMatrix":[1,0,0,0,0.98566252,-0.168728665,0,0.168728665,0.98566252],"shapeName":"/levels/johnson_valley/art/shapes/rocks/s_rocks_desert_large_04.dae","useInstanceRenderData":true}
{"class":"TSStatic","persistentId":"99a5af18-2a8b-4deb-9540-aa8e4d059b88","__parent":"trail_010","position":[-467.610321,-23.5774612,262.933441],"isRenderEnabled":false,"rotationMatrix":[0.250841856,0.966281295,0.058134295,-0.967192769,0.247677982,0.0565207563,0.0402163118,-0.070404835,0.996707499],"shapeName":"/levels/johnson_valley/art/shapes/rocks/s_rocks_desert_low_small.dae","useInstanceRenderData":true}
{"class":"TSStatic","persistentId":"12abe06b-9c23-4353-8ef9-93ebfea63516","__parent":"trail_010","position":[-471.80014,-26.4457912,262.796173],"isRenderEnabled":false,"rotationMatrix":[0.960518897,-0.278214604,0.000353481621,0.268407911,0.926994801,0.261988074,-0.0732165873,-0.251549631,0.965071023],"shapeName":"/levels/johnson_valley/art/shapes/rocks/s_rocks_desert_low_flat_01.dae","useInstanceRenderData":true}
{"class":"TSStatic","persistentId":"00c99c62-a64f-451f-a399-214d91f885e5","__parent":"trail_010","position":[-465.188751,-27.8931446,261.701263],"isRenderEnabled":false,"rotationMatrix":[0.0597959161,-0.982278645,-0.177634284,0.985721767,0.0300435424,0.16568312,-0.15741007,-0.185005158,0.970049083],"shapeName":"/levels/johnson_valley/art/shapes/rocks/s_rocks_desert_large_05.dae","useInstanceRenderData":true}
{"class":"TSStatic","persistentId":"dc546649-7af8-46e7-849b-95fef36800f7","__parent":"trail_010","position":[-467.750244,-32.8352699,262.17572],"isRenderEnabled":false,"rotationMatrix":[0.994291365,0,0.106699012,0.010311828,0.995319009,-0.0960923657,-0.106199555,0.0966440663,0.989637077],"shapeName":"/levels/johnson_valley/art/shapes/rocks/s_rocks_desert_low_flat_01.dae","useInstanceRenderData":true}
{"class":"TSStatic","persistentId":"cb2bab61-88da-4330-b800-7b62c23c6f53","__parent":"trail_010","position":[-440.805206,-39.3753471,273.996063],"isRenderEnabled":false,"rotationMatrix":[0.853260756,0.473284364,-0.218970507,-0.486353517,0.87373668,-0.00666973367,0.188165903,0.112188086,0.975708663],"shapeName":"/levels/johnson_valley/art/shapes/rocks/s_rocks_desert_large_07.dae","useInstanceRenderData":true}
{"class":"TSStatic","persistentId":"64c34673-2bdb-41e6-b8a8-004bf0a30cde","__parent":"trail_010","position":[-438.547424,-41.724659,273.76532],"isRenderEnabled":false,"rotationMatrix":[0.979659796,0,-0.200665504,0,1,0,0.200665504,0,0.979659796],"shapeName":"/levels/johnson_valley/art/shapes/rocks/s_rocks_desert_large_05.dae","useInstanceRenderData":true}
{"class":"TSStatic","persistentId":"ee2af1e4-706a-4e95-a2b1-fbc6e0edf915","__parent":"trail_010","position":[-436.318909,-42.9329491,274.08783],"isRenderEnabled":false,"shapeName":"/levels/johnson_valley/art/shapes/rocks/s_rocks_desert_medium_03.dae","useInstanceRenderData":true}
{"class":"TSStatic","persistentId":"c7c11380-e0b8-4613-8566-e796c2b4bb95","__parent":"trail_010","position":[-436.956451,-42.5942116,274.706451],"isRenderEnabled":false,"shapeName":"/levels/johnson_valley/art/shapes/rocks/s_rocks_desert_small_04.dae","useInstanceRenderData":true}
{"class":"TSStatic","persistentId":"cdce5eca-440a-499f-b54c-bcc81aa6411f","__parent":"trail_010","position":[-436.798065,-41.8749237,274.901215],"isRenderEnabled":false,"shapeName":"/levels/johnson_valley/art/shapes/rocks/s_rocks_desert_small_08.dae","useInstanceRenderData":true}
{"class":"TSStatic","persistentId":"f0925db3-f074-4d42-b2a7-d766805fdc90","__parent":"trail_010","position":[-439.226715,-40.8143501,274.694244],"isRenderEnabled":false,"shapeName":"/levels/johnson_valley/art/shapes/rocks/s_rocks_desert_tiny_05.dae","useInstanceRenderData":true}
{"class":"TSStatic","persistentId":"d928e934-4831-4c2b-acf8-1ca2a08171aa","__parent":"trail_010","position":[-439.54364,-40.7944717,274.635132],"isRenderEnabled":false,"shapeName":"/levels/johnson_valley/art/shapes/rocks/s_rocks_desert_tiny_01.dae","useInstanceRenderData":true}
{"class":"TSStatic","persistentId":"6491cb39-aa2d-4741-910c-54715ab422f4","__parent":"trail_010","position":[-438.935303,-40.2039185,274.694275],"isRenderEnabled":false,"rotationMatrix":[0.974342287,0,0.225071386,0,1,0,-0.225071386,0,0.974342287],"shapeName":"/levels/johnson_valley/art/shapes/rocks/s_rocks_desert_small_05.dae","useInstanceRenderData":true}
{"class":"TSStatic","persistentId":"6360c781-b125-4be1-9988-d1fa2d13f8d6","__parent":"trail_010","position":[-440.767395,-41.2677879,274.460022],"isRenderEnabled":false,"shapeName":"/levels/johnson_valley/art/shapes/rocks/s_rocks_desert_small_08.dae","useInstanceRenderData":true}
{"class":"TSStatic","persistentId":"a567fd4e-456b-4f2c-8450-de54082abbf2","__parent":"trail_010","position":[-440.423645,-42.2594223,274.339874],"isRenderEnabled":false,"shapeName":"/levels/johnson_valley/art/shapes/rocks/s_rocks_desert_small_03.dae","useInstanceRenderData":true}
{"class":"TSStatic","persistentId":"a1248cee-02a6-4a70-afb5-6399fc7ab52e","__parent":"trail_010","position":[-441.16864,-40.681324,274.424377],"isRenderEnabled":false,"rotationMatrix":[0.496360481,0.860854268,0.112055048,-0.839722157,0.508851707,-0.18957004,-0.22021158,-7.4505806e-09,0.975452125],"shapeName":"/levels/johnson_valley/art/shapes/rocks/s_rocks_desert_small_07.dae","useInstanceRenderData":true}
{"class":"TSStatic","persistentId":"311d10e8-3be2-4bea-a4ee-13470c70e1aa","__parent":"trail_010","position":[-441.255554,-41.8939133,274.267548],"isRenderEnabled":false,"rotationMatrix":[0.630074739,-0.775591791,-0.0382535011,0.724408686,0.569322228,0.388721526,-0.27971065,-0.272634804,0.920560837],"shapeName":"/levels/johnson_valley/art/shapes/rocks/s_rocks_desert_small_07.dae","useInstanceRenderData":true}
{"class":"TSStatic","persistentId":"53e5ec70-4ecd-4237-9e7c-cc25882b73d9","__parent":"trail_010","position":[-440.130157,-40.3185043,274.537903],"isRenderEnabled":false,"shapeName":"/levels/johnson_valley/art/shapes/rocks/s_rocks_desert_small_09.dae","useInstanceRenderData":true}
{"class":"TSStatic","persistentId":"136036c2-305b-4e82-a841-b176e5c01d37","__parent":"trail_010","position":[-441.806946,-41.4677238,274.153137],"isRenderEnabled":false,"shapeName":"/levels/johnson_valley/art/shapes/rocks/s_rocks_desert_small_08.dae","useInstanceRenderData":true}
{"class":"TSStatic","persistentId":"132ca475-3fd3-4937-8c4f-af35484df7f3","__parent":"trail_010","position":[-442.822998,-39.621933,274.041687],"isRenderEnabled":false,"shapeName":"/levels/johnson_valley/art/shapes/rocks/s_rocks_desert_small_03.dae","useInstanceRenderData":true}
{"class":"TSStatic","persistentId":"00dd358a-4f50-4b94-937b-ce343f06a3b0","__parent":"trail_010","position":[-437.912964,-35.7036057,274.858795],"isRenderEnabled":false,"shapeName":"/levels/johnson_valley/art/shapes/rocks/s_rocks_desert_small_03.dae","useInstanceRenderData":true}
{"class":"TSStatic","persistentId":"d403ee25-1142-499c-a831-4c49f86a7943","__parent":"trail_010","position":[-436.758026,-35.2013626,274.949249],"isRenderEnabled":false,"rotationMatrix":[1,0,0,0,0.786968052,0.616993845,0,-0.616993845,0.786968052],"shapeName":"/levels/johnson_valley/art/shapes/rocks/s_rocks_desert_small_01.dae","useInstanceRenderData":true}
{"class":"TSStatic","persistentId":"4f7d40a9-782f-4d96-8d27-4c4fe8941747","__parent":"trail_010","position":[-437.50531,-35.3353081,275.479584],"isRenderEnabled":false,"rotationMatrix":[0.809028566,-0.580632985,-0.091313228,0.58776933,0.79920584,0.125687093,3.7252903e-09,-0.155355573,0.987858593],"shapeName":"/levels/johnson_valley/art/shapes/rocks/s_rocks_desert_small_05.dae","useInstanceRenderData":true}
{"class":"TSStatic","persistentId":"6332e1a3-e3a8-4d33-b57c-d7577459429e","__parent":"trail_010","position":[-435.658203,-37.5612411,275.02066],"isRenderEnabled":false,"shapeName":"/levels/johnson_valley/art/shapes/rocks/s_rocks_desert_small_03.dae","useInstanceRenderData":true}
{"class":"TSStatic","persistentId":"3db94cf7-7855-44db-be3d-91413bf44c8c","__parent":"trail_010","position":[-436.999298,-41.3650055,275.008148],"isRenderEnabled":false,"shapeName":"/levels/johnson_valley/art/shapes/rocks/s_rocks_desert_small_09.dae","useInstanceRenderData":true}
{"class":"TSStatic","persistentId":"be1b5cc7-ce35-4a0c-9f1f-2de86c83c9a0","__parent":"trail_010","position":[-438.138885,-41.6251373,275.575714],"isRenderEnabled":false,"shapeName":"/levels/johnson_valley/art/shapes/rocks/s_rocks_desert_small_07.dae","useInstanceRenderData":true}
{"class":"TSStatic","persistentId":"805b3c4b-6dca-43a5-adf5-5dbcefbd1d19","__parent":"trail_010","position":[-438.036438,-40.9355011,275.327759],"isRenderEnabled":false,"rotationMatrix":[1,0,0,0,0.735342801,-0.677695394,0,0.677695394,0.735342801],"shapeName":"/levels/johnson_valley/art/shapes/rocks/s_rocks_desert_small_08.dae","useInstanceRenderData":true}
{"class":"TSStatic","persistentId":"b64b4780-0409-4d3e-8b9d-218be715b1c1","__parent":"trail_010","position":[-437.793549,-42.8843918,275.04129],"isRenderEnabled":false,"shapeName":"/levels/johnson_valley/art/shapes/rocks/s_rocks_desert_small_02.dae","useInstanceRenderData":true}
{"class":"TSStatic","persistentId":"70fabdca-4d13-437c-bbec-e4d7b294e065","__parent":"trail_010","position":[-438.554901,-43.2472343,274.715912],"isRenderEnabled":false,"rotationMatrix":[0.177304864,-0.969608307,0.168590337,0.702666879,0.244662464,0.668131292,-0.689073324,0,0.72469157],"shapeName":"/levels/johnson_valley/art/shapes/rocks/s_rocks_desert_small_07.dae","useInstanceRenderData":true}
{"class":"TSStatic","persistentId":"a876e0fc-ff8e-4f45-bb72-b572c0b6dc06","__parent":"trail_010","position":[-439.525269,-43.6924286,274.487457],"isRenderEnabled":false,"shapeName":"/levels/johnson_valley/art/shapes/rocks/s_rocks_desert_small_04.dae","useInstanceRenderData":true}
{"class":"TSStatic","persistentId":"7d7238cf-f462-4bd0-bd80-9594a3215d8c","__parent":"trail_010","position":[-437.856506,-45.3101578,274.31012],"isRenderEnabled":false,"shapeName":"/levels/johnson_valley/art/shapes/rocks/s_rocks_desert_small_05.dae","useInstanceRenderData":true}
