{"class":"TSStatic","persistentId":"6df627f4-323e-46b5-9e72-0e41ec81360e","__parent":"trail_marking_rocks","position":[-677.734741,-51.5379333,249.753922],"decalType":"Visible Mesh Final","isRenderEnabled":false,"rotationMatrix":[-0.158604145,-0.971578121,0.175728559,0.951352,-0.197998881,-0.236063063,0.264147788,0.129739136,0.955716312],"shapeName":"/levels/johnson_valley/art/shapes/rocks/s_rocks_desert_small_03.dae","useInstanceRenderData":true}
{"class":"TSStatic","persistentId":"1f8b26c2-56fa-4d61-a9e6-be96eed7e79a","__parent":"trail_marking_rocks","position":[-667.667419,-30.7932224,252.88237],"decalType":"Visible Mesh Final","isRenderEnabled":false,"rotationMatrix":[0.782325983,0.562164187,0.268211573,-0.6213938,0.674787641,0.398159802,0.0428453758,-0.478155792,0.877229333],"shapeName":"/levels/johnson_valley/art/shapes/rocks/s_rocks_desert_small_03.dae","useInstanceRenderData":true}
{"class":"TSStatic","persistentId":"3e7713e1-89fe-4193-a0dd-49e3649bc577","__parent":"trail_marking_rocks","position":[-639.472717,-21.0645065,253.304031],"decalType":"Visible Mesh Final","isRenderEnabled":false,"rotationMatrix":[0.984133899,9.31322575e-10,0.177427262,-0.0277279764,0.987713099,0.153798446,-0.175247222,-0.156277969,0.972041965],"shapeName":"/levels/johnson_valley/art/shapes/rocks/s_rocks_desert_small_03.dae","useInstanceRenderData":true}
{"class":"TSStatic","persistentId":"fd6a2e9e-c86d-4c87-ba6e-711af459fecc","__parent":"trail_marking_rocks","position":[-640.184631,-20.4900703,252.759384],"decalType":"Visible Mesh Final","isRenderEnabled":false,"rotationMatrix":[-0.100015163,-0.213494137,0.971811175,0.666193008,0.711097956,0.224780977,-0.739042401,0.669895411,0.0711077452],"shapeName":"/levels/johnson_valley/art/shapes/rocks/s_rocks_desert_small_07.dae","useInstanceRenderData":true}
{"class":"TSStatic","persistentId":"8e1aeec7-0dc7-47bf-83db-cf1c94cf1bde","__parent":"trail_marking_rocks","position":[-641.259827,5.9277401,242.244659],"decalType":"Visible Mesh Final","isRenderEnabled":false,"rotationMatrix":[0.162864506,0.986648381,0,-0.986648381,0.162864506,0,0,0,1],"shapeName":"/levels/johnson_valley/art/shapes/rocks/s_rocks_desert_small_03.dae","useInstanceRenderData":true}
{"class":"TSStatic","persistentId":"62e33b47-7625-472d-8735-c6a65c8592ed","__parent":"trail_marking_rocks","position":[-650.083252,18.6411362,236.226273],"decalType":"Visible Mesh Final","isRenderEnabled":false,"rotationMatrix":[-0.702305198,-0.568089068,0.429001749,0.694387257,-0.67944181,0.237034619,0.156824887,0.464363933,0.871649086],"shapeName":"/levels/johnson_valley/art/shapes/rocks/s_rocks_desert_small_03.dae","useInstanceRenderData":true}
{"class":"TSStatic","persistentId":"769cf60b-cab7-4d0b-9cd3-aa35570d1020","__parent":"trail_marking_rocks","position":[-638.487427,27.658783,233.782928],"decalType":"Visible Mesh Final","isRenderEnabled":false,"rotationMatrix":[-0.547558784,-0.723287165,0.420755684,0.836328089,-0.456760645,0.30319193,-0.0271102488,0.517905116,0.855008364],"shapeName":"/levels/johnson_valley/art/shapes/rocks/s_rocks_desert_small_03.dae","useInstanceRenderData":true}
{"class":"TSStatic","persistentId":"05eb87c7-14db-40e2-ab9c-a292be9208e6","__parent":"trail_marking_rocks","position":[-636.256531,28.4705563,233.08255],"decalType":"Visible Mesh Final","isRenderEnabled":false,"rotationMatrix":[0.991115332,-0.0266168453,-0.130314812,4.65661287e-09,0.979771674,-0.200118631,0.133005276,0.198340654,0.971066713],"shapeName":"/levels/johnson_valley/art/shapes/rocks/s_rocks_desert_small_03.dae","useInstanceRenderData":true}
{"class":"TSStatic","persistentId":"d9eb1d37-a3dd-4bf9-b380-7417ed1af01b","__parent":"trail_marking_rocks","position":[-638.994568,33.2689209,232.93132],"decalType":"Visible Mesh Final","isRenderEnabled":false,"rotationMatrix":[-0.141296625,-0.989967108,-3.7252903e-09,0.983750701,-0.14040935,0.11189007,-0.110767514,0.0158097073,0.993720591],"shapeName":"/levels/johnson_valley/art/shapes/rocks/s_rocks_desert_small_07.dae","useInstanceRenderData":true}
{"class":"TSStatic","persistentId":"0f6707d7-d0db-45a5-855e-11a425a37fd1","__parent":"trail_marking_rocks","position":[-649.408203,13.4915276,238.00856],"decalType":"Visible Mesh Final","isRenderEnabled":false,"rotationMatrix":[0.980587482,0,-0.196082085,0,1,0,0.196082085,0,0.980587482],"shapeName":"/levels/johnson_valley/art/shapes/rocks/s_rocks_desert_small_03.dae","useInstanceRenderData":true}
{"class":"TSStatic","persistentId":"6c20a0dd-570f-4897-b2ab-789c04ce620e","__parent":"trail_marking_rocks","position":[-601.172607,-74.8145676,215.363647],"decalType":"Visible Mesh Final","isRenderEnabled":false,"rotationMatrix":[-0.961932302,0.241670027,0.127600506,-0.243661806,-0.969860315,1.86264515e-09,0.123754665,-0.0310913678,0.99182564],"shapeName":"/levels/johnson_valley/art/shapes/rocks/s_rocks_desert_small_03.dae","useInstanceRenderData":true}
{"class":"TSStatic","persistentId":"9bac7c8a-835e-4194-a1c1-780226d7832c","__parent":"trail_marking_rocks","position":[-671.914124,-61.9822388,244.882797],"decalType":"Visible Mesh Final","isRenderEnabled":false,"rotationMatrix":[0.101027071,0,-0.994883716,0,1,0,0.994883716,0,0.101027071],"shapeName":"/levels/johnson_valley/art/shapes/rocks/s_rocks_desert_small_03.dae","useInstanceRenderData":true}
{"class":"TSStatic","persistentId":"49aa96dc-be37-493a-a1d5-c27dfcfc2919","__parent":"trail_marking_rocks","position":[-668.848633,-36.3652534,249.88118],"decalType":"Visible Mesh Final","isRenderEnabled":false,"rotationMatrix":[-0.466671228,-0.884430647,0,0.884430647,-0.466671228,0,0,0,1],"shapeName":"/levels/johnson_valley/art/shapes/rocks/s_rocks_desert_small_03.dae","useInstanceRenderData":true}
{"class":"TSStatic","persistentId":"5e438a8a-b1dd-49da-a170-5f213ee0bbe8","__parent":"trail_marking_rocks","position":[-672.966797,-47.4788437,249.451523],"decalType":"Visible Mesh Final","isRenderEnabled":false,"rotationMatrix":[0.753684759,0.606142879,0.254067063,-0.637930155,0.581669331,0.504683852,0.158127517,-0.542449594,0.825072169],"shapeName":"/levels/johnson_valley/art/shapes/rocks/s_rocks_desert_small_03.dae","useInstanceRenderData":true}
{"class":"TSStatic","persistentId":"f2987e47-a68b-4bd5-810b-0b21bffb0851","__parent":"trail_marking_rocks","position":[-833.255859,13.6399488,188.902924],"decalType":"Visible Mesh Final","isRenderEnabled":false,"rotationMatrix":[-0.469697833,-0.882826805,0,0.882826805,-0.469697833,0,0,0,1],"shapeName":"/levels/johnson_valley/art/shapes/rocks/s_rocks_desert_small_03.dae","useInstanceRenderData":true}
{"class":"TSStatic","persistentId":"ed29925d-425d-4469-ac89-4b31f21ae4c2","__parent":"trail_marking_rocks","position":[-822.771606,17.6945438,188.071609],"decalType":"Visible Mesh Final","isRenderEnabled":false,"rotationMatrix":[0.941606283,-0.166328177,0.292766988,0.192832693,0.979147732,-0.0639164373,-0.276031017,0.116639175,0.954045177],"shapeName":"/levels/johnson_valley/art/shapes/rocks/s_rocks_desert_small_03.dae","useInstanceRenderData":true}
{"class":"TSStatic","persistentId":"53775b57-f28c-40d2-ad4d-ea82f82b9b82","__parent":"trail_marking_rocks","position":[-847.005371,25.0190716,188.762558],"decalType":"Visible Mesh Final","isRenderEnabled":false,"rotationMatrix":[0.855209112,-0.0427113697,0.516520202,0.19056353,0.952701509,-0.236738995,-0.481978118,0.30089125,0.822898269],"shapeName":"/levels/johnson_valley/art/shapes/rocks/s_rocks_desert_medium_05.dae","useInstanceRenderData":true}
{"class":"TSStatic","persistentId":"4fdca323-7aea-4d40-9612-6ab349876feb","__parent":"trail_marking_rocks","position":[-881.098938,316.236938,133.614624],"decalType":"Visible Mesh Final","isRenderEnabled":false,"rotationMatrix":[-0.14843905,-0.988921463,0,0.988921463,-0.14843905,0,0,0,1],"scale":[0.859179616,0.859179616,0.859179616],"shapeName":"/levels/johnson_valley/art/shapes/rocks/s_rocks_desert_small_03.dae","useInstanceRenderData":true}
{"class":"TSStatic","persistentId":"1b96d2f7-b022-42e3-9723-1cf32043fdf9","__parent":"trail_marking_rocks","position":[-884.731262,77.1732712,181.114929],"decalType":"Visible Mesh Final","isRenderEnabled":false,"rotationMatrix":[0.205983996,0.978555322,0,-0.978555322,0.205983996,0,0,0,1],"shapeName":"/levels/johnson_valley/art/shapes/rocks/s_rocks_desert_small_03.dae","useInstanceRenderData":true}
{"class":"TSStatic","persistentId":"1ec5b62a-b97e-4b46-b674-29694a558aec","__parent":"trail_marking_rocks","position":[-895.641479,65.4799957,182.853821],"decalType":"Visible Mesh Final","isRenderEnabled":false,"rotationMatrix":[-0.409547925,-0.135695308,0.9021402,-0.314515203,0.949252427,1.49011612e-08,-0.856358826,-0.283736825,-0.431442618],"shapeName":"/levels/johnson_valley/art/shapes/rocks/s_rocks_desert_small_04.dae","useInstanceRenderData":true}
{"class":"TSStatic","persistentId":"568499bb-7fe0-4d14-a9d0-fbfc0dd0d2b3","__parent":"trail_marking_rocks","position":[-877.150452,47.0503311,185.051208],"decalType":"Visible Mesh Final","isRenderEnabled":false,"rotationMatrix":[0.0202288032,-0.999795258,0,0.999795258,0.0202288032,0,0,0,1],"shapeName":"/levels/johnson_valley/art/shapes/rocks/s_rocks_desert_medium_05.dae","useInstanceRenderData":true}
{"class":"TSStatic","persistentId":"501e5e11-ce8e-43fa-9b99-afa4746bfc2f","__parent":"trail_marking_rocks","position":[-871.229065,203.735443,149.15274],"decalType":"Visible Mesh Final","isRenderEnabled":false,"rotationMatrix":[0.901303113,-0.429995954,0.0524995811,0.429784238,0.87246263,-0.232582271,0.0542055182,0.232190609,0.971158743],"shapeName":"/levels/johnson_valley/art/shapes/rocks/s_rocks_desert_low_small.dae","useInstanceRenderData":true}
{"class":"TSStatic","persistentId":"ae46dd4f-ff26-4f41-97e1-5dc614ba5314","__parent":"trail_marking_rocks","position":[-861.932007,208.762573,148.396149],"decalType":"Visible Mesh Final","isRenderEnabled":false,"rotationMatrix":[-0.753443956,0.564279199,-0.337506503,-0.615488887,-0.785846949,0.0601450205,-0.231289953,0.253047466,0.939399779],"shapeName":"/levels/johnson_valley/art/shapes/rocks/s_rocks_desert_low_small.dae","useInstanceRenderData":true}
{"class":"TSStatic","persistentId":"f9f6d381-b1a9-45ff-84dc-89e9aceb90c1","__parent":"trail_marking_rocks","position":[-867.969543,233.568069,144.568069],"decalType":"Visible Mesh Final","isRenderEnabled":false,"rotationMatrix":[0.995933831,-0.044520691,-0.0783178583,0.0392149761,0.996912479,-0.068026796,0.0811046585,0.0646789521,0.994604766],"shapeName":"/levels/johnson_valley/art/shapes/rocks/s_rocks_desert_low_small.dae","useInstanceRenderData":true}
{"class":"TSStatic","persistentId":"e7a65213-263d-4f12-98da-0a6585d80f5e","__parent":"trail_marking_rocks","position":[-877.389587,235.338028,145.428574],"decalType":"Visible Mesh Final","isRenderEnabled":false,"rotationMatrix":[0.164891005,0.984638214,-0.0574311987,-0.971936584,0.172117174,0.160358429,0.167779952,0.0293778405,0.98538661],"shapeName":"/levels/johnson_valley/art/shapes/rocks/s_rocks_desert_low_tiny.dae","useInstanceRenderData":true}
{"class":"TSStatic","persistentId":"a0da323b-db4d-40a2-a0af-23f5e0ccc982","__parent":"trail_marking_rocks","position":[-872.092957,250.582458,143.281235],"decalType":"Visible Mesh Final","isRenderEnabled":false,"rotationMatrix":[0.981209099,0.169531286,-0.0921295285,-0.176190972,0.981886625,-0.0696809962,0.0786476433,0.0846040174,0.993305922],"shapeName":"/levels/johnson_valley/art/shapes/rocks/s_rocks_desert_low_tiny.dae","useInstanceRenderData":true}
{"class":"TSStatic","persistentId":"a128a316-883b-4e78-bfa2-182dd0c7b0d0","__parent":"trail_marking_rocks","position":[-885.591553,176.742599,158.816727],"decalType":"Visible Mesh Final","isRenderEnabled":false,"rotationMatrix":[0.260304511,-0.914693177,0.309156775,0.964922726,0.235123217,-0.116795547,0.0341421813,0.328714788,0.943811893],"shapeName":"/levels/johnson_valley/art/shapes/rocks/s_rocks_desert_low_small.dae","useInstanceRenderData":true}
{"class":"TSStatic","persistentId":"c9605da5-80b6-4d62-bc56-91a006c6795c","__parent":"trail_marking_rocks","position":[-872.49231,174.473755,159.666428],"decalType":"Visible Mesh Final","isRenderEnabled":false,"rotationMatrix":[0.992241263,0.0532893874,0.112327658,-0.00329616293,0.914441824,-0.404703945,-0.12428353,0.401193708,0.907522559],"shapeName":"/levels/johnson_valley/art/shapes/rocks/s_rocks_desert_low_small.dae","useInstanceRenderData":true}
{"class":"TSStatic","persistentId":"127e5a5b-768f-4815-9041-2f25058e61f7","__parent":"trail_marking_rocks","position":[836.584167,-602.299866,133.858521],"decalType":"Visible Mesh Final","isRenderEnabled":false,"rotationMatrix":[-0.479428053,-0.871911585,0.0995901227,0.87626797,-0.481823444,3.7252903e-09,0.0479848832,0.0872676522,0.995028555],"shapeName":"/levels/johnson_valley/art/shapes/rocks/s_rocks_desert_medium_05.dae","useInstanceRenderData":true}
{"class":"TSStatic","persistentId":"3d6511f5-c32f-4adf-9305-dc977b19a74b","__parent":"trail_marking_rocks","position":[-474.646332,253.234146,168.731964],"decalType":"Visible Mesh Final","isRenderEnabled":false,"rotationMatrix":[-0.997343659,-0.0728380159,0,0.0728380159,-0.997343659,0,0,0,1],"shapeName":"/levels/johnson_valley/art/shapes/rocks/s_rocks_desert_medium_05.dae","useInstanceRenderData":true}
{"class":"TSStatic","persistentId":"a4843c9d-118a-45bd-9d9e-2ce49acb9272","__parent":"trail_marking_rocks","position":[-521.59552,240.985214,179.95285],"decalType":"Visible Mesh Final","isRenderEnabled":false,"rotationMatrix":[0.944203496,0,-0.329362661,0,1,0,0.329362661,0,0.944203496],"shapeName":"/levels/johnson_valley/art/shapes/rocks/s_rocks_desert_small_03.dae","useInstanceRenderData":true}
{"class":"TSStatic","persistentId":"1615613b-eb00-4ea5-bae2-d4f5693b6c18","__parent":"trail_marking_rocks","position":[-516.910706,242.098785,178.690186],"decalType":"Visible Mesh Final","isRenderEnabled":false,"rotationMatrix":[0.981163561,-0.141532794,-0.131478071,0.139961973,0.989930749,-0.0211600251,0.133149028,0.00235951785,0.991093218],"shapeName":"/levels/johnson_valley/art/shapes/rocks/s_rocks_desert_small_06.dae","useInstanceRenderData":true}
{"class":"TSStatic","persistentId":"530798cf-173d-494a-a16e-2b2b779a4841","__parent":"trail_marking_rocks","position":[-653.648621,164.186127,216.884369],"decalType":"Visible Mesh Final","isRenderEnabled":false,"rotationMatrix":[-0.982471466,0.186411604,0,-0.186411604,-0.982471466,0,0,0,1],"shapeName":"/levels/johnson_valley/art/shapes/rocks/s_rocks_desert_small_03.dae","useInstanceRenderData":true}
{"class":"TSStatic","persistentId":"40749de4-f72f-4f97-af7d-7a9ad995a8b4","__parent":"trail_marking_rocks","position":[-655.081787,164.210968,216.318741],"decalType":"Visible Mesh Final","isRenderEnabled":false,"rotationMatrix":[0.61039257,0.768211663,-0.193058819,-0.782941043,0.622095942,7.4505806e-09,0.120101102,0.151153654,0.981187165],"shapeName":"/levels/johnson_valley/art/shapes/rocks/s_rocks_desert_small_01.dae","useInstanceRenderData":true}
{"class":"TSStatic","persistentId":"62be960f-19a3-4b62-81e4-7d06c7000f15","__parent":"trail_marking_rocks","position":[-696.658325,198.520767,197.740509],"decalType":"Visible Mesh Final","isRenderEnabled":false,"rotationMatrix":[0.911913753,-0.193418577,0.361942768,0.207486078,0.978237987,0,-0.354066133,0.0750980899,0.932200313],"shapeName":"/levels/johnson_valley/art/shapes/rocks/s_rocks_desert_small_03.dae","useInstanceRenderData":true}
{"class":"TSStatic","persistentId":"3f832181-01de-4073-881d-67b081b2be80","__parent":"trail_marking_rocks","position":[-633.670898,171.297592,227.739777],"decalType":"Visible Mesh Final","isRenderEnabled":false,"rotationMatrix":[-0.968773007,-0.2479482,0,0.2479482,-0.968773007,0,0,0,1],"shapeName":"/levels/johnson_valley/art/shapes/rocks/s_rocks_desert_small_03.dae","useInstanceRenderData":true}
{"class":"TSStatic","persistentId":"36157a42-5bc0-47af-9a04-9af1d8b28c41","__parent":"trail_marking_rocks","position":[-628.763794,165.419678,229.696152],"decalType":"Visible Mesh Final","isRenderEnabled":false,"rotationMatrix":[-0.380275846,0.903978705,0.195480645,-0.913400412,-0.333886504,-0.232850313,-0.145223349,-0.26709947,0.95266366],"shapeName":"/levels/johnson_valley/art/shapes/rocks/s_rocks_desert_medium_05.dae","useInstanceRenderData":true}
{"class":"TSStatic","persistentId":"43fbb197-0ef9-4f77-8d25-0ca4ff0ad52c","__parent":"trail_marking_rocks","position":[-626.842712,170.833359,228.240967],"decalType":"Visible Mesh Final","isRenderEnabled":false,"rotationMatrix":[0.957607508,0.288076162,0,-0.288076162,0.957607508,0,0,0,1],"shapeName":"/levels/johnson_valley/art/shapes/rocks/s_rocks_desert_small_03.dae","useInstanceRenderData":true}
{"class":"TSStatic","persistentId":"6636d0e4-46d3-4d2a-882b-46a5d9b11951","__parent":"trail_marking_rocks","position":[-628.211792,128.603561,242.837067],"decalType":"Visible Mesh Final","isRenderEnabled":false,"rotationMatrix":[0.623538017,-0.781793058,0,0.781793058,0.623538017,0,0,0,1],"shapeName":"/levels/johnson_valley/art/shapes/rocks/s_rocks_desert_small_03.dae","useInstanceRenderData":true}
{"class":"TSStatic","persistentId":"380590db-3046-40b3-beb1-aefe5f9e8d93","__parent":"trail_marking_rocks","position":[-627.835571,140.721832,241.65361],"decalType":"Visible Mesh Final","isRenderEnabled":false,"rotationMatrix":[0.972001195,-0.199882656,-0.123533957,0.233818203,0.874885082,0.424152195,0.0232973471,-0.441160917,0.897125542],"shapeName":"/levels/johnson_valley/art/shapes/rocks/s_rocks_desert_small_04.dae","useInstanceRenderData":true}
{"class":"TSStatic","persistentId":"546bdf47-24a0-46d0-a421-0ff954e1cdd9","__parent":"trail_marking_rocks","position":[-631.450073,131.320328,242.855225],"decalType":"Visible Mesh Final","isRenderEnabled":false,"rotationMatrix":[-0.972739577,-0.231899351,0,0.231899351,-0.972739577,0,0,0,1],"shapeName":"/levels/johnson_valley/art/shapes/rocks/s_rocks_desert_small_03.dae","useInstanceRenderData":true}
{"class":"TSStatic","persistentId":"912298c7-5faa-4c45-a145-d670a056039f","__parent":"trail_marking_rocks","position":[-521.858093,90.6195068,224.130157],"decalType":"Visible Mesh Final","isRenderEnabled":false,"rotationMatrix":[0.9235273,0.241443321,0.297997355,-0.129358038,0.927541852,-0.350617498,-0.361059248,0.285256475,0.887842834],"scale":[0.82509768,0.82509768,0.82509768],"shapeName":"/levels/johnson_valley/art/shapes/rocks/s_rocks_desert_medium_05.dae","useInstanceRenderData":true}
{"class":"TSStatic","persistentId":"161cb5b4-ac35-43cf-a3df-210f57d49633","__parent":"trail_marking_rocks","position":[-743.154053,60.2522964,209.828278],"decalType":"Visible Mesh Final","isRenderEnabled":false,"rotationMatrix":[-0.376224279,0.904137969,0.202459872,-0.905284286,-0.405239105,0.127443105,0.197270781,-0.135336548,0.970962524],"shapeName":"/levels/johnson_valley/art/shapes/rocks/s_rocks_desert_small_03.dae","useInstanceRenderData":true}
{"class":"TSStatic","persistentId":"b6ae361a-54b3-4230-8307-08d4ade5d067","__parent":"trail_marking_rocks","position":[-726.487427,70.478447,210.965973],"decalType":"Visible Mesh Final","isRenderEnabled":false,"rotationMatrix":[0.182597935,0.787394941,0.588784575,-0.974149048,0.225906491,0,-0.133010268,-0.573563874,0.808290005],"shapeName":"/levels/johnson_valley/art/shapes/rocks/s_rocks_desert_small_03.dae","useInstanceRenderData":true}
{"class":"TSStatic","persistentId":"069363de-9c7b-4075-9993-55f8e3d75d16","__parent":"trail_marking_rocks","position":[-744.758789,56.0262451,209.779465],"decalType":"Visible Mesh Final","isRenderEnabled":false,"rotationMatrix":[-0.400537252,-0.916280508,0,0.916280508,-0.400537252,0,0,0,1],"scale":[1.11552739,1.11552739,1.11552739],"shapeName":"/levels/johnson_valley/art/shapes/rocks/s_rocks_desert_small_03.dae","useInstanceRenderData":true}
{"class":"TSStatic","persistentId":"80aaf0b4-df46-4675-854d-7b5276854db8","__parent":"trail_marking_rocks","position":[-744.193237,62.4544258,211.291138],"decalType":"Visible Mesh Final","isRenderEnabled":false,"shapeName":"/levels/johnson_valley/art/shapes/rocks/s_rocks_desert_small_03.dae","useInstanceRenderData":true}
{"class":"TSStatic","persistentId":"a8a51eef-6cea-43a4-9da8-7cb22507c9c2","__parent":"trail_marking_rocks","position":[-700.744995,192.623657,198.548172],"decalType":"Visible Mesh Final","isRenderEnabled":false,"rotationMatrix":[-0.233430147,-0.79655993,0.557675958,0.959642887,-0.281221271,5.96046448e-08,0.156830341,0.53516978,0.830058753],"shapeName":"/levels/johnson_valley/art/shapes/rocks/s_rocks_desert_small_03.dae","useInstanceRenderData":true}
{"class":"TSStatic","persistentId":"98ea5885-836b-4e08-9fdc-f1e3fce8c797","__parent":"trail_marking_rocks","position":[-701.658875,200.633331,196.190109],"decalType":"Visible Mesh Final","isRenderEnabled":false,"rotationMatrix":[-0.00687766075,-0.686512828,-0.727084875,0.999949574,-0.0100178719,-5.96046448e-08,-0.00728395581,-0.727048337,0.686547518],"shapeName":"/levels/johnson_valley/art/shapes/rocks/s_rocks_desert_small_03.dae","useInstanceRenderData":true}
{"class":"TSStatic","persistentId":"455234c9-91ba-44d8-8d4f-32d162b5d261","__parent":"trail_marking_rocks","position":[-228.503281,71.4820557,233.414215],"decalType":"Visible Mesh Final","isRenderEnabled":false,"rotationMatrix":[-0.300236464,-0.264355808,0.916500926,0.77391088,-0.629183173,0.0720436871,0.557601929,0.730920196,0.393491745],"shapeName":"/levels/johnson_valley/art/shapes/rocks/s_rocks_desert_small_06.dae","useInstanceRenderData":true}
{"class":"TSStatic","persistentId":"6eabe459-91ec-4f81-bdea-5dd25158594a","__parent":"trail_marking_rocks","position":[-237.193832,61.6862869,236.379852],"decalType":"Visible Mesh Final","isRenderEnabled":false,"rotationMatrix":[0.286486864,0.224454582,0.931420982,-0.616730034,0.787174702,2.98023224e-08,-0.733190954,-0.574435472,0.36394316],"shapeName":"/levels/johnson_valley/art/shapes/rocks/s_rocks_desert_small_02.dae","useInstanceRenderData":true}
{"class":"TSStatic","persistentId":"ce30388e-f59d-4b18-be06-668994569b6a","__parent":"trail_marking_rocks","position":[-228.205887,77.8746033,234.373596],"decalType":"Visible Mesh Final","isRenderEnabled":false,"rotationMatrix":[-0.880893588,0.238300502,0.408949703,-0.261134952,-0.965302587,3.7252903e-09,0.394760102,-0.106791049,0.912556946],"shapeName":"/levels/johnson_valley/art/shapes/rocks/s_rocks_desert_small_03.dae","useInstanceRenderData":true}
{"class":"TSStatic","persistentId":"38992b5d-497f-4352-ba38-ee2c84ddb5c6","__parent":"trail_marking_rocks","position":[-224.670135,73.3448029,233.879395],"decalType":"Visible Mesh Final","isRenderEnabled":false,"rotationMatrix":[-0.214506388,-0.976722658,0,0.976722658,-0.214506388,0,0,0,1],"shapeName":"/levels/johnson_valley/art/shapes/rocks/s_rocks_desert_small_03.dae","useInstanceRenderData":true}
{"class":"TSStatic","persistentId":"3fbff755-6b77-4161-8b71-f284014dc2df","__parent":"trail_marking_rocks","position":[-212.943359,77.8862305,234.667557],"decalType":"Visible Mesh Final","isRenderEnabled":false,"rotationMatrix":[0.340578079,0.925346971,0.166552573,-0.924976707,0.361523628,-0.117127866,-0.168596596,-0.114166051,0.979051232],"shapeName":"/levels/johnson_valley/art/shapes/rocks/s_rocks_desert_small_03.dae","useInstanceRenderData":true}
{"class":"TSStatic","persistentId":"92980231-9edf-46cc-9715-120e7ee36c8a","__parent":"trail_marking_rocks","position":[-215.482834,66.8234482,236.422974],"decalType":"Visible Mesh Final","isRenderEnabled":false,"rotationMatrix":[0.912256956,-0.264985025,-0.312362224,0.250696182,0.964252532,-0.0858398676,0.323942333,0,0.94607681],"shapeName":"/levels/johnson_valley/art/shapes/rocks/s_rocks_desert_medium_04.dae","useInstanceRenderData":true}
{"class":"TSStatic","persistentId":"7a8de16a-8dc0-44f4-a87b-3ad57934123a","__parent":"trail_marking_rocks","position":[-169.393555,24.0367203,223.403549],"decalType":"Visible Mesh Final","isRenderEnabled":false,"rotationMatrix":[0.677408814,0,-0.73560673,0.0594193265,0.996732295,0.0547183193,0.733202994,-0.0807759315,0.675195217],"shapeName":"/levels/johnson_valley/art/shapes/rocks/s_rocks_desert_small_06.dae","useInstanceRenderData":true}
{"class":"TSStatic","persistentId":"73007322-27b3-4705-8b41-ba56ce762d87","__parent":"trail_marking_rocks","position":[-161.14093,20.192667,223.039948],"decalType":"Visible Mesh Final","isRenderEnabled":false,"rotationMatrix":[0.891980469,-0.202659309,0.404103965,0.213565379,0.976754725,0.0184414629,-0.398447782,0.0698532015,0.914527118],"shapeName":"/levels/johnson_valley/art/shapes/rocks/s_rocks_desert_small_03.dae","useInstanceRenderData":true}
{"class":"TSStatic","persistentId":"6fbfc8e1-93f0-4d24-b5ea-b57bd204da0f","__parent":"trail_marking_rocks","position":[-161.328751,25.0594158,222.28688],"decalType":"Visible Mesh Final","isRenderEnabled":false,"rotationMatrix":[0.674548984,0.73823005,0,-0.73823005,0.674548984,0,0,0,1],"shapeName":"/levels/johnson_valley/art/shapes/rocks/s_rocks_desert_small_03.dae","useInstanceRenderData":true}
{"class":"TSStatic","persistentId":"703a50ff-785f-4661-8184-8cf9e084c427","__parent":"trail_marking_rocks","position":[-115.438057,43.1950951,214.81987],"decalType":"Visible Mesh Final","isRenderEnabled":false,"rotationMatrix":[-0.466947675,-0.884285152,0,0.884285152,-0.466947675,0,0,0,1],"shapeName":"/levels/johnson_valley/art/shapes/rocks/s_rocks_desert_small_02.dae","useInstanceRenderData":true}
{"class":"TSStatic","persistentId":"2e6aae81-4a58-4a95-b6cf-3dd2576de5f0","__parent":"trail_marking_rocks","position":[-112.098434,50.8949738,213.747833],"decalType":"Visible Mesh Final","isRenderEnabled":false,"rotationMatrix":[-0.938537717,0.0201893076,0.344585717,-0.0215064734,-0.999768734,-4.65661287e-10,0.344506025,-0.00741082383,0.938754857],"shapeName":"/levels/johnson_valley/art/shapes/rocks/s_rocks_desert_small_03.dae","useInstanceRenderData":true}
{"class":"TSStatic","persistentId":"98509f1e-e04f-4d8f-bb57-209bb14b714d","__parent":"trail_marking_rocks","position":[22.4681606,12.0223942,200.257584],"decalType":"Visible Mesh Final","isRenderEnabled":false,"rotationMatrix":[-0.633892298,-0.773421049,0,0.773421049,-0.633892298,0,0,0,1],"shapeName":"/levels/johnson_valley/art/shapes/rocks/s_rocks_desert_small_03.dae","useInstanceRenderData":true}
{"class":"TSStatic","persistentId":"b7a453d1-f1c8-4bb2-aab1-8665bd9043af","__parent":"trail_marking_rocks","position":[-273.485321,-10.6595592,218.275406],"decalType":"Visible Mesh Final","isRenderEnabled":false,"rotationMatrix":[-0.516297698,0.780384481,0.352755755,-0.491588652,-0.607336283,0.624085665,0.701268196,0.148803338,0.697194695],"shapeName":"/levels/johnson_valley/art/shapes/rocks/s_rocks_desert_small_03.dae","useInstanceRenderData":true}
{"class":"TSStatic","persistentId":"47557d06-a46b-4091-802f-16f60da1a6fe","__parent":"trail_marking_rocks","position":[-278.189697,-12.3399019,219.198074],"decalType":"Visible Mesh Final","isRenderEnabled":false,"rotationMatrix":[0.524682403,-0.199559599,0.827577353,0.774133801,0.516270995,-0.366307139,-0.354154021,0.832850575,0.425364256],"shapeName":"/levels/johnson_valley/art/shapes/rocks/s_rocks_desert_small_05.dae","useInstanceRenderData":true}
{"class":"TSStatic","persistentId":"eabfd612-580d-44b9-832c-073e61c89801","__parent":"trail_marking_rocks","position":[-243.593475,59.2517471,234.383148],"decalType":"Visible Mesh Final","isRenderEnabled":false,"rotationMatrix":[1,0,0,0,0.910862446,0.412710011,0,-0.412710011,0.910862446],"shapeName":"/levels/johnson_valley/art/shapes/rocks/s_rocks_desert_small_03.dae","useInstanceRenderData":true}
{"class":"TSStatic","persistentId":"35ab083f-217f-40b7-81c0-5d8b8fe71599","__parent":"trail_marking_rocks","position":[-351.578583,107.486824,223.033875],"decalType":"Visible Mesh Final","isRenderEnabled":false,"rotationMatrix":[1,0,0,0,-0.148193717,-0.98895818,0,0.98895818,-0.148193717],"scale":[0.772070289,0.772070289,0.772070289],"shapeName":"/levels/johnson_valley/art/shapes/rocks/s_rocks_desert_medium_05.dae","useInstanceRenderData":true}
{"class":"TSStatic","persistentId":"7c3c1740-fa0c-41ce-8014-f9d2e09712a2","__parent":"trail_marking_rocks","position":[-347.393311,105.555031,222.232483],"decalType":"Visible Mesh Final","isRenderEnabled":false,"rotationMatrix":[-0.0537929535,-0.998551905,0,0.998551905,-0.0537929535,0,0,0,1],"shapeName":"/levels/johnson_valley/art/shapes/rocks/s_rocks_desert_small_03.dae","useInstanceRenderData":true}
{"class":"TSStatic","persistentId":"fde98b60-2bc4-402d-ae69-bcfd975190d0","__parent":"trail_marking_rocks","position":[-343.52298,112.360336,221.061966],"decalType":"Visible Mesh Final","isRenderEnabled":false,"shapeName":"/levels/johnson_valley/art/shapes/rocks/s_rocks_desert_small_03.dae","useInstanceRenderData":true}
{"class":"TSStatic","persistentId":"f36d5810-e8e1-4173-8936-799c5119aba4","__parent":"trail_marking_rocks","position":[-441.200012,106.821533,236.262589],"decalType":"Visible Mesh Final","isRenderEnabled":false,"shapeName":"/levels/johnson_valley/art/shapes/rocks/s_rocks_desert_small_03.dae","useInstanceRenderData":true}
{"class":"TSStatic","persistentId":"daa7b287-4ff7-4a82-a45a-6700fcefd4bf","__parent":"trail_marking_rocks","position":[-424.158905,107.212936,226.114487],"decalType":"Visible Mesh Final","isRenderEnabled":false,"shapeName":"/levels/johnson_valley/art/shapes/rocks/s_rocks_desert_small_03.dae","useInstanceRenderData":true}
{"class":"TSStatic","persistentId":"30c73a63-e2f5-456b-8c8a-28aa145e7630","__parent":"trail_marking_rocks","position":[-379.081116,113.943451,224.326324],"decalType":"Visible Mesh Final","isRenderEnabled":false,"rotationMatrix":[-0.913867116,0.278907388,0.295054913,-0.29190281,-0.956447959,0,0.282204688,-0.0861273482,0.955480278],"shapeName":"/levels/johnson_valley/art/shapes/rocks/s_rocks_desert_small_03.dae","useInstanceRenderData":true}
{"class":"TSStatic","persistentId":"c75ab7bc-24d2-451a-8bfa-441f581f1f13","__parent":"trail_marking_rocks","position":[-414.781799,111.368607,225.695587],"decalType":"Visible Mesh Final","isRenderEnabled":false,"rotationMatrix":[0.547969937,-0.07682807,-0.832962334,0.216370225,0.974903047,0.0524206609,0.808030188,-0.208953217,0.550840855],"shapeName":"/levels/johnson_valley/art/shapes/rocks/s_rocks_desert_small_03.dae","useInstanceRenderData":true}
{"class":"TSStatic","persistentId":"03d9cc6c-fa4c-4d61-89a6-ac7008cc43ce","__parent":"trail_marking_rocks","position":[-401.041992,114.517609,224.684036],"decalType":"Visible Mesh Final","isRenderEnabled":false,"shapeName":"/levels/johnson_valley/art/shapes/rocks/s_rocks_desert_small_03.dae","useInstanceRenderData":true}
{"class":"TSStatic","persistentId":"39635b6f-8926-4ad6-beee-7d587d8111b6","__parent":"trail_marking_rocks","position":[-511.65802,78.196991,225.571686],"decalType":"Visible Mesh Final","isRenderEnabled":false,"rotationMatrix":[0.466414034,0.884566486,0,-0.884566486,0.466414034,0,0,0,1],"shapeName":"/levels/johnson_valley/art/shapes/rocks/s_rocks_desert_small_03.dae","useInstanceRenderData":true}
{"class":"TSStatic","persistentId":"41688e4d-e60f-4c7c-a18f-d44e583e7a77","__parent":"trail_marking_rocks","position":[-502.849701,381.106232,132.358963],"decalType":"Visible Mesh Final","isRenderEnabled":false,"rotationMatrix":[-0.158298969,-0.958914518,0.235424042,0.986646414,-0.162876964,1.49011612e-08,0.0383451283,0.232280284,0.971892774],"shapeName":"/levels/johnson_valley/art/shapes/rocks/s_rocks_desert_small_03.dae","useInstanceRenderData":true}
{"class":"TSStatic","persistentId":"5773344b-b06c-437f-ad68-122795118b40","__parent":"trail_marking_rocks","position":[-730.273743,60.1545677,208.397812],"decalType":"Visible Mesh Final","isRenderEnabled":false,"rotationMatrix":[0.680499077,0.726934254,0.0921279863,-0.730038941,0.683405519,3.7252903e-09,-0.0629607663,-0.0672570169,0.995747149],"shapeName":"/levels/johnson_valley/art/shapes/rocks/s_rocks_desert_small_03.dae","useInstanceRenderData":true}
{"class":"TSStatic","persistentId":"8d0d7195-9b33-4cfe-b5f4-438a9a3b7322","__parent":"trail_marking_rocks","position":[455.563721,-311.973267,127.239449],"decalType":"Visible Mesh Final","isRenderEnabled":false,"rotationMatrix":[0.953910232,-0.204647496,-0.219487265,0.209762469,0.977752388,-1.86264515e-09,0.214604184,-0.0460401922,0.975615382],"shapeName":"/levels/johnson_valley/art/shapes/rocks/s_rocks_desert_medium_05.dae","useInstanceRenderData":true}
{"class":"TSStatic","persistentId":"74761d88-c9b3-48a0-98cc-8213c68f9228","__parent":"trail_marking_rocks","position":[431.112518,-527.028076,120.743065],"decalType":"Visible Mesh Final","isRenderEnabled":false,"rotationMatrix":[0.717742145,-0.636043727,0.283363044,0.649331987,0.758331954,0.05745041,-0.251424253,0.142762125,0.957290351],"shapeName":"/levels/johnson_valley/art/shapes/rocks/s_rocks_desert_small_03.dae","useInstanceRenderData":true}
{"class":"TSStatic","persistentId":"da38a4fc-e5fd-4ae6-92ab-e473211b1761","__parent":"trail_marking_rocks","position":[1108.28198,-508.682617,116.971275],"decalType":"Visible Mesh Final","isRenderEnabled":false,"rotationMatrix":[-0.937043071,-0.349214286,0,0.349214286,-0.937043071,0,0,0,1],"shapeName":"/levels/johnson_valley/art/shapes/rocks/s_rocks_desert_medium_04.dae","useInstanceRenderData":true}
{"class":"TSStatic","persistentId":"168b9bf8-fe6e-4df6-8198-addd6187aa6a","__parent":"trail_marking_rocks","position":[1022.45868,-330.526306,122.711784],"decalType":"Visible Mesh Final","isRenderEnabled":false,"rotationMatrix":[0.262542546,0.964920223,0,-0.964920223,0.262542546,0,0,0,1],"shapeName":"/levels/johnson_valley/art/shapes/rocks/s_rocks_desert_medium_05.dae","useInstanceRenderData":true}
{"class":"TSStatic","persistentId":"f8b8beff-bafb-49f8-a4ae-793b8ba4e56b","__parent":"trail_marking_rocks","position":[872.003906,-452.842163,175.460663],"decalType":"Visible Mesh Final","isRenderEnabled":false,"shapeName":"/levels/johnson_valley/art/shapes/rocks/s_rocks_desert_medium_04.dae","useInstanceRenderData":true}
{"class":"TSStatic","persistentId":"7eec0501-3cb1-4769-aa0b-8e1b76efd03a","__parent":"trail_marking_rocks","position":[863.707764,-449.476196,175.175995],"decalType":"Visible Mesh Final","isRenderEnabled":false,"rotationMatrix":[-0.715684891,0.691844165,0.0956379473,-0.695030034,-0.718980551,0,0.0687618405,-0.0664712489,0.995416164],"shapeName":"/levels/johnson_valley/art/shapes/rocks/s_rocks_desert_small_03.dae","useInstanceRenderData":true}
{"class":"TSStatic","persistentId":"3c67bca0-83a3-44da-9888-1f108ef0bc5f","__parent":"trail_marking_rocks","position":[869.292908,-458.505096,174.11647],"decalType":"Visible Mesh Final","isRenderEnabled":false,"rotationMatrix":[0.363272965,-0.931682646,0,0.931682646,0.363272965,0,0,0,1],"shapeName":"/levels/johnson_valley/art/shapes/rocks/s_rocks_desert_small_03.dae","useInstanceRenderData":true}
{"class":"TSStatic","persistentId":"a5f5429c-46f8-433d-8e9a-935b1ef75631","__parent":"trail_marking_rocks","position":[738.636536,-437.253754,227.531067],"decalType":"Visible Mesh Final","isRenderEnabled":false,"rotationMatrix":[-0.759924531,0.650011063,0,-0.650011063,-0.759924531,0,0,0,1],"shapeName":"/levels/johnson_valley/art/shapes/rocks/s_rocks_desert_small_03.dae","useInstanceRenderData":true}
{"class":"TSStatic","persistentId":"1770da7c-c27a-461a-a20b-6e7737eaa30f","__parent":"trail_marking_rocks","position":[739.748901,-441.935089,227.643921],"decalType":"Visible Mesh Final","isRenderEnabled":false,"rotationMatrix":[-0.0894076824,-0.944931448,-0.314819396,0.995553792,-0.0941973925,0,-0.0296550989,-0.31341958,0.949151635],"shapeName":"/levels/johnson_valley/art/shapes/rocks/s_rocks_desert_medium_05.dae","useInstanceRenderData":true}
{"class":"TSStatic","persistentId":"3d18836e-88b4-4c6a-9fab-50ddbb3c5a2f","__parent":"trail_marking_rocks","position":[744.231567,-431.291534,227.51033],"decalType":"Visible Mesh Final","isRenderEnabled":false,"rotationMatrix":[0.366197526,0.805736363,0.465497851,-0.910386145,0.413759589,2.98023224e-08,-0.192604139,-0.423782825,0.885048985],"scale":[1.17441416,1.17441416,1.17441416],"shapeName":"/levels/johnson_valley/art/shapes/rocks/s_rocks_desert_small_03.dae","useInstanceRenderData":true}
{"class":"TSStatic","persistentId":"8de23aaf-dff0-44d4-b495-a86b1f584a57","__parent":"trail_marking_rocks","position":[757.01355,-316.780762,201.031158],"decalType":"Visible Mesh Final","isRenderEnabled":false,"rotationMatrix":[-0.299356103,0.937057614,0.179747611,-0.916824579,-0.334668159,0.217784926,0.264232785,-0.0996017903,0.959302127],"shapeName":"/levels/johnson_valley/art/shapes/rocks/s_rocks_desert_small_03.dae","useInstanceRenderData":true}
{"class":"TSStatic","persistentId":"a48a27e1-a6ca-4251-94ed-2327c59566f1","__parent":"trail_marking_rocks","position":[748.593384,-310.733185,199.755844],"decalType":"Visible Mesh Final","isRenderEnabled":false,"rotationMatrix":[-0.836932778,-0.547305524,0,0.547305524,-0.836932778,0,0,0,1],"shapeName":"/levels/johnson_valley/art/shapes/rocks/s_rocks_desert_medium_05.dae","useInstanceRenderData":true}
{"class":"TSStatic","persistentId":"d2f0ff29-9bca-40f5-9c7b-182f1a5b6fa1","__parent":"trail_marking_rocks","position":[646.00177,-232.821518,158.204407],"decalType":"Visible Mesh Final","isRenderEnabled":false,"rotationMatrix":[0.280836225,0.915845692,0.286980569,-0.956061065,0.293167949,0,-0.0841335207,-0.274370939,0.957936406],"scale":[1.16435552,1.16435552,1.16435552],"shapeName":"/levels/johnson_valley/art/shapes/rocks/s_rocks_desert_small_03.dae","useInstanceRenderData":true}
{"class":"TSStatic","persistentId":"d76b5186-7df7-4e37-a286-4779e795cca1","__parent":"trail_marking_rocks","position":[635.902954,-242.241928,157.383606],"decalType":"Visible Mesh Final","isRenderEnabled":false,"rotationMatrix":[-0.920123696,-0.252398133,0.29944545,0.264536798,-0.964375615,3.7252903e-09,0.288777888,0.0792143494,0.954113424],"shapeName":"/levels/johnson_valley/art/shapes/rocks/s_rocks_desert_small_03.dae","useInstanceRenderData":true}
{"class":"TSStatic","persistentId":"eaf5eabc-564d-459a-9e47-dc0b0895f934","__parent":"trail_marking_rocks","position":[640.349121,-244.404175,158.007233],"decalType":"Visible Mesh Final","isRenderEnabled":false,"rotationMatrix":[-0.624847412,0.723783314,0.292752266,-0.755722106,-0.466517568,-0.459614962,-0.196087584,-0.508428454,0.83848089],"shapeName":"/levels/johnson_valley/art/shapes/rocks/s_rocks_desert_medium_05.dae","useInstanceRenderData":true}
{"class":"TSStatic","persistentId":"9903f193-32fc-4a4a-a37a-3e9416fad823","__parent":"trail_marking_rocks","position":[641.031982,-178.883789,147.297363],"decalType":"Visible Mesh Final","isRenderEnabled":false,"rotationMatrix":[0.113720655,0.99351269,0,-0.949423254,0.108674049,0.294593364,0.29268226,-0.033501327,0.955622673],"shapeName":"/levels/johnson_valley/art/shapes/rocks/s_rocks_desert_medium_04.dae","useInstanceRenderData":true}
{"class":"TSStatic","persistentId":"28a885b5-adcf-47b3-9095-d2ede0bca343","__parent":"trail_marking_rocks","position":[626.663818,-182.838318,147.220016],"decalType":"Visible Mesh Final","isRenderEnabled":false,"rotationMatrix":[-0.688841462,0.658373058,0.303384215,-0.553121626,-0.747871041,0.36707601,0.468565315,0.0850488245,0.87932539],"shapeName":"/levels/johnson_valley/art/shapes/rocks/s_rocks_desert_small_03.dae","useInstanceRenderData":true}
{"class":"TSStatic","persistentId":"45b9a468-16b6-4fba-8c1d-60cfb14cf464","__parent":"trail_marking_rocks","position":[579.199707,-74.2307816,125.524567],"decalType":"Visible Mesh Final","isRenderEnabled":false,"rotationMatrix":[0.0852894783,-0.391009033,-0.91642642,-0.97702688,-0.213115215,2.98023224e-08,-0.195304543,0.895373344,-0.400202751],"scale":[0.753417969,0.753417969,0.753417969],"shapeName":"/levels/johnson_valley/art/shapes/rocks/s_rocks_desert_medium_04.dae","useInstanceRenderData":true}
