{"name":"Animal_QP12_1453_1","class":"SFXEmitter","persistentId":"33915580-267f-4239-ad07-1fa95a7a345c","__parent":"Amb_3D","position":[792.508789,-956.217529,188.33374],"fadeInTime":0,"fadeOutTime":0,"isLooping":false,"maxDistance":20,"rotationMatrix":[1,0,0,0,0.999999762,-0.000690533896,0,0.000690533896,0.999999762],"scale":[20,20,20],"track":"event:>Ambient>3D Shared>Animal QP12 1453","useTrackDescriptionOnly":true}
{"name":"Animal_QP12_1453_2","class":"SFXEmitter","persistentId":"f9099281-d92a-46bc-84da-ba682c835b4a","__parent":"Amb_3D","position":[-778.377075,-934.425171,181.812164],"fadeInTime":0,"fadeOutTime":0,"isLooping":false,"maxDistance":20,"rotationMatrix":[1,0,0,0,0.999999762,-0.000690533896,0,0.000690533896,0.999999762],"scale":[20,20,20],"track":"event:>Ambient>3D Shared>Animal QP12 1453","useTrackDescriptionOnly":true}
{"name":"Animal_QP12_1453_3","class":"SFXEmitter","persistentId":"c10bcd78-c763-4307-8b0b-ce909ab4222e","__parent":"Amb_3D","position":[-624.596436,-914.177429,184.792694],"cloneOrigin":"Animal_QP12_1453_3","fadeInTime":0,"fadeOutTime":0,"isLooping":false,"maxDistance":20,"rotationMatrix":[1,0,0,0,0.999999762,-0.000690533896,0,0.000690533896,0.999999762],"scale":[20,20,20],"track":"event:>Ambient>3D Shared>Animal QP12 1453","useTrackDescriptionOnly":true}
{"name":"Church_Bells","class":"SFXEmitter","persistentId":"dfa9b9ca-4d42-45e8-95e7-2d19778448c9","__parent":"Amb_3D","position":[-858.638245,309.279938,195.726639],"cloneOrigin":"Pump_Jack_Squeak_6","fadeInTime":0,"fadeOutTime":0,"isLooping":false,"maxDistance":300,"rotationMatrix":[-0.615081906,-0.782549322,0.0963826478,0.775998712,-0.579167902,0.249783158,-0.139646173,0.228429645,0.963493168],"scale":[300,300,300],"track":"event:>Ambient>3D Shared>Church_Bells_01","useTrackDescriptionOnly":true}
{"name":"Insect_Forest_Cricket_1","class":"SFXEmitter","persistentId":"b80a2eaa-dcd4-40c8-bf72-fa396c0bdcb4","__parent":"Amb_3D","position":[-930.64093,-891.732605,134.330017],"cloneOrigin":"Animal_QP08_1004_3","fadeInTime":0,"fadeOutTime":0,"isLooping":false,"maxDistance":60,"referenceDistance":5,"rotationMatrix":[1,0,0,0,0.999999762,-0.000690533896,0,0.000690533896,0.999999762],"scale":[60,60,60],"track":"event:>Ambient>3D Shared>Insect Forest Cricket Mono","useTrackDescriptionOnly":true}
{"name":"Insect_Forest_Cricket_10","class":"SFXEmitter","persistentId":"d3829611-62a8-4543-96c4-509c66cd4ea2","__parent":"Amb_3D","position":[921.748962,396.870667,155.506393],"cloneOrigin":"Insect_Forest_Cricket_9","fadeInTime":0,"fadeOutTime":0,"isLooping":false,"maxDistance":60,"referenceDistance":5,"rotationMatrix":[1,0,0,0,0.999999762,-0.000690533896,0,0.000690533896,0.999999762],"scale":[60,60,60],"track":"event:>Ambient>3D Shared>Insect Forest Cricket Mono","useTrackDescriptionOnly":true}
{"name":"Insect_Forest_Cricket_2","class":"SFXEmitter","persistentId":"26237b6e-76d8-44b1-94ae-b74539ecf9d7","__parent":"Amb_3D","position":[-409.960907,-892.748901,144.092392],"cloneOrigin":"Insect_Forest_Cricket_1","fadeInTime":0,"fadeOutTime":0,"isLooping":false,"maxDistance":60,"referenceDistance":5,"rotationMatrix":[1,0,0,0,0.999999762,-0.000690533896,0,0.000690533896,0.999999762],"scale":[60,60,60],"track":"event:>Ambient>3D Shared>Insect Forest Cricket Mono","useTrackDescriptionOnly":true}
{"name":"Insect_Forest_Cricket_4","class":"SFXEmitter","persistentId":"b8f0735f-c0a3-4f29-bc41-fe563b192084","__parent":"Amb_3D","position":[936.315796,-966.166565,168.411057],"cloneOrigin":"Insect_Forest_Cricket_3","fadeInTime":0,"fadeOutTime":0,"isLooping":false,"maxDistance":60,"referenceDistance":5,"rotationMatrix":[1,0,0,0,0.999999762,-0.000690533896,0,0.000690533896,0.999999762],"scale":[60,60,60],"track":"event:>Ambient>3D Shared>Insect Forest Cricket Mono","useTrackDescriptionOnly":true}
{"name":"Insect_Forest_Cricket_5","class":"SFXEmitter","persistentId":"524fd73e-8a2d-47f7-aa2b-4fc4937fe8a0","__parent":"Amb_3D","position":[732.063477,-688.666687,203.620773],"cloneOrigin":"Insect_Forest_Cricket_4","fadeInTime":0,"fadeOutTime":0,"isLooping":false,"maxDistance":60,"referenceDistance":5,"rotationMatrix":[1,0,0,0,0.999999762,-0.000690533896,0,0.000690533896,0.999999762],"scale":[60,60,60],"track":"event:>Ambient>3D Shared>Insect Forest Cricket Mono","useTrackDescriptionOnly":true}
{"name":"Insect_Forest_Cricket_6","class":"SFXEmitter","persistentId":"4546f926-e0d6-4c02-be7c-f8256e326776","__parent":"Amb_3D","position":[-519.816406,-702.517395,151.844284],"cloneOrigin":"Insect_Forest_Cricket_5","fadeInTime":0,"fadeOutTime":0,"isLooping":false,"maxDistance":60,"referenceDistance":5,"rotationMatrix":[1,0,0,0,0.999999762,-0.000690533896,0,0.000690533896,0.999999762],"scale":[60,60,60],"track":"event:>Ambient>3D Shared>Insect Forest Cricket Mono","useTrackDescriptionOnly":true}
{"name":"Insect_Forest_Cricket_7","class":"SFXEmitter","persistentId":"145ccc9c-7722-495f-8a28-684770520ca1","__parent":"Amb_3D","position":[-344.726379,-307.734314,111.952003],"cloneOrigin":"Insect_Forest_Cricket_6","fadeInTime":0,"fadeOutTime":0,"isLooping":false,"maxDistance":60,"referenceDistance":5,"rotationMatrix":[1,0,0,0,0.999999762,-0.000690533896,0,0.000690533896,0.999999762],"scale":[60,60,60],"track":"event:>Ambient>3D Shared>Insect Forest Cricket Mono","useTrackDescriptionOnly":true}
{"name":"Insect_Forest_Cricket_8","class":"SFXEmitter","persistentId":"d8d5bda5-7e13-4f62-bc86-995911ba4aeb","__parent":"Amb_3D","position":[-807.116699,-51.4289551,113.028954],"cloneOrigin":"Insect_Forest_Cricket_7","fadeInTime":0,"fadeOutTime":0,"isLooping":false,"maxDistance":60,"referenceDistance":5,"rotationMatrix":[1,0,0,0,0.999999762,-0.000690533896,0,0.000690533896,0.999999762],"scale":[60,60,60],"track":"event:>Ambient>3D Shared>Insect Forest Cricket Mono","useTrackDescriptionOnly":true}
{"name":"Insect_Forest_Cricket_9","class":"SFXEmitter","persistentId":"9295de07-681f-477d-83ec-9a6675a396d3","__parent":"Amb_3D","position":[389.810669,894.344666,116.310974],"cloneOrigin":"Insect_Forest_Cricket_8","fadeInTime":0,"fadeOutTime":0,"isLooping":false,"maxDistance":60,"referenceDistance":5,"rotationMatrix":[1,0,0,0,0.999999762,-0.000690533896,0,0.000690533896,0.999999762],"scale":[60,60,60],"track":"event:>Ambient>3D Shared>Insect Forest Cricket Mono","useTrackDescriptionOnly":true}
{"name":"Insect_QP06_665_1","class":"SFXEmitter","persistentId":"951f9af4-0595-4fb4-a23e-9f32338491ba","__parent":"Amb_3D","position":[936.709778,318.210266,160.409744],"cloneOrigin":"Insect_Forest_Cricket_10","fadeInTime":0,"fadeOutTime":0,"isLooping":false,"maxDistance":20,"rotationMatrix":[1,0,0,0,0.999999762,-0.000690533896,0,0.000690533896,0.999999762],"scale":[20,20,20],"track":"event:>Ambient>3D Shared>Insect QP06 665","useTrackDescriptionOnly":true}
{"name":"Insect_QP06_665_10","class":"SFXEmitter","persistentId":"75f1f332-49f3-41a5-ba50-b2c4c410e9e0","__parent":"Amb_3D","position":[263.537537,889.000366,100.158783],"cloneOrigin":"Insect_QP06_665_9","fadeInTime":0,"fadeOutTime":0,"isLooping":false,"maxDistance":20,"rotationMatrix":[1,0,0,0,0.999999762,-0.000690533896,0,0.000690533896,0.999999762],"scale":[20,20,20],"track":"event:>Ambient>3D Shared>Insect QP06 665","useTrackDescriptionOnly":true}
{"name":"Insect_QP06_665_2","class":"SFXEmitter","persistentId":"489f7238-593e-43d2-8354-6f5011bbdba4","__parent":"Amb_3D","position":[690.946045,345.631744,152.888809],"cloneOrigin":"Insect_Forest_Cricket_11","fadeInTime":0,"fadeOutTime":0,"isLooping":false,"maxDistance":20,"rotationMatrix":[1,0,0,0,0.999999762,-0.000690533896,0,0.000690533896,0.999999762],"scale":[20,20,20],"track":"event:>Ambient>3D Shared>Insect QP06 665","useTrackDescriptionOnly":true}
{"name":"Insect_QP06_665_3","class":"SFXEmitter","persistentId":"0d10284c-83ec-485d-a916-c39960c0a145","__parent":"Amb_3D","position":[868.608582,-224.063629,155.508087],"cloneOrigin":"Insect_Forest_Cricket_12","fadeInTime":0,"fadeOutTime":0,"isLooping":false,"maxDistance":20,"rotationMatrix":[1,0,0,0,0.999999762,-0.000690533896,0,0.000690533896,0.999999762],"scale":[20,20,20],"track":"event:>Ambient>3D Shared>Insect QP06 665","useTrackDescriptionOnly":true}
{"name":"Insect_QP06_665_4","class":"SFXEmitter","persistentId":"097e2779-b34c-40c0-958f-57b7ace5201e","__parent":"Amb_3D","position":[736.580078,-570.924255,178.116806],"cloneOrigin":"Insect_QP06_665_3","fadeInTime":0,"fadeOutTime":0,"isLooping":false,"maxDistance":20,"rotationMatrix":[1,0,0,0,0.999999762,-0.000690533896,0,0.000690533896,0.999999762],"scale":[20,20,20],"track":"event:>Ambient>3D Shared>Insect QP06 665","useTrackDescriptionOnly":true}
{"name":"Insect_QP06_665_5","class":"SFXEmitter","persistentId":"5db65788-e6dd-4702-a12d-8d43f97bf45a","__parent":"Amb_3D","position":[360.720123,-1008.67334,141.776535],"cloneOrigin":"Insect_QP06_665_4","fadeInTime":0,"fadeOutTime":0,"isLooping":false,"maxDistance":20,"rotationMatrix":[1,0,0,0,0.999999762,-0.000690533896,0,0.000690533896,0.999999762],"scale":[20,20,20],"track":"event:>Ambient>3D Shared>Insect QP06 665","useTrackDescriptionOnly":true}
{"name":"Insect_QP06_665_6","class":"SFXEmitter","persistentId":"4a07b9f5-51e3-4c71-b81d-0419a755c4c0","__parent":"Amb_3D","position":[-61.2584381,-789.513733,127.716858],"cloneOrigin":"Insect_QP06_665_5","fadeInTime":0,"fadeOutTime":0,"isLooping":false,"maxDistance":20,"rotationMatrix":[1,0,0,0,0.999999762,-0.000690533896,0,0.000690533896,0.999999762],"scale":[20,20,20],"track":"event:>Ambient>3D Shared>Insect QP06 665","useTrackDescriptionOnly":true}
{"name":"Insect_QP06_665_7","class":"SFXEmitter","persistentId":"782c4be2-3526-453b-8763-5f690289fc8e","__parent":"Amb_3D","position":[-523.114502,-921.421875,157.571426],"cloneOrigin":"Insect_QP06_665_6","fadeInTime":0,"fadeOutTime":0,"isLooping":false,"maxDistance":20,"rotationMatrix":[1,0,0,0,0.999999762,-0.000690533896,0,0.000690533896,0.999999762],"scale":[20,20,20],"track":"event:>Ambient>3D Shared>Insect QP06 665","useTrackDescriptionOnly":true}
{"name":"Insect_QP06_665_8","class":"SFXEmitter","persistentId":"039d99c6-9ffb-48de-9c06-608b22e1653f","__parent":"Amb_3D","position":[-655.325073,-684.52179,169.551804],"cloneOrigin":"Insect_QP06_665_7","fadeInTime":0,"fadeOutTime":0,"isLooping":false,"maxDistance":20,"rotationMatrix":[1,0,0,0,0.999999762,-0.000690533896,0,0.000690533896,0.999999762],"scale":[20,20,20],"track":"event:>Ambient>3D Shared>Insect QP06 665","useTrackDescriptionOnly":true}
{"name":"Insect_QP06_665_9","class":"SFXEmitter","persistentId":"e7d61ba7-bc08-4717-adad-fb31373db15f","__parent":"Amb_3D","position":[-570.456787,-347.956085,106.95639],"cloneOrigin":"Insect_QP06_665_8","fadeInTime":0,"fadeOutTime":0,"isLooping":false,"maxDistance":20,"rotationMatrix":[1,0,0,0,0.999999762,-0.000690533896,0,0.000690533896,0.999999762],"scale":[20,20,20],"track":"event:>Ambient>3D Shared>Insect QP06 665","useTrackDescriptionOnly":true}
{"name":"Insect_QP06_667_1","class":"SFXEmitter","persistentId":"4efbae95-841b-4e4f-93bd-133f8120fae8","__parent":"Amb_3D","position":[323.515137,928.888489,100.500748],"cloneOrigin":"Insect_QP06_665_10","fadeInTime":0,"fadeOutTime":0,"isLooping":false,"maxDistance":20,"rotationMatrix":[1,0,0,0,0.999999762,-0.000690533896,0,0.000690533896,0.999999762],"scale":[20,20,20],"track":"event:>Ambient>3D Shared>Insect QP06 667","useTrackDescriptionOnly":true}
{"name":"Insect_QP06_667_2","class":"SFXEmitter","persistentId":"20c9f587-2b92-42b7-813a-ca0780dad773","__parent":"Amb_3D","position":[612.626892,610.802429,124.7995],"cloneOrigin":"Insect_QP06_667_1","fadeInTime":0,"fadeOutTime":0,"isLooping":false,"maxDistance":20,"rotationMatrix":[1,0,0,0,0.999999762,-0.000690533896,0,0.000690533896,0.999999762],"scale":[20,20,20],"track":"event:>Ambient>3D Shared>Insect QP06 667","useTrackDescriptionOnly":true}
{"name":"Insect_QP06_667_3","class":"SFXEmitter","persistentId":"ab53284e-3bb0-4810-a269-2c22245b4a74","__parent":"Amb_3D","position":[619.45929,-624.819641,218.785187],"cloneOrigin":"Insect_QP06_667_2","fadeInTime":0,"fadeOutTime":0,"isLooping":false,"maxDistance":20,"rotationMatrix":[1,0,0,0,0.999999762,-0.000690533896,0,0.000690533896,0.999999762],"scale":[20,20,20],"track":"event:>Ambient>3D Shared>Insect QP06 667","useTrackDescriptionOnly":true}
{"name":"Insect_QP06_667_4","class":"SFXEmitter","persistentId":"5d0eb6d5-7025-4632-b62c-a4aeb28e1f9d","__parent":"Amb_3D","position":[768.962524,-923.469788,170.456573],"cloneOrigin":"Insect_QP06_667_3","fadeInTime":0,"fadeOutTime":0,"isLooping":false,"maxDistance":20,"rotationMatrix":[1,0,0,0,0.999999762,-0.000690533896,0,0.000690533896,0.999999762],"scale":[20,20,20],"track":"event:>Ambient>3D Shared>Insect QP06 667","useTrackDescriptionOnly":true}
{"name":"Insect_QP06_667_5","class":"SFXEmitter","persistentId":"41c6443f-9b91-4fce-bdda-77d987822c11","__parent":"Amb_3D","position":[-359.65741,-702.838562,138.257126],"cloneOrigin":"Insect_QP06_667_4","fadeInTime":0,"fadeOutTime":0,"isLooping":false,"maxDistance":20,"rotationMatrix":[1,0,0,0,0.999999762,-0.000690533896,0,0.000690533896,0.999999762],"scale":[20,20,20],"track":"event:>Ambient>3D Shared>Insect QP06 667","useTrackDescriptionOnly":true}
{"name":"Insect_QP06_667_6","class":"SFXEmitter","persistentId":"d45bb938-0a25-4054-b168-783cd0e341be","__parent":"Amb_3D","position":[-875.208313,-469.788788,100.028297],"cloneOrigin":"Insect_QP06_667_5","fadeInTime":0,"fadeOutTime":0,"isLooping":false,"maxDistance":20,"rotationMatrix":[1,0,0,0,0.999999762,-0.000690533896,0,0.000690533896,0.999999762],"scale":[20,20,20],"track":"event:>Ambient>3D Shared>Insect QP06 667","useTrackDescriptionOnly":true}
{"name":"Insect_QP06_667_7","class":"SFXEmitter","persistentId":"b38d9294-afad-4a25-882c-56e93e4d2eec","__parent":"Amb_3D","position":[-931.886292,-110.211952,117.269302],"cloneOrigin":"Insect_QP06_667_6","fadeInTime":0,"fadeOutTime":0,"isLooping":false,"maxDistance":20,"rotationMatrix":[1,0,0,0,0.999999762,-0.000690533896,0,0.000690533896,0.999999762],"scale":[20,20,20],"track":"event:>Ambient>3D Shared>Insect QP06 667","useTrackDescriptionOnly":true}
{"name":"Insect_QP06_667_8","class":"SFXEmitter","persistentId":"aeba6fb6-0509-4242-aea2-01e5311cb9df","__parent":"Amb_3D","position":[-85.0088959,430.992676,85.637619],"cloneOrigin":"Insect_QP06_667_7","fadeInTime":0,"fadeOutTime":0,"isLooping":false,"maxDistance":20,"rotationMatrix":[1,0,0,0,0.999999762,-0.000690533896,0,0.000690533896,0.999999762],"scale":[20,20,20],"track":"event:>Ambient>3D Shared>Insect QP06 667","useTrackDescriptionOnly":true}
{"name":"Insect_QP08_907_1","class":"SFXEmitter","persistentId":"b6c677fe-7e66-479d-96b6-2fcb93795a5a","__parent":"Amb_3D","position":[311.248413,-96.3941879,138.254761],"cloneOrigin":"Insect_QP08_902_15","fadeInTime":0,"fadeOutTime":0,"isLooping":false,"maxDistance":20,"rotationMatrix":[1,0,0,0,0.999999762,-0.000690533896,0,0.000690533896,0.999999762],"scale":[20,20,20],"track":"event:>Ambient>3D Shared>Insect QP08 907","useTrackDescriptionOnly":true}
{"name":"Insect_QP08_907_11","class":"SFXEmitter","persistentId":"fd1ddcb3-b6b6-40d8-a1df-856b22bc8a65","__parent":"Amb_3D","position":[181.449585,-796.323181,146.51413],"cloneOrigin":"Insect_QP08_907_10","fadeInTime":0,"fadeOutTime":0,"isLooping":false,"maxDistance":20,"rotationMatrix":[1,0,0,0,0.999999762,-0.000690533896,0,0.000690533896,0.999999762],"scale":[20,20,20],"track":"event:>Ambient>3D Shared>Insect QP08 907","useTrackDescriptionOnly":true}
{"name":"Insect_QP08_907_12","class":"SFXEmitter","persistentId":"84eed5a6-b71f-46f3-942f-9c8cb5d98fda","__parent":"Amb_3D","position":[-482.240509,-959.514404,156.936996],"cloneOrigin":"Insect_QP08_907_11","fadeInTime":0,"fadeOutTime":0,"isLooping":false,"maxDistance":20,"rotationMatrix":[1,0,0,0,0.999999762,-0.000690533896,0,0.000690533896,0.999999762],"scale":[20,20,20],"track":"event:>Ambient>3D Shared>Insect QP08 907","useTrackDescriptionOnly":true}
{"name":"Insect_QP08_907_13","class":"SFXEmitter","persistentId":"980d5c60-6a99-435b-8ee0-2c3bf5291f13","__parent":"Amb_3D","position":[-871.667969,-990.379456,151.852692],"cloneOrigin":"Insect_QP08_907_12","fadeInTime":0,"fadeOutTime":0,"isLooping":false,"maxDistance":20,"rotationMatrix":[1,0,0,0,0.999999762,-0.000690533896,0,0.000690533896,0.999999762],"scale":[20,20,20],"track":"event:>Ambient>3D Shared>Insect QP08 907","useTrackDescriptionOnly":true}
{"name":"Insect_QP08_907_14","class":"SFXEmitter","persistentId":"ab960a0e-6f39-45b7-9ffc-951e6c166ed7","__parent":"Amb_3D","position":[-418.837616,-561.821777,125.620361],"cloneOrigin":"Insect_QP08_907_13","fadeInTime":0,"fadeOutTime":0,"isLooping":false,"maxDistance":20,"rotationMatrix":[1,0,0,0,0.999999762,-0.000690533896,0,0.000690533896,0.999999762],"scale":[20,20,20],"track":"event:>Ambient>3D Shared>Insect QP08 907","useTrackDescriptionOnly":true}
{"name":"Insect_QP08_907_15","class":"SFXEmitter","persistentId":"0e103b07-a118-4abd-a5e8-3cb173d0fa84","__parent":"Amb_3D","position":[-657.247314,-230.98349,101.492096],"cloneOrigin":"Insect_QP08_907_14","fadeInTime":0,"fadeOutTime":0,"isLooping":false,"maxDistance":20,"rotationMatrix":[1,0,0,0,0.999999762,-0.000690533896,0,0.000690533896,0.999999762],"scale":[20,20,20],"track":"event:>Ambient>3D Shared>Insect QP08 907","useTrackDescriptionOnly":true}
{"name":"Insect_QP08_907_16","class":"SFXEmitter","persistentId":"bbd65c89-fd1e-46d6-a6a2-e9ab03c364eb","__parent":"Amb_3D","position":[-694.916565,636.087036,106.570549],"cloneOrigin":"Insect_QP08_907_15","fadeInTime":0,"fadeOutTime":0,"isLooping":false,"maxDistance":20,"rotationMatrix":[1,0,0,0,0.999999762,-0.000690533896,0,0.000690533896,0.999999762],"scale":[20,20,20],"track":"event:>Ambient>3D Shared>Insect QP08 907","useTrackDescriptionOnly":true}
{"name":"Insect_QP08_907_17","class":"SFXEmitter","persistentId":"b5b05967-20d1-4adf-b65a-72d28b7a456a","__parent":"Amb_3D","position":[-284.903992,20.5879326,117.567184],"cloneOrigin":"Insect_QP08_907_16","fadeInTime":0,"fadeOutTime":0,"isLooping":false,"maxDistance":20,"rotationMatrix":[1,0,0,0,0.999999762,-0.000690533896,0,0.000690533896,0.999999762],"scale":[20,20,20],"track":"event:>Ambient>3D Shared>Insect QP08 907","useTrackDescriptionOnly":true}
{"name":"Insect_QP08_907_18","class":"SFXEmitter","persistentId":"5adf7bce-c659-4b27-8325-7f15fb1fc7f3","__parent":"Amb_3D","position":[184.678726,70.889267,125.578369],"cloneOrigin":"Insect_QP08_907_17","fadeInTime":0,"fadeOutTime":0,"isLooping":false,"maxDistance":20,"rotationMatrix":[1,0,0,0,0.999999762,-0.000690533896,0,0.000690533896,0.999999762],"scale":[20,20,20],"track":"event:>Ambient>3D Shared>Insect QP08 907","useTrackDescriptionOnly":true}
{"name":"Insect_QP08_907_19","class":"SFXEmitter","persistentId":"720dc8ea-3003-484a-b06a-08ea8d8670ff","__parent":"Amb_3D","position":[486.922028,610.777222,132.765656],"cloneOrigin":"Insect_QP08_907_18","fadeInTime":0,"fadeOutTime":0,"isLooping":false,"maxDistance":20,"rotationMatrix":[1,0,0,0,0.999999762,-0.000690533896,0,0.000690533896,0.999999762],"scale":[20,20,20],"track":"event:>Ambient>3D Shared>Insect QP08 907","useTrackDescriptionOnly":true}
{"name":"Insect_QP08_907_2","class":"SFXEmitter","persistentId":"f5429d2e-adb7-4a16-97cc-a3b46536d7c6","__parent":"Amb_3D","position":[815.351501,444.565399,151.457916],"cloneOrigin":"Insect_QP08_907_1","fadeInTime":0,"fadeOutTime":0,"isLooping":false,"maxDistance":20,"rotationMatrix":[1,0,0,0,0.999999762,-0.000690533896,0,0.000690533896,0.999999762],"scale":[20,20,20],"track":"event:>Ambient>3D Shared>Insect QP08 907","useTrackDescriptionOnly":true}
{"name":"Insect_QP08_907_20","class":"SFXEmitter","persistentId":"2fe79d0f-00bd-4931-89b9-871ea7a698c3","__parent":"Amb_3D","position":[369.143829,207.566452,127.056915],"cloneOrigin":"Insect_QP08_907_19","fadeInTime":0,"fadeOutTime":0,"isLooping":false,"maxDistance":20,"rotationMatrix":[1,0,0,0,0.999999762,-0.000690533896,0,0.000690533896,0.999999762],"scale":[20,20,20],"track":"event:>Ambient>3D Shared>Insect QP08 907","useTrackDescriptionOnly":true}
{"name":"Insect_QP08_907_4","class":"SFXEmitter","persistentId":"a6dc1c09-986b-4664-a556-c6bf8fe6d272","__parent":"Amb_3D","position":[894.743347,101.027161,159.132278],"cloneOrigin":"Insect_QP08_907_3","fadeInTime":0,"fadeOutTime":0,"isLooping":false,"maxDistance":20,"rotationMatrix":[1,0,0,0,0.999999762,-0.000690533896,0,0.000690533896,0.999999762],"scale":[20,20,20],"track":"event:>Ambient>3D Shared>Insect QP08 907","useTrackDescriptionOnly":true}
{"name":"Insect_QP08_907_5","class":"SFXEmitter","persistentId":"5e8dcc46-189b-4617-9957-86237ef0b0a7","__parent":"Amb_3D","position":[977.139771,-207.903427,151.687622],"cloneOrigin":"Insect_QP08_907_4","fadeInTime":0,"fadeOutTime":0,"isLooping":false,"maxDistance":20,"rotationMatrix":[1,0,0,0,0.999999762,-0.000690533896,0,0.000690533896,0.999999762],"scale":[20,20,20],"track":"event:>Ambient>3D Shared>Insect QP08 907","useTrackDescriptionOnly":true}
{"name":"Insect_QP08_907_6","class":"SFXEmitter","persistentId":"610dcae1-4514-448a-886e-2e4cd08de25d","__parent":"Amb_3D","position":[857.322632,-671.414001,170.615952],"cloneOrigin":"Insect_QP08_907_5","fadeInTime":0,"fadeOutTime":0,"isLooping":false,"maxDistance":20,"rotationMatrix":[1,0,0,0,0.999999762,-0.000690533896,0,0.000690533896,0.999999762],"scale":[20,20,20],"track":"event:>Ambient>3D Shared>Insect QP08 907","useTrackDescriptionOnly":true}
{"name":"Insect_QP08_907_7","class":"SFXEmitter","persistentId":"8bb41b93-13cb-400d-85e3-041c49d4d07a","__parent":"Amb_3D","position":[980.519043,-977.541016,171.715012],"cloneOrigin":"Insect_QP08_907_6","fadeInTime":0,"fadeOutTime":0,"isLooping":false,"maxDistance":20,"rotationMatrix":[1,0,0,0,0.999999762,-0.000690533896,0,0.000690533896,0.999999762],"scale":[20,20,20],"track":"event:>Ambient>3D Shared>Insect QP08 907","useTrackDescriptionOnly":true}
{"name":"Insect_QP08_907_8","class":"SFXEmitter","persistentId":"91ed098e-065c-43e0-ab4f-752353878394","__parent":"Amb_3D","position":[577.543396,-910.302795,149.123032],"cloneOrigin":"Insect_QP08_907_7","fadeInTime":0,"fadeOutTime":0,"isLooping":false,"maxDistance":20,"rotationMatrix":[1,0,0,0,0.999999762,-0.000690533896,0,0.000690533896,0.999999762],"scale":[20,20,20],"track":"event:>Ambient>3D Shared>Insect QP08 907","useTrackDescriptionOnly":true}
{"name":"Insect_QP08_907_9","class":"SFXEmitter","persistentId":"5b5c0dfa-5a0b-406d-a342-73aeb74849aa","__parent":"Amb_3D","position":[521.42688,-590.16333,179.257492],"cloneOrigin":"Insect_QP08_907_8","fadeInTime":0,"fadeOutTime":0,"isLooping":false,"maxDistance":20,"rotationMatrix":[1,0,0,0,0.999999762,-0.000690533896,0,0.000690533896,0.999999762],"scale":[20,20,20],"track":"event:>Ambient>3D Shared>Insect QP08 907","useTrackDescriptionOnly":true}
{"name":"Insect_QP12_1508_1","class":"SFXEmitter","persistentId":"3d1fb8e8-17a8-4388-9789-bcca9fd9fdf3","__parent":"Amb_3D","position":[535.832642,600.099121,130.673309],"cloneOrigin":"Insect_QP06_665_2","fadeInTime":0,"fadeOutTime":0,"isLooping":false,"maxDistance":20,"rotationMatrix":[1,0,0,0,0.999999762,-0.000690533896,0,0.000690533896,0.999999762],"scale":[20,20,20],"track":"event:>Ambient>3D Shared>Insect QP12 1508","useTrackDescriptionOnly":true}
{"name":"Insect_QP12_1508_10","class":"SFXEmitter","persistentId":"901f24fc-6b11-43d4-9f04-d0e39892526c","__parent":"Amb_3D","position":[-371.57019,-917.083008,144.405746],"cloneOrigin":"Insect_QP12_1508_9","fadeInTime":0,"fadeOutTime":0,"isLooping":false,"maxDistance":20,"rotationMatrix":[1,0,0,0,0.999999762,-0.000690533896,0,0.000690533896,0.999999762],"scale":[20,20,20],"track":"event:>Ambient>3D Shared>Insect QP12 1508","useTrackDescriptionOnly":true}
{"name":"Insect_QP12_1508_11","class":"SFXEmitter","persistentId":"3194d531-1f3d-4c9c-b633-99a29b8aada6","__parent":"Amb_3D","position":[-438.444672,-650.875549,140.589417],"cloneOrigin":"Insect_QP12_1508_10","fadeInTime":0,"fadeOutTime":0,"isLooping":false,"maxDistance":20,"rotationMatrix":[1,0,0,0,0.999999762,-0.000690533896,0,0.000690533896,0.999999762],"scale":[20,20,20],"track":"event:>Ambient>3D Shared>Insect QP12 1508","useTrackDescriptionOnly":true}
{"name":"Insect_QP12_1508_12","class":"SFXEmitter","persistentId":"590fc9fb-8869-4fe6-a54a-619368a709eb","__parent":"Amb_3D","position":[-821.284851,-857.347229,127.708679],"cloneOrigin":"Insect_QP12_1508_11","fadeInTime":0,"fadeOutTime":0,"isLooping":false,"maxDistance":20,"rotationMatrix":[1,0,0,0,0.999999762,-0.000690533896,0,0.000690533896,0.999999762],"scale":[20,20,20],"track":"event:>Ambient>3D Shared>Insect QP12 1508","useTrackDescriptionOnly":true}
{"name":"Insect_QP12_1508_13","class":"SFXEmitter","persistentId":"15a11622-659e-4a02-b5a7-9321feff6dd5","__parent":"Amb_3D","position":[-513.384399,-246.433884,101.260193],"cloneOrigin":"Insect_QP12_1508_12","fadeInTime":0,"fadeOutTime":0,"isLooping":false,"maxDistance":20,"rotationMatrix":[1,0,0,0,0.999999762,-0.000690533896,0,0.000690533896,0.999999762],"scale":[20,20,20],"track":"event:>Ambient>3D Shared>Insect QP12 1508","useTrackDescriptionOnly":true}
{"name":"Insect_QP12_1508_14","class":"SFXEmitter","persistentId":"096e8b6a-6fb0-44c7-97af-47360b8f7526","__parent":"Amb_3D","position":[-322.469971,-404.994354,110.762352],"cloneOrigin":"Insect_QP12_1508_13","fadeInTime":0,"fadeOutTime":0,"isLooping":false,"maxDistance":20,"rotationMatrix":[1,0,0,0,0.999999762,-0.000690533896,0,0.000690533896,0.999999762],"scale":[20,20,20],"track":"event:>Ambient>3D Shared>Insect QP12 1508","useTrackDescriptionOnly":true}
{"name":"Insect_QP12_1508_2","class":"SFXEmitter","persistentId":"8bb2caa0-c006-48ad-bf80-fde84ed9d404","__parent":"Amb_3D","position":[213.011063,853.453186,105.417282],"cloneOrigin":"Insect_QP12_1508_1","fadeInTime":0,"fadeOutTime":0,"isLooping":false,"maxDistance":20,"rotationMatrix":[1,0,0,0,0.999999762,-0.000690533896,0,0.000690533896,0.999999762],"scale":[20,20,20],"track":"event:>Ambient>3D Shared>Insect QP12 1508","useTrackDescriptionOnly":true}
{"name":"Insect_QP12_1508_3","class":"SFXEmitter","persistentId":"7ee00ab3-1b3e-4a30-8a49-d8353c069774","__parent":"Amb_3D","position":[866.625305,943.995605,124.931625],"cloneOrigin":"Insect_QP12_1508_2","fadeInTime":0,"fadeOutTime":0,"isLooping":false,"maxDistance":20,"rotationMatrix":[1,0,0,0,0.999999762,-0.000690533896,0,0.000690533896,0.999999762],"scale":[20,20,20],"track":"event:>Ambient>3D Shared>Insect QP12 1508","useTrackDescriptionOnly":true}
{"name":"Insect_QP12_1508_4","class":"SFXEmitter","persistentId":"8d103999-57bd-4d2b-ab57-1324042fff4a","__parent":"Amb_3D","position":[952.902161,154.453751,157.896759],"cloneOrigin":"Insect_QP12_1508_3","fadeInTime":0,"fadeOutTime":0,"isLooping":false,"maxDistance":20,"rotationMatrix":[1,0,0,0,0.999999762,-0.000690533896,0,0.000690533896,0.999999762],"scale":[20,20,20],"track":"event:>Ambient>3D Shared>Insect QP12 1508","useTrackDescriptionOnly":true}
{"name":"Insect_QP12_1508_5","class":"SFXEmitter","persistentId":"ef936bbc-b967-41d8-8e25-abf565077d6e","__parent":"Amb_3D","position":[916.779907,-409.975647,161.873169],"cloneOrigin":"Insect_QP12_1508_4","fadeInTime":0,"fadeOutTime":0,"isLooping":false,"maxDistance":20,"rotationMatrix":[1,0,0,0,0.999999762,-0.000690533896,0,0.000690533896,0.999999762],"scale":[20,20,20],"track":"event:>Ambient>3D Shared>Insect QP12 1508","useTrackDescriptionOnly":true}
{"name":"Insect_QP12_1508_6","class":"SFXEmitter","persistentId":"6da8e2a1-d254-4a17-9bcf-03b300f5c181","__parent":"Amb_3D","position":[469.640289,-683.647339,176.169556],"cloneOrigin":"Insect_QP12_1508_5","fadeInTime":0,"fadeOutTime":0,"isLooping":false,"maxDistance":20,"rotationMatrix":[1,0,0,0,0.999999762,-0.000690533896,0,0.000690533896,0.999999762],"scale":[20,20,20],"track":"event:>Ambient>3D Shared>Insect QP12 1508","useTrackDescriptionOnly":true}
{"name":"Insect_QP12_1508_7","class":"SFXEmitter","persistentId":"5ef0815e-56cb-4afd-9a81-8138a4d97d60","__parent":"Amb_3D","position":[355.9552,-518.118408,144.578644],"cloneOrigin":"Insect_QP12_1508_6","fadeInTime":0,"fadeOutTime":0,"isLooping":false,"maxDistance":20,"rotationMatrix":[1,0,0,0,0.999999762,-0.000690533896,0,0.000690533896,0.999999762],"scale":[20,20,20],"track":"event:>Ambient>3D Shared>Insect QP12 1508","useTrackDescriptionOnly":true}
{"name":"Insect_QP12_1508_8","class":"SFXEmitter","persistentId":"96dca869-77e0-4d8c-a9b2-aa2e7648e2b5","__parent":"Amb_3D","position":[419.265381,-887.081299,154.099716],"cloneOrigin":"Insect_QP12_1508_7","fadeInTime":0,"fadeOutTime":0,"isLooping":false,"maxDistance":20,"rotationMatrix":[1,0,0,0,0.999999762,-0.000690533896,0,0.000690533896,0.999999762],"scale":[20,20,20],"track":"event:>Ambient>3D Shared>Insect QP12 1508","useTrackDescriptionOnly":true}
{"name":"Insect_QP12_1508_9","class":"SFXEmitter","persistentId":"f3380101-d6ea-4f4d-a5b5-12ea417e2fc3","__parent":"Amb_3D","position":[201.127701,-1004.67242,130.660736],"cloneOrigin":"Insect_QP12_1508_8","fadeInTime":0,"fadeOutTime":0,"isLooping":false,"maxDistance":20,"rotationMatrix":[1,0,0,0,0.999999762,-0.000690533896,0,0.000690533896,0.999999762],"scale":[20,20,20],"track":"event:>Ambient>3D Shared>Insect QP12 1508","useTrackDescriptionOnly":true}
{"name":"Pump_Jack_Engine_1","class":"SFXEmitter","persistentId":"78275d3c-afd2-4141-96e8-9eae6e92e337","__parent":"Amb_3D","position":[-794.055603,-343.546814,103.130272],"cloneOrigin":"Pump_Jack_1","fadeInTime":0,"fadeOutTime":0,"isLooping":false,"maxDistance":120,"referenceDistance":2,"rotationMatrix":[0.348875999,0.937168837,2.16641638e-09,-0.937168658,0.348876536,-0.000690533954,-0.000647147419,0.000240910769,0.999999702],"scale":[120,120,120],"track":"event:>Ambient>Maps>West Coast>Pump Jack_Engine","useTrackDescriptionOnly":true}
{"name":"Pump_Jack_Engine_2","class":"SFXEmitter","persistentId":"550cff22-0444-4e91-a56c-79f0d7bbf75a","__parent":"Amb_3D","position":[-953.346924,-521.942566,103.981163],"cloneOrigin":"Pump_Jack_1","fadeInTime":0,"fadeOutTime":0,"isLooping":false,"maxDistance":120,"referenceDistance":2,"rotationMatrix":[0.348875999,0.937168837,2.16641638e-09,-0.937168658,0.348876536,-0.000690533954,-0.000647147419,0.000240910769,0.999999702],"scale":[120,120,120],"track":"event:>Ambient>Maps>West Coast>Pump Jack_Engine","useTrackDescriptionOnly":true}
{"name":"Pump_Jack_Engine_3","class":"SFXEmitter","persistentId":"b4f97b4d-9c0c-49c5-b2ff-8677bf2cba88","__parent":"Amb_3D","position":[-751.082031,-320.785431,104.866081],"cloneOrigin":"Pump_Jack_Engine_2","fadeInTime":0,"fadeOutTime":0,"isLooping":false,"maxDistance":120,"referenceDistance":2,"rotationMatrix":[0.348875999,0.937168837,2.16641638e-09,-0.937168658,0.348876536,-0.000690533954,-0.000647147419,0.000240910769,0.999999702],"scale":[120,120,120],"track":"event:>Ambient>Maps>West Coast>Pump Jack_Engine","useTrackDescriptionOnly":true}
{"name":"Pump_Jack_Engine_4","class":"SFXEmitter","persistentId":"556fe3b5-23b9-478e-a4a6-eb2cdb659fb1","__parent":"Amb_3D","position":[-730.954102,-281.378296,102.233154],"cloneOrigin":"Pump_Jack_Engine_3","fadeInTime":0,"fadeOutTime":0,"isLooping":false,"maxDistance":120,"referenceDistance":2,"rotationMatrix":[0.348875999,0.937168837,2.16641638e-09,-0.937168658,0.348876536,-0.000690533954,-0.000647147419,0.000240910769,0.999999702],"scale":[120,120,120],"track":"event:>Ambient>Maps>West Coast>Pump Jack_Engine","useTrackDescriptionOnly":true}
{"name":"Pump_Jack_Engine_5","class":"SFXEmitter","persistentId":"9bc7eb01-a890-4aa7-80f1-9750b7a93fd7","__parent":"Amb_3D","position":[-671.83667,-249.162064,104.987526],"cloneOrigin":"Pump_Jack_Engine_4","fadeInTime":0,"fadeOutTime":0,"isLooping":false,"maxDistance":120,"referenceDistance":2,"rotationMatrix":[0.348875999,0.937168837,2.16641638e-09,-0.937168658,0.348876536,-0.000690533954,-0.000647147419,0.000240910769,0.999999702],"scale":[120,120,120],"track":"event:>Ambient>Maps>West Coast>Pump Jack_Engine","useTrackDescriptionOnly":true}
{"name":"Pump_Jack_Engine_6","class":"SFXEmitter","persistentId":"3fc1d582-3428-4ccd-95d3-04385f86e865","__parent":"Amb_3D","position":[-606.664124,-152.069366,102.483688],"cloneOrigin":"Pump_Jack_Engine_5","fadeInTime":0,"fadeOutTime":0,"isLooping":false,"maxDistance":120,"referenceDistance":2,"rotationMatrix":[0.348875999,0.937168837,2.16641638e-09,-0.937168658,0.348876536,-0.000690533954,-0.000647147419,0.000240910769,0.999999702],"scale":[120,120,120],"track":"event:>Ambient>Maps>West Coast>Pump Jack_Engine","useTrackDescriptionOnly":true}
{"name":"Pump_Jack_Engine_7","class":"SFXEmitter","persistentId":"e9176d49-56b3-416a-8fae-5a833397f93c","__parent":"Amb_3D","position":[-559.740845,-104.347923,100.936226],"cloneOrigin":"Pump_Jack_Engine_6","fadeInTime":0,"fadeOutTime":0,"isLooping":false,"maxDistance":120,"referenceDistance":2,"rotationMatrix":[0.348875999,0.937168837,2.16641638e-09,-0.937168658,0.348876536,-0.000690533954,-0.000647147419,0.000240910769,0.999999702],"scale":[120,120,120],"track":"event:>Ambient>Maps>West Coast>Pump Jack_Engine","useTrackDescriptionOnly":true}
{"name":"Pump_Jack_Engine_8","class":"SFXEmitter","persistentId":"35a76896-5706-453a-bdc4-b23ecc2c4cf8","__parent":"Amb_3D","position":[452.201752,779.951233,125.883904],"cloneOrigin":"Pump_Jack_Engine_6","fadeInTime":0,"fadeOutTime":0,"isLooping":false,"maxDistance":120,"referenceDistance":2,"rotationMatrix":[0.348875999,0.937168837,2.16641638e-09,-0.937168658,0.348876536,-0.000690533954,-0.000647147419,0.000240910769,0.999999702],"scale":[120,120,120],"track":"event:>Ambient>Maps>West Coast>Pump Jack_Engine","useTrackDescriptionOnly":true}
{"name":"Pump_Jack_Engine_9","class":"SFXEmitter","persistentId":"26fa558a-f88a-438a-994f-0a86259c25f2","__parent":"Amb_3D","position":[417.535339,822.212891,125.626801],"cloneOrigin":"Pump_Jack_Engine_6","fadeInTime":0,"fadeOutTime":0,"isLooping":false,"maxDistance":120,"referenceDistance":2,"rotationMatrix":[0.348875999,0.937168837,2.16641638e-09,-0.937168658,0.348876536,-0.000690533954,-0.000647147419,0.000240910769,0.999999702],"scale":[120,120,120],"track":"event:>Ambient>Maps>West Coast>Pump Jack_Engine","useTrackDescriptionOnly":true}
{"name":"Pump_Jack_Squeak_1","class":"SFXEmitter","persistentId":"4c3465a8-549d-4b1f-a37f-30908f4035c8","__parent":"Amb_3D","position":[-796.817078,-341.333405,108.273216],"cloneOrigin":"Insect_QP08_907_11","fadeInTime":0,"fadeOutTime":0,"isLooping":false,"maxDistance":120,"rotationMatrix":[0.348875999,0.937168837,2.16641638e-09,-0.937168658,0.348876536,-0.000690533954,-0.000647147419,0.000240910769,0.999999702],"scale":[120,120,120],"track":"event:>Ambient>Maps>West Coast>Pump Jack_Squeak","useTrackDescriptionOnly":true}
{"name":"Pump_Jack_Squeak_2","class":"SFXEmitter","persistentId":"c856b02d-e3b3-4e37-b677-d71464611969","__parent":"Amb_3D","position":[-955.685059,-519.309265,109.618835],"cloneOrigin":"Pump_Jack_1","fadeInTime":0,"fadeOutTime":0,"isLooping":false,"maxDistance":120,"rotationMatrix":[0.423131496,0.906068087,2.17187335e-09,-0.906067908,0.423132092,-0.000690533605,-0.000625671179,0.000292186684,0.999999702],"scale":[120,120,120],"track":"event:>Ambient>Maps>West Coast>Pump Jack_Squeak","useTrackDescriptionOnly":true}
{"name":"Pump_Jack_Squeak_3","class":"SFXEmitter","persistentId":"ac96b729-7595-4f0f-a008-caef1ed408fa","__parent":"Amb_3D","position":[-753.569153,-323.227356,109.754921],"cloneOrigin":"Pump_Jack_Squeak_2","fadeInTime":0,"fadeOutTime":0,"isLooping":false,"maxDistance":120,"rotationMatrix":[-0.376253933,0.926516533,3.85261956e-09,-0.926516473,-0.376253337,-0.000690535468,-0.000639790844,-0.000259818422,0.999999702],"scale":[120,120,120],"track":"event:>Ambient>Maps>West Coast>Pump Jack_Squeak","useTrackDescriptionOnly":true}
{"name":"Pump_Jack_Squeak_4","class":"SFXEmitter","persistentId":"81c2fd99-764c-4f7f-8ca3-542292f71452","__parent":"Amb_3D","position":[-728.385925,-283.970459,107.66394],"cloneOrigin":"Pump_Jack_Squeak_1","fadeInTime":0,"fadeOutTime":0,"isLooping":false,"maxDistance":120,"rotationMatrix":[-0.91388464,0.405974567,2.67482392e-09,-0.405974239,-0.913883865,-0.00069053605,-0.000280337088,-0.000631069532,0.999999702],"scale":[120,120,120],"track":"event:>Ambient>Maps>West Coast>Pump Jack_Squeak","useTrackDescriptionOnly":true}
{"name":"Pump_Jack_Squeak_5","class":"SFXEmitter","persistentId":"3245dfcc-3b20-44ce-a511-3da62b649efe","__parent":"Amb_3D","position":[-674.141174,-251.794678,110.334557],"cloneOrigin":"Pump_Jack_Squeak_4","fadeInTime":0,"fadeOutTime":0,"isLooping":false,"maxDistance":120,"rotationMatrix":[-0.416256934,0.909246802,4.04833145e-09,-0.909246922,-0.416255951,-0.0006905357,-0.000627865666,-0.000287442177,0.999999702],"scale":[120,120,120],"track":"event:>Ambient>Maps>West Coast>Pump Jack_Squeak","useTrackDescriptionOnly":true}
{"name":"Pump_Jack_Squeak_6","class":"SFXEmitter","persistentId":"a249796d-1c35-4573-9ab9-899b20995f67","__parent":"Amb_3D","position":[-604.252441,-154.600128,107.734909],"cloneOrigin":"Pump_Jack_Squeak_5","fadeInTime":0,"fadeOutTime":0,"isLooping":false,"maxDistance":120,"rotationMatrix":[-0.910638869,0.413204551,3.27372618e-09,-0.413204104,-0.910637736,-0.000690535875,-0.000285329152,-0.000628828537,0.999999702],"scale":[120,120,120],"track":"event:>Ambient>Maps>West Coast>Pump Jack_Squeak","useTrackDescriptionOnly":true}
{"name":"Pump_Jack_Squeak_7","class":"SFXEmitter","persistentId":"af6144db-1323-4772-a357-9368366969f3","__parent":"Amb_3D","position":[-562.412476,-106.75631,106.082718],"cloneOrigin":"Pump_Jack_Squeak_6","fadeInTime":0,"fadeOutTime":0,"isLooping":false,"maxDistance":120,"rotationMatrix":[-0.36010623,0.932911098,4.7884896e-09,-0.932911217,-0.360105246,-0.000690534711,-0.000644206477,-0.000248668977,0.999999702],"scale":[120,120,120],"track":"event:>Ambient>Maps>West Coast>Pump Jack_Squeak","useTrackDescriptionOnly":true}
{"name":"Pump_Jack_Squeak_8","class":"SFXEmitter","persistentId":"2fda66aa-49aa-4dd6-a788-09c26728dbcb","__parent":"Amb_3D","position":[450.497375,783.210999,130.881439],"cloneOrigin":"Pump_Jack_Squeak_6","fadeInTime":0,"fadeOutTime":0,"isLooping":false,"maxDistance":120,"rotationMatrix":[-0.262245566,0.964986086,-0.00528481416,-0.964798033,-0.262297839,-0.0190901849,-0.0198079683,9.2479153e-05,0.999803722],"scale":[120,120,120],"track":"event:>Ambient>Maps>West Coast>Pump Jack_Squeak","useTrackDescriptionOnly":true}
{"name":"Pump_Jack_Squeak_9","class":"SFXEmitter","persistentId":"60b91d3c-0f5e-4cee-87be-29a593c608cd","__parent":"Amb_3D","position":[414.577393,820.335938,130.560638],"cloneOrigin":"Pump_Jack_Squeak_6","fadeInTime":0,"fadeOutTime":0,"isLooping":false,"maxDistance":120,"rotationMatrix":[-0.262245566,0.964986086,-0.00528481416,-0.964798033,-0.262297839,-0.0190901849,-0.0198079683,9.2479153e-05,0.999803722],"scale":[120,120,120],"track":"event:>Ambient>Maps>West Coast>Pump Jack_Squeak","useTrackDescriptionOnly":true}
