id=0
list=barnfind_all
slotp=-146.45460510254,-825.82855224609,14.195999145508
slotr=-0.017240532911436,-0.038135942591952,0.99912264093123,0.0015369730482154