id=1
list=barnfind_all
slotp=789.39367675781,-262.32238769531,53.348087310791
slotr=0.0011148747434437,-0.0082245171895585,0.91262460688423,0.40871437616105