club=eastCoastDirtRaceClub
opsp=-195.82279968262,453.50436401367,34.20779800415
opsr=-0.004246676574199,0.010526089949333,0.92467181034044,0.38059586220843
pspos=-199.14326477051,450.7815246582,34.186695098877
psrot=-0.0056493722254613,0.010188214084879,0.92555192843455,0.3784414256636
psscl=3.5,5.8,10
cname=Dirt Racing Club
hours=0,0