hours=13,18
id=2
pspos=719.22503662109,3.7189619541168,52.166873931885
psrot=0.00031911310738952,-0.0049325600277483,0.9668272720669,0.25538322968838
slots=4
slotp1=716.70660400391,2.3567183017731,52.16552734375
slotr1=0.00080789043944285,-0.0057006711037548,0.96679909780992,0.25547280508097
slotp2=714.08142089844,0.88358134031296,52.157512664795
slotr2=-7.0734944365381e-05,-0.0051668249867049,0.96949645373241,0.24505086230494
slotp3=711.55493164063,-0.45950362086296,52.147445678711
slotr3=-0.00064363149804769,-0.0065016306946458,0.96903266947563,0.24684610595622
slotp4=708.79412841797,-1.9801172018051,52.131999969482
slotr4=-5.3215329317022e-05,-0.0040595543961883,0.96980937606207,0.2438304560311