club=eastCoastRuralRaceClub
opsp=-755.02685546875,506.66494750977,23.37056350708
opsr=0.0096882955460253,-0.018372787351004,0.89616867455903,0.44322712501998
pspos=-758.22436523438,503.17645263672,23.403123855591
psrot=0.010362435751454,-0.016063638166846,0.89713974366614,0.44133304860252
psscl=3.5,6.2,10
cname=Rural Racing Club
hours=0,0
restricted=1
id=7