club=eastCoastSeasideDragRaceClub
opsp=902.12841796875,-460.82748413086,43.158836364746
opsr=0.00042879485037976,0.0044282324512705,-0.017332405325796,0.99983988449049
pspos=906.70385742188,-461.6064453125,43.183723449707
psrot=-0.00014847974011278,0.005555747256153,-0.0071335075261296,0.99995911151235
psscl=3.5,6.2,10
cname=Seaside Drag Race Club
hours=0,0
restricted=1
id=8