club=eastCoastTownDragRaceClub
opsp=347.44320678711,97.803398132324,55.308715820313
opsr=0.0058655831256545,-0.020462996696227,0.915503824799,0.40174570001334
pspos=343.87252807617,94.947303771973,55.304580688477
psrot=0.0013656471871152,-0.021315514603667,0.90898923352108,0.41627197502078
psscl=3.5,5.8,10
cname=Town Drag Race Club
hours=0,0