{"name":"CP1","class":"BeamNGTrigger","persistentId":"df24e259-31ab-4740-8f52-2d4fb03c9107","__parent":"Triggers","position":[1951.16382,4548.37891,116.539314],"rotationMatrix":[0.517303646,-0.855586827,0.019185137,0.855111778,0.517656684,0.0285523944,-0.0343603678,0.00163518265,0.999408185],"scale":[8.06601524,20.3759575,7.52967548],"triggerMode":"Overlaps","triggerTestType":"Bounding box"}
{"name":"CP2","class":"BeamNGTrigger","persistentId":"36e0eb9d-d410-4e23-9d43-dbfa92e3481d","__parent":"Triggers","position":[1972.11072,3500.72607,125.303917],"rotationMatrix":[-0.241179228,-0.970290899,0.0191851407,0.970205903,-0.240593553,0.0285523962,-0.0230883099,0.0254997816,0.999408185],"scale":[8.06601524,20.3759575,7.52967548],"triggerMode":"Overlaps","triggerTestType":"Bounding box"}
{"name":"CP3","class":"BeamNGTrigger","persistentId":"d359b72b-1943-4605-8038-fdfe84152737","__parent":"Triggers","position":[1439.16565,1512.12268,121.897873],"rotationMatrix":[-0.194957376,-0.980624259,0.0191851445,0.980511606,-0.194376349,0.0285524018,-0.0242700353,0.0243777521,0.999408185],"scale":[8.06601524,20.3759575,7.52967548],"triggerMode":"Overlaps","triggerTestType":"Bounding box"}
{"name":"CP4","class":"BeamNGTrigger","persistentId":"780fca5c-8a18-4331-8f78-b0f2fc29d66d","__parent":"Triggers","position":[1411.97156,-1358.95312,125.089577],"rotationMatrix":[-0.00950324535,-0.99977088,0.0191851426,0.99955225,-0.0089533329,0.0285524018,-0.0283740889,0.0194478892,0.999408185],"scale":[8.06601524,20.3759575,7.52967548],"triggerMode":"Overlaps","triggerTestType":"Bounding box"}
{"name":"CP5","class":"BeamNGTrigger","persistentId":"812c4fbd-68b1-4f82-ad8c-eeeb0d3ab148","__parent":"Triggers","position":[2123.52026,-4100.32178,106.249924],"rotationMatrix":[0.258467853,-0.965829372,0.0191851426,0.965471506,0.258939266,0.0285524018,-0.0325445309,0.0111428313,0.999408185],"scale":[8.06601524,20.3759575,7.52967548],"triggerMode":"Overlaps","triggerTestType":"Bounding box"}
{"name":"CP6","class":"BeamNGTrigger","persistentId":"7cd3b1e8-1ea8-43e2-b550-8bb85b83676a","__parent":"Triggers","position":[2815.08789,-5530.66553,85.566864],"rotationMatrix":[0.924956203,-0.378287166,0.0368083417,0.378997356,0.925284564,-0.0144720133,-0.0285836142,0.0273362454,0.99921757],"scale":[8.06601524,27.3712578,7.52967548],"triggerMode":"Overlaps","triggerTestType":"Bounding box"}
