{"name":"gpa_pw10","class":"BeamNGGameplayArea","persistentId":"266c604d-5fcd-4e2e-b1bf-286a5190eab0","__parent":"Warehouse","position":[774.441162,-172.975174,145.053009],"rotationMatrix":[0.945135236,-0.326679498,-9.00399547e-11,0.326679409,0.945134938,-0.000690530636,0.00022558232,0.000652644783,0.999999762],"scale":[1.5356977,3.02638483,1]}
{"name":"gpa_pw12","class":"BeamNGGameplayArea","persistentId":"2e3b2037-5cfa-4e2c-bad8-056002cffc7e","__parent":"Warehouse","position":[781.401245,-172.368134,145.053009],"rotationMatrix":[0.945135236,-0.326679498,-9.00399547e-11,0.326679409,0.945134938,-0.000690530636,0.00022558232,0.000652644783,0.999999762],"scale":[1.5356977,3.02638483,1]}
{"name":"gpa_pw11","class":"BeamNGGameplayArea","persistentId":"314b2e48-b128-4e05-abdb-b48e055b7c90","__parent":"Warehouse","position":[777.786682,-172.871902,145.053009],"rotationMatrix":[0.945135236,-0.326679498,-9.00399547e-11,0.326679409,0.945134938,-0.000690530636,0.00022558232,0.000652644783,0.999999762],"scale":[1.5356977,3.02638483,1]}
{"name":"gpa_pw7","class":"BeamNGGameplayArea","persistentId":"387a531d-26ea-4427-8835-184c36c60c6c","__parent":"Warehouse","position":[689.885376,-199.347961,142.177094],"rotationMatrix":[0.368499607,0.929627776,2.31239028e-10,-0.929627597,0.368499368,-0.000690532906,-0.000641939696,0.000254460931,0.999999762],"scale":[1.5356977,3.02638483,1]}
{"name":"gpa_pw4","class":"BeamNGGameplayArea","persistentId":"3ece259f-5641-4b31-8b63-15fc199a3313","__parent":"Warehouse","position":[755.432922,-167.116135,145.053009],"rotationMatrix":[0.158765942,-0.98731631,-1.90993846e-10,0.987316072,0.158765912,-0.000690533838,0.000681775215,0.000109633045,0.999999762],"scale":[1.5356977,3.02638483,1]}
{"name":"gpa_pw6","class":"BeamNGGameplayArea","persistentId":"55297753-76a7-4cdc-8a38-29031766bb2f","__parent":"Warehouse","position":[688.7771,-202.300201,142.177094],"rotationMatrix":[0.368499607,0.929627776,2.31239028e-10,-0.929627597,0.368499368,-0.000690532906,-0.000641939696,0.000254460931,0.999999762],"scale":[1.5356977,3.02638483,1]}
{"name":"gpa_pw8","class":"BeamNGGameplayArea","persistentId":"87329bbd-b9de-4602-b71a-01551be2bb3b","__parent":"Warehouse","position":[766.835754,-174.188843,145.053009],"rotationMatrix":[0.945135236,-0.326679498,-9.00399547e-11,0.326679409,0.945134938,-0.000690530636,0.00022558232,0.000652644783,0.999999762],"scale":[1.5356977,3.02638483,1]}
{"name":"gpa_pw5","class":"BeamNGGameplayArea","persistentId":"8fd67c13-164b-4008-a972-85ce4ef4e6c0","__parent":"Warehouse","position":[755.996033,-170.361557,145.053009],"rotationMatrix":[0.158765942,-0.98731631,-1.90993846e-10,0.987316072,0.158765912,-0.000690533838,0.000681775215,0.000109633045,0.999999762],"scale":[1.5356977,3.02638483,1]}
{"name":"gpa_pw2","class":"BeamNGGameplayArea","persistentId":"9d6af84d-f85c-4899-b1c8-fc86606dafae","__parent":"Warehouse","position":[754.257019,-160.474625,145.053009],"rotationMatrix":[0.158765942,-0.98731631,-1.90993846e-10,0.987316072,0.158765912,-0.000690533838,0.000681775215,0.000109633045,0.999999762],"scale":[1.5356977,3.02638483,1]}
{"name":"gpa_pw9","class":"BeamNGGameplayArea","persistentId":"d0ab1192-e0cb-41ca-9a5a-7a8ab5e114f9","__parent":"Warehouse","position":[770.720947,-173.626038,145.053009],"rotationMatrix":[0.945135236,-0.326679498,-9.00399547e-11,0.326679409,0.945134938,-0.000690530636,0.00022558232,0.000652644783,0.999999762],"scale":[1.5356977,3.02638483,1]}
{"name":"gpa_pw3","class":"BeamNGGameplayArea","persistentId":"d31c9650-c617-46c7-9dec-61ead211a2a8","__parent":"Warehouse","position":[754.9104,-163.812973,145.053009],"rotationMatrix":[0.158765942,-0.98731631,-1.90993846e-10,0.987316072,0.158765912,-0.000690533838,0.000681775215,0.000109633045,0.999999762],"scale":[1.5356977,3.02638483,1]}
{"name":"gpa_pw1","class":"BeamNGGameplayArea","persistentId":"efbe02a9-9bff-4e6e-b8dc-7e8de6eeda3d","__parent":"Warehouse","position":[753.711243,-157.18483,145.053009],"rotationMatrix":[0.158765942,-0.98731631,-1.90993846e-10,0.987316072,0.158765912,-0.000690533838,0.000681775215,0.000109633045,0.999999762],"scale":[1.5356977,3.02638483,1]}
