{"internalName":"NewCamera_80","class":"CameraBookmark","persistentId":"7d7bbce2-4188-4b10-aa94-9042a448093d","__parent":"CameraBookmarks","position":[-292.136627,222.101791,34.1719475],"dataBlock":"CameraBookmarkMarker","rotationMatrix":[-0.525883079,-0.850556791,-1.49011612e-08,0.767184556,-0.474335551,-0.431779444,0.367252946,-0.227065548,0.901979208]}
{"internalName":"NewCamera_13","class":"CameraBookmark","persistentId":"00986211-2753-4840-8296-d43a053300c0","__parent":"CameraBookmarks","position":[335.627991,-682.176025,39.0690994],"dataBlock":"CameraBookmarkMarker","isAIControlled":"0","rotationMatrix":[0.984764814,-0.173891425,2.09547579e-08,0.17384994,0.984529912,0.0218428392,-0.00379830273,-0.0215100553,0.999761403]}
{"internalName":"NewCamera_70","class":"CameraBookmark","persistentId":"0120e942-f913-4601-9e83-e53a40546ec9","__parent":"CameraBookmarks","position":[797.985901,-617.888489,84.9345398],"dataBlock":"CameraBookmarkMarker","rotationMatrix":[-0.88856113,0.458757907,5.96046448e-08,-0.239363402,-0.463619113,-0.853089809,-0.391361713,-0.758022547,0.52176404]}
{"internalName":"NewCamera_28","class":"CameraBookmark","persistentId":"06423290-05c6-4f8f-99ef-ddae39acbcc3","__parent":"CameraBookmarks","position":[-49.9766998,261.472992,68.2334976],"dataBlock":"CameraBookmarkMarker","isAIControlled":"0","rotationMatrix":[-0.947553158,-0.319598734,2.25380063e-07,0.316429794,-0.938157678,0.140473142,-0.0448948294,0.133105829,0.990084469]}
{"name":"_MenuMovie___alt6","internalName":"NewCamera_24","class":"CameraBookmark","persistentId":"08886237-0f11-4a67-b40c-27bb88a85e9c","__parent":"CameraBookmarks","position":[686.159973,-111.530998,53.7775002],"dataBlock":"CameraBookmarkMarker","isAIControlled":"0","rotationMatrix":[0.0341359973,0.999417245,1.34110451e-07,-0.988434255,0.0337609053,-0.14784424,-0.147758082,0.00504668057,0.989010632]}
{"internalName":"NewCamera_40","class":"CameraBookmark","persistentId":"0efd3e81-6596-4b1f-bde8-ece9f684d53e","__parent":"CameraBookmarks","position":[51.9327011,641.927979,35.8246002],"dataBlock":"CameraBookmarkMarker","isAIControlled":"0","rotationMatrix":[0.118529081,0.992950618,-1.84774399e-06,-0.704475343,0.084092319,-0.70472908,-0.699760973,0.0835322738,0.709476531]}
{"name":"_MenuMovie___alt4","internalName":"NewCamera_22","class":"CameraBookmark","persistentId":"0f0e546a-5cc5-47c9-bb61-cd38b41de42f","__parent":"CameraBookmarks","position":[-51.009201,-398.561005,56.9586983],"dataBlock":"CameraBookmarkMarker","isAIControlled":"0","rotationMatrix":[-0.758034825,-0.652214408,-7.82310963e-08,0.650695205,-0.756269097,0.0682141632,-0.0444903113,0.0517086424,0.99767071]}
{"internalName":"NewCamera_92","class":"CameraBookmark","persistentId":"10924fbc-0419-4576-8f99-fb6c24610498","__parent":"CameraBookmarks","position":[697.744324,-30.607893,69.6873322],"dataBlock":"CameraBookmarkMarker","rotationMatrix":[0.585415125,0.810733676,0,-0.000159025192,0.000114917755,-0.99999994,-0.810733676,0.585415065,0.000196218491]}
{"internalName":"NewCamera_34","class":"CameraBookmark","persistentId":"11f148ce-3a1f-4816-a4d7-e012ba3d98d7","__parent":"CameraBookmarks","position":[787.737976,-974.83197,18.2227001],"dataBlock":"CameraBookmarkMarker","isAIControlled":"0","rotationMatrix":[-0.545731544,0.837960303,2.4586916e-07,-0.805893004,-0.524847269,-0.273992896,-0.229595035,-0.1495267,0.961731732]}
{"name":"bridge_mountains","internalName":"NewCamera_52","class":"CameraBookmark","persistentId":"15be6db8-951f-4eab-b3a5-5ed4a1be72d6","__parent":"CameraBookmarks","position":[-97.3983002,873.098999,24.1767006],"dataBlock":"CameraBookmarkMarker","isAIControlled":"0","rotationMatrix":[0.947575748,0.319531292,-4.79631126e-08,-0.319481462,0.947427928,0.0176608413,0.00564323692,-0.0167349689,0.999844015]}
{"name":"carspawn","internalName":"NewCamera_44","class":"CameraBookmark","persistentId":"187371c3-5397-4bd4-85c5-425be9f473b5","__parent":"CameraBookmarks","position":[904.421021,-427.348999,44.7235985],"dataBlock":"CameraBookmarkMarker","isAIControlled":"0","rotationMatrix":[0.774770737,0.632242322,-1.04308128e-07,-0.608590961,0.745787501,-0.270957649,-0.171310812,0.209930107,0.96259129]}
{"internalName":"NewCamera_7","class":"CameraBookmark","persistentId":"18fe938c-0632-4546-a585-5e101b92d3e2","__parent":"CameraBookmarks","position":[-271.453003,251.042999,65.308197],"dataBlock":"CameraBookmarkMarker","isAIControlled":"0","rotationMatrix":[0.807555914,-0.58979094,1.49011612e-08,0.459659457,0.629376769,0.626576424,-0.369549155,-0.505995512,0.779359937]}
{"name":"_MenuMovie___alt7","internalName":"NewCamera_25","class":"CameraBookmark","persistentId":"1e27bde2-a0b0-4be5-89a0-3f8153783234","__parent":"CameraBookmarks","position":[95.9009018,58.2980995,92.6080017],"dataBlock":"CameraBookmarkMarker","isAIControlled":"0","rotationMatrix":[0.858912349,0.512122691,2.98023224e-08,-0.505086839,0.84711206,-0.165192068,-0.0845986307,0.141885489,0.986261427]}
{"internalName":"NewCamera_48","class":"CameraBookmark","persistentId":"1edd3c87-19c2-49ce-a8c9-957e9f4d5ba6","__parent":"CameraBookmarks","position":[-754.192993,-267.740997,827.328003],"dataBlock":"CameraBookmarkMarker","isAIControlled":"0","rotationMatrix":[0.930754244,0.365645349,1.1920929e-07,-0.0770346969,0.196093023,-0.977554679,-0.357438326,0.909863234,0.210681796]}
{"internalName":"NewCamera_2","class":"CameraBookmark","persistentId":"1f9407bf-dcf3-45e4-86b4-fab6b9cd995a","__parent":"CameraBookmarks","position":[-12.2557001,-209.630997,36.9193001],"dataBlock":"CameraBookmarkMarker","isAIControlled":"0","rotationMatrix":[0.776755214,0.629802585,1.3038516e-07,-0.62555635,0.77151823,-0.115926467,-0.0730108917,0.0900464132,0.993257821]}
{"internalName":"NewCamera_4","class":"CameraBookmark","persistentId":"1fa15ff0-254c-4479-baf0-8159eddd4ee5","__parent":"CameraBookmarks","position":[833.617981,-768.026978,45.0325012],"dataBlock":"CameraBookmarkMarker","isAIControlled":"0","rotationMatrix":[0.977452278,0.211156324,9.87201929e-08,-0.206814066,0.957351863,-0.201755553,-0.0426020548,0.197206408,0.979435921]}
{"internalName":"NewCamera_75","class":"CameraBookmark","persistentId":"200de319-7b51-4e4c-87f9-b4b9decab2cb","__parent":"CameraBookmarks","position":[945.620117,469.226593,61.115509],"dataBlock":"CameraBookmarkMarker","rotationMatrix":[-0.999950886,-0.00993590988,1.68802217e-08,0.009471111,-0.953173995,-0.302274942,0.00300339283,-0.302260041,0.953220785]}
{"internalName":"NewCamera_66","class":"CameraBookmark","persistentId":"20582028-21f8-431b-be9b-fdf74bf42d10","__parent":"CameraBookmarks","position":[15.335885,690.142517,38.4686508],"dataBlock":"CameraBookmarkMarker","rotationMatrix":[0.0868360996,0.996222496,0,-0.777248025,0.0677491426,-0.625536084,-0.623173237,0.0543190539,0.780195177]}
{"name":"fps_test","internalName":"NewCamera_11","class":"CameraBookmark","persistentId":"2512c62c-99ec-400c-9e3d-9ac329a4c880","__parent":"CameraBookmarks","position":[-702.312988,464.464996,22.7943993],"dataBlock":"CameraBookmarkMarker","isAIControlled":"0","rotationMatrix":[-0.699791312,-0.71434772,-5.49480319e-08,0.713708878,-0.699165463,0.0422816277,-0.0302038193,0.0295882653,0.999105752]}
{"name":"_MenuMovie___alt2","internalName":"NewCamera_20","class":"CameraBookmark","persistentId":"258ecc59-b0ce-4e1b-b754-a74b521ef917","__parent":"CameraBookmarks","position":[-663.39801,-784.442993,41.2117996],"dataBlock":"CameraBookmarkMarker","isAIControlled":"0","rotationMatrix":[0.440658867,0.89767462,-4.88013029e-07,-0.890452683,0.437113643,-0.1265928,-0.113638937,0.0557846837,0.991954744]}
{"name":"gas_station_overlook","internalName":"NewCamera_49","class":"CameraBookmark","persistentId":"25e1b308-f1fe-4133-9ba0-c8634fb2820e","__parent":"CameraBookmarks","position":[-727.169006,493.565002,35.9441986],"dataBlock":"CameraBookmarkMarker","isAIControlled":"0","rotationMatrix":[-0.159098744,0.987262785,5.06639481e-07,-0.885237396,-0.142657042,-0.442723215,-0.437084049,-0.0704371184,0.896658301]}
{"name":"Whole_Map","internalName":"NewCamera_38","class":"CameraBookmark","persistentId":"2609dd70-cadb-4614-94e2-3849ab8b515b","__parent":"CameraBookmarks","position":[-998.091003,980.867981,111.310997],"dataBlock":"CameraBookmarkMarker","isAIControlled":"0","rotationMatrix":[-0.707266569,-0.706947029,3.50177288e-07,0.693324149,-0.693637609,-0.195367858,0.138114959,-0.138176903,0.980730057]}
{"name":"fpstest_mansion","internalName":"NewCamera_58","class":"CameraBookmark","persistentId":"280c6150-374c-448e-9c79-d3e480ff50b0","__parent":"CameraBookmarks","position":[-558.075989,-830.137024,53.5035019],"dataBlock":"CameraBookmarkMarker","isAIControlled":"0","rotationMatrix":[0.899171829,-0.437595665,-1.11758709e-08,0.434391558,0.892588019,-0.120791405,0.052857805,0.108612224,0.992677927]}
{"name":"test111","internalName":"NewCamera_10","class":"CameraBookmark","persistentId":"2af703df-9076-493d-9f00-5b949de0ae79","__parent":"CameraBookmarks","position":[-973.263977,-208.320999,56.6255989],"dataBlock":"CameraBookmarkMarker","isAIControlled":"0","rotationMatrix":[0.973862112,-0.227140129,5.3551048e-08,0.227090359,0.973648667,0.0209336635,-0.00475492701,-0.0203864891,0.999780893]}
{"name":"annot3","internalName":"NewCamera_63","class":"CameraBookmark","persistentId":"2ca16a34-7bd3-41dc-8b13-05108d9b9e1a","__parent":"CameraBookmarks","position":[-775.836975,525.184998,27.8435993],"dataBlock":"CameraBookmarkMarker","rotationMatrix":[-0.952069879,-0.305881202,-5.81145287e-07,0.2865991,-0.892052889,-0.349432528,0.106884301,-0.332684278,0.936961532]}
{"internalName":"NewCamera_88","class":"CameraBookmark","persistentId":"350f120d-4c05-4d8c-bdd3-58739fa198e4","__parent":"CameraBookmarks","position":[712.02063,-297.077911,72.1906967],"dataBlock":"CameraBookmarkMarker","rotationMatrix":[-0.661388278,0.750043809,-8.94069672e-08,-0.00781899691,-0.0068949461,-0.99994576,-0.750003099,-0.661352277,0.0104247332]}
{"name":"overviewbookmark","internalName":"NewCamera_17","class":"CameraBookmark","persistentId":"3a2b9726-e292-4c4e-8ff6-7a8f2969dfb7","__parent":"CameraBookmarks","position":[112.597,-60.6128006,83.8116989],"dataBlock":"CameraBookmarkMarker","isAIControlled":"0","rotationMatrix":[0.329701781,0.94408524,-6.28642738e-09,-0.944068551,0.32969594,0.00594871584,0.00561609678,-0.00196129642,0.999982297]}
{"internalName":"NewCamera_50","class":"CameraBookmark","persistentId":"450e5efb-2478-4b49-8490-91346a6e2a5c","__parent":"CameraBookmarks","position":[-343.437988,-630.927002,56.6833],"dataBlock":"CameraBookmarkMarker","isAIControlled":"0","rotationMatrix":[0.742195368,0.670183599,2.98023224e-08,-0.669285834,0.741201043,-0.0517443456,-0.0346782357,0.0384043939,0.998660386]}
{"internalName":"NewCamera_3","class":"CameraBookmark","persistentId":"45b8cba0-2892-4817-a860-28553aaf8d17","__parent":"CameraBookmarks","position":[-320.031006,569.573975,32.4844017],"dataBlock":"CameraBookmarkMarker","isAIControlled":"0","rotationMatrix":[-0.943397164,-0.33166489,-4.76837158e-07,0.303147584,-0.862281203,-0.405675501,0.134547904,-0.382713288,0.9140172]}
{"internalName":"NewCamera_57","class":"CameraBookmark","persistentId":"4719cf99-aff0-426d-a4c4-a5b3052ea867","__parent":"CameraBookmarks","position":[303.372986,-790.520996,46.9387016],"dataBlock":"CameraBookmarkMarker","isAIControlled":"0","rotationMatrix":[0.0433031917,0.999062002,1.67638063e-08,-0.998852432,0.0432941318,-0.0204828866,-0.0204636734,0.000886958092,0.999790192]}
{"internalName":"NewCamera_54","class":"CameraBookmark","persistentId":"4b3a302b-79d2-45c7-8e9f-b132b87b226f","__parent":"CameraBookmarks","position":[-832.672974,104.319,27.4204998],"dataBlock":"CameraBookmarkMarker","isAIControlled":"0","rotationMatrix":[0.794424653,-0.607362688,2.83122063e-07,0.51897496,0.678814054,-0.519496441,0.315522552,0.412700921,0.854472637]}
{"internalName":"NewCamera_65","class":"CameraBookmark","persistentId":"4faa0293-bab2-4be0-9e14-fbe1a6956fa3","__parent":"CameraBookmarks","position":[-28.6089668,668.383057,38.6334648],"dataBlock":"CameraBookmarkMarker","rotationMatrix":[-0.966904521,0.255138665,2.60770321e-08,-0.230798483,-0.874661922,-0.426261246,-0.108755708,-0.4121539,0.904600084]}
{"name":"coolgrass","internalName":"NewCamera_31","class":"CameraBookmark","persistentId":"4ff26574-fae9-44fe-8a28-602a086e43ea","__parent":"CameraBookmarks","position":[422.369995,-104.195,55.1431999],"dataBlock":"CameraBookmarkMarker","isAIControlled":"0","rotationMatrix":[-0.999906301,0.0137134716,-1.6100239e-07,-0.013663061,-0.996231556,-0.0856531858,-0.00117476273,-0.0856451243,0.996325016]}
{"internalName":"NewCamera_53","class":"CameraBookmark","persistentId":"5287a6e6-0e16-47f0-8f26-5a0744689ccd","__parent":"CameraBookmarks","position":[419.507996,-448.397003,55.2164001],"dataBlock":"CameraBookmarkMarker","isAIControlled":"0","rotationMatrix":[-0.870269299,-0.492576182,1.62981451e-07,0.492115855,-0.869455934,-0.0432216488,0.0212900974,-0.037614394,0.999065518]}
{"internalName":"NewCamera_68","class":"CameraBookmark","persistentId":"5806bc02-c383-42fc-8411-53e4da7b49c8","__parent":"CameraBookmarks","position":[884.411194,-474.90802,65.9299698],"dataBlock":"CameraBookmarkMarker","rotationMatrix":[-0.914453983,0.404689878,-2.98023224e-08,-7.93635845e-05,-0.000179409981,-1,-0.404689878,-0.914453983,0.000196158886]}
{"internalName":"NewCamera_90","class":"CameraBookmark","persistentId":"580768b8-5710-44d5-b0ba-d125f5550372","__parent":"CameraBookmarks","position":[905.378418,-230.943878,54.8157616],"dataBlock":"CameraBookmarkMarker","rotationMatrix":[0.0375988483,0.99929285,-2.98023224e-08,-0.366313428,0.0137827396,-0.930389404,-0.929731488,0.034981519,0.366572618]}
{"internalName":"NewCamera_14","class":"CameraBookmark","persistentId":"5af00917-accc-421b-8f6f-a6db9e628fd6","__parent":"CameraBookmarks","position":[355.356995,-452.985992,45.597599],"dataBlock":"CameraBookmarkMarker","isAIControlled":"0","rotationMatrix":[0.988920093,-0.148448765,5.52972779e-10,0.148448586,0.9889189,-0.00154475775,0.000229316836,0.00152764213,0.999998808]}
{"name":"_MenuMovie___3","internalName":"NewCamera_18","class":"CameraBookmark","persistentId":"60cec65e-5121-4d3d-ad23-138f83e2d54e","__parent":"CameraBookmarks","position":[-280.747009,814.778015,25.9529991],"dataBlock":"CameraBookmarkMarker","isAIControlled":"0","rotationMatrix":[-0.956901193,-0.290413558,7.7765435e-08,0.290364325,-0.956739068,0.0184110217,-0.00534673594,0.0176175535,0.999830484]}
{"internalName":"NewCamera_83","class":"CameraBookmark","persistentId":"69292c47-a123-4d55-8712-cc49db4ef728","__parent":"CameraBookmarks","position":[-853.968689,944.37146,42.632225],"dataBlock":"CameraBookmarkMarker","rotationMatrix":[-0.826959491,-0.562261939,2.98023224e-08,0.354881138,-0.52194953,-0.775647163,0.436116844,-0.64142859,0.631166875]}
{"internalName":"NewCamera_0","class":"CameraBookmark","persistentId":"6960bf03-fdbd-4260-b6c1-d87617bd0e7f","__parent":"CameraBookmarks","position":[-766.606995,-390.167999,22.8416996],"dataBlock":"CameraBookmarkMarker","isAIControlled":"0","rotationMatrix":[0.0925502777,0.995708048,-2.04890966e-08,-0.995620906,0.0925421715,-0.0132258581,-0.0131690912,0.00122407638,0.99991256]}
{"name":"coolcorner","internalName":"NewCamera_9","class":"CameraBookmark","persistentId":"6cc8c98a-1a80-48b3-9cf9-4bca4af8575b","__parent":"CameraBookmarks","position":[-823.041992,-481.855011,22.7266998],"dataBlock":"CameraBookmarkMarker","isAIControlled":"0","rotationMatrix":[-0.986585021,0.163247317,3.7625432e-07,-0.162733316,-0.983478427,-0.0792954937,-0.0129444078,-0.078231819,0.996851146]}
{"internalName":"NewCamera_51","class":"CameraBookmark","persistentId":"6e52e1ff-6575-4cf0-b91d-ebf614c97bba","__parent":"CameraBookmarks","position":[-508.911011,710.731018,433.960999],"dataBlock":"CameraBookmarkMarker","isAIControlled":"0","rotationMatrix":[0.772786856,0.634665608,-4.76837158e-07,-0.0790206194,0.0962170362,-0.992218673,-0.629727066,0.766773641,0.12450695]}
{"internalName":"NewCamera_64","class":"CameraBookmark","persistentId":"718d242c-3e60-4da5-8cc0-a13c675ffeb6","__parent":"CameraBookmarks","position":[-106.344765,672.672668,45.4898491],"dataBlock":"CameraBookmarkMarker","rotationMatrix":[0.237769067,-0.971321762,0,0.868659556,0.212638497,-0.447454453,0.434622228,0.106390849,0.894306719]}
{"internalName":"NewCamera_60","class":"CameraBookmark","persistentId":"72a4c999-fb0d-4a51-8eed-3a0dae7562f8","__parent":"CameraBookmarks","position":[659.732971,-141.598999,55.9668007],"dataBlock":"CameraBookmarkMarker","isAIControlled":"0","rotationMatrix":[0.999777913,-0.0210739728,4.38885763e-08,0.0208913889,0.991115689,-0.13135156,0.00276805554,0.131322384,0.991335869]}
{"internalName":"NewCamera_78","class":"CameraBookmark","persistentId":"78cffe06-40e2-4798-9b94-1a3370c78235","__parent":"CameraBookmarks","position":[618.408081,-150.334137,59.3704834],"dataBlock":"CameraBookmarkMarker","rotationMatrix":[-0.677120566,0.73587203,-2.98023224e-08,-0.0383039713,-0.0352457762,-0.998644352,-0.734874487,-0.676202655,0.0520524979]}
{"internalName":"NewCamera_42","class":"CameraBookmark","persistentId":"7ceb56fe-67c8-47a6-8344-ddc2d62eb4ed","__parent":"CameraBookmarks","position":[-503.496002,-728.129028,53.1315994],"dataBlock":"CameraBookmarkMarker","isAIControlled":"0","rotationMatrix":[-0.873846531,0.486201644,3.88920307e-06,-0.279926062,-0.503102422,-0.817636251,-0.397534192,-0.714489818,0.575735033]}
{"internalName":"NewCamera_27","class":"CameraBookmark","persistentId":"7f323c8b-7bc4-4876-8be9-c9c5858bb1b5","__parent":"CameraBookmarks","position":[234.197006,288.790009,46.4693985],"dataBlock":"CameraBookmarkMarker","isAIControlled":"0","rotationMatrix":[-0.821592212,0.570075691,5.97909093e-07,-0.566741526,-0.816786766,-0.107996829,-0.0615658835,-0.088729687,0.994151235]}
{"name":"logging_area","internalName":"NewCamera_37","class":"CameraBookmark","persistentId":"81adb85e-37df-4d50-81d1-c172bb8b6911","__parent":"CameraBookmarks","position":[445.526001,665.171021,52.4463997],"dataBlock":"CameraBookmarkMarker","isAIControlled":"0","rotationMatrix":[-0.92595005,-0.377645791,-4.02331352e-07,0.371275902,-0.910331488,-0.182895318,0.0690692812,-0.169352099,0.983132422]}
{"internalName":"NewCamera_55","class":"CameraBookmark","persistentId":"8374f3a5-497e-4846-8deb-2201e1887ae2","__parent":"CameraBookmarks","position":[-816.732971,113.846001,20.7080994],"dataBlock":"CameraBookmarkMarker","isAIControlled":"0","rotationMatrix":[0.0577827096,0.998329163,5.81145287e-07,-0.951681256,0.0550829768,-0.302107036,-0.301602304,0.01745601,0.953274012]}
{"name":"_MenuMovie___1","internalName":"NewCamera_16","class":"CameraBookmark","persistentId":"85c8132e-b471-4810-927c-735a110cb45e","__parent":"CameraBookmarks","position":[-155.445007,-272.721008,41.2481003],"dataBlock":"CameraBookmarkMarker","isAIControlled":"0","rotationMatrix":[0.266364932,0.963872254,-7.17118382e-08,-0.963691056,0.266314805,0.0193924066,0.0186918229,-0.00516538741,0.999811947]}
{"internalName":"NewCamera_79","class":"CameraBookmark","persistentId":"8ad548af-e333-44f3-968b-c5a789c22147","__parent":"CameraBookmarks","position":[-255.932312,217.107193,34.9570503],"dataBlock":"CameraBookmarkMarker","rotationMatrix":[0.985311866,-0.170764416,3.35276127e-08,0.163267314,0.942053556,-0.293051064,0.0500426628,0.288746715,0.956096768]}
{"name":"houses_foresttest","internalName":"NewCamera_47","class":"CameraBookmark","persistentId":"8ffeeeef-6ac7-4341-bb38-49237488bcee","__parent":"CameraBookmarks","position":[250.848007,-232.936005,140.804001],"dataBlock":"CameraBookmarkMarker","isAIControlled":"0","rotationMatrix":[0.0693751574,-0.997590721,-1.63912773e-07,0.909805477,0.06327039,-0.410184085,0.409195781,0.0284564644,0.912002802]}
{"name":"annot","internalName":"NewCamera_61","class":"CameraBookmark","persistentId":"9024af66-a96d-4d08-88ab-c16eafb7bed8","__parent":"CameraBookmarks","position":[609.77002,-142.697998,55.0371017],"dataBlock":"CameraBookmarkMarker","rotationMatrix":[-0.34864974,-0.937253177,-1.11758709e-08,0.932535231,-0.346894741,-0.100210801,0.0939228833,-0.0349384733,0.994966209]}
{"name":"road_trees","internalName":"NewCamera_43","class":"CameraBookmark","persistentId":"91b17248-fec6-4086-b343-b38f2e7cb4af","__parent":"CameraBookmarks","position":[-85.2748032,3.72482991,46.885601],"dataBlock":"CameraBookmarkMarker","isAIControlled":"0","rotationMatrix":[-0.938640475,0.344898373,-4.47034836e-08,-0.344723731,-0.938165069,-0.031820517,-0.010974885,-0.0298679955,0.999493599]}
{"internalName":"NewCamera_59","class":"CameraBookmark","persistentId":"9aee097c-265a-409d-b062-a1e633f4daed","__parent":"CameraBookmarks","position":[582.646973,-147.746994,58.5648994],"dataBlock":"CameraBookmarkMarker","isAIControlled":"0","rotationMatrix":[0.0430550575,-0.999072731,7.74860382e-07,0.861383975,0.0371209383,-0.506596267,0.506126463,0.0218122154,0.862183452]}
{"name":"_MenuMovie___alt1","internalName":"NewCamera_19","class":"CameraBookmark","persistentId":"9b0ad22b-7d74-4bf6-85c9-2ac371f8dc07","__parent":"CameraBookmarks","position":[-254.455994,786.073975,29.5228004],"dataBlock":"CameraBookmarkMarker","isAIControlled":"0","rotationMatrix":[0.336493254,0.941685855,8.94069672e-08,-0.937204778,0.334892035,-0.0974402577,-0.0917581469,0.0327879041,0.995241404]}
{"internalName":"NewCamera_29","class":"CameraBookmark","persistentId":"9e128785-246c-4117-b362-9d5af3c3b2ad","__parent":"CameraBookmarks","position":[160.095993,306.707001,40.5227013],"dataBlock":"CameraBookmarkMarker","isAIControlled":"0","rotationMatrix":[-0.909956336,0.414704084,2.57045031e-07,-0.412127972,-0.904303789,0.11128895,0.0461522155,0.101267979,0.993788064]}
{"name":"Corner_overlook","internalName":"NewCamera_15","class":"CameraBookmark","persistentId":"a0519f51-8538-4b1d-91ad-542a9c4aef32","__parent":"CameraBookmarks","position":[108.636002,-59.8194008,86.8975983],"dataBlock":"CameraBookmarkMarker","isAIControlled":"0"}
{"internalName":"NewCamera_87","class":"CameraBookmark","persistentId":"a4d9b266-388c-4824-b802-38d854d2ddf9","__parent":"CameraBookmarks","position":[710.886414,-48.9613419,62.0803299],"dataBlock":"CameraBookmarkMarker","rotationMatrix":[-0.0611411333,-0.998129189,5.96046448e-08,0.526277006,-0.0322375298,-0.849701881,0.848112226,-0.0519516766,0.527263403]}
{"internalName":"NewCamera_85","class":"CameraBookmark","persistentId":"a671938a-0940-41ed-aa89-8c29b36486fa","__parent":"CameraBookmarks","position":[-192.050247,745.518677,50.0573997],"dataBlock":"CameraBookmarkMarker","rotationMatrix":[-0.892747879,-0.450556219,5.96046448e-08,0.0885233134,-0.175403237,-0.980508626,0.441774309,-0.875347197,0.196475744]}
{"name":"hill_vcool","internalName":"NewCamera_36","class":"CameraBookmark","persistentId":"a6a5468e-da69-424a-896b-fb4a70a36861","__parent":"CameraBookmarks","position":[-354.945007,192.604004,59.3366013],"dataBlock":"CameraBookmarkMarker","isAIControlled":"0","rotationMatrix":[-0.142599225,0.989780545,1.34110451e-07,-0.982865214,-0.141602993,0.118002892,0.116796985,0.0168269835,0.993013263]}
{"internalName":"NewCamera_76","class":"CameraBookmark","persistentId":"a6de435c-455c-49e0-80bf-ef8c37546233","__parent":"CameraBookmarks","position":[94.856514,-4.07236862,100.684891],"dataBlock":"CameraBookmarkMarker","rotationMatrix":[0.769305646,-0.638880908,1.49011612e-08,0.473696172,0.570399106,-0.671011806,0.428696632,0.516213179,0.741446674]}
{"internalName":"NewCamera_84","class":"CameraBookmark","persistentId":"b1037802-80f2-4aab-8d41-e053a0488059","__parent":"CameraBookmarks","position":[751.96991,335.410553,95.8831177],"dataBlock":"CameraBookmarkMarker","rotationMatrix":[0.940325081,0.340277463,-1.49011612e-08,-0.0314908624,0.0870220065,-0.995708585,-0.338817179,0.936289787,0.0925445557]}
{"internalName":"NewCamera_5","class":"CameraBookmark","persistentId":"b9b14455-89d9-43c2-a696-354fc35565af","__parent":"CameraBookmarks","position":[-439.381989,-943.622009,13.2217999],"dataBlock":"CameraBookmarkMarker","isAIControlled":"0","rotationMatrix":[-0.520829439,0.853661001,2.30967999e-07,-0.849569857,-0.518333435,-0.0977848917,-0.0834750161,-0.0509294271,0.995207548]}
{"internalName":"NewCamera_39","class":"CameraBookmark","persistentId":"bc6b9593-c38d-4d1d-b6f4-f5144ced3502","__parent":"CameraBookmarks","position":[-444.76001,-200.690002,33.1278],"dataBlock":"CameraBookmarkMarker","isAIControlled":"0","rotationMatrix":[-0.488998055,-0.872284591,-6.10947609e-07,0.812839448,-0.455673099,-0.362840861,0.316500247,-0.17742905,0.931851089]}
{"internalName":"NewCamera_26","class":"CameraBookmark","persistentId":"bd8faa47-de15-4186-a764-ae0dd885889b","__parent":"CameraBookmarks","position":[618.280029,-132.813004,68.0991974],"dataBlock":"CameraBookmarkMarker","isAIControlled":"0","rotationMatrix":[-0.970431805,0.24137567,-2.38418579e-07,-0.208203629,-0.83706677,-0.505935252,-0.122120671,-0.490975589,0.862571478]}
{"internalName":"NewCamera_45","class":"CameraBookmark","persistentId":"c142bd81-b99a-46b6-9f96-ef7e275af7f5","__parent":"CameraBookmarks","position":[338.415985,-663.153015,109.289001],"dataBlock":"CameraBookmarkMarker","isAIControlled":"0","rotationMatrix":[0.975061059,-0.221936718,-5.06639481e-07,0.136861309,0.601290941,-0.787221849,0.174713716,0.767589271,0.616669953]}
{"internalName":"NewCamera_6","class":"CameraBookmark","persistentId":"c41e002a-6478-4e3e-b515-e798528c9a1c","__parent":"CameraBookmarks","position":[-324.734985,166.761993,31.5247002],"dataBlock":"CameraBookmarkMarker","isAIControlled":"0","rotationMatrix":[0.58777678,0.809023261,-8.94069672e-08,-0.401354343,0.291594565,0.86826694,0.70244801,-0.510347128,0.496097445]}
{"internalName":"NewCamera_41","class":"CameraBookmark","persistentId":"c649ff0e-7cdf-4646-9a4a-d33f5a971eac","__parent":"CameraBookmarks","position":[-336.678986,-432.617004,37.3382988],"dataBlock":"CameraBookmarkMarker","isAIControlled":"0","rotationMatrix":[-0.514739871,0.857346535,-2.27987766e-06,-0.768951774,-0.461669922,-0.442237765,-0.37915206,-0.227635592,0.896897852]}
{"internalName":"NewCamera_81","class":"CameraBookmark","persistentId":"c7bb73ff-1c30-4d12-8cb9-b7f02c2f3468","__parent":"CameraBookmarks","position":[-422.859009,387.078461,23.5525455],"dataBlock":"CameraBookmarkMarker","rotationMatrix":[-0.715468645,-0.698644876,7.4505806e-09,0.676860452,-0.69315958,-0.247769743,0.173103064,-0.177271456,0.968818963]}
{"name":"jumps_01","internalName":"NewCamera_56","class":"CameraBookmark","persistentId":"c7c6eea6-0405-4a30-9e66-742ccea72f3b","__parent":"CameraBookmarks","position":[-840.263,751.653015,42.7411995],"dataBlock":"CameraBookmarkMarker","isAIControlled":"0","rotationMatrix":[0.842413664,-0.538831353,5.58793545e-09,0.538278937,0.841550052,0.0452694632,-0.0243926086,-0.0381356142,0.9989748]}
{"name":"_MenuMovie___alt3","internalName":"NewCamera_21","class":"CameraBookmark","persistentId":"c8365dc8-ab5d-4a4a-8c64-9b4894c3aef0","__parent":"CameraBookmarks","position":[55.4160995,-247.774002,43.7296982],"dataBlock":"CameraBookmarkMarker","isAIControlled":"0","rotationMatrix":[0.536539018,0.843875527,3.7252903e-09,-0.841877222,0.535268486,-0.0687781051,-0.0580401607,0.0369021371,0.997631967]}
{"name":"aspenroad","internalName":"NewCamera_35","class":"CameraBookmark","persistentId":"cbf7eb02-a578-430d-b357-10d3be869fd9","__parent":"CameraBookmarks","position":[-168.660004,-271.643005,40.0094986],"dataBlock":"CameraBookmarkMarker","isAIControlled":"0","rotationMatrix":[0.971931159,0.235265523,2.78232619e-08,-0.235244811,0.971845567,-0.0132693918,-0.00312185753,0.012896928,0.999911964]}
{"internalName":"NewCamera_1","class":"CameraBookmark","persistentId":"d22a42de-5a75-4c34-bd4a-e7c4f4fe4a5c","__parent":"CameraBookmarks","position":[984.96698,453.300995,65.1931992],"dataBlock":"CameraBookmarkMarker","isAIControlled":"0","rotationMatrix":[0.560914278,0.827873945,1.1920929e-07,-0.66054213,0.447540998,-0.602819324,-0.499058455,0.338129878,0.797877729]}
{"internalName":"NewCamera_77","class":"CameraBookmark","persistentId":"d4660f8d-c549-4c3e-83c0-6c648f8742ae","__parent":"CameraBookmarks","position":[764.259216,-295.854736,61.8149872],"dataBlock":"CameraBookmarkMarker","rotationMatrix":[-0.948111534,-0.31793803,-1.49011612e-08,0.01437442,-0.0428655148,-0.998977423,0.317612886,-0.947142005,0.0452113152]}
{"internalName":"NewCamera_86","class":"CameraBookmark","persistentId":"d83ec78a-126d-4409-becd-0fd715d861c3","__parent":"CameraBookmarks","position":[698.572327,-30.5605583,59.7695923],"dataBlock":"CameraBookmarkMarker","rotationMatrix":[-0.6105057,-0.792011738,-2.98023224e-08,0.691163898,-0.532769322,-0.488312602,0.386749327,-0.298117697,0.872668743]}
{"internalName":"NewCamera_46","class":"CameraBookmark","persistentId":"ddacd219-704c-4494-baa4-832a014c2e05","__parent":"CameraBookmarks","position":[-178.714005,-598.075012,142.567001],"dataBlock":"CameraBookmarkMarker","isAIControlled":"0","rotationMatrix":[-0.917947531,0.396701574,-1.07288361e-06,-0.00798740983,-0.0184851885,-0.999797225,-0.396621138,-0.917761445,0.0201370716]}
{"internalName":"NewCamera_89","class":"CameraBookmark","persistentId":"ddd76a93-d867-40dc-95ef-33570f56d73e","__parent":"CameraBookmarks","position":[851.419617,-157.048508,66.4324646],"dataBlock":"CameraBookmarkMarker","rotationMatrix":[0.999920189,-0.01263199,1.86264515e-09,0.0034181443,0.270572543,-0.962693572,0.0121607343,0.962616801,0.27059412]}
{"name":"_MenuMovie___alt5","internalName":"NewCamera_23","class":"CameraBookmark","persistentId":"de8b2fd9-fdd0-48db-aede-91a3abd4b41f","__parent":"CameraBookmarks","position":[695.171997,-127.536003,57.3390999],"dataBlock":"CameraBookmarkMarker","isAIControlled":"0","rotationMatrix":[-0.926641703,-0.375945866,-1.20699406e-06,0.363367498,-0.895637274,-0.256511271,0.096433267,-0.237694457,0.966541231]}
{"name":"annot2","internalName":"NewCamera_62","class":"CameraBookmark","persistentId":"e65f04eb-1f7b-49f0-9c23-7f69ea88c67e","__parent":"CameraBookmarks","position":[-762.719971,615.130005,28.5877991],"dataBlock":"CameraBookmarkMarker","rotationMatrix":[0.803902149,0.59476167,1.21071935e-08,-0.594496429,0.803543687,-0.0298583992,-0.0177586414,0.0240032226,0.999554157]}
{"name":"skyboxtest","internalName":"NewCamera_30","class":"CameraBookmark","persistentId":"e91449ce-7534-40d1-8557-855f5315ac2a","__parent":"CameraBookmarks","position":[900.616028,-427.55899,44.9653015],"dataBlock":"CameraBookmarkMarker","isAIControlled":"0","rotationMatrix":[0.886787534,-0.462177277,-4.28408384e-08,0.460141599,0.882881641,-0.0937537923,0.0433309153,0.0831396803,0.995595396]}
{"internalName":"NewCamera_74","class":"CameraBookmark","persistentId":"eee65d06-f9fd-4ee2-aba8-41dd2775de86","__parent":"CameraBookmarks","position":[711.726196,-782.088257,52.6978073],"dataBlock":"CameraBookmarkMarker","rotationMatrix":[-0.969201207,0.246270984,5.58793545e-09,-0.238422185,-0.938312173,-0.250450373,-0.061678648,-0.242736757,0.968129456]}
{"internalName":"NewCamera_67","class":"CameraBookmark","persistentId":"fb91ed94-60c7-4a27-bf2b-9199c13851a8","__parent":"CameraBookmarks","position":[191.247635,-711.430115,51.3669777],"dataBlock":"CameraBookmarkMarker","rotationMatrix":[-0.896661282,0.442717493,1.49011612e-08,-0.0498729348,-0.101010442,-0.993634582,-0.439899385,-0.890953541,0.112651706]}
{"internalName":"NewCamera_82","class":"CameraBookmark","persistentId":"ff1c9576-cb49-4b16-9ca6-11e479eacfc1","__parent":"CameraBookmarks","position":[-292.548828,224.369949,31.2147655],"dataBlock":"CameraBookmarkMarker","rotationMatrix":[-0.636621237,-0.771176338,2.98023224e-08,0.631595016,-0.521394134,-0.573790491,0.442493737,-0.365287334,0.819002092]}
