{"class":"TSStatic","persistentId":"d9a9c900-d1ad-4ff4-b421-82977abe9a8c","__parent":"cranes","position":[-1389.78699,-863.890015,118.035988],"isRenderEnabled":false,"rotationMatrix":[0.734914541,-0.678159595,0,0.678159595,0.734914541,0,0,0,0.999999881],"scale":[1.02548826,1.02548826,1.02548826],"shapeName":"/levels/west_coast_usa/art/shapes/buildings/steel_factory/s_steel_factory_crane_02.dae","useInstanceRenderData":true}
{"class":"TSStatic","persistentId":"2a53f932-5575-479d-8a00-ef5c020af24a","__parent":"cranes","position":[-1316.55298,-784.669983,118.043182],"isRenderEnabled":false,"rotationMatrix":[0.734914541,-0.678159595,0,0.678159595,0.734914541,0,0,0,0.999999881],"scale":[1.02548826,1.02548826,1.02548826],"shapeName":"/levels/west_coast_usa/art/shapes/buildings/steel_factory/s_steel_factory_crane_02.dae","useInstanceRenderData":true}
{"class":"TSStatic","persistentId":"a42468f1-44f1-45eb-97b1-b930382f81a7","__parent":"cranes","position":[-1429.84656,-819.149292,104.358994],"annotation":"BUILDINGS","isRenderEnabled":false,"rotationMatrix":[0.678813457,0.734310627,0,-0.734310627,0.678813457,0,0,0,0.999999881],"shapeName":"/levels/west_coast_usa/art/shapes/buildings/steel_factory/s_steel_factory_crane_support_02.dae","useInstanceRenderData":true}
{"class":"TSStatic","persistentId":"73c6fe3a-8773-46b5-a55d-cbece9b7c89a","__parent":"cranes","position":[-1536.77161,-1023.20367,114.510002],"decalType":"Visible Mesh Final","isRenderEnabled":false,"rotationMatrix":[0.734310508,-0.678813517,0,0.678813517,0.734310508,0,0,0,0.999999881],"shapeName":"/levels/west_coast_usa/art/shapes/buildings/steel_factory/s_steel_factory_crane.dae","useInstanceRenderData":true}
{"class":"TSStatic","persistentId":"a9165369-ebe6-4707-9b64-1a20333527cc","__parent":"cranes","position":[-1282.98999,-748.362,104.358994],"annotation":"BUILDINGS","decalType":"Visible Mesh Final","isRenderEnabled":false,"rotationMatrix":[0.678813457,0.734310627,0,-0.734310627,0.678813457,0,0,0,0.999999881],"shapeName":"/levels/west_coast_usa/art/shapes/buildings/steel_factory/s_steel_factory_crane_support_01.dae","useInstanceRenderData":true}
{"class":"TSStatic","persistentId":"be65e69f-e53e-44f3-a7cc-2d1a30bfe99a","__parent":"cranes","position":[-1282.98999,-748.362,104.358994],"annotation":"BUILDINGS","decalType":"Visible Mesh Final","isRenderEnabled":false,"rotationMatrix":[0.678813457,0.734310627,0,-0.734310627,0.678813457,0,0,0,0.999999881],"shapeName":"/levels/west_coast_usa/art/shapes/buildings/steel_factory/s_steel_factory_crane_support_02.dae","useInstanceRenderData":true}
{"class":"TSStatic","persistentId":"05603893-4af2-46fa-8158-d76ba8777083","__parent":"cranes","position":[-1213.13257,-761.184021,114.510002],"decalType":"Visible Mesh Final","isRenderEnabled":false,"rotationMatrix":[-0.734310567,0.678813636,0,-0.678813636,-0.734310567,0,0,0,0.999999881],"shapeName":"/levels/west_coast_usa/art/shapes/buildings/steel_factory/s_steel_factory_crane.dae","useInstanceRenderData":true}
{"class":"TSStatic","persistentId":"dd9643aa-d847-43f7-abce-dd92d38fdd43","__parent":"cranes","position":[-1389.91504,-952.416199,114.510002],"decalType":"Visible Mesh Final","isRenderEnabled":false,"rotationMatrix":[0.734310508,-0.678813517,0,0.678813517,0.734310508,0,0,0,0.999999881],"shapeName":"/levels/west_coast_usa/art/shapes/buildings/steel_factory/s_steel_factory_crane.dae","useInstanceRenderData":true}
