{"name":"p_fuel_pump_2000_nodeoline","internalName":"p_fuel_pump_2000_nodeoline","class":"Prefab","persistentId":"0d1ae0d9-fbb6-4cab-81ba-806318316859","__parent":"fs_2_meshes","position":[-478.501556,134.720642,100.420052],"annotation":"OBSTACLES","fileName":"/levels/west_coast_usa/art/prefabs/p_fuel_pump_2000_nodeoline.prefab.json","rotationMatrix":[0.292371571,0.956304729,0,-0.956304729,0.292371571,0,0,0,0.999999881]}
{"name":"p_fuel_pump_2000_nodeoline1","internalName":"p_fuel_pump_2000_nodeoline1","class":"Prefab","persistentId":"f7cd0dd3-58d8-4f64-8410-2eaf0c347ce3","__parent":"fs_2_meshes","position":[-480.700073,127.529617,100.420052],"annotation":"OBSTACLES","fileName":"/levels/west_coast_usa/art/prefabs/p_fuel_pump_2000_nodeoline.prefab.json","rotationMatrix":[0.292371571,0.956304729,0,-0.956304729,0.292371571,0,0,0,0.999999881]}
{"name":"p_fuel_pump_2000_nodeoline2","internalName":"p_fuel_pump_2000_nodeoline2","class":"Prefab","persistentId":"cffc8195-c7b6-4b8c-99e7-a07a96e5f593","__parent":"fs_2_meshes","position":[-488.328766,129.949203,100.420052],"annotation":"OBSTACLES","fileName":"/levels/west_coast_usa/art/prefabs/p_fuel_pump_2000_nodeoline.prefab.json","rotationMatrix":[0.292371571,0.956304729,0,-0.956304729,0.292371571,0,0,0,0.999999881]}
{"name":"p_fuel_pump_2000_nodeoline3","internalName":"p_fuel_pump_2000_nodeoline3","class":"Prefab","persistentId":"c8717014-d7df-4f14-8e9f-f69f00617611","__parent":"fs_2_meshes","position":[-486.157867,137.049789,100.420052],"annotation":"OBSTACLES","fileName":"/levels/west_coast_usa/art/prefabs/p_fuel_pump_2000_nodeoline.prefab.json","rotationMatrix":[0.292371571,0.956304729,0,-0.956304729,0.292371571,0,0,0,0.999999881]}
{"name":"p_fuel_pump_2000_nodeoline4","internalName":"p_fuel_pump_2000_nodeoline4","class":"Prefab","persistentId":"52dff641-d79c-4f68-8e9b-6a9bee476400","__parent":"fs_2_meshes","position":[-493.848633,139.444565,100.420052],"annotation":"OBSTACLES","fileName":"/levels/west_coast_usa/art/prefabs/p_fuel_pump_2000_nodeoline.prefab.json","rotationMatrix":[0.292371571,0.956304729,0,-0.956304729,0.292371571,0,0,0,0.999999881]}
{"name":"p_fuel_pump_2000_nodeoline5","internalName":"p_fuel_pump_2000_nodeoline5","class":"Prefab","persistentId":"bff54d74-3c57-4187-ae66-05b4a5f429a7","__parent":"fs_2_meshes","position":[-496.04715,132.25354,100.420052],"annotation":"OBSTACLES","fileName":"/levels/west_coast_usa/art/prefabs/p_fuel_pump_2000_nodeoline.prefab.json","rotationMatrix":[0.292371571,0.956304729,0,-0.956304729,0.292371571,0,0,0,0.999999881]}
{"class":"TSStatic","persistentId":"7020dca8-eb18-4707-98b6-4fc3dc788a08","__parent":"fs_2_meshes","position":[-472.985931,126.665054,100.514999],"annotation":"OBSTACLES","isRenderEnabled":false,"rotationMatrix":[0.956304669,-0.29237166,0,0.29237166,0.956304669,0,0,0,0.999999881],"shapeName":"/levels/west_coast_usa/art/shapes/buildings/s_fuel_sign_nodeoline.dae","useInstanceRenderData":true}
{"class":"TSStatic","persistentId":"08a5c72d-696d-487a-9aeb-0b39fb1594b2","__parent":"fs_2_meshes","position":[-487.321686,133.393906,100.449486],"annotation":"BUILDINGS","isRenderEnabled":false,"rotationMatrix":[0.292371571,0.956304729,0,-0.956304729,0.292371571,0,0,0,0.999999881],"shapeName":"/levels/west_coast_usa/art/shapes/buildings/s_fuel_structure_02.dae","useInstanceRenderData":true}
