{"name":"BeamLRTrigger_FinishLine","class":"BeamNGTrigger","persistentId":"0c15e10e-2d2a-4e11-8f35-e62844260a62","__parent":"Triggers","position":[500.205597,179.235184,134.211136],"luaFunction":"onBeamNGTrigger","scale":[6.83754873,18.8968506,6.75683594],"triggerMode":"Overlaps","triggerTestType":"Bounding box"}
{"name":"BeamLRTrigger_CP1","class":"BeamNGTrigger","persistentId":"03acdad7-96b9-4909-9dcf-d3eec4e21709","__parent":"Triggers","position":[720.263794,249.179337,140.048676],"luaFunction":"onBeamNGTrigger","rotationMatrix":[0.880957365,0.473195642,0,-0.473195642,0.880957365,0,0,0,1],"scale":[6.83754873,28.8073311,8.52243423],"triggerMode":"Overlaps","triggerTestType":"Bounding box"}
{"name":"BeamLRTrigger_CP2","class":"BeamNGTrigger","persistentId":"3713f077-179f-4cc0-ab1b-b8d8b7772d40","__parent":"Triggers","position":[408.012848,501.682587,149.136612],"luaFunction":"onBeamNGTrigger","rotationMatrix":[0.880957365,0.473195642,0,-0.473195642,0.880957365,0,0,0,1],"scale":[6.83754873,41.9250259,8.52243423],"triggerMode":"Overlaps","triggerTestType":"Bounding box"}
{"name":"BeamLRTrigger_CP3","class":"BeamNGTrigger","persistentId":"47eae4e6-8111-4c8f-9a53-1d4b841b09ae","__parent":"Triggers","position":[535.460876,442.197571,148.33725],"luaFunction":"onBeamNGTrigger","rotationMatrix":[0.999123693,-0.041855596,0,0.041855596,0.999123693,0,0,0,1],"scale":[6.83754873,26.7582779,8.52243423],"triggerMode":"Overlaps","triggerTestType":"Bounding box"}
{"name":"BeamLRTrigger_CP4","class":"BeamNGTrigger","persistentId":"bcd4a6f3-bc16-491b-894a-3d08528793a7","__parent":"Triggers","position":[331.057648,360.703613,146.311615],"luaFunction":"onBeamNGTrigger","rotationMatrix":[0.999971807,0.00750715705,0,-0.00750715705,0.999971807,0,0,0,1],"scale":[6.83754873,13.2826004,8.52243423],"triggerMode":"Overlaps","triggerTestType":"Bounding box"}
{"name":"BeamLRTrigger_CP5","class":"BeamNGTrigger","persistentId":"379414c0-09a1-42a8-bc78-f8b0367538b9","__parent":"Triggers","position":[-428.212311,295.254425,110.901619],"luaFunction":"onBeamNGTrigger","rotationMatrix":[0.815497279,0.578760922,0,-0.578760922,0.815497279,0,0,0,1],"scale":[6.83754873,32.4616089,8.52243423],"triggerMode":"Overlaps","triggerTestType":"Bounding box"}
{"name":"BeamLRTrigger_CP6","class":"BeamNGTrigger","persistentId":"2a19cee1-efb9-4d8d-bd27-5bd49ce37457","__parent":"Triggers","position":[-497.768433,-208.536148,120.232727],"luaFunction":"onBeamNGTrigger","rotationMatrix":[0.99984622,-0.0175365806,0,0.0175365806,0.99984622,0,0,0,1],"scale":[6.83754873,32.4616089,8.52243423],"triggerMode":"Overlaps","triggerTestType":"Bounding box"}
{"name":"BeamLRTrigger_CP7","class":"BeamNGTrigger","persistentId":"900e363f-919a-4545-9da9-f0af35ff604d","__parent":"Triggers","position":[-50.9470444,-59.6112862,123.077011],"luaFunction":"onBeamNGTrigger","rotationMatrix":[0.260778904,0.96539849,0,-0.96539849,0.260778904,0,0,0,1],"scale":[6.83754873,17.1421146,8.52243423],"triggerMode":"Overlaps","triggerTestType":"Bounding box"}
{"name":"BeamLRTrigger_CP8","class":"BeamNGTrigger","persistentId":"e88b6025-c198-4183-95a1-dc601db173dc","__parent":"Triggers","position":[330.821655,179.058258,138.435913],"luaFunction":"onBeamNGTrigger","rotationMatrix":[0.99964112,-0.0267892387,0,0.0267892387,0.99964112,0,0,0,1],"scale":[6.83754873,17.1421146,8.52243423],"triggerMode":"Overlaps","triggerTestType":"Bounding box"}
{"name":"BeamLRTrigger_PitEntry","class":"BeamNGTrigger","persistentId":"cf593b71-29bf-4af9-8d33-1ecab9a31d12","__parent":"Triggers","position":[320.098358,207.117004,138.435913],"luaFunction":"onBeamNGTrigger","rotationMatrix":[0.861755133,0.507324398,0,-0.507324398,0.861755133,0,0,0,1],"scale":[6.83754873,11.3978815,8.52243423],"triggerMode":"Overlaps","triggerTestType":"Bounding box"}
{"name":"BeamLRTrigger_PitExit","class":"BeamNGTrigger","persistentId":"0fa65c86-f8af-4dcc-868e-17ba019e828f","__parent":"Triggers","position":[535.287048,198.012878,135.355713],"luaFunction":"onBeamNGTrigger","rotationMatrix":[0.880206585,-0.474590689,0,0.474590689,0.880206585,0,0,0,1],"scale":[6.83754873,17.0278988,8.52243423],"triggerMode":"Overlaps","triggerTestType":"Bounding box"}
{"name":"BeamLRTrigger_Penalty1","class":"BeamNGTrigger","persistentId":"468f9cb7-c1c1-43ac-bc1e-1f032dbb39fd","__parent":"Triggers","position":[619.52356,201.348083,135.601929],"rotationMatrix":[0.752765357,0.658216655,-0.00975369662,-0.658229887,0.752813637,0.00223816815,0.00881591626,0.00473535992,0.999949932],"scale":[6.83754873,19.1164722,8.52243423],"triggerMode":"Overlaps","triggerTestType":"Bounding box"}
{"name":"BeamLRTrigger_Penalty2","class":"BeamNGTrigger","persistentId":"6cd08029-28df-4f7d-863d-e12de2fe061f","__parent":"Triggers","position":[673.243958,206.147614,136.808044],"luaFunction":"onBeamNGTrigger","rotationMatrix":[0.752765357,0.658216655,-0.00975369662,-0.658229887,0.752813637,0.00223816815,0.00881591626,0.00473535992,0.999949932],"scale":[6.83754873,44.8108368,8.52243423],"triggerMode":"Overlaps","triggerTestType":"Bounding box"}
{"name":"BeamLRTrigger_Penalty3","class":"BeamNGTrigger","persistentId":"7115ed65-9e9c-4d29-8474-68ed39873021","__parent":"Triggers","position":[746.212585,307.605347,143.514999],"rotationMatrix":[0.365164042,0.930911839,-0.00762784015,-0.930901349,0.365213037,0.00647765817,0.00881591532,0.00473536039,0.999949932],"scale":[6.83754873,26.5015411,8.52243423],"triggerMode":"Overlaps","triggerTestType":"Bounding box"}
{"name":"BeamLRTrigger_Penalty4","class":"BeamNGTrigger","persistentId":"339b212c-a86c-4de3-81d5-8aa1288c12a5","__parent":"Triggers","position":[374.559357,460.181854,146.069107],"luaFunction":"onBeamNGTrigger","rotationMatrix":[-0.161992908,0.986786604,-0.00324483518,-0.98675251,-0.161956191,0.00946652144,0.00881591532,0.00473535806,0.999949932],"scale":[6.83754873,18.9472122,8.52243423],"triggerMode":"Overlaps","triggerTestType":"Bounding box"}
{"name":"BeamLRTrigger_Penalty5","class":"BeamNGTrigger","persistentId":"d086b55d-98d6-42c6-b09f-ca390a316f18","__parent":"Triggers","position":[584.844788,404.20459,148.788406],"rotationMatrix":[-0.161992908,0.986786604,-0.00324483518,-0.98675251,-0.161956191,0.00946652144,0.00881591532,0.00473535806,0.999949932],"scale":[6.83754873,39.9735107,8.52243423],"triggerMode":"Overlaps","triggerTestType":"Bounding box"}
{"name":"BeamLRTrigger_Penalty6","class":"BeamNGTrigger","persistentId":"e20daf31-597d-4d68-a0f3-7ce52c0f3ea3","__parent":"Triggers","position":[-244.766312,-189.402725,120.232735],"luaFunction":"onBeamNGTrigger","rotationMatrix":[0.796075761,0.605196893,0,-0.605196893,0.796075761,0,0,0,1],"scale":[6.83754873,32.4616089,8.52243423],"triggerMode":"Overlaps","triggerTestType":"Bounding box"}
{"name":"BeamLRTrigger_Penalty7","class":"BeamNGTrigger","persistentId":"aa1d9379-10d6-4662-bd60-37ee38421f16","__parent":"Triggers","position":[-194.498657,-199.969543,120.232735],"luaFunction":"onBeamNGTrigger","rotationMatrix":[0.471141458,0.882057607,0,-0.882057607,0.471141458,0,0,0,1],"scale":[6.83754873,34.8014221,8.52243423],"triggerMode":"Overlaps","triggerTestType":"Bounding box"}
{"name":"BeamLRTrigger_Penalty8","class":"BeamNGTrigger","persistentId":"911a6e0b-94c7-4dda-9f71-82bfa3f5272f","__parent":"Triggers","position":[262.990204,161.567612,138.339157],"luaFunction":"onBeamNGTrigger","rotationMatrix":[0.561265826,0.827386081,-0.0203173216,-0.827635229,0.561115682,-0.012997834,0.000646138564,0.0241105724,0.99970907],"scale":[6.83754873,10.0661106,8.52243423],"triggerMode":"Overlaps","triggerTestType":"Bounding box"}
{"name":"BeamLRTrigger_DragFinish","class":"BeamNGTrigger","persistentId":"d71aff4b-7291-4b93-96b1-0d7f9cb9da3c","__parent":"Triggers","position":[-512.679626,-319.269135,124.939903],"luaFunction":"onBeamNGTrigger","rotationMatrix":[0.981055737,-0.19372578,0,0.19372578,0.981055737,0,0,0,1],"scale":[10.1250477,36.4339371,9.09777832],"triggerMode":"Overlaps","triggerTestType":"Bounding box"}
