{"class":"DecalRoad","persistentId":"9b43111c-71a5-4203-80f6-fb5911eca59c","__parent":"fs_1_meshes","position":[925.736328,-496.118866,162.157547],"distanceFade":[100,50],"improvedSpline":true,"material":"AsphaltRoad_track_skidmarks","nodes":[[925.736328,-496.118866,162.157547,5],[934.773315,-498.310272,162.620682,5],[939.017883,-502.107574,163.120117,5],[939.473389,-509.021606,163.456863,6]],"overObjects":true,"renderPriority":9,"startEndFade":[30,20],"textureLength":40}
{"class":"TSStatic","persistentId":"7e786fb5-56d3-4c7a-9d5f-339bbb8710de","__parent":"fs_1_meshes","position":[905.539062,-466.701599,161.851212],"annotation":"OBSTACLES","isRenderEnabled":false,"rotationMatrix":[0.953654826,0.300902694,0,-0.300902694,0.953654826,0,0,0,1],"shapeName":"/levels/west_coast_usa/art/shapes/buildings/s_fuel_charger_concrete_base.dae","useInstanceRenderData":true}
{"class":"TSStatic","persistentId":"c6a70a16-b14e-4ad4-bbae-bb132ccb9b16","__parent":"fs_1_meshes","position":[900.327454,-468.220734,161.866608],"annotation":"OBSTACLES","isRenderEnabled":false,"rotationMatrix":[-0.953654647,-0.300902963,0,0.300902963,-0.953654647,0,0,0,1],"shapeName":"/levels/west_coast_usa/art/shapes/buildings/s_fuel_charger_concrete_base.dae","useInstanceRenderData":true}
{"class":"TSStatic","persistentId":"b2199249-8ba5-4777-9a73-c31ede753862","__parent":"fs_1_meshes","position":[895.080322,-469.895599,161.819092],"annotation":"OBSTACLES","isRenderEnabled":false,"rotationMatrix":[0.953654826,0.300902694,0,-0.300902694,0.953654826,0,0,0,1],"shapeName":"/levels/west_coast_usa/art/shapes/buildings/s_fuel_charger_concrete_base.dae","useInstanceRenderData":true}
{"name":"p_fuel_pump_2015_trilobite","internalName":"p_fuel_pump_2015_trilobite","class":"Prefab","persistentId":"c5a24d26-7fc7-45a2-8767-1f64b9cfc824","__parent":"fs_1_meshes","position":[929.552185,-482.963715,162.36911],"annotation":"OBSTACLES","fileName":"/levels/west_coast_usa/art/prefabs/p_fuel_pump_2015_trilobite.prefab.json","rotationMatrix":[0.207911596,0.978147566,0,-0.978147566,0.207911596,0,0,0,0.999999881]}
{"name":"p_fuel_pump_2015_nodeoline1","internalName":"p_fuel_pump_2015_nodeoline1","class":"Prefab","persistentId":"1225b99f-f90b-4eae-9e0a-18c1acbbd243","__parent":"fs_1_meshes","position":[912.650391,-485.203369,162.367203],"annotation":"OBSTACLES","fileName":"/levels/west_coast_usa/art/prefabs/p_fuel_pump_2015_trilobite.prefab.json","rotationMatrix":[0.207911596,0.978147566,0,-0.978147566,0.207911596,0,0,0,0.999999881]}
{"name":"p_fuel_pump_2015_nodeoline2","internalName":"p_fuel_pump_2015_nodeoline2","class":"Prefab","persistentId":"d81f1f1b-df04-46d9-b7c4-b3586fea77fb","__parent":"fs_1_meshes","position":[920.623962,-486.905914,162.369919],"annotation":"OBSTACLES","fileName":"/levels/west_coast_usa/art/prefabs/p_fuel_pump_2015_trilobite.prefab.json","rotationMatrix":[0.207911596,0.978147566,0,-0.978147566,0.207911596,0,0,0,0.999999881]}
{"name":"p_fuel_pump_2015_nodeoline3","internalName":"p_fuel_pump_2015_nodeoline3","class":"Prefab","persistentId":"37af9352-2e19-4c4d-b049-44ad7d8cf9d6","__parent":"fs_1_meshes","position":[921.811584,-481.318359,162.361237],"annotation":"OBSTACLES","fileName":"/levels/west_coast_usa/art/prefabs/p_fuel_pump_2015_trilobite.prefab.json","rotationMatrix":[0.207911596,0.978147566,0,-0.978147566,0.207911596,0,0,0,0.999999881]}
{"name":"p_fuel_pump_2015_nodeoline5","internalName":"p_fuel_pump_2015_nodeoline5","class":"Prefab","persistentId":"aea8d0d4-fd77-4361-9a6a-659df347acb4","__parent":"fs_1_meshes","position":[928.364563,-488.55127,162.386749],"annotation":"OBSTACLES","fileName":"/levels/west_coast_usa/art/prefabs/p_fuel_pump_2015_trilobite.prefab.json","rotationMatrix":[0.207911596,0.978147566,0,-0.978147566,0.207911596,0,0,0,0.999999881]}
{"name":"p_fuel_pump_2015_nodeoline","internalName":"p_fuel_pump_2015_nodeoline","class":"Prefab","persistentId":"d0a20073-8924-4690-ac83-5dc116cb097c","__parent":"fs_1_meshes","position":[913.838013,-479.615814,162.353439],"annotation":"OBSTACLES","fileName":"/levels/west_coast_usa/art/prefabs/p_fuel_pump_2015_trilobite.prefab.json","rotationMatrix":[0.207911596,0.978147566,0,-0.978147566,0.207911596,0,0,0,0.999999881]}
{"class":"TSStatic","persistentId":"0ec9b06c-fafe-475d-a24d-0af28562c09c","__parent":"fs_1_meshes","position":[900.308533,-468.260498,161.915146],"annotation":"OBSTACLES","isRenderEnabled":false,"rotationMatrix":[0.95496583,0.296715885,0,-0.296715885,0.95496583,0,0,0,1],"shapeName":"/levels/west_coast_usa/art/shapes/buildings/s_fuel_charger_car_2022.dae","useInstanceRenderData":true}
{"class":"TSStatic","persistentId":"7afa1f9b-4a35-47db-a7ad-d01f904a8f82","__parent":"fs_1_meshes","position":[905.554871,-466.742767,161.901154],"annotation":"OBSTACLES","isRenderEnabled":false,"rotationMatrix":[0.95496583,0.296715885,0,-0.296715885,0.95496583,0,0,0,1],"shapeName":"/levels/west_coast_usa/art/shapes/buildings/s_fuel_charger_car_2022.dae","useInstanceRenderData":true}
{"class":"TSStatic","persistentId":"5484b335-4a09-40fc-8503-a79e68763c89","__parent":"fs_1_meshes","position":[895.107605,-469.947327,161.867966],"annotation":"OBSTACLES","isRenderEnabled":false,"rotationMatrix":[0.95496583,0.296715885,0,-0.296715885,0.95496583,0,0,0,1],"shapeName":"/levels/west_coast_usa/art/shapes/buildings/s_fuel_charger_car_2022.dae","useInstanceRenderData":true}
{"class":"TSStatic","persistentId":"9e60b4d1-daf4-4822-a679-84a0e9a14daf","__parent":"fs_1_meshes","position":[921.0448,-484.302643,162.038834],"annotation":"BUILDINGS","isRenderEnabled":false,"rotationMatrix":[0.207911596,0.978147566,0,-0.978147566,0.207911596,0,0,0,0.999999881],"shapeName":"/levels/west_coast_usa/art/shapes/buildings/s_fuel_structure_01.dae","useInstanceRenderData":true}
{"class":"TSStatic","persistentId":"8e40ef00-5406-4f08-bfd5-7810b6f73b11","__parent":"fs_1_meshes","position":[931.562805,-503.289429,163.397858],"annotation":"OBSTACLES","isRenderEnabled":false,"rotationMatrix":[0.978147507,-0.207911685,0,0.207911685,0.978147507,0,0,0,0.999999881],"scale":[1,0.944896221,1],"shapeName":"/levels/west_coast_usa/art/shapes/buildings/s_fuel_sign_trilobite.dae","useInstanceRenderData":true}
{"class":"DecalRoad","persistentId":"1b01b695-aade-457d-b822-6a5c60bce601","__parent":"fs_1_meshes","position":[892.80957,-482.034454,161.876617],"improvedSpline":true,"material":"road1_concrete","nodes":[[892.80957,-482.034454,161.876617,6],[903.406555,-479.061646,161.558426,6]],"overObjects":true,"renderPriority":11,"textureLength":18}
{"class":"DecalRoad","persistentId":"12edff20-25c9-447b-b7e5-2a042b4fd092","__parent":"fs_1_meshes","position":[902.586243,-476.159821,162.146072],"breakAngle":1,"detail":0.300000012,"distanceFade":[100,50],"improvedSpline":true,"material":"road_crack","nodes":[[902.586243,-476.159821,162.146072,1],[904.215942,-481.949493,162.21727,1]],"overObjects":true,"textureLength":36}
{"class":"DecalRoad","persistentId":"447ff0b1-e4e9-4b8d-a129-d83f259f0bb9","__parent":"fs_1_meshes","position":[902.604004,-476.16214,162.144989],"breakAngle":1,"detail":0.300000012,"distanceFade":[100,50],"improvedSpline":true,"material":"road_crack","nodes":[[902.604004,-476.16214,162.144989,1],[891.981934,-479.132477,162.217087,1]],"overObjects":true,"textureLength":36}
{"class":"DecalRoad","persistentId":"42f3354c-47b7-45b5-9dd5-69c4d7cbc8a6","__parent":"fs_1_meshes","position":[904.221741,-481.936737,162.217102],"breakAngle":1,"detail":0.300000012,"distanceFade":[100,50],"improvedSpline":true,"material":"road_crack","nodes":[[904.221741,-481.936737,162.217102,1],[893.612,-484.928131,162.217056,1]],"overObjects":true,"textureLength":36}
{"class":"DecalRoad","persistentId":"2c2b5f8b-f63f-4983-839e-b3a274f0c4af","__parent":"fs_1_meshes","position":[893.63324,-484.946381,162.146835],"breakAngle":1,"detail":0.300000012,"distanceFade":[100,50],"improvedSpline":true,"material":"road_crack","nodes":[[893.63324,-484.946381,162.146835,1],[891.984741,-479.101074,162.143707,1]],"overObjects":true,"textureLength":36}
{"class":"TSStatic","persistentId":"ea06cc9c-7b36-4e68-8ef6-b9cfc4573fa5","__parent":"fs_1_meshes","position":[895.140991,-480.857483,162.081406],"decalType":"None","isRenderEnabled":false,"rotationMatrix":[0.281716108,-0.958843648,0.0354276448,0.95949465,0.281427324,-0.0129926503,0.0024876073,0.0376528725,0.999287784],"shapeName":"/levels/west_coast_usa/art/shapes/buildings/s_fuel_manhole_refill_double.dae","useInstanceRenderData":true}
{"class":"TSStatic","persistentId":"e71ad0d2-e1d9-4764-b95f-a66bea3ac155","__parent":"fs_1_meshes","position":[897.971619,-480.02533,162.083572],"decalType":"None","isRenderEnabled":false,"rotationMatrix":[0.281961381,-0.959307194,0.0150903109,0.959028244,0.282262444,0.024349438,-0.0276180152,0.00760642998,0.999589622],"shapeName":"/levels/west_coast_usa/art/shapes/buildings/s_fuel_manhole_refill_double.dae","useInstanceRenderData":true}
{"class":"TSStatic","persistentId":"1f3537cb-aea4-4430-ad82-57c6ca53c4a4","__parent":"fs_1_meshes","position":[900.901428,-479.159332,162.162277],"decalType":"None","isRenderEnabled":false,"rotationMatrix":[0.281977475,-0.958610535,0.0394304208,0.959170461,0.282605112,0.0112549746,-0.0219323784,0.0346468389,0.999158919],"shapeName":"/levels/west_coast_usa/art/shapes/buildings/s_fuel_manhole_refill_double.dae","useInstanceRenderData":true}
{"class":"TSStatic","persistentId":"79c0e98f-9c6c-46d1-9d68-77b28be7339d","__parent":"fs_1_meshes","position":[901.427673,-481.197693,162.192459],"decalType":"None","isRenderEnabled":false,"rotationMatrix":[0.963625312,0.266133219,0.0244810786,-0.265818208,0.963900328,-0.01538835,-0.02769267,0.00832108688,0.999581873],"scale":[1,1,2],"shapeName":"/levels/west_coast_usa/art/shapes/buildings/s_fuel_manhole_refill.dae","useInstanceRenderData":true}
{"class":"TSStatic","persistentId":"4e5ac50b-acd2-49fb-8f87-4636fc54c834","__parent":"fs_1_meshes","position":[898.522522,-481.998413,162.114914],"decalType":"None","isRenderEnabled":false,"rotationMatrix":[0.963747203,0.266732633,0.00670709787,-0.266507208,0.96353519,-0.0239554998,-0.0128522385,0.0212995578,0.999690533],"scale":[1,1,2],"shapeName":"/levels/west_coast_usa/art/shapes/buildings/s_fuel_manhole_refill.dae","useInstanceRenderData":true}
{"class":"TSStatic","persistentId":"fdd23094-74ae-43c9-8c82-558c44ca5c91","__parent":"fs_1_meshes","position":[895.621521,-482.788849,162.15451],"decalType":"None","isRenderEnabled":false,"rotationMatrix":[0.964521885,0.263738483,-0.0118152313,-0.263996691,0.963841438,-0.0362685211,0.00182260806,0.0381009616,0.999272227],"scale":[1,1,2],"shapeName":"/levels/west_coast_usa/art/shapes/buildings/s_fuel_manhole_refill.dae","useInstanceRenderData":true}
{"class":"TSStatic","persistentId":"07b4a790-e785-4b4e-94aa-d1597ed5619d","__parent":"fs_1_meshes","position":[900.628479,-478.301147,162.105194],"decalType":"None","isRenderEnabled":false,"rotationMatrix":[0.964296222,0.264773428,0.00527811609,-0.264042675,0.962784767,-0.0576800555,-0.0203538314,0.0542270094,0.998321176],"scale":[1,1,2],"shapeName":"/levels/west_coast_usa/art/shapes/buildings/s_fuel_manhole_refill.dae","useInstanceRenderData":true}
{"class":"TSStatic","persistentId":"1931388e-2d1e-4dc3-b27d-7a912db7d3d4","__parent":"fs_1_meshes","position":[897.736816,-479.098236,162.070648],"decalType":"None","isRenderEnabled":false,"rotationMatrix":[0.963797212,0.264774859,0.0314513072,-0.264419138,0.96429038,-0.0150524899,-0.034313716,0.00619121874,0.999391913],"scale":[1,1,2],"shapeName":"/levels/west_coast_usa/art/shapes/buildings/s_fuel_manhole_refill.dae","useInstanceRenderData":true}
{"class":"TSStatic","persistentId":"87fb03ad-68b1-416f-a61e-12fea8313b4b","__parent":"fs_1_meshes","position":[894.843628,-479.893066,162.044083],"decalType":"None","isRenderEnabled":false,"rotationMatrix":[0.964536369,0.263588339,-0.0138140908,-0.263920814,0.963887095,-0.0356025174,0.0039308155,0.0379857495,0.999270558],"scale":[1,1,2],"shapeName":"/levels/west_coast_usa/art/shapes/buildings/s_fuel_manhole_refill.dae","useInstanceRenderData":true}
{"class":"TSStatic","persistentId":"5d9c2b7c-55db-4724-8afe-2967a60b45c2","__parent":"fs_1_meshes","position":[886.313354,-476.067596,161.731308],"annotation":"OBSTACLES","isRenderEnabled":false,"rotationMatrix":[0.831566453,-0.55308938,0.0508855619,0.555077672,0.830791771,-0.0409127809,-0.0196468867,0.0622671358,0.997866154],"scale":[0.352038622,0.455490351,0.352038622],"shapeName":"/levels/west_coast_usa/art/shapes/buildings/s_fuel_charger_concrete_base.dae","useInstanceRenderData":true}
