{"name":"tourist_center_lights","class":"SimGroup","persistentId":"54c58cfb-a095-434e-a0de-07d6878461ad","__parent":"tourist_center"}
{"class":"TSStatic","persistentId":"0334c5be-4afe-41f5-ae78-556152412e4a","__parent":"tourist_center","position":[-517.539673,234.802521,299.9133],"isRenderEnabled":false,"rotationMatrix":[-0.187010646,-0.982357919,0,0.982357919,-0.187010646,0,0,0,1],"scale":[1.4104991,1.4104991,1.4104991],"shapeName":"/levels/utah/art/shapes/clutter/ut_sign_tourism_offroad_tours.dae"}
{"class":"TSStatic","persistentId":"0d5e126c-b46f-4c96-b738-0d2c4f3a7ac3","__parent":"tourist_center","position":[-544.950256,233.410721,299.944702],"isRenderEnabled":false,"rotationMatrix":[0.328653097,-0.944450736,-4.63209666e-08,-1.60195412e-08,4.34708731e-08,-1,0.944450736,0.328653097,-8.42830694e-10],"shapeName":"/levels/utah/art/shapes/clutter/clutter_workshop_black_oil.dae"}
{"class":"TSStatic","persistentId":"0e2f000d-fd39-4f39-a58a-303e4c7c2597","__parent":"tourist_center","position":[-546.662659,234.322433,298.645599],"isRenderEnabled":false,"rotationMatrix":[-0.523032546,-0.852312684,0,0.852312744,-0.523032606,0,0,0,1],"shapeName":"/levels/Utah/art/shapes/clutter/clutter_barrels_white.dae"}
{"class":"TSStatic","persistentId":"13ad4486-c0c5-4f6a-ad72-a517af5235ee","__parent":"tourist_center","position":[-546.068359,234.222672,298.645599],"isRenderEnabled":false,"rotationMatrix":[-5.96046377e-08,1,0,-1,-5.96046377e-08,0,0,0,1],"shapeName":"/levels/Utah/art/shapes/clutter/clutter_barrels_red.dae"}
{"class":"TSStatic","persistentId":"21de30a9-3604-4e46-8811-7c5657972d60","__parent":"tourist_center","position":[-546.901123,233.366089,300.643707],"isRenderEnabled":false,"rotationMatrix":[-0.998438597,-0.0558609031,0,0.0558609031,-0.998438597,0,0,0,1],"shapeName":"/levels/Utah/art/shapes/clutter/clutter_barrels_red.dae"}
{"class":"TSStatic","persistentId":"2236cbd0-2785-4b67-8621-d56da71692f0","__parent":"tourist_center","position":[-555.263916,230.186569,298.64447],"isRenderEnabled":false,"rotationMatrix":[-0.984807909,0.173647568,0,-0.173647553,-0.984807909,0,0,0,1],"shapeName":"/levels/utah/art/shapes/clutter/clutter_workshop_shelves_4x1.dae"}
{"class":"TSStatic","persistentId":"251bb4c5-bdc8-4e89-b897-52ee3c359a68","__parent":"tourist_center","position":[-545.156433,233.433853,299.893707],"isRenderEnabled":false,"rotationMatrix":[0.335501581,-0.942039669,0,0.942039669,0.335501581,0,0,0,1],"shapeName":"/levels/utah/art/shapes/clutter/clutter_workshop_black_oil.dae"}
{"class":"TSStatic","persistentId":"2cd769df-9cb4-4936-a00c-7072923b2203","__parent":"tourist_center","position":[-515.765991,240.840164,298.649811],"isRenderEnabled":false,"rotationMatrix":[0.990670502,-0.131233543,0.0367309526,0.136276752,0.954006433,-0.267018527,-1.28676334e-07,0.269532979,0.962990582],"shapeName":"/levels/utah/art/shapes/clutter/clutter_workshop_broom.dae"}
{"class":"TSStatic","persistentId":"31756f47-4a02-40aa-ae5e-4a01bfaba1ca","__parent":"tourist_center","position":[-545.66571,233.263138,300.641998],"isRenderEnabled":false,"rotationMatrix":[0.194028199,-0.980995953,0,0.980995953,0.194028199,0,0,0,1],"shapeName":"/levels/utah/art/shapes/clutter/clutter_workshop_white_bucket.dae"}
{"class":"TSStatic","persistentId":"3697d906-7b17-4431-a3b2-a9a8ef0542ba","__parent":"tourist_center","position":[-548.334106,233.934479,299.145203],"isRenderEnabled":false,"rotationMatrix":[-0.600728512,0.79945308,0,-0.79945308,-0.600728512,0,0,0,1],"shapeName":"/levels/utah/art/shapes/clutter/clutter_workshop_short_bottle.dae"}
{"class":"TSStatic","persistentId":"40e6663b-c7c1-447e-97a3-d839631ccdf7","__parent":"tourist_center","position":[-522.362,234.399994,298.632996],"isRenderEnabled":false,"rotationMatrix":[0.982071102,-0.188510999,0,0.188510999,0.982071102,0,0,0,1],"shapeName":"/levels/utah/art/shapes/buildings/ut_tourist_center.dae"}
{"class":"TSStatic","persistentId":"4d1d0c2e-c7d0-4acc-b9ee-155420c48882","__parent":"tourist_center","position":[-547.988708,234.037384,299.141846],"isRenderEnabled":false,"rotationMatrix":[-0.988940358,0.14831391,0,-0.14831391,-0.988940358,0,0,0,1],"shapeName":"/levels/utah/art/shapes/clutter/clutter_workshop_black_oil.dae"}
{"name":"clutter_fire_3","class":"TSStatic","persistentId":"5dcde365-da7f-4b8d-9113-45bc378e4c72","__parent":"tourist_center","position":[-546.249817,234.857498,299.489624],"isRenderEnabled":false,"rotationMatrix":[-0.955213666,-0.295917064,0,0.295917064,-0.955213666,0,0,0,1],"shapeName":"/levels/utah/art/shapes/clutter/clutter_workshop_fire_extinguisher.dae"}
{"class":"TSStatic","persistentId":"68c367e1-2ff3-44aa-b04f-bbf0dbb60249","__parent":"tourist_center","position":[-512.849976,232.456909,299.73056],"isRenderEnabled":false,"rotationMatrix":[-0.982580662,0.185825542,0,-0.185825542,-0.982580662,0,0,0,1],"shapeName":"/levels/utah/art/shapes/clutter/ut_sign_cafeteria.dae"}
{"class":"TSStatic","persistentId":"711f3f8e-3d1a-48f1-b40d-7e09b8d2d653","__parent":"tourist_center","position":[-550.872803,234.211914,298.64447],"isRenderEnabled":false,"rotationMatrix":[-0.984807909,0.173647568,0,-0.173647553,-0.984807909,0,0,0,1],"shapeName":"/levels/utah/art/shapes/clutter/clutter_workshop_shelves_4x1.dae"}
{"class":"TSStatic","persistentId":"73873640-92e4-4b82-94c7-0079a0d570f3","__parent":"tourist_center","position":[-545.630493,233.44455,300.008972],"isRenderEnabled":false,"rotationMatrix":[-0.195980042,-0.98060298,-0.00312670809,-0.0339184962,0.00359213632,0.999418139,-0.980021119,0.195972055,-0.0339645632],"shapeName":"/levels/utah/art/shapes/clutter/clutter_workshop_broom.dae"}
{"class":"TSStatic","persistentId":"76d65582-ed66-46ad-bf3d-4aef6e3ea358","__parent":"tourist_center","position":[-506.131653,231.860657,298.642914],"isRenderEnabled":false,"rotationMatrix":[-0.543370605,-0.839492977,0,0.839492977,-0.543370605,0,0,0,1],"shapeName":"/levels/utah/art/shapes/clutter/clutter_workshop_hand_dolly.dae"}
{"class":"TSStatic","persistentId":"8263d52a-2376-4954-b225-69ce896272af","__parent":"tourist_center","position":[-516.509033,240.180862,300.013641],"isRenderEnabled":false,"rotationMatrix":[-0.188650325,-0.982043743,0,0.982043743,-0.188650325,0,0,0,1],"scale":[1.45316529,1.45316529,1.45316529],"shapeName":"/levels/utah/art/shapes/clutter/ut_sign_tourism_explore.dae"}
{"class":"TSStatic","persistentId":"85bf4339-f92f-452f-9c71-01849091fbe8","__parent":"tourist_center","position":[-544.537292,233.997833,298.873016],"isRenderEnabled":false,"rotationMatrix":[0.689460099,0.72432369,-5.49691954e-08,0.00740428083,-0.00704796892,-0.999947786,-0.724285901,0.689424098,-0.0102223894],"shapeName":"/levels/utah/art/shapes/clutter/clutter_workshop_hand_truck.dae"}
{"class":"TSStatic","persistentId":"8a46177d-43e1-4707-b2f4-81ee610c384a","__parent":"tourist_center","position":[-545.068481,233.555695,299.893707],"isRenderEnabled":false,"rotationMatrix":[-0.914423227,-0.404759437,0,0.404759437,-0.914423227,0,0,0,1],"shapeName":"/levels/utah/art/shapes/clutter/clutter_workshop_black_oil.dae"}
{"class":"TSStatic","persistentId":"8be46fde-be1a-4b9a-82fe-54a3428ffae1","__parent":"tourist_center","position":[-548.190063,233.920761,299.145203],"isRenderEnabled":false,"rotationMatrix":[0.516072154,0.856545091,0,-0.856545091,0.516072154,0,0,0,1],"shapeName":"/levels/utah/art/shapes/clutter/clutter_workshop_short_bottle.dae"}
{"class":"TSStatic","persistentId":"8f1c1331-3e1a-49eb-bc2c-0d2ee87c930f","__parent":"tourist_center","position":[-547.779907,234.486877,298.673004],"isRenderEnabled":false,"rotationMatrix":[-0.99067086,0.131233141,0.0367309861,-0.136276573,-0.954007089,-0.267019153,-1.4156096e-07,-0.269533634,0.962990999],"shapeName":"/levels/utah/art/shapes/clutter/clutter_workshop_broom.dae"}
{"class":"TSStatic","persistentId":"925bbf80-a12e-4b67-80b3-586eabc664eb","__parent":"tourist_center","position":[-547.525024,233.917145,299.141846],"isRenderEnabled":false,"rotationMatrix":[-0.710346997,0.7038517,0,-0.7038517,-0.710346997,0,0,0,1],"shapeName":"/levels/utah/art/shapes/clutter/clutter_workshop_black_oil.dae"}
{"class":"TSStatic","persistentId":"984749a8-0ae2-495e-9e0c-110429732f75","__parent":"tourist_center","position":[-544.759521,233.30394,299.893707],"isRenderEnabled":false,"rotationMatrix":[0.139094904,-0.990279138,0,0.990279138,0.139094904,0,0,0,1],"shapeName":"/levels/utah/art/shapes/clutter/clutter_workshop_short_bottle.dae"}
{"class":"TSStatic","persistentId":"9afd32e0-0b51-4ede-89c6-6d888e40b514","__parent":"tourist_center","position":[-547.39386,233.963608,299.145203],"isRenderEnabled":false,"rotationMatrix":[0.280352771,0.959897041,0,-0.959897041,0.280352771,0,0,0,1],"shapeName":"/levels/utah/art/shapes/clutter/clutter_workshop_short_bottle.dae"}
{"class":"TSStatic","persistentId":"a35ed89d-8ff1-4cb4-985a-837c7c9030f7","__parent":"tourist_center","position":[-547.548828,233.797592,299.145203],"isRenderEnabled":false,"rotationMatrix":[0.139094904,-0.990279138,0,0.990279138,0.139094904,0,0,0,1],"shapeName":"/levels/utah/art/shapes/clutter/clutter_workshop_short_bottle.dae"}
{"class":"TSStatic","persistentId":"a43bdda0-56de-4db5-a908-ab870e4d5d1b","__parent":"tourist_center","position":[-546.524231,233.445129,298.64447],"isRenderEnabled":false,"rotationMatrix":[-0.984807909,0.173647568,0,-0.173647553,-0.984807909,0,0,0,1],"shapeName":"/levels/utah/art/shapes/clutter/clutter_workshop_shelves_4x1.dae"}
{"class":"TSStatic","persistentId":"a75c9f74-962e-410e-b374-2eb7832eeb8f","__parent":"tourist_center","position":[-546.505493,233.199051,299.889648],"isRenderEnabled":false,"rotationMatrix":[-0.948928416,-0.315491706,0,0.315491676,-0.948928356,0,0,0,1],"shapeName":"/levels/utah/art/shapes/clutter/clutter_workshop_white_bucket.dae"}
{"class":"TSStatic","persistentId":"ade14a77-e51a-4d19-b414-c7c713b5dc60","__parent":"tourist_center","position":[-555.263916,234.986191,298.64447],"isRenderEnabled":false,"rotationMatrix":[-0.984807909,0.173647568,0,-0.173647553,-0.984807909,0,0,0,1],"shapeName":"/levels/utah/art/shapes/clutter/clutter_workshop_shelves_4x1.dae"}
{"class":"TSStatic","persistentId":"aee0fb16-9cb0-49f0-82ed-ec78779c2b4a","__parent":"tourist_center","position":[-546.259399,234.797913,298.645599],"isRenderEnabled":false,"rotationMatrix":[-0.704787493,0.709418595,0,-0.709418595,-0.704787493,0,0,0,1],"shapeName":"/levels/Utah/art/shapes/clutter/clutter_barrels_white.dae"}
{"class":"TSStatic","persistentId":"b22eac99-9ee7-49dc-ba89-ac334fbc5141","__parent":"tourist_center","position":[-546.2995,234.39357,299.507141],"isRenderEnabled":false,"rotationMatrix":[-5.96046377e-08,1,0,-1,-5.96046377e-08,0,0,0,1],"shapeName":"/levels/Utah/art/shapes/clutter/clutter_barrels_red.dae"}
{"class":"TSStatic","persistentId":"c5a39362-c480-4ff8-bf1c-0e6a4291ce22","__parent":"tourist_center","position":[-546.2995,233.34877,300.643707],"isRenderEnabled":false,"rotationMatrix":[-5.96046377e-08,1,0,-1,-5.96046377e-08,0,0,0,1],"shapeName":"/levels/Utah/art/shapes/clutter/clutter_barrels_red.dae"}
{"class":"TSStatic","persistentId":"c763997b-b885-4a91-b838-0de92d973e80","__parent":"tourist_center","position":[-505.582306,232.275589,298.649811],"isRenderEnabled":false,"rotationMatrix":[-0.13123405,-0.990669906,0.0367317498,0.954006851,-0.13627784,-0.267018676,0.269532979,3.65078449e-07,0.962990463],"shapeName":"/levels/utah/art/shapes/clutter/clutter_workshop_broom.dae"}
{"class":"TSStatic","persistentId":"d0ff7e56-333e-4955-a680-e079eea040e6","__parent":"tourist_center","position":[-550.872803,229.412292,298.64447],"isRenderEnabled":false,"rotationMatrix":[-0.984807909,0.173647568,0,-0.173647553,-0.984807909,0,0,0,1],"shapeName":"/levels/utah/art/shapes/clutter/clutter_workshop_shelves_4x1.dae"}
{"class":"TSStatic","persistentId":"d90ef732-2c7d-4bce-9d5c-32ee8c148197","__parent":"tourist_center","position":[-548.036865,233.908432,299.141846],"isRenderEnabled":false,"rotationMatrix":[-0.652341604,-0.757925093,0,0.757925093,-0.652341604,0,0,0,1],"shapeName":"/levels/utah/art/shapes/clutter/clutter_workshop_black_oil.dae"}
{"class":"TSStatic","persistentId":"dc221fe5-4b5c-440c-bf8b-ccebbbbd73c7","__parent":"tourist_center","position":[-547.39624,233.772537,299.145203],"isRenderEnabled":false,"rotationMatrix":[-0.865987718,-0.500065386,0,0.500065386,-0.865987718,0,0,0,1],"shapeName":"/levels/utah/art/shapes/clutter/clutter_workshop_short_bottle.dae"}
{"class":"TSStatic","persistentId":"e850c0f6-0079-44fa-afbf-ca172334e504","__parent":"tourist_center","position":[-547.99707,234.037231,300.643738],"isRenderEnabled":false,"rotationMatrix":[-0.988940358,0.14831391,0,-0.14831391,-0.988940358,0,0,0,1],"shapeName":"/levels/utah/art/shapes/clutter/clutter_workshop_black_oil.dae"}
{"class":"TSStatic","persistentId":"e96ea185-f02d-4137-b526-497dd2404ea7","__parent":"tourist_center","position":[-546.524231,228.645508,298.64447],"isRenderEnabled":false,"rotationMatrix":[-0.984807909,0.173647568,0,-0.173647553,-0.984807909,0,0,0,1],"shapeName":"/levels/utah/art/shapes/clutter/clutter_workshop_shelves_4x1.dae"}
{"class":"TSStatic","persistentId":"f580e030-0458-4c77-95b0-626cece07030","__parent":"tourist_center","position":[-547.55896,233.681686,299.145203],"isRenderEnabled":false,"rotationMatrix":[-0.640338182,0.768093109,0,-0.768093109,-0.640338182,0,0,0,1],"shapeName":"/levels/utah/art/shapes/clutter/clutter_workshop_short_bottle.dae"}
{"class":"TSStatic","persistentId":"f7bc062d-c457-47bc-ae19-85b0a9d8c44f","__parent":"tourist_center","position":[-545.323975,234.055847,298.645599],"isRenderEnabled":false,"rotationMatrix":[0.376137793,0.92656374,0,-0.92656374,0.376137793,0,0,0,1],"shapeName":"/levels/Utah/art/shapes/clutter/clutter_barrels_white.dae"}
