{"class":"TSStatic","persistentId":"e8d0a8c5-e9e7-44f2-bbbb-0e281454cc48","__parent":"new_rocks","position":[956.162109,-517.701477,122.344238],"isRenderEnabled":false,"rotationMatrix":[0.843201458,-0.537597716,0,0.536477745,0.84144491,0.0645137653,-0.0346824527,-0.0543980971,0.997916818],"shapeName":"/levels/automation_test_track/art/shapes/rocks/s_rocks_nz_jagged_small.dae","useInstanceRenderData":true}
{"class":"TSStatic","persistentId":"99f52a9e-7bc8-4ba2-8770-5e2e0e53f735","__parent":"new_rocks","position":[955.173828,-518.835327,122.111031],"isRenderEnabled":false,"rotationMatrix":[1,0,0,0,-0.160777092,0.986990511,0,-0.986990511,-0.160777092],"shapeName":"/levels/automation_test_track/art/shapes/rocks/s_rocks_nz_jagged_small_4.dae","useInstanceRenderData":true}
{"class":"TSStatic","persistentId":"edadda00-5cce-428d-8758-89d3638d8b3d","__parent":"new_rocks","position":[952.262817,-520.21228,121.944664],"isRenderEnabled":false,"rotationMatrix":[1,0,0,0,-0.0994526148,-0.995042205,0,0.995042205,-0.0994526148],"shapeName":"/levels/automation_test_track/art/shapes/rocks/s_rocks_nz_jagged_small_4.dae","useInstanceRenderData":true}
{"class":"TSStatic","persistentId":"4ede5d93-89d7-4e90-971d-6bce8e44896f","__parent":"new_rocks","position":[952.569092,-520.810669,121.948242],"isRenderEnabled":false,"rotationMatrix":[1,0,0,0,-0.212776542,0.97710073,0,-0.97710073,-0.212776542],"shapeName":"/levels/automation_test_track/art/shapes/rocks/s_rocks_nz_jagged_small_5.dae","useInstanceRenderData":true}
{"class":"TSStatic","persistentId":"fb82e2f8-f56f-4f54-b7dc-7edd2c07d560","__parent":"new_rocks","position":[986.961426,-520.033997,140.501053],"isRenderEnabled":false,"rotationMatrix":[0.193964362,-0.98100853,8.94069672e-08,0.792673826,0.156727016,0.589155972,-0.577967048,-0.114275172,0.80801934],"scale":[3.53964758,3.53964758,3.53964758],"shapeName":"/levels/automation_test_track/art/shapes/rocks/s_rocks_nz_jagged_big_wide.dae","useInstanceRenderData":true}
{"class":"TSStatic","persistentId":"af3cd3af-3080-424f-ae2e-7856640a9fef","__parent":"new_rocks","position":[993.245422,-515.727478,147.022812],"isRenderEnabled":false,"rotationMatrix":[-0.0883712769,0.988902748,0.119421884,-0.852981865,-0.0132147074,-0.52177304,-0.514404714,-0.147974551,0.844684124],"scale":[2.15488291,2.15488291,2.15488291],"shapeName":"/levels/automation_test_track/art/shapes/rocks/s_rocks_nz_jagged_big_wide.dae","useInstanceRenderData":true}
{"class":"TSStatic","persistentId":"e4a446da-18e0-40ab-9a40-9679f87be813","__parent":"new_rocks","position":[953.393127,-523.50885,122.751228],"isRenderEnabled":false,"rotationMatrix":[0.570391357,-0.599292278,0.561696053,0.724357128,0.689424992,0,-0.387247235,0.406868517,0.827343702],"shapeName":"/levels/automation_test_track/art/shapes/rocks/s_rocks_nz_jagged_sep_medium.dae","useInstanceRenderData":true}
{"class":"TSStatic","persistentId":"dd811aeb-600e-45f8-a055-db48d9c52f24","__parent":"new_rocks","position":[955.375366,-522.274902,122.887177],"isRenderEnabled":false,"rotationMatrix":[0.64316237,0.765729785,0,0.703214526,-0.590653658,0.39574945,0.303037137,-0.254531145,-0.918358445],"shapeName":"/levels/automation_test_track/art/shapes/rocks/s_rocks_nz_jagged_medium_2.dae","useInstanceRenderData":true}
{"class":"TSStatic","persistentId":"2989f6a6-c37b-47dc-9c65-7b210b3d9000","__parent":"new_rocks","position":[960.799316,-525.376404,126.760979],"isRenderEnabled":false,"rotationMatrix":[-0.796609282,-0.604494154,0,0.568096817,-0.748644471,0.341755778,-0.206589386,0.272245914,0.939788818],"shapeName":"/levels/automation_test_track/art/shapes/rocks/s_rocks_nz_jagged_sep_medium.dae","useInstanceRenderData":true}
{"class":"TSStatic","persistentId":"9e749fd6-52f1-42c9-b990-8bdcbb383432","__parent":"new_rocks","position":[959.74408,-514.864319,122.745926],"isRenderEnabled":false,"rotationMatrix":[-0.712605238,-0.661907434,-0.232535094,0.596004486,-0.746013641,0.297056586,-0.370098263,0.0730920956,0.926112771],"shapeName":"/levels/automation_test_track/art/shapes/rocks/s_rocks_nz_jagged_sep_medium.dae","useInstanceRenderData":true}
{"class":"TSStatic","persistentId":"b3d2a842-f5a5-4ab2-9639-b79354fb184b","__parent":"new_rocks","position":[950.01532,-522.095337,121.804955],"isRenderEnabled":false,"rotationMatrix":[1,0,0,0,0.272870302,0.962050796,0,-0.962050796,0.272870302],"shapeName":"/levels/automation_test_track/art/shapes/rocks/s_rocks_nz_jagged_small_2.dae","useInstanceRenderData":true}
{"class":"TSStatic","persistentId":"57e3650c-eddf-4f9b-826a-2e7aeb3bc947","__parent":"new_rocks","position":[978.452026,-540.188721,135.195618],"isRenderEnabled":false,"rotationMatrix":[0.966415823,-0.0449584611,0.253020138,-0.0597662963,0.918259978,0.391441703,-0.249936864,-0.393417537,0.884733975],"scale":[2.06816435,2.06816435,2.06816435],"shapeName":"/levels/automation_test_track/art/shapes/rocks/s_rocks_nz_jagged_big_wide.dae","useInstanceRenderData":true}
{"class":"TSStatic","persistentId":"d9b51d35-4c38-4234-a453-887f94729029","__parent":"new_rocks","position":[963.43927,-523.682495,127.286888],"isRenderEnabled":false,"rotationMatrix":[0.333118141,0.935764968,-0.115656272,-0.831967056,0.23399049,-0.503069997,-0.443692744,0.263803959,0.856471956],"shapeName":"/levels/automation_test_track/art/shapes/rocks/s_rocks_nz_jagged_sep_flat.dae","useInstanceRenderData":true}
{"class":"TSStatic","persistentId":"e15b7daf-c9b1-477b-9b4c-a6b63375128e","__parent":"new_rocks","position":[959.507874,-527.063477,126.370262],"isRenderEnabled":false,"shapeName":"/levels/automation_test_track/art/shapes/rocks/s_rocks_nz_jagged_sep_medium.dae","useInstanceRenderData":true}
{"class":"TSStatic","persistentId":"85f2abbf-43ea-476d-8464-f26e6a6cda99","__parent":"new_rocks","position":[955.777771,-521.157471,122.090012],"isRenderEnabled":false,"rotationMatrix":[0.863038063,0.48792848,-0.130732879,-0.498863488,0.782609582,-0.372367322,-0.0793758184,0.386585057,0.918831587],"shapeName":"/levels/automation_test_track/art/shapes/rocks/s_rocks_nz_jagged_medium_1.dae","useInstanceRenderData":true}
{"class":"TSStatic","persistentId":"ecdaa398-3197-49fb-b3e3-c1626003a746","__parent":"new_rocks","position":[958.627136,-521.792725,124.148567],"isRenderEnabled":false,"rotationMatrix":[1,0,0,0,0.52970314,0.848183036,0,-0.848183036,0.52970314],"shapeName":"/levels/automation_test_track/art/shapes/rocks/s_rocks_nz_jagged_small_2.dae","useInstanceRenderData":true}
{"class":"TSStatic","persistentId":"191e521d-0fb4-46b7-ac9e-6f2a54967fda","__parent":"new_rocks","position":[951.994812,-525.568726,122.898788],"isRenderEnabled":false,"rotationMatrix":[-0.0934150219,-0.231956244,-0.968230247,-7.4505806e-09,0.972482741,-0.232975006,0.995627165,-0.0217633918,-0.090844512],"shapeName":"/levels/automation_test_track/art/shapes/rocks/s_rocks_nz_jagged_medium_1.dae","useInstanceRenderData":true}
{"class":"TSStatic","persistentId":"d8052066-def8-469d-9dbb-6748a425db29","__parent":"new_rocks","position":[954.894104,-526.409302,123.996315],"isRenderEnabled":false,"rotationMatrix":[0.900946796,0.397763789,0.173432529,-0.304610491,0.864386141,-0.40006122,-0.309042573,0.307604462,0.899928987],"shapeName":"/levels/automation_test_track/art/shapes/rocks/s_rocks_nz_jagged_big_wide.dae","useInstanceRenderData":true}
{"class":"TSStatic","persistentId":"89bd0b9e-7e2b-4093-93a0-0db4f8b13eda","__parent":"new_rocks","position":[949.121399,-525.15448,121.425827],"isRenderEnabled":false,"rotationMatrix":[1,0,0,0,-0.959421396,0.281975418,0,-0.281975418,-0.959421396],"shapeName":"/levels/automation_test_track/art/shapes/rocks/s_rocks_nz_jagged_medium_2.dae","useInstanceRenderData":true}
{"class":"TSStatic","persistentId":"43af14a4-2c98-4c31-b801-2bc1afc9628b","__parent":"new_rocks","position":[949.57019,-527.516296,122.376701],"isRenderEnabled":false,"rotationMatrix":[0.693433404,0.720520675,0,0.659605205,-0.634807706,0.402417213,0.289949954,-0.279049546,-0.915456057],"shapeName":"/levels/automation_test_track/art/shapes/rocks/s_rocks_nz_jagged_big_narrow.dae","useInstanceRenderData":true}
{"class":"TSStatic","persistentId":"b0e846ee-8bbb-459e-8807-f1e0a717388a","__parent":"new_rocks","position":[74.1991653,451.22229,123.859665],"isRenderEnabled":false,"rotationMatrix":[0.97506696,-9.31322575e-10,0.221910715,0.0112021798,0.998725057,-0.0492219329,-0.221627802,0.0504805669,0.973823845],"shapeName":"/levels/automation_test_track/art/shapes/rocks/s_rocks_nz_jagged_big_wide.dae","useInstanceRenderData":true}
{"class":"TSStatic","persistentId":"2ce2250f-1c0d-413b-a0fb-dcb370c41bfc","__parent":"new_rocks","position":[74.1481018,446.6698,124.084045],"isRenderEnabled":false,"rotationMatrix":[-0.9750669,-3.22703272e-07,-0.221910655,-0.0112018585,-0.998724937,0.0492219925,-0.221627742,0.050480552,0.973823845],"shapeName":"/levels/automation_test_track/art/shapes/rocks/s_rocks_nz_jagged_big_wide.dae","useInstanceRenderData":true}
{"class":"TSStatic","persistentId":"51599fbd-18c9-4c06-b54e-3fdb9fa8c34c","__parent":"new_rocks","position":[74.3445892,442.854004,123.220726],"isRenderEnabled":false,"rotationMatrix":[0.975067079,4.69386578e-07,0.221910328,0.0980076566,-0.897185922,-0.430640638,0.199094683,0.441652417,-0.874816537],"shapeName":"/levels/automation_test_track/art/shapes/rocks/s_rocks_nz_jagged_big_wide.dae","useInstanceRenderData":true}
{"class":"TSStatic","persistentId":"b7bbb9ff-3a5a-4061-8cce-56ce862b45c0","__parent":"new_rocks","position":[77.7769394,449.709259,123.992516],"isRenderEnabled":false,"rotationMatrix":[-0.795919299,0,0.605402589,0,1,0,-0.605402589,0,-0.795919299],"shapeName":"/levels/automation_test_track/art/shapes/rocks/s_rocks_nz_jagged_big_narrow.dae","useInstanceRenderData":true}
{"class":"TSStatic","persistentId":"bae9d8e0-2225-40ff-81e6-a94ca28e85cc","__parent":"new_rocks","position":[77.7053909,445.294586,123.947403],"isRenderEnabled":false,"rotationMatrix":[-0.800284266,-0.0827277899,0.593886673,-0.018733751,-0.986503839,-0.162663355,0.59932822,-0.14130263,0.787933528],"shapeName":"/levels/automation_test_track/art/shapes/rocks/s_rocks_nz_jagged_big_narrow.dae","useInstanceRenderData":true}
{"class":"TSStatic","persistentId":"e980a37c-e30e-4c53-a60f-7e09098d4aa3","__parent":"new_rocks","position":[77.9114304,441.99765,123.412621],"isRenderEnabled":false,"rotationMatrix":[0.949045479,0.203858465,-0.240321338,-2.23517418e-08,0.762588322,0.646884084,0.315139055,-0.613922477,0.723731041],"shapeName":"/levels/automation_test_track/art/shapes/rocks/s_rocks_nz_jagged_sep_medium.dae","useInstanceRenderData":true}
{"class":"Prefab","persistentId":"05077a8a-4729-4643-9ab1-970a5cac36a7","__parent":"new_rocks","position":[-8.31641769,449.06424,120.0989],"filename":"/levels/automation_test_track/art/shapes/rocks/p_rocks_long_large.prefab","rotationMatrix":[0.96365869,0.265829861,0.0263898149,-0.228001252,0.766982853,0.599793911,0.139202595,-0.584013462,0.799719214],"scale":[1.56835938,1.56835938,1.56835938]}
{"class":"Prefab","persistentId":"44f64b78-bd1a-4028-a363-474f7079baee","__parent":"new_rocks","position":[18.827652,454.214661,121.412659],"filename":"/levels/automation_test_track/art/shapes/rocks/p_rocks_long_large.prefab","rotationMatrix":[1,0,0,0,0.792891741,0.609362543,0,-0.609362543,0.792891741]}
{"class":"TSStatic","persistentId":"73ccc35e-d7d1-4cd7-a3ee-84c64786c606","__parent":"new_rocks","position":[7.17768764,458.390533,123.282364],"isRenderEnabled":false,"rotationMatrix":[1,0,0,0,0.98787123,0.155275241,0,-0.155275241,0.98787123],"shapeName":"/levels/automation_test_track/art/shapes/rocks/s_rocks_nz_jagged_big_wide.dae","useInstanceRenderData":true}
{"class":"TSStatic","persistentId":"4d868ef9-d2b6-489c-ba56-b167826e5c6e","__parent":"new_rocks","position":[-44.3636856,460.845551,118.994392],"isRenderEnabled":false,"rotationMatrix":[-0.256602049,0.966515899,0.00158154964,-0.624595881,-0.164575934,-0.763409972,-0.737587571,-0.19688043,0.64591229],"scale":[2.41220713,2.41220713,2.41220713],"shapeName":"/levels/automation_test_track/art/shapes/rocks/s_rocks_nz_jagged_big_wide.dae","useInstanceRenderData":true}
{"class":"TSStatic","persistentId":"868d973c-94b8-44c3-b201-b2cd7961a413","__parent":"new_rocks","position":[-35.77211,463.118622,123.852608],"isRenderEnabled":false,"rotationMatrix":[-0.25660181,0.96651572,0.0015816018,0.958683193,0.254314065,0.127478629,0.12280789,0.0342275277,-0.991839767],"scale":[2.41220713,2.41220713,2.41220713],"shapeName":"/levels/automation_test_track/art/shapes/rocks/s_rocks_nz_jagged_big_wide.dae","useInstanceRenderData":true}
{"class":"TSStatic","persistentId":"f2ddb4fa-34be-470e-aab3-9f4c87da73d2","__parent":"new_rocks","position":[-23.5417004,466.366852,123.184311],"isRenderEnabled":false,"rotationMatrix":[-0.256602049,0.966515899,0.00158154592,-0.959966779,-0.255052805,0.11581023,0.112335801,0.028198909,0.993270099],"scale":[2.41220713,2.41220713,2.41220713],"shapeName":"/levels/automation_test_track/art/shapes/rocks/s_rocks_nz_jagged_big_wide.dae","useInstanceRenderData":true}
{"class":"TSStatic","persistentId":"a8195c6b-c176-444f-9301-62b81a05991f","__parent":"new_rocks","position":[-29.2215939,455.245422,123.647797],"isRenderEnabled":false,"rotationMatrix":[0.846374631,-0.532588005,3.7252903e-09,0.527083635,0.837627113,0.143400267,-0.0763732642,-0.121370338,0.989664793],"scale":[1.52587271,1.52587271,1.52587271],"shapeName":"/levels/automation_test_track/art/shapes/rocks/s_rocks_nz_jagged_big_wide.dae","useInstanceRenderData":true}
{"class":"TSStatic","persistentId":"107e3c3c-2127-49a2-9496-282bb85cd894","__parent":"new_rocks","position":[88.9649963,437.335114,115.723412],"isRenderEnabled":false,"rotationMatrix":[0.983385444,0.181529731,-3.7252903e-08,-0.127165496,0.688882887,0.713631034,0.129545301,-0.701774359,0.700521708],"scale":[3.60664082,3.60664082,3.60664082],"shapeName":"/levels/automation_test_track/art/shapes/rocks/s_rocks_nz_jagged_big_wide.dae","useInstanceRenderData":true}
{"class":"TSStatic","persistentId":"e29b2411-096e-459a-9641-52c0b6bd5ad3","__parent":"new_rocks","position":[86.0958023,444.53186,123.256462],"isRenderEnabled":false,"rotationMatrix":[1,0,0,0,0.981512129,0.191399947,0,-0.191399947,0.981512129],"shapeName":"/levels/automation_test_track/art/shapes/rocks/s_rocks_nz_jagged_big_wide.dae","useInstanceRenderData":true}
{"class":"TSStatic","persistentId":"5ab93764-02c1-4b9f-b015-fdc9393be50f","__parent":"new_rocks","position":[81.009346,443.325562,123.110054],"isRenderEnabled":false,"rotationMatrix":[1,0,0,0,-0.981511831,-0.191400245,0,0.191400245,-0.981511831],"shapeName":"/levels/automation_test_track/art/shapes/rocks/s_rocks_nz_jagged_big_wide.dae","useInstanceRenderData":true}
{"class":"TSStatic","persistentId":"4353afec-fbe5-4067-9bca-df7fc6beb51e","__parent":"new_rocks","position":[91.6535263,446.431458,123.416756],"isRenderEnabled":false,"rotationMatrix":[-0.922632098,-0.385416865,0.0142572299,0.380870521,-0.916322947,-0.123650737,0.0607213154,-0.108654015,0.992223382],"shapeName":"/levels/automation_test_track/art/shapes/rocks/s_rocks_nz_jagged_big_wide.dae","useInstanceRenderData":true}
{"class":"TSStatic","persistentId":"f64bf312-cb79-4dcb-9a75-8c67a46680e3","__parent":"new_rocks","position":[97.2200394,447.635742,123.20797],"isRenderEnabled":false,"rotationMatrix":[0.766004622,0.642406464,0.0234694295,0.639960766,-0.758622289,-0.122237228,-0.0607215576,0.108653791,-0.992223144],"shapeName":"/levels/automation_test_track/art/shapes/rocks/s_rocks_nz_jagged_big_wide.dae","useInstanceRenderData":true}
{"class":"TSStatic","persistentId":"4f6e9986-0e16-4935-9742-f730d1b18718","__parent":"new_rocks","position":[104.911964,447.838074,117.287025],"isRenderEnabled":false,"rotationMatrix":[0.549948394,0.833862901,-0.0472165048,-0.499079376,0.373430192,0.781965137,0.669683814,-0.406475663,0.621531188],"scale":[2.63037109,2.63037109,2.63037109],"shapeName":"/levels/automation_test_track/art/shapes/rocks/s_rocks_nz_jagged_big_wide.dae","useInstanceRenderData":true}
{"class":"Prefab","persistentId":"f17d630b-47dd-428f-b098-6254af56b5fb","__parent":"new_rocks","position":[86.963562,458.802612,123.364548],"filename":"/levels/automation_test_track/art/shapes/rocks/p_rocks_long_large.prefab","rotationMatrix":[1,0,0,0,0.966369331,0.257158071,0,-0.257158071,0.966369331]}
{"class":"Prefab","persistentId":"45bd6524-999b-4c07-be7c-3c52e0ced1c4","__parent":"new_rocks","position":[66.5039597,458.802612,123.364548],"filename":"/levels/automation_test_track/art/shapes/rocks/p_rocks_long_large.prefab","rotationMatrix":[-0.999999762,-3.14883067e-07,-8.37927274e-08,3.25841341e-07,-0.966369152,-0.257158041,0,-0.257158041,0.96636939]}
{"class":"TSStatic","persistentId":"79b1500d-173a-4700-9767-255b2b2f0439","__parent":"new_rocks","position":[100.477829,462.140137,123.548096],"isRenderEnabled":false,"rotationMatrix":[0.990955234,0,-0.134192899,0.00182647072,0.999907374,0.013487678,0.134180471,-0.013610784,0.990863442],"shapeName":"/levels/automation_test_track/art/shapes/rocks/s_rocks_nz_jagged_big_wide.dae","useInstanceRenderData":true}
{"class":"TSStatic","persistentId":"37507191-a94c-4564-9e44-7e4dceebc578","__parent":"new_rocks","position":[100.15535,466.830597,123.656204],"isRenderEnabled":false,"rotationMatrix":[-0.922460437,-0.00352273253,0.386074871,0.00182646955,0.999907374,0.0134876743,-0.386086613,0.0131470039,-0.922368526],"shapeName":"/levels/automation_test_track/art/shapes/rocks/s_rocks_nz_jagged_big_wide.dae","useInstanceRenderData":true}
{"class":"TSStatic","persistentId":"c7f9c831-aa2d-4f41-92e6-28fd7da477ce","__parent":"new_rocks","position":[67.9093628,437.29953,118.684227],"isRenderEnabled":false,"rotationMatrix":[1,0,0,0,-0.693758965,-0.720207036,0,0.720207036,-0.693758965],"scale":[2.28608418,2.28608418,2.28608418],"shapeName":"/levels/automation_test_track/art/shapes/rocks/s_rocks_nz_jagged_big_narrow.dae","useInstanceRenderData":true}
{"class":"TSStatic","persistentId":"6b7e7377-5881-4a86-acb4-13365ffbbf4d","__parent":"new_rocks","position":[67.824028,442.54425,123.213257],"isRenderEnabled":false,"rotationMatrix":[0.997627318,-0.0106729548,0.0680132881,4.65661287e-10,0.987910151,0.155027345,-0.0688456222,-0.154659525,0.985566199],"shapeName":"/levels/automation_test_track/art/shapes/rocks/s_rocks_nz_jagged_big_wide.dae","useInstanceRenderData":true}
{"class":"TSStatic","persistentId":"a3544ac2-3aba-46d9-a945-e0a5e45a1f8b","__parent":"new_rocks","position":[73.2594223,439.15976,120.650459],"isRenderEnabled":false,"rotationMatrix":[0.994885981,0.0857926682,-0.0533057228,-0.00722669065,0.58686614,0.809651673,0.100745507,-0.805125892,0.584484875],"shapeName":"/levels/automation_test_track/art/shapes/rocks/s_rocks_nz_jagged_big_wide.dae","useInstanceRenderData":true}
{"class":"TSStatic","persistentId":"926455c3-ec0e-4040-8d15-f89fe20cba09","__parent":"new_rocks","position":[76.8013,439.916412,120.981712],"isRenderEnabled":false,"rotationMatrix":[1,0,0,0,0.686632276,0.727004826,0,-0.727004826,0.686632276],"shapeName":"/levels/automation_test_track/art/shapes/rocks/s_rocks_nz_jagged_big_narrow.dae","useInstanceRenderData":true}
{"class":"TSStatic","persistentId":"d0a20a32-a677-4571-be66-8f77eb05cc43","__parent":"new_rocks","position":[73.2956085,442.540161,123.25843],"isRenderEnabled":false,"rotationMatrix":[1,0,0,0,0.953013241,0.302928627,0,-0.302928627,0.953013241],"shapeName":"/levels/automation_test_track/art/shapes/rocks/s_rocks_nz_jagged_big_wide.dae","useInstanceRenderData":true}
{"class":"TSStatic","persistentId":"fc1c211b-2e45-4e23-bb82-4d7b0ebb733a","__parent":"new_rocks","position":[-21.910099,457.929718,123.487625],"isRenderEnabled":false,"rotationMatrix":[1,0,0,0,0.984272122,0.176658899,0,-0.176658899,0.984272122],"shapeName":"/levels/automation_test_track/art/shapes/rocks/s_rocks_nz_jagged_big_wide.dae","useInstanceRenderData":true}
{"class":"TSStatic","persistentId":"77dae7ca-d1c6-4ebb-9e00-e6183d2e03fa","__parent":"new_rocks","position":[-23.0023823,454.342743,123.422997],"isRenderEnabled":false,"rotationMatrix":[0.947942019,-0.309889942,-0.073308751,-0.31421712,-0.947619081,-0.057317894,-0.0517065488,0.0773689076,-0.995660663],"shapeName":"/levels/automation_test_track/art/shapes/rocks/s_rocks_nz_jagged_big_wide.dae","useInstanceRenderData":true}
{"class":"TSStatic","persistentId":"1ec40da0-8ba1-4f84-8d7f-d94618c42e90","__parent":"new_rocks","position":[-24.6058369,450.582703,122.871162],"isRenderEnabled":false,"rotationMatrix":[0.946590722,-0.27782321,-0.163646698,0.316893041,0.895305336,0.313060999,0.0595381483,-0.348199129,0.93552798],"shapeName":"/levels/automation_test_track/art/shapes/rocks/s_rocks_nz_jagged_big_wide.dae","useInstanceRenderData":true}
{"class":"TSStatic","persistentId":"c71ca86e-69e7-4076-891d-fd25282a997a","__parent":"new_rocks","position":[-13.9143543,458.22998,123.383003],"isRenderEnabled":false,"shapeName":"/levels/automation_test_track/art/shapes/rocks/s_rocks_nz_jagged_big_wide.dae","useInstanceRenderData":true}
{"class":"TSStatic","persistentId":"658c209a-dbab-4a5d-ba3b-f5d9a112b7e5","__parent":"new_rocks","position":[-36.5407486,451.405884,119.642487],"isRenderEnabled":false,"rotationMatrix":[0.847912073,-0.530136824,4.47034836e-08,-0.367722958,-0.588143706,-0.72032392,0.38187027,0.610771298,-0.693637609],"scale":[2.05015278,2.05015278,2.05015278],"shapeName":"/levels/automation_test_track/art/shapes/rocks/s_rocks_nz_jagged_big_wide.dae","useInstanceRenderData":true}
{"class":"TSStatic","persistentId":"e031c9fd-5a78-4b66-b47e-c02ee80755ac","__parent":"new_rocks","position":[-27.5806427,447.306305,120.284538],"isRenderEnabled":false,"rotationMatrix":[0.953018427,-0.302806646,-0.00800290704,0.226590008,0.695111513,0.682258666,-0.201029569,-0.652018487,0.731067061],"scale":[1.41802382,1.41802382,1.41802382],"shapeName":"/levels/automation_test_track/art/shapes/rocks/s_rocks_nz_jagged_big_wide.dae","useInstanceRenderData":true}
{"class":"Prefab","persistentId":"4e14a6a9-b62c-4109-aed8-3c4cb941fea8","__parent":"new_rocks","position":[5.14395571,441.771149,111.8563],"filename":"/levels/automation_test_track/art/shapes/rocks/p_rocks_long_large.prefab","rotationMatrix":[0.99053669,0.129117414,0.046537701,-0.127979055,0.746427059,0.653045118,0.0495825,-0.652821004,0.755887747],"scale":[3.46221876,3.46221876,3.46221876]}
{"class":"TSStatic","persistentId":"5ca172a0-b144-48b9-9db9-f590beb45ca5","__parent":"new_rocks","position":[82.0065002,448.085297,123.993393],"isRenderEnabled":false,"shapeName":"/levels/automation_test_track/art/shapes/rocks/s_rocks_nz_jagged_sep_flat.dae","useInstanceRenderData":true}
{"class":"TSStatic","persistentId":"58c2b86d-c547-433b-a6ad-832bef58ac8d","__parent":"new_rocks","position":[86.5381775,450.593109,123.604698],"isRenderEnabled":false,"shapeName":"/levels/automation_test_track/art/shapes/rocks/s_rocks_nz_jagged_sep_medium.dae","useInstanceRenderData":true}
{"class":"TSStatic","persistentId":"7d1bb1e5-8d99-44f6-ba06-2e88170c0dc2","__parent":"new_rocks","position":[54.3513298,455.035736,123.996513],"isRenderEnabled":false,"rotationMatrix":[-0.997864127,-0.0653195605,0,0.0653195605,-0.997864127,0,0,0,1],"shapeName":"/levels/automation_test_track/art/shapes/rocks/s_rocks_nz_jagged_sep_flat.dae","useInstanceRenderData":true}
{"class":"TSStatic","persistentId":"4d92e890-e845-4349-8272-1b64a99f1002","__parent":"new_rocks","position":[50.3515129,458.701782,123.996521],"isRenderEnabled":false,"rotationMatrix":[-0.897226095,0.441570908,0,-0.441570908,-0.897226095,0,0,0,1],"shapeName":"/levels/automation_test_track/art/shapes/rocks/s_rocks_nz_jagged_sep_medium.dae","useInstanceRenderData":true}
{"class":"TSStatic","persistentId":"3372ff99-09c7-43e5-8f14-dd385fb5e679","__parent":"new_rocks","position":[12.6756926,459.28241,123.786873],"isRenderEnabled":false,"rotationMatrix":[0.989312708,-0.0545323826,0.135227695,3.7252903e-09,0.927429378,0.373998284,-0.145809159,-0.370001256,0.917517722],"scale":[1.45998549,1.45998549,1.45998549],"shapeName":"/levels/automation_test_track/art/shapes/rocks/s_rocks_nz_jagged_big_wide.dae","useInstanceRenderData":true}
{"class":"TSStatic","persistentId":"9a989712-0605-4290-9696-d1ad0bb2ac79","__parent":"new_rocks","position":[20.7468929,459.634766,124.109489],"isRenderEnabled":false,"rotationMatrix":[0.999557912,-0.0143173095,0.0260565672,-0.00226865476,-0.910586715,-0.413312256,0.0296442788,0.41307044,-0.910216689],"scale":[1.45998549,1.45998549,1.45998549],"shapeName":"/levels/automation_test_track/art/shapes/rocks/s_rocks_nz_jagged_big_wide.dae","useInstanceRenderData":true}
{"class":"TSStatic","persistentId":"816a8398-b859-4eed-94c2-43d339d1c3ba","__parent":"new_rocks","position":[27.8333874,459.339752,123.226906],"isRenderEnabled":false,"rotationMatrix":[0.996026576,0.0347386822,-0.0820014924,0.0104579395,-0.960036755,-0.279678196,-0.0884401053,0.277709335,-0.956585407],"scale":[1.45998549,1.45998549,1.45998549],"shapeName":"/levels/automation_test_track/art/shapes/rocks/s_rocks_nz_jagged_big_wide.dae","useInstanceRenderData":true}
{"class":"TSStatic","persistentId":"2bf7ebd5-f871-431a-854a-7ced8ed2373d","__parent":"new_rocks","position":[107.02095,507.926788,123.783569],"isRenderEnabled":false,"rotationMatrix":[0.850953817,-0.517170072,0.0917209759,0.516615391,0.855636179,0.031547565,-0.0947952345,0.0205389522,0.995284915],"shapeName":"/levels/automation_test_track/art/shapes/rocks/s_rocks_nz_jagged_big_wide.dae","useInstanceRenderData":true}
{"class":"TSStatic","persistentId":"f080adc5-1b10-472a-8170-d580c86d4dff","__parent":"new_rocks","position":[111.18676,509.082306,123.090645],"isRenderEnabled":false,"rotationMatrix":[0.616016388,-0.784313917,0.0733180791,-0.705936193,-0.50835371,0.49318397,-0.349539518,-0.355567276,-0.866829753],"shapeName":"/levels/automation_test_track/art/shapes/rocks/s_rocks_nz_jagged_big_wide.dae","useInstanceRenderData":true}
{"class":"TSStatic","persistentId":"24d488fb-3fd8-40e4-976a-8709dc266098","__parent":"new_rocks","position":[102.730278,514.866211,121.583687],"isRenderEnabled":false,"rotationMatrix":[1,0,0,0,-0.975355029,0.220640689,0,-0.220640689,-0.975355029],"scale":[2.16240239,2.16240239,2.16240239],"shapeName":"/levels/automation_test_track/art/shapes/rocks/s_rocks_nz_jagged_big_wide.dae","useInstanceRenderData":true}
{"class":"TSStatic","persistentId":"84a48470-b009-4e05-87d9-99a78d14d777","__parent":"new_rocks","position":[102.730278,521.560303,116.700523],"isRenderEnabled":false,"rotationMatrix":[1,0,0,0,0.425638616,-0.9048931,0,0.9048931,0.425638616],"scale":[2.16240239,2.16240239,2.16240239],"shapeName":"/levels/automation_test_track/art/shapes/rocks/s_rocks_nz_jagged_big_wide.dae","useInstanceRenderData":true}
{"class":"TSStatic","persistentId":"888a27a8-63fe-4306-a715-ec79b275c264","__parent":"new_rocks","position":[110.342728,516.710754,117.611626],"isRenderEnabled":false,"rotationMatrix":[0.661492825,-0.496691346,-0.561894059,0,-0.749240637,0.662297964,-0.749951482,-0.438105345,-0.49561739],"scale":[2.34191895,2.34191895,2.34191895],"shapeName":"/levels/automation_test_track/art/shapes/rocks/s_rocks_nz_jagged_big_narrow.dae","useInstanceRenderData":true}
{"class":"TSStatic","persistentId":"4649751e-4dc1-4570-a768-909258d7304c","__parent":"new_rocks","position":[112.917389,478.016571,124.244072],"isRenderEnabled":false,"rotationMatrix":[0.508768439,0.860903382,0,-0.860903382,0.508768439,0,0,0,1],"scale":[1.6434083,1.6434083,1.6434083],"shapeName":"/levels/automation_test_track/art/shapes/rocks/s_rocks_nz_jagged_sep_flat.dae","useInstanceRenderData":true}
{"class":"TSStatic","persistentId":"4d6daf14-53c5-4616-a00f-6a26081a0732","__parent":"new_rocks","position":[116.931618,470.86499,117.894737],"isRenderEnabled":false,"rotationMatrix":[0.443465829,0.893044114,0.0762236416,-0.537337542,0.196834326,0.82007587,0.717360616,-0.404633403,0.5671556],"scale":[2.38520527,2.38520527,2.38520527],"shapeName":"/levels/automation_test_track/art/shapes/rocks/s_rocks_nz_jagged_big_wide.dae","useInstanceRenderData":true}
{"class":"TSStatic","persistentId":"58ed287e-b8a7-46ca-9da5-2d8600afe863","__parent":"new_rocks","position":[118.913208,483.041779,117.611694],"isRenderEnabled":false,"rotationMatrix":[0.20790273,-0.978098929,0.00994649529,-0.495087087,-0.0964539051,0.863472819,-0.843602538,-0.184442729,-0.504297137],"scale":[2.38520527,2.38520527,2.38520527],"shapeName":"/levels/automation_test_track/art/shapes/rocks/s_rocks_nz_jagged_big_wide.dae","useInstanceRenderData":true}
{"class":"TSStatic","persistentId":"1aa8d6ae-574e-4a78-803e-33c129d43212","__parent":"new_rocks","position":[114.792587,483.454163,123.616302],"isRenderEnabled":false,"shapeName":"/levels/automation_test_track/art/shapes/rocks/s_rocks_nz_jagged_big_narrow.dae","useInstanceRenderData":true}
{"class":"TSStatic","persistentId":"830b7957-f426-4e41-b4fc-ced50e1c56ae","__parent":"new_rocks","position":[75.9701538,456.931213,123.325493],"isRenderEnabled":false,"rotationMatrix":[0.985086679,-0.0580415949,0.161973327,5.58793545e-09,0.941384315,0.337336034,-0.172058672,-0.332305223,0.927345157],"scale":[2.96914077,2.96914077,2.96914077],"shapeName":"/levels/automation_test_track/art/shapes/rocks/s_rocks_nz_jagged_big_wide.dae","useInstanceRenderData":true}
{"class":"TSStatic","persistentId":"f22bd02e-ec00-48cb-bfcf-eb186944b665","__parent":"new_rocks","position":[92.2367401,457.103546,122.844521],"isRenderEnabled":false,"rotationMatrix":[-0.948985577,-0.106368423,0.296836287,3.7252903e-09,0.941384315,0.337335974,-0.315318912,0.32012704,-0.893360138],"scale":[2.96914077,2.96914077,2.96914077],"shapeName":"/levels/automation_test_track/art/shapes/rocks/s_rocks_nz_jagged_big_wide.dae","useInstanceRenderData":true}
{"class":"TSStatic","persistentId":"9ff5f218-4606-415e-a277-9b22297bf3e7","__parent":"new_rocks","position":[91.681488,453.681458,123.53154],"isRenderEnabled":false,"rotationMatrix":[0.997472167,0.00902956445,-0.0704818442,-9.31322575e-10,0.991893351,0.127073303,0.0710578933,-0.126752093,0.989386022],"shapeName":"/levels/automation_test_track/art/shapes/rocks/s_rocks_nz_jagged_big_wide.dae","useInstanceRenderData":true}
{"class":"TSStatic","persistentId":"7580e155-2807-4f9f-90de-7333fc3d455f","__parent":"new_rocks","position":[95.638176,455.714691,123.507858],"isRenderEnabled":false,"rotationMatrix":[-0.997471929,-0.00902923662,0.0704818666,-3.22237611e-07,-0.991893053,-0.127073228,0.071057871,-0.126752049,0.989386022],"shapeName":"/levels/automation_test_track/art/shapes/rocks/s_rocks_nz_jagged_big_wide.dae","useInstanceRenderData":true}
{"class":"TSStatic","persistentId":"f1e1279f-d9cf-479a-8dc6-9ccf38ae6291","__parent":"new_rocks","position":[77.768959,452.657959,123.600571],"isRenderEnabled":false,"rotationMatrix":[0.998870552,-0.0055863522,0.0471845306,0,0.993064284,0.117572568,-0.0475140773,-0.117439784,0.991942704],"shapeName":"/levels/automation_test_track/art/shapes/rocks/s_rocks_nz_jagged_big_wide.dae","useInstanceRenderData":true}
{"class":"TSStatic","persistentId":"30ebf382-a86c-42a2-b5b5-2bef25ced620","__parent":"new_rocks","position":[72.541153,453.438873,123.538841],"isRenderEnabled":false,"rotationMatrix":[0.998870552,-0.00558635127,0.0471845232,-1.53668225e-08,-0.993064165,-0.117572241,0.0475140698,0.117439456,-0.991942525],"shapeName":"/levels/automation_test_track/art/shapes/rocks/s_rocks_nz_jagged_big_wide.dae","useInstanceRenderData":true}
{"class":"TSStatic","persistentId":"4989c9c6-c2a9-4534-930c-33810baba26c","__parent":"new_rocks","position":[68.5482864,456.026062,123.6539],"isRenderEnabled":false,"rotationMatrix":[0.998870552,-0.00558635266,0.0471845344,-4.65661287e-10,0.993064284,0.117572591,-0.047514081,-0.117439806,0.991942704],"shapeName":"/levels/automation_test_track/art/shapes/rocks/s_rocks_nz_jagged_big_wide.dae","useInstanceRenderData":true}
{"class":"TSStatic","persistentId":"72e5914f-d534-4c0c-a63c-11533087d978","__parent":"new_rocks","position":[101.715698,482.735199,123.910088],"isRenderEnabled":false,"rotationMatrix":[0.8858639,0.403495044,-0.228991091,-0.335789949,0.898207247,0.283670306,0.320141017,-0.174400344,0.931178927],"scale":[1.82485342,1.82485342,1.82485342],"shapeName":"/levels/automation_test_track/art/shapes/rocks/s_rocks_nz_jagged_big_wide.dae","useInstanceRenderData":true}
{"class":"TSStatic","persistentId":"17c97174-bcbe-48b7-b8b4-61e55e87087f","__parent":"new_rocks","position":[102.925873,491.237305,123.390968],"isRenderEnabled":false,"rotationMatrix":[0.8858639,0.403495073,-0.228991121,0.448803186,-0.870364308,0.202588126,-0.117562361,-0.28223744,-0.952114105],"scale":[1.82485342,1.82485342,1.82485342],"shapeName":"/levels/automation_test_track/art/shapes/rocks/s_rocks_nz_jagged_big_wide.dae","useInstanceRenderData":true}
{"class":"TSStatic","persistentId":"ec18edaf-1c96-4d0e-944b-0320cb580467","__parent":"new_rocks","position":[108.915031,488.592896,123.991837],"isRenderEnabled":false,"shapeName":"/levels/automation_test_track/art/shapes/rocks/s_rocks_nz_jagged_sep_medium.dae","useInstanceRenderData":true}
{"class":"TSStatic","persistentId":"ec55db21-7d87-48a6-8687-873524499ca2","__parent":"new_rocks","position":[107.641808,492.704895,124.047935],"isRenderEnabled":false,"rotationMatrix":[0.588531375,0.808474362,0,-0.808474362,0.588531375,0,0,0,1],"shapeName":"/levels/automation_test_track/art/shapes/rocks/s_rocks_nz_jagged_sep_flat.dae","useInstanceRenderData":true}
{"class":"TSStatic","persistentId":"d79ffed0-09fc-4a51-a7a5-bd5b39eb7311","__parent":"new_rocks","position":[-0.210906982,455.880035,123.405426],"isRenderEnabled":false,"rotationMatrix":[0.890555203,-0.147805348,0.430191785,-1.49011612e-08,-0.945735812,-0.324936032,0.454875141,0.289373457,-0.842229962],"scale":[2.72265625,2.72265625,2.72265625],"shapeName":"/levels/automation_test_track/art/shapes/rocks/s_rocks_nz_jagged_big_narrow.dae","useInstanceRenderData":true}
{"class":"TSStatic","persistentId":"548257a2-b3bd-4706-a36f-470d7ea0ebb5","__parent":"new_rocks","position":[5.05789375,456.020142,122.997528],"isRenderEnabled":false,"rotationMatrix":[-0.754139066,-0.213390201,0.62107861,-7.4505806e-09,-0.945735812,-0.324935973,0.656714559,-0.245046958,0.713216603],"scale":[2.72265625,2.72265625,2.72265625],"shapeName":"/levels/automation_test_track/art/shapes/rocks/s_rocks_nz_jagged_big_narrow.dae","useInstanceRenderData":true}
{"class":"TSStatic","persistentId":"de32453a-8302-4f21-89f2-1672f30464b1","__parent":"new_rocks","position":[-1.08644128,448.235596,118.738579],"isRenderEnabled":false,"rotationMatrix":[0.524668396,-0.850318074,-0.041015178,0.382587194,0.192478657,0.903647661,-0.760493398,-0.489807248,0.426308274],"scale":[1.87895513,1.87895513,1.87895513],"shapeName":"/levels/automation_test_track/art/shapes/rocks/s_rocks_nz_jagged_big_wide.dae","useInstanceRenderData":true}
{"class":"TSStatic","persistentId":"1f817405-6008-4b0c-9501-5bca7bc16bb1","__parent":"new_rocks","position":[4.9272933,449.745026,118.787865],"isRenderEnabled":false,"rotationMatrix":[0.231618047,0.970309317,0.0696610212,-0.185245693,-0.0263054371,0.982339978,0.955006242,-0.240431935,0.173652947],"scale":[1.87895513,1.87895513,1.87895513],"shapeName":"/levels/automation_test_track/art/shapes/rocks/s_rocks_nz_jagged_big_wide.dae","useInstanceRenderData":true}
{"class":"TSStatic","persistentId":"2803d81d-c931-41bb-8f7b-3b78dec828d0","__parent":"new_rocks","position":[2.39939356,447.762604,123.08033],"isRenderEnabled":false,"shapeName":"/levels/automation_test_track/art/shapes/rocks/s_rocks_nz_jagged_big_narrow.dae","useInstanceRenderData":true}
{"class":"TSStatic","persistentId":"f85ad2e3-0836-40d1-99d6-9df066a4039a","__parent":"new_rocks","position":[56.428978,440.798523,118.310913],"isRenderEnabled":false,"rotationMatrix":[0.844949007,-0.529676259,-0.0741908699,0.420889944,0.572900534,0.703304052,-0.330019474,-0.625482202,0.70700717],"scale":[2.61066914,2.61066914,2.61066914],"shapeName":"/levels/automation_test_track/art/shapes/rocks/s_rocks_nz_jagged_big_wide.dae","useInstanceRenderData":true}
{"class":"TSStatic","persistentId":"2a003216-1d92-410e-b693-2e75673d29c7","__parent":"new_rocks","position":[64.1662216,445.610229,122.84819],"isRenderEnabled":false,"rotationMatrix":[0.830684423,-0.556743503,-1.21071935e-08,-0.555979133,-0.829544067,-0.0523826145,0.0291636698,0.0435134284,-0.998627186],"scale":[2.01221943,2.01221943,2.01221943],"shapeName":"/levels/automation_test_track/art/shapes/rocks/s_rocks_nz_jagged_big_narrow.dae","useInstanceRenderData":true}
{"class":"TSStatic","persistentId":"748697bf-b98e-4e72-a795-1b6db0307ba3","__parent":"new_rocks","position":[58.4129181,447.290894,123.266335],"isRenderEnabled":false,"rotationMatrix":[0.841507018,-0.540246189,0,0.540246189,0.841507018,0,0,0,1],"shapeName":"/levels/automation_test_track/art/shapes/rocks/s_rocks_nz_jagged_big_wide.dae","useInstanceRenderData":true}
{"class":"TSStatic","persistentId":"aecb39a3-5888-429f-93d6-eee8d8f2e96f","__parent":"new_rocks","position":[49.5091476,448.612244,121.228264],"isRenderEnabled":false,"rotationMatrix":[0.589338422,-0.805278301,-0.0648625791,0.624699473,0.403326035,0.668639541,-0.512280107,-0.434574604,0.740752339],"shapeName":"/levels/automation_test_track/art/shapes/rocks/s_rocks_nz_jagged_big_wide.dae","useInstanceRenderData":true}
{"class":"TSStatic","persistentId":"b1834522-2b8e-4b2b-b641-1fcc7144daad","__parent":"new_rocks","position":[53.1529083,450.599579,123.035362],"isRenderEnabled":false,"rotationMatrix":[0.335033655,-0.940577626,-0.0553713068,0.934048414,0.323842406,0.150596857,-0.123716481,-0.102174491,0.987043381],"shapeName":"/levels/automation_test_track/art/shapes/rocks/s_rocks_nz_jagged_big_wide.dae","useInstanceRenderData":true}
{"class":"TSStatic","persistentId":"60687650-f9fe-4269-a9af-33a114617e1c","__parent":"new_rocks","position":[120.130707,500.088379,117.575188],"isRenderEnabled":false,"rotationMatrix":[0.108935177,-0.994048834,-2.98023224e-08,0.636111021,0.0697097778,-0.768442154,0.763869047,0.0837103426,0.639919221],"scale":[3.13454628,3.13454628,3.13454628],"shapeName":"/levels/automation_test_track/art/shapes/rocks/s_rocks_nz_jagged_big_wide.dae","useInstanceRenderData":true}
{"class":"TSStatic","persistentId":"7ee2ee12-7303-4c19-b377-e312f911e6b7","__parent":"new_rocks","position":[111.127861,497.430237,122.906784],"isRenderEnabled":false,"rotationMatrix":[-0.0192466974,-0.999790788,0.00691819936,0.988840818,-0.0180126429,0.147882611,-0.147727072,0.00968725979,0.988980711],"scale":[1.97226572,1.97226572,1.97226572],"shapeName":"/levels/automation_test_track/art/shapes/rocks/s_rocks_nz_jagged_big_wide.dae","useInstanceRenderData":true}
{"class":"TSStatic","persistentId":"dc0bcae7-6f25-4f08-ae42-5b7fa7ff6dc7","__parent":"new_rocks","position":[113.947975,506.207275,124.545143],"isRenderEnabled":false,"rotationMatrix":[0.268315375,-0.963330984,1.49011612e-08,0.921077013,0.256546378,0.292917877,-0.282176912,-0.0785943046,0.956137598],"shapeName":"/levels/automation_test_track/art/shapes/rocks/s_rocks_nz_jagged_big_wide.dae","useInstanceRenderData":true}
{"class":"TSStatic","persistentId":"49523712-0c00-4caa-85e8-2b7b79aefdbf","__parent":"new_rocks","position":[113.216148,509.784241,122.282051],"isRenderEnabled":false,"rotationMatrix":[0.978919804,-0.0708787814,0.191552088,0.204244971,0.339712918,-0.918084562,-1.49011612e-08,0.937854707,0.347028375],"shapeName":"/levels/automation_test_track/art/shapes/rocks/s_rocks_nz_jagged_big_wide.dae","useInstanceRenderData":true}
{"class":"TSStatic","persistentId":"69a2eaef-7972-43ea-9126-fb23c7f81cba","__parent":"new_rocks","position":[117.265144,506.606049,123.023064],"isRenderEnabled":false,"rotationMatrix":[0.179195404,-0.983813524,-2.98023224e-08,-0.483680516,-0.0880993605,0.870799422,-0.856704235,-0.156043261,-0.491638422],"shapeName":"/levels/automation_test_track/art/shapes/rocks/s_rocks_nz_jagged_big_wide.dae","useInstanceRenderData":true}
