{"class":"DecalRoad","persistentId":"067a1fb9-66ab-42ef-aa26-5b737faf631f","__parent":"fs_3_props","position":[-180.098389,516.221191,74.8521805],"decalBias":0.0500000007,"detail":0.200000003,"distanceFade":[150,100],"improvedSpline":true,"material":"road_rubber_double","nodes":[[-180.098389,516.221191,74.8521805,3],[-190.118286,515.931763,74.8507004,3],[-195.775375,520.274536,74.8475876,3],[-196.892426,529.85437,74.8449783,3]],"overObjects":true,"renderPriority":2,"startEndFade":[30,30],"textureLength":18,"zBias":0.00100000005}
{"class":"TSStatic","persistentId":"91c7e5b3-f2ba-4db5-8a97-a0c1d4df8e72","__parent":"fs_3_props","position":[-212.522293,545.653076,74.6245728],"isRenderEnabled":false,"rotationMatrix":[0.00820964575,-0.999966264,0.000194487162,0.999685764,0.00821191072,0.0236828253,-0.0236836225,0,0.999719501],"shapeName":"/levels/west_coast_usa/art/shapes/objects/s_fence_hoarding.dae","useInstanceRenderData":true}
{"class":"TSStatic","persistentId":"e59ac693-6245-47d1-9ed0-ce1bf5ea2314","__parent":"fs_3_props","position":[-212.467209,540.346924,74.6258774],"decalType":"Visible Mesh Final","isRenderEnabled":false,"rotationMatrix":[-0.0105930567,-0.999943793,-0.00025095325,0.999663293,-0.0105960369,0.0236822926,-0.0236836225,0,0.999719501],"shapeName":"/levels/west_coast_usa/art/shapes/objects/s_fence_hoarding.dae","useInstanceRenderData":true}
{"class":"TSStatic","persistentId":"60a18ddc-1bc8-4bfd-96b6-09103d759493","__parent":"fs_3_props","position":[-183.908829,545.353455,74.8508453],"annotation":"OBSTACLES","isRenderEnabled":false,"rotationMatrix":[0.0361385942,-0.999346972,1.74622983e-10,0.999346495,0.0361385345,-0.00103230192,0.00103162765,3.73062794e-05,0.999999464],"shapeName":"/levels/west_coast_usa/art/shapes/objects/s_curb.dae","useInstanceRenderData":true}
{"class":"TSStatic","persistentId":"f1f7aa78-57dc-4c49-b8c3-173774f29e57","__parent":"fs_3_props","position":[-180.940491,545.280396,74.8508453],"annotation":"OBSTACLES","isRenderEnabled":false,"rotationMatrix":[-1.1920929e-07,-0.999999821,0,0.999999821,-1.1920929e-07,0,0,0,1],"shapeName":"/levels/west_coast_usa/art/shapes/objects/s_curb.dae","useInstanceRenderData":true}
{"class":"DecalRoad","persistentId":"44d33380-097a-4ca0-8102-08e4d63268e1","__parent":"fs_3_props","position":[-183.713547,545.064636,74.8507843],"decalBias":0.0500000007,"detail":0.200000003,"distanceFade":[150,100],"improvedSpline":true,"material":"road_rubber_double","nodes":[[-183.713547,545.064636,74.8507843,3],[-183.746475,534.218689,74.8468704,3]],"overObjects":true,"renderPriority":2,"startEndFade":[1,7],"textureLength":18,"zBias":0.00100000005}
{"class":"DecalRoad","persistentId":"0f8da52f-7d83-4a67-9b64-65b3f72f390d","__parent":"fs_3_props","position":[-180.954254,545.097961,74.850853],"decalBias":0.0500000007,"detail":0.200000003,"distanceFade":[150,100],"improvedSpline":true,"material":"road_rubber_double","nodes":[[-180.954254,545.097961,74.850853,3],[-180.942108,536.676453,74.8484879,3]],"overObjects":true,"renderPriority":2,"startEndFade":[1,5],"textureLength":18,"zBias":0.00100000005}
{"class":"DecalRoad","persistentId":"cf4a6842-749a-488f-9dab-c874447963e7","__parent":"fs_3_props","position":[-180.909409,516.24762,74.851326],"decalBias":0.0500000007,"detail":0.200000003,"distanceFade":[150,100],"improvedSpline":true,"material":"road_rubber_double","nodes":[[-180.909409,516.24762,74.851326,3],[-171.619217,517.214661,74.7910919,3],[-166.336349,522.078125,74.8118515,3],[-164.937286,533.665771,74.7981567,3]],"overObjects":true,"renderPriority":2,"startEndFade":[10,30],"textureLength":18,"zBias":0.00100000005}
{"class":"DecalRoad","persistentId":"7d2c0ad7-ae40-4d72-908b-761abd8b2fcb","__parent":"fs_3_props","position":[-211.37326,507.591705,74.8498306],"distanceFade":[200,50],"improvedSpline":true,"material":"line_yellow","nodes":[[-211.37326,507.591705,74.8498306,0.200000003],[-210.602493,509.40152,74.8503952,0.200000003],[-210.368317,511.522491,74.8506012,0.200000003],[-210.40863,514.30426,74.8502426,0.200000003],[-210.445099,518.324036,74.847229,0.200000003],[-210.460403,524.918396,74.8437424,0.200000003],[-210.436005,530.708252,74.8445435,0.200000003],[-210.440231,535.214783,74.8476868,0.200000003],[-210.444473,538.515198,74.8488464,0.200000003],[-210.231842,540.363037,74.8501205,0.200000003],[-208.907135,541.132446,74.8499451,0.200000003],[-206.287552,541.155762,74.849884,0.200000003],[-203.750885,541.095154,74.849884,0.200000003]],"overObjects":true,"renderPriority":4,"startEndFade":[1,0],"textureLength":6}
{"class":"DecalRoad","persistentId":"1df5b9de-0c59-4de4-949c-4bd05bbef653","__parent":"fs_3_props","position":[-212.393372,537.110657,74.8474197],"detail":0.200000003,"distanceFade":[200,50],"material":"line_yellow","nodes":[[-212.393372,537.110657,74.8474197,0.200000003],[-212.242172,537.246399,74.8479996,0.200000003],[-210.478943,538.769104,74.8471985,0.200000003]],"overObjects":true,"renderPriority":4,"startEndFade":[0.100000001,0],"textureLength":6}
{"class":"DecalRoad","persistentId":"98a4ae54-dcd3-4874-a967-30184e9e726a","__parent":"fs_3_props","position":[-177.870178,537.268921,74.8479309],"breakAngle":1,"detail":0.300000012,"distanceFade":[100,50],"improvedSpline":true,"material":"road_crack","nodes":[[-177.870178,537.268921,74.8479309,0.5],[-176.802536,537.281189,74.8484116,0.5],[-175.62001,537.484009,74.8484726,0.5],[-174.65242,537.786987,74.848175,0.5],[-173.634644,538.27124,74.8484573,0.5]],"overObjects":true,"renderPriority":5,"textureLength":32}
{"class":"DecalRoad","persistentId":"970f612f-dabf-4ed0-9e62-2694e9bd252b","__parent":"fs_3_props","position":[-177.839386,532.072937,74.8453217],"breakAngle":1,"detail":0.300000012,"distanceFade":[100,50],"improvedSpline":true,"material":"road_crack","nodes":[[-177.839386,532.072937,74.8453217,0.5],[-176.861389,532.092834,74.8454056,0.5],[-176.087891,531.999512,74.8456345,0.5],[-175.233856,531.788879,74.845459,0.5],[-174.419922,531.493408,74.8451462,0.5],[-173.604721,531.104736,74.8463669,0.5]],"overObjects":true,"renderPriority":5,"textureLength":32}
{"class":"DecalRoad","persistentId":"9a661cfb-5b2f-47a1-b594-f94838b96569","__parent":"fs_3_props","position":[-177.871887,519.763672,74.8480453],"breakAngle":1,"detail":0.300000012,"distanceFade":[100,50],"improvedSpline":true,"material":"road_crack","nodes":[[-177.871887,519.763672,74.8480453,0.5],[-176.913559,519.763733,74.8465958,0.5],[-176.076538,519.87793,74.8468628,0.5],[-175.152924,520.126038,74.846344,0.5],[-174.401764,520.456787,74.8470917,0.5],[-173.591293,520.866699,74.8470764,0.5]],"overObjects":true,"renderPriority":5,"textureLength":32}
{"class":"DecalRoad","persistentId":"c42e667c-4c22-4abe-9db2-d363c5a52d96","__parent":"fs_3_props","position":[-177.824493,512.876343,74.8551178],"breakAngle":1,"detail":0.300000012,"distanceFade":[100,50],"improvedSpline":true,"material":"road_crack","nodes":[[-177.824493,512.876343,74.8551178,0.5],[-176.935959,512.882996,74.8549881,0.5],[-176.130432,512.783447,74.8550568,0.5],[-175.243622,512.569641,74.8537903,0.5],[-174.401749,512.198608,74.8552094,0.5],[-173.609299,511.810577,74.854126,0.5]],"overObjects":true,"renderPriority":5,"textureLength":32}
{"class":"DecalRoad","persistentId":"0551f6d5-b5c1-4137-b148-e3067654c0b8","__parent":"fs_3_props","position":[-211.104523,507.628143,74.8498611],"breakAngle":1,"detail":0.300000012,"distanceFade":[100,50],"improvedSpline":true,"material":"road_crack","nodes":[[-211.104523,507.628143,74.8498611,0.5],[-210.67189,508.601105,74.8499069,0.5],[-210.243759,510.055176,74.8472824,0.5],[-210.136017,511.907867,74.8506241,0.5],[-210.199814,518.487671,74.8471375,0.5],[-210.205521,545.647095,74.8507004,0.5]],"overObjects":true,"renderPriority":5,"textureLength":40}
{"class":"DecalRoad","persistentId":"56172ae7-ad73-4b4e-914d-0177fa37563a","__parent":"fs_3_props","position":[-185.400345,511.737671,74.8535004],"breakAngle":1,"detail":0.300000012,"distanceFade":[100,50],"improvedSpline":true,"material":"road_crack","nodes":[[-185.400345,511.737671,74.8535004,0.5],[-185.395996,520.157104,74.8474121,0.5]],"overObjects":true,"renderPriority":2,"textureLength":32}
{"class":"DecalRoad","persistentId":"bcbe6254-1c6b-4813-b384-04816d60dd8c","__parent":"fs_3_props","position":[-185.391235,520.156494,74.8474045],"breakAngle":1,"detail":0.300000012,"distanceFade":[100,50],"improvedSpline":true,"material":"road_crack","nodes":[[-185.391235,520.156494,74.8474045,0.5],[-196.262329,520.184753,74.847023,0.5]],"overObjects":true,"renderPriority":2,"textureLength":32}
{"class":"DecalRoad","persistentId":"f4d69ef4-89fc-4980-a8d7-442500f753d4","__parent":"fs_3_props","position":[-196.263077,520.178528,74.8469925],"breakAngle":1,"detail":0.300000012,"distanceFade":[100,50],"improvedSpline":true,"material":"road_crack","nodes":[[-196.263077,520.178528,74.8469925,0.5],[-196.276825,511.80368,74.8538132,0.5]],"overObjects":true,"renderPriority":2,"textureLength":32}
{"class":"DecalRoad","persistentId":"77d203fe-4a49-4266-a8ff-cb4c6a463284","__parent":"fs_3_props","position":[-183.921219,534.333252,74.8427582],"decalBias":0.0500000007,"detail":0.200000003,"distanceFade":[150,100],"improvedSpline":true,"material":"road_rubber_double","nodes":[[-183.921219,534.333252,74.8427582,3],[-195.174622,533.1297,74.8469772,3],[-196.494736,519.970764,74.8498764,3],[-201.911133,514.969971,74.8505859,3]],"overObjects":true,"renderPriority":2,"startEndFade":[30,30],"textureLength":18,"zBias":0.00100000005}
{"class":"DecalRoad","persistentId":"230a3e6f-19d7-4fc5-b04d-444c44609f82","__parent":"fs_3_props","position":[-179.265518,535.522644,75.4724503],"decalBias":0.0500000007,"detail":0.200000003,"distanceFade":[150,100],"improvedSpline":true,"material":"road_rubber_double","nodes":[[-179.265518,535.522644,75.4724503,3],[-185.228241,534.587524,75.4741821,3],[-188.724838,531.483459,74.8470993,3],[-188.921829,525.265564,74.8448715,3],[-188.777359,518.141418,74.8493042,3],[-185.142044,515.434509,74.8517151,3],[-177.970016,515.875977,74.8519669,3],[-171.327042,515.787781,74.7406998,3]],"overObjects":true,"renderPriority":2,"startEndFade":[30,30],"textureLength":18,"zBias":0.00100000005}
{"class":"DecalRoad","persistentId":"36d0b90c-7732-424b-872a-8972d618910a","__parent":"fs_3_props","position":[-181.293549,539.107788,74.8488617],"decalBias":0.0500000007,"detail":0.200000003,"distanceFade":[150,100],"improvedSpline":true,"material":"road_rubber_double","nodes":[[-181.293549,539.107788,74.8488617,3],[-181.341293,523.472412,74.845459,3],[-180.628357,518.060852,74.8500977,3],[-177.359787,516.380676,74.8048859,3],[-172.850693,516.247192,74.7280426,3],[-170.29924,512.896851,74.7963562,3],[-171.17067,508.591614,74.7845306,3]],"overObjects":true,"renderPriority":2,"startEndFade":[30,30],"textureLength":18,"zBias":0.00100000005}
{"class":"DecalRoad","persistentId":"53a913fa-a4b2-49ac-a6b6-405a4322e691","__parent":"fs_3_props","position":[-169.970688,502.000214,74.9061813],"decalBias":0.0500000007,"detail":0.200000003,"distanceFade":[150,100],"improvedSpline":true,"material":"road_rubber_double","nodes":[[-169.970688,502.000214,74.9061813,3],[-170.053909,507.413239,74.8151627,3],[-170.812622,512.200134,74.714325,3],[-174.743805,515.643066,74.7597656,3],[-189.161087,516.330627,74.8502274,3]],"overObjects":true,"renderPriority":2,"startEndFade":[12,12],"textureLength":16,"zBias":0.00100000005}
{"class":"DecalRoad","persistentId":"5375d55e-85f6-4510-b341-1732dc71f1c3","__parent":"fs_3_props","position":[-170.374069,545.466919,74.8382339],"decalBias":0.0500000007,"detail":0.200000003,"distanceFade":[150,100],"improvedSpline":true,"material":"road_rubber_double","nodes":[[-170.374069,545.466919,74.8382339,3],[-170.279831,540.219971,74.7657089,3],[-173.827362,535.509583,74.7767792,3],[-179.882767,533.568481,74.8464203,3],[-181.461029,529.137939,74.844368,3],[-181.766327,522.351501,74.8461075,3]],"overObjects":true,"renderPriority":2,"startEndFade":[30,30],"textureLength":16,"zBias":0.00100000005}
{"class":"DecalRoad","persistentId":"0bd4be0a-bebd-45f4-b2ff-c43b131ec955","__parent":"fs_3_props","position":[-210.588867,499.515106,74.7367477],"decalBias":0.0500000007,"detail":0.200000003,"distanceFade":[150,100],"improvedSpline":true,"material":"road_rubber_double","nodes":[[-210.588867,499.515106,74.7367477,3],[-207.849548,507.834625,74.848877,3],[-207.608734,516.442627,74.8480682,3],[-207.796646,529.846375,74.8429489,3],[-208.306473,542.774841,74.8453751,3]],"overObjects":true,"renderPriority":2,"startEndFade":[30,5],"textureLength":16,"zBias":0.00100000005}
{"class":"DecalRoad","persistentId":"c54bd538-1ab1-4738-ae11-a1e6921b2db0","__parent":"fs_3_props","position":[-215.574173,503.967804,74.7677383],"decalBias":0.0500000007,"detail":0.200000003,"distanceFade":[150,100],"improvedSpline":true,"material":"road_rubber_double","nodes":[[-215.574173,503.967804,74.7677383,3],[-224.55188,504.237396,74.7607651,3],[-228.279877,508.800446,74.7018738,3],[-228.748901,520.228088,74.8460083,3],[-228.835922,535.620117,74.8491516,3]],"overObjects":true,"renderPriority":2,"startEndFade":[30,30],"textureLength":18,"zBias":0.00100000005}
{"class":"DecalRoad","persistentId":"89c93ea9-e9c3-4af9-845d-98903b4077dc","__parent":"fs_3_props","position":[-228.049667,540.957947,74.8491516],"decalBias":0.0500000007,"detail":0.200000003,"distanceFade":[150,100],"improvedSpline":true,"material":"road_rubber_double","nodes":[[-228.049667,540.957947,74.8491516,3],[-228.689041,517.627136,74.839386,3],[-231.991333,508.186127,74.7510834,3],[-237.185837,506.860901,74.7561035,3],[-244.415131,511.93396,74.7566833,3],[-254.125717,521.345825,74.7554321,3]],"overObjects":true,"renderPriority":2,"startEndFade":[30,30],"textureLength":18,"zBias":0.00100000005}
{"class":"DecalRoad","persistentId":"7f17fae2-e3ba-4cd8-bc07-5f613a9069fd","__parent":"fs_3_props","position":[-268.234161,548.362671,74.8097534],"decalBias":0.0500000007,"detail":0.200000003,"distanceFade":[150,100],"improvedSpline":true,"material":"road_rubber_double","nodes":[[-268.234161,548.362671,74.8097534,3],[-264.16806,556.122314,74.7679596,3],[-262.215881,563.160767,74.7787628,3],[-259.358337,567.272034,74.7390213,3],[-254.124268,568.169861,74.7949829,3],[-247.287552,567.647339,74.8491516,3],[-243.129288,566.861755,74.8491516,3]],"overObjects":true,"renderPriority":2,"startEndFade":[30,30],"textureLength":18,"zBias":0.00100000005}
{"class":"DecalRoad","persistentId":"fc0703b3-1e8f-4613-be44-5ad8422b5ff7","__parent":"fs_3_props","position":[-247.821198,567.07074,74.8491516],"decalBias":0.0500000007,"detail":0.200000003,"distanceFade":[150,100],"improvedSpline":true,"material":"road_rubber_double","nodes":[[-247.821198,567.07074,74.8491516,3],[-255.641159,567.875061,74.7726288,3],[-259.579681,570.194336,74.7550278,3],[-261.882751,576.009094,74.798584,3],[-261.831604,584.272888,74.7701645,3]],"overObjects":true,"renderPriority":2,"startEndFade":[30,30],"textureLength":18,"zBias":0.00100000005}
{"class":"DecalRoad","persistentId":"4a145ef2-0e56-4f5f-9bc6-990b456f2874","__parent":"fs_3_props","position":[-206.436264,507.210327,74.8495026],"decalBias":0.0500000007,"detail":0.200000003,"distanceFade":[150,100],"improvedSpline":true,"material":"track_rubber","nodes":[[-206.436264,507.210327,74.8495026,4],[-206.247314,527.83374,74.8428192,4],[-203.892288,532.31958,74.8454437,4],[-198.796158,534.584167,74.8465805,4],[-190.266251,534.490417,74.8462906,4]],"overObjects":true,"renderPriority":2,"startEndFade":[15,15],"textureLength":12,"zBias":0.00100000005}
{"class":"DecalRoad","persistentId":"7782c685-e65d-4c5b-a389-8133c9d74857","__parent":"fs_3_props","position":[-196.431671,533.990112,74.8653641],"decalBias":0.0500000007,"detail":0.200000003,"distanceFade":[150,100],"improvedSpline":true,"material":"track_rubber","nodes":[[-196.431671,533.990112,74.8653641,4],[-196.378601,514.018311,74.8510056,4]],"overObjects":true,"renderPriority":2,"startEndFade":[5,5],"textureLength":12,"zBias":0.00100000005}
{"class":"DecalRoad","persistentId":"8ec1bff3-d532-4cb7-b71d-033230836566","__parent":"fs_3_props","position":[-188.953125,532.117126,74.8477402],"decalBias":0.0500000007,"detail":0.200000003,"distanceFade":[150,100],"improvedSpline":true,"material":"track_rubber","nodes":[[-188.953125,532.117126,74.8477402,4],[-188.980789,518.771973,74.8508377,4]],"overObjects":true,"renderPriority":2,"startEndFade":[5,5],"textureLength":12,"zBias":0.00100000005}
{"class":"DecalRoad","persistentId":"170ef918-995b-4d96-93e4-606fafe5a62d","__parent":"fs_3_props","position":[-181.461426,539.007263,74.8508606],"decalBias":0.0500000007,"detail":0.200000003,"distanceFade":[150,100],"improvedSpline":true,"material":"track_rubber","nodes":[[-181.461426,539.007263,74.8508606,4],[-181.513885,518.969482,74.8522491,4]],"overObjects":true,"renderPriority":2,"startEndFade":[15,5],"textureLength":12,"zBias":0.00100000005}
{"class":"DecalRoad","persistentId":"3e29be03-f164-496e-b4e5-1fe9d33e93a9","__parent":"fs_3_props","position":[-181.94281,530.049377,74.8443069],"decalBias":0.0500000007,"detail":0.200000003,"distanceFade":[150,100],"improvedSpline":true,"material":"road_rubber_double","nodes":[[-181.94281,530.049377,74.8443069,3],[-179.7715,533.940308,74.8462601,3],[-170.477203,534.907471,74.750206,3],[-164.401031,539.460999,74.8218613,3],[-164.881805,555.131836,74.7971878,3]],"overObjects":true,"renderPriority":2,"startEndFade":[30,30],"textureLength":16,"zBias":0.00100000005}
{"class":"TSStatic","persistentId":"a90d3ef7-0684-4205-8a4e-598642dd0c26","__parent":"fs_3_props","position":[-178.245392,538.156006,74.3202209],"annotation":"OBSTACLES","decalType":"None","isRenderEnabled":false,"rotationMatrix":[0.666116953,0.745776176,-0.0103048766,-0.745687008,0.666196644,0.0115358271,0.0154682184,0,0.999880373],"shapeName":"/levels/west_coast_usa/art/shapes/objects/bollard_yellow.dae","useInstanceRenderData":true}
{"class":"TSStatic","persistentId":"6e6cf360-a5b0-44df-9163-0c0bab464166","__parent":"fs_3_props","position":[-178.27536,540.156006,74.3202209],"annotation":"OBSTACLES","decalType":"None","isRenderEnabled":false,"rotationMatrix":[-0.305202246,0.9522053,0.0125269257,-0.952287674,-0.305175781,-0.0040148003,0,-0.0131545616,0.999913454],"shapeName":"/levels/west_coast_usa/art/shapes/objects/bollard_yellow.dae","useInstanceRenderData":true}
{"class":"TSStatic","persistentId":"f1e53b74-e694-4daa-bfca-79cf191207d5","__parent":"fs_3_props","position":[-178.217819,542.156006,74.3202209],"annotation":"OBSTACLES","decalType":"None","isRenderEnabled":false,"rotationMatrix":[0.975151002,-0.22153616,0.00151565042,0.221541345,0.975128174,-0.00667138724,-5.82076609e-11,0.006841389,0.999976575],"shapeName":"/levels/west_coast_usa/art/shapes/objects/bollard_yellow.dae","useInstanceRenderData":true}
{"class":"TSStatic","persistentId":"125eb088-942c-4335-848d-78f99a147d23","__parent":"fs_3_props","position":[-178.263153,544.156006,74.3202209],"annotation":"OBSTACLES","decalType":"None","isRenderEnabled":false,"rotationMatrix":[0.950223923,0.311436117,-0.00906145759,-0.311421931,0.950267136,0.00296975812,0.00953569449,0,0.999954522],"shapeName":"/levels/west_coast_usa/art/shapes/objects/bollard_yellow.dae","useInstanceRenderData":true}
{"class":"TSStatic","persistentId":"121f04c7-4f8d-46dd-a165-3d916cc32d5e","__parent":"fs_3_props","position":[-177.144867,529.96759,75.3041077],"isRenderEnabled":false,"rotationMatrix":[0.0194820166,-0.999632418,-0.0188479032,0.99981004,0.0194854736,2.79396772e-09,0.000367255881,-0.0188443251,0.999822378],"shapeName":"/levels/west_coast_usa/art/shapes/objects/guardrail1.dae","useInstanceRenderData":true}
{"class":"TSStatic","persistentId":"0e5562cb-2ac5-467d-a574-4b82e1aaae8d","__parent":"fs_3_props","position":[-177.140152,527.986877,75.3006821],"isRenderEnabled":false,"rotationMatrix":[-0.0215209723,-0.999584138,0.0191851966,0.999768198,-0.0215250254,-9.31322575e-09,0.000412971713,0.0191807505,0.999815941],"shapeName":"/levels/west_coast_usa/art/shapes/objects/guardrail1.dae","useInstanceRenderData":true}
{"class":"TSStatic","persistentId":"b384467c-b779-4897-a13d-3202831c77cd","__parent":"fs_3_props","position":[-177.170151,525.977295,75.3164215],"isRenderEnabled":false,"rotationMatrix":[-1.1920929e-07,-1,0,1,-1.1920929e-07,0,0,0,1],"shapeName":"/levels/west_coast_usa/art/shapes/objects/guardrail1.dae","useInstanceRenderData":true}
{"class":"TSStatic","persistentId":"93d6df4f-80e1-49fb-97df-4b23924634ad","__parent":"fs_3_props","position":[-177.170151,523.977295,75.3164215],"isRenderEnabled":false,"rotationMatrix":[-1.1920929e-07,-1,0,1,-1.1920929e-07,0,0,0,1],"shapeName":"/levels/west_coast_usa/art/shapes/objects/guardrail1.dae","useInstanceRenderData":true}
{"class":"TSStatic","persistentId":"a68aa868-a946-401b-b2c2-22107d4dee54","__parent":"fs_3_props","position":[-177.170151,521.977295,75.3164215],"isRenderEnabled":false,"rotationMatrix":[-1.1920929e-07,-1,0,1,-1.1920929e-07,0,0,0,1],"shapeName":"/levels/west_coast_usa/art/shapes/objects/guardrail1.dae","useInstanceRenderData":true}
{"class":"TSStatic","persistentId":"618cd3a7-62d8-42ba-955e-89a8b610098b","__parent":"fs_3_props","position":[-176.894363,521.977539,75.3164215],"isRenderEnabled":false,"rotationMatrix":[3.57627869e-07,1,0,-1,3.57627869e-07,0,0,0,1],"shapeName":"/levels/west_coast_usa/art/shapes/objects/guardrail1.dae","useInstanceRenderData":true}
{"class":"TSStatic","persistentId":"01f9727d-e306-4cdc-ac5b-5eb194a5ad66","__parent":"fs_3_props","position":[-176.894363,523.977539,75.3164215],"isRenderEnabled":false,"rotationMatrix":[3.57627869e-07,1,0,-1,3.57627869e-07,0,0,0,1],"shapeName":"/levels/west_coast_usa/art/shapes/objects/guardrail1.dae","useInstanceRenderData":true}
{"class":"TSStatic","persistentId":"7c15ce3a-a670-4314-8449-d675090ca393","__parent":"fs_3_props","position":[-176.894363,525.977539,75.3164215],"isRenderEnabled":false,"rotationMatrix":[3.57627869e-07,1,0,-1,3.57627869e-07,0,0,0,1],"shapeName":"/levels/west_coast_usa/art/shapes/objects/guardrail1.dae","useInstanceRenderData":true}
{"class":"TSStatic","persistentId":"de9fbcec-61c5-4650-bbb1-254f530deefe","__parent":"fs_3_props","position":[-176.864426,527.98114,75.3006821],"isRenderEnabled":false,"rotationMatrix":[0.0215217471,0.999584138,-0.0191851966,-0.999768198,0.021525681,0,0.000412971713,0.0191807505,0.999815941],"shapeName":"/levels/west_coast_usa/art/shapes/objects/guardrail1.dae","useInstanceRenderData":true}
{"class":"TSStatic","persistentId":"fa1744f0-eb87-4aaf-8980-9d313b6da933","__parent":"fs_3_props","position":[-176.869141,529.973206,75.3041229],"isRenderEnabled":false,"rotationMatrix":[-0.0194814205,0.999632478,0.0188479051,-0.9998101,-0.0194848776,1.86264515e-09,0.000367252156,-0.018844327,0.999822378],"shapeName":"/levels/west_coast_usa/art/shapes/objects/guardrail1.dae","useInstanceRenderData":true}
{"class":"TSStatic","persistentId":"472e045c-1e89-4102-a6cb-414a7f22e4b8","__parent":"fs_3_props","position":[-177.028305,530.979919,74.370575],"isRenderEnabled":false,"rotationMatrix":[-3.57627869e-07,1,0,-1,-3.57627869e-07,0,0,0,1],"shapeName":"/levels/west_coast_usa/art/shapes/objects/guardrailpost.dae","useInstanceRenderData":true}
{"class":"TSStatic","persistentId":"4ba634cc-2d46-4de9-bd50-6d4e37477295","__parent":"fs_3_props","position":[-177.030411,528.979919,74.3251801],"isRenderEnabled":false,"rotationMatrix":[-3.57627869e-07,1,1.67638063e-08,-0.998930216,-3.57627869e-07,0.0462438501,0.0462438464,0,0.998930156],"shapeName":"/levels/west_coast_usa/art/shapes/objects/guardrailpost.dae","useInstanceRenderData":true}
{"class":"TSStatic","persistentId":"24868d6f-f60d-4ed9-ae14-ec7529562986","__parent":"fs_3_props","position":[-177.028305,526.979919,74.370575],"isRenderEnabled":false,"rotationMatrix":[-3.57627869e-07,1,0,-1,-3.57627869e-07,0,0,0,1],"shapeName":"/levels/west_coast_usa/art/shapes/objects/guardrailpost.dae","useInstanceRenderData":true}
{"class":"TSStatic","persistentId":"ddb03515-8e8f-4f87-896d-7d45337dc43c","__parent":"fs_3_props","position":[-177.028305,524.979919,74.370575],"isRenderEnabled":false,"rotationMatrix":[-3.57627869e-07,1,0,-1,-3.57627869e-07,0,0,0,1],"shapeName":"/levels/west_coast_usa/art/shapes/objects/guardrailpost.dae","useInstanceRenderData":true}
{"class":"TSStatic","persistentId":"4ec40fd3-87f9-48af-8086-44ee6bbffd4d","__parent":"fs_3_props","position":[-177.028305,522.979919,74.370575],"isRenderEnabled":false,"rotationMatrix":[-3.57627869e-07,1,0,-1,-3.57627869e-07,0,0,0,1],"shapeName":"/levels/west_coast_usa/art/shapes/objects/guardrailpost.dae","useInstanceRenderData":true}
{"class":"TSStatic","persistentId":"51d6b017-987e-4865-9042-20c9ec7e9877","__parent":"fs_3_props","position":[-177.028305,520.979919,74.370575],"isRenderEnabled":false,"rotationMatrix":[-3.57627869e-07,1,0,-1,-3.57627869e-07,0,0,0,1],"shapeName":"/levels/west_coast_usa/art/shapes/objects/guardrailpost.dae","useInstanceRenderData":true}
{"class":"TSStatic","persistentId":"69015fa7-a3b6-44ed-b799-099fc57ef9c2","__parent":"fs_3_props","position":[-177.727951,510.530273,75.3164215],"isRenderEnabled":false,"rotationMatrix":[-0.999919176,0.0127301281,0,-0.0127301281,-0.999919176,0,0,0,1],"shapeName":"/levels/west_coast_usa/art/shapes/objects/guardrail1.dae","useInstanceRenderData":true}
{"class":"TSStatic","persistentId":"656d01d4-363a-4c9d-870d-d3edb031f3a8","__parent":"fs_3_props","position":[-179.727798,510.555725,75.3164215],"isRenderEnabled":false,"rotationMatrix":[-0.999919176,0.0127301281,0,-0.0127301281,-0.999919176,0,0,0,1],"shapeName":"/levels/west_coast_usa/art/shapes/objects/guardrail1.dae","useInstanceRenderData":true}
{"class":"TSStatic","persistentId":"c6e7391b-56c3-4e9b-9a79-2b7a19ab9526","__parent":"fs_3_props","position":[-181.72966,510.573364,75.3164215],"isRenderEnabled":false,"rotationMatrix":[-1,4.73975717e-07,0,-4.73975717e-07,-1,0,0,0,1],"shapeName":"/levels/west_coast_usa/art/shapes/objects/guardrail1.dae","useInstanceRenderData":true}
{"class":"TSStatic","persistentId":"2d302100-8a0d-403b-a878-df3c2264c0b8","__parent":"fs_3_props","position":[-183.72966,510.573364,75.3164215],"isRenderEnabled":false,"rotationMatrix":[-1,4.73975717e-07,0,-4.73975717e-07,-1,0,0,0,1],"shapeName":"/levels/west_coast_usa/art/shapes/objects/guardrail1.dae","useInstanceRenderData":true}
{"class":"TSStatic","persistentId":"29d96c20-3193-44d2-aeec-df6e9e4fdc6f","__parent":"fs_3_props","position":[-185.732758,510.554596,75.3164215],"isRenderEnabled":false,"rotationMatrix":[-0.999773741,-0.0212680809,0,0.0212680809,-0.999773741,0,0,0,1],"shapeName":"/levels/west_coast_usa/art/shapes/objects/guardrail1.dae","useInstanceRenderData":true}
{"class":"TSStatic","persistentId":"8d8a3e90-638a-4d3f-9d2d-09677de82067","__parent":"fs_3_props","position":[-185.726624,510.278839,75.3164215],"isRenderEnabled":false,"rotationMatrix":[0.9997738,0.0212679096,0,-0.0212679096,0.9997738,0,0,0,1],"shapeName":"/levels/west_coast_usa/art/shapes/objects/guardrail1.dae","useInstanceRenderData":true}
{"class":"TSStatic","persistentId":"98f9305a-dde7-4a62-acc3-44790df6cdbb","__parent":"fs_3_props","position":[-183.729416,510.297546,75.3164215],"isRenderEnabled":false,"rotationMatrix":[1,-6.42563123e-07,0,6.42563123e-07,1,0,0,0,1],"shapeName":"/levels/west_coast_usa/art/shapes/objects/guardrail1.dae","useInstanceRenderData":true}
{"class":"TSStatic","persistentId":"8eb0d07b-22f1-4e1c-8921-bd17af4d5d7a","__parent":"fs_3_props","position":[-181.729416,510.297485,75.3164215],"isRenderEnabled":false,"rotationMatrix":[1,-6.42563123e-07,0,6.42563123e-07,1,0,0,0,1],"shapeName":"/levels/west_coast_usa/art/shapes/objects/guardrail1.dae","useInstanceRenderData":true}
{"class":"TSStatic","persistentId":"d40347da-18dc-47f9-88e8-46bacdd38427","__parent":"fs_3_props","position":[-179.731064,510.279907,75.3164215],"isRenderEnabled":false,"rotationMatrix":[0.999918938,-0.0127302967,0,0.0127302967,0.999918938,0,0,0,1],"shapeName":"/levels/west_coast_usa/art/shapes/objects/guardrail1.dae","useInstanceRenderData":true}
{"class":"TSStatic","persistentId":"1eeb8e02-9203-4b5d-a25c-901700d185b3","__parent":"fs_3_props","position":[-177.731216,510.254456,75.3164215],"isRenderEnabled":false,"rotationMatrix":[0.999918938,-0.0127302967,0,0.0127302967,0.999918938,0,0,0,1],"shapeName":"/levels/west_coast_usa/art/shapes/objects/guardrail1.dae","useInstanceRenderData":true}
{"class":"TSStatic","persistentId":"69be7326-7fa9-45cc-acf7-9f906ec7a3d0","__parent":"fs_3_props","position":[-176.72728,510.375671,74.370575],"isRenderEnabled":false,"rotationMatrix":[0.999918997,-0.0127296224,0,0.0127296224,0.999918997,0,0,0,1],"shapeName":"/levels/west_coast_usa/art/shapes/objects/guardrailpost.dae","useInstanceRenderData":true}
{"class":"TSStatic","persistentId":"822e21a8-3959-42db-80a3-6bed621bd809","__parent":"fs_3_props","position":[-178.727112,510.401123,74.370575],"isRenderEnabled":false,"rotationMatrix":[0.999918997,-0.0127296224,0,0.0127296224,0.999918997,0,0,0,1],"shapeName":"/levels/west_coast_usa/art/shapes/objects/guardrailpost.dae","useInstanceRenderData":true}
{"class":"TSStatic","persistentId":"5495bd89-0800-44d3-8995-b5cee56a0ff8","__parent":"fs_3_props","position":[-180.727036,510.431458,74.370575],"isRenderEnabled":false,"rotationMatrix":[1,3.17865059e-08,0,-3.17865059e-08,1,0,0,0,1],"shapeName":"/levels/west_coast_usa/art/shapes/objects/guardrailpost.dae","useInstanceRenderData":true}
{"class":"TSStatic","persistentId":"97767910-586d-42c0-a551-4e867fcddee0","__parent":"fs_3_props","position":[-182.727036,510.431519,74.370575],"isRenderEnabled":false,"rotationMatrix":[1,3.17865059e-08,0,-3.17865059e-08,1,0,0,0,1],"shapeName":"/levels/west_coast_usa/art/shapes/objects/guardrailpost.dae","useInstanceRenderData":true}
{"class":"TSStatic","persistentId":"37c9a9d1-5191-4b44-a79e-6319545e5eb1","__parent":"fs_3_props","position":[-184.727036,510.431519,74.370575],"isRenderEnabled":false,"rotationMatrix":[1,3.17865059e-08,0,-3.17865059e-08,1,0,0,0,1],"shapeName":"/levels/west_coast_usa/art/shapes/objects/guardrailpost.dae","useInstanceRenderData":true}
{"class":"TSStatic","persistentId":"08b54324-80a8-4be9-ad06-1e0ba697b6fd","__parent":"fs_3_props","position":[-186.727036,510.397552,74.370575],"isRenderEnabled":false,"rotationMatrix":[1,3.17865059e-08,0,-3.17865059e-08,1,0,0,0,1],"shapeName":"/levels/west_coast_usa/art/shapes/objects/guardrailpost.dae","useInstanceRenderData":true}
{"class":"TSStatic","persistentId":"585719c5-1659-4acf-ac21-d032bf65f3a5","__parent":"fs_3_props","position":[-187.728668,510.541046,75.3164215],"isRenderEnabled":false,"rotationMatrix":[-0.999974489,0.00719275605,0,-0.00719275605,-0.999974489,0,0,0,1],"shapeName":"/levels/west_coast_usa/art/shapes/objects/guardrail1.dae","useInstanceRenderData":true}
{"class":"TSStatic","persistentId":"995418b0-9782-4365-8665-3f1d01a5c2fe","__parent":"fs_3_props","position":[-189.728607,510.55545,75.3164215],"isRenderEnabled":false,"rotationMatrix":[-0.999974489,0.00719275605,0,-0.00719275605,-0.999974489,0,0,0,1],"shapeName":"/levels/west_coast_usa/art/shapes/objects/guardrail1.dae","useInstanceRenderData":true}
{"class":"TSStatic","persistentId":"cccdd75d-f129-47d1-ba63-01a8a38e1a4d","__parent":"fs_3_props","position":[-191.73877,510.540161,75.2965088],"isRenderEnabled":false,"rotationMatrix":[-0.999490261,-0.0284726992,-0.0144797815,0.0284756832,-0.999595046,2.43016984e-09,-0.0144739104,-0.000412319147,0.999895155],"shapeName":"/levels/west_coast_usa/art/shapes/objects/guardrail1.dae","useInstanceRenderData":true}
{"class":"TSStatic","persistentId":"4455097d-cf13-484e-a280-57cf976a3682","__parent":"fs_3_props","position":[-193.719147,510.553497,75.3010635],"isRenderEnabled":false,"rotationMatrix":[-0.999311447,0.0333193243,0.0163051449,-0.0333237574,-0.999444366,-2.91038305e-11,0.0162960887,-0.000543348724,0.999867082],"shapeName":"/levels/west_coast_usa/art/shapes/objects/guardrail1.dae","useInstanceRenderData":true}
{"class":"TSStatic","persistentId":"4db39aef-05a4-4a0f-8a3b-e60c0f0244d0","__parent":"fs_3_props","position":[-195.731323,510.570923,75.3219833],"isRenderEnabled":false,"rotationMatrix":[-0.999907136,-0.0136592416,2.03726813e-08,0.0136466241,-0.998983502,-0.0429704376,0.000586963841,-0.0429664291,0.999076366],"shapeName":"/levels/west_coast_usa/art/shapes/objects/guardrail1.dae","useInstanceRenderData":true}
{"class":"TSStatic","persistentId":"6781ad1e-461d-4584-b8fd-a93391fa13fc","__parent":"fs_3_props","position":[-195.72731,510.29541,75.3101349],"isRenderEnabled":false,"rotationMatrix":[0.999906719,0.013659073,-2.76195351e-08,-0.0136464555,0.998983145,0.042970445,0.000586963957,-0.0429664366,0.999076366],"shapeName":"/levels/west_coast_usa/art/shapes/objects/guardrail1.dae","useInstanceRenderData":true}
{"class":"TSStatic","persistentId":"56d3208d-5c0f-40b0-9f64-eae53695a67a","__parent":"fs_3_props","position":[-193.728088,510.277802,75.3010559],"isRenderEnabled":false,"rotationMatrix":[0.999311745,-0.0333195105,-0.0163051486,0.0333239436,0.999444604,-2.88127922e-09,0.0162960924,-0.00054334884,0.999867082],"shapeName":"/levels/west_coast_usa/art/shapes/objects/guardrail1.dae","useInstanceRenderData":true}
{"class":"TSStatic","persistentId":"4a272485-2fb2-4113-8810-75cb9bd8a998","__parent":"fs_3_props","position":[-191.730682,510.264404,75.2965088],"isRenderEnabled":false,"rotationMatrix":[0.999489725,0.0284725316,0.0144797796,-0.0284755155,0.99959451,-2.91038305e-11,-0.0144739086,-0.000412319088,0.999895155],"shapeName":"/levels/west_coast_usa/art/shapes/objects/guardrail1.dae","useInstanceRenderData":true}
{"class":"TSStatic","persistentId":"dce0e6a4-8174-4958-8154-891f0f43af44","__parent":"fs_3_props","position":[-189.730347,510.279633,75.3164215],"isRenderEnabled":false,"rotationMatrix":[0.999974132,-0.00719292462,0,0.00719292462,0.999974132,0,0,0,1],"shapeName":"/levels/west_coast_usa/art/shapes/objects/guardrail1.dae","useInstanceRenderData":true}
{"class":"TSStatic","persistentId":"bcd97c4b-349e-4808-8dc4-4c1d8c3471a7","__parent":"fs_3_props","position":[-187.730408,510.265228,75.3164215],"isRenderEnabled":false,"rotationMatrix":[0.999974132,-0.00719292462,0,0.00719292462,0.999974132,0,0,0,1],"shapeName":"/levels/west_coast_usa/art/shapes/objects/guardrail1.dae","useInstanceRenderData":true}
{"class":"TSStatic","persistentId":"956a0813-730b-4f5b-8783-37bc065f8117","__parent":"fs_3_props","position":[-188.727097,510.406372,74.370575],"isRenderEnabled":false,"rotationMatrix":[0.999974132,-0.00719225034,0,0.00719225034,0.999974132,0,0,0,1],"shapeName":"/levels/west_coast_usa/art/shapes/objects/guardrailpost.dae","useInstanceRenderData":true}
{"class":"TSStatic","persistentId":"53c41608-1fd4-4e7b-b899-67147e846b29","__parent":"fs_3_props","position":[-190.727005,510.420776,74.370575],"isRenderEnabled":false,"rotationMatrix":[0.999974132,-0.00719225034,0,0.00719225034,0.999974132,0,0,0,1],"shapeName":"/levels/west_coast_usa/art/shapes/objects/guardrailpost.dae","useInstanceRenderData":true}
{"class":"TSStatic","persistentId":"e9a106ad-6075-442e-bbc1-d6524fb91e5c","__parent":"fs_3_props","position":[-192.727036,510.436371,74.3478928],"isRenderEnabled":false,"rotationMatrix":[1,3.17767253e-08,7.88764554e-10,-3.1774416e-08,0.998627067,0.0523825362,8.76863637e-10,-0.0523825362,0.998627067],"shapeName":"/levels/west_coast_usa/art/shapes/objects/guardrailpost.dae","useInstanceRenderData":true}
{"class":"TSStatic","persistentId":"26f831ad-7a1d-4aaf-8b43-d3ce9793c1f0","__parent":"fs_3_props","position":[-194.727036,510.431519,74.370575],"isRenderEnabled":false,"rotationMatrix":[1,3.17865059e-08,0,-3.17865059e-08,1,0,0,0,1],"shapeName":"/levels/west_coast_usa/art/shapes/objects/guardrailpost.dae","useInstanceRenderData":true}
{"class":"TSStatic","persistentId":"a74e3ff0-3dbb-451e-b064-eb93746d619b","__parent":"fs_3_props","position":[-196.727036,510.455292,74.3709183],"isRenderEnabled":false,"rotationMatrix":[1,3.17571498e-08,1.36588019e-09,-3.17865094e-08,0.999076366,0.042970445,0,-0.042970445,0.999076366],"shapeName":"/levels/west_coast_usa/art/shapes/objects/guardrailpost.dae","useInstanceRenderData":true}
{"class":"TSStatic","persistentId":"445ddbdb-2893-4679-8dd5-3f6139cba641","__parent":"fs_3_props","position":[-198.727036,510.455292,74.3709183],"isRenderEnabled":false,"rotationMatrix":[1,3.17571498e-08,1.36588019e-09,-3.17865094e-08,0.999076366,0.042970445,0,-0.042970445,0.999076366],"shapeName":"/levels/west_coast_usa/art/shapes/objects/guardrailpost.dae","useInstanceRenderData":true}
{"class":"TSStatic","persistentId":"d5349237-1f30-4e56-9a45-e047fcf63177","__parent":"fs_3_props","position":[-200.727036,510.431519,74.370575],"isRenderEnabled":false,"rotationMatrix":[1,3.17865059e-08,0,-3.17865059e-08,1,0,0,0,1],"shapeName":"/levels/west_coast_usa/art/shapes/objects/guardrailpost.dae","useInstanceRenderData":true}
{"class":"TSStatic","persistentId":"cc44e6ae-3eec-4358-9ed6-dee44785538a","__parent":"fs_3_props","position":[-197.730591,510.288605,75.3101349],"isRenderEnabled":false,"rotationMatrix":[0.99997139,-0.00756535726,-2.76777428e-08,0.00755837047,0.999047756,0.0429704674,-0.000325059169,-0.042969238,0.999076366],"shapeName":"/levels/west_coast_usa/art/shapes/objects/guardrail1.dae","useInstanceRenderData":true}
{"class":"TSStatic","persistentId":"64b800ab-16a1-45cc-93cc-0f65f4a4d241","__parent":"fs_3_props","position":[-197.728745,510.564148,75.3219833],"isRenderEnabled":false,"rotationMatrix":[-0.999971509,0.0075651831,2.03581294e-08,-0.00755819632,-0.999047875,-0.0429704338,-0.000325058878,-0.0429692045,0.999076366],"shapeName":"/levels/west_coast_usa/art/shapes/objects/guardrail1.dae","useInstanceRenderData":true}
{"class":"TSStatic","persistentId":"d7235945-a37f-4609-9a59-a3272561773f","__parent":"fs_3_props","position":[-199.729416,510.297546,75.3164215],"isRenderEnabled":false,"rotationMatrix":[1,-6.42563123e-07,0,6.42563123e-07,1,0,0,0,1],"shapeName":"/levels/west_coast_usa/art/shapes/objects/guardrail1.dae","useInstanceRenderData":true}
{"class":"TSStatic","persistentId":"1fb97770-1728-4ac2-9652-c5fe82a24468","__parent":"fs_3_props","position":[-199.72966,510.573364,75.3164215],"isRenderEnabled":false,"rotationMatrix":[-1,4.73975717e-07,0,-4.73975717e-07,-1,0,0,0,1],"shapeName":"/levels/west_coast_usa/art/shapes/objects/guardrail1.dae","useInstanceRenderData":true}
{"class":"DecalRoad","persistentId":"d9438af5-c253-4bc0-a88f-e061d1ae42f3","__parent":"fs_3_props","position":[-204.837494,534.325134,74.6779251],"detail":0.200000003,"drivability":0.5,"gatedRoad":true,"improvedSpline":true,"material":"road_invisible","nodes":[[-204.837494,534.325134,74.6779251,3],[-196.810471,534.327209,74.6720657,3],[-189.255051,534.370911,74.6664505,3],[-181.763245,534.402832,74.6659393,3],[-175.591415,534.430359,74.6793518,3],[-167.590363,534.294006,74.8290558,3]],"useSubdivisions":false,"useTemplate":"true"}
{"class":"DecalRoad","persistentId":"718a3c33-d745-4f73-b545-5f3c02d67d9c","__parent":"fs_3_props","position":[-167.559006,516.367126,74.8361282],"detail":0.200000003,"drivability":0.5,"gatedRoad":true,"improvedSpline":true,"material":"road_invisible","nodes":[[-167.559006,516.367126,74.8361282,10],[-177.63266,516.66394,74.6848145,3],[-181.572617,516.727539,74.6848145,3],[-188.928253,516.870483,74.6789474,3],[-196.518234,516.89917,74.6812897,3],[-204.982086,517.048462,74.6758194,3]],"useSubdivisions":false,"useTemplate":"true"}
{"class":"DecalRoad","persistentId":"720719d7-9898-403c-b6fc-f8965d891115","__parent":"fs_3_props","position":[-206.951691,497.22699,74.8299408],"detail":0.200000003,"drivability":0.5,"gatedRoad":true,"improvedSpline":true,"material":"road_invisible","nodes":[[-206.951691,497.22699,74.8299408,15],[-206.229889,510.187927,74.6572266,3],[-204.886719,517.002747,74.6701889,3],[-204.745544,534.844604,74.6793594,3]],"overObjects":true,"useSubdivisions":false,"useTemplate":"true"}
