{"class":"TSStatic","persistentId":"bd3a8887-fd21-4a3c-a592-245017e06a4d","__parent":"CBF_truckWashBays","position":[-661.553528,-6.95816708,104.5],"isRenderEnabled":false,"rotationMatrix":[-0.612372637,0.612372339,-0.500000119,-0.70710665,-0.707107067,-1.49011612e-08,-0.353553563,0.353553355,0.866025329],"shapeName":"/art/shapes/objects/s_spotlight_01.dae","useInstanceRenderData":true}
{"class":"TSStatic","persistentId":"3ee240a6-8aa7-4d37-9de4-5e41ab45a0f7","__parent":"CBF_truckWashBays","position":[-665.866882,-11.2715197,104.5],"isRenderEnabled":false,"rotationMatrix":[-0.612372637,0.612372339,-0.500000119,-0.70710665,-0.707107067,-1.49011612e-08,-0.353553563,0.353553355,0.866025329],"shapeName":"/art/shapes/objects/s_spotlight_01.dae","useInstanceRenderData":true}
{"class":"TSStatic","persistentId":"e02e20bb-8fb5-4285-a95d-ec150a1cb800","__parent":"CBF_truckWashBays","position":[-655.15741,-13.3573599,104.5],"isRenderEnabled":false,"rotationMatrix":[-0.612372637,0.612372339,-0.500000119,-0.70710665,-0.707107067,-1.49011612e-08,-0.353553563,0.353553355,0.866025329],"shapeName":"/art/shapes/objects/s_spotlight_01.dae","useInstanceRenderData":true}
{"class":"TSStatic","persistentId":"fead4e0f-ec61-41fb-b0b4-2cfa8487ebfa","__parent":"CBF_truckWashBays","position":[-659.470764,-17.6707115,104.5],"isRenderEnabled":false,"rotationMatrix":[-0.612372637,0.612372339,-0.500000119,-0.70710665,-0.707107067,-1.49011612e-08,-0.353553563,0.353553355,0.866025329],"shapeName":"/art/shapes/objects/s_spotlight_01.dae","useInstanceRenderData":true}
{"class":"TSStatic","persistentId":"439f2b29-bbd9-48d0-8d15-640aa16d96f6","__parent":"CBF_truckWashBays","position":[-671.712158,-5.31213188,104.5],"isRenderEnabled":false,"rotationMatrix":[0.612372756,-0.612372041,-0.50000006,0.707106352,0.707107186,-2.98023224e-08,0.353553623,-0.353553236,0.866025388],"shapeName":"/art/shapes/objects/s_spotlight_01.dae","useInstanceRenderData":true}
{"class":"TSStatic","persistentId":"c3ac0b84-3328-4bae-8e06-a248882543a1","__parent":"CBF_truckWashBays","position":[-667.540222,-1.14019918,104.5],"isRenderEnabled":false,"rotationMatrix":[0.612372756,-0.612372041,-0.50000006,0.707106352,0.707107186,-2.98023224e-08,0.353553623,-0.353553236,0.866025388],"shapeName":"/art/shapes/objects/s_spotlight_01.dae","useInstanceRenderData":true}
{"class":"TSStatic","persistentId":"10c4efc2-491c-43da-8c9e-d542d66d7449","__parent":"CBF_truckWashBays","position":[-661.200012,-7.4000001,104.5],"isRenderEnabled":false,"rotationMatrix":[0.612372339,-0.612372518,-0.50000006,0.707106829,0.707106709,-4.47034836e-08,0.353553385,-0.353553474,0.866025329],"shapeName":"/art/shapes/objects/s_spotlight_01.dae","useInstanceRenderData":true}
{"class":"TSStatic","persistentId":"9911a5a3-463b-43a3-9ebc-6a8462903ce8","__parent":"CBF_truckWashBays","position":[-665.442627,-11.6426411,104.5],"isRenderEnabled":false,"rotationMatrix":[0.612372339,-0.612372518,-0.50000006,0.707106829,0.707106709,-4.47034836e-08,0.353553385,-0.353553474,0.866025329],"shapeName":"/art/shapes/objects/s_spotlight_01.dae","useInstanceRenderData":true}
{"class":"TSStatic","persistentId":"331a3345-aa71-4f1a-9e95-f0c3d0cd53c5","__parent":"CBF_truckWashBays","position":[-660.148804,-5.74023294,106.512177],"isRenderEnabled":false,"rotationMatrix":[0.707106829,0.707106769,0,-0.707106769,0.707106829,0,0,0,1],"scale":[1,0.880800366,1],"shapeName":"/art/shapes/objects/modular_depot/s_depot_structure_metal_bar.dae","useInstanceRenderData":true}
{"class":"TSStatic","persistentId":"511a26ac-ad6b-439e-9b9f-72fea60f58fd","__parent":"CBF_truckWashBays","position":[-673.948486,-6.65147209,106.412178],"isRenderEnabled":false,"rotationMatrix":[0.707106709,-0.707106829,0,0.707106829,0.707106709,0,0,0,1],"scale":[0.863528371,1,1],"shapeName":"/art/shapes/objects/modular_depot/s_depot_roof_long.dae","useInstanceRenderData":true}
{"class":"TSStatic","persistentId":"b426e29b-87a8-4658-a770-6b282b70bc7a","__parent":"CBF_truckWashBays","position":[-662.337646,-8.3702774,102.079681],"isRenderEnabled":false,"rotationMatrix":[-0.707106233,0.707107246,0,-0.707107246,-0.707106233,0,0,0,1],"shapeName":"/levels/west_coast_usa/art/shapes/objects/s_precast_wall_3x3.dae","useInstanceRenderData":true}
{"class":"TSStatic","persistentId":"dd791d78-5ba3-4af0-b080-249cbc8b6848","__parent":"CBF_truckWashBays","position":[-664.458984,-10.4915962,102.079681],"isRenderEnabled":false,"rotationMatrix":[-0.707106233,0.707107246,0,-0.707107246,-0.707106233,0,0,0,1],"shapeName":"/levels/west_coast_usa/art/shapes/objects/s_precast_wall_3x3.dae","useInstanceRenderData":true}
{"class":"TSStatic","persistentId":"48b4d01c-38fb-4b26-8798-1d8cdc060c66","__parent":"CBF_truckWashBays","position":[-666.580322,-12.612915,102.079681],"isRenderEnabled":false,"rotationMatrix":[-0.707106233,0.707107246,0,-0.707107246,-0.707106233,0,0,0,1],"shapeName":"/levels/west_coast_usa/art/shapes/objects/s_precast_wall_3x3.dae","useInstanceRenderData":true}
{"class":"TSStatic","persistentId":"e21fecb1-c743-493d-b6f9-1b607ea41523","__parent":"CBF_truckWashBays","position":[-668.63092,-2.07703733,102.079681],"isRenderEnabled":false,"rotationMatrix":[-0.707106233,0.707107246,0,-0.707107246,-0.707106233,0,0,0,1],"shapeName":"/levels/west_coast_usa/art/shapes/objects/s_precast_wall_3x3.dae","useInstanceRenderData":true}
{"class":"TSStatic","persistentId":"5aab68de-3bf6-4298-a3be-04154d3bfafd","__parent":"CBF_truckWashBays","position":[-670.752258,-4.19835615,102.079681],"isRenderEnabled":false,"rotationMatrix":[-0.707106233,0.707107246,0,-0.707107246,-0.707106233,0,0,0,1],"shapeName":"/levels/west_coast_usa/art/shapes/objects/s_precast_wall_3x3.dae","useInstanceRenderData":true}
{"class":"TSStatic","persistentId":"da8cc179-5ecb-4cc6-a9d9-030398779847","__parent":"CBF_truckWashBays","position":[-672.873596,-6.31966925,102.079681],"isRenderEnabled":false,"rotationMatrix":[-0.707106233,0.707107246,0,-0.707107246,-0.707106233,0,0,0,1],"shapeName":"/levels/west_coast_usa/art/shapes/objects/s_precast_wall_3x3.dae","useInstanceRenderData":true}
{"class":"TSStatic","persistentId":"21a51d9c-91cb-479c-822f-d22031b5e471","__parent":"CBF_truckWashBays","position":[-660.238464,-6.1082921,100.625298],"isRenderEnabled":false,"rotationMatrix":[0.707106829,0.707106709,0,-0.707106709,0.707106829,0,0,0,1],"scale":[1.5,1.5,1.5],"shapeName":"/levels/west_coast_usa/art/shapes/objects/s_chainlink_old.dae","useInstanceRenderData":true}
{"class":"TSStatic","persistentId":"ec08c6f2-dd34-49d7-87cf-04bebd1b65bb","__parent":"CBF_truckWashBays","position":[-662.899719,-8.47871399,103.583],"decalType":"Visible Mesh Final","isRenderEnabled":false,"rotationMatrix":[-0.711780965,0.702401459,0,-0.702401459,-0.711780965,0,0,0,0.999999881],"shapeName":"/levels/west_coast_usa/art/shapes/buildings/s_stairs_03.dae","useInstanceRenderData":true}
{"class":"TSStatic","persistentId":"72743ae5-384a-4cde-bb7d-892c78e424f5","__parent":"CBF_truckWashBays","position":[-666.063171,-11.6639595,101.327423],"annotation":"GUARD_RAIL","decalType":"None","isRenderEnabled":false,"rotationMatrix":[-0.697412252,-0.716670394,0,0.716670394,-0.697412252,0,0,0,1],"shapeName":"/levels/west_coast_usa/art/shapes/buildings/s_port_ppa_fence_post.dae","useInstanceRenderData":true}
{"class":"TSStatic","persistentId":"34d6d06c-b716-4abd-80c9-a5fbb8a8de1c","__parent":"CBF_truckWashBays","position":[-665.579956,-10.4831028,101.282433],"decalType":"Visible Mesh Final","isRenderEnabled":false,"rotationMatrix":[-0.711781859,0.702400446,0,-0.702400446,-0.711781859,0,0,0,1],"shapeName":"/levels/west_coast_usa/art/shapes/buildings/s_stairs_01.dae","useInstanceRenderData":true}
{"class":"TSStatic","persistentId":"70f85242-24df-48de-942b-2235b55016a0","__parent":"CBF_truckWashBays","position":[-665.962646,-10.1459637,100.543831],"decalType":"Visible Mesh Final","isRenderEnabled":false,"rotationMatrix":[0.702949762,0.711239457,0,-0.711239457,0.702949762,0,0,0,1],"shapeName":"/levels/west_coast_usa/art/shapes/buildings/s_washing_platform.dae","useInstanceRenderData":true}
{"class":"TSStatic","persistentId":"606807ba-e22f-49b6-a186-b00f4fceeae7","__parent":"CBF_truckWashBays","position":[-664.111023,-6.93618011,101.326874],"isRenderEnabled":false,"rotationMatrix":[0.702947855,0.711241186,0,-0.711241186,0.702947855,0,0,0,0.999999881],"shapeName":"/levels/west_coast_usa/art/shapes/buildings/s_port_ppa_fence_bars_1m.dae","useInstanceRenderData":true}
{"class":"TSStatic","persistentId":"93c78936-54af-49e6-aaa5-e8bcfe4b0eb7","__parent":"CBF_truckWashBays","position":[-663.386475,-6.20195866,101.327423],"annotation":"GUARD_RAIL","decalType":"None","isRenderEnabled":false,"rotationMatrix":[-0.697412252,-0.716670394,0,0.716670394,-0.697412252,0,0,0,1],"shapeName":"/levels/west_coast_usa/art/shapes/buildings/s_port_ppa_fence_post.dae","useInstanceRenderData":true}
{"class":"TSStatic","persistentId":"81cbdb4f-ceb5-4e54-9ad4-492b782303ce","__parent":"CBF_truckWashBays","position":[-667.43811,-10.2965355,101.327423],"annotation":"GUARD_RAIL","decalType":"None","isRenderEnabled":false,"rotationMatrix":[0.702947855,0.711241186,0,-0.711241186,0.702947855,0,0,0,0.999999881],"shapeName":"/levels/west_coast_usa/art/shapes/buildings/s_port_ppa_fence_bars_2m.dae","useInstanceRenderData":true}
{"class":"TSStatic","persistentId":"426434ca-bfc6-49e0-8726-798c387466c5","__parent":"CBF_truckWashBays","position":[-664.138245,-6.96509314,101.327423],"annotation":"GUARD_RAIL","decalType":"None","isRenderEnabled":false,"rotationMatrix":[-0.697412252,-0.716670394,0,0.716670394,-0.697412252,0,0,0,1],"shapeName":"/levels/west_coast_usa/art/shapes/buildings/s_port_ppa_fence_post.dae","useInstanceRenderData":true}
{"class":"TSStatic","persistentId":"28a16f53-605f-47d4-9b61-233fe79c46b0","__parent":"CBF_truckWashBays","position":[-664.637207,-7.4736867,101.327423],"annotation":"GUARD_RAIL","decalType":"None","isRenderEnabled":false,"rotationMatrix":[-0.697412252,-0.716670394,0,0.716670394,-0.697412252,0,0,0,1],"shapeName":"/levels/west_coast_usa/art/shapes/buildings/s_port_ppa_fence_post.dae","useInstanceRenderData":true}
{"class":"TSStatic","persistentId":"179decb3-5bdc-4c15-ba0e-e4a1ccb67f09","__parent":"CBF_truckWashBays","position":[-666.019836,-8.87107277,101.327423],"annotation":"GUARD_RAIL","decalType":"None","isRenderEnabled":false,"rotationMatrix":[0.702947855,0.711241186,0,-0.711241186,0.702947855,0,0,0,0.999999881],"shapeName":"/levels/west_coast_usa/art/shapes/buildings/s_port_ppa_fence_bars_2m.dae","useInstanceRenderData":true}
{"class":"TSStatic","persistentId":"dbc93052-8457-4780-8e7b-6f7e4e29c8c7","__parent":"CBF_truckWashBays","position":[-667.433105,-10.2903767,101.327423],"annotation":"GUARD_RAIL","decalType":"None","isRenderEnabled":false,"rotationMatrix":[-0.697412252,-0.716670394,0,0.716670394,-0.697412252,0,0,0,1],"shapeName":"/levels/west_coast_usa/art/shapes/buildings/s_port_ppa_fence_post.dae","useInstanceRenderData":true}
{"class":"TSStatic","persistentId":"d49601c8-5c14-470e-8e8f-0d112cd10afa","__parent":"CBF_truckWashBays","position":[-666.031616,-8.87979317,101.327423],"annotation":"GUARD_RAIL","decalType":"None","isRenderEnabled":false,"rotationMatrix":[-0.697412252,-0.716670394,0,0.716670394,-0.697412252,0,0,0,1],"shapeName":"/levels/west_coast_usa/art/shapes/buildings/s_port_ppa_fence_post.dae","useInstanceRenderData":true}
{"class":"TSStatic","persistentId":"7fa25eb0-844a-415d-a1d8-c23f9daab7a4","__parent":"CBF_truckWashBays","position":[-662.74292,-6.8373456,101.327423],"annotation":"GUARD_RAIL","decalType":"None","isRenderEnabled":false,"rotationMatrix":[-0.697412252,-0.716670394,0,0.716670394,-0.697412252,0,0,0,1],"shapeName":"/levels/west_coast_usa/art/shapes/buildings/s_port_ppa_fence_post.dae","useInstanceRenderData":true}
{"class":"TSStatic","persistentId":"49ea287b-d584-4894-b3bb-1fc6849bc34c","__parent":"CBF_truckWashBays","position":[-664.161438,-8.27380562,101.327423],"annotation":"GUARD_RAIL","decalType":"None","isRenderEnabled":false,"rotationMatrix":[0.702947855,0.711241186,0,-0.711241186,0.702947855,0,0,0,0.999999881],"shapeName":"/levels/west_coast_usa/art/shapes/buildings/s_port_ppa_fence_bars_2m.dae","useInstanceRenderData":true}
{"class":"TSStatic","persistentId":"e71e5ac6-b306-4a28-80c4-9eabd7686980","__parent":"CBF_truckWashBays","position":[-664.147766,-8.25563622,101.327423],"annotation":"GUARD_RAIL","decalType":"None","isRenderEnabled":false,"rotationMatrix":[-0.697412252,-0.716670394,0,0.716670394,-0.697412252,0,0,0,1],"shapeName":"/levels/west_coast_usa/art/shapes/buildings/s_port_ppa_fence_post.dae","useInstanceRenderData":true}
{"class":"TSStatic","persistentId":"241e2edb-f4ef-4029-98d3-a336247d5e6d","__parent":"CBF_truckWashBays","position":[-665.462341,-9.59146309,101.327423],"annotation":"GUARD_RAIL","decalType":"None","isRenderEnabled":false,"rotationMatrix":[0.702947855,0.711241186,0,-0.711241186,0.702947855,0,0,0,0.999999881],"shapeName":"/levels/west_coast_usa/art/shapes/buildings/s_port_ppa_fence_bars_2m.dae","useInstanceRenderData":true}
{"class":"TSStatic","persistentId":"94347dc3-a6e9-4646-a695-0e2951b14c71","__parent":"CBF_truckWashBays","position":[-665.448669,-9.57329369,101.327423],"annotation":"GUARD_RAIL","decalType":"None","isRenderEnabled":false,"rotationMatrix":[-0.697412252,-0.716670394,0,0.716670394,-0.697412252,0,0,0,1],"shapeName":"/levels/west_coast_usa/art/shapes/buildings/s_port_ppa_fence_post.dae","useInstanceRenderData":true}
{"class":"TSStatic","persistentId":"bf02d592-38b4-45e1-a065-4ca511e2fe2b","__parent":"CBF_truckWashBays","position":[-667.459961,-10.2675362,101.327423],"annotation":"GUARD_RAIL","decalType":"None","isRenderEnabled":false,"rotationMatrix":[0.702947855,-0.711241186,0,0.711241186,0.702947855,0,0,0,0.999999881],"shapeName":"/levels/west_coast_usa/art/shapes/buildings/s_port_ppa_fence_bars_2m.dae","useInstanceRenderData":true}
{"class":"TSStatic","persistentId":"2e0a9bf8-dd1e-4def-8bd1-53398e743c1c","__parent":"CBF_truckWashBays","position":[-659.922729,-5.9644084,100.412178],"isRenderEnabled":false,"rotationMatrix":[0.707106829,0.707106769,0,-0.707106769,0.707106829,0,0,0,1],"shapeName":"/art/shapes/objects/modular_depot/s_depot_metal_column.dae","useInstanceRenderData":true}
{"class":"TSStatic","persistentId":"05ea2046-9eb4-424c-aae5-24aad2798bf4","__parent":"CBF_truckWashBays","position":[-666.575195,-12.6167984,100.053795],"isRenderEnabled":false,"rotationMatrix":[0.707106829,0.707106769,0,-0.707106769,0.707106829,0,0,0,1],"shapeName":"/art/shapes/objects/modular_depot/s_depot_metal_column.dae","useInstanceRenderData":true}
{"class":"TSStatic","persistentId":"eb45ec40-4c79-42cd-a7e3-7d7670392d2c","__parent":"CBF_truckWashBays","position":[-662.430481,-8.30031204,100.625298],"isRenderEnabled":false,"rotationMatrix":[0.707106829,0.707106709,0,-0.707106709,0.707106829,0,0,0,1],"scale":[1.5,1.5,1.5],"shapeName":"/levels/west_coast_usa/art/shapes/objects/s_chainlink_old.dae","useInstanceRenderData":true}
{"class":"TSStatic","persistentId":"c71c168c-4c8a-4d3f-afbd-ab101bfdc113","__parent":"CBF_truckWashBays","position":[-664.622498,-10.492342,100.625298],"isRenderEnabled":false,"rotationMatrix":[0.707106829,0.707106709,0,-0.707106709,0.707106829,0,0,0,1],"scale":[1.5,1.5,1.5],"shapeName":"/levels/west_coast_usa/art/shapes/objects/s_chainlink_old.dae","useInstanceRenderData":true}
{"class":"TSStatic","persistentId":"50f761a1-79c2-462f-98af-ac8bfb600ec5","__parent":"CBF_truckWashBays","position":[-666.216003,0.32884264,100.412178],"isRenderEnabled":false,"rotationMatrix":[0.707106829,0.707106769,0,-0.707106769,0.707106829,0,0,0,1],"shapeName":"/art/shapes/objects/modular_depot/s_depot_metal_column.dae","useInstanceRenderData":true}
{"class":"TSStatic","persistentId":"1c47cd89-4617-4a27-b089-2abd754b5633","__parent":"CBF_truckWashBays","position":[-672.874573,-6.329638,100.053795],"isRenderEnabled":false,"rotationMatrix":[0.707106829,0.707106769,0,-0.707106769,0.707106829,0,0,0,1],"shapeName":"/art/shapes/objects/modular_depot/s_depot_metal_column.dae","useInstanceRenderData":true}
{"class":"TSStatic","persistentId":"7924f2f8-0d5d-43e0-8df1-7c06452b5271","__parent":"CBF_truckWashBays","position":[-666.531738,0.184958935,100.625298],"isRenderEnabled":false,"rotationMatrix":[0.707106829,0.707106709,0,-0.707106709,0.707106829,0,0,0,1],"scale":[1.5,1.5,1.5],"shapeName":"/levels/west_coast_usa/art/shapes/objects/s_chainlink_old.dae","useInstanceRenderData":true}
{"class":"TSStatic","persistentId":"383bd0fb-e90f-4b7c-b9ff-e7963651a96f","__parent":"CBF_truckWashBays","position":[-668.723755,-2.00707197,100.625298],"isRenderEnabled":false,"rotationMatrix":[0.707106829,0.707106709,0,-0.707106709,0.707106829,0,0,0,1],"scale":[1.5,1.5,1.5],"shapeName":"/levels/west_coast_usa/art/shapes/objects/s_chainlink_old.dae","useInstanceRenderData":true}
{"class":"TSStatic","persistentId":"ea9e389f-be8d-4804-aad2-58f0ca273f53","__parent":"CBF_truckWashBays","position":[-670.915771,-4.19910192,100.625298],"isRenderEnabled":false,"rotationMatrix":[0.707106829,0.707106709,0,-0.707106709,0.707106829,0,0,0,1],"scale":[1.5,1.5,1.5],"shapeName":"/levels/west_coast_usa/art/shapes/objects/s_chainlink_old.dae","useInstanceRenderData":true}
{"class":"TSStatic","persistentId":"7897def0-e59f-49a0-b6c1-a299abe53c58","__parent":"CBF_truckWashBays","position":[-653.701172,-12.1879978,106.512177],"isRenderEnabled":false,"rotationMatrix":[0.707106829,0.707106769,0,-0.707106769,0.707106829,0,0,0,1],"scale":[1,0.880800366,1],"shapeName":"/art/shapes/objects/modular_depot/s_depot_structure_metal_bar.dae","useInstanceRenderData":true}
{"class":"TSStatic","persistentId":"7443e634-5a6b-44c5-8abb-346d9e0ecf88","__parent":"CBF_truckWashBays","position":[-667.359375,-13.2406578,106.412178],"isRenderEnabled":false,"rotationMatrix":[0.707106709,-0.707106829,0,0.707106829,0.707106709,0,0,0,1],"scale":[0.863528371,1,1],"shapeName":"/art/shapes/objects/modular_depot/s_depot_roof_long.dae","useInstanceRenderData":true}
{"class":"TSStatic","persistentId":"20cd3776-1913-434c-bce3-2c393cdc48cd","__parent":"CBF_truckWashBays","position":[-655.960693,-14.7473316,102.079681],"isRenderEnabled":false,"rotationMatrix":[-0.707106233,0.707107246,0,-0.707107246,-0.707106233,0,0,0,1],"shapeName":"/levels/west_coast_usa/art/shapes/objects/s_precast_wall_3x3.dae","useInstanceRenderData":true}
{"class":"TSStatic","persistentId":"6a1165bf-8794-4948-b0f7-7dca0800d3ab","__parent":"CBF_truckWashBays","position":[-658.082031,-16.8686504,102.079681],"isRenderEnabled":false,"rotationMatrix":[-0.707106233,0.707107246,0,-0.707107246,-0.707106233,0,0,0,1],"shapeName":"/levels/west_coast_usa/art/shapes/objects/s_precast_wall_3x3.dae","useInstanceRenderData":true}
{"class":"TSStatic","persistentId":"216cc849-af67-42ba-a358-5a2aa8354b16","__parent":"CBF_truckWashBays","position":[-660.203369,-18.9899673,102.079681],"isRenderEnabled":false,"rotationMatrix":[-0.707106233,0.707107246,0,-0.707107246,-0.707106233,0,0,0,1],"shapeName":"/levels/west_coast_usa/art/shapes/objects/s_precast_wall_3x3.dae","useInstanceRenderData":true}
{"class":"TSStatic","persistentId":"dbc4d8b6-110a-4c3d-a178-06f83c0d77de","__parent":"CBF_truckWashBays","position":[-653.861511,-12.4853477,100.625298],"isRenderEnabled":false,"rotationMatrix":[0.707106829,0.707106709,0,-0.707106709,0.707106829,0,0,0,1],"scale":[1.5,1.5,1.5],"shapeName":"/levels/west_coast_usa/art/shapes/objects/s_chainlink_old.dae","useInstanceRenderData":true}
{"class":"TSStatic","persistentId":"ff2cc6f2-5c20-47e1-9090-732423fc7388","__parent":"CBF_truckWashBays","position":[-656.521484,-14.8545284,103.583],"decalType":"Visible Mesh Final","isRenderEnabled":false,"rotationMatrix":[-0.711780965,0.702401459,0,-0.702401459,-0.711780965,0,0,0,0.999999881],"shapeName":"/levels/west_coast_usa/art/shapes/buildings/s_stairs_03.dae","useInstanceRenderData":true}
{"class":"TSStatic","persistentId":"8c404939-93ef-4074-abe0-3e110b464e65","__parent":"CBF_truckWashBays","position":[-659.684937,-18.0397739,101.327423],"annotation":"GUARD_RAIL","decalType":"None","isRenderEnabled":false,"rotationMatrix":[-0.697412252,-0.716670394,0,0.716670394,-0.697412252,0,0,0,1],"shapeName":"/levels/west_coast_usa/art/shapes/buildings/s_port_ppa_fence_post.dae","useInstanceRenderData":true}
{"class":"TSStatic","persistentId":"866372aa-4419-4598-a6d1-f814e16474f2","__parent":"CBF_truckWashBays","position":[-659.201721,-16.8589172,101.282433],"decalType":"Visible Mesh Final","isRenderEnabled":false,"rotationMatrix":[-0.711781859,0.702400446,0,-0.702400446,-0.711781859,0,0,0,1],"shapeName":"/levels/west_coast_usa/art/shapes/buildings/s_stairs_01.dae","useInstanceRenderData":true}
{"class":"TSStatic","persistentId":"be58a9cd-a726-40aa-b521-6ecd36d770f4","__parent":"CBF_truckWashBays","position":[-659.584412,-16.5217781,100.543831],"decalType":"Visible Mesh Final","isRenderEnabled":false,"rotationMatrix":[0.702949762,0.711239457,0,-0.711239457,0.702949762,0,0,0,1],"shapeName":"/levels/west_coast_usa/art/shapes/buildings/s_washing_platform.dae","useInstanceRenderData":true}
{"class":"TSStatic","persistentId":"0673e81d-299f-44a8-a7dc-339969550b51","__parent":"CBF_truckWashBays","position":[-657.732788,-13.3119946,101.326874],"isRenderEnabled":false,"rotationMatrix":[0.702947855,0.711241186,0,-0.711241186,0.702947855,0,0,0,0.999999881],"shapeName":"/levels/west_coast_usa/art/shapes/buildings/s_port_ppa_fence_bars_1m.dae","useInstanceRenderData":true}
{"class":"TSStatic","persistentId":"27193cc8-58fe-4d48-b32e-7f749865eb63","__parent":"CBF_truckWashBays","position":[-657.00824,-12.5777721,101.327423],"annotation":"GUARD_RAIL","decalType":"None","isRenderEnabled":false,"rotationMatrix":[-0.697412252,-0.716670394,0,0.716670394,-0.697412252,0,0,0,1],"shapeName":"/levels/west_coast_usa/art/shapes/buildings/s_port_ppa_fence_post.dae","useInstanceRenderData":true}
{"class":"TSStatic","persistentId":"1b89467c-c0e2-408c-9523-628a6ed24613","__parent":"CBF_truckWashBays","position":[-661.059875,-16.6723499,101.327423],"annotation":"GUARD_RAIL","decalType":"None","isRenderEnabled":false,"rotationMatrix":[0.702947855,0.711241186,0,-0.711241186,0.702947855,0,0,0,0.999999881],"shapeName":"/levels/west_coast_usa/art/shapes/buildings/s_port_ppa_fence_bars_2m.dae","useInstanceRenderData":true}
{"class":"TSStatic","persistentId":"0183c719-0f09-4423-9b46-14a2b651f805","__parent":"CBF_truckWashBays","position":[-657.76001,-13.3409081,101.327423],"annotation":"GUARD_RAIL","decalType":"None","isRenderEnabled":false,"rotationMatrix":[-0.697412252,-0.716670394,0,0.716670394,-0.697412252,0,0,0,1],"shapeName":"/levels/west_coast_usa/art/shapes/buildings/s_port_ppa_fence_post.dae","useInstanceRenderData":true}
{"class":"TSStatic","persistentId":"8773620f-936d-47a1-a8ed-b335ba7e7409","__parent":"CBF_truckWashBays","position":[-658.258972,-13.8495007,101.327423],"annotation":"GUARD_RAIL","decalType":"None","isRenderEnabled":false,"rotationMatrix":[-0.697412252,-0.716670394,0,0.716670394,-0.697412252,0,0,0,1],"shapeName":"/levels/west_coast_usa/art/shapes/buildings/s_port_ppa_fence_post.dae","useInstanceRenderData":true}
{"class":"TSStatic","persistentId":"f0912ed5-4d73-4b1a-85d1-a43a8aa319ff","__parent":"CBF_truckWashBays","position":[-659.641602,-15.2468872,101.327423],"annotation":"GUARD_RAIL","decalType":"None","isRenderEnabled":false,"rotationMatrix":[0.702947855,0.711241186,0,-0.711241186,0.702947855,0,0,0,0.999999881],"shapeName":"/levels/west_coast_usa/art/shapes/buildings/s_port_ppa_fence_bars_2m.dae","useInstanceRenderData":true}
{"class":"TSStatic","persistentId":"a8b2c470-5a91-41e4-aa95-574faae53080","__parent":"CBF_truckWashBays","position":[-661.054871,-16.6661911,101.327423],"annotation":"GUARD_RAIL","decalType":"None","isRenderEnabled":false,"rotationMatrix":[-0.697412252,-0.716670394,0,0.716670394,-0.697412252,0,0,0,1],"shapeName":"/levels/west_coast_usa/art/shapes/buildings/s_port_ppa_fence_post.dae","useInstanceRenderData":true}
{"class":"TSStatic","persistentId":"0046b90e-0b8b-4097-aafe-1469b8b77711","__parent":"CBF_truckWashBays","position":[-659.653381,-15.2556076,101.327423],"annotation":"GUARD_RAIL","decalType":"None","isRenderEnabled":false,"rotationMatrix":[-0.697412252,-0.716670394,0,0.716670394,-0.697412252,0,0,0,1],"shapeName":"/levels/west_coast_usa/art/shapes/buildings/s_port_ppa_fence_post.dae","useInstanceRenderData":true}
{"class":"TSStatic","persistentId":"20d4dcc9-9e41-4187-92d0-5a058782fb36","__parent":"CBF_truckWashBays","position":[-656.364685,-13.2131615,101.327423],"annotation":"GUARD_RAIL","decalType":"None","isRenderEnabled":false,"rotationMatrix":[-0.697412252,-0.716670394,0,0.716670394,-0.697412252,0,0,0,1],"shapeName":"/levels/west_coast_usa/art/shapes/buildings/s_port_ppa_fence_post.dae","useInstanceRenderData":true}
{"class":"TSStatic","persistentId":"c6070a61-2b92-4df4-bdd6-69518a0bfcb1","__parent":"CBF_truckWashBays","position":[-657.783203,-14.6496201,101.327423],"annotation":"GUARD_RAIL","decalType":"None","isRenderEnabled":false,"rotationMatrix":[0.702947855,0.711241186,0,-0.711241186,0.702947855,0,0,0,0.999999881],"shapeName":"/levels/west_coast_usa/art/shapes/buildings/s_port_ppa_fence_bars_2m.dae","useInstanceRenderData":true}
{"class":"TSStatic","persistentId":"76cf9abd-5919-4e85-9b32-52efad1dc077","__parent":"CBF_truckWashBays","position":[-657.769531,-14.6314507,101.327423],"annotation":"GUARD_RAIL","decalType":"None","isRenderEnabled":false,"rotationMatrix":[-0.697412252,-0.716670394,0,0.716670394,-0.697412252,0,0,0,1],"shapeName":"/levels/west_coast_usa/art/shapes/buildings/s_port_ppa_fence_post.dae","useInstanceRenderData":true}
{"class":"TSStatic","persistentId":"9c7880ef-d6d9-453b-a53b-45b4077982cd","__parent":"CBF_truckWashBays","position":[-659.084106,-15.9672775,101.327423],"annotation":"GUARD_RAIL","decalType":"None","isRenderEnabled":false,"rotationMatrix":[0.702947855,0.711241186,0,-0.711241186,0.702947855,0,0,0,0.999999881],"shapeName":"/levels/west_coast_usa/art/shapes/buildings/s_port_ppa_fence_bars_2m.dae","useInstanceRenderData":true}
{"class":"TSStatic","persistentId":"44b8bc81-d501-4baa-8692-8aeff9e2167b","__parent":"CBF_truckWashBays","position":[-659.070435,-15.9491081,101.327423],"annotation":"GUARD_RAIL","decalType":"None","isRenderEnabled":false,"rotationMatrix":[-0.697412252,-0.716670394,0,0.716670394,-0.697412252,0,0,0,1],"shapeName":"/levels/west_coast_usa/art/shapes/buildings/s_port_ppa_fence_post.dae","useInstanceRenderData":true}
{"class":"TSStatic","persistentId":"3af69095-1deb-4504-9523-e1d46c12c4ea","__parent":"CBF_truckWashBays","position":[-661.081726,-16.6433506,101.327423],"annotation":"GUARD_RAIL","decalType":"None","isRenderEnabled":false,"rotationMatrix":[0.702947855,-0.711241186,0,0.711241186,0.702947855,0,0,0,0.999999881],"shapeName":"/levels/west_coast_usa/art/shapes/buildings/s_port_ppa_fence_bars_2m.dae","useInstanceRenderData":true}
{"class":"TSStatic","persistentId":"86968de5-e66b-4da3-864d-6f279830d2a7","__parent":"CBF_truckWashBays","position":[-653.545776,-12.3414631,100.412178],"isRenderEnabled":false,"rotationMatrix":[0.707106829,0.707106769,0,-0.707106769,0.707106829,0,0,0,1],"shapeName":"/art/shapes/objects/modular_depot/s_depot_metal_column.dae","useInstanceRenderData":true}
{"class":"TSStatic","persistentId":"98592bb2-d877-4c4d-8d94-cd321593cb85","__parent":"CBF_truckWashBays","position":[-660.198242,-18.9938507,100.053795],"isRenderEnabled":false,"rotationMatrix":[0.707106829,0.707106769,0,-0.707106769,0.707106829,0,0,0,1],"shapeName":"/art/shapes/objects/modular_depot/s_depot_metal_column.dae","useInstanceRenderData":true}
{"class":"TSStatic","persistentId":"92ddfc92-29ee-45ce-81c9-97443336acc4","__parent":"CBF_truckWashBays","position":[-656.053528,-14.6773663,100.625298],"isRenderEnabled":false,"rotationMatrix":[0.707106829,0.707106709,0,-0.707106709,0.707106829,0,0,0,1],"scale":[1.5,1.5,1.5],"shapeName":"/levels/west_coast_usa/art/shapes/objects/s_chainlink_old.dae","useInstanceRenderData":true}
{"class":"TSStatic","persistentId":"c9fc709a-8b97-4666-896b-ad2d31ba5c7a","__parent":"CBF_truckWashBays","position":[-658.245544,-16.8693962,100.625298],"isRenderEnabled":false,"rotationMatrix":[0.707106829,0.707106709,0,-0.707106709,0.707106829,0,0,0,1],"scale":[1.5,1.5,1.5],"shapeName":"/levels/west_coast_usa/art/shapes/objects/s_chainlink_old.dae","useInstanceRenderData":true}
{"class":"TSStatic","persistentId":"25b05241-d571-415e-b787-7adc00577c6e","__parent":"CBF_truckWashBays","position":[-666.802307,-12.3937674,106.012177],"isRenderEnabled":false,"rotationMatrix":[0.707106829,0.707106769,0,-0.707106769,0.707106829,0,0,0,1],"scale":[1,0.880800366,1],"shapeName":"/art/shapes/objects/modular_depot/s_depot_structure_metal_bar.dae","useInstanceRenderData":true}
{"class":"TSStatic","persistentId":"0efe206e-5dbc-4fb8-8fb7-3dbf2f4330c1","__parent":"CBF_truckWashBays","position":[-660.354675,-18.8415318,106.012177],"isRenderEnabled":false,"rotationMatrix":[0.707106829,0.707106769,0,-0.707106769,0.707106829,0,0,0,1],"scale":[1,0.880800366,1],"shapeName":"/art/shapes/objects/modular_depot/s_depot_structure_metal_bar.dae","useInstanceRenderData":true}
