{"name":"Bridge_Long_01","class":"SFXSpace","persistentId":"716baa5b-d5fa-4a00-b8e1-f1cfb804b3d4","__parent":"Amb_2D","position":[159.770065,910.884766,250],"cloneOrigin":"Field_10","rotationMatrix":[-0.982558668,-0.185953319,-1.60844138e-09,0.185953617,-0.982559383,-0.000690535351,0.000128405052,-0.000678489392,0.999999821],"scale":[36.1914406,125.999031,1000],"soundAmbience":"Amb_WC_Bridge"}
{"name":"Bridge_Long_02","class":"SFXSpace","persistentId":"e38baea6-c174-40d2-b79e-c542003191ca","__parent":"Amb_2D","position":[105.652176,1200.51685,250],"cloneOrigin":"Field_10","rotationMatrix":[-0.982558668,-0.185953319,-1.60844138e-09,0.185953617,-0.982559383,-0.000690535351,0.000128405052,-0.000678489392,0.999999821],"scale":[59.7675743,559.367737,1000],"soundAmbience":"Amb_WC_Bridge"}
{"name":"Bridge_Long_03","class":"SFXSpace","persistentId":"0c39f424-6a87-4ee7-bc25-7352ae1f3b04","__parent":"Amb_2D","position":[30.4452572,1569.33557,250],"cloneOrigin":"Field_10","rotationMatrix":[-0.982558668,-0.185953319,-1.60844138e-09,0.185953617,-0.982559383,-0.000690535351,0.000128405052,-0.000678489392,0.999999821],"scale":[21.2581558,219.342407,1000],"soundAmbience":"Amb_WC_Bridge"}
{"name":"City_01","class":"SFXSpace","persistentId":"7bb54927-482a-4da0-b0de-cdbcf8da8722","__parent":"Amb_2D","position":[-824.254883,175.908447,250],"rotationMatrix":[0.702624261,0.711561322,1.20053301e-10,-0.711561322,0.702623904,-0.000690533721,-0.000491357292,0.000485185679,0.999999762],"scale":[252.705948,457.342773,1000],"soundAmbience":"Amb_WC_City"}
{"name":"City_02","class":"SFXSpace","persistentId":"1599dd0e-402a-4016-bdc0-d2a0bc47c8e7","__parent":"Amb_2D","position":[-629.703674,333.786743,250],"rotationMatrix":[0.702624261,0.711561322,1.20053301e-10,-0.711561322,0.702623904,-0.000690533721,-0.000491357292,0.000485185679,0.999999762],"scale":[252.705948,457.342773,1000],"soundAmbience":"Amb_WC_City"}
{"name":"City_1","class":"SFXSpace","persistentId":"1daa1037-9792-4a8e-ad02-a75c77e00457","__parent":"Amb_2D","position":[-595.903748,-72.0221863,250],"cloneOrigin":"City_01","rotationMatrix":[0.682630539,0.730763793,-3.45607987e-10,-0.730763972,0.682630301,-0.00069053343,-0.000504616823,0.000471379637,0.999999762],"scale":[210.672928,281.624451,1000],"soundAmbience":"Amb_WC_City"}
{"name":"City_10","class":"SFXSpace","persistentId":"7370ea65-0f32-486d-8809-9ccae29d18a5","__parent":"Amb_2D","position":[-339.65799,667.323792,250],"cloneOrigin":"City_9","rotationMatrix":[0.290667385,0.956824362,1.43700163e-10,-0.956824422,0.290667236,-0.000690533372,-0.000660719234,0.000200715513,0.999999762],"scale":[252.705948,505.398712,1000],"soundAmbience":"Amb_WC_City"}
{"name":"City_11","class":"SFXSpace","persistentId":"311389a4-938f-4220-8b68-ccf30853fa7d","__parent":"Amb_2D","position":[-803.625244,857.164978,250],"cloneOrigin":"City_10","rotationMatrix":[0.290667385,0.956824362,1.43700163e-10,-0.956824422,0.290667236,-0.000690533372,-0.000660719234,0.000200715513,0.999999762],"scale":[252.705948,505.398712,1000],"soundAmbience":"Amb_WC_City"}
{"name":"City_12","class":"SFXSpace","persistentId":"c0c0a634-814b-4039-9246-777214b4c0a7","__parent":"Amb_2D","position":[-869.0755,555.09967,250],"cloneOrigin":"City_11","rotationMatrix":[0.999872506,-0.0159951225,-5.38420863e-10,0.0159953646,0.999872386,-0.000690532499,1.10463588e-05,0.000690444838,0.999999762],"scale":[385.41098,605.56189,1000],"soundAmbience":"Amb_WC_City"}
{"name":"City_13","class":"SFXSpace","persistentId":"dc3f258c-e357-4626-8c3a-0f0490ea7e9e","__parent":"Amb_2D","position":[-843.647461,-63.1718369,250],"cloneOrigin":"City_12","rotationMatrix":[0.691043437,0.722813964,-4.05634637e-10,-0.722813547,0.691043198,-0.000690532441,-0.000499125978,0.000477188703,0.999999762],"scale":[130.22316,648.460632,1000],"soundAmbience":"Amb_WC_City"}
{"name":"City_2","class":"SFXSpace","persistentId":"123d9ee8-2fda-4760-aae4-99492aad9b24","__parent":"Amb_2D","position":[-454.341156,80.442337,250],"cloneOrigin":"City_1","rotationMatrix":[0.682630539,0.730763793,-3.45607987e-10,-0.730763972,0.682630301,-0.00069053343,-0.000504616823,0.000471379637,0.999999762],"scale":[210.672928,281.624451,1000],"soundAmbience":"Amb_WC_City"}
{"name":"City_3","class":"SFXSpace","persistentId":"7795fd17-896a-47d7-a046-0b938f324861","__parent":"Amb_2D","position":[-310.620514,229.204376,250],"cloneOrigin":"City_2","rotationMatrix":[0.71296066,0.7012043,-3.15594662e-10,-0.701204479,0.712960422,-0.00069053343,-0.00048420488,0.000492323423,0.999999762],"scale":[210.672928,316.640045,1000],"soundAmbience":"Amb_WC_City"}
{"name":"City_4","class":"SFXSpace","persistentId":"caab141b-1a22-4bc2-9fab-a60742702561","__parent":"Amb_2D","position":[-168.909973,380.786224,250],"cloneOrigin":"City_3","rotationMatrix":[0.753500581,0.657447278,-2.42835085e-10,-0.657447457,0.753500342,-0.00069053279,-0.000453988934,0.000520317291,0.999999762],"scale":[235.640091,316.640045,1000],"soundAmbience":"Amb_WC_City"}
{"name":"City_5","class":"SFXSpace","persistentId":"8df78f3a-c361-453b-bf5b-a8667a61c2b2","__parent":"Amb_2D","position":[2.28726101,529.672241,250],"cloneOrigin":"City_4","rotationMatrix":[0.788504064,0.615029514,-3.79259291e-10,-0.615029573,0.788503826,-0.000690532557,-0.000424697821,0.000544488546,0.999999762],"scale":[235.640091,322.680206,1000],"soundAmbience":"Amb_WC_City"}
{"name":"City_6","class":"SFXSpace","persistentId":"0f958d3d-68d1-407e-995c-e5ef2f60db38","__parent":"Amb_2D","position":[139.211563,608.065979,250],"cloneOrigin":"City_5","rotationMatrix":[0.788504064,0.615029514,-3.79259291e-10,-0.615029573,0.788503826,-0.000690532557,-0.000424697821,0.000544488546,0.999999762],"scale":[235.640091,322.680206,1000],"soundAmbience":"Amb_WC_City"}
{"name":"City_7","class":"SFXSpace","persistentId":"a41e3636-b992-4749-a8eb-2e4ada285777","__parent":"Amb_2D","position":[-15.0083199,756.857849,250],"cloneOrigin":"City_6","rotationMatrix":[0.999969244,-0.00787785649,-8.84483597e-10,0.00787771028,0.999968767,-0.000690533256,5.4406305e-06,0.000690512126,0.999999762],"scale":[130.20253,214.931152,1000],"soundAmbience":"Amb_WC_City"}
{"name":"City_8","class":"SFXSpace","persistentId":"96328eea-00b8-4667-8568-86caa49fac86","__parent":"Amb_2D","position":[106.674034,765.902588,250],"cloneOrigin":"City_7","rotationMatrix":[0.984313786,0.176430166,-8.33097147e-10,-0.17643033,0.984313369,-0.000690533605,-0.000121830235,0.000679701334,0.999999762],"scale":[130.20253,214.931152,1000],"soundAmbience":"Amb_WC_City"}
{"name":"City_9","class":"SFXSpace","persistentId":"c9a18514-d8f8-42fb-be43-cad3e2031ed6","__parent":"Amb_2D","position":[-505.214325,558.291748,250],"cloneOrigin":"City_02","rotationMatrix":[0.702624261,0.711561322,1.20053301e-10,-0.711561322,0.702623904,-0.000690533721,-0.000491357292,0.000485185679,0.999999762],"scale":[252.705948,457.342773,1000],"soundAmbience":"Amb_WC_City"}
{"name":"Empty_Space","class":"SFXSpace","persistentId":"fd60f161-fc1a-43cf-9b2c-34b7772434f8","__parent":"Amb_2D","position":[465.891327,-157.012909,250],"cloneOrigin":"Field_66","rotationMatrix":[0.0012312443,-0.999999404,-3.65798769e-09,0.99999851,0.00123070553,-0.000690532732,0.000690532266,8.47945557e-07,0.999999821],"scale":[260.408752,283.370056,1000],"soundAmbience":"Amb_WC_Empty"}
{"name":"Field_01","class":"SFXSpace","persistentId":"f7fe53cd-61f7-4476-aa0a-3bdeaf97d37b","__parent":"Amb_2D","position":[-1031.95679,-303.420685,250],"cloneOrigin":"City_13","rotationMatrix":[0.691768169,0.722120225,-4.31100489e-10,-0.722119749,0.691767991,-0.000690532383,-0.000498646987,0.000477689347,0.999999762],"scale":[481.798523,596.211121,1000],"soundAmbience":"Amb_WC_Field"}
{"name":"Field_1","class":"SFXSpace","persistentId":"c44f9c59-15ed-416a-bbe7-c66ab15f858e","__parent":"Amb_2D","position":[679.859314,-837.681519,250],"cloneOrigin":"Field_01","rotationMatrix":[-0.168589637,0.985686541,-5.38420863e-10,-0.985686123,-0.168589711,-0.000690533256,-0.000680649304,-0.000116415496,0.999999762],"scale":[182.097626,948.519287,1000],"soundAmbience":"Amb_WC_Field"}
{"name":"Field_10","class":"SFXSpace","persistentId":"88bf9794-e78a-4cf8-bfe7-e6a8073724e0","__parent":"Amb_2D","position":[360.187439,720.4245,250],"cloneOrigin":"Field_9","rotationMatrix":[-0.788311541,-0.615276396,-2.75167622e-09,0.615276098,-0.788312256,-0.000690535468,0.000424867059,-0.000544356531,0.999999821],"scale":[254.080215,224.305084,1000],"soundAmbience":"Amb_WC_Field"}
{"name":"Field_11","class":"SFXSpace","persistentId":"39210fa3-4c3c-499c-8634-101185cc42a4","__parent":"Amb_2D","position":[307.253326,884.290405,250],"cloneOrigin":"Field_10","rotationMatrix":[-0.981397688,-0.191986546,-1.59889169e-09,0.191986829,-0.981398404,-0.000690535526,0.00013257128,-0.000677687814,0.999999821],"scale":[251.468643,125.999031,1000],"soundAmbience":"Amb_WC_Field"}
{"name":"Field_12","class":"SFXSpace","persistentId":"4dda3cb4-6159-4820-baed-c64898d5fc20","__parent":"Amb_2D","position":[239.521484,780.554443,250],"cloneOrigin":"Field_11","rotationMatrix":[-0.983561695,-0.18057321,-1.5961632e-09,0.180573508,-0.98356241,-0.000690535584,0.000124689977,-0.000679182122,0.999999821],"scale":[134.30072,82.0545044,1000],"soundAmbience":"Amb_WC_Field"}
{"name":"Field_123","class":"SFXSpace","persistentId":"2ed31c41-c41a-4137-b16d-9a27c8ff81c5","__parent":"Amb_2D","position":[-1264.35022,-503.186462,249.825363],"cloneOrigin":"Field_13","rotationMatrix":[0.681053758,0.732233644,-6.98491931e-10,-0.732233524,0.681053579,-0.000690533197,-0.000505630916,0.000470290863,0.999999762],"scale":[185.953598,801.083313,1000],"soundAmbience":"Amb_WC_Field"}
{"name":"Field_13","class":"SFXSpace","persistentId":"be075fad-3da5-42a6-944d-ec7cc0e4732e","__parent":"Amb_2D","position":[-864.451538,-657.250122,250],"cloneOrigin":"Field_01","rotationMatrix":[0.719537854,0.694453835,-4.31100489e-10,-0.694453359,0.719537675,-0.000690532383,-0.000479542359,0.000496865192,0.999999762],"scale":[350.538513,153.914551,1000],"soundAmbience":"Amb_WC_Field"}
{"name":"Field_15","class":"SFXSpace","persistentId":"e70e5d4a-c369-438d-aa87-7ab069df67d1","__parent":"Amb_2D","position":[-777.811401,-666.802185,250],"cloneOrigin":"Field_13","rotationMatrix":[0.848743677,0.528805554,-4.97038855e-10,-0.528805017,0.848743558,-0.000690531742,-0.000365156418,0.000586085371,0.999999762],"scale":[289.4935,80.6939316,1000],"soundAmbience":"Amb_WC_Field"}
{"name":"Field_16","class":"SFXSpace","persistentId":"3b88448a-21b3-41e2-af48-554ff05d40f5","__parent":"Amb_2D","position":[-675.175415,-567.27356,250],"cloneOrigin":"Field_15","rotationMatrix":[0.862646043,0.505808949,-4.71573003e-10,-0.505808413,0.862646043,-0.000690531451,-0.000349276379,0.000595685153,0.999999762],"scale":[81.3051453,78.5362244,1000],"soundAmbience":"Amb_WC_Field"}
{"name":"Field_17","class":"SFXSpace","persistentId":"f74c4c8d-8404-42e8-b289-ca9ad6193482","__parent":"Amb_2D","position":[-613.909851,-550.447021,250],"cloneOrigin":"Field_16","rotationMatrix":[0.996061742,0.0886630714,-1.00089892e-09,-0.0886627138,0.996061862,-0.000690530404,-6.12234289e-05,0.000687811815,0.999999762],"scale":[81.3051453,78.5362244,1000],"soundAmbience":"Amb_WC_Field"}
{"name":"Field_18","class":"SFXSpace","persistentId":"f603b917-bc0a-47a9-a1f8-7b4b417113ab","__parent":"Amb_2D","position":[-598.782776,-587.464539,250],"cloneOrigin":"Field_17","rotationMatrix":[0.999632478,-0.0271052271,-1.12140697e-09,0.0271055195,0.999632597,-0.00069053052,1.87181704e-05,0.000690277491,0.999999762],"scale":[120.286354,20.4144611,1000],"soundAmbience":"Amb_WC_Field"}
{"name":"Field_19","class":"SFXSpace","persistentId":"07fb9af3-cbcf-47d9-974c-4ceb16a0e662","__parent":"Amb_2D","position":[-566.17041,-520.470642,250],"cloneOrigin":"Field_18","rotationMatrix":[0.993643939,-0.112568364,-1.24509825e-09,0.112568609,0.993644059,-0.000690530404,7.77331734e-05,0.000686142128,0.999999762],"scale":[27.8716259,20.4144611,1000],"soundAmbience":"Amb_WC_Field"}
{"name":"Field_2","class":"SFXSpace","persistentId":"b34c9e89-0f73-42f9-b2d2-25717c0810d9","__parent":"Amb_2D","position":[662.557739,-926.074524,250],"cloneOrigin":"Field_1","rotationMatrix":[-0.321886331,0.946778476,-5.46378942e-10,-0.946777999,-0.321886361,-0.000690533081,-0.000653781928,-0.000222271847,0.999999762],"scale":[71.5055542,263.498199,1000],"soundAmbience":"Amb_WC_Field"}
{"name":"Field_20","class":"SFXSpace","persistentId":"bc5a5492-093f-49eb-807c-90d9544ef399","__parent":"Amb_2D","position":[-534.947266,-543.977844,250],"cloneOrigin":"Field_19","rotationMatrix":[0.776061893,-0.6306566,-1.81262294e-09,0.6306566,0.776062012,-0.000690530578,0.000435488997,0.000535894185,0.999999762],"scale":[63.722496,27.1639862,1000],"soundAmbience":"Amb_WC_Field"}
{"name":"Field_21","class":"SFXSpace","persistentId":"874d2b37-0970-4563-bf4b-6a8b7f846f87","__parent":"Amb_2D","position":[-551.405823,-569.351318,250],"cloneOrigin":"Field_20","rotationMatrix":[0.776061893,-0.6306566,-1.81262294e-09,0.6306566,0.776062012,-0.000690530578,0.000435488997,0.000535894185,0.999999762],"scale":[98.9357224,50.4517441,1000],"soundAmbience":"Amb_WC_Field"}
{"name":"Field_22","class":"SFXSpace","persistentId":"1ebfee8c-bb8c-42b3-9472-0fa4f360cc44","__parent":"Amb_2D","position":[-541.502625,-606.218994,250],"cloneOrigin":"Field_21","rotationMatrix":[0.999995649,-0.00292911544,-1.50612323e-09,0.00292934291,0.999995649,-0.000690530753,2.02361389e-06,0.000690527959,0.999999762],"scale":[21.739645,16.5301514,1000],"soundAmbience":"Amb_WC_Field"}
{"name":"Field_23","class":"SFXSpace","persistentId":"0674c9c2-b403-4d0c-8964-f539cc573ee5","__parent":"Amb_2D","position":[-510.063995,-567.316101,250],"cloneOrigin":"Field_21","rotationMatrix":[0.885426521,-0.464779049,-1.66619429e-09,0.464779049,0.885426641,-0.000690530578,0.000320945372,0.000611414085,0.999999762],"scale":[31.2286777,39.6886177,1000],"soundAmbience":"Amb_WC_Field"}
{"name":"Field_24","class":"SFXSpace","persistentId":"fadf07ea-7ad7-4e2f-901c-972de49c7f07","__parent":"Amb_2D","position":[-478.532379,-581.797668,250],"cloneOrigin":"Field_23","rotationMatrix":[0.977347255,-0.211639866,-1.50885171e-09,0.211639985,0.977347374,-0.000690530927,0.000146145117,0.000674889015,0.999999762],"scale":[38.1816444,49.9149513,1000],"soundAmbience":"Amb_WC_Field"}
{"name":"Field_25","class":"SFXSpace","persistentId":"15894828-8a55-4339-bf8a-0f6f31c0f53f","__parent":"Amb_2D","position":[-494.717804,-597.09021,250],"cloneOrigin":"Field_24","rotationMatrix":[0.999981999,-0.00594988931,-1.29330147e-09,0.00595013099,0.999982119,-0.000690530927,4.10969187e-06,0.000690519053,0.999999762],"scale":[65.301239,35.6406441,1000],"soundAmbience":"Amb_WC_Field"}
{"name":"Field_26","class":"SFXSpace","persistentId":"5d2ccc18-8226-4397-8ede-070b7fcfb20c","__parent":"Amb_2D","position":[-452.270569,-586.917114,250],"cloneOrigin":"Field_25","rotationMatrix":[0.795404434,-0.606078088,-1.79352355e-09,0.606078148,0.795404553,-0.000690530404,0.000418516982,0.000549251214,0.999999762],"scale":[32.4260674,35.6406441,1000],"soundAmbience":"Amb_WC_Field"}
{"name":"Field_27","class":"SFXSpace","persistentId":"363fb831-506c-46ce-b993-db3692c2b5d2","__parent":"Amb_2D","position":[-445.406036,-607.288452,250],"cloneOrigin":"Field_26","rotationMatrix":[-0.0206393655,-0.999786735,-2.6611815e-09,0.999786437,-0.0206390321,-0.000690531742,0.000690384302,-1.42533536e-05,0.999999762],"scale":[18.6975174,35.6406441,1000],"soundAmbience":"Amb_WC_Field"}
{"name":"Field_28","class":"SFXSpace","persistentId":"2f479273-491a-4d05-8ea0-7b5d0cf115f0","__parent":"Amb_2D","position":[-427.036011,-600.949524,250],"cloneOrigin":"Field_27","rotationMatrix":[-0.824213922,-0.566277862,-1.78351911e-09,0.566277742,-0.824213564,-0.000690533721,0.000391032081,-0.000569147174,0.999999762],"scale":[18.5463142,35.6406441,1000],"soundAmbience":"Amb_WC_Field"}
{"name":"Field_29","class":"SFXSpace","persistentId":"cb48e5b5-d8b6-4d59-b37b-df0e93002b14","__parent":"Amb_2D","position":[-405.367889,-623.156494,250],"cloneOrigin":"Field_28","rotationMatrix":[-0.667705655,-0.74442482,-2.02999217e-09,0.74442476,-0.667705297,-0.000690533256,0.000514048443,-0.000461073127,0.999999762],"scale":[18.5463142,53.2180176,1000],"soundAmbience":"Amb_WC_Field"}
{"name":"Field_3","class":"SFXSpace","persistentId":"909d8806-a345-4d86-8fbb-6d079ceca81f","__parent":"Amb_2D","position":[806.518494,-901.617188,250],"cloneOrigin":"Field_2","rotationMatrix":[0.0860459805,0.99629128,-4.4292392e-10,-0.996290863,0.0860459283,-0.000690532557,-0.00068797142,5.94188496e-05,0.999999762],"scale":[48.3092117,128.064529,1000],"soundAmbience":"Amb_WC_Field"}
{"name":"Field_30","class":"SFXSpace","persistentId":"1bc5257a-4c3c-432d-8d19-da7aa1d4f00b","__parent":"Amb_2D","position":[-412.621521,-751.657349,250],"cloneOrigin":"Field_29","rotationMatrix":[-0.678745925,-0.734372735,-2.11139195e-09,0.734372675,-0.678745568,-0.000690533663,0.000507107237,-0.000468696933,0.999999762],"scale":[206.882187,111.441551,1000],"soundAmbience":"Amb_WC_Field"}
{"name":"Field_31","class":"SFXSpace","persistentId":"23dc41db-3b22-4b6e-81a7-01f49936039c","__parent":"Amb_2D","position":[-317.438751,-737.30835,250],"cloneOrigin":"Field_30","rotationMatrix":[-0.852519333,-0.522695661,-1.45928425e-09,0.522695601,-0.852518857,-0.000690534303,0.000360937382,-0.000588692841,0.999999762],"scale":[48.1405296,28.0210571,1000],"soundAmbience":"Amb_WC_Field"}
{"name":"Field_32","class":"SFXSpace","persistentId":"7083e01f-8121-414e-a57e-1799126afb56","__parent":"Amb_2D","position":[-296.282013,-749.582458,250],"cloneOrigin":"Field_31","rotationMatrix":[-0.995200157,-0.0978573859,-5.15683496e-10,0.0978573561,-0.99519974,-0.000690534594,6.75728006e-05,-0.000687218795,0.999999762],"scale":[14.9059353,24.7456341,1000],"soundAmbience":"Amb_WC_Field"}
{"name":"Field_33","class":"SFXSpace","persistentId":"45686dde-39c7-45b9-b832-5086bdb62105","__parent":"Amb_2D","position":[-304.812927,-772.081543,250],"cloneOrigin":"Field_32","rotationMatrix":[-0.794183493,0.607677817,5.01131581e-10,-0.607677877,-0.794183135,-0.000690534362,-0.000419622636,-0.000548409589,0.999999762],"scale":[15.9400826,35.9637566,1000],"soundAmbience":"Amb_WC_Field"}
{"name":"Field_34","class":"SFXSpace","persistentId":"711013d2-2fc9-45c2-a4b7-9547fd880907","__parent":"Amb_2D","position":[-320.507111,-804.874084,250],"cloneOrigin":"Field_33","rotationMatrix":[-0.943554282,0.331218004,1.27329258e-11,-0.331217915,-0.943553805,-0.000690535002,-0.000228717865,-0.00065155531,0.999999762],"scale":[27.9778728,45.5021133,1000],"soundAmbience":"Amb_WC_Field"}
{"name":"Field_35","class":"SFXSpace","persistentId":"9c889b19-e011-48a2-84dc-1a51f24097a7","__parent":"Amb_2D","position":[-368.289215,-807.150757,250],"cloneOrigin":"Field_34","rotationMatrix":[-0.804019749,0.594602346,6.07542461e-10,-0.594602287,-0.804019272,-0.000690534594,-0.000410593464,-0.000555202016,0.999999762],"scale":[58.439846,189.109756,1000],"soundAmbience":"Amb_WC_Field"}
{"name":"Field_36","class":"SFXSpace","persistentId":"e9fbcd77-4597-4523-b1f3-6c65e25516bc","__parent":"Amb_2D","position":[-468.149261,-847.076782,250],"cloneOrigin":"Field_35","rotationMatrix":[-0.613173664,-0.789948881,-2.46018317e-09,0.789948702,-0.613173306,-0.000690534827,0.00054548512,-0.000423417747,0.999999762],"scale":[27.7972126,189.109756,1000],"soundAmbience":"Amb_WC_Field"}
{"name":"Field_37","class":"SFXSpace","persistentId":"9c52b859-c840-4c3c-b7e8-47f2632598cd","__parent":"Amb_2D","position":[-543.623108,-831.115906,250],"cloneOrigin":"Field_36","rotationMatrix":[-0.613173664,-0.789948881,-2.46018317e-09,0.789948702,-0.613173306,-0.000690534827,0.00054548512,-0.000423417747,0.999999762],"scale":[43.2231636,67.6759033,1000],"soundAmbience":"Amb_WC_Field"}
{"name":"Field_38","class":"SFXSpace","persistentId":"e3f081fd-2c02-428b-bc06-4f2edca7dce0","__parent":"Amb_2D","position":[-660.735474,-851.914185,250],"cloneOrigin":"Field_37","rotationMatrix":[0.128265873,-0.991739929,-3.3392098e-09,0.991739869,0.128265962,-0.000690533139,0.000684829545,8.8570363e-05,0.999999762],"scale":[62.8026276,253.823364,1000],"soundAmbience":"Amb_WC_Field"}
{"name":"Field_39","class":"SFXSpace","persistentId":"d62cafaa-f9a3-47cd-922c-1830cde2c010","__parent":"Amb_2D","position":[-486.645477,-766.473816,250],"cloneOrigin":"Field_38","rotationMatrix":[-0.015711233,-0.999876559,-3.32875061e-09,0.999876499,-0.0157110728,-0.000690533197,0.000690447981,-1.0850611e-05,0.999999762],"scale":[147.473648,149.421875,1000],"soundAmbience":"Amb_WC_Field"}
{"name":"Field_4","class":"SFXSpace","persistentId":"f9e7b80d-d0a7-4c82-aaa7-01544edb615c","__parent":"Amb_2D","position":[946.55603,-885.0401,250],"cloneOrigin":"Field_3","rotationMatrix":[0.313439995,0.949608207,-4.1018211e-10,-0.94960773,0.313439965,-0.000690532499,-0.000655735086,0.000216441753,0.999999762],"scale":[74.8399963,192.480835,1000],"soundAmbience":"Amb_WC_Field"}
{"name":"Field_40","class":"SFXSpace","persistentId":"bfe93f3e-9888-448b-972c-861e7ee2d4ce","__parent":"Amb_2D","position":[-599.622253,-769.290649,250],"cloneOrigin":"Field_39","rotationMatrix":[-0.015711233,-0.999876559,-3.32875061e-09,0.999876499,-0.0157110728,-0.000690533197,0.000690447981,-1.0850611e-05,0.999999762],"scale":[125.466606,92.7127457,1000],"soundAmbience":"Amb_WC_Field"}
{"name":"Field_41","class":"SFXSpace","persistentId":"b5fe67c0-e907-4856-8310-bf0355ca7cf8","__parent":"Amb_2D","position":[-692.110962,-794.58313,250],"cloneOrigin":"Field_40","rotationMatrix":[-0.844049037,-0.536266446,-2.63389666e-09,0.536266267,-0.84404856,-0.000690534944,0.000370308495,-0.000582844892,0.999999762],"scale":[201.829681,80.9641953,1000],"soundAmbience":"Amb_WC_Field"}
{"name":"Field_42","class":"SFXSpace","persistentId":"7908a486-6437-4579-80e3-57f129910bbb","__parent":"Amb_2D","position":[-848.30365,-862.9823,250],"cloneOrigin":"Field_41","rotationMatrix":[-0.991323173,-0.131448776,-1.80989446e-09,0.131448641,-0.991322815,-0.000690534944,9.07680442e-05,-0.000684541417,0.999999762],"scale":[168.221329,84.2395935,1000],"soundAmbience":"Amb_WC_Field"}
{"name":"Field_43","class":"SFXSpace","persistentId":"1a3ae21c-bffe-4b3b-9511-682df97c3ebc","__parent":"Amb_2D","position":[-875.055969,-815.504272,250],"cloneOrigin":"Field_42","rotationMatrix":[-0.853901684,-0.520435572,-2.33740138e-09,0.520435274,-0.853901386,-0.000690534187,0.000359376456,-0.000589647447,0.999999762],"scale":[131.76207,84.2395935,1000],"soundAmbience":"Amb_WC_Field"}
{"name":"Field_44","class":"SFXSpace","persistentId":"505ddfab-9876-4b33-ac16-abe4b2108854","__parent":"Amb_2D","position":[-976.688049,-829.977173,250],"cloneOrigin":"Field_43","rotationMatrix":[0.135871828,-0.990727007,-3.84125087e-09,0.990726769,0.135872036,-0.000690531975,0.000684129307,9.38222875e-05,0.999999762],"scale":[183.122055,130.215454,1000],"soundAmbience":"Amb_WC_Field"}
{"name":"Field_45","class":"SFXSpace","persistentId":"fab13a6f-b8f5-4aaf-bb4c-a56bb704112d","__parent":"Amb_2D","position":[-317.179932,-905.42627,250],"cloneOrigin":"Field_34","rotationMatrix":[-0.783854187,0.620944858,7.09405867e-10,-0.620944917,-0.78385371,-0.000690534594,-0.000428783533,-0.000541276764,0.999999762],"scale":[143.731339,121.709435,1000],"soundAmbience":"Amb_WC_Field"}
{"name":"Field_46","class":"SFXSpace","persistentId":"11dbb5ad-a28a-476f-8d00-7b41bf3bd30b","__parent":"Amb_2D","position":[-317.205109,-1018.34723,250],"cloneOrigin":"Field_45","rotationMatrix":[-0.783854187,0.620944858,7.09405867e-10,-0.620944917,-0.78385371,-0.000690534594,-0.000428783533,-0.000541276764,0.999999762],"scale":[58.5652466,72.3959198,1000],"soundAmbience":"Amb_WC_Field"}
{"name":"Field_47","class":"SFXSpace","persistentId":"697622c0-eba9-4eef-b2f1-3e7776fd6b4e","__parent":"Amb_2D","position":[-194.564728,-953.245361,250],"cloneOrigin":"Field_46","rotationMatrix":[-0.00487568136,0.999987841,1.54705049e-09,-0.999988019,-0.00487558078,-0.000690533023,-0.000690525165,-3.36628727e-06,0.999999762],"scale":[140.369431,207.657608,1000],"soundAmbience":"Amb_WC_Field"}
{"name":"Field_48","class":"SFXSpace","persistentId":"c676a642-df26-4816-ae9d-d05cb3ca42d8","__parent":"Amb_2D","position":[-270.088165,-862.349609,250],"cloneOrigin":"Field_47","rotationMatrix":[0.333130032,0.942880511,1.28238753e-09,-0.94288075,0.333129883,-0.000690532441,-0.000651091104,0.000230037927,0.999999762],"scale":[35.2105408,108.846146,1000],"soundAmbience":"Amb_WC_Field"}
{"name":"Field_49","class":"SFXSpace","persistentId":"95551cf9-247b-45fa-8421-d390929c0c1c","__parent":"Amb_2D","position":[-132.211914,-857.854431,250],"cloneOrigin":"Field_48","rotationMatrix":[-0.70248425,0.711699605,1.81213977e-09,-0.711699545,-0.702483714,-0.000690534653,-0.000491453102,-0.000485088938,0.999999762],"scale":[108.977577,162.044739,1000],"soundAmbience":"Amb_WC_Field"}
{"name":"Field_5","class":"SFXSpace","persistentId":"00cb53b9-e205-42a4-a9e7-0a43982af60a","__parent":"Amb_2D","position":[973.027039,-1030.07898,250],"cloneOrigin":"Field_4","rotationMatrix":[0.949336708,-0.314258993,-2.11912266e-09,0.314258248,0.949337125,-0.000690530112,0.000217007284,0.000655546784,0.999999762],"scale":[107.727371,220.7621,1000],"soundAmbience":"Amb_WC_Field"}
{"name":"Field_50","class":"SFXSpace","persistentId":"15ec17e2-f4a7-48b5-a186-ea3f8b1cb6b7","__parent":"Amb_2D","position":[134.415924,-667.166138,250],"cloneOrigin":"Field_47","rotationMatrix":[-0.00487568136,0.999987841,1.54705049e-09,-0.999988019,-0.00487558078,-0.000690533023,-0.000690525165,-3.36628727e-06,0.999999762],"scale":[766.415588,483.957581,1000],"soundAmbience":"Amb_WC_Field"}
{"name":"Field_51","class":"SFXSpace","persistentId":"2716ff94-fb1d-436d-91b0-59d2d3926657","__parent":"Amb_2D","position":[341.872803,-686.991455,250],"cloneOrigin":"Field_50","rotationMatrix":[-0.160688177,0.987004697,1.59798219e-09,-0.987004876,-0.160687923,-0.000690533372,-0.000681560545,-0.000110960085,0.999999762],"scale":[279.4133,100.839844,1000],"soundAmbience":"Amb_WC_Field"}
{"name":"Field_52","class":"SFXSpace","persistentId":"aecb1c75-eced-4e10-8e24-360498cedf51","__parent":"Amb_2D","position":[398.184113,-896.319519,250],"cloneOrigin":"Field_51","rotationMatrix":[-0.999844015,0.0176466871,7.51242624e-10,-0.0176465474,-0.999843538,-0.000690536515,-1.21859148e-05,-0.000690426736,0.999999762],"scale":[279.4133,100.839844,1000],"soundAmbience":"Amb_WC_Field"}
{"name":"Field_53","class":"SFXSpace","persistentId":"278fa44c-ea37-4a58-86bd-f134d2f8ba25","__parent":"Amb_2D","position":[460.94989,-995.771545,250],"cloneOrigin":"Field_52","rotationMatrix":[-0.999844015,0.0176466871,7.51242624e-10,-0.0176465474,-0.999843538,-0.000690536515,-1.21859148e-05,-0.000690426736,0.999999762],"scale":[196.662216,100.839844,1000],"soundAmbience":"Amb_WC_Field"}
{"name":"Field_54","class":"SFXSpace","persistentId":"4d7ac309-9ca1-49b5-b740-7c956bca427a","__parent":"Amb_2D","position":[-107.752304,-639.064514,250],"cloneOrigin":"Field_53","rotationMatrix":[-0.653654397,0.756793082,2.25736585e-09,-0.756793141,-0.6536538,-0.000690535177,-0.000522591756,-0.000451370346,0.999999762],"scale":[194.647812,226.4077,1000],"soundAmbience":"Amb_WC_Field"}
{"name":"Field_55","class":"SFXSpace","persistentId":"a577c931-b2a5-4ba8-bbe5-40a1117ae619","__parent":"Amb_2D","position":[-139.660416,-781.403442,250],"cloneOrigin":"Field_54","rotationMatrix":[-0.704628527,0.709576368,2.16641638e-09,-0.709576309,-0.704627931,-0.000690535409,-0.000489986967,-0.00048656977,0.999999762],"scale":[19.1333199,12.7400951,1000],"soundAmbience":"Amb_WC_Field"}
{"name":"Field_56","class":"SFXSpace","persistentId":"37c47e53-9c57-435e-987e-e1279c1882ca","__parent":"Amb_2D","position":[-218.145218,-528.731323,250],"cloneOrigin":"Field_54","rotationMatrix":[-0.725892603,0.687807739,2.06819095e-09,-0.687807739,-0.725892067,-0.00069053506,-0.000474955101,-0.000501253118,0.999999762],"scale":[141.153961,221.45314,1000],"soundAmbience":"Amb_WC_Field"}
{"name":"Field_57","class":"SFXSpace","persistentId":"1d71a5fd-d427-49ba-9c9b-e84f8c8a979f","__parent":"Amb_2D","position":[-319.686249,-527.096191,250],"cloneOrigin":"Field_56","rotationMatrix":[-0.635201454,0.772346199,2.25190888e-09,-0.772346199,-0.635200858,-0.000690534362,-0.000533331535,-0.000438627612,0.999999762],"scale":[44.6263847,81.920166,1000],"soundAmbience":"Amb_WC_Field"}
{"name":"Field_58","class":"SFXSpace","persistentId":"98b00bfe-025a-404f-ac39-7f8a33444b47","__parent":"Amb_2D","position":[-332.977844,-501.043762,250],"cloneOrigin":"Field_57","rotationMatrix":[-0.412180722,0.911101699,2.38924258e-09,-0.911101878,-0.412180185,-0.000690533663,-0.000629146991,-0.000284624257,0.999999762],"scale":[36.6000595,87.8720779,1000],"soundAmbience":"Amb_WC_Field"}
{"name":"Field_59","class":"SFXSpace","persistentId":"d2cd1697-f33d-4e2b-9432-8950a9196bfb","__parent":"Amb_2D","position":[-394.529205,-468.763336,250],"cloneOrigin":"Field_58","rotationMatrix":[0.547081172,0.837079108,4.83851181e-10,-0.837079406,0.547080815,-0.000690531277,-0.000578031118,0.00037777843,0.999999762],"scale":[39.8274117,87.8720779,1000],"soundAmbience":"Amb_WC_Field"}
{"name":"Field_6","class":"SFXSpace","persistentId":"d6e3d050-6c6a-42ce-b68c-0273e2fc1220","__parent":"Amb_2D","position":[936.577637,-574.217285,250],"cloneOrigin":"Field_5","rotationMatrix":[0.986330867,0.164771497,-9.9907993e-10,-0.164771676,0.986331582,-0.000690529996,-0.000113778413,0.00068109337,0.999999762],"scale":[215.717987,265.455872,1000],"soundAmbience":"Amb_WC_Field"}
{"name":"Field_60","class":"SFXSpace","persistentId":"6c901ea0-8c22-4048-8520-e20efb6f620d","__parent":"Amb_2D","position":[-451.052094,-449.272797,250],"cloneOrigin":"Field_59","rotationMatrix":[-0.00253110752,0.999996126,1.79352355e-09,-0.999996245,-0.00253102556,-0.000690532557,-0.000690531801,-1.74715024e-06,0.999999762],"scale":[38.8089828,54.9453354,1000],"soundAmbience":"Amb_WC_Field"}
{"name":"Field_61","class":"SFXSpace","persistentId":"30467d1b-9137-493e-a583-bd6c4513f5dc","__parent":"Amb_2D","position":[-473.124359,-435.11377,250],"cloneOrigin":"Field_60","rotationMatrix":[0.894145906,0.447775066,-1.05319486e-09,-0.447775215,0.89414537,-0.00069053052,-0.000309203548,0.000617437821,0.999999762],"scale":[39.1061668,54.9453354,1000],"soundAmbience":"Amb_WC_Field"}
{"name":"Field_62","class":"SFXSpace","persistentId":"da55de66-991c-4adb-aa51-4072a963656d","__parent":"Amb_2D","position":[-512.759033,-404.419281,250],"cloneOrigin":"Field_61","rotationMatrix":[0.383280069,0.923631251,1.24055077e-09,-0.923631549,0.38327992,-0.000690530927,-0.000637798628,0.000264667819,0.999999762],"scale":[37.4068336,54.9453354,1000],"soundAmbience":"Amb_WC_Field"}
{"name":"Field_63","class":"SFXSpace","persistentId":"b8c9e6ba-5bef-4fbd-98f0-5992b0c0e935","__parent":"Amb_2D","position":[-588.038086,-387.413391,250],"cloneOrigin":"Field_62","rotationMatrix":[0.00502637215,0.999986351,2.3605935e-09,-0.999986649,0.00502652675,-0.000690531451,-0.000690524466,3.47090281e-06,0.999999762],"scale":[46.803772,125.617226,1000],"soundAmbience":"Amb_WC_Field"}
{"name":"Field_64","class":"SFXSpace","persistentId":"1f27be2e-e5d7-4ad7-801b-19d8ba982116","__parent":"Amb_2D","position":[-681.140991,-395.192719,250],"cloneOrigin":"Field_63","rotationMatrix":[-0.405536622,0.914077878,3.42015483e-09,-0.914078236,-0.405536234,-0.000690533197,-0.000631201605,-0.000280036882,0.999999762],"scale":[29.6551228,68.154129,1000],"soundAmbience":"Amb_WC_Field"}
{"name":"Field_65","class":"SFXSpace","persistentId":"a833d3db-ee0c-4951-b3e6-a72f2b1a9bd0","__parent":"Amb_2D","position":[-727.068054,-417.915222,250],"cloneOrigin":"Field_64","rotationMatrix":[-0.529616237,0.848236382,3.65889719e-09,-0.84823662,-0.5296157,-0.000690533721,-0.000585735659,-0.00036571821,0.999999762],"scale":[29.2848949,110.725754,1000],"soundAmbience":"Amb_WC_Field"}
{"name":"Field_66","class":"SFXSpace","persistentId":"7ed563cc-454e-4644-a93a-622013bd9764","__parent":"Amb_2D","position":[489.101227,-322.47467,250],"cloneOrigin":"Field_8","rotationMatrix":[0.0012312443,-0.999999404,-3.65798769e-09,0.99999851,0.00123070553,-0.000690532732,0.000690532266,8.47945557e-07,0.999999821],"scale":[79.9667892,272.449921,1000],"soundAmbience":"Amb_WC_Field"}
{"name":"Field_67","class":"SFXSpace","persistentId":"df13e9f4-5f62-4c94-87e2-8ce41949007d","__parent":"Amb_2D","position":[191.773499,798.072754,250],"cloneOrigin":"Field_10","rotationMatrix":[-0.982558668,-0.185953319,-1.60844138e-09,0.185953617,-0.982559383,-0.000690535351,0.000128405052,-0.000678489392,0.999999821],"scale":[48.9784851,125.999031,1000],"soundAmbience":"Amb_WC_Field"}
{"name":"Field_68","class":"SFXSpace","persistentId":"77b25d24-bf7a-4d96-b572-500b0d504824","__parent":"Amb_2D","position":[127.606812,-148.308685,250],"cloneOrigin":"Field_67","rotationMatrix":[0.0012312443,-0.999999404,-3.65798769e-09,0.99999851,0.00123070553,-0.000690532732,0.000690532266,8.47945557e-07,0.999999821],"scale":[276.123718,395.753632,1000],"soundAmbience":"Amb_WC_Field"}
{"name":"Field_69","class":"SFXSpace","persistentId":"4f1fe7e9-15cd-4070-8988-163bd3869e7a","__parent":"Amb_2D","position":[-201.578522,-167.859116,250],"cloneOrigin":"Field_68","rotationMatrix":[0.0012312443,-0.999999404,-3.65798769e-09,0.99999851,0.00123070553,-0.000690532732,0.000690532266,8.47945557e-07,0.999999821],"scale":[320.874786,270.817169,1000],"soundAmbience":"Amb_WC_Field"}
{"name":"Field_7","class":"SFXSpace","persistentId":"c35913d1-7b41-4f4e-9b5b-d6c569785db8","__parent":"Amb_2D","position":[686.556641,-401.147705,250],"cloneOrigin":"Field_6","rotationMatrix":[0.986330867,0.164771497,-9.9907993e-10,-0.164771676,0.986331582,-0.000690529996,-0.000113778413,0.00068109337,0.999999762],"scale":[728.171997,217.986359,1000],"soundAmbience":"Amb_WC_Field"}
{"name":"Field_70","class":"SFXSpace","persistentId":"a0a9f894-256e-422d-9d3d-b03ce25dbb5a","__parent":"Amb_2D","position":[-226.546814,-401.230743,250],"cloneOrigin":"Field_69","rotationMatrix":[0.0012312443,-0.999999404,-3.65798769e-09,0.99999851,0.00123070553,-0.000690532732,0.000690532266,8.47945557e-07,0.999999821],"scale":[213.542603,266.706696,1000],"soundAmbience":"Amb_WC_Field"}
{"name":"Field_71","class":"SFXSpace","persistentId":"5c97e6c8-7689-485e-a30f-375a4123e09d","__parent":"Amb_2D","position":[-453.088562,-366.189117,250],"cloneOrigin":"Field_70","rotationMatrix":[-0.409597754,-0.912265956,-3.26690497e-09,0.91226536,-0.409598351,-0.00069053279,0.000629948336,-0.000282842375,0.999999821],"scale":[118.828644,266.706696,1000],"soundAmbience":"Amb_WC_Field"}
{"name":"Field_72","class":"SFXSpace","persistentId":"d5c046f0-dff3-4133-b4ad-edbb501d05ec","__parent":"Amb_2D","position":[-408.449341,-190.779831,250],"cloneOrigin":"Field_71","rotationMatrix":[-0.73572135,0.6772843,-7.37600203e-10,-0.677283466,-0.735721529,-0.000690533838,-0.000467687525,-0.000508038444,0.999999881],"scale":[154.762619,384.695587,1000],"soundAmbience":"Amb_WC_Field"}
{"name":"Field_73","class":"SFXSpace","persistentId":"b172247b-e2d7-4d19-ad11-32411e0de0c5","__parent":"Amb_2D","position":[-596.771973,-328.657501,250],"cloneOrigin":"Field_72","rotationMatrix":[-0.72502619,0.68872124,-7.36690708e-10,-0.688720405,-0.725026309,-0.000690533663,-0.000475584995,-0.000500652881,0.999999881],"scale":[75.8151245,146.208908,1000],"soundAmbience":"Amb_WC_Field"}
{"name":"Field_74","class":"SFXSpace","persistentId":"9de230d9-0e4d-41e0-a00d-abf2e9f3b40f","__parent":"Amb_2D","position":[-667.63092,-370.827301,250],"cloneOrigin":"Field_73","rotationMatrix":[-0.72502619,0.68872124,-7.36690708e-10,-0.688720405,-0.725026309,-0.000690533663,-0.000475584995,-0.000500652881,0.999999881],"scale":[16.761343,41.0097046,1000],"soundAmbience":"Amb_WC_Field"}
{"name":"Field_75","class":"SFXSpace","persistentId":"95484b4b-fd1a-45ae-aa1d-cdf1105e8187","__parent":"Amb_2D","position":[-274.677765,-7.55118418,250],"cloneOrigin":"Field_68","rotationMatrix":[0.736269474,-0.676688492,-4.04270395e-09,0.676687479,0.736269414,-0.000690531684,0.00046727751,0.000508416386,0.999999821],"scale":[101.64212,76.038475,1000],"soundAmbience":"Amb_WC_Field"}
{"name":"Field_76","class":"SFXSpace","persistentId":"baed04f8-ddd4-49c5-b3c6-7f35031e9eaf","__parent":"Amb_2D","position":[-171.272003,73.4124374,250],"cloneOrigin":"Field_75","rotationMatrix":[0.702281654,-0.711899459,-4.14274837e-09,0.711898446,0.702281415,-0.000690531568,0.000491591636,0.000484946155,0.999999821],"scale":[101.64212,229.095947,1000],"soundAmbience":"Amb_WC_Field"}
{"name":"Field_77","class":"SFXSpace","persistentId":"b0597f4a-c5ea-4f61-b3cf-2b41996ce3dd","__parent":"Amb_2D","position":[-21.4453201,233.655945,250],"cloneOrigin":"Field_76","rotationMatrix":[0.654310167,-0.75622654,-4.26280167e-09,0.756225586,0.654309809,-0.000690531742,0.000522200891,0.000451820117,0.999999821],"scale":[101.64212,219.046265,1000],"soundAmbience":"Amb_WC_Field"}
{"name":"Field_78","class":"SFXSpace","persistentId":"f333035a-e4d5-4638-9c77-e77411fdfce2","__parent":"Amb_2D","position":[102.0755,338.847046,250],"cloneOrigin":"Field_77","rotationMatrix":[0.613260269,-0.78988111,-4.34090452e-09,0.789880157,0.613259912,-0.000690531626,0.000545440242,0.000423473539,0.999999821],"scale":[101.64212,155.51358,1000],"soundAmbience":"Amb_WC_Field"}
{"name":"Field_79","class":"SFXSpace","persistentId":"87c35d6b-20a6-4b86-a2dc-66d0f40e9c50","__parent":"Amb_2D","position":[277.978088,427.727448,250],"cloneOrigin":"Field_78","rotationMatrix":[0.625154734,-0.780501008,-4.35375114e-09,0.780500054,0.625154376,-0.000690531626,0.000538963068,0.000431687105,0.999999821],"scale":[134.394348,252.218369,1000],"soundAmbience":"Amb_WC_Field"}
{"name":"Field_8","class":"SFXSpace","persistentId":"dedab1ed-c7c5-44da-a564-5b594dc43425","__parent":"Amb_2D","position":[914.427734,39.3619766,250],"cloneOrigin":"Field_7","rotationMatrix":[0.0012312443,-0.999999404,-3.65798769e-09,0.99999851,0.00123070553,-0.000690532732,0.000690532266,8.47945557e-07,0.999999821],"scale":[728.171997,617.577393,1000],"soundAmbience":"Amb_WC_Field"}
{"name":"Field_80","class":"SFXSpace","persistentId":"7c57212c-2d23-4525-9a36-0d1ff97781c2","__parent":"Amb_2D","position":[424.776398,547.648438,250],"cloneOrigin":"Field_79","rotationMatrix":[0.607717872,-0.794153214,-4.47380444e-09,0.79415226,0.607717454,-0.000690531626,0.000548390264,0.000419646152,0.999999821],"scale":[130.651581,131.383331,1000],"soundAmbience":"Amb_WC_Field"}
{"name":"Field_81","class":"SFXSpace","persistentId":"da7cfb93-2e34-455f-8533-cdbe2c08af06","__parent":"Amb_2D","position":[468.127686,210.781952,250],"cloneOrigin":"Field_80","rotationMatrix":[0.999999404,-0.000457220827,-3.77940523e-09,0.000456403475,0.999999702,-0.000690529996,3.19019819e-07,0.000690531509,0.999999821],"scale":[283.850922,546.40033,1000],"soundAmbience":"Amb_WC_Field"}
{"name":"Field_82","class":"SFXSpace","persistentId":"9d938644-06f9-4be6-954e-e8578d6c242e","__parent":"Amb_2D","position":[170.942413,90.9734192,250],"cloneOrigin":"Field_81","rotationMatrix":[0.634562492,-0.77287209,-5.55519364e-09,0.772871017,0.634561896,-0.000690531277,0.000533695333,0.000438182265,0.999999821],"scale":[380.659241,624.635437,1000],"soundAmbience":"Amb_WC_Field"}
{"name":"Field_83","class":"SFXSpace","persistentId":"81c841c3-4387-4355-acc7-a49c69c1283f","__parent":"Amb_2D","position":[-150,-19.9999981,250],"cloneOrigin":"Field_75","rotationMatrix":[0.736269474,-0.676688492,-4.04270395e-09,0.676687479,0.736269414,-0.000690531684,0.00046727751,0.000508416386,0.999999821],"scale":[101.64212,76.038475,1000],"soundAmbience":"Amb_WC_Field"}
{"name":"Field_84","class":"SFXSpace","persistentId":"612e889e-83ca-49da-8556-f0644676d5fc","__parent":"Amb_2D","position":[1118.39099,944.610168,250],"cloneOrigin":"Field_8","rotationMatrix":[0.0225871094,-0.999744833,-3.66799213e-09,0.999743879,0.0225866027,-0.000690532674,0.000690356595,1.55948946e-05,0.999999821],"scale":[232.868454,241.051224,1000],"soundAmbience":"Amb_WC_Field"}
