{"name":"SpotLight_9","class":"SpotLight","persistentId":"abbf604f-c6ce-44fe-a3f5-3dee2ee5c9b1","__parent":"night_light","position":[1146.4353,-197.984406,127.478767],"brightness":0.600000024,"innerAngle":85,"isEnabled":false,"outerAngle":100,"range":65,"rotationMatrix":[0.162485719,-0.986703038,0.0039309198,0.986414433,0.162533283,0.0238636341,-0.0241852254,1.49011612e-08,0.99970752]}
{"name":"PointLight_1","class":"PointLight","persistentId":"2e516aa1-8a8c-41c3-a8cd-11192626cbe2","__parent":"night_light","position":[1368.07031,1379.36182,126.136246],"brightness":0.699999988,"color":[1,0.915079355,0.798064947,1],"flareScale":0.200000003,"flareType":"vehicleReverseLightFlare","isEnabled":false,"radius":20,"shadowSoftness":0.600000024}
{"name":"PointLight_2","class":"PointLight","persistentId":"222af1d5-15ac-49b6-a305-3f9a395e792b","__parent":"night_light","position":[1340.99658,1392.073,126.122375],"brightness":0.699999988,"color":[1,0.915079355,0.798064947,1],"flareScale":0.200000003,"flareType":"vehicleReverseLightFlare","isEnabled":false,"radius":20,"shadowDarkenColor":[0,0,0,0],"shadowSoftness":0.600000024}
{"name":"PointLight_3","class":"PointLight","persistentId":"a851b4cc-c2c9-4df4-9577-1c343789758d","__parent":"night_light","position":[1336.22766,1369.39148,126.122375],"brightness":0.699999988,"color":[1,0.915079355,0.798064947,1],"flareScale":0.200000003,"flareType":"vehicleReverseLightFlare","isEnabled":false,"radius":20,"shadowDarkenColor":[0,0,0,0],"shadowSoftness":0.600000024}
{"name":"PointLight_4","class":"PointLight","persistentId":"6a7dae93-a866-4db1-895a-6e492e75ef5d","__parent":"night_light","position":[1353.26294,1361.27185,126.122375],"brightness":0.699999988,"color":[1,0.915079355,0.798064947,1],"flareScale":0.200000003,"flareType":"vehicleReverseLightFlare","isEnabled":false,"radius":20,"shadowDarkenColor":[0,0,0,0],"shadowSoftness":0.600000024}
{"name":"PointLight_5","class":"PointLight","persistentId":"339805a8-ebdc-4a88-9127-2a7ebe98553f","__parent":"night_light","position":[1355.521,1335.84497,126.122375],"brightness":0.699999988,"color":[1,0.915079355,0.798064947,1],"flareScale":0.200000003,"flareType":"vehicleReverseLightFlare","isEnabled":false,"radius":20,"shadowDarkenColor":[0,0,0,0],"shadowSoftness":0.600000024}
{"name":"SpotLight_1","class":"SpotLight","persistentId":"6ad8f140-778c-4341-908f-39af5f0308e4","__parent":"night_light","position":[1374.03137,1348.11975,123.194382],"brightness":0.5,"color":[0.925680161,0.995610118,0.992280424,1],"isEnabled":false,"outerAngle":160,"rotationMatrix":[0.99999994,0,0,0,-8.74227766e-08,-0.999999881,0,0.99999994,-8.74227695e-08]}
{"name":"SpotLight_2","class":"SpotLight","persistentId":"cc15bea4-f65d-4c16-ac4e-b0e8162aa197","__parent":"night_light","position":[1374.03137,1353.31641,123.194382],"brightness":0.5,"color":[0.925680161,0.995610118,0.992280424,1],"isEnabled":false,"outerAngle":160,"rotationMatrix":[0.99999994,0,0,0,-8.74227766e-08,-0.999999881,0,0.99999994,-8.74227695e-08],"shadowDarkenColor":[0,0,0,0]}
{"name":"SpotLight_3","class":"SpotLight","persistentId":"ec0a1a9a-950a-4f8d-bf31-0b44dabcc443","__parent":"night_light","position":[1368.0697,1353.25562,123.194382],"brightness":0.5,"color":[0.925680161,0.995610118,0.992280424,1],"isEnabled":false,"outerAngle":160,"rotationMatrix":[0.99999994,0,0,0,-8.74227766e-08,-0.999999881,0,0.99999994,-8.74227695e-08],"shadowDarkenColor":[0,0,0,0]}
{"name":"SpotLight_4","class":"SpotLight","persistentId":"f2383ee3-9b34-4e62-aa0d-d101c653d642","__parent":"night_light","position":[1368.0697,1348.05896,123.194382],"brightness":0.5,"color":[0.925680161,0.995610118,0.992280424,1],"isEnabled":false,"outerAngle":160,"rotationMatrix":[0.99999994,0,0,0,-8.74227766e-08,-0.999999881,0,0.99999994,-8.74227695e-08],"shadowDarkenColor":[0,0,0,0]}
{"name":"SpotLight_5","class":"SpotLight","persistentId":"a6e2a332-3e31-4212-8b90-dce174999c39","__parent":"night_light","position":[1380.93933,1353.25562,123.194382],"brightness":0.5,"color":[0.925680161,0.995610118,0.992280424,1],"isEnabled":false,"outerAngle":160,"rotationMatrix":[0.99999994,0,0,0,-8.74227766e-08,-0.999999881,0,0.99999994,-8.74227695e-08],"shadowDarkenColor":[0,0,0,0]}
{"name":"SpotLight_6","class":"SpotLight","persistentId":"ead57671-9701-4536-acbc-913d3aad5245","__parent":"night_light","position":[1380.93933,1348.05896,123.194382],"brightness":0.5,"color":[0.925680161,0.995610118,0.992280424,1],"isEnabled":false,"outerAngle":160,"rotationMatrix":[0.99999994,0,0,0,-8.74227766e-08,-0.999999881,0,0.99999994,-8.74227695e-08],"shadowDarkenColor":[0,0,0,0]}
{"name":"SpotLight_7","class":"SpotLight","persistentId":"fa037885-4019-40e2-9482-0206c203714d","__parent":"night_light","position":[1387.02478,1353.25562,123.194382],"brightness":0.5,"color":[0.925680161,0.995610118,0.992280424,1],"isEnabled":false,"outerAngle":160,"rotationMatrix":[0.99999994,0,0,0,-8.74227766e-08,-0.999999881,0,0.99999994,-8.74227695e-08],"shadowDarkenColor":[0,0,0,0]}
{"name":"SpotLight_8","class":"SpotLight","persistentId":"0560412f-0386-4172-926a-a52c47dc6285","__parent":"night_light","position":[1387.02478,1348.05896,123.194382],"brightness":0.5,"color":[0.925680161,0.995610118,0.992280424,1],"isEnabled":false,"outerAngle":160,"rotationMatrix":[0.99999994,0,0,0,-8.74227766e-08,-0.999999881,0,0.99999994,-8.74227695e-08],"shadowDarkenColor":[0,0,0,0]}
{"name":"PointLight_6","class":"PointLight","persistentId":"9b2b6f80-f6a3-485d-b7e6-c7c12be777d8","__parent":"night_light","position":[1146.43506,-197.983994,127.478996],"flareScale":0.5,"flareType":"vehicleReverseLightFlare","isEnabled":false,"radius":0}
{"name":"SpotLight_10","class":"SpotLight","persistentId":"7c83c1a2-f350-493e-8c88-150cfbb3474a","__parent":"night_light","position":[1166.89551,-225.5439,127.478767],"brightness":0.600000024,"innerAngle":85,"isEnabled":false,"outerAngle":100,"range":65,"rotationMatrix":[0.818512022,-0.574475884,0.00393091841,0.574239969,0.818339109,0.0238636322,-0.0169259068,-0.0172753781,0.99970752],"shadowDarkenColor":[0,0,0,0]}
{"name":"PointLight_7","class":"PointLight","persistentId":"cfe37355-e98d-4767-8fc0-f686830c9062","__parent":"night_light","position":[1166.89514,-225.543793,127.478996],"flareScale":0.5,"flareType":"vehicleReverseLightFlare","isEnabled":false,"radius":0,"rotationMatrix":[0.699844599,0.714295089,0,-0.714295089,0.699844599,0,0,0,1],"shadowDarkenColor":[0,0,0,0]}
{"name":"PointLight_8","class":"PointLight","persistentId":"849e732f-5610-4c8b-b285-701baab958c8","__parent":"night_light","position":[1107.41077,-211.666,127.411278],"flareScale":0.5,"flareType":"vehicleReverseLightFlare","isEnabled":false,"radius":0,"rotationMatrix":[-0.565867662,0.824495852,0,-0.824495852,-0.565867662,0,0,0,1],"shadowDarkenColor":[0,0,0,0]}
{"name":"SpotLight_11","class":"SpotLight","persistentId":"6e849acc-0336-40af-9c17-f353a7ff664b","__parent":"night_light","position":[1107.41101,-211.665649,127.411049],"brightness":0.600000024,"innerAngle":85,"isEnabled":false,"outerAngle":100,"range":65,"rotationMatrix":[0.721587598,0.692311943,0.00393091934,-0.692187846,0.721322775,0.023863636,0.0136856195,-0.0199406371,0.99970752],"shadowDarkenColor":[0,0,0,0]}
{"name":"SpotLight_12","class":"SpotLight","persistentId":"fb1b12ce-2871-4438-aff6-e870f52e288a","__parent":"night_light","position":[1081.7179,-191.440582,125.072479],"brightness":0.600000024,"innerAngle":85,"isEnabled":false,"outerAngle":100,"range":65,"rotationMatrix":[-0.957668662,0.287843823,0.00393091794,-0.287674248,-0.957430363,0.0238636304,0.0106325829,0.0217226427,0.99970752],"shadowDarkenColor":[0,0,0,0]}
{"name":"PointLight_9","class":"PointLight","persistentId":"e753fb6f-018b-419c-bda6-77eaca3b6b83","__parent":"night_light","position":[1081.71838,-191.440628,125.072708],"flareScale":0.5,"flareType":"vehicleReverseLightFlare","isEnabled":false,"radius":0,"rotationMatrix":[-0.439630032,-0.898178637,0,0.898178637,-0.439630032,0,0,0,1],"shadowDarkenColor":[0,0,0,0]}
{"name":"PointLight_10","class":"PointLight","persistentId":"d0e4635b-17f1-4263-9a33-9de35bc62074","__parent":"night_light","position":[1090.33923,-158.773972,125.756027],"flareScale":0.5,"flareType":"vehicleReverseLightFlare","isEnabled":false,"radius":0,"rotationMatrix":[0.993838727,-0.110836089,0,0.110836089,0.993838727,0,0,0,1],"shadowDarkenColor":[0,0,0,0]}
{"name":"SpotLight_13","class":"SpotLight","persistentId":"3f3c80e0-24d4-4e38-8945-d3e343e68053","__parent":"night_light","position":[1090.33936,-158.77446,125.755798],"brightness":0.600000024,"innerAngle":85,"isEnabled":false,"outerAngle":100,"range":65,"rotationMatrix":[0.0521214604,-0.998632848,0.00393091887,0.998351276,0.052200675,0.0238636322,-0.0240362063,0.00268063787,0.99970752],"shadowDarkenColor":[0,0,0,0]}
{"name":"PointLight_11","class":"PointLight","persistentId":"27ab6ed1-9795-4fa5-84d8-92ddf5d28288","__parent":"night_light","position":[863.47699,85.1582718,131.048706],"flareScale":0.5,"flareType":"vehicleReverseLightFlare","isEnabled":false,"radius":0,"rotationMatrix":[-0.993502378,0.113809913,0,-0.113809913,-0.993502378,0,0,0,1],"shadowDarkenColor":[0,0,0,0]}
{"name":"SpotLight_14","class":"SpotLight","persistentId":"ab7f320c-deba-4bf5-a4fb-c860fbf4a02f","__parent":"night_light","position":[863.476868,85.1587601,131.048462],"brightness":0.600000024,"innerAngle":85,"isEnabled":false,"outerAngle":100,"range":65,"rotationMatrix":[-0.0491327047,0.998784423,0.00393092167,-0.998503089,-0.0492128134,0.0238636248,0.0240280703,-0.00275255274,0.99970752],"shadowDarkenColor":[0,0,0,0]}
