{"class":"TSStatic","persistentId":"3688dc20-8deb-49fb-bb6a-2512bfafecb0","__parent":"quarry","decalType":"None","isRenderEnabled":false,"shapeName":"/levels/west_coast_usa/art/shapes/buildings/s_quarry_fencing.dae","useInstanceRenderData":true}
{"class":"TSStatic","persistentId":"2d67cba0-efee-43fa-8c9c-13ffa623ead2","__parent":"quarry","position":[699.532898,-843.774048,157.772675],"isRenderEnabled":false,"rotationMatrix":[0.831889272,0.553141832,-0.0446589962,-0.548558235,0.831824064,0.0845728517,0.0839292035,-0.0458571911,0.995415986],"scale":[0.800000012,0.800000012,0.800000012],"shapeName":"/levels/west_coast_usa/art/shapes/objects/boom_lift2.dae","useInstanceRenderData":true}
{"class":"TSStatic","persistentId":"da57fa30-ddeb-4075-86f2-05a2af03560c","__parent":"quarry","position":[765.988403,-821.043274,159.094742],"annotation":"OBSTACLES","isRenderEnabled":false,"rotationMatrix":[-0.37595582,0.926637769,0,-0.926637769,-0.37595582,0,0,0,1],"shapeName":"/levels/west_coast_usa/art/shapes/buildings/transformer_ground.dae","useInstanceRenderData":true}
{"class":"TSStatic","persistentId":"46d49df2-dcae-430b-8673-0aa4be3b52ba","__parent":"quarry","position":[815.96521,-785.744812,165.402206],"isRenderEnabled":false,"rotationMatrix":[0.901886761,0.431972623,0,-0.431972623,0.901886761,0,0,0,1],"shapeName":"/levels/west_coast_usa/art/shapes/buildings/guardhouse.dae","useInstanceRenderData":true}
{"class":"TSStatic","persistentId":"e87fc1e1-1583-432c-b3ee-852cde15b011","__parent":"quarry","position":[555.100891,-898.681519,153.764069],"isRenderEnabled":false,"rotationMatrix":[-0.468327761,0.883554637,0,-0.883554637,-0.468327761,0,0,0,1],"shapeName":"/levels/west_coast_usa/art/shapes/buildings/guardhouse.dae","useInstanceRenderData":true}
{"class":"TSStatic","persistentId":"0f1fb1a2-6795-4e60-a6a7-56732853d9e4","__parent":"quarry","position":[650.177368,-841.229858,156.775284],"annotation":"BUILDINGS","isRenderEnabled":false,"rotationMatrix":[-0.325973153,0.945379376,0,-0.945379376,-0.325973153,0,0,0,1],"shapeName":"/levels/west_coast_usa/art/shapes/buildings/s_quarry_watertank_01.dae","useInstanceRenderData":true}
{"class":"TSStatic","persistentId":"04fe3b28-287c-497a-be40-573f7f25897b","__parent":"quarry","position":[715.989746,-843.071838,157.006943],"annotation":"BUILDINGS","isRenderEnabled":false,"rotationMatrix":[-0.976620078,-0.214972928,0,0.214972928,-0.976620078,0,0,0,1],"shapeName":"/levels/west_coast_usa/art/shapes/buildings/s_quarry_watertank_01.dae","useInstanceRenderData":true}
{"class":"TSStatic","persistentId":"0dde6955-80ae-4e2a-af06-de041cbdecd2","__parent":"quarry","position":[722.330688,-841.314697,157.006943],"annotation":"BUILDINGS","isRenderEnabled":false,"rotationMatrix":[0.972219348,0.234071672,0,-0.234071672,0.972219348,0,0,0,1],"shapeName":"/levels/west_coast_usa/art/shapes/buildings/s_quarry_watertank_01.dae","useInstanceRenderData":true}
{"class":"TSStatic","persistentId":"854e7c54-020d-46a9-a0a1-e9850a43b23e","__parent":"quarry","position":[634.412048,-828.278442,156.465179],"annotation":"BUILDINGS","isRenderEnabled":false,"rotationMatrix":[-0.779462218,-0.626449168,0,0.626449168,-0.779462218,0,0,0,1],"shapeName":"/levels/west_coast_usa/art/shapes/buildings/s_quarry_watertank_01.dae","useInstanceRenderData":true}
{"class":"TSStatic","persistentId":"71ab27d0-413b-44ff-a1e9-549d3e39d6dd","__parent":"quarry","isRenderEnabled":false,"shapeName":"/levels/west_coast_usa/art/shapes/buildings/s_quarry_hoses.dae","useInstanceRenderData":true}
{"class":"TSStatic","persistentId":"d960384c-ea39-4fd8-b4b4-64ad0c7b8f7e","__parent":"quarry","collisionType":"Visible Mesh Final","decalType":"Visible Mesh Final","isRenderEnabled":false,"shapeName":"/levels/west_coast_usa/art/shapes/buildings/s_quarry_walls.dae","useInstanceRenderData":true}
{"class":"TSStatic","persistentId":"68e03584-ea95-4856-bc8e-15d8673d818e","__parent":"quarry","position":[697.82843,-815.511475,157.356064],"annotation":"BUILDINGS","isRenderEnabled":false,"rotationMatrix":[0.0949665904,-0.995480537,0,0.995480537,0.0949665904,0,0,0,1],"shapeName":"/levels/west_coast_usa/art/shapes/buildings/s_quarry_crusher_01.dae","useInstanceRenderData":true}
{"class":"TSStatic","persistentId":"8ac9aa40-b167-42e3-9a1e-4589b00adbd2","__parent":"quarry","position":[602.195435,-901.682007,148.53093],"isRenderEnabled":false,"rotationMatrix":[-0.345095158,0.938567698,0,-0.938567698,-0.345095158,0,0,0,1],"shapeName":"/levels/west_coast_usa/art/shapes/buildings/s_quarry_crusher_01.dae","useInstanceRenderData":true}
{"class":"TSStatic","persistentId":"7347f7e2-a9b1-44f8-8fd7-5d236a76ed98","__parent":"quarry","position":[624.533691,-890.453613,151.279617],"isRenderEnabled":false,"rotationMatrix":[0.398229122,-0.917285919,1.11758709e-08,0.913267374,0.396484554,0.0935016274,-0.0857677311,-0.0372350514,0.995619118],"shapeName":"/levels/west_coast_usa/art/shapes/buildings/s_quarry_conveyor_40m.dae","useInstanceRenderData":true}
{"class":"TSStatic","persistentId":"4584594c-f848-4323-b8da-edc60c81df04","__parent":"quarry","position":[657.307617,-868.27832,158.133438],"isRenderEnabled":false,"rotationMatrix":[0.623315096,-0.781587899,0.0244650096,0.750631392,0.606809855,0.261407971,-0.219158962,-0.144575313,0.964918315],"shapeName":"/levels/west_coast_usa/art/shapes/buildings/s_quarry_conveyor_40m.dae","useInstanceRenderData":true}
{"class":"TSStatic","persistentId":"9a6a131a-05ee-4e0c-b658-001afb2ea9fb","__parent":"quarry","position":[658.705444,-823.224976,163.037933],"isRenderEnabled":false,"rotationMatrix":[-0.659658313,0.751513124,0.0088799363,-0.751384497,-0.659712791,0.0141545758,0.0164955556,0.00266493717,0.999860406],"scale":[1.12939453,1.12939453,1.12939453],"shapeName":"/levels/west_coast_usa/art/shapes/buildings/s_quarry_conveyor_40m.dae","useInstanceRenderData":true}
{"class":"TSStatic","persistentId":"09cbb179-c85e-4e4e-ac13-bfeac0daa391","__parent":"quarry","position":[666.470032,-816.324768,155.424927],"isRenderEnabled":false,"rotationMatrix":[0.767098844,-0.641529024,0,0.641529024,0.767098844,0,0,0,1],"shapeName":"/levels/west_coast_usa/art/shapes/buildings/s_quarry_pillar.dae","useInstanceRenderData":true}
{"class":"TSStatic","persistentId":"11a732c9-8100-4f8e-8483-f956fcaa1692","__parent":"quarry","position":[666.483826,-816.402344,160.825272],"isRenderEnabled":false,"rotationMatrix":[0.767098844,-0.641529024,0,0.641529024,0.767098844,0,0,0,1],"shapeName":"/levels/west_coast_usa/art/shapes/buildings/s_quarry_support_6m.dae","useInstanceRenderData":true}
{"class":"TSStatic","persistentId":"0d805950-05b2-48a6-89fc-f4b4db37b4d2","__parent":"quarry","position":[696.156921,-833.969299,162.569199],"isRenderEnabled":false,"rotationMatrix":[-0.982585251,0.18452473,0.0218295436,-0.185811475,-0.975780845,-0.115436293,0,-0.117482215,0.993074894],"scale":[1,0.899999976,0.899999976],"shapeName":"/levels/west_coast_usa/art/shapes/buildings/s_quarry_conveyor_40m.dae","useInstanceRenderData":true}
{"class":"TSStatic","persistentId":"93c7d515-f701-4e8e-8ffd-c3bf937f18f7","__parent":"quarry","position":[695.13562,-838.473694,158.844437],"isRenderEnabled":false,"rotationMatrix":[0.973721087,-0.22774373,0,0.22774373,0.973721087,0,0,0,1],"shapeName":"/levels/west_coast_usa/art/shapes/buildings/s_quarry_support_6m.dae","useInstanceRenderData":true}
{"class":"TSStatic","persistentId":"1a8fb2ca-941a-48cd-93ca-f2dcb3bd95a4","__parent":"quarry","position":[695.088379,-838.410645,155.328583],"isRenderEnabled":false,"rotationMatrix":[0.973721087,-0.22774373,0,0.22774373,0.973721087,0,0,0,1],"shapeName":"/levels/west_coast_usa/art/shapes/buildings/s_quarry_pillar.dae","useInstanceRenderData":true}
{"class":"TSStatic","persistentId":"7b6dc0d5-303b-4708-9153-5e4f48bb3754","__parent":"quarry","position":[659.996277,-873.415771,156.705963],"isRenderEnabled":false,"rotationMatrix":[0.466846287,-0.883944094,-0.0264094546,0.862309992,0.448390305,0.235303298,-0.196153194,-0.132623628,0.971563101],"shapeName":"/levels/west_coast_usa/art/shapes/buildings/s_quarry_conveyor_40m.dae","useInstanceRenderData":true}
{"class":"TSStatic","persistentId":"86ea6cd6-b43c-409e-88c8-35ee19de0655","__parent":"quarry","position":[695.852478,-835.409119,161.584229],"isRenderEnabled":false,"rotationMatrix":[0.973721087,-0.22774376,-3.7252903e-08,0.0878219754,0.37548393,-0.922658801,0.210129768,0.898412347,0.385617495],"shapeName":"/levels/west_coast_usa/art/shapes/buildings/s_quarry_support_6m.dae","useInstanceRenderData":true}
{"class":"TSStatic","persistentId":"db04f72c-c21d-412c-9b0d-41c5e6ceaa7f","__parent":"quarry","position":[649.866577,-843.534424,161.567184],"isRenderEnabled":false,"rotationMatrix":[0.732471704,0.68043679,0.0221564658,-0.672297776,0.728070378,-0.133899495,-0.107241616,0.0831818432,0.990747213],"scale":[0.822729468,0.822729468,0.822729468],"shapeName":"/levels/west_coast_usa/art/shapes/buildings/s_quarry_conveyor_40m.dae","useInstanceRenderData":true}
{"class":"TSStatic","persistentId":"bd16f9d8-a514-4e7c-97c6-b36bc24f9518","__parent":"quarry","position":[717.227966,-831.873779,163.011078],"isRenderEnabled":false,"rotationMatrix":[-0.772378922,0.633940816,-0.0393645167,-0.624775648,-0.769450307,-0.132669777,-0.114393845,-0.0778773576,0.99037832],"shapeName":"/levels/west_coast_usa/art/shapes/buildings/s_quarry_conveyor_40m.dae","useInstanceRenderData":true}
{"class":"TSStatic","persistentId":"bb77777d-c138-4b0d-aef2-441030c88df0","__parent":"quarry","position":[727.36322,-819.495361,155.328583],"isRenderEnabled":false,"rotationMatrix":[0.772418916,-0.635113418,0,0.635113418,0.772418916,0,0,0,1],"shapeName":"/levels/west_coast_usa/art/shapes/buildings/s_quarry_pillar.dae","useInstanceRenderData":true}
{"class":"TSStatic","persistentId":"56921449-c217-4343-b731-b4483dc774f9","__parent":"quarry","position":[727.377686,-819.572815,162.073578],"isRenderEnabled":false,"rotationMatrix":[0.772418916,-0.635113418,0,0.635113418,0.772418916,0,0,0,1],"shapeName":"/levels/west_coast_usa/art/shapes/buildings/s_quarry_support_6m.dae","useInstanceRenderData":true}
{"class":"TSStatic","persistentId":"3e799290-da72-452d-9032-99205dd7bd50","__parent":"quarry","position":[725.880676,-821.393677,162.458038],"isRenderEnabled":false,"rotationMatrix":[0.772418976,-0.635113358,5.96046448e-08,0.434693694,0.528670549,0.729074061,-0.463044643,-0.563150585,0.684434891],"shapeName":"/levels/west_coast_usa/art/shapes/buildings/s_quarry_support_6m.dae","useInstanceRenderData":true}
{"class":"TSStatic","persistentId":"8e0ed1a0-9905-47b1-9045-df8ace1fd7e3","__parent":"quarry","position":[656.395203,-850.816772,159.982254],"isRenderEnabled":false,"rotationMatrix":[0.745818853,0.666148841,0,-0.666148841,0.745818853,0,0,0,1],"shapeName":"/levels/west_coast_usa/art/shapes/buildings/s_quarry_support_6m.dae","useInstanceRenderData":true}
{"class":"TSStatic","persistentId":"86b70d1d-b060-4802-9df8-ee7bf70e0938","__parent":"quarry","position":[656.316467,-850.819214,155.328583],"isRenderEnabled":false,"rotationMatrix":[0.745818853,0.666148841,0,-0.666148841,0.745818853,0,0,0,1],"shapeName":"/levels/west_coast_usa/art/shapes/buildings/s_quarry_pillar.dae","useInstanceRenderData":true}
{"class":"TSStatic","persistentId":"eefb8f9e-86c1-4463-8289-b79e006ee4b5","__parent":"quarry","position":[709.297791,-841.618286,158.331223],"isRenderEnabled":false,"rotationMatrix":[0.80941546,-0.587236524,0,0.587236524,0.80941546,0,0,0,1],"shapeName":"/levels/west_coast_usa/art/shapes/buildings/s_quarry_support_6m.dae","useInstanceRenderData":true}
{"class":"TSStatic","persistentId":"13142975-690b-40d0-99fa-fc3a3fd308af","__parent":"quarry","position":[709.278687,-841.54187,154.815369],"isRenderEnabled":false,"rotationMatrix":[0.80941546,-0.587236524,0,0.587236524,0.80941546,0,0,0,1],"shapeName":"/levels/west_coast_usa/art/shapes/buildings/s_quarry_pillar.dae","useInstanceRenderData":true}
{"class":"TSStatic","persistentId":"c8b7b51f-9db1-4f07-9922-57405ecb9e88","__parent":"quarry","position":[699.644348,-819.196533,161.358185],"isRenderEnabled":false,"rotationMatrix":[0.973721087,-0.22774373,0,0.22774373,0.973721087,0,0,0,1],"shapeName":"/levels/west_coast_usa/art/shapes/buildings/s_quarry_support_6m.dae","useInstanceRenderData":true}
{"class":"TSStatic","persistentId":"2fbfc059-7c3b-4a51-9d94-c17ef1b4386a","__parent":"quarry","position":[699.597107,-819.133484,156.088562],"isRenderEnabled":false,"rotationMatrix":[0.973721087,-0.22774373,0,0.22774373,0.973721087,0,0,0,1],"shapeName":"/levels/west_coast_usa/art/shapes/buildings/s_quarry_pillar.dae","useInstanceRenderData":true}
{"class":"TSStatic","persistentId":"4e9bc287-7c3b-49ae-9819-20710b825c3b","__parent":"quarry","position":[693.251648,-816.819519,159.068878],"isRenderEnabled":false,"rotationMatrix":[0.0712031722,-0.997461855,8.19563866e-08,0.965920269,0.0689515471,-0.249486864,0.248853594,0.0177643374,0.968378186],"shapeName":"/levels/west_coast_usa/art/shapes/buildings/s_quarry_conveyor_10m.dae","useInstanceRenderData":true}
{"class":"TSStatic","persistentId":"7967fa21-d17d-4e44-b74b-9ae22e8a7872","__parent":"quarry","position":[684.882751,-814.588928,160.312439],"isRenderEnabled":false,"rotationMatrix":[-0.631897807,-0.77487427,-0.016601108,0.738895833,-0.595815778,-0.314701676,0.233962983,-0.211125717,0.949045479],"shapeName":"/levels/west_coast_usa/art/shapes/buildings/s_quarry_conveyor_10m.dae","useInstanceRenderData":true}
{"class":"TSStatic","persistentId":"47eb409c-46a0-4d7f-b9ab-c85c1ce3107e","__parent":"quarry","position":[680.058289,-810.698669,162.367249],"isRenderEnabled":false,"rotationMatrix":[-0.640414596,-0.766197145,-0.0530258268,0.738895833,-0.595815778,-0.314701676,0.209529862,-0.240719989,0.947708368],"scale":[0.974489212,1,1],"shapeName":"/levels/west_coast_usa/art/shapes/buildings/s_quarry_conveyor_10m.dae","useInstanceRenderData":true}
{"class":"TSStatic","persistentId":"a071b48d-77ae-48ef-91eb-63d6104aacc6","__parent":"quarry","position":[678.638672,-809.554016,155.586578],"isRenderEnabled":false,"rotationMatrix":[-0.646825075,-0.762638628,0,0.762638628,-0.646825075,0,0,0,1],"shapeName":"/levels/west_coast_usa/art/shapes/buildings/s_quarry_pillar.dae","useInstanceRenderData":true}
{"class":"TSStatic","persistentId":"995e9261-9365-4cef-8501-50f9d7423027","__parent":"quarry","position":[678.594604,-809.527649,159.417328],"isRenderEnabled":false,"rotationMatrix":[-0.646825075,-0.762638628,0,0.762638628,-0.646825075,0,0,0,1],"shapeName":"/levels/west_coast_usa/art/shapes/buildings/s_quarry_support_6m.dae","useInstanceRenderData":true}
{"class":"TSStatic","persistentId":"966238a7-bd0b-457f-bfbb-8bae58c24210","__parent":"quarry","position":[644.457214,-835.694397,155.424927],"isRenderEnabled":false,"rotationMatrix":[0.570426106,-0.821348906,0,0.821348906,0.570426106,0,0,0,1],"shapeName":"/levels/west_coast_usa/art/shapes/buildings/s_quarry_pillar.dae","useInstanceRenderData":true}
{"class":"TSStatic","persistentId":"62587013-b8a6-466b-a42b-dd52deb1bab7","__parent":"quarry","position":[644.450012,-835.772888,160.825272],"isRenderEnabled":false,"rotationMatrix":[0.570426106,-0.821348906,0,0.821348906,0.570426106,0,0,0,1],"shapeName":"/levels/west_coast_usa/art/shapes/buildings/s_quarry_support_6m.dae","useInstanceRenderData":true}
{"class":"TSStatic","persistentId":"683f83ae-1019-4864-9828-15ac397accc2","__parent":"quarry","position":[639.925476,-837.885071,158.779129],"isRenderEnabled":false,"rotationMatrix":[0.750700295,0.660642862,0,-0.660642862,0.750700295,0,0,0,1],"shapeName":"/levels/west_coast_usa/art/shapes/buildings/s_quarry_distributor_01.dae","useInstanceRenderData":true}
{"class":"TSStatic","persistentId":"c2eb46f1-d371-4e79-87be-7120b4e8805f","__parent":"quarry","position":[676.095032,-807.983765,158.214462],"isRenderEnabled":false,"rotationMatrix":[0.751400828,0.659846067,0,-0.659846067,0.751400828,0,0,0,1],"scale":[1,1,0.689965725],"shapeName":"/levels/west_coast_usa/art/shapes/buildings/s_quarry_distributor_02.dae","useInstanceRenderData":true}
{"class":"TSStatic","persistentId":"f0a18881-f04b-4a2e-ab90-eef74043c0ed","__parent":"quarry","position":[687.956726,-816.700134,158.270309],"isRenderEnabled":false,"rotationMatrix":[0.268070221,0.96339941,0,-0.96339941,0.268070221,0,0,0,1],"scale":[1,1,0.689965725],"shapeName":"/levels/west_coast_usa/art/shapes/buildings/s_quarry_distributor_02.dae","useInstanceRenderData":true}
{"class":"TSStatic","persistentId":"11f25540-f2a2-40aa-93d2-46412e1bbee2","__parent":"quarry","position":[705.332886,-846.378296,154.554337],"isRenderEnabled":false,"rotationMatrix":[-0.74145329,0.671004117,0,-0.671004117,-0.74145329,0,0,0,1],"scale":[1,1,0.689965725],"shapeName":"/levels/west_coast_usa/art/shapes/buildings/s_quarry_distributor_02.dae","useInstanceRenderData":true}
{"class":"TSStatic","persistentId":"a6bed913-3e53-438e-b846-2ad92a1d75f9","__parent":"quarry","position":[664.166016,-818.405762,161.196182],"isRenderEnabled":false,"rotationMatrix":[0.6667943,-0.745241821,8.94069672e-08,0.157806337,0.14119494,0.977323532,-0.728342295,-0.651673794,0.211751819],"shapeName":"/levels/west_coast_usa/art/shapes/buildings/s_quarry_support_12m.dae","useInstanceRenderData":true}
{"class":"TSStatic","persistentId":"0c4b202a-5356-4715-a64f-2adcd2d23916","__parent":"quarry","position":[641.887756,-834.671509,156.576385],"isRenderEnabled":false,"rotationMatrix":[0.751400828,0.659846067,0,-0.659846067,0.751400828,0,0,0,1],"scale":[1,1,0.689965725],"shapeName":"/levels/west_coast_usa/art/shapes/buildings/s_quarry_distributor_02.dae","useInstanceRenderData":true}
{"class":"TSStatic","persistentId":"64d6c3ee-bd90-422c-b415-a0f40ed8fc19","__parent":"quarry","position":[639.997253,-832.484558,153.420822],"isRenderEnabled":false,"rotationMatrix":[0.751400828,0.659846067,0,-0.659846067,0.751400828,0,0,0,1],"scale":[1,1,0.689965725],"shapeName":"/levels/west_coast_usa/art/shapes/buildings/s_quarry_distributor_02.dae","useInstanceRenderData":true}
{"class":"TSStatic","persistentId":"5c3bb4f5-d969-4991-81c6-359a81b03292","__parent":"quarry","position":[658.492859,-867.110718,156.123947],"isRenderEnabled":false,"rotationMatrix":[-0.679448009,0.733724475,0,-0.733724475,-0.679448009,0,0,0,1],"scale":[1,1,0.689965725],"shapeName":"/levels/west_coast_usa/art/shapes/buildings/s_quarry_distributor_02.dae","useInstanceRenderData":true}
{"class":"TSStatic","persistentId":"add552d8-cb1e-4863-83e7-25947cd76cea","__parent":"quarry","position":[643.070618,-882.366638,150.408539],"isRenderEnabled":false,"rotationMatrix":[-0.44859159,0.893737197,0,-0.893737197,-0.44859159,0,0,0,1],"scale":[0.696034193,1,0.689965725],"shapeName":"/levels/west_coast_usa/art/shapes/buildings/s_quarry_distributor_02.dae","useInstanceRenderData":true}
{"class":"TSStatic","persistentId":"252d6dc5-c753-4cf6-aa72-1928dbff0265","__parent":"quarry","position":[676.800049,-862.914001,157.383942],"annotation":"BUILDINGS","isRenderEnabled":false,"rotationMatrix":[0.823000789,0.568040252,0,-0.568040252,0.823000789,0,0,0,1],"shapeName":"/levels/west_coast_usa/art/shapes/buildings/s_quarry_distributor_01.dae","useInstanceRenderData":true}
{"class":"TSStatic","persistentId":"80880a77-6b0c-4c99-b061-dc36758ec81f","__parent":"quarry","position":[682.985718,-860.686462,158.052933],"isRenderEnabled":false,"rotationMatrix":[0.540829778,-0.841129243,-0.00215367228,0.829217732,0.53273797,0.169080362,-0.141071111,-0.0932295471,0.985599935],"shapeName":"/levels/west_coast_usa/art/shapes/buildings/s_quarry_conveyor_10m.dae","useInstanceRenderData":true}
{"class":"TSStatic","persistentId":"d8f621ed-18c7-4e10-9ae8-fbb7bda04051","__parent":"quarry","position":[691.39325,-855.284912,159.767258],"isRenderEnabled":false,"rotationMatrix":[0.540829778,-0.841129243,-0.00215367228,0.829217732,0.53273797,0.169080362,-0.141071111,-0.0932295471,0.985599935],"shapeName":"/levels/west_coast_usa/art/shapes/buildings/s_quarry_conveyor_10m.dae","useInstanceRenderData":true}
{"class":"TSStatic","persistentId":"beb3cb3d-0377-4fd2-9fb4-d89df236ce5a","__parent":"quarry","position":[699.798096,-849.885254,161.481018],"isRenderEnabled":false,"rotationMatrix":[0.540829778,-0.841129243,-0.00215367228,0.829217732,0.53273797,0.169080362,-0.141071111,-0.0932295471,0.985599935],"shapeName":"/levels/west_coast_usa/art/shapes/buildings/s_quarry_conveyor_10m.dae","useInstanceRenderData":true}
{"class":"TSStatic","persistentId":"4ed89407-c1dc-4342-88fe-46db67c6ea65","__parent":"quarry","position":[681.251648,-856.037231,160.066208],"isRenderEnabled":false,"rotationMatrix":[0.540829718,-0.841129482,-0.00215366483,0.821143806,0.527420998,0.218059778,-0.18228057,-0.119701691,0.975933075],"shapeName":"/levels/west_coast_usa/art/shapes/buildings/s_quarry_conveyor_10m.dae","useInstanceRenderData":true}
{"class":"TSStatic","persistentId":"2b243f46-3c40-47a0-9574-96136774e762","__parent":"quarry","position":[688.981934,-851.072021,162.119034],"isRenderEnabled":false,"rotationMatrix":[0.540829718,-0.841129482,-0.00215366483,0.821143806,0.527420998,0.218059778,-0.18228057,-0.119701691,0.975933075],"shapeName":"/levels/west_coast_usa/art/shapes/buildings/s_quarry_conveyor_10m.dae","useInstanceRenderData":true}
{"class":"TSStatic","persistentId":"c42714b4-0337-4261-b7c6-04dc4acfa9cc","__parent":"quarry","position":[629.128845,-888.481812,148.756073],"isRenderEnabled":false,"rotationMatrix":[0.407366872,-0.913264751,0,0.913264751,0.407366872,0,0,0,1],"shapeName":"/levels/west_coast_usa/art/shapes/buildings/s_quarry_support_6m.dae","useInstanceRenderData":true}
{"class":"TSStatic","persistentId":"4adea5d3-a03f-459d-87b4-9b9b61accf83","__parent":"quarry","position":[629.150513,-888.406067,145.240219],"isRenderEnabled":false,"rotationMatrix":[0.407366872,-0.913264751,0,0.913264751,0.407366872,0,0,0,1],"shapeName":"/levels/west_coast_usa/art/shapes/buildings/s_quarry_pillar.dae","useInstanceRenderData":true}
{"class":"TSStatic","persistentId":"f069cbb5-977d-4f4e-b0b9-e0352ec7e8ee","__parent":"quarry","position":[664.469299,-871.060364,154.905731],"isRenderEnabled":false,"rotationMatrix":[0.501254618,-0.865299761,0,0.865299761,0.501254618,0,0,0,1],"shapeName":"/levels/west_coast_usa/art/shapes/buildings/s_quarry_support_6m.dae","useInstanceRenderData":true}
{"class":"TSStatic","persistentId":"0e82ee61-fa4a-474e-9684-83899c984e92","__parent":"quarry","position":[664.482849,-870.982788,151.389877],"isRenderEnabled":false,"rotationMatrix":[0.501254618,-0.865299761,0,0.865299761,0.501254618,0,0,0,1],"shapeName":"/levels/west_coast_usa/art/shapes/buildings/s_quarry_pillar.dae","useInstanceRenderData":true}
{"class":"TSStatic","persistentId":"8ddf326f-f2e4-4696-84f8-76e09ac4e429","__parent":"quarry","position":[696.537842,-852.009033,156.86264],"isRenderEnabled":false,"rotationMatrix":[0.501254618,-0.865299761,0,0.865299761,0.501254618,0,0,0,1],"shapeName":"/levels/west_coast_usa/art/shapes/buildings/s_quarry_support_6m.dae","useInstanceRenderData":true}
{"class":"TSStatic","persistentId":"7b84f890-7b82-4a72-8b65-6bc2acb5334a","__parent":"quarry","position":[696.551392,-851.931458,153.346786],"isRenderEnabled":false,"rotationMatrix":[0.501254618,-0.865299761,0,0.865299761,0.501254618,0,0,0,1],"shapeName":"/levels/west_coast_usa/art/shapes/buildings/s_quarry_pillar.dae","useInstanceRenderData":true}
{"class":"TSStatic","persistentId":"3d71cf13-551b-4783-991c-3a3e3609d67e","__parent":"quarry","position":[702.614258,-847.836609,155.168839],"isRenderEnabled":false,"rotationMatrix":[-0.541492224,0.84070617,0,-0.84070617,-0.541492224,0,0,0,1],"scale":[1,1,0.689965725],"shapeName":"/levels/west_coast_usa/art/shapes/buildings/s_quarry_distributor_02.dae","useInstanceRenderData":true}
{"class":"TSStatic","persistentId":"7004142a-59d7-4374-a720-65577679c8e0","__parent":"quarry","position":[643.792175,-879.181824,150.908203],"isRenderEnabled":false,"rotationMatrix":[-0.626075506,0.779762089,0,-0.779762089,-0.626075506,0,0,0,1],"scale":[0.696034193,1,0.689965725],"shapeName":"/levels/west_coast_usa/art/shapes/buildings/s_quarry_distributor_02.dae","useInstanceRenderData":true}
{"class":"TSStatic","persistentId":"aa7b91d2-5046-4ab5-b107-6ac66f705808","__parent":"quarry","position":[693.030029,-850.307922,154.284698],"isRenderEnabled":false,"rotationMatrix":[0.190864027,0.981616616,0,-0.981616616,0.190864027,0,0,0,1],"scale":[1,1,0.689965725],"shapeName":"/levels/west_coast_usa/art/shapes/buildings/s_quarry_distributor_02.dae","useInstanceRenderData":true}
{"class":"TSStatic","persistentId":"f996ec21-5119-4341-b540-4bc0f589fec6","__parent":"quarry","position":[691.134033,-849.676208,158.844437],"isRenderEnabled":false,"rotationMatrix":[0.427829742,-0.903859437,0,0.903859437,0.427829742,0,0,0,1],"shapeName":"/levels/west_coast_usa/art/shapes/buildings/s_quarry_support_6m.dae","useInstanceRenderData":true}
{"name":"quarryRocks","class":"SimGroup","persistentId":"56760b14-ce23-40ac-8d96-5138f6d3933a","__parent":"quarry"}
