{"class":"Zone","persistentId":"fd115110-7c50-42a9-a83d-34361c0fe6ee","__parent":"zones","position":[-1410.50916,-1002.26923,84.0384369],"ambientLightColor":[1,0.657720089,0.388269186,1],"rotationMatrix":[0.678813457,0.734310627,0,-0.734310627,0.678813457,0,0,0,0.999999881],"scale":[815,188.433777,39.8141136],"useAmbientLightColor":true}
{"class":"Zone","persistentId":"3a8e3e5e-159e-48ae-8f7f-fa1879c8aeb7","__parent":"zones","position":[-1131.09863,-495.246552,91.4618073],"ambientLightColor":[1,0.918528497,0.865877211,1],"rotationMatrix":[0.897062361,0.441591322,-0.0166192669,-0.441515565,0.89721632,0.00817965902,0.0185231436,4.65661287e-10,0.999828458],"scale":[300,145,20],"useAmbientLightColor":true}
{"class":"Zone","persistentId":"cd4014c6-f037-45db-ad11-28ac358e33e7","__parent":"zones","position":[-1455.21558,-956.681335,116.82029],"ambientLightColor":[1,0.99999398,0.999989986,1],"rotationMatrix":[0.678813457,0.734310627,0,-0.734310627,0.678813457,0,0,0,0.999999881],"scale":[29.7700043,121.531876,25],"useAmbientLightColor":true}
{"class":"Portal","persistentId":"c152de38-431d-4bc2-8381-a02e52ff7707","__parent":"zones","position":[-1002.30597,-416.485474,96.1473312],"rotationMatrix":[0.45947063,-0.888192832,-0.000172904227,0.888192356,0.45947063,-0.000961165875,0.000933145173,0.000288055249,0.999999523],"scale":[21.5169239,9.64789391,10.3978834]}
{"class":"Portal","persistentId":"b798ef54-690c-478c-b0c5-9fa9e880e16c","__parent":"zones","position":[-1239.28687,-607.777344,96.39711],"rotationMatrix":[0.64224422,-0.766499996,-0.000172904256,0.766499519,0.642243981,-0.000961165642,0.000847780379,0.00048477191,0.999999523],"scale":[21.5169239,9.64789391,10.3978834]}
{"class":"Portal","persistentId":"9a740332-aa62-4af6-bf27-0134ff1f127e","__parent":"zones","position":[-1289.68604,-815.449829,104.362762],"rotationMatrix":[0.678771436,0.734349489,8.74227695e-08,-5.93400848e-08,-6.41988791e-08,0.999999881,0.734349489,-0.678771496,0],"scale":[20.1460228,10.1875362,4.95630646]}
{"class":"Zone","persistentId":"f9f1f3cc-a2d8-4d37-8aff-65fda4668cbe","__parent":"zones","position":[-1364.38635,-836.578247,114.148705],"ambientLightColor":[1,0.99999392,0.999989986,1],"rotationMatrix":[0.678813457,0.734310627,0,-0.734310627,0.678813457,0,0,0,0.999999881],"scale":[272,30.9406166,20],"useAmbientLightColor":true}
{"class":"Zone","persistentId":"23925c14-5451-4e63-a990-2963ddd04b01","__parent":"zones","position":[-1342.43823,-856.856262,114.978424],"ambientLightColor":[1,0.99999392,0.999989986,1],"rotationMatrix":[0.678813457,0.734310627,0,-0.734310627,0.678813457,0,0,0,0.999999881],"scale":[151.903717,29.9993801,23],"useAmbientLightColor":true}
{"class":"Zone","persistentId":"5bd4dc5e-fc12-43b1-9020-28bac0176322","__parent":"zones","position":[-1401.62134,-842.956177,111.686356],"ambientLightColor":[1,0.99999392,0.999989986,1],"rotationMatrix":[0.678813457,0.734310627,0,-0.734310627,0.678813457,0,0,0,0.999999881],"scale":[30,15.9736385,15],"useAmbientLightColor":true}
{"class":"Portal","persistentId":"129832f0-c125-4784-8645-b5df0c95bdd7","__parent":"zones","position":[-1499.93213,-914.502014,109.478653],"rotationMatrix":[0.675589681,0.73727721,-0.000930163369,-0.737277389,0.675590098,0.000297542254,0.000847780262,0.00048477191,0.999999464],"scale":[31.5859375,9.64789391,10.3978834]}
{"class":"Portal","persistentId":"2dce5c24-6cdc-482c-871b-57e93af67b71","__parent":"zones","position":[-1409.23718,-997.608582,109.442055],"rotationMatrix":[0.675589681,0.73727721,-0.000930163369,-0.737277389,0.675590098,0.000297542254,0.000847780262,0.00048477191,0.999999464],"scale":[31.5859375,9.64789391,10.3978834]}
{"class":"Portal","persistentId":"515254b4-6b9e-456a-8bc5-932fd257598c","__parent":"zones","position":[-1429.90601,-930.365784,109.426979],"rotationMatrix":[-0.675589681,-0.737276971,0.000930163253,0.737277091,-0.675590158,-0.000297541905,0.000847780087,0.000484771852,0.999999523],"scale":[13.6878653,8.78508186,10.3978834]}
{"class":"Portal","persistentId":"3fac4a2b-3972-49d3-a8eb-38ad58a7d0b3","__parent":"zones","position":[-1330.3053,-868.770142,109.312683],"rotationMatrix":[0.675589681,0.73727721,-0.000930163369,-0.737277389,0.675590098,0.000297542254,0.000847780262,0.00048477191,0.999999464],"scale":[31.5859375,9.64789391,10.3978834]}
{"class":"Portal","persistentId":"304a8039-5818-4c1b-abc9-030ba61a5943","__parent":"zones","position":[-1403.35278,-831.314575,109.356445],"rotationMatrix":[0.675589681,0.73727721,-0.000930163369,-0.737277389,0.675590098,0.000297542254,0.000847780262,0.00048477191,0.999999464],"scale":[15.2633734,9.64789391,9.7692709]}
{"class":"Portal","persistentId":"cc4bf20a-0d40-408b-8c6b-ae0a65b57e02","__parent":"zones","position":[-1350.81677,-798.022522,109.295776],"rotationMatrix":[0.675589681,0.73727721,-0.000930163369,-0.737277389,0.675590098,0.000297542254,0.000847780262,0.00048477191,0.999999464],"scale":[15.2633734,9.64789391,9.7692709]}
{"class":"Portal","persistentId":"8ef42898-b530-473d-8b14-e6ea0670a036","__parent":"zones","position":[-1271.21753,-735.808289,109.198135],"rotationMatrix":[0.737277389,-0.675590038,-0.000297542225,0.675589621,0.73727721,-0.000930163311,0.000847780204,0.00048477191,0.999999464],"scale":[10.5397682,9.64789391,9.7692709]}
{"class":"Portal","persistentId":"562550eb-a9d1-460c-8937-380737852f4b","__parent":"zones","position":[-1291.0874,-800.961609,109.246559],"rotationMatrix":[0.737277389,-0.675590038,-0.000297542225,0.675589621,0.73727721,-0.000930163311,0.000847780204,0.00048477191,0.999999464],"scale":[28.3751431,9.64789391,9.7692709]}
{"class":"Portal","persistentId":"c5bdb94d-df1e-4f36-b913-7f9fabde40c1","__parent":"zones","position":[-1427.45349,-959.813599,109.43914],"rotationMatrix":[0.737277389,-0.675590038,-0.000297542225,0.675589621,0.73727721,-0.000930163311,0.000847780204,0.00048477191,0.999999464],"scale":[13.874979,9.64789391,9.7692709]}
{"class":"Portal","persistentId":"ff832d44-ccd8-45e0-babb-5e7dd0709ae3","__parent":"zones","position":[-1394.901,-913.705505,109.389198],"rotationMatrix":[0.737277389,-0.675590038,-0.000297542225,0.675589621,0.73727721,-0.000930163311,0.000847780204,0.00048477191,0.999999464],"scale":[9.8343401,9.64789391,9.7692709]}
{"class":"Portal","persistentId":"21364a11-0a2b-4e4c-9605-d2fe1c21a36a","__parent":"zones","position":[-1477.51147,-957.855896,109.480675],"rotationMatrix":[0.737277389,-0.675590038,-0.000297542225,0.675589621,0.73727721,-0.000930163311,0.000847780204,0.00048477191,0.999999464],"scale":[29.281517,9.64789391,9.7692709]}
{"class":"Portal","persistentId":"09a5fa67-d3c8-48ac-ab81-d6c63b75379d","__parent":"zones","position":[-1456.97815,-935.447693,109.452408],"rotationMatrix":[0.737277389,-0.675590038,-0.000297542225,0.675589621,0.73727721,-0.000930163311,0.000847780204,0.00048477191,0.999999464],"scale":[29.281517,9.64789391,9.7692709]}
{"class":"Portal","persistentId":"395958d1-dc45-4cfc-aa8d-0f23711ccd3a","__parent":"zones","position":[-1354.2489,-846.829895,109.322342],"rotationMatrix":[0.675589681,0.73727721,-0.000930163369,-0.737277389,0.675590098,0.000297542254,0.000847780262,0.00048477191,0.999999464],"scale":[153.333435,9.64789391,10.3978834]}
{"class":"Portal","persistentId":"205e71f8-7113-409c-b5c7-96dd023feb43","__parent":"zones","position":[-1395.18335,-848.057739,109.357643],"rotationMatrix":[0.675589681,0.73727721,-0.000930163369,-0.737277389,0.675590098,0.000297542254,0.000847780262,0.00048477191,0.999999464],"scale":[26.8603401,9.64789391,9.7692709]}
{"class":"Portal","persistentId":"7b5f256c-9b84-40ff-bd70-2641aa2579f4","__parent":"zones","position":[-1316.76086,-776.716248,104.289223],"rotationMatrix":[0.678771436,0.734349489,8.74227695e-08,-5.93400848e-08,-6.41988791e-08,0.999999881,0.734349489,-0.678771496,0],"scale":[20.1460228,10.1875362,4.95630646]}
{"class":"Portal","persistentId":"b7426c58-245d-4d30-ac74-ed0d2e34a7a2","__parent":"zones","position":[-1370.22986,-834.563293,104.233635],"rotationMatrix":[0.678771436,0.734349489,8.74227695e-08,-5.93400848e-08,-6.41988791e-08,0.999999881,0.734349489,-0.678771496,0],"scale":[20.1460228,10.1875362,4.95630646]}
{"class":"Portal","persistentId":"5db74bdb-8023-4db1-a541-6ba186a9802f","__parent":"zones","position":[-1417.14746,-885.322571,104.237846],"rotationMatrix":[0.678771436,0.734349489,8.74227695e-08,-5.93400848e-08,-6.41988791e-08,0.999999881,0.734349489,-0.678771496,0],"scale":[20.1460228,10.1875362,4.95630646]}
{"class":"Portal","persistentId":"8420e98a-401b-498d-994f-d147f452fe42","__parent":"zones","position":[-1421.22595,-982.844116,104.399559],"rotationMatrix":[0.678771436,0.734349489,8.74227695e-08,-5.93400848e-08,-6.41988791e-08,0.999999881,0.734349489,-0.678771496,0],"scale":[5.01004791,10.1875362,8.25435543]}
{"class":"Portal","persistentId":"dac0c7fc-f4f9-486d-9751-e826ac5bae31","__parent":"zones","position":[-1475.41223,-908.534424,104.128128],"rotationMatrix":[0.678771436,0.734349489,8.74227695e-08,-5.93400848e-08,-6.41988791e-08,0.999999881,0.734349489,-0.678771496,0],"scale":[4.98324203,7.51593018,35.569912]}
{"class":"Portal","persistentId":"0db516a0-5ba6-4fd1-a193-21b14ea046cd","__parent":"zones","position":[-1412.31396,-856.936523,104.399574],"rotationMatrix":[0.678771436,0.734349489,8.74227695e-08,-5.93400848e-08,-6.41988791e-08,0.999999881,0.734349489,-0.678771496,0],"scale":[4.98324203,10.1330299,35.569912]}
{"class":"Portal","persistentId":"8bbd7be7-6360-428d-bbd5-359c58bb941e","__parent":"zones","position":[-1418.62024,-961.028076,104.403603],"rotationMatrix":[0.678771436,0.734349489,8.74227695e-08,-5.93400848e-08,-6.41988791e-08,0.999999881,0.734349489,-0.678771496,0],"scale":[4.98324203,10.1330299,59.1484184]}
{"class":"Portal","persistentId":"1c09137a-d01e-410c-b29b-23115a0b481b","__parent":"zones","position":[-1395.28284,-981.541992,106.737099],"rotationMatrix":[-0.671499968,-0.741003633,0.000928502763,0.741003752,-0.671500444,-0.000302683882,0.000847780146,0.000484771823,0.999999523],"scale":[4.81637669,9.64789391,6.38735962]}
{"class":"Portal","persistentId":"92905c20-a193-48bc-a856-397e7706434f","__parent":"zones","position":[-1484.98621,-898.219666,106.738869],"rotationMatrix":[0.671499968,0.74100399,-0.000928502704,-0.741004109,0.671500444,0.000302684202,0.000847780204,0.000484771852,0.999999523],"scale":[9.8343401,9.64789391,9.7692709]}
{"class":"Zone","persistentId":"9a9982f0-899c-4723-8cdc-f24e4b9a638b","__parent":"zones","position":[-1466.52795,-849.500916,84.3554916],"ambientLightColor":[1,0.657720089,0.388269186,1],"rotationMatrix":[0.678813457,0.734310627,0,-0.734310627,0.678813457,0,0,0,0.999999881],"scale":[259.519989,22.3689823,39.8141136],"useAmbientLightColor":true}
{"class":"Zone","persistentId":"2628353f-f80d-4a36-9655-1fee0ad1a68c","__parent":"zones","position":[-1292.84875,-681.144592,84.3554916],"ambientLightColor":[1,0.657720089,0.388269186,1],"rotationMatrix":[0.678813457,0.734310627,0,-0.734310627,0.678813457,0,0,0,0.999999881],"scale":[224.123291,75.0450974,39.8141136],"useAmbientLightColor":true}
{"class":"Zone","persistentId":"4d828767-ee0f-459e-a65c-f763a42ae097","__parent":"zones","position":[-1497.55054,-919.519653,84.3554916],"ambientLightColor":[1,0.657720089,0.388269186,1],"rotationMatrix":[0.678813457,0.734310627,0,-0.734310627,0.678813457,0,0,0,0.999999881],"scale":[28.7272167,75.0450974,39.8141136],"useAmbientLightColor":true}
{"class":"Portal","persistentId":"5d054084-1ec4-483c-a2be-126674f8c882","__parent":"zones","position":[-1465.047,-916.650452,104.541405],"rotationMatrix":[0.675589681,0.73727721,-0.000930163369,-0.737277389,0.675590098,0.000297542254,0.000847780262,0.00048477191,0.999999464],"scale":[7.70691013,9.64789391,7.00023556]}
{"class":"Portal","persistentId":"cf7e6a93-3a33-4a03-a48c-59b3bfea948a","__parent":"zones","position":[-1412.11096,-858.880859,104.468529],"rotationMatrix":[0.675589681,0.73727721,-0.000930163369,-0.737277389,0.675590098,0.000297542254,0.000847780262,0.00048477191,0.999999464],"scale":[7.70691013,9.64789391,7.00023556]}
{"class":"Portal","persistentId":"96926eca-ddd2-48cf-9008-d97e71c16e0f","__parent":"zones","position":[-1483.32336,-944.466248,100.950989],"rotationMatrix":[-0.671499968,-0.741003633,0.000928502763,0.741003752,-0.671500444,-0.000302683882,0.000847780146,0.000484771823,0.999999523],"scale":[4.81637669,9.64789391,6.38735962]}
{"class":"Portal","persistentId":"656f950b-6dbe-49b7-8b03-ce4c18b4ccf2","__parent":"zones","position":[-1510.35461,-918.550415,98.037796],"rotationMatrix":[-0.671499968,-0.741003633,0.000928502763,0.741003752,-0.671500444,-0.000302683882,0.000847780146,0.000484771823,0.999999523],"scale":[6.47946167,9.64789391,6.38735962]}
{"class":"Portal","persistentId":"657cbaf2-7fbb-48c7-a7b3-53220a569d91","__parent":"zones","position":[-1499.42212,-906.486328,98.0226822],"rotationMatrix":[-0.671499968,-0.741003633,0.000928502763,0.741003752,-0.671500444,-0.000302683882,0.000847780146,0.000484771823,0.999999523],"scale":[7.29735374,9.64789391,6.38735962]}
{"class":"Portal","persistentId":"89ee7aa3-c322-401a-a1bd-3025bf36f4d7","__parent":"zones","position":[-1473.7417,-933.892456,100.456093],"rotationMatrix":[-0.671499968,-0.741003633,0.000928502763,0.741003752,-0.671500444,-0.000302683882,0.000847780146,0.000484771823,0.999999523],"scale":[20.7252808,9.64789391,6.38735962]}
{"class":"Portal","persistentId":"72298099-3db2-44fc-ad5f-12e4ecc1214f","__parent":"zones","position":[-1327.38245,-776.771667,95.6760712],"rotationMatrix":[-0.675589681,-0.737276971,0.000930163253,0.737277091,-0.675590158,-0.000297541905,0.000847780087,0.000484771852,0.999999523],"scale":[13.6878653,8.78508186,10.3978834]}
{"class":"Portal","persistentId":"40569ace-951a-45c6-bcf7-86b8a070f200","__parent":"zones","position":[-1379.08203,-754.373352,95.7090378],"rotationMatrix":[-0.737277031,0.675590456,0.000297541614,-0.675589979,-0.737277031,0.000930163485,0.000847780146,0.000484772085,0.999999523],"scale":[13.6878653,8.78508186,10.3978834]}
