pos=-225.14546203613,-818.35125732422,136.88208007813
rot=0.0046499651013346,-0.017669846304192,-0.24769693960744,0.96866525717879