home_pos=-224.86950683594,-819.34948730469,136.86859130859
home_rot=-0.0047029433208734,-0.021970331721283,-0.22831511482548,0.97332799979781
home_trigger=BeamLRTrigger_PlayerGarage
gas_pos=916.53668212891,-483.4609375,162.42495727539
gas_rot=-0.0008153514659456,-0.0046459173156659,0.99322374161095,-0.11612213292319
gas_trigger=BeamLRTrigger_GasStationA
garage_pos=915.85327148438,-534.91918945313,163.8544921875
garage_rot=-0.00050297272362169,-0.0052157181498799,0.99812643075399,-0.060960409553368
garage_trigger=garageLightsMainTrigger_2
usedcars_pos=836.66748046875,-521.00903320313,165.37174987793
usedcars_rot=0.0036902727711367,0.0028854468638013,-0.69952891976091,0.71458893533373
usedcars_trigger=BeamLRTrigger_UsedCarsA
partshop_pos=-244.61622619629,-41.801113128662,121.04792785645
partshop_rot=0.0049656874663958,0.00034106517153494,-0.064508002703551,0.99790477662437
partshop_trigger=BeamLRTrigger_PartShopA