{"class":"DecalRoad","persistentId":"d7d26ced-da28-4845-8d4d-eab277bc8ccc","__parent":"DragRace","position":[-63.0584641,-122.161011,119.384193],"improvedSpline":true,"material":"m_asphalt_damaged_02","nodes":[[-63.0584641,-122.161011,119.384193,9],[-74.8996506,-105.563614,119.384193,9]],"startEndFade":[2,0],"textureLength":24}
{"class":"TSStatic","__parent":"DragRace","position":[-88.4308167,-114.274101,119.384193],"collisionType":"None","decalType":"None","isRenderEnabled":false,"rotationMatrix":[-0.669959784,0.742397666,7.49445644e-06,-0.742397666,-0.669959784,-6.81673782e-06,-3.97465101e-08,-1.01308051e-05,1],"shapeName":"/art/shapes/race/rally/rally_assets/s_rally_fold_chair_01.dae","useInstanceRenderData":true}
{"class":"TSStatic","__parent":"DragRace","position":[-90.0103073,-115.41407,119.384193],"collisionType":"None","decalType":"None","isRenderEnabled":false,"rotationMatrix":[-0.389591217,0.920987964,9.38290304e-06,-0.920987964,-0.389591217,-3.82263261e-06,1.34898073e-07,-1.01308042e-05,1],"shapeName":"/art/shapes/race/rally/rally_assets/s_rally_fold_chair_01.dae","useInstanceRenderData":true}
{"class":"TSStatic","__parent":"DragRace","position":[-87.581131,-113.728828,119.384193],"collisionType":"None","decalType":"None","isRenderEnabled":false,"rotationMatrix":[-1,0,0,0,-0.999999821,-1.00413963e-05,0,-1.02202102e-05,0.999999821],"shapeName":"/art/shapes/race/rally/rally_assets/s_rally_fold_chair_01.dae","useInstanceRenderData":true}
{"class":"TSStatic","__parent":"DragRace","position":[-90.8947906,-116.075981,119.384193],"collisionType":"None","decalType":"None","isRenderEnabled":false,"rotationMatrix":[-0.772102952,0.635497689,6.41334645e-06,-0.635497689,-0.772102952,-7.84239728e-06,-3.20617346e-08,-1.01308042e-05,1],"shapeName":"/art/shapes/race/rally/rally_assets/s_rally_fold_chair_01.dae","useInstanceRenderData":true}
{"name":"dragEndCamTrigger","class":"BeamNGTrigger","__parent":"DragRace","position":[143.155304,89.698761,121.383881],"luaFunction":"onBeamNGTrigger","rotationMatrix":[0.587446511,-0.80926311,-9.20497314e-07,0.80926311,0.587446511,-1.0088901e-05,8.70531767e-06,5.18176603e-06,1],"scale":[26.6985474,908.161743,12.6897535],"tickPeriod":10,"triggerMode":"Overlaps","triggerTestType":"Bounding box"}
{"name":"dragTestTrigger3","class":"BeamNGTrigger","__parent":"DragRace","position":[94.2260895,47.8038788,119.384186],"luaFunction":"onBeamNGTrigger","rotationMatrix":[-0.811976433,-0.583690643,0,0.583690643,-0.811976433,-1.01308069e-05,5.91325625e-06,-8.22597394e-06,1],"scale":[6.7362628,9.94566727,9.13176727]}
{"name":"dragTestTrigger2","class":"BeamNGTrigger","__parent":"DragRace","position":[-103.276436,-94.1711884,119.384186],"luaFunction":"onBeamNGTrigger","rotationMatrix":[-0.811976433,-0.583690643,0,0.583690643,-0.811976433,-1.01308069e-05,5.91325625e-06,-8.22597394e-06,1],"scale":[6.7362628,9.94566727,9.13176727]}
{"name":"drag60ftTrigger","class":"BeamNGTrigger","__parent":"DragRace","position":[-174.518112,-146.230225,119.384178],"luaFunction":"onBeamNGTrigger","rotationMatrix":[-0.809850454,-0.586636722,-3.68052042e-08,0.586636722,-0.809850454,-1.01307378e-05,5.91325534e-06,-8.22597212e-06,1],"scale":[1.51336265,9.94566727,9.13176727]}
{"name":"dragStageTrigger","class":"BeamNGTrigger","__parent":"DragRace","position":[-191.520035,-158.572281,119.384178],"luaFunction":"onBeamNGTrigger","rotationMatrix":[-0.80523026,-0.592961967,-1.16155661e-07,0.592961967,-0.80523026,-1.01301384e-05,5.91325534e-06,-8.22597121e-06,1],"scale":[1.37671185,9.94566727,9.13176727]}
{"name":"refreshArea","class":"SimGroup","__parent":"DragRace"}
{"class":"DecalRoad","persistentId":"e3603c3a-0445-4ed3-a6d1-1a134b625934","__parent":"DragRace","position":[298.859924,-29.0707798,128.303635],"distanceFade":[250,50],"improvedSpline":true,"material":"road_gravel","nodes":[[298.859924,-29.0707798,128.303635,6],[316.063416,-15.5395451,128.472626,6],[330.731018,-1.31487846,128.715561,6],[353.920044,18.8445301,128.800308,6],[415.52655,66.2869186,128.776062,6],[435.434052,82.9893417,128.669174,6],[447.225494,100.602531,128.693253,6],[452.17099,119.843529,128.691635,6],[451.543945,137.905823,128.672653,6],[444.743805,157.733444,128.686783,6],[431.639648,176.19873,128.692657,6],[412.539337,188.930435,128.718719,6],[393.148438,194.697815,128.768951,6],[373.643494,194.485367,128.77742,6],[354.462799,188.15834,128.763077,6],[333.789978,174.192688,128.811829,6],[307.265167,154.64328,128.827637,6],[282.816833,139.367508,128.914536,6],[263.098145,121.47583,128.780685,6],[243.027008,105.6726,128.827637,6],[223.624283,91.0819092,128.406067,6],[207.791534,77.939621,127.617386,6],[195.76239,63.8793945,126.975044,6],[188.350647,45.8260536,126.866501,6],[186.664474,29.9630699,126.857475,6],[188.38092,15.4585009,126.999573,8],[193.086533,1.2527771,127.037552,12]],"renderPriority":7,"startEndFade":[45,20],"textureLength":16}
{"class":"TSStatic","__parent":"DragRace","position":[599.380798,430.352051,119.39006],"decalType":"None","isRenderEnabled":false,"rotationMatrix":[-1,0,0,0,-0.999999821,-1.00413963e-05,0,-1.02202102e-05,0.999999821],"shapeName":"/levels/west_coast_usa/art/shapes/objects/sandbarrel.dae","useInstanceRenderData":true}
{"class":"DecalRoad","persistentId":"8eaef56a-af31-4697-8a2a-c02035a4eaea","__parent":"DragRace","position":[725.759338,510.346283,122.289383],"detail":0.200000003,"distanceFade":[200,50],"improvedSpline":true,"material":"m_dirt_road_flows","nodes":[[725.759338,510.346283,122.289383,12],[785.117432,554.150757,142.751266,12]],"renderPriority":4,"startEndFade":[20,5],"textureLength":48}
{"class":"TSStatic","__parent":"DragRace","position":[610.58783,415.686981,119.391541],"decalType":"None","isRenderEnabled":false,"rotationMatrix":[-0.670410991,0.741990566,-2.27373675e-13,-0.741990566,-0.670410991,-1.01308078e-05,-7.51696189e-06,-6.79179993e-06,1],"shapeName":"/levels/west_coast_usa/art/shapes/objects/sandbarrel.dae","useInstanceRenderData":true}
{"class":"TSStatic","__parent":"DragRace","position":[-29.4310169,-35.9331055,119.396034],"decalType":"None","isRenderEnabled":false,"rotationMatrix":[-0.80919981,-0.587533712,0,0.587533712,-0.80919981,0,0,0,1],"shapeName":"/art/shapes/race/dragstrip/dragStrip_FoamBlockReflector.dae","useInstanceRenderData":true}
{"class":"TSStatic","__parent":"DragRace","position":[133.499283,82.160759,119.396034],"decalType":"None","isRenderEnabled":false,"rotationMatrix":[-0.810266018,-0.586062133,0,0.586062133,-0.810266018,0,0,0,1],"shapeName":"/art/shapes/race/dragstrip/dragStrip_FoamBlockReflector.dae","useInstanceRenderData":true}
{"class":"TSStatic","__parent":"DragRace","position":[-177.512207,-143.296402,119.384201],"decalType":"None","isRenderEnabled":false,"rotationMatrix":[-0.80899632,-0.587813497,0,0.587813497,-0.80899632,0,0,0,0.999999881],"shapeName":"/art/shapes/race/dragstrip/dragStrip_FoamBlockReflector.dae","useInstanceRenderData":true}
{"class":"TSStatic","__parent":"DragRace","position":[-110.92318,-95.0026398,119.392769],"decalType":"None","isRenderEnabled":false,"rotationMatrix":[-0.80899632,-0.587813497,0,0.587813497,-0.80899632,0,0,0,0.999999881],"shapeName":"/art/shapes/race/dragstrip/dragStrip_FoamBlockReflector.dae","useInstanceRenderData":true}
{"class":"TSStatic","__parent":"DragRace","position":[117.312416,70.4299545,119.396065],"decalType":"None","isRenderEnabled":false,"rotationMatrix":[-0.812568784,-0.582865536,0,0.582865536,-0.812568784,0,0,0,1],"shapeName":"/art/shapes/race/dragstrip/dragStrip_FoamBlockReflector.dae","useInstanceRenderData":true}
{"class":"TSStatic","__parent":"DragRace","position":[54.4790268,24.8866787,119.399551],"decalType":"None","isRenderEnabled":false,"rotationMatrix":[-0.80919981,-0.587533712,0,0.587533712,-0.80919981,0,0,0,1],"shapeName":"/art/shapes/race/dragstrip/dragStrip_FoamBlockReflector.dae","useInstanceRenderData":true}
{"class":"TSStatic","__parent":"DragRace","position":[-45.7158775,-47.7446938,119.398827],"decalType":"None","isRenderEnabled":false,"rotationMatrix":[-0.80919981,-0.587533712,0,0.587533712,-0.80919981,0,0,0,1],"shapeName":"/art/shapes/race/dragstrip/dragStrip_FoamBlockReflector.dae","useInstanceRenderData":true}
{"class":"TSStatic","__parent":"DragRace","position":[-116.306137,-87.5896378,119.400879],"isRenderEnabled":false,"rotationMatrix":[-0.807353139,-0.590068817,-6.00777366e-06,0.590068817,-0.807353139,-8.15728981e-06,-3.70318958e-08,-1.01308115e-05,1],"shapeName":"/art/shapes/race/dragstrip/dragStrip_irSensorBox.dae","useInstanceRenderData":true}
{"class":"TSStatic","__parent":"DragRace","position":[-105.526039,-102.33934,119.396675],"isRenderEnabled":false,"rotationMatrix":[0.807352841,0.590068996,6.00777503e-06,-0.590068996,0.807352841,8.15728708e-06,-3.70323505e-08,-1.01308106e-05,1],"shapeName":"/art/shapes/race/dragstrip/dragStrip_irSensorBox.dae","useInstanceRenderData":true}
{"class":"TSStatic","__parent":"DragRace","position":[-172.259964,-150.517731,119.397865],"isRenderEnabled":false,"rotationMatrix":[0.808998346,0.587810993,5.93140157e-06,-0.587810993,0.808998346,8.21294998e-06,2.91670403e-08,-1.01308051e-05,1],"shapeName":"/art/shapes/race/dragstrip/dragStrip_irSensorBox.dae","useInstanceRenderData":true}
{"class":"TSStatic","__parent":"DragRace","position":[111.821167,78.1397476,119.408005],"isRenderEnabled":false,"rotationMatrix":[-0.807876468,-0.589351594,0,0.589351594,-0.807876468,0,0,0,0.999999881],"shapeName":"/art/shapes/race/dragstrip/dragStrip_irSensorBox.dae","useInstanceRenderData":true}
{"class":"TSStatic","__parent":"DragRace","position":[122.959831,62.4985886,119.398193],"isRenderEnabled":false,"rotationMatrix":[0.807876408,0.589351773,0,-0.589351773,0.807876408,0,0,0,0.999999881],"shapeName":"/art/shapes/race/dragstrip/dragStrip_irSensorBox.dae","useInstanceRenderData":true}
{"class":"TSStatic","__parent":"DragRace","position":[-34.7625542,-28.562088,119.397736],"isRenderEnabled":false,"rotationMatrix":[-0.80951345,-0.587101519,-5.92841752e-06,0.587101519,-0.80951345,-8.21508547e-06,2.39558631e-08,-1.01308033e-05,1],"shapeName":"/art/shapes/race/dragstrip/dragStrip_irSensorBox.dae","useInstanceRenderData":true}
{"class":"TSStatic","__parent":"DragRace","position":[-182.897537,-135.877319,119.39801],"isRenderEnabled":false,"rotationMatrix":[-0.808998525,-0.587810636,2.35968294e-08,0.587810636,-0.808998525,-1.71452328e-08,2.91679481e-08,0,0.999999881],"shapeName":"/art/shapes/race/dragstrip/dragStrip_irSensorBox.dae","useInstanceRenderData":true}
{"class":"TSStatic","__parent":"DragRace","position":[-23.9675903,-43.4748764,119.394455],"isRenderEnabled":false,"rotationMatrix":[0.810631037,0.585557222,5.91274693e-06,-0.585557222,0.810631037,8.22637321e-06,2.39569999e-08,-1.0130806e-05,1],"shapeName":"/art/shapes/race/dragstrip/dragStrip_irSensorBox.dae","useInstanceRenderData":true}
{"class":"DecalRoad","persistentId":"a25b7348-5e0d-47be-94df-9ab33284a78a","__parent":"DragRace","position":[129.412308,88.7642136,119.394577],"detail":0.200000003,"distanceFade":[200,50],"material":"checkered_line","nodes":[[129.412308,88.7642136,119.394577,1],[138.448517,76.2917938,119.385651,1]],"overObjects":true,"renderPriority":9,"textureLength":4.9000001}
{"class":"DecalRoad","persistentId":"3ed8e3db-4493-4ac0-ba6b-2cbe2c546abb","__parent":"DragRace","position":[129.375534,88.7670135,119.384193],"detail":0.200000003,"distanceFade":[200,50],"material":"line_yellow","nodes":[[129.375534,88.7670135,119.384193,1.5],[138.388092,76.3767624,119.384193,1.5]],"renderPriority":9,"textureLength":40}
{"class":"DecalRoad","persistentId":"80f713f1-260f-43a7-949d-eb80294ec248","__parent":"DragRace","position":[128.951324,88.4448471,119.384193],"detail":0.200000003,"distanceFade":[200,50],"material":"line_white","nodes":[[128.951324,88.4448471,119.384193,0.200000003],[137.944305,76.016861,119.384193,0.200000003]],"renderPriority":5}
{"name":"adlerStrip_area_1","class":"BeamNGGameplayArea","__parent":"DragRace","position":[-188.830353,-199.732254,120.635475],"rotationMatrix":[-0.498282909,0.867009282,0.00293744216,-0.866894245,-0.498154759,-0.0183232035,-0.0144230891,-0.0116765955,0.999827802],"scale":[3.93327093,3.80127001,3.70299864]}
{"class":"DecalRoad","persistentId":"430ddf16-f6b0-4552-a061-cc77995876bd","__parent":"DragRace","position":[649.595337,-109.045212,146.805313],"drivability":0.75,"lanesInvert":"0","material":"road_invisible","nodes":[[649.595337,-109.045212,146.805313,6.22222233],[642.998657,-102.937454,146.668655,6.22222233],[631.5755,-100.178932,146.571793,5],[602.464661,-100.575813,146.575928,5],[561.733643,-100.240112,146.575928,7],[545.110229,-93.3929672,146.575928,7],[527.722595,-92.3006744,146.57106,7],[519.682495,-96.7578735,146.4953,7],[517.891785,-106.511673,146.470413,6],[517.67981,-120.891243,146.449066,6]],"renderPriority":1}
{"class":"DecalRoad","persistentId":"268e2a67-f4e9-4c92-9e78-c541b405006a","__parent":"DragRace","position":[-209.536255,-166.4599,119.384193],"detail":1,"distanceFade":[200,50],"material":"road_red","nodes":[[-209.536255,-166.4599,119.384193,0.5],[-204.408691,-162.752808,119.384193,4],[-201.396622,-160.580948,119.384193,4],[-193.301041,-154.726456,119.384193,4]],"renderPriority":6,"textureLength":15}
{"class":"DecalRoad","persistentId":"395d97ac-93df-4bd1-93c6-d45254cfa1a1","__parent":"DragRace","position":[553.940735,15.6930046,147.599854],"autoJunction":false,"drivability":0.400000006,"gatedRoad":true,"lanesInvert":"0","material":"road_invisible","nodes":[[553.940735,15.6930046,147.599854,7],[545.119995,4.63138962,146.686279,7],[544.787109,-39.9964905,146.575928,7],[544.52771,-68.0410004,146.575928,7],[544.836548,-79.8378067,146.575928,7],[544.918701,-91.6598587,146.575928,7]],"renderPriority":1}
{"class":"DecalRoad","persistentId":"495bd25d-044d-482b-ab75-c569d24bab4b","__parent":"DragRace","position":[746.504333,-35.1181145,153.766739],"drivability":0.75,"gatedRoad":true,"lanesInvert":"0","material":"road_invisible","nodes":[[746.504333,-35.1181145,153.766739,5.18803406],[742.631226,-26.7737484,153.157257,5.18803406],[742.486328,-17.6673832,152.258835,5.18803406],[744.612122,-7.08304977,151.303909,5.18803406],[739.760376,-1.82870483,151.435577,5.18803406],[724.201965,5.62664032,151.435577,5.18803406]],"renderPriority":1}
{"class":"DecalRoad","persistentId":"6c8e5287-6c71-4f81-b642-79d5dfc8e079","__parent":"DragRace","position":[-221.65155,-181.181091,119.181328],"detail":0.0500000007,"distanceFade":[200,50],"improvedSpline":true,"material":"AsphaltRoad_track_skidmarks","nodes":[[-221.65155,-181.181091,119.181328,4],[-215.482315,-176.837082,119.32077,4],[-209.486313,-172.764435,119.384193,4],[-201.309814,-166.506271,119.384193,4]],"renderPriority":1,"startEndFade":[25,10],"textureLength":40}
{"class":"DecalRoad","persistentId":"e8a13365-3085-4add-a6e1-6dcf9f150b4e","__parent":"DragRace","position":[-173.541794,-140.399338,119.384193],"detail":0.200000003,"distanceFade":[200,50],"material":"road_rubber_sticky","nodes":[[-173.541794,-140.399338,119.384193,0.75],[133.445374,82.1260681,119.384193,0.75]],"renderPriority":6,"startEndFade":[1,20],"textureLength":4}
{"class":"DecalRoad","persistentId":"24b00970-45a9-401a-b0dd-a458a248ad44","__parent":"DragRace","position":[-199.736954,-152.9133,119.384193],"detail":0.0500000007,"distanceFade":[200,50],"improvedSpline":true,"material":"AsphaltRoad_track_skidmarks","nodes":[[-199.736954,-152.9133,119.384193,4],[-205.356216,-157.432159,119.384193,4],[-212.98114,-162.847351,119.384193,4],[-222.645172,-170.654312,119.333374,4]],"renderPriority":1,"startEndFade":[10,15],"textureLength":40}
{"class":"DecalRoad","persistentId":"c9826f73-0051-4c28-b6a6-f4732c6ccbca","__parent":"DragRace","position":[89.3483658,55.2304459,119.384193],"detail":0.200000003,"distanceFade":[200,50],"improvedSpline":true,"material":"track_rubber","nodes":[[89.3483658,55.2304459,119.384193,8],[158.027191,105.389046,119.384193,8]],"renderPriority":3,"startEndFade":[30,30],"textureLength":40}
{"class":"DecalRoad","persistentId":"a7ee6dbd-e6a3-457c-9659-73bc4c3b4f3b","__parent":"DragRace","position":[-174.831421,-140.433426,119.384201],"breakAngle":1,"detail":0.300000012,"distanceFade":[100,50],"improvedSpline":true,"material":"road_crack","nodes":[[-174.831421,-140.433426,119.384201,0.699999988],[132.89476,82.6432343,119.384193,0.699999988]],"overObjects":true,"renderPriority":4,"startEndFade":[11,35],"textureLength":36}
{"class":"DecalRoad","persistentId":"9cf6e70e-0686-4417-b6f6-3104701cfebc","__parent":"DragRace","position":[-189.877975,-147.405884,119.384193],"detail":0.200000003,"distanceFade":[200,50],"improvedSpline":true,"material":"track_rubber","nodes":[[-189.877975,-147.405884,119.384193,8],[-229.870087,-176.298187,119.256516,8]],"renderPriority":3,"startEndFade":[15,15],"textureLength":40}
{"class":"DecalRoad","persistentId":"091961a9-306f-4112-a1eb-f81de2332e3f","__parent":"DragRace","position":[352.67337,223.523346,119.39006],"detail":0.200000003,"distanceFade":[200,50],"material":"road_patches1","nodes":[[352.67337,223.523346,119.39006,8],[293.907074,180.204712,119.39975,8]],"renderPriority":7,"startEndFade":[3,3],"textureLength":80}
{"class":"DecalRoad","persistentId":"2377992e-fd32-469e-8d24-631d4893b05a","__parent":"DragRace","position":[-186.802658,-155.064941,119.384193],"detail":0.200000003,"distanceFade":[200,50],"improvedSpline":true,"material":"track_rubber","nodes":[[-186.802658,-155.064941,119.384193,8],[-225.044235,-182.731384,119.158447,8]],"renderPriority":2,"startEndFade":[15,15],"textureLength":40}
{"class":"DecalRoad","persistentId":"2ed2fb16-fc82-40c4-b4b1-60fdc7bf6778","__parent":"DragRace","position":[-173.915833,-141.490326,119.384201],"breakAngle":1,"detail":0.300000012,"distanceFade":[100,50],"improvedSpline":true,"material":"road_crack","nodes":[[-173.915833,-141.490326,119.384201,0.699999988],[134.245773,81.7341843,119.384193,0.699999988]],"overObjects":true,"renderPriority":4,"startEndFade":[11,35],"textureLength":36}
{"class":"TSStatic","__parent":"DragRace","position":[537.135193,333.437927,119.432869],"decalType":"None","isRenderEnabled":false,"rotationMatrix":[-0.0771957636,0.996958971,0.0106667746,-0.997012019,-0.0772212744,0.00200720411,0.00282480242,-0.010479955,0.999941111],"shapeName":"/levels/west_coast_usa/art/shapes/objects/jerseybarrier_3m.dae","useInstanceRenderData":true}
{"class":"TSStatic","__parent":"DragRace","position":[617.996826,375.858521,119.351547],"decalType":"None","isRenderEnabled":false,"rotationMatrix":[-0.896459699,0.443093747,0.00527085969,-0.443086177,-0.896475196,0.00259404141,0.00587459886,-9.99122858e-06,0.999982715],"shapeName":"/levels/west_coast_usa/art/shapes/objects/jerseybarrier_3m.dae","useInstanceRenderData":true}
{"class":"TSStatic","__parent":"DragRace","position":[525.078064,332.267578,119.439827],"decalType":"None","isRenderEnabled":false,"rotationMatrix":[-0.182048559,0.983228445,0.0109336432,-0.983288884,-0.182047367,-0.00111312419,0.000895989127,-0.0109535754,0.99993962],"shapeName":"/levels/west_coast_usa/art/shapes/objects/jerseybarrier_3m.dae","useInstanceRenderData":true}
{"class":"TSStatic","__parent":"DragRace","position":[611.036316,365.930145,119.392334],"decalType":"None","isRenderEnabled":false,"rotationMatrix":[-0.713946104,0.700188339,0.00420121243,-0.700176299,-0.713958383,0.00410619192,0.00587459793,-9.99029726e-06,0.999982715],"shapeName":"/levels/west_coast_usa/art/shapes/objects/jerseybarrier_3m.dae","useInstanceRenderData":true}
{"class":"TSStatic","__parent":"DragRace","position":[534.725647,361.033997,119.447906],"decalType":"None","isRenderEnabled":false,"rotationMatrix":[-0.602485299,0.798130095,0,-0.798130095,-0.602485299,0,0,0,1],"shapeName":"/levels/west_coast_usa/art/shapes/objects/jerseybarrier_3m.dae","useInstanceRenderData":true}
{"class":"TSStatic","__parent":"DragRace","position":[513.244202,329.487915,119.429741],"decalType":"None","isRenderEnabled":false,"rotationMatrix":[-0.271262765,0.962430835,0.0119980546,-0.962466836,-0.271342754,0.00559841748,0.00864366908,-0.0100290859,0.999912322],"shapeName":"/levels/west_coast_usa/art/shapes/objects/jerseybarrier_3m.dae","useInstanceRenderData":true}
{"class":"TSStatic","__parent":"DragRace","position":[601.66156,358.210968,119.42128],"decalType":"None","isRenderEnabled":false,"rotationMatrix":[-0.57879591,0.81546545,0.00340839569,-0.815472245,-0.578794122,-0.00156809448,0.000694032642,-0.00368705858,0.999992967],"shapeName":"/levels/west_coast_usa/art/shapes/objects/jerseybarrier_3m.dae","useInstanceRenderData":true}
{"class":"TSStatic","__parent":"DragRace","position":[535.885376,359.346313,119.447906],"decalType":"None","isRenderEnabled":false,"rotationMatrix":[-0.592663646,0.805449486,0,-0.805449486,-0.592663646,0,0,0,1],"shapeName":"/levels/west_coast_usa/art/shapes/objects/jerseybarrier_3m.dae","useInstanceRenderData":true}
{"class":"TSStatic","__parent":"DragRace","position":[502.176666,324.574554,119.42498],"decalType":"None","isRenderEnabled":false,"rotationMatrix":[-0.549323559,0.835506678,0.0131286886,-0.83556509,-0.549388885,0.00171263516,0.00864367373,-0.0100290831,0.999912322],"shapeName":"/levels/west_coast_usa/art/shapes/objects/jerseybarrier_3m.dae","useInstanceRenderData":true}
{"class":"TSStatic","__parent":"DragRace","position":[591.466492,351.563904,119.442856],"decalType":"None","isRenderEnabled":false,"rotationMatrix":[-0.497592568,0.867406189,0.00293186912,-0.867409527,-0.49759531,0.000233545317,0.00166146224,-0.00242692092,0.999995649],"shapeName":"/levels/west_coast_usa/art/shapes/objects/jerseybarrier_3m.dae","useInstanceRenderData":true}
{"class":"TSStatic","__parent":"DragRace","position":[532.8349,358.334869,119.447906],"decalType":"None","isRenderEnabled":false,"rotationMatrix":[-0.59782815,0.801624596,0,-0.801624596,-0.59782815,0,0,0,1],"shapeName":"/levels/west_coast_usa/art/shapes/objects/jerseybarrier_3m.dae","useInstanceRenderData":true}
{"class":"TSStatic","__parent":"DragRace","position":[492.601044,317.404785,119.449799],"decalType":"None","isRenderEnabled":false,"rotationMatrix":[-0.771913767,0.635727584,0,-0.635727584,-0.771913767,0,0,0,1],"shapeName":"/levels/west_coast_usa/art/shapes/objects/jerseybarrier_3m.dae","useInstanceRenderData":true}
{"class":"TSStatic","__parent":"DragRace","position":[580.722412,345.891174,119.427368],"decalType":"None","isRenderEnabled":false,"rotationMatrix":[-0.438942075,0.898511529,0.00258762925,-0.898514628,-0.438943267,-0.000133603462,0.0010157784,-0.00238366704,0.999996662],"shapeName":"/levels/west_coast_usa/art/shapes/objects/jerseybarrier_3m.dae","useInstanceRenderData":true}
{"class":"TSStatic","__parent":"DragRace","position":[569.534729,341.056641,119.392456],"decalType":"None","isRenderEnabled":false,"rotationMatrix":[-0.334525108,0.94238466,0.00209996453,-0.942383826,-0.334529042,0.00186765858,0.00246255123,-0.00135419413,0.999996066],"shapeName":"/levels/west_coast_usa/art/shapes/objects/jerseybarrier_3m.dae","useInstanceRenderData":true}
{"class":"TSStatic","__parent":"DragRace","position":[615.713806,407.588562,119.36528],"decalType":"None","isRenderEnabled":false,"rotationMatrix":[-0.842633367,-0.538464308,0.00494484045,0.538455009,-0.842647791,-0.00317168236,0.00587459933,-9.99204349e-06,0.999982715],"shapeName":"/levels/west_coast_usa/art/shapes/objects/jerseybarrier_3m.dae","useInstanceRenderData":true}
{"class":"DecalRoad","persistentId":"5d93ccb2-350a-4a18-ae9c-318fbd8f334e","__parent":"DragRace","position":[498.836304,346.138,119.384201],"distanceFade":[200,50],"improvedSpline":true,"material":"AsphaltRoad_track_skidmarks","nodes":[[498.836304,346.138,119.384201,8],[521.926758,361.391174,119.384193,8],[545.796265,380.3302,119.384201,8]],"overObjects":true,"renderPriority":2,"startEndFade":[45,25],"textureLength":40,"useTemplate":"true"}
{"class":"TSStatic","__parent":"DragRace","position":[557.904114,337.615356,119.416306],"decalType":"None","isRenderEnabled":false,"rotationMatrix":[-0.262072682,0.964968979,0.0123468749,-0.965033829,-0.262116671,0.00206789933,0.00523178279,-0.0113732126,0.99992162],"shapeName":"/levels/west_coast_usa/art/shapes/objects/jerseybarrier_3m.dae","useInstanceRenderData":true}
{"class":"DecalRoad","persistentId":"b72a03ff-fb22-44ae-9e05-c0fb396c0bdf","__parent":"DragRace","position":[602.233459,425.718933,119.378494],"detail":0.200000003,"distanceFade":[200,50],"improvedSpline":true,"material":"road_gravel_variation","nodes":[[602.233459,425.718933,119.378494,8],[616.621643,436.450592,119.337242,8],[636.053833,451.208282,119.39006,8],[671.919922,477.468323,119.37751,8],[720.56842,512.572327,122.100342,8]],"renderPriority":3,"startEndFade":[1,25],"textureLength":64}
{"class":"TSStatic","__parent":"DragRace","position":[546.138062,334.688446,119.438034],"decalType":"None","isRenderEnabled":false,"rotationMatrix":[-0.203924894,0.978917956,0.0115813231,-0.978981256,-0.203947902,0.000830051489,0.00317454059,-0.0111686317,0.999932587],"shapeName":"/levels/west_coast_usa/art/shapes/objects/jerseybarrier_3m.dae","useInstanceRenderData":true}
{"class":"TSStatic","__parent":"DragRace","position":[534.112671,333.227936,119.438217],"decalType":"None","isRenderEnabled":false,"rotationMatrix":[-0.0612130165,0.998069048,0.0105397478,-0.998115659,-0.0612540245,0.00361500378,0.0042536268,-0.0102986014,0.999937892],"shapeName":"/levels/west_coast_usa/art/shapes/objects/jerseybarrier_3m.dae","useInstanceRenderData":true}
{"class":"TSStatic","__parent":"DragRace","position":[522.10907,331.703583,119.436302],"decalType":"None","isRenderEnabled":false,"rotationMatrix":[-0.192899227,0.981158018,0.010920682,-0.981218338,-0.19289732,-0.00123383012,0.000895986333,-0.0109535763,0.99993962],"shapeName":"/levels/west_coast_usa/art/shapes/objects/jerseybarrier_3m.dae","useInstanceRenderData":true}
{"class":"TSStatic","__parent":"DragRace","position":[535.068298,360.682434,119.447906],"decalType":"None","isRenderEnabled":false,"rotationMatrix":[-0.593860507,0.804568231,0,-0.804568231,-0.593860507,0,0,0,1],"shapeName":"/levels/west_coast_usa/art/shapes/objects/jerseybarrier_3m.dae","useInstanceRenderData":true}
{"class":"TSStatic","__parent":"DragRace","position":[510.332825,328.579498,119.432556],"decalType":"None","isRenderEnabled":false,"rotationMatrix":[-0.327929497,0.944621742,0.0123092858,-0.944662392,-0.328007102,0.00487616658,0.00864367094,-0.0100290822,0.999912322],"shapeName":"/levels/west_coast_usa/art/shapes/objects/jerseybarrier_3m.dae","useInstanceRenderData":true}
{"class":"TSStatic","__parent":"DragRace","position":[536.274963,359.048065,119.447906],"decalType":"None","isRenderEnabled":false,"rotationMatrix":[-0.59782815,0.801624596,0,-0.801624596,-0.59782815,0,0,0,1],"shapeName":"/levels/west_coast_usa/art/shapes/objects/jerseybarrier_3m.dae","useInstanceRenderData":true}
{"class":"TSStatic","__parent":"DragRace","position":[499.659271,322.882355,119.436859],"decalType":"None","isRenderEnabled":false,"rotationMatrix":[-0.568404436,0.822644353,0.0131646227,-0.822704315,-0.568468451,0.00141009595,0.0086436756,-0.010029085,0.999912322],"shapeName":"/levels/west_coast_usa/art/shapes/objects/jerseybarrier_3m.dae","useInstanceRenderData":true}
{"class":"TSStatic","__parent":"DragRace","position":[588.800903,350.068329,119.438995],"decalType":"None","isRenderEnabled":false,"rotationMatrix":[-0.478229523,0.878230572,0.00281822449,-0.878215432,-0.478237748,0.00515447184,0.00587459514,-9.98820178e-06,0.999982715],"shapeName":"/levels/west_coast_usa/art/shapes/objects/jerseybarrier_3m.dae","useInstanceRenderData":true}
{"class":"TSStatic","__parent":"DragRace","position":[533.262085,358.018677,119.447906],"decalType":"None","isRenderEnabled":false,"rotationMatrix":[-0.594582319,0.804035008,0,-0.804035008,-0.594582319,0,0,0,1],"shapeName":"/levels/west_coast_usa/art/shapes/objects/jerseybarrier_3m.dae","useInstanceRenderData":true}
{"class":"TSStatic","__parent":"DragRace","position":[491.427856,314.826233,119.449799],"decalType":"None","isRenderEnabled":false,"rotationMatrix":[-0.986360312,0.16459921,0,-0.16459921,-0.986360312,0,0,0,1],"shapeName":"/levels/west_coast_usa/art/shapes/objects/jerseybarrier_3m.dae","useInstanceRenderData":true}
{"class":"TSStatic","__parent":"DragRace","position":[577.977051,344.574371,119.409966],"decalType":"None","isRenderEnabled":false,"rotationMatrix":[-0.432060003,0.901841044,0.0025472329,-0.901844501,-0.432057023,-0.00166429859,-0.000400382676,-0.0030162856,0.999995351],"shapeName":"/levels/west_coast_usa/art/shapes/objects/jerseybarrier_3m.dae","useInstanceRenderData":true}
{"class":"DecalRoad","persistentId":"8635c944-0260-43cf-ad5d-dd7eb9e680f4","__parent":"DragRace","position":[569.121033,397.829651,119.384193],"detail":0.200000003,"distanceFade":[200,50],"improvedSpline":true,"material":"crossing_white","nodes":[[569.121033,397.829651,119.384193,10],[590.035095,413.010345,119.384193,10]],"renderPriority":7,"startEndFade":[3,0],"textureLength":6,"useTemplate":"true"}
{"class":"TSStatic","__parent":"DragRace","position":[566.656799,340.096466,119.398247],"decalType":"None","isRenderEnabled":false,"rotationMatrix":[-0.296270251,0.955101907,0.00202298025,-0.955100834,-0.296274066,0.00195078214,0.00246255239,-0.00135419157,0.999996066],"shapeName":"/levels/west_coast_usa/art/shapes/objects/jerseybarrier_3m.dae","useInstanceRenderData":true}
{"class":"TSStatic","__parent":"DragRace","position":[617.267273,404.978058,119.356125],"decalType":"None","isRenderEnabled":false,"rotationMatrix":[-0.875052452,-0.484001338,0.00513583515,0.483992934,-0.875067592,-0.00285205804,0.00587460119,-9.99204349e-06,0.999982715],"shapeName":"/levels/west_coast_usa/art/shapes/objects/jerseybarrier_3m.dae","useInstanceRenderData":true}
{"class":"DecalRoad","persistentId":"236507db-de7a-4827-a1a2-03c7d7ab2695","__parent":"DragRace","position":[566.219055,391.517303,119.384201],"distanceFade":[200,50],"improvedSpline":true,"material":"AsphaltRoad_track_skidmarks","nodes":[[566.219055,391.517303,119.384201,8],[605.939575,420.819641,119.391815,8]],"overObjects":true,"renderPriority":2,"startEndFade":[25,0.5],"textureLength":40,"useTemplate":"true"}
{"class":"TSStatic","__parent":"DragRace","position":[554.986328,336.834351,119.422691],"decalType":"None","isRenderEnabled":false,"rotationMatrix":[-0.254957318,0.966873884,0.0123313088,-0.966938376,-0.255001783,0.00215878896,0.00523178093,-0.0113732154,0.99992162],"shapeName":"/levels/west_coast_usa/art/shapes/objects/jerseybarrier_3m.dae","useInstanceRenderData":true}
{"class":"TSStatic","__parent":"DragRace","position":[621.149536,393.505371,119.333214],"decalType":"None","isRenderEnabled":false,"rotationMatrix":[-0.98754406,-0.157237783,0.00579995569,0.157235011,-0.987561107,-0.000933576259,0.00587460212,-9.99149051e-06,0.999982715],"shapeName":"/levels/west_coast_usa/art/shapes/objects/jerseybarrier_3m.dae","useInstanceRenderData":true}
{"class":"DecalRoad","persistentId":"e1905d54-3c6e-4af8-b484-f8e53ade1392","__parent":"DragRace","position":[446.881531,288.259064,119.39006],"decalBias":0.0500000007,"distanceFade":[150,100],"improvedSpline":true,"material":"road_rubber_double","nodes":[[446.881531,288.259064,119.39006,3.5],[430.472992,276.462708,119.395691,3.5],[409.735321,261.5,119.391144,3.5],[350.514771,218.639175,119.401802,3.5],[259.598053,152.817322,119.401802,3.5]],"renderPriority":2,"startEndFade":[15,100],"textureLength":6,"zBias":0.00100000005}
{"class":"TSStatic","__parent":"DragRace","position":[543.156616,334.125671,119.437653],"decalType":"None","isRenderEnabled":false,"rotationMatrix":[-0.164737225,0.986272812,0.0113163358,-0.986335993,-0.164747357,-4.00096178e-05,0.0018248735,-0.0111682983,0.999935985],"shapeName":"/levels/west_coast_usa/art/shapes/objects/jerseybarrier_3m.dae","useInstanceRenderData":true}
{"class":"TSStatic","__parent":"DragRace","position":[620.273254,381.495972,119.338226],"decalType":"None","isRenderEnabled":false,"rotationMatrix":[-0.956290364,0.292365849,0.00562084001,-0.292360842,-0.956306934,0.00170797762,0.00587460026,-9.99151962e-06,0.999982715],"shapeName":"/levels/west_coast_usa/art/shapes/objects/jerseybarrier_3m.dae","useInstanceRenderData":true}
{"class":"TSStatic","__parent":"DragRace","position":[531.092712,333.015625,119.445793],"decalType":"None","isRenderEnabled":false,"rotationMatrix":[-0.0786963701,0.99684155,0.0106785698,-0.996897817,-0.0787068605,0.000560555141,0.00139925908,-0.0106013268,0.999942839],"shapeName":"/levels/west_coast_usa/art/shapes/objects/jerseybarrier_3m.dae","useInstanceRenderData":true}
{"class":"TSStatic","__parent":"DragRace","position":[614.844116,370.665588,119.37001],"decalType":"None","isRenderEnabled":false,"rotationMatrix":[-0.812503219,0.582936883,0.00477903709,-0.582926869,-0.812517285,0.00341640227,0.00587459747,-9.99076292e-06,0.999982715],"shapeName":"/levels/west_coast_usa/art/shapes/objects/jerseybarrier_3m.dae","useInstanceRenderData":true}
{"class":"DecalRoad","persistentId":"8a16b63b-cf5e-4f6a-bcf9-4c63ca942e87","__parent":"DragRace","position":[92.1930847,48.1051674,119.384193],"detail":0.200000003,"distanceFade":[200,50],"improvedSpline":true,"material":"track_rubber","nodes":[[92.1930847,48.1051674,119.384193,8],[172.796753,106.116806,119.384193,8]],"renderPriority":3,"startEndFade":[30,30],"textureLength":40}
{"class":"TSStatic","__parent":"DragRace","position":[519.145447,331.025696,119.431526],"decalType":"None","isRenderEnabled":false,"rotationMatrix":[-0.259453297,0.965695143,0.0108109359,-0.965755224,-0.259447336,-0.00197669212,0.000895987265,-0.0109535772,0.99993962],"shapeName":"/levels/west_coast_usa/art/shapes/objects/jerseybarrier_3m.dae","useInstanceRenderData":true}
{"class":"TSStatic","__parent":"DragRace","position":[606.565552,361.822174,119.418556],"decalType":"None","isRenderEnabled":false,"rotationMatrix":[-0.625648141,0.780096412,0.00368328718,-0.780082941,-0.625658989,0.00457650097,0.00587459514,-9.98936594e-06,0.999982715],"shapeName":"/levels/west_coast_usa/art/shapes/objects/jerseybarrier_3m.dae","useInstanceRenderData":true}
{"class":"TSStatic","__parent":"DragRace","position":[535.315857,360.185638,119.447906],"decalType":"None","isRenderEnabled":false,"rotationMatrix":[-0.602348685,0.798233449,0,-0.798233449,-0.602348685,0,0,0,1],"shapeName":"/levels/west_coast_usa/art/shapes/objects/jerseybarrier_3m.dae","useInstanceRenderData":true}
{"class":"TSStatic","__parent":"DragRace","position":[507.486389,327.494385,119.415619],"decalType":"None","isRenderEnabled":false,"rotationMatrix":[-0.391662121,0.920022845,0.0126134884,-0.920068741,-0.391736865,0.00402436219,0.00864367001,-0.010029085,0.999912322],"shapeName":"/levels/west_coast_usa/art/shapes/objects/jerseybarrier_3m.dae","useInstanceRenderData":true}
{"class":"TSStatic","__parent":"DragRace","position":[596.62146,354.74881,119.429436],"decalType":"None","isRenderEnabled":false,"rotationMatrix":[-0.550142407,0.83506459,0.00324026169,-0.835050166,-0.550151944,0.00490017049,0.00587459514,-9.98936594e-06,0.999982715],"shapeName":"/levels/west_coast_usa/art/shapes/objects/jerseybarrier_3m.dae","useInstanceRenderData":true}
{"class":"TSStatic","__parent":"DragRace","position":[536.573486,358.608093,119.447906],"decalType":"None","isRenderEnabled":false,"rotationMatrix":[-0.606696725,0.79493314,0,-0.79493314,-0.606696725,0,0,0,1],"shapeName":"/levels/west_coast_usa/art/shapes/objects/jerseybarrier_3m.dae","useInstanceRenderData":true}
{"class":"DecalRoad","persistentId":"c1df1d15-f22c-4cd5-945e-5875ee0525fa","__parent":"DragRace","position":[-194.317139,-161.011932,119.384193],"detail":0.0500000007,"distanceFade":[200,50],"improvedSpline":true,"material":"AsphaltRoad_track_skidmarks","nodes":[[-194.317139,-161.011932,119.384193,4],[-208.83847,-171.720505,119.384193,4]],"renderPriority":1,"startEndFade":[10,3],"textureLength":40}
{"class":"TSStatic","__parent":"DragRace","position":[497.189545,321.148956,119.447456],"decalType":"None","isRenderEnabled":false,"rotationMatrix":[-0.580980539,0.813810647,0.0131847356,-0.813871562,-0.581043601,0.00120761199,0.00864367373,-0.0100290831,0.999912322],"shapeName":"/levels/west_coast_usa/art/shapes/objects/jerseybarrier_3m.dae","useInstanceRenderData":true}
{"class":"TSStatic","__parent":"DragRace","position":[586.130127,348.632904,119.425964],"decalType":"None","isRenderEnabled":false,"rotationMatrix":[-0.467640638,0.883914053,0.00275607663,-0.883898795,-0.467648745,0.0051879664,0.00587459374,-9.98750329e-06,0.999982715],"shapeName":"/levels/west_coast_usa/art/shapes/objects/jerseybarrier_3m.dae","useInstanceRenderData":true}
{"class":"TSStatic","__parent":"DragRace","position":[532.892395,357.180237,119.447906],"decalType":"None","isRenderEnabled":false,"rotationMatrix":[-0.593802214,0.804611385,0,-0.804611385,-0.593802214,0,0,0,1],"shapeName":"/levels/west_coast_usa/art/shapes/objects/jerseybarrier_3m.dae","useInstanceRenderData":true}
{"class":"TSStatic","__parent":"DragRace","position":[575.19458,343.293732,119.39959],"decalType":"None","isRenderEnabled":false,"rotationMatrix":[-0.399903655,0.916554034,0.00235846918,-0.916538298,-0.399910688,0.00538038649,0.00587459281,-9.99099575e-06,0.999982715],"shapeName":"/levels/west_coast_usa/art/shapes/objects/jerseybarrier_3m.dae","useInstanceRenderData":true}
{"class":"TSStatic","__parent":"DragRace","position":[612.238098,412.737152,119.385735],"decalType":"None","isRenderEnabled":false,"rotationMatrix":[-0.818827748,-0.574019134,0.00480463356,0.57400924,-0.818841815,-0.00338031584,0.00587460119,-9.99227632e-06,0.999982715],"shapeName":"/levels/west_coast_usa/art/shapes/objects/jerseybarrier_3m.dae","useInstanceRenderData":true}
{"class":"DecalRoad","persistentId":"8b7ca442-6448-4cc1-8d07-8b9c650d712a","__parent":"DragRace","position":[461.469757,306.65451,119.39006],"detail":0.200000003,"distanceFade":[200,50],"improvedSpline":true,"material":"line_dashed_short","nodes":[[461.469757,306.65451,119.39006,0.200000003],[461.873718,305.15155,119.39006,0.200000003],[462.187988,302.369324,119.39006,0.200000003],[461.611725,299.362854,119.39006,0.200000003],[460.005707,296.418854,119.393219,0.200000003],[457.763855,294.043701,119.395935,0.200000003],[453.979431,291.102692,119.392387,0.200000003]],"renderPriority":6,"textureLength":6,"useTemplate":"true"}
{"class":"TSStatic","__parent":"DragRace","position":[563.745361,339.240814,119.404251],"decalType":"None","isRenderEnabled":false,"rotationMatrix":[-0.266417861,0.963855803,0.0019613211,-0.963854611,-0.266421556,0.00201276387,0.00246255193,-0.00135419215,0.999996066],"shapeName":"/levels/west_coast_usa/art/shapes/objects/jerseybarrier_3m.dae","useInstanceRenderData":true}
{"class":"DecalRoad","persistentId":"f284442b-69bd-4e2f-b3b4-df9d0e3b0cac","__parent":"DragRace","position":[604.114746,423.192047,119.360268],"detail":0.200000003,"distanceFade":[200,50],"improvedSpline":true,"material":"road_gravel_variation","nodes":[[604.114746,423.192047,119.360268,8],[626.031006,439.100616,119.321976,8],[659.950562,463.811676,119.39006,8],[718.739258,507.134552,121.625,8]],"renderPriority":2,"startEndFade":[1,25],"textureLength":128}
{"class":"TSStatic","__parent":"DragRace","position":[552.052063,336.071686,119.429367],"decalType":"None","isRenderEnabled":false,"rotationMatrix":[-0.247745037,0.968747139,0.0123148793,-0.968811274,-0.247789979,0.00225062063,0.00523178373,-0.0113732126,0.99992162],"shapeName":"/levels/west_coast_usa/art/shapes/objects/jerseybarrier_3m.dae","useInstanceRenderData":true}
{"class":"TSStatic","__parent":"DragRace","position":[540.15387,333.708069,119.431496],"decalType":"None","isRenderEnabled":false,"rotationMatrix":[-0.0994163752,0.994986892,0.0108390786,-0.995037675,-0.0994541645,0.0030040862,0.00406701723,-0.0104866363,0.999936759],"shapeName":"/levels/west_coast_usa/art/shapes/objects/jerseybarrier_3m.dae","useInstanceRenderData":true}
