{"name":"adlerStrip_area_1","class":"BeamNGGameplayArea","__parent":"DragRace","position":[-166.21727,-249.758469,120.088867],"rotationMatrix":[-0.629221559,0.777225614,2.70083547e-08,-0.777091742,-0.629113197,-0.018557163,-0.0144230882,-0.0116765937,0.999827802],"scale":[1.14180183,2.1430912,2.08768749]}
{"class":"DecalRoad","persistentId":"430ddf16-f6b0-4552-a061-cc77995876bd","__parent":"DragRace","position":[649.595337,-109.045212,146.807114],"drivability":0.75,"lanesInvert":"0","material":"road_invisible","nodes":[[649.595337,-109.045212,146.807114,6.22222233],[642.998657,-102.937454,146.670166,6.22222233],[631.5755,-100.178932,146.571487,5],[602.464661,-100.575813,146.575928,5],[561.733643,-100.240112,146.575928,7],[545.110229,-93.3929672,146.575928,7],[527.722595,-92.3006744,146.571365,7],[519.682495,-96.7578735,146.495895,7],[517.891785,-106.511673,146.471313,7],[518.494507,-121.344635,146.459396,7]],"renderPriority":1}
{"class":"DecalRoad","persistentId":"268e2a67-f4e9-4c92-9e78-c541b405006a","__parent":"DragRace","position":[-215.814819,-171.072739,119.37648],"detail":0.200000003,"distanceFade":[200,50],"material":"road_red","nodes":[[-215.814819,-171.072739,119.37648,0.200000003],[-209.956192,-166.765518,119.384193,4],[-177.343277,-143.129929,119.384193,4],[-172.49913,-139.644897,119.384193,0.400000006]],"renderPriority":6,"textureLength":15}
{"class":"DecalRoad","persistentId":"395d97ac-93df-4bd1-93c6-d45254cfa1a1","__parent":"DragRace","position":[553.940735,15.6930046,147.604019],"autoJunction":false,"drivability":0.400000006,"gatedRoad":true,"lanesInvert":"0","material":"road_invisible","nodes":[[553.940735,15.6930046,147.604019,7],[545.119995,4.63138962,146.687469,7],[544.787109,-39.9964905,146.575928,7],[544.52771,-68.0410004,146.575928,7],[544.836548,-79.8378067,146.575928,7],[544.918701,-91.6598587,146.575928,7]],"renderPriority":1}
{"class":"DecalRoad","persistentId":"495bd25d-044d-482b-ab75-c569d24bab4b","__parent":"DragRace","position":[746.730469,-34.2684784,153.761108],"drivability":0.75,"gatedRoad":true,"lanesInvert":"0","material":"road_invisible","nodes":[[746.730469,-34.2684784,153.761108,5.18803406],[742.631226,-26.7737484,153.158173,5.18803406],[742.486328,-17.6673832,152.257645,5.18803406],[744.612122,-7.08304977,151.303009,5.18803406],[739.760376,-1.82870483,151.435577,5.18803406],[724.201965,5.62664032,151.435577,5.18803406]],"renderPriority":1}
{"class":"DecalRoad","persistentId":"6c8e5287-6c71-4f81-b642-79d5dfc8e079","__parent":"DragRace","position":[-218.250275,-179.025024,119.30159],"detail":0.0500000007,"distanceFade":[200,50],"improvedSpline":true,"material":"AsphaltRoad_track_skidmarks","nodes":[[-218.250275,-179.025024,119.30159,4],[-208.306335,-171.37709,119.384193,4],[-202.463654,-167.451752,119.384193,4],[-194.21814,-160.908249,119.384193,4]],"renderPriority":1,"startEndFade":[10,15],"textureLength":40}
{"class":"DecalRoad","persistentId":"e8a13365-3085-4add-a6e1-6dcf9f150b4e","__parent":"DragRace","position":[-173.541794,-140.399338,119.384193],"detail":0.200000003,"distanceFade":[200,50],"material":"road_rubber_sticky","nodes":[[-173.541794,-140.399338,119.384193,0.75],[133.366196,82.193634,119.384193,0.75]],"renderPriority":6,"startEndFade":[1,20],"textureLength":4}
{"class":"DecalRoad","persistentId":"24b00970-45a9-401a-b0dd-a458a248ad44","__parent":"DragRace","position":[-199.736954,-152.9133,119.384193],"detail":0.0500000007,"distanceFade":[200,50],"improvedSpline":true,"material":"AsphaltRoad_track_skidmarks","nodes":[[-199.736954,-152.9133,119.384193,4],[-205.356216,-157.432159,119.384193,4],[-211.97229,-161.535568,119.384193,4],[-219.91069,-168.39119,119.375916,4]],"renderPriority":1,"startEndFade":[10,15],"textureLength":40}
{"class":"DecalRoad","persistentId":"799b0b39-d61a-4b6c-88a1-da95faca420f","__parent":"DragRace","position":[-182.669891,-136.210953,119.384193],"detail":0.200000003,"distanceFade":[200,50],"material":"line_yellow","nodes":[[-182.669891,-136.210953,119.384193,0.300000012],[-181.156189,-138.298798,119.384193,0.300000012]],"renderPriority":4,"startEndFade":[0,1],"textureLength":11}
{"class":"DecalRoad","persistentId":"0fad18e3-0deb-418c-8074-25f1bd1dfbf8","__parent":"DragRace","position":[-34.6223183,-28.8444958,119.384193],"detail":0.200000003,"distanceFade":[200,50],"material":"line_yellow","nodes":[[-34.6223183,-28.8444958,119.384193,0.200000003],[-33.1113358,-30.9294567,119.384193,0.200000003]],"renderPriority":4,"startEndFade":[0,1]}
{"class":"DecalRoad","persistentId":"c9826f73-0051-4c28-b6a6-f4732c6ccbca","__parent":"DragRace","position":[89.3483658,55.2304459,119.384193],"detail":0.200000003,"distanceFade":[200,50],"improvedSpline":true,"material":"track_rubber","nodes":[[89.3483658,55.2304459,119.384193,8],[158.027191,105.389046,119.384193,8]],"renderPriority":3,"startEndFade":[30,30],"textureLength":40}
{"class":"DecalRoad","persistentId":"a7ee6dbd-e6a3-457c-9659-73bc4c3b4f3b","__parent":"DragRace","position":[-182.769806,-146.252319,119.384201],"breakAngle":1,"detail":0.300000012,"distanceFade":[100,50],"improvedSpline":true,"material":"road_crack","nodes":[[-182.769806,-146.252319,119.384201,1],[133.137161,82.9813538,119.384193,1]],"overObjects":true,"renderPriority":1,"startEndFade":[20,35],"textureLength":36}
{"class":"DecalRoad","persistentId":"9cf6e70e-0686-4417-b6f6-3104701cfebc","__parent":"DragRace","position":[-189.877975,-147.405884,119.384193],"detail":0.200000003,"distanceFade":[200,50],"improvedSpline":true,"material":"track_rubber","nodes":[[-189.877975,-147.405884,119.384193,8],[-229.870087,-176.298187,119.268188,8]],"renderPriority":3,"startEndFade":[15,15],"textureLength":40}
{"class":"DecalRoad","persistentId":"091961a9-306f-4112-a1eb-f81de2332e3f","__parent":"DragRace","position":[352.67337,223.523346,119.39006],"detail":0.200000003,"distanceFade":[200,50],"material":"road_patches1","nodes":[[352.67337,223.523346,119.39006,8],[293.907074,180.204712,119.39875,8]],"renderPriority":7,"startEndFade":[3,3],"textureLength":80}
{"class":"DecalRoad","persistentId":"2377992e-fd32-469e-8d24-631d4893b05a","__parent":"DragRace","position":[-186.802658,-155.064941,119.384193],"detail":0.200000003,"distanceFade":[200,50],"improvedSpline":true,"material":"track_rubber","nodes":[[-186.802658,-155.064941,119.384193,8],[-225.044235,-182.731384,119.177376,8]],"renderPriority":2,"startEndFade":[15,15],"textureLength":40}
{"class":"DecalRoad","persistentId":"2ed2fb16-fc82-40c4-b4b1-60fdc7bf6778","__parent":"DragRace","position":[-182.062851,-147.402481,119.384201],"breakAngle":1,"detail":0.300000012,"distanceFade":[100,50],"improvedSpline":true,"material":"road_crack","nodes":[[-182.062851,-147.402481,119.384201,1],[134.080215,81.6685638,119.384193,1]],"overObjects":true,"renderPriority":1,"startEndFade":[25,35],"textureLength":36}
{"class":"DecalRoad","persistentId":"f561264d-f316-493f-bd58-e7d264580071","__parent":"DragRace","position":[-187.528198,-150.542908,119.384193],"detail":0.200000003,"distanceFade":[200,50],"material":"road_asphalt_light","nodes":[[-187.528198,-150.542908,119.384193,1.5],[-141.159729,-116.865387,119.384193,1.5]],"renderPriority":8,"startEndFade":[0,65],"textureLength":3}
{"class":"DecalRoad","persistentId":"0f08e8ea-a024-49c8-b090-9d28810a2580","__parent":"DragRace","position":[-173.897202,-148.274368,119.384193],"detail":0.200000003,"distanceFade":[200,50],"material":"line_yellow","nodes":[[-173.897202,-148.274368,119.384193,0.300000012],[-172.434692,-150.280777,119.384193,0.300000012]],"renderPriority":4,"startEndFade":[1,0],"textureLength":11}
{"class":"DecalRoad","persistentId":"1450b471-d670-43f6-91a9-1d98f4010641","__parent":"DragRace","position":[-25.8217049,-40.9408226,119.384193],"detail":0.200000003,"distanceFade":[200,50],"material":"line_yellow","nodes":[[-25.8217049,-40.9408226,119.384193,0.200000003],[-24.1284828,-43.2748566,119.384193,0.200000003]],"renderPriority":4,"startEndFade":[1,0]}
{"class":"TSStatic","__parent":"DragRace","position":[537.135193,333.437927,119.432869],"decalType":"None","isRenderEnabled":false,"rotationMatrix":[-0.0771957636,0.996958971,0.0106667746,-0.997012019,-0.0772212744,0.00200720411,0.00282480242,-0.010479955,0.999941111],"shapeName":"/levels/west_coast_usa/art/shapes/objects/jerseybarrier_3m.dae","useInstanceRenderData":true}
{"class":"TSStatic","__parent":"DragRace","position":[617.996826,375.858521,119.351547],"decalType":"None","isRenderEnabled":false,"rotationMatrix":[-0.896459699,0.443093747,0.00527085969,-0.443086177,-0.896475196,0.00259404141,0.00587459886,-9.99122858e-06,0.999982715],"shapeName":"/levels/west_coast_usa/art/shapes/objects/jerseybarrier_3m.dae","useInstanceRenderData":true}
{"class":"TSStatic","__parent":"DragRace","position":[585.958008,398.25473,119.390053],"decalType":"None","isRenderEnabled":false,"rotationMatrix":[-0.58960104,0.807694376,0,-0.807694376,-0.58960104,0,0,0,1],"shapeName":"/levels/west_coast_usa/art/shapes/objects/jerseybarrier_3m.dae","useInstanceRenderData":true}
{"class":"TSStatic","__parent":"DragRace","position":[525.078064,332.267578,119.439827],"decalType":"None","isRenderEnabled":false,"rotationMatrix":[-0.182048559,0.983228445,0.0109336432,-0.983288884,-0.182047367,-0.00111312419,0.000895989127,-0.0109535754,0.99993962],"shapeName":"/levels/west_coast_usa/art/shapes/objects/jerseybarrier_3m.dae","useInstanceRenderData":true}
{"class":"TSStatic","__parent":"DragRace","position":[611.036316,365.930145,119.392334],"decalType":"None","isRenderEnabled":false,"rotationMatrix":[-0.713946104,0.700188339,0.00420121243,-0.700176299,-0.713958383,0.00410619192,0.00587459793,-9.99029726e-06,0.999982715],"shapeName":"/levels/west_coast_usa/art/shapes/objects/jerseybarrier_3m.dae","useInstanceRenderData":true}
{"class":"TSStatic","__parent":"DragRace","position":[534.150085,360.74176,119.447906],"decalType":"None","isRenderEnabled":false,"rotationMatrix":[-0.602485299,0.798130095,0,-0.798130095,-0.602485299,0,0,0,1],"shapeName":"/levels/west_coast_usa/art/shapes/objects/jerseybarrier_3m.dae","useInstanceRenderData":true}
{"class":"TSStatic","__parent":"DragRace","position":[513.244202,329.487915,119.429741],"decalType":"None","isRenderEnabled":false,"rotationMatrix":[-0.271262765,0.962430835,0.0119980546,-0.962466836,-0.271342754,0.00559841748,0.00864366908,-0.0100290859,0.999912322],"shapeName":"/levels/west_coast_usa/art/shapes/objects/jerseybarrier_3m.dae","useInstanceRenderData":true}
{"class":"TSStatic","__parent":"DragRace","position":[601.66156,358.210968,119.42128],"decalType":"None","isRenderEnabled":false,"rotationMatrix":[-0.57879591,0.81546545,0.00340839569,-0.815472245,-0.578794122,-0.00156809448,0.000694032642,-0.00368705858,0.999992967],"shapeName":"/levels/west_coast_usa/art/shapes/objects/jerseybarrier_3m.dae","useInstanceRenderData":true}
{"class":"TSStatic","__parent":"DragRace","position":[535.309814,359.054077,119.447906],"decalType":"None","isRenderEnabled":false,"rotationMatrix":[-0.592663646,0.805449486,0,-0.805449486,-0.592663646,0,0,0,1],"shapeName":"/levels/west_coast_usa/art/shapes/objects/jerseybarrier_3m.dae","useInstanceRenderData":true}
{"class":"TSStatic","__parent":"DragRace","position":[502.176666,324.574554,119.42498],"decalType":"None","isRenderEnabled":false,"rotationMatrix":[-0.549323559,0.835506678,0.0131286886,-0.83556509,-0.549388885,0.00171263516,0.00864367373,-0.0100290831,0.999912322],"shapeName":"/levels/west_coast_usa/art/shapes/objects/jerseybarrier_3m.dae","useInstanceRenderData":true}
{"class":"TSStatic","__parent":"DragRace","position":[591.466492,351.563904,119.442856],"decalType":"None","isRenderEnabled":false,"rotationMatrix":[-0.497592568,0.867406189,0.00293186912,-0.867409527,-0.49759531,0.000233545317,0.00166146224,-0.00242692092,0.999995649],"shapeName":"/levels/west_coast_usa/art/shapes/objects/jerseybarrier_3m.dae","useInstanceRenderData":true}
{"class":"TSStatic","__parent":"DragRace","position":[532.259338,358.042633,119.447906],"decalType":"None","isRenderEnabled":false,"rotationMatrix":[-0.59782815,0.801624596,0,-0.801624596,-0.59782815,0,0,0,1],"shapeName":"/levels/west_coast_usa/art/shapes/objects/jerseybarrier_3m.dae","useInstanceRenderData":true}
{"class":"TSStatic","__parent":"DragRace","position":[492.52417,317.324829,119.449799],"decalType":"None","isRenderEnabled":false,"rotationMatrix":[-0.771913767,0.635727584,0,-0.635727584,-0.771913767,0,0,0,1],"shapeName":"/levels/west_coast_usa/art/shapes/objects/jerseybarrier_3m.dae","useInstanceRenderData":true}
{"class":"TSStatic","__parent":"DragRace","position":[580.722412,345.891174,119.427368],"decalType":"None","isRenderEnabled":false,"rotationMatrix":[-0.438942075,0.898511529,0.00258762925,-0.898514628,-0.438943267,-0.000133603462,0.0010157784,-0.00238366704,0.999996662],"shapeName":"/levels/west_coast_usa/art/shapes/objects/jerseybarrier_3m.dae","useInstanceRenderData":true}
{"class":"TSStatic","__parent":"DragRace","position":[569.534729,341.056641,119.392456],"decalType":"None","isRenderEnabled":false,"rotationMatrix":[-0.334525108,0.94238466,0.00209996453,-0.942383826,-0.334529042,0.00186765858,0.00246255123,-0.00135419413,0.999996066],"shapeName":"/levels/west_coast_usa/art/shapes/objects/jerseybarrier_3m.dae","useInstanceRenderData":true}
{"class":"TSStatic","__parent":"DragRace","position":[615.665283,407.555756,119.365562],"decalType":"None","isRenderEnabled":false,"rotationMatrix":[-0.834102392,-0.551587999,0.00489459373,0.551578462,-0.834116817,-0.00324869435,0.00587460306,-9.991345e-06,0.999982715],"shapeName":"/levels/west_coast_usa/art/shapes/objects/jerseybarrier_3m.dae","useInstanceRenderData":true}
{"class":"DecalRoad","persistentId":"5d93ccb2-350a-4a18-ae9c-318fbd8f334e","__parent":"DragRace","position":[498.836304,346.138,119.384201],"distanceFade":[200,50],"improvedSpline":true,"material":"AsphaltRoad_track_skidmarks","nodes":[[498.836304,346.138,119.384201,8],[521.926758,361.391174,119.384193,8],[545.796265,380.3302,119.384201,8]],"overObjects":true,"renderPriority":2,"startEndFade":[45,25],"textureLength":40,"useTemplate":"true"}
{"class":"TSStatic","__parent":"DragRace","position":[557.904114,337.615356,119.416306],"decalType":"None","isRenderEnabled":false,"rotationMatrix":[-0.262072682,0.964968979,0.0123468749,-0.965033829,-0.262116671,0.00206789933,0.00523178279,-0.0113732126,0.99992162],"shapeName":"/levels/west_coast_usa/art/shapes/objects/jerseybarrier_3m.dae","useInstanceRenderData":true}
{"class":"DecalRoad","persistentId":"b72a03ff-fb22-44ae-9e05-c0fb396c0bdf","__parent":"DragRace","position":[602.144897,425.009796,119.387978],"detail":0.200000003,"distanceFade":[200,50],"improvedSpline":true,"material":"road_gravel_variation","nodes":[[602.144897,425.009796,119.387978,8],[616.621643,436.450592,122.488968,8]],"renderPriority":8,"startEndFade":[1,25],"textureLength":64}
{"class":"TSStatic","__parent":"DragRace","position":[546.138062,334.688446,119.438034],"decalType":"None","isRenderEnabled":false,"rotationMatrix":[-0.203924894,0.978917956,0.0115813231,-0.978981256,-0.203947902,0.000830051489,0.00317454059,-0.0111686317,0.999932587],"shapeName":"/levels/west_coast_usa/art/shapes/objects/jerseybarrier_3m.dae","useInstanceRenderData":true}
{"class":"TSStatic","__parent":"DragRace","position":[593.291626,403.608124,119.390053],"decalType":"None","isRenderEnabled":false,"rotationMatrix":[-0.58960104,0.807694376,0,-0.807694376,-0.58960104,0,0,0,1],"shapeName":"/levels/west_coast_usa/art/shapes/objects/jerseybarrier_3m.dae","useInstanceRenderData":true}
{"class":"TSStatic","__parent":"DragRace","position":[534.112671,333.227936,119.438217],"decalType":"None","isRenderEnabled":false,"rotationMatrix":[-0.0612130165,0.998069048,0.0105397478,-0.998115659,-0.0612540245,0.00361500378,0.0042536268,-0.0102986014,0.999937892],"shapeName":"/levels/west_coast_usa/art/shapes/objects/jerseybarrier_3m.dae","useInstanceRenderData":true}
{"class":"TSStatic","__parent":"DragRace","position":[583.524902,396.478577,119.390053],"decalType":"None","isRenderEnabled":false,"rotationMatrix":[-0.58960104,0.807694376,0,-0.807694376,-0.58960104,0,0,0,1],"shapeName":"/levels/west_coast_usa/art/shapes/objects/jerseybarrier_3m.dae","useInstanceRenderData":true}
{"class":"TSStatic","__parent":"DragRace","position":[522.10907,331.703583,119.436302],"decalType":"None","isRenderEnabled":false,"rotationMatrix":[-0.192899227,0.981158018,0.010920682,-0.981218338,-0.19289732,-0.00123383012,0.000895986333,-0.0109535763,0.99993962],"shapeName":"/levels/west_coast_usa/art/shapes/objects/jerseybarrier_3m.dae","useInstanceRenderData":true}
{"class":"TSStatic","__parent":"DragRace","position":[534.492737,360.390198,119.447906],"decalType":"None","isRenderEnabled":false,"rotationMatrix":[-0.593860507,0.804568231,0,-0.804568231,-0.593860507,0,0,0,1],"shapeName":"/levels/west_coast_usa/art/shapes/objects/jerseybarrier_3m.dae","useInstanceRenderData":true}
{"class":"TSStatic","__parent":"DragRace","position":[510.332825,328.579498,119.432556],"decalType":"None","isRenderEnabled":false,"rotationMatrix":[-0.327929497,0.944621742,0.0123092858,-0.944662392,-0.328007102,0.00487616658,0.00864367094,-0.0100290822,0.999912322],"shapeName":"/levels/west_coast_usa/art/shapes/objects/jerseybarrier_3m.dae","useInstanceRenderData":true}
{"class":"TSStatic","__parent":"DragRace","position":[535.699402,358.755829,119.447906],"decalType":"None","isRenderEnabled":false,"rotationMatrix":[-0.59782815,0.801624596,0,-0.801624596,-0.59782815,0,0,0,1],"shapeName":"/levels/west_coast_usa/art/shapes/objects/jerseybarrier_3m.dae","useInstanceRenderData":true}
{"class":"TSStatic","__parent":"DragRace","position":[499.659271,322.882355,119.436859],"decalType":"None","isRenderEnabled":false,"rotationMatrix":[-0.568404436,0.822644353,0.0131646227,-0.822704315,-0.568468451,0.00141009595,0.0086436756,-0.010029085,0.999912322],"shapeName":"/levels/west_coast_usa/art/shapes/objects/jerseybarrier_3m.dae","useInstanceRenderData":true}
{"class":"TSStatic","__parent":"DragRace","position":[588.800903,350.068329,119.438995],"decalType":"None","isRenderEnabled":false,"rotationMatrix":[-0.478229523,0.878230572,0.00281822449,-0.878215432,-0.478237748,0.00515447184,0.00587459514,-9.98820178e-06,0.999982715],"shapeName":"/levels/west_coast_usa/art/shapes/objects/jerseybarrier_3m.dae","useInstanceRenderData":true}
{"class":"TSStatic","__parent":"DragRace","position":[532.686523,357.72644,119.447906],"decalType":"None","isRenderEnabled":false,"rotationMatrix":[-0.594582319,0.804035008,0,-0.804035008,-0.594582319,0,0,0,1],"shapeName":"/levels/west_coast_usa/art/shapes/objects/jerseybarrier_3m.dae","useInstanceRenderData":true}
{"class":"TSStatic","__parent":"DragRace","position":[491.270538,314.653381,119.449799],"decalType":"None","isRenderEnabled":false,"rotationMatrix":[-0.986360312,0.16459921,0,-0.16459921,-0.986360312,0,0,0,1],"shapeName":"/levels/west_coast_usa/art/shapes/objects/jerseybarrier_3m.dae","useInstanceRenderData":true}
{"class":"TSStatic","__parent":"DragRace","position":[577.977051,344.574371,119.409966],"decalType":"None","isRenderEnabled":false,"rotationMatrix":[-0.432060003,0.901841044,0.0025472329,-0.901844501,-0.432057023,-0.00166429859,-0.000400382676,-0.0030162856,0.999995351],"shapeName":"/levels/west_coast_usa/art/shapes/objects/jerseybarrier_3m.dae","useInstanceRenderData":true}
{"class":"DecalRoad","persistentId":"8635c944-0260-43cf-ad5d-dd7eb9e680f4","__parent":"DragRace","position":[576.378601,402.864868,119.384193],"detail":0.200000003,"distanceFade":[200,50],"improvedSpline":true,"material":"crossing_white","nodes":[[576.378601,402.864868,119.384193,10],[590.064819,412.891785,119.384193,10]],"renderPriority":7,"startEndFade":[3,0],"textureLength":6,"useTemplate":"true"}
{"class":"TSStatic","__parent":"DragRace","position":[566.656799,340.096466,119.398247],"decalType":"None","isRenderEnabled":false,"rotationMatrix":[-0.296270251,0.955101907,0.00202298025,-0.955100834,-0.296274066,0.00195078214,0.00246255239,-0.00135419157,0.999996066],"shapeName":"/levels/west_coast_usa/art/shapes/objects/jerseybarrier_3m.dae","useInstanceRenderData":true}
{"class":"TSStatic","__parent":"DragRace","position":[617.257568,404.969513,119.356186],"decalType":"None","isRenderEnabled":false,"rotationMatrix":[-0.868809581,-0.495119661,0.00509905163,0.495111078,-0.868824482,-0.00291731162,0.00587460119,-9.99157783e-06,0.999982715],"shapeName":"/levels/west_coast_usa/art/shapes/objects/jerseybarrier_3m.dae","useInstanceRenderData":true}
{"class":"DecalRoad","persistentId":"236507db-de7a-4827-a1a2-03c7d7ab2695","__parent":"DragRace","position":[564.916565,393.565491,119.384201],"distanceFade":[200,50],"improvedSpline":true,"material":"AsphaltRoad_track_skidmarks","nodes":[[564.916565,393.565491,119.384201,8],[604.637085,422.867828,119.391815,8]],"overObjects":true,"renderPriority":2,"startEndFade":[25,0.5],"textureLength":40,"useTemplate":"true"}
{"class":"TSStatic","__parent":"DragRace","position":[554.986328,336.834351,119.422691],"decalType":"None","isRenderEnabled":false,"rotationMatrix":[-0.254957318,0.966873884,0.0123313088,-0.966938376,-0.255001783,0.00215878896,0.00523178093,-0.0113732154,0.99992162],"shapeName":"/levels/west_coast_usa/art/shapes/objects/jerseybarrier_3m.dae","useInstanceRenderData":true}
{"class":"TSStatic","__parent":"DragRace","position":[621.149536,393.505371,119.333214],"decalType":"None","isRenderEnabled":false,"rotationMatrix":[-0.98754406,-0.157237783,0.00579995569,0.157235011,-0.987561107,-0.000933576259,0.00587460212,-9.99149051e-06,0.999982715],"shapeName":"/levels/west_coast_usa/art/shapes/objects/jerseybarrier_3m.dae","useInstanceRenderData":true}
{"class":"DecalRoad","persistentId":"e1905d54-3c6e-4af8-b484-f8e53ade1392","__parent":"DragRace","position":[446.35614,289.681702,119.39006],"decalBias":0.0500000007,"distanceFade":[150,100],"improvedSpline":true,"material":"road_rubber_double","nodes":[[446.35614,289.681702,119.39006,3.5],[430.368256,279.163147,119.39006,3.5],[409.457886,264.046326,119.39006,3.5],[351.144073,221.94783,119.39006,3.5],[263.164368,157.700378,119.39006,3.5]],"renderPriority":2,"startEndFade":[15,100],"textureLength":6,"zBias":0.00100000005}
{"class":"TSStatic","__parent":"DragRace","position":[543.156616,334.125671,119.437653],"decalType":"None","isRenderEnabled":false,"rotationMatrix":[-0.164737225,0.986272812,0.0113163358,-0.986335993,-0.164747357,-4.00096178e-05,0.0018248735,-0.0111682983,0.999935985],"shapeName":"/levels/west_coast_usa/art/shapes/objects/jerseybarrier_3m.dae","useInstanceRenderData":true}
{"class":"TSStatic","__parent":"DragRace","position":[620.273254,381.495972,119.338226],"decalType":"None","isRenderEnabled":false,"rotationMatrix":[-0.956290364,0.292365849,0.00562084001,-0.292360842,-0.956306934,0.00170797762,0.00587460026,-9.99151962e-06,0.999982715],"shapeName":"/levels/west_coast_usa/art/shapes/objects/jerseybarrier_3m.dae","useInstanceRenderData":true}
{"class":"TSStatic","__parent":"DragRace","position":[590.856812,401.792084,119.390053],"decalType":"None","isRenderEnabled":false,"rotationMatrix":[-0.607653618,0.794202268,0,-0.794202268,-0.607653618,0,0,0,1],"shapeName":"/levels/west_coast_usa/art/shapes/objects/jerseybarrier_3m.dae","useInstanceRenderData":true}
{"class":"TSStatic","__parent":"DragRace","position":[531.092712,333.015625,119.445793],"decalType":"None","isRenderEnabled":false,"rotationMatrix":[-0.0786963701,0.99684155,0.0106785698,-0.996897817,-0.0787068605,0.000560555141,0.00139925908,-0.0106013268,0.999942839],"shapeName":"/levels/west_coast_usa/art/shapes/objects/jerseybarrier_3m.dae","useInstanceRenderData":true}
{"class":"TSStatic","__parent":"DragRace","position":[614.844116,370.665588,119.37001],"decalType":"None","isRenderEnabled":false,"rotationMatrix":[-0.812503219,0.582936883,0.00477903709,-0.582926869,-0.812517285,0.00341640227,0.00587459747,-9.99076292e-06,0.999982715],"shapeName":"/levels/west_coast_usa/art/shapes/objects/jerseybarrier_3m.dae","useInstanceRenderData":true}
{"class":"TSStatic","__parent":"DragRace","position":[581.082275,394.695526,119.390053],"decalType":"None","isRenderEnabled":false,"rotationMatrix":[-0.58960104,0.807694376,0,-0.807694376,-0.58960104,0,0,0,1],"shapeName":"/levels/west_coast_usa/art/shapes/objects/jerseybarrier_3m.dae","useInstanceRenderData":true}
{"class":"DecalRoad","persistentId":"8a16b63b-cf5e-4f6a-bcf9-4c63ca942e87","__parent":"DragRace","position":[92.1930847,48.1051674,119.384193],"detail":0.200000003,"distanceFade":[200,50],"improvedSpline":true,"material":"track_rubber","nodes":[[92.1930847,48.1051674,119.384193,8],[172.796753,106.116806,119.384193,8]],"renderPriority":3,"startEndFade":[30,30],"textureLength":40}
{"class":"TSStatic","__parent":"DragRace","position":[519.145447,331.025696,119.431526],"decalType":"None","isRenderEnabled":false,"rotationMatrix":[-0.259453297,0.965695143,0.0108109359,-0.965755224,-0.259447336,-0.00197669212,0.000895987265,-0.0109535772,0.99993962],"shapeName":"/levels/west_coast_usa/art/shapes/objects/jerseybarrier_3m.dae","useInstanceRenderData":true}
{"class":"TSStatic","__parent":"DragRace","position":[606.565552,361.822174,119.418556],"decalType":"None","isRenderEnabled":false,"rotationMatrix":[-0.625648141,0.780096412,0.00368328718,-0.780082941,-0.625658989,0.00457650097,0.00587459514,-9.98936594e-06,0.999982715],"shapeName":"/levels/west_coast_usa/art/shapes/objects/jerseybarrier_3m.dae","useInstanceRenderData":true}
{"class":"TSStatic","__parent":"DragRace","position":[534.740295,359.893402,119.447906],"decalType":"None","isRenderEnabled":false,"rotationMatrix":[-0.602348685,0.798233449,0,-0.798233449,-0.602348685,0,0,0,1],"shapeName":"/levels/west_coast_usa/art/shapes/objects/jerseybarrier_3m.dae","useInstanceRenderData":true}
{"class":"TSStatic","__parent":"DragRace","position":[507.486389,327.494385,119.415619],"decalType":"None","isRenderEnabled":false,"rotationMatrix":[-0.391662121,0.920022845,0.0126134884,-0.920068741,-0.391736865,0.00402436219,0.00864367001,-0.010029085,0.999912322],"shapeName":"/levels/west_coast_usa/art/shapes/objects/jerseybarrier_3m.dae","useInstanceRenderData":true}
{"class":"TSStatic","__parent":"DragRace","position":[596.62146,354.74881,119.429436],"decalType":"None","isRenderEnabled":false,"rotationMatrix":[-0.550142407,0.83506459,0.00324026169,-0.835050166,-0.550151944,0.00490017049,0.00587459514,-9.98936594e-06,0.999982715],"shapeName":"/levels/west_coast_usa/art/shapes/objects/jerseybarrier_3m.dae","useInstanceRenderData":true}
{"class":"TSStatic","__parent":"DragRace","position":[535.997925,358.315857,119.447906],"decalType":"None","isRenderEnabled":false,"rotationMatrix":[-0.606696725,0.79493314,0,-0.79493314,-0.606696725,0,0,0,1],"shapeName":"/levels/west_coast_usa/art/shapes/objects/jerseybarrier_3m.dae","useInstanceRenderData":true}
{"class":"DecalRoad","persistentId":"c1df1d15-f22c-4cd5-945e-5875ee0525fa","__parent":"DragRace","position":[-194.317139,-161.011932,119.384193],"detail":0.0500000007,"distanceFade":[200,50],"improvedSpline":true,"material":"AsphaltRoad_track_skidmarks","nodes":[[-194.317139,-161.011932,119.384193,4],[-208.83847,-171.720505,119.384193,4]],"renderPriority":1,"startEndFade":[10,3],"textureLength":40}
{"class":"TSStatic","__parent":"DragRace","position":[497.189545,321.148956,119.447456],"decalType":"None","isRenderEnabled":false,"rotationMatrix":[-0.580980539,0.813810647,0.0131847356,-0.813871562,-0.581043601,0.00120761199,0.00864367373,-0.0100290831,0.999912322],"shapeName":"/levels/west_coast_usa/art/shapes/objects/jerseybarrier_3m.dae","useInstanceRenderData":true}
{"class":"TSStatic","__parent":"DragRace","position":[586.130127,348.632904,119.425964],"decalType":"None","isRenderEnabled":false,"rotationMatrix":[-0.467640638,0.883914053,0.00275607663,-0.883898795,-0.467648745,0.0051879664,0.00587459374,-9.98750329e-06,0.999982715],"shapeName":"/levels/west_coast_usa/art/shapes/objects/jerseybarrier_3m.dae","useInstanceRenderData":true}
{"class":"TSStatic","__parent":"DragRace","position":[532.870544,357.208832,119.447906],"decalType":"None","isRenderEnabled":false,"rotationMatrix":[-0.593802214,0.804611385,0,-0.804611385,-0.593802214,0,0,0,1],"shapeName":"/levels/west_coast_usa/art/shapes/objects/jerseybarrier_3m.dae","useInstanceRenderData":true}
{"class":"TSStatic","__parent":"DragRace","position":[575.19458,343.293732,119.39959],"decalType":"None","isRenderEnabled":false,"rotationMatrix":[-0.399903655,0.916554034,0.00235846918,-0.916538298,-0.399910688,0.00538038649,0.00587459281,-9.99099575e-06,0.999982715],"shapeName":"/levels/west_coast_usa/art/shapes/objects/jerseybarrier_3m.dae","useInstanceRenderData":true}
{"class":"TSStatic","__parent":"DragRace","position":[612.056519,412.610626,119.386803],"decalType":"None","isRenderEnabled":false,"rotationMatrix":[-0.801369905,-0.598150909,0.0047018351,0.598140538,-0.801383615,-0.00352190598,0.00587460399,-9.99099575e-06,0.999982715],"shapeName":"/levels/west_coast_usa/art/shapes/objects/jerseybarrier_3m.dae","useInstanceRenderData":true}
{"class":"DecalRoad","persistentId":"8b7ca442-6448-4cc1-8d07-8b9c650d712a","__parent":"DragRace","position":[461.469757,306.65451,119.39006],"detail":0.200000003,"distanceFade":[200,50],"improvedSpline":true,"material":"line_white","nodes":[[461.469757,306.65451,119.39006,0.200000003],[461.873718,305.15155,119.39006,0.200000003],[462.187988,302.369324,119.39006,0.200000003],[461.611725,299.362854,119.39006,0.200000003],[459.925568,296.245514,119.394051,0.200000003],[457.762787,293.881866,119.395935,0.200000003],[455.550537,291.966583,119.396919,0.200000003]],"renderPriority":7,"textureLength":6,"useTemplate":"true"}
{"class":"TSStatic","__parent":"DragRace","position":[563.745361,339.240814,119.404251],"decalType":"None","isRenderEnabled":false,"rotationMatrix":[-0.266417861,0.963855803,0.0019613211,-0.963854611,-0.266421556,0.00201276387,0.00246255193,-0.00135419215,0.999996066],"shapeName":"/levels/west_coast_usa/art/shapes/objects/jerseybarrier_3m.dae","useInstanceRenderData":true}
{"class":"DecalRoad","persistentId":"f284442b-69bd-4e2f-b3b4-df9d0e3b0cac","__parent":"DragRace","position":[604.309326,422.583954,119.39006],"detail":0.200000003,"distanceFade":[200,50],"improvedSpline":true,"material":"road_gravel_variation","nodes":[[604.309326,422.583954,119.39006,8],[626.031006,439.100616,125.517059,8]],"renderPriority":8,"startEndFade":[1,25],"textureLength":128}
{"class":"TSStatic","__parent":"DragRace","position":[552.052063,336.071686,119.429367],"decalType":"None","isRenderEnabled":false,"rotationMatrix":[-0.247745037,0.968747139,0.0123148793,-0.968811274,-0.247789979,0.00225062063,0.00523178373,-0.0113732126,0.99992162],"shapeName":"/levels/west_coast_usa/art/shapes/objects/jerseybarrier_3m.dae","useInstanceRenderData":true}
{"class":"TSStatic","__parent":"DragRace","position":[540.15387,333.708069,119.431496],"decalType":"None","isRenderEnabled":false,"rotationMatrix":[-0.0994163752,0.994986892,0.0108390786,-0.995037675,-0.0994541645,0.0030040862,0.00406701723,-0.0104866363,0.999936759],"shapeName":"/levels/west_coast_usa/art/shapes/objects/jerseybarrier_3m.dae","useInstanceRenderData":true}
{"class":"TSStatic","__parent":"DragRace","position":[588.413208,400.004883,119.390053],"decalType":"None","isRenderEnabled":false,"rotationMatrix":[-0.571850538,0.820357978,0,-0.820357978,-0.571850538,0,0,0,1],"shapeName":"/levels/west_coast_usa/art/shapes/objects/jerseybarrier_3m.dae","useInstanceRenderData":true}
{"class":"TSStatic","__parent":"DragRace","position":[528.086426,332.717957,119.44207],"decalType":"None","isRenderEnabled":false,"rotationMatrix":[-0.11843884,0.99290061,0.0109825945,-0.99296093,-0.118441582,-0.000407707877,0.000895981677,-0.0109535754,0.99993962],"shapeName":"/levels/west_coast_usa/art/shapes/objects/jerseybarrier_3m.dae","useInstanceRenderData":true}
{"class":"TSStatic","__parent":"DragRace","position":[531.698303,358.913269,119.447906],"decalType":"None","isRenderEnabled":false,"rotationMatrix":[-0.59218061,0.805805504,0,-0.805805504,-0.59218061,0,0,0,1],"shapeName":"/levels/west_coast_usa/art/shapes/objects/jerseybarrier_3m.dae","useInstanceRenderData":true}
{"class":"TSStatic","__parent":"DragRace","position":[516.204529,330.265472,119.425842],"decalType":"None","isRenderEnabled":false,"rotationMatrix":[-0.239581585,0.970815778,0.0108492207,-0.970875978,-0.239576817,-0.00175443897,0.000895984005,-0.0109535772,0.99993962],"shapeName":"/levels/west_coast_usa/art/shapes/objects/jerseybarrier_3m.dae","useInstanceRenderData":true}
{"class":"TSStatic","__parent":"DragRace","position":[535.16571,359.527557,119.447906],"decalType":"None","isRenderEnabled":false,"rotationMatrix":[-0.59782815,0.801624596,0,-0.801624596,-0.59782815,0,0,0,1],"shapeName":"/levels/west_coast_usa/art/shapes/objects/jerseybarrier_3m.dae","useInstanceRenderData":true}
{"class":"TSStatic","__parent":"DragRace","position":[504.755493,326.147186,119.418159],"decalType":"None","isRenderEnabled":false,"rotationMatrix":[-0.498475432,0.866805911,0.0130030699,-0.86686039,-0.498544216,0.00249313284,0.00864367187,-0.0100290822,0.999912322],"shapeName":"/levels/west_coast_usa/art/shapes/objects/jerseybarrier_3m.dae","useInstanceRenderData":true}
{"class":"TSStatic","__parent":"DragRace","position":[531.970093,358.488617,119.447906],"decalType":"None","isRenderEnabled":false,"rotationMatrix":[-0.603579164,0.797303021,0,-0.797303021,-0.603579164,0,0,0,1],"shapeName":"/levels/west_coast_usa/art/shapes/objects/jerseybarrier_3m.dae","useInstanceRenderData":true}
{"class":"DecalRoad","persistentId":"81bd9ecd-a424-4cdb-b32c-22751053554f","__parent":"DragRace","position":[-196.340073,-151.087601,119.384193],"detail":0.0500000007,"distanceFade":[200,50],"improvedSpline":true,"material":"AsphaltRoad_track_skidmarks","nodes":[[-196.340073,-151.087601,119.384193,4],[-219.128662,-167.554779,119.378326,4]],"renderPriority":1,"startEndFade":[10,3],"textureLength":40}
{"class":"TSStatic","__parent":"DragRace","position":[494.70285,319.373657,119.449799],"decalType":"None","isRenderEnabled":false,"rotationMatrix":[-0.581072867,0.813851476,0,-0.813851476,-0.581072867,0,0,0,0.999999881],"shapeName":"/levels/west_coast_usa/art/shapes/objects/jerseybarrier_3m.dae","useInstanceRenderData":true}
{"class":"TSStatic","__parent":"DragRace","position":[583.439941,347.243073,119.426315],"decalType":"None","isRenderEnabled":false,"rotationMatrix":[-0.451535225,0.892249405,0.0026615453,-0.892234027,-0.451543093,0.00523709226,0.00587459421,-9.99006443e-06,0.999982715],"shapeName":"/levels/west_coast_usa/art/shapes/objects/jerseybarrier_3m.dae","useInstanceRenderData":true}
{"class":"TSStatic","__parent":"DragRace","position":[533.276672,356.888397,119.447906],"decalType":"None","isRenderEnabled":false,"rotationMatrix":[-0.603965402,0.79701072,0,-0.79701072,-0.603965402,0,0,0,1],"shapeName":"/levels/west_coast_usa/art/shapes/objects/jerseybarrier_3m.dae","useInstanceRenderData":true}
{"class":"TSStatic","__parent":"DragRace","position":[621.539856,390.49527,119.330894],"decalType":"None","isRenderEnabled":false,"rotationMatrix":[-0.995347619,-0.0961714759,0.00584640866,0.0961697623,-0.995364785,-0.00057491404,0.0058745998,-9.99157783e-06,0.999982715],"shapeName":"/levels/west_coast_usa/art/shapes/objects/jerseybarrier_3m.dae","useInstanceRenderData":true}
{"class":"TSStatic","__parent":"DragRace","position":[621.085388,384.421356,119.333488],"decalType":"None","isRenderEnabled":false,"rotationMatrix":[-0.970487833,0.241082251,0.00570373563,-0.241078138,-0.970504642,0.00140656508,0.0058745998,-9.99163603e-06,0.999982715],"shapeName":"/levels/west_coast_usa/art/shapes/objects/jerseybarrier_3m.dae","useInstanceRenderData":true}
{"class":"TSStatic","__parent":"DragRace","position":[616.529358,373.197845,119.360146],"decalType":"None","isRenderEnabled":false,"rotationMatrix":[-0.851552248,0.524246216,0.0050078514,-0.524237275,-0.851566911,0.00307122851,0.0058745998,-9.99122858e-06,0.999982715],"shapeName":"/levels/west_coast_usa/art/shapes/objects/jerseybarrier_3m.dae","useInstanceRenderData":true}
{"class":"TSStatic","__parent":"DragRace","position":[572.399902,342.132111,119.386856],"decalType":"None","isRenderEnabled":false,"rotationMatrix":[-0.366531968,0.930403173,0.00216255803,-0.930402458,-0.366535902,0.00179481017,0.00246255146,-0.00135419378,0.999996066],"shapeName":"/levels/west_coast_usa/art/shapes/objects/jerseybarrier_3m.dae","useInstanceRenderData":true}
{"class":"TSStatic","__parent":"DragRace","position":[613.899597,410.097198,119.375954],"decalType":"None","isRenderEnabled":false,"rotationMatrix":[-0.811290383,-0.584623694,0.00476025045,0.584613562,-0.811304331,-0.00344253774,0.00587460212,-9.99122858e-06,0.999982715],"shapeName":"/levels/west_coast_usa/art/shapes/objects/jerseybarrier_3m.dae","useInstanceRenderData":true}
{"class":"TSStatic","__parent":"DragRace","position":[618.598145,402.243286,119.348289],"decalType":"None","isRenderEnabled":false,"rotationMatrix":[-0.921876669,-0.387445837,0.00541187963,0.387439102,-0.921892524,-0.00228530075,0.00587460166,-9.991345e-06,0.999982715],"shapeName":"/levels/west_coast_usa/art/shapes/objects/jerseybarrier_3m.dae","useInstanceRenderData":true}
{"class":"TSStatic","__parent":"DragRace","position":[613.037292,368.242615,119.3806],"decalType":"None","isRenderEnabled":false,"rotationMatrix":[-0.791230798,0.611499667,0.00465435209,-0.611489177,-0.791244507,0.0035844096,0.005874597,-9.99018084e-06,0.999982715],"shapeName":"/levels/west_coast_usa/art/shapes/objects/jerseybarrier_3m.dae","useInstanceRenderData":true}
{"class":"TSStatic","__parent":"DragRace","position":[619.24823,378.621704,119.344223],"decalType":"None","isRenderEnabled":false,"rotationMatrix":[-0.925624609,0.378403455,0.0054415483,-0.378396958,-0.925640583,0.00221372023,0.0058745984,-9.991345e-06,0.999982715],"shapeName":"/levels/west_coast_usa/art/shapes/objects/jerseybarrier_3m.dae","useInstanceRenderData":true}
{"class":"TSStatic","__parent":"DragRace","position":[560.825378,338.425629,119.410255],"decalType":"None","isRenderEnabled":false,"rotationMatrix":[-0.271997571,0.962218761,0.0123675186,-0.962283969,-0.272040963,0.00194063643,0.00523178419,-0.0113732163,0.99992162],"shapeName":"/levels/west_coast_usa/art/shapes/objects/jerseybarrier_3m.dae","useInstanceRenderData":true}
{"class":"TSStatic","__parent":"DragRace","position":[619.726929,399.417969,119.341629],"decalType":"None","isRenderEnabled":false,"rotationMatrix":[-0.934692383,-0.355416387,0.00548748719,0.355410188,-0.934708476,-0.00209726859,0.00587460259,-9.991345e-06,0.999982715],"shapeName":"/levels/west_coast_usa/art/shapes/objects/jerseybarrier_3m.dae","useInstanceRenderData":true}
{"class":"TSStatic","__parent":"DragRace","position":[608.859436,363.808441,119.405098],"decalType":"None","isRenderEnabled":false,"rotationMatrix":[-0.681032658,0.732241869,0.00400817674,-0.732229233,-0.681044459,0.00429482199,0.0058745956,-9.9898316e-06,0.999982715],"shapeName":"/levels/west_coast_usa/art/shapes/objects/jerseybarrier_3m.dae","useInstanceRenderData":true}
{"class":"TSStatic","__parent":"DragRace","position":[599.155457,356.459076,119.408958],"decalType":"None","isRenderEnabled":false,"rotationMatrix":[-0.566473126,0.82407397,0.0033360878,-0.824059784,-0.566483021,0.00483544217,0.00587459654,-9.98936594e-06,0.999982715],"shapeName":"/levels/west_coast_usa/art/shapes/objects/jerseybarrier_3m.dae","useInstanceRenderData":true}
