{"class":"TSStatic","persistentId":"85a702ba-7581-4eea-83e6-e6760b6994ba","__parent":"trail_030","position":[1008.11139,-352.388885,124.525948],"isRenderEnabled":false,"shapeName":"/levels/johnson_valley/art/shapes/rocks/s_rocks_desert_large_06.dae","useInstanceRenderData":true}
{"class":"TSStatic","persistentId":"86647a8e-4131-4346-bf13-fe21344ceddf","__parent":"trail_030","position":[1013.75836,-357.71344,124.582336],"isRenderEnabled":false,"shapeName":"/levels/johnson_valley/art/shapes/rocks/s_rocks_desert_large_04.dae","useInstanceRenderData":true}
{"class":"TSStatic","persistentId":"310f02ed-ec0a-4054-a2e1-2c7405d4f7d5","__parent":"trail_030","position":[1022.06665,-332.642578,122.731781],"isRenderEnabled":false,"shapeName":"/levels/johnson_valley/art/shapes/rocks/s_rocks_desert_low_flat_01.dae","useInstanceRenderData":true}
{"class":"TSStatic","persistentId":"1b2a7d98-e6fc-4371-86d1-09a164170197","__parent":"trail_030","position":[1018.17242,-327.291351,122.649109],"isRenderEnabled":false,"shapeName":"/levels/johnson_valley/art/shapes/rocks/s_rocks_desert_medium_02.dae","useInstanceRenderData":true}
{"class":"TSStatic","persistentId":"016fc6ab-a07e-4713-a461-0981a7682c8a","__parent":"trail_030","position":[1015.04572,-334.35495,122.303726],"isRenderEnabled":false,"shapeName":"/levels/johnson_valley/art/shapes/rocks/s_rocks_desert_large_07.dae","useInstanceRenderData":true}
{"class":"TSStatic","persistentId":"6015d456-1c91-4c62-934a-7c831a882bd7","__parent":"trail_030","position":[1017.53168,-344.87735,122.47377],"isRenderEnabled":false,"rotationMatrix":[1,0,0,0,0.994665682,-0.103151441,0,0.103151441,0.994665682],"shapeName":"/levels/johnson_valley/art/shapes/rocks/s_rocks_desert_large_04.dae","useInstanceRenderData":true}
{"class":"TSStatic","persistentId":"99b2e77c-ea77-42f7-ba76-fa538c23cff7","__parent":"trail_030","position":[1007.73181,-366.0289,126.74263],"isRenderEnabled":false,"shapeName":"/levels/johnson_valley/art/shapes/rocks/s_rocks_desert_large_06.dae","useInstanceRenderData":true}
{"class":"TSStatic","persistentId":"38a4f9a7-20bc-47d3-a131-f46862992751","__parent":"trail_030","position":[1012.39264,-367.880157,126.005104],"isRenderEnabled":false,"rotationMatrix":[0.928330123,0.371756881,0,-0.371756881,0.928330123,0,0,0,1],"shapeName":"/levels/johnson_valley/art/shapes/rocks/s_rocks_desert_large_03.dae","useInstanceRenderData":true}
{"class":"TSStatic","persistentId":"08e67b69-ad86-42f4-8ed3-990f2de48816","__parent":"trail_030","position":[1013.52692,-372.487,128.35112],"isRenderEnabled":false,"rotationMatrix":[0.831851959,-0.421221524,-0.361378968,0.451751322,0.892143905,0,0.32240206,-0.163253397,0.932419062],"shapeName":"/levels/johnson_valley/art/shapes/rocks/s_rocks_desert_large_06.dae","useInstanceRenderData":true}
{"class":"TSStatic","persistentId":"10bf4295-3744-42f6-8b75-0d5c64091a75","__parent":"trail_030","position":[1006.56653,-375.833893,129.374405],"isRenderEnabled":false,"shapeName":"/levels/johnson_valley/art/shapes/rocks/s_rocks_desert_large_07.dae","useInstanceRenderData":true}
{"class":"TSStatic","persistentId":"931fa4f1-98e7-4713-842e-26968a9e1366","__parent":"trail_030","position":[1011.30359,-380.46405,130.189713],"isRenderEnabled":false,"shapeName":"/levels/johnson_valley/art/shapes/rocks/s_rocks_desert_medium_03.dae","useInstanceRenderData":true}
{"class":"TSStatic","persistentId":"d97effac-e926-403b-8339-ad935b855e13","__parent":"trail_030","position":[1010.50458,-379.419434,129.914948],"isRenderEnabled":false,"shapeName":"/levels/johnson_valley/art/shapes/rocks/s_rocks_desert_medium_05.dae","useInstanceRenderData":true}
{"class":"TSStatic","persistentId":"9bdd468e-faec-437d-861c-c6a0e6a3e61f","__parent":"trail_030","position":[1011.97784,-376.984192,128.946564],"isRenderEnabled":false,"rotationMatrix":[-0.75300622,-0.65779227,0.0170803126,0.654994905,-0.751782537,-0.076194033,0.0629605055,-0.0461870357,0.996946692],"shapeName":"/levels/johnson_valley/art/shapes/rocks/s_rocks_desert_large_07.dae","useInstanceRenderData":true}
{"class":"TSStatic","persistentId":"b00dbdf2-6958-4b1e-b9e6-f2876f0baafd","__parent":"trail_030","position":[1009.12207,-381.43277,130.716141],"isRenderEnabled":false,"shapeName":"/levels/johnson_valley/art/shapes/rocks/s_rocks_desert_large_06.dae","useInstanceRenderData":true}
{"class":"TSStatic","persistentId":"a8fb2c03-e025-45bf-8a30-c60666631735","__parent":"trail_030","position":[997.305664,-383.475952,132.045624],"isRenderEnabled":false,"shapeName":"/levels/johnson_valley/art/shapes/rocks/s_rocks_desert_large_02.dae","useInstanceRenderData":true}
{"class":"TSStatic","persistentId":"2c8b440f-e850-4a28-a275-051b4cd45dc7","__parent":"trail_030","position":[1003.11914,-379.237183,130.486404],"isRenderEnabled":false,"rotationMatrix":[0.922432959,0,0.386157274,0,1,0,-0.386157274,0,0.922432959],"shapeName":"/levels/johnson_valley/art/shapes/rocks/s_rocks_desert_medium_04.dae","useInstanceRenderData":true}
{"class":"TSStatic","persistentId":"2b5b8946-8137-404c-8a6f-b13fdd676ac9","__parent":"trail_030","position":[1007.26123,-382.815216,130.912659],"isRenderEnabled":false,"rotationMatrix":[0.398967326,0,-0.916965246,0,1,0,0.916965246,0,0.398967326],"shapeName":"/levels/johnson_valley/art/shapes/rocks/s_rocks_desert_medium_02.dae","useInstanceRenderData":true}
{"class":"TSStatic","persistentId":"aa5a0969-334c-49db-9777-030e54ce25c6","__parent":"trail_030","position":[1002.7215,-381.294556,130.911392],"isRenderEnabled":false,"rotationMatrix":[0.224871695,0.823684454,-0.520554483,2.98023224e-08,0.534236908,0.845334888,0.97438854,-0.190092087,0.120134652],"shapeName":"/levels/johnson_valley/art/shapes/rocks/s_rocks_desert_medium_04.dae","useInstanceRenderData":true}
{"class":"TSStatic","persistentId":"d00bc7e2-adea-4e06-9c62-cb835a274706","__parent":"trail_030","position":[1005.06445,-382.971649,131.262665],"isRenderEnabled":false,"shapeName":"/levels/johnson_valley/art/shapes/rocks/s_rocks_desert_small_01.dae","useInstanceRenderData":true}
{"class":"TSStatic","persistentId":"56004e2a-3caa-45e2-bcff-28924266c07f","__parent":"trail_030","position":[1000.83179,-382.59137,131.687958],"isRenderEnabled":false,"shapeName":"/levels/johnson_valley/art/shapes/rocks/s_rocks_desert_large_07.dae","useInstanceRenderData":true}
{"class":"TSStatic","persistentId":"acdfc719-4f37-4bb9-9a36-63ed4c3b95a2","__parent":"trail_030","position":[1004.34357,-389.299377,132.542648],"isRenderEnabled":false,"rotationMatrix":[0.731214046,-0.513394356,-0.449168503,0.682148099,0.550321996,0.481476665,0,-0.658461928,0.752614081],"shapeName":"/levels/johnson_valley/art/shapes/rocks/s_rocks_desert_large_06.dae","useInstanceRenderData":true}
{"class":"TSStatic","persistentId":"daae1075-bf14-459c-8d0f-aff5f2571aea","__parent":"trail_030","position":[998.687622,-388.708832,134.132874],"isRenderEnabled":false,"rotationMatrix":[0.689420581,0,0.7243613,0,1,0,-0.7243613,0,0.689420581],"shapeName":"/levels/johnson_valley/art/shapes/rocks/s_rocks_desert_medium_01.dae","useInstanceRenderData":true}
{"class":"TSStatic","persistentId":"178dbf20-6452-4eca-85f3-09eeea8b8f4d","__parent":"trail_030","position":[1002.02264,-392.234558,134.638596],"isRenderEnabled":false,"rotationMatrix":[0.979319513,0,-0.202319726,-0.018601343,0.995764494,-0.090038985,0.20146279,0.0919403583,0.975171626],"shapeName":"/levels/johnson_valley/art/shapes/rocks/s_rocks_desert_medium_05.dae","useInstanceRenderData":true}
{"class":"TSStatic","persistentId":"37bef47b-0f02-4ea2-91c0-b04bcb92a1e3","__parent":"trail_030","position":[1002.99042,-391.091766,133.623734],"isRenderEnabled":false,"rotationMatrix":[1,0,0,0,-0.241350293,-0.970438063,0,0.970438063,-0.241350293],"shapeName":"/levels/johnson_valley/art/shapes/rocks/s_rocks_desert_medium_05.dae","useInstanceRenderData":true}
{"class":"TSStatic","persistentId":"e644b752-0465-4f79-a73e-e28050279ed6","__parent":"trail_030","position":[999.440613,-394.665039,134.883102],"isRenderEnabled":false,"rotationMatrix":[0.735368729,-0.589336276,-0.334537745,0.633752108,0.423254609,0.647467196,-0.239981279,-0.688141167,0.684741318],"shapeName":"/levels/johnson_valley/art/shapes/rocks/s_rocks_desert_large_03.dae","useInstanceRenderData":true}
{"class":"TSStatic","persistentId":"999e8581-3e7d-412b-a42e-e97a707ed39a","__parent":"trail_030","position":[999.569153,-402.070465,139.527145],"isRenderEnabled":false,"shapeName":"/levels/johnson_valley/art/shapes/rocks/s_rocks_desert_large_05.dae","useInstanceRenderData":true}
{"class":"TSStatic","persistentId":"4e2a427d-53d5-44af-87b5-e2f6b105a6d8","__parent":"trail_030","position":[995.218872,-396.257843,137.5047],"isRenderEnabled":false,"rotationMatrix":[1,0,0,0,0.988528132,-0.151036948,0,0.151036948,0.988528132],"shapeName":"/levels/johnson_valley/art/shapes/rocks/s_rocks_desert_low_flat_01.dae","useInstanceRenderData":true}
{"class":"TSStatic","persistentId":"fcf289e5-5e08-41a0-acf8-740316966823","__parent":"trail_030","position":[998.332336,-398.918701,138.012985],"isRenderEnabled":false,"rotationMatrix":[0.93567282,-0.345782727,0.0703615025,0.352752239,0.921706557,-0.161316365,-0.00907225348,0.175759494,0.984391332],"shapeName":"/levels/johnson_valley/art/shapes/rocks/s_rocks_desert_low_flat_02.dae","useInstanceRenderData":true}
{"class":"TSStatic","persistentId":"1a894781-b372-4dfc-95c2-9bba26d345d6","__parent":"trail_030","position":[999.124451,-404.945343,141.32695],"isRenderEnabled":false,"rotationMatrix":[0.818293452,-0.532942712,0.215332419,0.574800789,0.758703709,-0.306550056,0,0.374621123,0.927178025],"shapeName":"/levels/johnson_valley/art/shapes/rocks/s_rocks_desert_medium_03.dae","useInstanceRenderData":true}
{"class":"TSStatic","persistentId":"84e46dae-6615-4d5c-804f-a1cfe46030be","__parent":"trail_030","position":[995.997253,-403.882416,141.715073],"isRenderEnabled":false,"shapeName":"/levels/johnson_valley/art/shapes/rocks/s_rocks_desert_medium_05.dae","useInstanceRenderData":true}
{"class":"TSStatic","persistentId":"f054ad39-2297-46ce-b460-88aa967843a5","__parent":"trail_030","position":[998.997681,-407.436615,142.207306],"isRenderEnabled":false,"rotationMatrix":[1,0,0,0,0.829942524,0.55784893,0,-0.55784893,0.829942524],"shapeName":"/levels/johnson_valley/art/shapes/rocks/s_rocks_desert_medium_02.dae","useInstanceRenderData":true}
{"class":"TSStatic","persistentId":"9d4deb87-ac54-451e-96bf-1d50a3277d25","__parent":"trail_030","position":[996.110596,-408.667938,143.161224],"isRenderEnabled":false,"rotationMatrix":[0.00723981857,-0.469910562,-0.882684529,-1.49011612e-08,0.882707477,-0.46992287,0.999973953,0.00340220332,0.0063906312],"shapeName":"/levels/johnson_valley/art/shapes/rocks/s_rocks_desert_medium_02.dae","useInstanceRenderData":true}
{"class":"TSStatic","persistentId":"f3c43fd6-bee2-4d96-b783-e0092efb76c3","__parent":"trail_030","position":[999.678162,-412.216492,144.401382],"isRenderEnabled":false,"rotationMatrix":[0.917013943,0,0.39885518,0.371325433,0.365074873,-0.853720248,-0.145612091,0.930978477,0.334778726],"shapeName":"/levels/johnson_valley/art/shapes/rocks/s_rocks_desert_medium_04.dae","useInstanceRenderData":true}
{"class":"TSStatic","persistentId":"7366546e-0369-4b41-8eb9-c7def4c14a7d","__parent":"trail_030","position":[999.191223,-414.095673,145.202393],"isRenderEnabled":false,"rotationMatrix":[0.931054354,0.329703331,-0.156312242,-0.325152755,0.944084585,0.0545890108,0.165570155,0,0.986198008],"shapeName":"/levels/johnson_valley/art/shapes/rocks/s_rocks_desert_large_07.dae","useInstanceRenderData":true}
{"class":"TSStatic","persistentId":"3239fcc0-08fe-4798-831b-814e64341d00","__parent":"trail_030","position":[998.497925,-417.617706,146.274673],"isRenderEnabled":false,"shapeName":"/levels/johnson_valley/art/shapes/rocks/s_rocks_desert_large_05.dae","useInstanceRenderData":true}
{"class":"TSStatic","persistentId":"5fc5b16f-9dab-4b43-9b98-26aaf9e39c2c","__parent":"trail_030","position":[992.991699,-423.839417,150.797302],"isRenderEnabled":false,"shapeName":"/levels/johnson_valley/art/shapes/rocks/s_rocks_desert_large_07.dae","useInstanceRenderData":true}
{"class":"TSStatic","persistentId":"7e5b9b7f-b0d2-4565-a974-6c94f0c7d367","__parent":"trail_030","position":[995.844238,-430.173309,152.133636],"isRenderEnabled":false,"shapeName":"/levels/johnson_valley/art/shapes/rocks/s_rocks_desert_medium_02.dae","useInstanceRenderData":true}
{"class":"TSStatic","persistentId":"d28ae8ee-ff9c-46d0-8d8b-c3114584d043","__parent":"trail_030","position":[999.362122,-427.743561,151.177338],"isRenderEnabled":false,"shapeName":"/levels/johnson_valley/art/shapes/rocks/s_rocks_desert_medium_04.dae","useInstanceRenderData":true}
{"class":"TSStatic","persistentId":"2e77d025-a917-4d80-b1d9-1a94b04b6d18","__parent":"trail_030","position":[993.085938,-426.414368,151.785934],"isRenderEnabled":false,"shapeName":"/levels/johnson_valley/art/shapes/rocks/s_rocks_desert_small_01.dae","useInstanceRenderData":true}
{"class":"TSStatic","persistentId":"2e9ca3ed-e0fc-42ed-b8c1-db154a6c8a6e","__parent":"trail_030","position":[997.805847,-428.752686,151.261841],"isRenderEnabled":false,"rotationMatrix":[1,0,0,0,0.667733669,0.744400322,0,-0.744400322,0.667733669],"shapeName":"/levels/johnson_valley/art/shapes/rocks/s_rocks_desert_medium_04.dae","useInstanceRenderData":true}
{"class":"TSStatic","persistentId":"22b5f6a2-a803-4bab-9b27-8019b77e3c93","__parent":"trail_030","position":[989.954163,-428.01355,152.807892],"isRenderEnabled":false,"rotationMatrix":[0.813214302,-0.581964314,0,0.581964314,0.813214302,0,0,0,1],"shapeName":"/levels/johnson_valley/art/shapes/rocks/s_rocks_desert_large_07.dae","useInstanceRenderData":true}
{"class":"TSStatic","persistentId":"f0c7feb7-2ef8-4781-bd75-b2529d9dc84c","__parent":"trail_030","position":[992.961243,-430.79715,152.429306],"isRenderEnabled":false,"rotationMatrix":[0.637517571,0.760046959,-0.126096606,-0.770436049,0.628920794,-0.104342028,0,0.163669214,0.986515284],"shapeName":"/levels/johnson_valley/art/shapes/rocks/s_rocks_desert_large_07.dae","useInstanceRenderData":true}
{"class":"TSStatic","persistentId":"f6c30876-2454-4515-8631-1e2d4e4490f1","__parent":"trail_030","position":[984.269409,-434.26474,153.691162],"isRenderEnabled":false,"shapeName":"/levels/johnson_valley/art/shapes/rocks/s_rocks_desert_medium_02.dae","useInstanceRenderData":true}
{"class":"TSStatic","persistentId":"7e06099b-ea3f-453f-bac0-0e63b3b48158","__parent":"trail_030","position":[989.320679,-436.192078,153.744827],"isRenderEnabled":false,"shapeName":"/levels/johnson_valley/art/shapes/rocks/s_rocks_desert_medium_04.dae","useInstanceRenderData":true}
{"class":"TSStatic","persistentId":"16cc3164-6a8c-4a4e-9781-b4ac1583ad6a","__parent":"trail_030","position":[982.870239,-440.297424,153.942337],"isRenderEnabled":false,"shapeName":"/levels/johnson_valley/art/shapes/rocks/s_rocks_desert_small_02.dae","useInstanceRenderData":true}
{"class":"TSStatic","persistentId":"94cbb0a5-4db4-47d9-b808-d5d1c54b7b97","__parent":"trail_030","position":[986.437439,-433.420959,153.673111],"isRenderEnabled":false,"shapeName":"/levels/johnson_valley/art/shapes/rocks/s_rocks_desert_small_03.dae","useInstanceRenderData":true}
{"class":"TSStatic","persistentId":"18fc784d-e8b9-45e2-b921-57a6c61d3bf1","__parent":"trail_030","position":[981.247559,-439.185974,153.66214],"isRenderEnabled":false,"shapeName":"/levels/johnson_valley/art/shapes/rocks/s_rocks_desert_large_06.dae","useInstanceRenderData":true}
{"class":"TSStatic","persistentId":"cee7b15a-ae0b-4f6e-aa83-7281de03614b","__parent":"trail_030","position":[979.176208,-435.401184,153.262787],"isRenderEnabled":false,"shapeName":"/levels/johnson_valley/art/shapes/rocks/s_rocks_desert_large_05.dae","useInstanceRenderData":true}
{"class":"TSStatic","persistentId":"36b805e7-caaa-43f1-9ef8-eced2c22269a","__parent":"trail_030","position":[972.984375,-434.483795,152.956619],"isRenderEnabled":false,"rotationMatrix":[-0.972595572,0,0.232504994,0,1,0,-0.232504994,0,-0.972595572],"shapeName":"/levels/johnson_valley/art/shapes/rocks/s_rocks_desert_large_06.dae","useInstanceRenderData":true}
{"class":"TSStatic","persistentId":"9037dbd9-b6b5-4831-9707-360c04a5b2ef","__parent":"trail_030","position":[986.976685,-438.737152,154.119263],"isRenderEnabled":false,"shapeName":"/levels/johnson_valley/art/shapes/rocks/s_rocks_desert_low_flat_01.dae","useInstanceRenderData":true}
{"class":"TSStatic","persistentId":"9fd45231-4f66-407a-8571-91a8af66bc37","__parent":"trail_030","position":[982.159058,-433.73053,152.569122],"isRenderEnabled":false,"shapeName":"/levels/johnson_valley/art/shapes/rocks/s_rocks_desert_large_05.dae","useInstanceRenderData":true}
{"class":"TSStatic","persistentId":"550064de-0064-4d51-9ea7-40129511300b","__parent":"trail_030","position":[976.406738,-441.420715,152.673767],"isRenderEnabled":false,"shapeName":"/levels/johnson_valley/art/shapes/rocks/s_rocks_desert_large_02.dae","useInstanceRenderData":true}
{"class":"TSStatic","persistentId":"05cefcc1-9107-4e47-8f69-555aee400ee3","__parent":"trail_030","position":[972.972656,-442.172577,153.956482],"isRenderEnabled":false,"rotationMatrix":[1,0,0,0,0.890756607,-0.454480588,0,0.454480588,0.890756607],"shapeName":"/levels/johnson_valley/art/shapes/rocks/s_rocks_desert_huge_sheet_3.dae","useInstanceRenderData":true}
{"class":"TSStatic","persistentId":"28e3bc9d-bd50-47d9-95e9-3ec6dfafefd5","__parent":"trail_030","position":[977.488159,-441.78067,154.454163],"isRenderEnabled":false,"rotationMatrix":[-0.613609672,-0.776872575,-0.141252816,0.789609611,-0.603711605,-0.109768279,7.4505806e-09,-0.178889453,0.983869195],"shapeName":"/levels/johnson_valley/art/shapes/rocks/s_rocks_desert_large_07.dae","useInstanceRenderData":true}
{"class":"TSStatic","persistentId":"b53a247c-76b1-4e87-a396-5e8a2ef10b5e","__parent":"trail_030","position":[966.203186,-436.592133,153.572601],"isRenderEnabled":false,"shapeName":"/levels/johnson_valley/art/shapes/rocks/s_rocks_desert_low_flat_01.dae","useInstanceRenderData":true}
{"class":"TSStatic","persistentId":"75dc71f5-2d67-4889-8709-de36d4a2d32d","__parent":"trail_030","position":[966.095642,-437.365143,153.0896],"isRenderEnabled":false,"shapeName":"/levels/johnson_valley/art/shapes/rocks/s_rocks_desert_large_05.dae","useInstanceRenderData":true}
{"class":"TSStatic","persistentId":"e093e269-ac1b-477f-9fe6-a63155e59326","__parent":"trail_030","position":[973.815857,-438.183533,153.667374],"isRenderEnabled":false,"rotationMatrix":[1,0,0,0,0.999694049,-0.0247352626,0,0.0247352626,0.999694049],"shapeName":"/levels/johnson_valley/art/shapes/rocks/s_rocks_desert_medium_01.dae","useInstanceRenderData":true}
{"class":"TSStatic","persistentId":"a76dda08-46b3-4d38-8397-b1e5de74ea21","__parent":"trail_030","position":[969.450256,-440.405426,154.39093],"isRenderEnabled":false,"rotationMatrix":[0.134897947,0,0.99085933,0,1,0,-0.99085933,0,0.134897947],"shapeName":"/levels/johnson_valley/art/shapes/rocks/s_rocks_desert_medium_04.dae","useInstanceRenderData":true}
{"class":"TSStatic","persistentId":"0c4831d9-bae5-4d8e-baea-fc017a3b7df4","__parent":"trail_030","position":[970.798645,-435.466888,153.6362],"isRenderEnabled":false,"shapeName":"/levels/johnson_valley/art/shapes/rocks/s_rocks_desert_medium_05.dae","useInstanceRenderData":true}
{"class":"TSStatic","persistentId":"67d49d59-15a5-4ee3-973f-aa9b833a7f3f","__parent":"trail_030","position":[969.950439,-436.043365,153.816544],"isRenderEnabled":false,"rotationMatrix":[1,0,0,0,0.0795071721,-0.996834099,0,0.996834099,0.0795071721],"shapeName":"/levels/johnson_valley/art/shapes/rocks/s_rocks_desert_small_01.dae","useInstanceRenderData":true}
{"class":"TSStatic","persistentId":"e73492eb-a202-425a-88f8-7cf593ec769f","__parent":"trail_030","position":[968.958862,-437.918243,153.882858],"isRenderEnabled":false,"rotationMatrix":[1,0,0,0,0.97792083,0.208975837,0,-0.208975837,0.97792083],"shapeName":"/levels/johnson_valley/art/shapes/rocks/s_rocks_desert_medium_02.dae","useInstanceRenderData":true}
{"class":"TSStatic","persistentId":"eabc9a1d-1000-465a-a909-7292dfbea9c7","__parent":"trail_030","position":[963.452759,-442.682312,155.021729],"isRenderEnabled":false,"shapeName":"/levels/johnson_valley/art/shapes/rocks/s_rocks_desert_medium_03.dae","useInstanceRenderData":true}
{"class":"TSStatic","persistentId":"193b2b47-8d99-420c-9e0b-f3b5a512ee4f","__parent":"trail_030","position":[967.184326,-443.858887,154.895401],"isRenderEnabled":false,"shapeName":"/levels/johnson_valley/art/shapes/rocks/s_rocks_desert_medium_05.dae","useInstanceRenderData":true}
{"class":"TSStatic","persistentId":"699c683b-3c20-48a6-9376-f0b3b46110e6","__parent":"trail_030","position":[964.072021,-441.507294,154.819656],"isRenderEnabled":false,"shapeName":"/levels/johnson_valley/art/shapes/rocks/s_rocks_desert_small_01.dae","useInstanceRenderData":true}
{"class":"TSStatic","persistentId":"126ee2ca-eccd-4714-a602-ebc87ec964ea","__parent":"trail_030","position":[966.224915,-448.477386,155.277039],"isRenderEnabled":false,"rotationMatrix":[0.898754895,-0.403227001,-0.172184914,0.374109954,0.910054564,-0.1784444,0.228651285,0.095961675,0.968767226],"shapeName":"/levels/johnson_valley/art/shapes/rocks/s_rocks_desert_large_07.dae","useInstanceRenderData":true}
{"class":"TSStatic","persistentId":"e5aade4c-61a9-4871-ae80-c9d174722da3","__parent":"trail_030","position":[962.619202,-453.78064,156.387848],"isRenderEnabled":false,"shapeName":"/levels/johnson_valley/art/shapes/rocks/s_rocks_desert_medium_01.dae","useInstanceRenderData":true}
{"class":"TSStatic","persistentId":"10a232a4-fcab-48d4-82c7-63f09e4ffd5b","__parent":"trail_030","position":[959.11853,-450.193451,156.779053],"isRenderEnabled":false,"shapeName":"/levels/johnson_valley/art/shapes/rocks/s_rocks_desert_small_01.dae","useInstanceRenderData":true}
{"class":"TSStatic","persistentId":"690efa05-0cf8-4921-9c59-0c8a75bd39c5","__parent":"trail_030","position":[964.206848,-452.108948,155.89859],"isRenderEnabled":false,"shapeName":"/levels/johnson_valley/art/shapes/rocks/s_rocks_desert_medium_04.dae","useInstanceRenderData":true}
{"class":"TSStatic","persistentId":"75bdeddc-6c41-418b-a9b9-6383800a78d9","__parent":"trail_030","position":[963.375732,-453.992065,155.20192],"isRenderEnabled":false,"shapeName":"/levels/johnson_valley/art/shapes/rocks/s_rocks_desert_large_05.dae","useInstanceRenderData":true}
{"class":"TSStatic","persistentId":"28605982-489b-4104-b19c-80eaa4abd2c6","__parent":"trail_030","position":[959.672913,-449.549072,155.470688],"isRenderEnabled":false,"shapeName":"/levels/johnson_valley/art/shapes/rocks/s_rocks_desert_large_05.dae","useInstanceRenderData":true}
{"class":"TSStatic","persistentId":"3fadce35-5938-4bbe-83ee-c308bc3ca8a5","__parent":"trail_030","position":[958.121155,-447.576477,156.120193],"isRenderEnabled":false,"shapeName":"/levels/johnson_valley/art/shapes/rocks/s_rocks_desert_large_04.dae","useInstanceRenderData":true}
{"class":"TSStatic","persistentId":"6330f515-0303-4ac4-9eaa-0ddc3a1b4efa","__parent":"trail_030","position":[955.589294,-453.115814,158.804611],"isRenderEnabled":false,"shapeName":"/levels/johnson_valley/art/shapes/rocks/s_rocks_desert_large_07.dae","useInstanceRenderData":true}
{"class":"TSStatic","persistentId":"f89e1ef6-0da7-4714-9171-ec032880ab6f","__parent":"trail_030","position":[953.052246,-456.395538,160.939255],"isRenderEnabled":false,"rotationMatrix":[0.91805166,0.347441554,-0.190959439,-0.360076487,0.932270765,-0.0348724872,0.165909752,0.10077475,0.98097831],"shapeName":"/levels/johnson_valley/art/shapes/rocks/s_rocks_desert_low_flat_02.dae","useInstanceRenderData":true}
{"class":"TSStatic","persistentId":"e5f62e55-2345-4364-b6c4-4afb0b13e8bb","__parent":"trail_030","position":[947.81842,-453.988464,163.40097],"isRenderEnabled":false,"shapeName":"/levels/johnson_valley/art/shapes/rocks/s_rocks_desert_medium_01.dae","useInstanceRenderData":true}
{"class":"TSStatic","persistentId":"da09deb9-bcae-4771-afa5-9e515ebb1a58","__parent":"trail_030","position":[946.730713,-457.879822,163.993027],"isRenderEnabled":false,"shapeName":"/levels/johnson_valley/art/shapes/rocks/s_rocks_desert_medium_03.dae","useInstanceRenderData":true}
{"class":"TSStatic","persistentId":"3c4b10c5-334d-4be2-bd61-67ba07da8683","__parent":"trail_030","position":[938.191162,-459.842773,165.933716],"isRenderEnabled":false,"shapeName":"/levels/johnson_valley/art/shapes/rocks/s_rocks_desert_large_04.dae","useInstanceRenderData":true}
{"class":"TSStatic","persistentId":"f2a990c4-9a0d-4ec8-8d9b-cbc7d74d77d4","__parent":"trail_030","position":[936.195129,-452.887421,166.040009],"isRenderEnabled":false,"rotationMatrix":[-0.336076021,0.885622501,0.320509553,-0.941835165,-0.316017628,-0.114367567,1.04308128e-07,-0.340303242,0.940315783],"shapeName":"/levels/johnson_valley/art/shapes/rocks/s_rocks_desert_huge_sheet_2.dae","useInstanceRenderData":true}
{"class":"TSStatic","persistentId":"dadf2968-2ce9-4097-aff3-6b0bb9bd24c2","__parent":"trail_030","position":[931.197571,-458.064606,167.242569],"isRenderEnabled":false,"rotationMatrix":[0.481304526,-0.87616694,-0.0260261521,0.876553416,0.481092274,0.0142906327,9.31322575e-10,-0.0296914596,0.999559104],"shapeName":"/levels/johnson_valley/art/shapes/rocks/s_rocks_desert_large_07.dae","useInstanceRenderData":true}
{"class":"TSStatic","persistentId":"15473942-656f-4a2b-b9b4-c57ad9a0125c","__parent":"trail_030","position":[932.905212,-459.759369,167.577515],"isRenderEnabled":false,"shapeName":"/levels/johnson_valley/art/shapes/rocks/s_rocks_desert_large_07.dae","useInstanceRenderData":true}
{"class":"TSStatic","persistentId":"38421397-1d1c-4bbb-bb19-7addbb3161f7","__parent":"trail_030","position":[1014.34052,-349.321869,122.534508],"isRenderEnabled":false,"shapeName":"/levels/johnson_valley/art/shapes/rocks/s_rocks_desert_large_05.dae","useInstanceRenderData":true}
{"class":"TSStatic","persistentId":"a7fed6d0-ffaa-4870-9686-a7395ea623ea","__parent":"trail_030","position":[925.085083,-459.110504,167.735016],"isRenderEnabled":false,"shapeName":"/levels/johnson_valley/art/shapes/rocks/s_rocks_desert_large_04.dae","useInstanceRenderData":true}
{"class":"TSStatic","persistentId":"37f6a084-b5b2-4f7d-8268-f521ac721a59","__parent":"trail_030","position":[925.683105,-453.691437,168.452225],"isRenderEnabled":false,"rotationMatrix":[0.897704005,0,-0.440599084,-0.119434699,-0.962559342,-0.243343785,-0.424102485,0.27107349,-0.864093542],"shapeName":"/levels/johnson_valley/art/shapes/rocks/s_rocks_desert_large_06.dae","useInstanceRenderData":true}
{"class":"TSStatic","persistentId":"bea8d6d7-73c3-4276-8a7c-572214eb869f","__parent":"trail_030","position":[916.106201,-451.517456,171.797913],"isRenderEnabled":false,"rotationMatrix":[0.829734564,-0.521338701,-0.199365243,0.506911397,0.853349805,-0.121798605,0.233626619,0,0.972326398],"shapeName":"/levels/johnson_valley/art/shapes/rocks/s_rocks_desert_low_flat_01.dae","useInstanceRenderData":true}
{"class":"TSStatic","persistentId":"8ab90954-8289-4bb5-8c04-b8dec415ec2e","__parent":"trail_030","position":[915.408142,-457.986053,171.367722],"isRenderEnabled":false,"rotationMatrix":[0.405242741,0,0.914209187,0,1,0,-0.914209187,0,0.405242741],"shapeName":"/levels/johnson_valley/art/shapes/rocks/s_rocks_desert_large_06.dae","useInstanceRenderData":true}
{"class":"TSStatic","persistentId":"1f6339a6-0ced-4768-92d7-65f31b293962","__parent":"trail_030","position":[917.845337,-459.528412,170.770981],"isRenderEnabled":false,"rotationMatrix":[0.836799979,-0.416205227,-0.355723381,0.371942818,0.908915102,-0.188498974,0.401776612,0.0254271999,0.91538465],"shapeName":"/levels/johnson_valley/art/shapes/rocks/s_rocks_desert_low_flat_01.dae","useInstanceRenderData":true}
{"class":"TSStatic","persistentId":"e737fa1e-85a4-42ed-a44c-4d9fe3f5e28b","__parent":"trail_030","position":[911.272217,-454.363647,172.296265],"isRenderEnabled":false,"shapeName":"/levels/johnson_valley/art/shapes/rocks/s_rocks_desert_low_flat_01.dae","useInstanceRenderData":true}
{"class":"TSStatic","persistentId":"470efe97-1cf2-48d9-a9f9-4f98de493da2","__parent":"trail_030","position":[908.307129,-456.638245,173.041336],"isRenderEnabled":false,"rotationMatrix":[0.79440248,0.602681875,-0.075493589,-0.522411466,0.741365671,0.421263844,0.309856415,-0.295214325,0.903790653],"shapeName":"/levels/johnson_valley/art/shapes/rocks/s_rocks_desert_huge_sheet_3.dae","useInstanceRenderData":true}
{"class":"TSStatic","persistentId":"7ed1f9d7-7e8f-4788-b7d8-18bb8fa96a33","__parent":"trail_030","position":[909.235291,-462.36554,172.141266],"isRenderEnabled":false,"shapeName":"/levels/johnson_valley/art/shapes/rocks/s_rocks_desert_large_02.dae","useInstanceRenderData":true}
{"class":"TSStatic","persistentId":"38d6a210-fce4-49d0-bdd3-c142055da17b","__parent":"trail_030","position":[903.183533,-460.190521,173.833237],"isRenderEnabled":false,"rotationMatrix":[0.934386015,0.231437385,0.270849466,0,0.760253429,-0.649626553,-0.356262147,0.60700196,0.710370183],"shapeName":"/levels/johnson_valley/art/shapes/rocks/s_rocks_desert_large_06.dae","useInstanceRenderData":true}
{"class":"TSStatic","persistentId":"b0a7f976-109a-4443-9e37-7d353f751d5d","__parent":"trail_030","position":[903.165039,-462.764526,174.131927],"isRenderEnabled":false,"shapeName":"/levels/johnson_valley/art/shapes/rocks/s_rocks_desert_low_flat_01.dae","useInstanceRenderData":true}
{"class":"TSStatic","persistentId":"c64b96e5-f5d9-4e81-b6c3-0bdb3baa1324","__parent":"trail_030","position":[897.916504,-459.918457,174.395309],"isRenderEnabled":false,"shapeName":"/levels/johnson_valley/art/shapes/rocks/s_rocks_desert_large_03.dae","useInstanceRenderData":true}
{"class":"TSStatic","persistentId":"fd0c126b-806e-40db-afda-db58f354a020","__parent":"trail_030","position":[892.147705,-461.324036,173.245422],"isRenderEnabled":false,"shapeName":"/levels/johnson_valley/art/shapes/rocks/s_rocks_desert_large_07.dae","useInstanceRenderData":true}
{"class":"TSStatic","persistentId":"fa5617bb-1aec-49af-bed5-4b277c4977d0","__parent":"trail_030","position":[890.859436,-458.509613,172.525543],"isRenderEnabled":false,"shapeName":"/levels/johnson_valley/art/shapes/rocks/s_rocks_desert_large_06.dae","useInstanceRenderData":true}
{"class":"TSStatic","persistentId":"cfb83e0f-5bf0-419b-b7d0-6a6dab45c931","__parent":"trail_030","position":[892.701904,-457.07074,171.832092],"isRenderEnabled":false,"rotationMatrix":[0.906155944,0.418885231,-0.0584521443,-0.418016434,0.908039212,0.0269643925,0.0643718243,0,0.997925997],"shapeName":"/levels/johnson_valley/art/shapes/rocks/s_rocks_desert_large_02.dae","useInstanceRenderData":true}
{"class":"TSStatic","persistentId":"f4683fb8-e5e5-43e7-9a28-024f0af4e1b2","__parent":"trail_030","position":[895.640869,-455.514923,172.225494],"isRenderEnabled":false,"rotationMatrix":[0.129246294,-0.991612613,0,0.991612613,0.129246294,0,0,0,1],"shapeName":"/levels/johnson_valley/art/shapes/rocks/s_rocks_desert_large_02.dae","useInstanceRenderData":true}
{"class":"TSStatic","persistentId":"41cbb567-d970-48ce-9fef-fdf5a49710ba","__parent":"trail_030","position":[885.977905,-461.741302,172.604355],"isRenderEnabled":false,"shapeName":"/levels/johnson_valley/art/shapes/rocks/s_rocks_desert_large_07.dae","useInstanceRenderData":true}
{"class":"TSStatic","persistentId":"1a893c84-dfeb-48cd-9e9d-acc551d81fa4","__parent":"trail_030","position":[886.805176,-465.596222,172.142471],"isRenderEnabled":false,"rotationMatrix":[0.999990284,5.82076609e-11,-0.00440526847,0.00108935009,0.968943179,0.247281194,0.00426845439,-0.247283608,0.968933761],"shapeName":"/levels/johnson_valley/art/shapes/rocks/s_rocks_desert_low_flat_02.dae","useInstanceRenderData":true}
{"class":"TSStatic","persistentId":"666f1b98-3c29-479f-9515-2f9eca428e45","__parent":"trail_030","position":[894.984863,-468.466583,171.820129],"isRenderEnabled":false,"shapeName":"/levels/johnson_valley/art/shapes/rocks/s_rocks_desert_large_07.dae","useInstanceRenderData":true}
{"class":"TSStatic","persistentId":"7d6d1ecc-5d7d-455c-9d42-feb5c5c2cde4","__parent":"trail_030","position":[885.937378,-458.433167,171.573273],"isRenderEnabled":false,"rotationMatrix":[0.201084256,0.978131175,0.0531465337,-0.945659399,0.207989037,-0.249937639,-0.255525678,0,0.966802239],"shapeName":"/levels/johnson_valley/art/shapes/rocks/s_rocks_desert_large_02.dae","useInstanceRenderData":true}
{"class":"TSStatic","persistentId":"05996b43-360a-42b5-9760-7d3a504ca931","__parent":"trail_030","position":[888.529236,-453.222382,172.932678],"isRenderEnabled":false,"shapeName":"/levels/johnson_valley/art/shapes/rocks/s_rocks_desert_medium_01.dae","useInstanceRenderData":true}
{"class":"TSStatic","persistentId":"c787a63f-451c-4c29-a789-15cfb92541f9","__parent":"trail_030","position":[893.184448,-451.981842,173.27124],"isRenderEnabled":false,"rotationMatrix":[1,0,0,0,-0.991612434,-0.129245222,0,0.129245222,-0.991612434],"shapeName":"/levels/johnson_valley/art/shapes/rocks/s_rocks_desert_medium_02.dae","useInstanceRenderData":true}
{"class":"TSStatic","persistentId":"1b934786-d289-4bc6-9954-3b4ce7619a2d","__parent":"trail_030","position":[892.969177,-453.91095,173.119385],"isRenderEnabled":false,"shapeName":"/levels/johnson_valley/art/shapes/rocks/s_rocks_desert_medium_05.dae","useInstanceRenderData":true}
{"class":"TSStatic","persistentId":"94e4a45a-0b7a-4b82-b10b-49995b2b6c8b","__parent":"trail_030","position":[889.618835,-451.844849,172.985077],"isRenderEnabled":false,"shapeName":"/levels/johnson_valley/art/shapes/rocks/s_rocks_desert_medium_04.dae","useInstanceRenderData":true}
{"class":"TSStatic","persistentId":"3f0bd5cf-6f3e-43f9-991e-71cfa013c7d2","__parent":"trail_030","position":[886.092163,-447.406738,173.219131],"isRenderEnabled":false,"rotationMatrix":[0.927912593,0.250883877,0.275745362,0,0.739664555,-0.672975779,-0.372797817,0.624462724,0.686344087],"shapeName":"/levels/johnson_valley/art/shapes/rocks/s_rocks_desert_large_06.dae","useInstanceRenderData":true}
{"class":"TSStatic","persistentId":"5088845f-a6f5-4600-a093-147fe1191b6d","__parent":"trail_030","position":[891.50293,-444.595795,173.336853],"isRenderEnabled":false,"shapeName":"/levels/johnson_valley/art/shapes/rocks/s_rocks_desert_large_03.dae","useInstanceRenderData":true}
{"class":"TSStatic","persistentId":"ce7ae6ba-50c3-4610-a574-7edb8e245c6c","__parent":"trail_030","position":[893.363647,-446.482727,172.366241],"isRenderEnabled":false,"rotationMatrix":[0.996107936,0,-0.0881416798,0.0212942176,0.97037822,0.240650535,0.0855307728,-0.241590828,0.966601431],"shapeName":"/levels/johnson_valley/art/shapes/rocks/s_rocks_desert_large_02.dae","useInstanceRenderData":true}
{"class":"TSStatic","persistentId":"9c8b9886-426d-425c-89ae-9a27a8d3c4b2","__parent":"trail_030","position":[881.112122,-438.855682,174.304688],"isRenderEnabled":false,"shapeName":"/levels/johnson_valley/art/shapes/rocks/s_rocks_desert_large_06.dae","useInstanceRenderData":true}
{"class":"TSStatic","persistentId":"2b1f0741-f7a0-4c15-a2b3-cf4e29ce59a2","__parent":"trail_030","position":[877.572327,-446.395477,175.714966],"isRenderEnabled":false,"shapeName":"/levels/johnson_valley/art/shapes/rocks/s_rocks_desert_large_04.dae","useInstanceRenderData":true}
{"class":"TSStatic","persistentId":"3287cc48-fa69-4ab8-aec7-98d813e33f10","__parent":"trail_030","position":[872.221802,-443.870117,175.81543],"isRenderEnabled":false,"shapeName":"/levels/johnson_valley/art/shapes/rocks/s_rocks_desert_large_02.dae","useInstanceRenderData":true}
{"class":"TSStatic","persistentId":"9a66164c-fccc-431a-a507-771cebd64ca7","__parent":"trail_030","position":[871.10022,-448.57135,175.693192],"isRenderEnabled":false,"rotationMatrix":[0.876104236,-0.481860876,0.0158600695,0.464844286,0.85297823,0.237377375,-0.127911136,-0.200594872,0.971288025],"shapeName":"/levels/johnson_valley/art/shapes/rocks/s_rocks_desert_huge_sheet_3.dae","useInstanceRenderData":true}
{"class":"TSStatic","persistentId":"474a8535-6e44-488e-8686-7918697ef622","__parent":"trail_030","position":[1011.92322,-333.321686,122.52829],"isRenderEnabled":false,"rotationMatrix":[0.941155076,-0.333556205,0.0544735044,0.334797353,0.942166746,-0.0152491126,-0.0462366939,0.0325893611,0.998398781],"shapeName":"/levels/johnson_valley/art/shapes/rocks/s_rocks_desert_low_small.dae","useInstanceRenderData":true}
{"class":"TSStatic","persistentId":"90a5899f-e5d2-4590-bd36-fd767c8091e4","__parent":"trail_030","position":[1009.52875,-342.02356,122.954796],"isRenderEnabled":false,"rotationMatrix":[0.941155076,-0.328455567,0.079649888,0.334797442,0.938287199,-0.0867630094,-0.0462366864,0.108324021,0.993039846],"shapeName":"/levels/johnson_valley/art/shapes/rocks/s_rocks_desert_low_small.dae","useInstanceRenderData":true}
{"class":"TSStatic","persistentId":"1137d66c-5b17-4995-9b96-a7fd7add767f","__parent":"trail_030","position":[1006.6413,-350.63913,123.859581],"isRenderEnabled":false,"rotationMatrix":[0.941155076,-0.324330777,0.0950615704,0.334797412,0.933147311,-0.130945846,-0.0462366939,0.155066714,0.986821413],"shapeName":"/levels/johnson_valley/art/shapes/rocks/s_rocks_desert_low_small.dae","useInstanceRenderData":true}
{"class":"TSStatic","persistentId":"31e351d1-cab3-43e9-a7ce-a6d252d8224a","__parent":"trail_030","position":[1003.5033,-359.442993,125.130104],"isRenderEnabled":false,"rotationMatrix":[0.941155076,-0.324330777,0.0950615704,0.334797412,0.933147311,-0.130945846,-0.0462366939,0.155066714,0.986821413],"shapeName":"/levels/johnson_valley/art/shapes/rocks/s_rocks_desert_low_small.dae","useInstanceRenderData":true}
{"class":"TSStatic","persistentId":"7daa52ff-72fb-4534-bc10-d05e46c6c23e","__parent":"trail_030","position":[1002.20453,-353.531586,124.318604],"isRenderEnabled":false,"shapeName":"/levels/johnson_valley/art/shapes/rocks/s_rocks_desert_large_03.dae","useInstanceRenderData":true}
{"class":"TSStatic","persistentId":"14e0655c-1b40-4e44-bcbc-b33f3c80b90b","__parent":"trail_030","position":[1005.59003,-358.334045,125.186478],"isRenderEnabled":false,"shapeName":"/levels/johnson_valley/art/shapes/rocks/s_rocks_desert_large_07.dae","useInstanceRenderData":true}
{"class":"TSStatic","persistentId":"27d17b36-e1fe-492a-ba8c-272f663a3070","__parent":"trail_030","position":[1006.6712,-362.885254,125.877029],"isRenderEnabled":false,"rotationMatrix":[0.947920501,0.301110953,-0.103821628,-0.3142865,0.937161446,-0.151500702,0.051679112,0.176240355,0.982989609],"shapeName":"/levels/johnson_valley/art/shapes/rocks/s_rocks_desert_low_small.dae","useInstanceRenderData":true}
{"class":"TSStatic","persistentId":"404a7ad0-0ea8-440a-b34c-e9345fcf1568","__parent":"trail_030","position":[1010.02582,-369.320038,127.160439],"isRenderEnabled":false,"rotationMatrix":[0.943141758,-0.331676006,0.021785697,0.326972783,0.913988233,-0.240237996,0.0597693101,0.23370181,0.970469534],"shapeName":"/levels/johnson_valley/art/shapes/rocks/s_rocks_desert_low_small.dae","useInstanceRenderData":true}
{"class":"TSStatic","persistentId":"18564c7f-89aa-49a7-9821-487e0416c19e","__parent":"trail_030","position":[1010.73926,-376.764648,129.046448],"isRenderEnabled":false,"rotationMatrix":[0.941205323,-0.331676036,0.0642151684,0.337454766,0.913988233,-0.22527723,0.0160271414,0.23370184,0.972176194],"shapeName":"/levels/johnson_valley/art/shapes/rocks/s_rocks_desert_low_small.dae","useInstanceRenderData":true}
{"class":"TSStatic","persistentId":"cd503e6d-729d-4986-81b9-d75b67e224cb","__parent":"trail_030","position":[1002.85004,-381.74762,130.852005],"isRenderEnabled":false,"rotationMatrix":[0.798116326,-0.599071741,0.0642152131,0.596408367,0.770420313,-0.225277364,0.0854845047,0.218096048,0.972176194],"shapeName":"/levels/johnson_valley/art/shapes/rocks/s_rocks_desert_low_small.dae","useInstanceRenderData":true}
