{"class":"TSStatic","persistentId":"f975bfe3-64eb-4415-92d4-257bb647021a","__parent":"trail_020_rocks","position":[-60.2432137,221.553757,172.778885],"isRenderEnabled":false,"rotationMatrix":[0.875807762,0.395663917,-0.276425153,-0.398250103,0.915952802,0.0492681935,0.272686034,0.066936858,0.959771752],"shapeName":"/levels/johnson_valley/art/shapes/rocks/s_rocks_desert_huge_sheet_2.dae","useInstanceRenderData":true}
{"class":"TSStatic","persistentId":"c42380df-4195-44c4-bd60-f304c5ee507d","__parent":"trail_020_rocks","position":[-25.2255611,191.675507,171.722931],"isRenderEnabled":false,"rotationMatrix":[0.144007325,-0.968606234,0.202641606,0.989099264,0.147246361,0.000918865204,-0.0307282358,0.200300381,0.979252517],"shapeName":"/levels/johnson_valley/art/shapes/rocks/s_rocks_desert_low_tiny.dae","useInstanceRenderData":true}
{"class":"TSStatic","persistentId":"58a2f95e-19f3-4f9c-b36c-7c534c71ca9a","__parent":"trail_020_rocks","position":[-6.56761837,379.001465,137.190475],"isRenderEnabled":false,"rotationMatrix":[0.998337686,0.000337682664,0.0576349609,0.00533032697,0.995156288,-0.0981611237,-0.0573889427,0.0983051583,0.993500173],"shapeName":"/levels/johnson_valley/art/shapes/rocks/s_rocks_desert_low_flat_02.dae","useInstanceRenderData":true}
{"class":"TSStatic","persistentId":"d07c93f2-3f2e-4d25-94b5-65191d9091e4","__parent":"trail_020_rocks","position":[-60.4672699,238.912491,167.561722],"isRenderEnabled":false,"rotationMatrix":[-0.596842051,-0.236731291,0.766640484,0.479229867,-0.871508837,0.103974566,0.643520057,0.429453433,0.633602083],"shapeName":"/levels/johnson_valley/art/shapes/rocks/s_rocks_desert_large_07.dae","useInstanceRenderData":true}
{"class":"TSStatic","persistentId":"2e8edf2f-6a7b-4bc5-a89a-b1e282a8a395","__parent":"trail_020_rocks","position":[-3.44647288,383.483582,135.945847],"isRenderEnabled":false,"rotationMatrix":[-0.152212381,0.986470878,0.0608811229,-0.987302363,-0.154595137,0.0365286656,0.0454463884,-0.0545479618,0.997476399],"shapeName":"/levels/johnson_valley/art/shapes/rocks/s_rocks_desert_large_03.dae","useInstanceRenderData":true}
{"class":"TSStatic","persistentId":"13cbc035-2dd2-4fc0-9147-db715051ebc4","__parent":"trail_020_rocks","position":[-1.74566913,377.983612,135.945847],"isRenderEnabled":false,"rotationMatrix":[0.81692493,-0.573521674,0.0608811118,0.572379053,0.819175065,0.0365286544,-0.0708222687,0.00500591472,0.997476399],"shapeName":"/levels/johnson_valley/art/shapes/rocks/s_rocks_desert_large_03.dae","useInstanceRenderData":true}
{"class":"TSStatic","persistentId":"7b1dfc46-5e9e-42fb-895c-d6e11d9eb426","__parent":"trail_020_rocks","position":[1.32256913,376.218475,136.354904],"isRenderEnabled":false,"rotationMatrix":[0.704485476,-0.707215786,-0.0595479533,-0.709514141,-0.703812003,-0.0351866707,-0.0170259979,0.067038618,-0.997604966],"shapeName":"/levels/johnson_valley/art/shapes/rocks/s_rocks_desert_large_03.dae","useInstanceRenderData":true}
{"class":"TSStatic","persistentId":"494441f3-f9e1-444a-9d3e-ba8256c904b1","__parent":"trail_020_rocks","position":[-3.77622604,387.164337,135.137695],"isRenderEnabled":false,"rotationMatrix":[0.433493614,0.901156723,0.000127382576,-0.900278032,0.43306464,0.0442111194,0.0397859775,-0.0192799196,0.999022186],"shapeName":"/levels/johnson_valley/art/shapes/rocks/s_rocks_desert_large_02.dae","useInstanceRenderData":true}
{"class":"TSStatic","persistentId":"627e9f74-a4c9-4454-ad63-59fd505aa835","__parent":"trail_020_rocks","position":[-6.98667908,390.63446,135.04892],"isRenderEnabled":false,"rotationMatrix":[0.89995122,0.435116708,0.0275919922,0.435955822,-0.898875594,-0.0443343595,0.00551114324,0.0519276485,-0.998635888],"shapeName":"/levels/johnson_valley/art/shapes/rocks/s_rocks_desert_large_02.dae","useInstanceRenderData":true}
{"class":"TSStatic","persistentId":"792f68bf-2d74-497a-bd8d-17a9da883cdf","__parent":"trail_020_rocks","position":[-1.87215471,380.282135,135.213837],"isRenderEnabled":false,"rotationMatrix":[0.53072834,-0.842996359,0.0876622498,-0.545979261,-0.419167757,-0.72540009,0.648254752,0.337128639,-0.682722807],"shapeName":"/levels/johnson_valley/art/shapes/rocks/s_rocks_desert_large_07.dae","useInstanceRenderData":true}
{"class":"TSStatic","persistentId":"b6aaba94-fbe8-4c8a-abd2-9bb23928312d","__parent":"trail_020_rocks","position":[-6.23284864,375.512146,137.841843],"isRenderEnabled":false,"rotationMatrix":[0.995693862,-0.00542951236,-0.0925435349,-0.00542951236,0.993154109,-0.116685331,0.0925435349,0.116685331,0.988847911],"shapeName":"/levels/johnson_valley/art/shapes/rocks/s_rocks_desert_low_flat_01.dae","useInstanceRenderData":true}
{"class":"TSStatic","persistentId":"d5dba4ad-a48d-4b24-b984-ef804d43d936","__parent":"trail_020_rocks","position":[-9.81648064,377.411224,137.803314],"isRenderEnabled":false,"rotationMatrix":[0.579598427,0.809630454,-0.0925435498,-0.813830078,0.569267333,-0.116685346,-0.0417899713,0.142945364,0.988847911],"shapeName":"/levels/johnson_valley/art/shapes/rocks/s_rocks_desert_low_flat_01.dae","useInstanceRenderData":true}
{"class":"TSStatic","persistentId":"a87b27f0-9683-488d-86af-a1a2b52ddd64","__parent":"trail_020_rocks","position":[-15.1611872,375.696747,138.9702],"isRenderEnabled":false,"rotationMatrix":[0.999333739,-0.0015545527,-0.0364638604,-0.0015545527,0.9963727,-0.0850823373,0.0364638604,0.0850823373,0.995706499],"shapeName":"/levels/johnson_valley/art/shapes/rocks/s_rocks_desert_low_flat_02.dae","useInstanceRenderData":true}
{"class":"TSStatic","persistentId":"21ec8095-71ea-48c9-a94a-43553027aca8","__parent":"trail_020_rocks","position":[-19.765522,376.786682,139.445496],"isRenderEnabled":false,"rotationMatrix":[0.998144388,-0.00111335819,0.0608811229,-0.00111335819,0.999332011,0.0365286693,-0.0608811229,-0.0365286693,0.997476399],"shapeName":"/levels/johnson_valley/art/shapes/rocks/s_rocks_desert_large_03.dae","useInstanceRenderData":true}
{"class":"TSStatic","persistentId":"765b3ca5-ed55-4eca-bccb-a8348f56b76b","__parent":"trail_020_rocks","position":[-18.2408199,378.327789,138.96254],"isRenderEnabled":false,"rotationMatrix":[0.999966979,-0.000280446431,-0.00811835285,-0.000280446431,0.997616231,-0.0690060034,0.00811835285,0.0690060034,0.99758321],"shapeName":"/levels/johnson_valley/art/shapes/rocks/s_rocks_desert_large_07.dae","useInstanceRenderData":true}
{"class":"TSStatic","persistentId":"1b02075a-f61b-4391-9f6b-61bc72e07ce6","__parent":"trail_020_rocks","position":[-29.0374966,352.739868,139.777527],"isRenderEnabled":false,"rotationMatrix":[0.879881799,-0.000280445442,-0.475192487,-0.0325449631,0.997616231,-0.0608500764,0.474076807,0.0690060034,0.877775252],"shapeName":"/levels/johnson_valley/art/shapes/rocks/s_rocks_desert_large_07.dae","useInstanceRenderData":true}
{"class":"TSStatic","persistentId":"2d5d9a93-ce13-4df8-adc4-013647f379de","__parent":"trail_020_rocks","position":[-28.6732922,349.841766,140.005203],"isRenderEnabled":false,"rotationMatrix":[0.981972635,-0.168547869,-0.08556474,-0.151746601,-0.972836733,0.174820825,-0.112706162,-0.158685103,-0.980875611],"shapeName":"/levels/johnson_valley/art/shapes/rocks/s_rocks_desert_large_07.dae","useInstanceRenderData":true}
{"class":"TSStatic","persistentId":"82d6496d-738a-4df6-b80e-9b3c81bb7957","__parent":"trail_020_rocks","position":[-23.7694359,349.92511,141.026413],"isRenderEnabled":false,"rotationMatrix":[0.932048619,-0.00155455247,0.3623299,0.0322716124,0.9963727,-0.0787398294,-0.36089325,0.0850823149,0.928717971],"shapeName":"/levels/johnson_valley/art/shapes/rocks/s_rocks_desert_low_flat_02.dae","useInstanceRenderData":true}
{"class":"TSStatic","persistentId":"40da71fa-a85a-4750-bda5-a08c51f5ece5","__parent":"trail_020_rocks","position":[-24.7682438,354.378082,140.082367],"isRenderEnabled":false,"rotationMatrix":[0.131731689,0.988927066,-0.068336539,-0.944975555,0.104454339,-0.310016751,-0.299445927,0.105415374,0.94827199],"shapeName":"/levels/johnson_valley/art/shapes/rocks/s_rocks_desert_low_flat_02.dae","useInstanceRenderData":true}
{"class":"TSStatic","persistentId":"978a3594-1f23-4b8b-8df5-00b3a2fe1015","__parent":"trail_020_rocks","position":[-25.3223915,346.177734,141.636871],"isRenderEnabled":false,"rotationMatrix":[0.162689924,0.972126722,-0.168824211,-0.876952887,0.0640474558,-0.476289332,-0.45220083,0.225538418,0.862929225],"shapeName":"/levels/johnson_valley/art/shapes/rocks/s_rocks_desert_low_flat_02.dae","useInstanceRenderData":true}
{"class":"TSStatic","persistentId":"d1220bfc-16a7-4059-b738-6ad28603945f","__parent":"trail_020_rocks","position":[-28.3868008,346.52594,140.813095],"isRenderEnabled":false,"rotationMatrix":[0.0958445072,-0.992913008,0.0702661574,-0.388917536,-0.10233438,-0.915571213,0.916273355,0.0604246855,-0.395969391],"shapeName":"/levels/johnson_valley/art/shapes/rocks/s_rocks_desert_large_03.dae","useInstanceRenderData":true}
{"class":"TSStatic","persistentId":"c11a185d-508b-4074-92ba-395186dfc5ff","__parent":"trail_020_rocks","position":[-23.8034897,339.093903,142.400131],"isRenderEnabled":false,"rotationMatrix":[0.753757,0.548240364,0.36232999,-0.561352074,0.823822737,-0.0787398443,-0.341664046,-0.144043952,0.928717971],"shapeName":"/levels/johnson_valley/art/shapes/rocks/s_rocks_desert_low_flat_02.dae","useInstanceRenderData":true}
{"class":"TSStatic","persistentId":"be2fdbdc-b5c8-423d-86ee-89436d9ebf9a","__parent":"trail_020_rocks","position":[-24.1465778,335.759064,142.564362],"isRenderEnabled":false,"rotationMatrix":[-0.4243716,0.881127715,-0.208620995,-0.699275017,-0.46528101,-0.542704344,-0.575259209,-0.0844248831,0.813602626],"shapeName":"/levels/johnson_valley/art/shapes/rocks/s_rocks_desert_low_flat_02.dae","useInstanceRenderData":true}
{"class":"TSStatic","persistentId":"f5761b68-9b40-45a6-afe4-21baebcfe98e","__parent":"trail_020_rocks","position":[-20.8723831,338.527283,143.658829],"isRenderEnabled":false,"rotationMatrix":[0.579598427,0.809630454,-0.0925435498,-0.813830078,0.569267333,-0.116685346,-0.0417899713,0.142945364,0.988847911],"shapeName":"/levels/johnson_valley/art/shapes/rocks/s_rocks_desert_low_flat_01.dae","useInstanceRenderData":true}
{"class":"TSStatic","persistentId":"17e08914-b82c-4199-bf8a-14c7882937af","__parent":"trail_020_rocks","position":[-19.729578,333.939178,144.242477],"isRenderEnabled":false,"rotationMatrix":[-0.881801248,0.462451756,-0.0925435349,-0.451640368,-0.884536624,-0.116685309,-0.13581951,-0.0610968843,0.988847911],"shapeName":"/levels/johnson_valley/art/shapes/rocks/s_rocks_desert_low_flat_01.dae","useInstanceRenderData":true}
{"class":"TSStatic","persistentId":"111922f0-44bf-4254-b36e-0bf5aeab0328","__parent":"trail_020_rocks","position":[-21.3513489,331.997345,143.499039],"isRenderEnabled":false,"rotationMatrix":[-0.412239075,0.890996754,-0.190219954,-0.748284161,-0.450224042,-0.487205297,-0.519739985,-0.0585065186,0.852318823],"shapeName":"/levels/johnson_valley/art/shapes/rocks/s_rocks_desert_low_flat_02.dae","useInstanceRenderData":true}
{"class":"TSStatic","persistentId":"bc854010-ed06-4342-b473-840d778b41c2","__parent":"trail_020_rocks","position":[-27.4834518,339.5755,141.552109],"isRenderEnabled":false,"rotationMatrix":[-0.543661356,0.735955238,-0.403487623,0.328137398,0.628855109,0.704887986,0.77250129,0.250820994,-0.583378673],"shapeName":"/levels/johnson_valley/art/shapes/rocks/s_rocks_desert_large_03.dae","useInstanceRenderData":true}
{"class":"TSStatic","persistentId":"9f449694-d15c-4c86-9b1f-643ac1e38b25","__parent":"trail_020_rocks","position":[-25.2754269,334.857758,142.018295],"isRenderEnabled":false,"rotationMatrix":[0.370616555,-0.916300654,-0.151777506,-0.480253845,-0.0491878986,-0.875749171,0.794983983,0.397458851,-0.458286762],"shapeName":"/levels/johnson_valley/art/shapes/rocks/s_rocks_desert_large_03.dae","useInstanceRenderData":true}
{"class":"TSStatic","persistentId":"bfcded99-a829-4ea5-90f9-240569ad32f9","__parent":"trail_020_rocks","position":[-16.5058899,384.902527,137.257431],"isRenderEnabled":false,"rotationMatrix":[0.999991715,0.000115615156,0.00406238995,0.000115615156,0.998381376,-0.0568734631,-0.00406238995,0.0568734631,0.998373151],"shapeName":"/levels/johnson_valley/art/shapes/rocks/s_rocks_desert_large_05.dae","useInstanceRenderData":true}
{"class":"TSStatic","persistentId":"34be6ecb-cdd4-4a8d-a173-9b1337fd6fcb","__parent":"trail_020_rocks","position":[-11.9492502,389.460602,136.768555],"isRenderEnabled":false,"rotationMatrix":[-0.932766914,-0.352996796,0.0730672404,0.359660715,-0.924984217,0.122670054,0.0242839176,0.140702009,0.98975414],"shapeName":"/levels/johnson_valley/art/shapes/rocks/s_rocks_desert_large_05.dae","useInstanceRenderData":true}
{"class":"TSStatic","persistentId":"40e3e0be-1522-41b3-a310-f733a13d0b61","__parent":"trail_020_rocks","position":[-17.687376,322.341431,143.234848],"isRenderEnabled":false,"rotationMatrix":[-0.967735291,-0.141298696,-0.208621025,0.234744266,-0.806453228,-0.542704284,-0.0915597081,-0.574166834,0.813602626],"shapeName":"/levels/johnson_valley/art/shapes/rocks/s_rocks_desert_low_flat_02.dae","useInstanceRenderData":true}
{"class":"TSStatic","persistentId":"f9af7caf-9579-4741-91c5-f1235d17aaff","__parent":"trail_020_rocks","position":[-19.4936543,328.912598,143.262619],"isRenderEnabled":false,"rotationMatrix":[0.303134084,-0.855058908,0.420694679,0.952208519,0.289172173,-0.0983791798,-0.0375331938,0.4304111,0.90185225],"shapeName":"/levels/johnson_valley/art/shapes/rocks/s_rocks_desert_low_flat_02.dae","useInstanceRenderData":true}
{"class":"TSStatic","persistentId":"a51d2d9f-9f22-4d1f-b5f4-a6e95d1d2be2","__parent":"trail_020_rocks","position":[-12.2024641,315.928162,143.881348],"isRenderEnabled":false,"rotationMatrix":[-0.858402967,-0.50661242,-0.0805460587,-0.512025476,0.855736792,0.07446035,0.0312036853,0.105158649,-0.993965507],"shapeName":"/levels/johnson_valley/art/shapes/rocks/s_rocks_desert_large_07.dae","useInstanceRenderData":true}
{"class":"TSStatic","persistentId":"e9843557-a6e5-4f7e-9d45-b96209860e55","__parent":"trail_020_rocks","position":[-15.4155359,318.059082,144.299667],"isRenderEnabled":false,"rotationMatrix":[0.995693862,-0.0209570527,-0.0903027579,-0.00542951282,0.959255934,-0.282486469,0.0925435349,0.281760365,0.955011427],"shapeName":"/levels/johnson_valley/art/shapes/rocks/s_rocks_desert_low_flat_01.dae","useInstanceRenderData":true}
{"class":"TSStatic","persistentId":"76b48357-64e7-43b2-8e45-7c69c0f49df3","__parent":"trail_020_rocks","position":[-12.4729395,318.883484,144.299667],"isRenderEnabled":false,"rotationMatrix":[-0.806203604,-0.57219094,0.150444955,0.588225424,-0.747930527,0.307556659,-0.0634587854,0.336448759,0.939561188],"shapeName":"/levels/johnson_valley/art/shapes/rocks/s_rocks_desert_low_flat_01.dae","useInstanceRenderData":true}
{"class":"TSStatic","persistentId":"f97f9bf0-3952-49a0-a889-63fce2c1c669","__parent":"trail_020_rocks","position":[-16.1797752,314.624115,143.830429],"isRenderEnabled":false,"rotationMatrix":[0.998144388,-0.00111335819,0.0608811229,-0.00111335819,0.999332011,0.0365286693,-0.0608811229,-0.0365286693,0.997476399],"shapeName":"/levels/johnson_valley/art/shapes/rocks/s_rocks_desert_large_03.dae","useInstanceRenderData":true}
{"class":"TSStatic","persistentId":"3d77311b-600e-4042-ad32-a0607df543b1","__parent":"trail_020_rocks","position":[-10.5516596,317.361694,145.078583],"isRenderEnabled":false,"rotationMatrix":[-0.0147954226,0.00118638203,0.999889731,0.0730175972,0.997330666,-0.000102881342,-0.997220755,0.0730080307,-0.0148426294],"shapeName":"/levels/johnson_valley/art/shapes/rocks/s_rocks_desert_large_04.dae","useInstanceRenderData":true}
{"class":"TSStatic","persistentId":"6bca8a92-4fbc-4b63-b268-a46769311fad","__parent":"trail_020_rocks","position":[18.987093,279.167603,149.62822],"isRenderEnabled":false,"rotationMatrix":[-0.795496821,-0.604905009,-0.03570503,-0.0104334354,0.0725876689,-0.997307539,0.605868042,-0.79298234,-0.0640546083],"shapeName":"/levels/johnson_valley/art/shapes/rocks/s_rocks_desert_large_04.dae","useInstanceRenderData":true}
{"class":"TSStatic","persistentId":"83332060-1bb6-462a-a820-1dbe1390239d","__parent":"trail_020_rocks","position":[15.3791523,277.125854,149.390656],"isRenderEnabled":false,"rotationMatrix":[0.810181141,0.585091233,-0.0357050002,0.00863906741,-0.0728229284,-0.99730742,-0.586115956,0.807691216,-0.0640543699],"shapeName":"/levels/johnson_valley/art/shapes/rocks/s_rocks_desert_large_04.dae","useInstanceRenderData":true}
{"class":"TSStatic","persistentId":"d11aa247-d51f-4966-890e-49276f13eeab","__parent":"trail_020_rocks","position":[17.7524605,280.895416,147.926926],"isRenderEnabled":false,"rotationMatrix":[-0.82311964,-0.564555764,0.0612462685,0.566433072,-0.823913217,0.0179148968,0.0403476432,0.0494380072,0.997961879],"shapeName":"/levels/johnson_valley/art/shapes/rocks/s_rocks_desert_large_04.dae","useInstanceRenderData":true}
{"class":"TSStatic","persistentId":"560238f8-c9eb-42e9-8525-b3278d72ef5a","__parent":"trail_020_rocks","position":[14.4367027,278.408966,147.633911],"isRenderEnabled":false,"rotationMatrix":[0.861386597,0.507021308,-0.030700637,0.505547404,-0.849873424,0.148785114,0.0493455604,-0.143682122,-0.98839283],"shapeName":"/levels/johnson_valley/art/shapes/rocks/s_rocks_desert_large_04.dae","useInstanceRenderData":true}
{"class":"TSStatic","persistentId":"d437320b-d057-4e01-83a7-e8468039d879","__parent":"trail_020_rocks","position":[7.7660594,275.380981,149.480255],"isRenderEnabled":false,"rotationMatrix":[-0.724994659,0.688742459,-0.00406038202,-0.687101901,-0.723650694,-0.0649660826,-0.0476832017,-0.0443101712,0.997879207],"shapeName":"/levels/johnson_valley/art/shapes/rocks/s_rocks_desert_large_06.dae","useInstanceRenderData":true}
{"class":"TSStatic","persistentId":"b2b944a4-158a-4a98-8ef1-51dbda4a5566","__parent":"trail_020_rocks","position":[3.73920631,273.817261,148.27449],"isRenderEnabled":false,"rotationMatrix":[0.949496448,0.312095582,0.0324480124,-0.30917412,0.948198915,-0.0730080307,-0.0535526536,0.0592887737,0.996803343],"shapeName":"/levels/johnson_valley/art/shapes/rocks/s_rocks_desert_large_04.dae","useInstanceRenderData":true}
{"class":"TSStatic","persistentId":"1bc52572-a198-40ca-a239-810268acb952","__parent":"trail_020_rocks","position":[-30.4291286,289.136078,154.413437],"isRenderEnabled":false,"rotationMatrix":[-0.510322571,0.143936843,0.847851872,0.80160594,-0.277429342,0.529585302,0.311445922,0.949902594,0.0261979699],"shapeName":"/levels/johnson_valley/art/shapes/rocks/s_rocks_desert_large_04.dae","useInstanceRenderData":true}
{"class":"TSStatic","persistentId":"f0141b2e-ec4d-4785-8908-a07b491c07db","__parent":"trail_020_rocks","position":[-29.5250702,286.556305,154.413437],"isRenderEnabled":false,"rotationMatrix":[-0.746568322,0.231013715,0.623914599,-0.663665533,-0.324473143,-0.673992574,0.0467418432,-0.917251647,0.395556509],"shapeName":"/levels/johnson_valley/art/shapes/rocks/s_rocks_desert_large_04.dae","useInstanceRenderData":true}
{"class":"TSStatic","persistentId":"6eb75303-f818-4824-a512-ee860aa37217","__parent":"trail_020_rocks","position":[-24.3053284,286.569702,152.742599],"isRenderEnabled":false,"rotationMatrix":[-0.787110686,-0.280290067,0.549448669,0.36063242,-0.931793571,0.0412870944,0.500400484,0.230646551,0.83450675],"shapeName":"/levels/johnson_valley/art/shapes/rocks/s_rocks_desert_low_flat_02.dae","useInstanceRenderData":true}
{"class":"TSStatic","persistentId":"74de0620-fa48-449c-85e9-d74a8ce1c018","__parent":"trail_020_rocks","position":[-33.1057777,290.869965,154.907654],"isRenderEnabled":false,"rotationMatrix":[-0.134750009,0.892559826,-0.430324614,-0.987388313,-0.157376051,-0.0172356814,-0.0831066817,0.422574997,0.90250963],"shapeName":"/levels/johnson_valley/art/shapes/rocks/s_rocks_desert_large_03.dae","useInstanceRenderData":true}
{"class":"TSStatic","persistentId":"b4b1291d-05dc-460e-908e-be0263bdb7b4","__parent":"trail_020_rocks","position":[-27.0963078,291.77063,151.341705],"isRenderEnabled":false,"rotationMatrix":[0.745314956,-0.6574471,0.110765174,0.551408768,0.514462471,-0.656716585,0.374771893,0.550537586,0.745958686],"shapeName":"/levels/johnson_valley/art/shapes/rocks/s_rocks_desert_low_tiny.dae","useInstanceRenderData":true}
{"class":"TSStatic","persistentId":"e793718e-c5da-41c9-bea3-196fc0461930","__parent":"trail_020_rocks","position":[-28.8303471,293.190491,151.341705],"isRenderEnabled":false,"rotationMatrix":[0.745314956,-0.6574471,0.110765174,0.551408768,0.514462471,-0.656716585,0.374771893,0.550537586,0.745958686],"shapeName":"/levels/johnson_valley/art/shapes/rocks/s_rocks_desert_low_tiny.dae","useInstanceRenderData":true}
{"class":"TSStatic","persistentId":"6bf68f7b-6b43-452a-9b38-174bb75fe2d6","__parent":"trail_020_rocks","position":[-20.7027206,289.989655,149.834335],"isRenderEnabled":false,"rotationMatrix":[-0.686555505,0.709521115,0.158811897,-0.564244449,-0.657688498,0.499072969,0.458551615,0.253032625,0.851883173],"shapeName":"/levels/johnson_valley/art/shapes/rocks/s_rocks_desert_low_tiny.dae","useInstanceRenderData":true}
{"class":"TSStatic","persistentId":"b6dd959c-4d10-4f3b-b95a-fc54c6d94103","__parent":"trail_020_rocks","position":[-16.0427456,302.886688,144.885025],"isRenderEnabled":false,"rotationMatrix":[0.815491319,-0.561198115,-0.141529143,0.530648589,0.82261157,-0.204260141,0.231053948,0.0914701223,0.968631685],"shapeName":"/levels/johnson_valley/art/shapes/rocks/s_rocks_desert_low_tiny.dae","useInstanceRenderData":true}
{"class":"TSStatic","persistentId":"4e26822e-b8ee-46ef-b8d9-633001fc536e","__parent":"trail_020_rocks","position":[-40.2201576,286.709839,157.151566],"isRenderEnabled":false,"rotationMatrix":[0.259198666,-0.958697736,0.117108151,0.929968297,0.215003252,-0.298214972,0.260719478,0.186203763,0.94728744],"shapeName":"/levels/johnson_valley/art/shapes/rocks/s_rocks_desert_low_tiny.dae","useInstanceRenderData":true}
{"class":"TSStatic","persistentId":"ce608978-da6a-49b0-bfab-9b50f71fc89b","__parent":"trail_020_rocks","position":[-58.0622559,283.162415,164.159943],"isRenderEnabled":false,"rotationMatrix":[0.784036815,0.188075557,-0.591535211,0.585866988,-0.539043903,0.605137944,-0.20505172,-0.821011305,-0.532817602],"shapeName":"/levels/johnson_valley/art/shapes/rocks/s_rocks_desert_large_03.dae","useInstanceRenderData":true}
{"class":"TSStatic","persistentId":"f05e0d2d-28da-4fca-9ed2-a78656716c74","__parent":"trail_020_rocks","position":[-61.153904,286.074921,166.299194],"isRenderEnabled":false,"rotationMatrix":[0.965805531,-0.0576369949,-0.252779961,-0.161801457,-0.895806909,-0.413945585,-0.202583387,0.440691084,-0.87450099],"shapeName":"/levels/johnson_valley/art/shapes/rocks/s_rocks_desert_large_03.dae","useInstanceRenderData":true}
{"class":"TSStatic","persistentId":"aef18312-b9f5-43a6-9166-e70acc17a554","__parent":"trail_020_rocks","position":[-54.4588699,286.387268,161.621353],"isRenderEnabled":false,"rotationMatrix":[-0.619110465,-0.0965488777,0.77934581,0.248881042,0.917132676,0.311329097,-0.744821966,0.386711627,-0.543777227],"shapeName":"/levels/johnson_valley/art/shapes/rocks/s_rocks_desert_large_07.dae","useInstanceRenderData":true}
{"class":"TSStatic","persistentId":"4f452cda-e4ec-44ab-9edc-b9511d95b269","__parent":"trail_020_rocks","position":[-56.8009834,285.790741,163.882431],"isRenderEnabled":false,"rotationMatrix":[0.896370113,-0.0766876414,-0.436623067,-0.265466362,-0.881657243,-0.39013961,-0.355032831,0.465618223,-0.810649157],"shapeName":"/levels/johnson_valley/art/shapes/rocks/s_rocks_desert_large_07.dae","useInstanceRenderData":true}
{"class":"TSStatic","persistentId":"9bb7c747-f9a2-4e0e-a052-819849368cb3","__parent":"trail_020_rocks","position":[-56.4082413,282.976196,164.037506],"isRenderEnabled":false,"rotationMatrix":[0.941544652,-0.0501816496,-0.333129793,-0.209333837,-0.861919761,-0.461815804,-0.263956457,0.504555523,-0.822040558],"shapeName":"/levels/johnson_valley/art/shapes/rocks/s_rocks_desert_large_07.dae","useInstanceRenderData":true}
{"class":"TSStatic","persistentId":"0ee53b90-5e06-4863-8394-b3a6ccf0c62e","__parent":"trail_020_rocks","position":[-56.7146263,280.735138,166.014221],"isRenderEnabled":false,"rotationMatrix":[0.998144388,-0.00111335819,0.0608811229,-0.00111335819,0.999332011,0.0365286693,-0.0608811229,-0.0365286693,0.997476399],"shapeName":"/levels/johnson_valley/art/shapes/rocks/s_rocks_desert_large_03.dae","useInstanceRenderData":true}
{"class":"TSStatic","persistentId":"8bd0c36a-f67a-4d90-aa1c-6a0c19274940","__parent":"trail_020_rocks","position":[-53.6602859,281.376282,163.61972],"isRenderEnabled":false,"rotationMatrix":[0.723897815,0.169327885,-0.668804884,-0.68914187,0.223122478,-0.689419746,0.032487303,0.959970951,0.278208852],"shapeName":"/levels/johnson_valley/art/shapes/rocks/s_rocks_desert_large_03.dae","useInstanceRenderData":true}
{"class":"TSStatic","persistentId":"ded17360-e5ee-4ae1-bdc6-4338732f53bc","__parent":"trail_020_rocks","position":[-51.9933205,284.157379,160.612137],"isRenderEnabled":false,"rotationMatrix":[-0.879005432,0.341534168,-0.33272174,-0.296295196,-0.937972784,-0.180044472,-0.3735753,-0.0596762262,0.925678253],"shapeName":"/levels/johnson_valley/art/shapes/rocks/s_rocks_desert_large_06.dae","useInstanceRenderData":true}
{"class":"TSStatic","persistentId":"666a95b9-fec8-40fc-acc4-49ed3def301f","__parent":"trail_020_rocks","position":[-56.3102798,290.581665,161.366257],"isRenderEnabled":false,"rotationMatrix":[0.708166718,0.00755250081,0.706004918,0.104864389,0.987727165,-0.115751743,-0.698214471,0.156006306,0.69868356],"shapeName":"/levels/johnson_valley/art/shapes/rocks/s_rocks_desert_large_02.dae","useInstanceRenderData":true}
{"class":"TSStatic","persistentId":"b3ad8d04-4c70-43f9-976b-1731e405eb70","__parent":"trail_020_rocks","position":[-56.5961838,293.2052,161.366257],"isRenderEnabled":false,"rotationMatrix":[0.972981036,0.224384233,-0.0544020534,-0.224305108,0.974489033,0.00763495639,0.0547273681,0.00477399211,0.998489916],"shapeName":"/levels/johnson_valley/art/shapes/rocks/s_rocks_desert_large_02.dae","useInstanceRenderData":true}
{"class":"TSStatic","persistentId":"c0cd8300-9296-4fea-bb22-44a89ff0cfba","__parent":"trail_020_rocks","position":[-57.9537468,295.949158,161.366257],"isRenderEnabled":false,"rotationMatrix":[-0.970858216,0.226304159,0.078868635,0.213458791,0.966177642,-0.144693092,-0.108945765,-0.123641297,-0.986328125],"shapeName":"/levels/johnson_valley/art/shapes/rocks/s_rocks_desert_large_02.dae","useInstanceRenderData":true}
{"class":"TSStatic","persistentId":"f121512a-bb99-4193-aa09-8aaf2c4f7291","__parent":"trail_020_rocks","position":[-58.6806946,285.94986,164.831757],"isRenderEnabled":false,"rotationMatrix":[-0.74369204,0.114497557,0.65864414,-0.506993473,0.545585871,-0.667303205,-0.435751528,-0.8301965,-0.347698331],"shapeName":"/levels/johnson_valley/art/shapes/rocks/s_rocks_desert_large_07.dae","useInstanceRenderData":true}
{"class":"TSStatic","persistentId":"ebed6103-3816-4a44-807d-b6c9d2d7c4e6","__parent":"trail_020_rocks","position":[-53.9528885,283.951294,161.959503],"isRenderEnabled":false,"rotationMatrix":[-0.755957961,-0.136814654,0.640163422,-0.0247535259,0.983190894,0.180894896,-0.654151917,0.120902643,-0.746637583],"shapeName":"/levels/johnson_valley/art/shapes/rocks/s_rocks_desert_large_03.dae","useInstanceRenderData":true}
{"class":"TSStatic","persistentId":"323cd109-bac0-4201-9e46-91fe81e512c1","__parent":"trail_020_rocks","position":[-62.0267677,289.955017,166.011322],"isRenderEnabled":false,"rotationMatrix":[-0.196584105,0.974292934,-0.110035531,-0.976545751,-0.204609156,-0.0670318902,-0.0878229961,0.0942773372,0.991664708],"shapeName":"/levels/johnson_valley/art/shapes/rocks/s_rocks_desert_low_flat_02.dae","useInstanceRenderData":true}
{"class":"TSStatic","persistentId":"db54befe-6681-42cf-bab7-e9f7acab0edb","__parent":"trail_020_rocks","position":[-58.2940979,289.118958,164.279999],"isRenderEnabled":false,"rotationMatrix":[0.999991715,0.000115615156,0.00406238995,0.000115615156,0.998381376,-0.0568734631,-0.00406238995,0.0568734631,0.998373151],"shapeName":"/levels/johnson_valley/art/shapes/rocks/s_rocks_desert_large_05.dae","useInstanceRenderData":true}
{"class":"TSStatic","persistentId":"16122a8a-6e57-442f-b1e4-86ccf17811d1","__parent":"trail_020_rocks","position":[-58.1956253,291.828156,163.92894],"isRenderEnabled":false,"rotationMatrix":[-0.130462766,0.991445184,0.00406238995,-0.989878654,-0.130023599,-0.0568734743,-0.0558587164,-0.0114411227,0.998373151],"shapeName":"/levels/johnson_valley/art/shapes/rocks/s_rocks_desert_large_05.dae","useInstanceRenderData":true}
{"class":"TSStatic","persistentId":"b68ff3b4-1859-4e00-9193-b0e31788a699","__parent":"trail_020_rocks","position":[-59.8703423,281.717102,165.792908],"isRenderEnabled":false,"rotationMatrix":[-0.899739623,0.435880482,0.0218352005,-0.433079362,-0.897904873,0.0787975788,0.0539522618,0.0614409298,0.996651471],"shapeName":"/levels/johnson_valley/art/shapes/rocks/s_rocks_desert_large_05.dae","useInstanceRenderData":true}
{"class":"TSStatic","persistentId":"64f4410e-98b3-4835-bdd8-9c94d85abd7a","__parent":"trail_020_rocks","position":[-65.1833496,283.195587,167.245773],"isRenderEnabled":false,"rotationMatrix":[-0.984943867,0.133333266,-0.110035524,-0.126488566,-0.989700675,-0.0670319051,-0.117839813,-0.0521044247,0.991664708],"shapeName":"/levels/johnson_valley/art/shapes/rocks/s_rocks_desert_low_flat_02.dae","useInstanceRenderData":true}
{"class":"TSStatic","persistentId":"2fbdbe7f-e546-4118-a09a-f4be7afdb1b7","__parent":"trail_020_rocks","position":[-65.9645081,296.280182,162.661819],"isRenderEnabled":false,"rotationMatrix":[-0.866678596,-0.495892048,-0.0544020608,0.496251941,-0.868145227,0.00763495546,-0.0510149896,-0.0203800723,0.998489916],"shapeName":"/levels/johnson_valley/art/shapes/rocks/s_rocks_desert_large_02.dae","useInstanceRenderData":true}
{"class":"TSStatic","persistentId":"3597327a-60ea-4328-94e9-65bd709937a5","__parent":"trail_020_rocks","position":[-62.4746552,293.342346,163.711487],"isRenderEnabled":false,"rotationMatrix":[0.591431499,-0.804327607,-0.0571475849,-0.803698301,-0.593748927,0.0391300507,-0.0654046983,0.0227866732,-0.997598648],"shapeName":"/levels/johnson_valley/art/shapes/rocks/s_rocks_desert_large_02.dae","useInstanceRenderData":true}
{"class":"TSStatic","persistentId":"271027b2-3d6e-4633-91a2-a00ea24f59ca","__parent":"trail_020_rocks","position":[-59.9861832,278.571777,165.348206],"isRenderEnabled":false,"rotationMatrix":[-0.703997135,0.0771054104,0.706004858,-0.222115934,-0.968125105,-0.115751728,0.674575925,-0.238303795,0.6986835],"shapeName":"/levels/johnson_valley/art/shapes/rocks/s_rocks_desert_large_02.dae","useInstanceRenderData":true}
{"class":"TSStatic","persistentId":"07e1f463-78de-4d44-b3ea-620f78ded3ba","__parent":"trail_020_rocks","position":[-60.0157471,275.932892,165.348206],"isRenderEnabled":false,"rotationMatrix":[-0.992819309,-0.106536239,-0.0544020534,0.106277525,-0.994307041,0.00763495453,-0.0549057499,0.00179841579,0.998489916],"shapeName":"/levels/johnson_valley/art/shapes/rocks/s_rocks_desert_large_02.dae","useInstanceRenderData":true}
{"class":"TSStatic","persistentId":"8a3770f1-fe93-4efd-8ca5-bc7180398935","__parent":"trail_020_rocks","position":[-58.9957199,273.046387,165.348206],"isRenderEnabled":false,"rotationMatrix":[0.936868846,-0.340670645,0.078868635,-0.327358067,-0.933755875,-0.144693077,0.122936763,0.109740138,-0.986328006],"shapeName":"/levels/johnson_valley/art/shapes/rocks/s_rocks_desert_large_02.dae","useInstanceRenderData":true}
{"class":"TSStatic","persistentId":"fbf59350-5ac3-4140-986d-1bf664f67686","__parent":"trail_020_rocks","position":[-61.0039024,265.343109,165.348206],"isRenderEnabled":false,"rotationMatrix":[0.567756295,-0.423331916,0.706004739,0.682220995,0.721925199,-0.115751684,-0.4606812,0.547370076,0.69868356],"shapeName":"/levels/johnson_valley/art/shapes/rocks/s_rocks_desert_large_02.dae","useInstanceRenderData":true}
{"class":"TSStatic","persistentId":"26f298fb-bc44-48f5-ae6a-63c5cb39feb1","__parent":"trail_020_rocks","position":[-59.6407242,267.602844,165.348206],"isRenderEnabled":false,"rotationMatrix":[0.909810722,-0.411442399,-0.0544020496,0.412419558,0.910961986,0.0076349536,0.0464168526,-0.0293828361,0.998489916],"shapeName":"/levels/johnson_valley/art/shapes/rocks/s_rocks_desert_large_02.dae","useInstanceRenderData":true}
{"class":"TSStatic","persistentId":"061e4565-b3cf-49ce-8f51-cff39f47d684","__parent":"trail_020_rocks","position":[-59.0567665,270.608063,165.348206],"isRenderEnabled":false,"rotationMatrix":[-0.634885192,0.768570542,0.0788686574,0.755517244,0.638950408,-0.144693092,-0.161599994,-0.0322768688,-0.986328363],"shapeName":"/levels/johnson_valley/art/shapes/rocks/s_rocks_desert_large_02.dae","useInstanceRenderData":true}
{"class":"TSStatic","persistentId":"ba8f5248-9f95-46bc-9216-d5003490fadd","__parent":"trail_020_rocks","position":[-68.3054886,298.411163,164.660721],"isRenderEnabled":false,"rotationMatrix":[0.992314279,-0.00111335795,-0.123738274,0.00562406424,0.999332011,0.0361102894,0.123615414,-0.0365286693,0.991657674],"shapeName":"/levels/johnson_valley/art/shapes/rocks/s_rocks_desert_large_03.dae","useInstanceRenderData":true}
{"class":"TSStatic","persistentId":"73b2a1ad-a58a-40e8-82ba-c2dcbe5c393d","__parent":"trail_020_rocks","position":[-73.8694229,276.67392,169.1754],"isRenderEnabled":false,"rotationMatrix":[0.555841804,-0.831161082,0.0145251639,0.830498159,0.555990458,0.0338725224,-0.0362293795,-0.00676463824,0.999320626],"shapeName":"/levels/johnson_valley/art/shapes/rocks/s_rocks_desert_low_flat_02.dae","useInstanceRenderData":true}
{"class":"TSStatic","persistentId":"6bfccca9-7d1a-4274-84b0-e97dc07b3aff","__parent":"trail_020_rocks","position":[-71.3810196,272.790497,169.30188],"isRenderEnabled":false,"rotationMatrix":[-0.870553732,0.480567098,0.105787359,-0.484380841,-0.874771595,-0.0122234672,0.086665608,-0.0618825629,0.994313657],"shapeName":"/levels/johnson_valley/art/shapes/rocks/s_rocks_desert_low_flat_02.dae","useInstanceRenderData":true}
{"class":"TSStatic","persistentId":"695c969c-42ef-4d61-9a84-24131282d2fd","__parent":"trail_020_rocks","position":[-69.7852249,266.094574,169.73204],"isRenderEnabled":false,"rotationMatrix":[-0.217615962,0.97603035,0.00281651784,-0.975970626,-0.217633843,0.0108006345,0.0111547178,-0.000398447737,0.999937713],"shapeName":"/levels/johnson_valley/art/shapes/rocks/s_rocks_desert_low_flat_02.dae","useInstanceRenderData":true}
{"class":"TSStatic","persistentId":"205f8638-dccb-45a5-9ea0-efb981328866","__parent":"trail_020_rocks","position":[-76.220047,262.164124,170.996201],"isRenderEnabled":false,"rotationMatrix":[-0.963574409,-0.267426312,0.00281651691,0.267441094,-0.963513851,0.0108006364,-0.000174621586,0.0111604678,0.999937713],"shapeName":"/levels/johnson_valley/art/shapes/rocks/s_rocks_desert_low_flat_02.dae","useInstanceRenderData":true}
{"class":"TSStatic","persistentId":"7ee48b55-866f-4b86-9381-bc7dab170be7","__parent":"trail_020_rocks","position":[-69.7362442,278.355804,167.508774],"isRenderEnabled":false,"rotationMatrix":[0.342735171,-0.937457323,0.0608811155,0.937805295,0.345234692,0.0365286767,-0.0552623495,0.0445749611,0.997476399],"shapeName":"/levels/johnson_valley/art/shapes/rocks/s_rocks_desert_large_03.dae","useInstanceRenderData":true}
{"class":"TSStatic","persistentId":"2e93bd06-9382-4d6e-96be-d255a6ff9210","__parent":"trail_020_rocks","position":[-68.010704,274.25061,167.798019],"isRenderEnabled":false,"rotationMatrix":[-0.235661745,0.969926238,0.060881108,-0.970551848,-0.238106608,0.0365286656,0.0499263108,-0.0504798628,0.997476399],"shapeName":"/levels/johnson_valley/art/shapes/rocks/s_rocks_desert_large_03.dae","useInstanceRenderData":true}
{"class":"TSStatic","persistentId":"2ce55c03-780f-4e21-8705-d58cc323c4f0","__parent":"trail_020_rocks","position":[-79.4472809,276.477783,169.1754],"isRenderEnabled":false,"rotationMatrix":[0.944844246,0.32719776,0.0145251667,-0.327509433,0.94424057,0.0338725187,-0.00263223704,-0.0367613845,0.999320626],"shapeName":"/levels/johnson_valley/art/shapes/rocks/s_rocks_desert_low_flat_02.dae","useInstanceRenderData":true}
{"class":"TSStatic","persistentId":"02bea84b-564e-4e9f-8054-76b9dbe72d1d","__parent":"trail_020_rocks","position":[-76.821846,282.791107,168.349792],"isRenderEnabled":false,"rotationMatrix":[-0.130462766,0.991445184,0.00406238995,-0.989878654,-0.130023599,-0.0568734743,-0.0558587164,-0.0114411227,0.998373151],"shapeName":"/levels/johnson_valley/art/shapes/rocks/s_rocks_desert_large_05.dae","useInstanceRenderData":true}
{"class":"TSStatic","persistentId":"ad09e90a-b416-4a8a-a3cc-26a56ada5c4b","__parent":"trail_020_rocks","position":[-75.3531723,280.446381,167.67131],"isRenderEnabled":false,"rotationMatrix":[0.771801174,-0.63487339,0.0354774967,0.622766495,0.765992165,0.159429789,-0.128393233,-0.100953907,0.98657161],"shapeName":"/levels/johnson_valley/art/shapes/rocks/s_rocks_desert_large_05.dae","useInstanceRenderData":true}
{"class":"TSStatic","persistentId":"b5e77efe-5029-43f2-9ad8-fbb9f2f70400","__parent":"trail_020_rocks","position":[-72.6161728,280.4086,167.508774],"isRenderEnabled":false,"rotationMatrix":[-0.873819947,0.340441227,0.347187668,0.304520667,-0.173508167,0.936569571,0.379086643,0.924118638,0.047942996],"shapeName":"/levels/johnson_valley/art/shapes/rocks/s_rocks_desert_large_03.dae","useInstanceRenderData":true}
{"class":"TSStatic","persistentId":"5687d641-6634-4b1a-8f85-1f0138ac4d5a","__parent":"trail_020_rocks","position":[-68.6370392,268.89621,168.197372],"isRenderEnabled":false,"rotationMatrix":[-0.0163308382,0.999858379,0.00406237505,-0.998252034,-0.0160734653,-0.0568734854,-0.0568001345,-0.00498406403,0.998373151],"shapeName":"/levels/johnson_valley/art/shapes/rocks/s_rocks_desert_large_05.dae","useInstanceRenderData":true}
{"class":"TSStatic","persistentId":"50c0c569-c753-4304-b8b3-039336d880e0","__parent":"trail_020_rocks","position":[-57.3484344,287.877228,163.54274],"isRenderEnabled":false,"rotationMatrix":[-0.334988713,0.862453043,-0.379417002,-0.792841613,-0.0404373407,0.608084679,0.509101808,0.504519105,0.697334766],"shapeName":"/levels/johnson_valley/art/shapes/rocks/s_rocks_desert_low_tiny.dae","useInstanceRenderData":true}
{"class":"TSStatic","persistentId":"b2cdb728-48d9-43c5-a4f9-968a354b3a9e","__parent":"trail_020_rocks","position":[-56.8723831,284.359863,164.502594],"isRenderEnabled":false,"rotationMatrix":[-0.302799106,0.950480103,-0.07000269,-0.819583535,-0.222202897,0.528118134,0.486410975,0.217286706,0.846280575],"shapeName":"/levels/johnson_valley/art/shapes/rocks/s_rocks_desert_low_tiny.dae","useInstanceRenderData":true}
{"class":"TSStatic","persistentId":"b56d9f4e-309e-4b84-a221-5300fa4ddafc","__parent":"trail_020_rocks","position":[-70.4712067,267.015137,170.802124],"isRenderEnabled":false,"rotationMatrix":[0.0323733687,0.011439696,-0.99941045,-0.329288244,0.944229424,0.000141605735,0.943674386,0.329089522,0.0343348384],"shapeName":"/levels/johnson_valley/art/shapes/rocks/s_rocks_desert_large_03.dae","useInstanceRenderData":true}
{"class":"TSStatic","persistentId":"22ba6b91-f596-46a0-af07-32080c1b0278","__parent":"trail_020_rocks","position":[-74.6695023,271.201782,169.258987],"isRenderEnabled":false,"rotationMatrix":[-0.386799216,0.920578659,-0.0540466756,0.84976691,0.378583372,0.366838932,0.358165264,0.0959659666,-0.928713083],"shapeName":"/levels/johnson_valley/art/shapes/rocks/s_rocks_desert_large_03.dae","useInstanceRenderData":true}
{"class":"TSStatic","persistentId":"8ef87949-53f5-4f7d-9c21-a3312180d0c6","__parent":"trail_020_rocks","position":[-76.4392014,268.206573,170.762848],"isRenderEnabled":false,"rotationMatrix":[-0.245271444,-0.963665366,0.105787382,0.96870923,-0.247897029,-0.0122234598,0.0380037129,0.0994791463,0.994313657],"shapeName":"/levels/johnson_valley/art/shapes/rocks/s_rocks_desert_low_flat_02.dae","useInstanceRenderData":true}
