{"class":"TSStatic","persistentId":"36894673-5e9b-4ec0-9fab-5cf3d3ec571e","__parent":"CBF_precast_planter","position":[-631.767151,41.3684807,103.13031],"isRenderEnabled":false,"rotationMatrix":[-0.707106709,0.707106471,7.10542736e-15,0.707106471,0.707107008,-3.25841285e-07,-2.30404538e-07,-2.30404652e-07,-0.999999762],"scale":[1.29999995,1.29999995,1.29999995],"shapeName":"/art/shapes/objects/s_precast_block.dae","useInstanceRenderData":true}
{"class":"TSStatic","persistentId":"fb347653-626e-43b0-aa55-ed7ed82f9cac","__parent":"CBF_precast_planter","position":[-633.605652,43.2069588,103.13031],"isRenderEnabled":false,"rotationMatrix":[-0.707106709,0.707106471,7.10542736e-15,0.707106471,0.707107008,-3.25841285e-07,-2.30404538e-07,-2.30404652e-07,-0.999999762],"scale":[1.29999995,1.29999995,1.29999995],"shapeName":"/art/shapes/objects/s_precast_block.dae","useInstanceRenderData":true}
{"class":"TSStatic","persistentId":"e108a6f7-09fb-4ce4-9a4b-ac2557c440fe","__parent":"CBF_precast_planter","position":[-635.444153,45.0454369,103.13031],"isRenderEnabled":false,"rotationMatrix":[-0.707106709,0.707106471,7.10542736e-15,0.707106471,0.707107008,-3.25841285e-07,-2.30404538e-07,-2.30404652e-07,-0.999999762],"scale":[1.29999995,1.29999995,1.29999995],"shapeName":"/art/shapes/objects/s_precast_block.dae","useInstanceRenderData":true}
{"class":"TSStatic","persistentId":"f1334549-3990-4cc3-8d43-728cb29df365","__parent":"CBF_precast_planter","position":[-632.691772,48.7028236,103.13031],"isRenderEnabled":false,"rotationMatrix":[0.707106829,0.707106769,-3.2584137e-07,0.707106769,-0.707106948,9.9475983e-14,-2.30404581e-07,-2.30404694e-07,-1.00000024],"scale":[1.29999995,1.29999995,1.29999995],"shapeName":"/art/shapes/objects/s_precast_block.dae","useInstanceRenderData":true}
{"class":"TSStatic","persistentId":"cf432008-3565-477a-918a-63b13fa9fa09","__parent":"CBF_precast_planter","position":[-628.085693,42.2779579,101.830315],"isRenderEnabled":false,"rotationMatrix":[0.707106829,0.707106769,-3.2584137e-07,0.707106769,-0.707106948,9.9475983e-14,-2.30404581e-07,-2.30404694e-07,-1.00000024],"scale":[1.29999995,1.29999995,1.29999995],"shapeName":"/art/shapes/objects/s_precast_block.dae","useInstanceRenderData":true}
{"class":"TSStatic","persistentId":"ecd901ac-1f3b-4e4d-8634-4686a2a59ea7","__parent":"CBF_precast_planter","position":[-628.085693,42.2779579,103.13031],"isRenderEnabled":false,"rotationMatrix":[0.707106829,0.707106769,-3.2584137e-07,0.707106769,-0.707106948,9.9475983e-14,-2.30404581e-07,-2.30404694e-07,-1.00000024],"scale":[1.29999995,1.29999995,1.29999995],"shapeName":"/art/shapes/objects/s_precast_block.dae","useInstanceRenderData":true}
{"class":"TSStatic","persistentId":"2e5f3f00-8d92-4c7f-a001-a8c909cbaada","__parent":"CBF_precast_planter","position":[-627.169861,45.9418144,103.13031],"isRenderEnabled":false,"rotationMatrix":[-0.707106948,0.707106531,7.10542736e-15,0.707106531,0.707107008,-3.25841285e-07,-2.3040451e-07,-2.30404652e-07,-1],"scale":[1.29999995,1.29999995,1.29999995],"shapeName":"/art/shapes/objects/s_precast_block.dae","useInstanceRenderData":true}
{"class":"TSStatic","persistentId":"fb35ae0c-e655-4c65-ba98-cc4a0659945a","__parent":"CBF_precast_planter","position":[-627.169861,45.9418144,101.830315],"isRenderEnabled":false,"rotationMatrix":[-0.707106948,0.707106531,7.10542736e-15,0.707106531,0.707107008,-3.25841285e-07,-2.3040451e-07,-2.30404652e-07,-1],"scale":[1.29999995,1.29999995,1.29999995],"shapeName":"/art/shapes/objects/s_precast_block.dae","useInstanceRenderData":true}
{"class":"TSStatic","persistentId":"2f9fc730-7543-4b47-a9d3-23f15a5b8494","__parent":"CBF_precast_planter","position":[-629.008362,47.7802925,103.13031],"isRenderEnabled":false,"rotationMatrix":[-0.707106948,0.707106531,7.10542736e-15,0.707106531,0.707107008,-3.25841285e-07,-2.3040451e-07,-2.30404652e-07,-1],"scale":[1.29999995,1.29999995,1.29999995],"shapeName":"/art/shapes/objects/s_precast_block.dae","useInstanceRenderData":true}
{"class":"TSStatic","persistentId":"c0170df0-5ea2-4fa4-9196-ab701e703968","__parent":"CBF_precast_planter","position":[-630.846863,49.6187706,103.13031],"isRenderEnabled":false,"rotationMatrix":[-0.707106948,0.707106531,7.10542736e-15,0.707106531,0.707107008,-3.25841285e-07,-2.3040451e-07,-2.30404652e-07,-1],"scale":[1.29999995,1.29999995,1.29999995],"shapeName":"/art/shapes/objects/s_precast_block.dae","useInstanceRenderData":true}
{"class":"TSStatic","persistentId":"5c2a06ff-233c-45a4-a980-9cc7456acc7e","__parent":"CBF_precast_planter","position":[-629.008362,47.7802925,101.830315],"isRenderEnabled":false,"rotationMatrix":[-0.707106948,0.707106531,7.10542736e-15,0.707106531,0.707107008,-3.25841285e-07,-2.3040451e-07,-2.30404652e-07,-1],"scale":[1.29999995,1.29999995,1.29999995],"shapeName":"/art/shapes/objects/s_precast_block.dae","useInstanceRenderData":true}
{"class":"TSStatic","persistentId":"bc7cb0bc-5f63-4554-82c1-d22b89bb47f5","__parent":"CBF_precast_planter","position":[-626.247192,44.116436,103.13031],"isRenderEnabled":false,"rotationMatrix":[0.707106829,0.707106769,-3.2584137e-07,0.707106769,-0.707106948,9.9475983e-14,-2.30404581e-07,-2.30404694e-07,-1.00000024],"scale":[1.29999995,1.29999995,1.29999995],"shapeName":"/art/shapes/objects/s_precast_block.dae","useInstanceRenderData":true}
{"class":"TSStatic","persistentId":"f4ed3d66-1001-4b3e-8f1b-a7284859220c","__parent":"CBF_precast_planter","position":[-626.247192,44.116436,101.830315],"isRenderEnabled":false,"rotationMatrix":[0.707106829,0.707106769,-3.2584137e-07,0.707106769,-0.707106948,9.9475983e-14,-2.30404581e-07,-2.30404694e-07,-1.00000024],"scale":[1.29999995,1.29999995,1.29999995],"shapeName":"/art/shapes/objects/s_precast_block.dae","useInstanceRenderData":true}
{"class":"TSStatic","persistentId":"99e40322-b06a-4e74-bf19-2bdf86352395","__parent":"CBF_precast_planter","position":[-629.924194,40.4394798,103.13031],"isRenderEnabled":false,"rotationMatrix":[0.707106829,0.707106769,-3.2584137e-07,0.707106769,-0.707106948,9.9475983e-14,-2.30404581e-07,-2.30404694e-07,-1.00000024],"scale":[1.29999995,1.29999995,1.29999995],"shapeName":"/art/shapes/objects/s_precast_block.dae","useInstanceRenderData":true}
{"class":"TSStatic","persistentId":"b5bab2b1-96db-4b14-b8b0-b13215b8164a","__parent":"CBF_precast_planter","position":[-629.924194,40.4394798,101.830315],"isRenderEnabled":false,"rotationMatrix":[0.707106829,0.707106769,-3.2584137e-07,0.707106769,-0.707106948,9.9475983e-14,-2.30404581e-07,-2.30404694e-07,-1.00000024],"scale":[1.29999995,1.29999995,1.29999995],"shapeName":"/art/shapes/objects/s_precast_block.dae","useInstanceRenderData":true}
{"class":"TSStatic","persistentId":"dbb9ef1f-0f66-4eef-a907-fd2e2127c0e7","__parent":"CBF_precast_planter","position":[-634.530273,46.8643456,103.13031],"isRenderEnabled":false,"rotationMatrix":[0.707106829,0.707106769,-3.2584137e-07,0.707106769,-0.707106948,9.9475983e-14,-2.30404581e-07,-2.30404694e-07,-1.00000024],"scale":[1.29999995,1.29999995,1.29999995],"shapeName":"/art/shapes/objects/s_precast_block.dae","useInstanceRenderData":true}
{"class":"TSStatic","persistentId":"2613fe5d-225d-406a-aaf0-afcca46fc9dc","__parent":"CBF_precast_planter","position":[-629.924255,42.2779579,103.13031],"isRenderEnabled":false,"rotationMatrix":[0.707106829,0.707106769,-3.2584137e-07,0.707106769,-0.707106948,9.9475983e-14,-2.30404581e-07,-2.30404694e-07,-1.00000024],"scale":[1.29999995,1.29999995,1.29999995],"shapeName":"/art/shapes/objects/s_precast_block.dae","useInstanceRenderData":true}
{"class":"TSStatic","persistentId":"5ab1cb3d-05d9-463a-95a4-a607106e5f29","__parent":"CBF_precast_planter","position":[-628.085754,44.116436,103.13031],"isRenderEnabled":false,"rotationMatrix":[0.707106829,0.707106769,-3.2584137e-07,0.707106769,-0.707106948,9.9475983e-14,-2.30404581e-07,-2.30404694e-07,-1.00000024],"scale":[1.29999995,1.29999995,1.29999995],"shapeName":"/art/shapes/objects/s_precast_block.dae","useInstanceRenderData":true}
{"class":"TSStatic","persistentId":"ab9b2922-93dc-421c-933a-79d086341538","__parent":"CBF_precast_planter","position":[-629.008362,45.9418144,103.13031],"isRenderEnabled":false,"rotationMatrix":[-0.707106948,0.707106531,7.10542736e-15,0.707106531,0.707107008,-3.25841285e-07,-2.3040451e-07,-2.30404652e-07,-1],"scale":[1.29999995,1.29999995,1.29999995],"shapeName":"/art/shapes/objects/s_precast_block.dae","useInstanceRenderData":true}
{"class":"TSStatic","persistentId":"9e0e6eba-c262-4ccf-9db7-7f88cb7c7f0a","__parent":"CBF_precast_planter","position":[-630.846863,47.7802925,103.13031],"isRenderEnabled":false,"rotationMatrix":[-0.707106948,0.707106531,7.10542736e-15,0.707106531,0.707107008,-3.25841285e-07,-2.3040451e-07,-2.30404652e-07,-1],"scale":[1.29999995,1.29999995,1.29999995],"shapeName":"/art/shapes/objects/s_precast_block.dae","useInstanceRenderData":true}
{"class":"TSStatic","persistentId":"ba61724e-8260-41b2-ab00-d618a0cf9e95","__parent":"CBF_precast_planter","position":[-620.66449,52.3057785,101.830315],"isRenderEnabled":false,"rotationMatrix":[-0.707106948,0.707106531,7.10542736e-15,0.707106531,0.707107008,-3.25841285e-07,-2.3040451e-07,-2.30404652e-07,-1],"scale":[1.29999995,1.29999995,1.29999995],"shapeName":"/art/shapes/objects/s_precast_block.dae","useInstanceRenderData":true}
{"class":"TSStatic","persistentId":"7405c4d9-7936-4da6-a206-62be73e96e5c","__parent":"CBF_precast_planter","position":[-622.502991,54.1442566,101.830315],"isRenderEnabled":false,"rotationMatrix":[-0.707106948,0.707106531,7.10542736e-15,0.707106531,0.707107008,-3.25841285e-07,-2.3040451e-07,-2.30404652e-07,-1],"scale":[1.29999995,1.29999995,1.29999995],"shapeName":"/art/shapes/objects/s_precast_block.dae","useInstanceRenderData":true}
{"class":"TSStatic","persistentId":"d559cbb9-0a04-4b0e-99e6-1429a7c0b312","__parent":"CBF_precast_planter","position":[-625.610779,42.9143524,101.930313],"isRenderEnabled":false,"rotationMatrix":[0.707106829,0.707106769,-3.2584137e-07,0.707106769,-0.707106948,9.9475983e-14,-2.30404581e-07,-2.30404694e-07,-1.00000024],"scale":[1.29999995,1.29999995,1.29999995],"shapeName":"/art/shapes/objects/s_precast_block.dae","useInstanceRenderData":true}
{"class":"TSStatic","persistentId":"822d4c40-63ba-4b90-ba44-002aab3f80d8","__parent":"CBF_precast_planter","position":[-624.691528,41.9951134,101.930313],"isRenderEnabled":false,"rotationMatrix":[0.707106829,0.707106769,-3.2584137e-07,0.707106769,-0.707106948,9.9475983e-14,-2.30404581e-07,-2.30404694e-07,-1.00000024],"scale":[1.29999995,1.29999995,1.29999995],"shapeName":"/art/shapes/objects/s_precast_block.dae","useInstanceRenderData":true}
{"class":"TSStatic","persistentId":"96a80056-d760-41d4-9ffe-dc3e94b874d3","__parent":"CBF_precast_planter","position":[-622.853027,40.1566353,101.930313],"isRenderEnabled":false,"rotationMatrix":[0.707106829,0.707106769,-3.2584137e-07,0.707106769,-0.707106948,9.9475983e-14,-2.30404581e-07,-2.30404694e-07,-1.00000024],"scale":[1.29999995,1.29999995,1.29999995],"shapeName":"/art/shapes/objects/s_precast_block.dae","useInstanceRenderData":true}
{"class":"TSStatic","persistentId":"cb8805b1-b3a0-4e16-acb1-14ad64a4d22b","__parent":"CBF_precast_planter","position":[-623.772278,41.0758743,101.930313],"isRenderEnabled":false,"rotationMatrix":[0.707106829,0.707106769,-3.2584137e-07,0.707106769,-0.707106948,9.9475983e-14,-2.30404581e-07,-2.30404694e-07,-1.00000024],"scale":[1.29999995,1.29999995,1.29999995],"shapeName":"/art/shapes/objects/s_precast_block.dae","useInstanceRenderData":true}
{"class":"TSStatic","persistentId":"5032ee6e-30b8-48af-bfa8-c046aa4ce7b1","__parent":"CBF_precast_planter","position":[-621.014526,38.3181572,101.930313],"isRenderEnabled":false,"rotationMatrix":[0.707106829,0.707106769,-3.2584137e-07,0.707106769,-0.707106948,9.9475983e-14,-2.30404581e-07,-2.30404694e-07,-1.00000024],"scale":[1.29999995,1.29999995,1.29999995],"shapeName":"/art/shapes/objects/s_precast_block.dae","useInstanceRenderData":true}
{"class":"TSStatic","persistentId":"85d71c64-2eb2-412d-907f-18389a5c7b1e","__parent":"CBF_precast_planter","position":[-621.933777,39.2373962,101.930313],"isRenderEnabled":false,"rotationMatrix":[0.707106829,0.707106769,-3.2584137e-07,0.707106769,-0.707106948,9.9475983e-14,-2.30404581e-07,-2.30404694e-07,-1.00000024],"scale":[1.29999995,1.29999995,1.29999995],"shapeName":"/art/shapes/objects/s_precast_block.dae","useInstanceRenderData":true}
{"class":"TSStatic","persistentId":"b65a27ac-0816-47fa-bbaa-731d581352eb","__parent":"CBF_precast_planter","position":[-619.176025,36.4796791,101.930313],"isRenderEnabled":false,"rotationMatrix":[0.707106829,0.707106769,-3.2584137e-07,0.707106769,-0.707106948,9.9475983e-14,-2.30404581e-07,-2.30404694e-07,-1.00000024],"scale":[1.29999995,1.29999995,1.29999995],"shapeName":"/art/shapes/objects/s_precast_block.dae","useInstanceRenderData":true}
{"class":"TSStatic","persistentId":"f4aea18c-9fc1-4afd-8859-f21d7fab2267","__parent":"CBF_precast_planter","position":[-620.095276,37.3989182,101.930313],"isRenderEnabled":false,"rotationMatrix":[0.707106829,0.707106769,-3.2584137e-07,0.707106769,-0.707106948,9.9475983e-14,-2.30404581e-07,-2.30404694e-07,-1.00000024],"scale":[1.29999995,1.29999995,1.29999995],"shapeName":"/art/shapes/objects/s_precast_block.dae","useInstanceRenderData":true}
{"class":"TSStatic","persistentId":"df5b18f1-fed7-47bb-8a60-aa3be77f7b3d","__parent":"CBF_precast_planter","position":[-618.256775,35.5604401,101.930313],"isRenderEnabled":false,"rotationMatrix":[0.707106829,0.707106769,-3.2584137e-07,0.707106769,-0.707106948,9.9475983e-14,-2.30404581e-07,-2.30404694e-07,-1.00000024],"scale":[1.29999995,1.29999995,1.29999995],"shapeName":"/art/shapes/objects/s_precast_block.dae","useInstanceRenderData":true}
