{"class":"TSStatic","persistentId":"1c45ca40-c6f8-49bc-a0fe-83b4f7d41e12","__parent":"Clutters","position":[910.647949,780.835144,236.03775],"annotation":"OBSTACLES","isRenderEnabled":false,"rotationMatrix":[0.893404126,0.449254066,0,-0.449254125,0.893404186,0,0,0,1],"shapeName":"/levels/utah/art/shapes/buildings/ut_recycle_bin_b.DAE"}
{"class":"TSStatic","persistentId":"20b91bce-50d6-4b6c-a415-4c79c5adf056","__parent":"Clutters","position":[809.284058,-208.439758,144.292572],"annotation":"OBSTACLES","isRenderEnabled":false,"rotationMatrix":[-0.258819014,0.965925872,-1.90692073e-10,-0.965925634,-0.258818954,-0.000690532674,-0.000667003333,-0.000178722767,0.999999762],"shapeName":"/levels/utah/art/shapes/buildings/ut_recycle_bin.DAE"}
{"class":"TSStatic","persistentId":"2217dde5-62c8-4ffe-a0ec-60c9d136250c","__parent":"Clutters","position":[898.795349,763.00116,235.931885],"annotation":"OBSTACLES","isRenderEnabled":false,"rotationMatrix":[0.98530215,-0.17081894,0,0.17081894,0.98530215,0,0,0,1],"shapeName":"/levels/utah/art/shapes/buildings/ut_picnic_table_b.DAE"}
{"class":"TSStatic","persistentId":"3bd54bc1-a891-4f3f-b83d-ba1383334e29","__parent":"Clutters","position":[131.516663,-28.6916008,171.733841],"annotation":"OBSTACLES","isRenderEnabled":false,"rotationMatrix":[0.503313482,0.864103615,0,-0.864103615,0.503313482,0,0,0,1],"shapeName":"/levels/utah/art/shapes/buildings/ut_picnic_table_b.DAE"}
{"class":"TSStatic","persistentId":"564edb10-887d-40ed-ac97-8526abc68ef4","__parent":"Clutters","position":[809.57312,-210.154312,144.292267],"annotation":"OBSTACLES","isRenderEnabled":false,"rotationMatrix":[-0.154615894,0.987974703,7.34442729e-05,-0.987974465,-0.15461579,-0.000686615938,-0.000667003333,-0.000178722767,0.999999762],"shapeName":"/levels/utah/art/shapes/buildings/ut_recycle_bin_b.DAE"}
{"class":"TSStatic","persistentId":"5e824f4d-647d-470d-87a7-5a9848520eab","__parent":"Clutters","position":[913.711182,781.176086,236.043518],"annotation":"OBSTACLES","isRenderEnabled":false,"rotationMatrix":[0.42816928,-0.903698027,0,0.903698027,0.42816928,0,0,0,1],"shapeName":"/levels/utah/art/shapes/buildings/ut_picnic_table_a.DAE"}
{"class":"TSStatic","persistentId":"5f97383e-19e1-4e81-814a-748b0be7c17d","__parent":"Clutters","position":[899.972229,769.789612,235.904114],"annotation":"OBSTACLES","isRenderEnabled":false,"rotationMatrix":[0.98530215,-0.17081894,0,0.17081894,0.98530215,0,0,0,1],"shapeName":"/levels/utah/art/shapes/buildings/ut_picnic_table_b.DAE"}
{"class":"TSStatic","persistentId":"68c31b6b-0fea-4837-b7ec-0ac1249a8a51","__parent":"Clutters","position":[122.453964,19.3910255,171.382309],"annotation":"OBSTACLES","isRenderEnabled":false,"rotationMatrix":[0.378925085,0.925427496,0,-0.925427496,0.378925085,0,0,0,1],"shapeName":"/levels/utah/art/shapes/buildings/ut_picnic_table_a.DAE"}
{"class":"TSStatic","persistentId":"77691320-c1c5-41a0-a8fd-90fd137044c0","__parent":"Clutters","position":[146.204788,-3.16682625,171.382309],"annotation":"OBSTACLES","isRenderEnabled":false,"rotationMatrix":[0.378925085,0.925427496,0,-0.925427496,0.378925085,0,0,0,1],"shapeName":"/levels/utah/art/shapes/buildings/ut_picnic_table_a.DAE"}
{"class":"TSStatic","persistentId":"7952920e-9657-46ce-8e97-c839397cd5be","__parent":"Clutters","position":[909.151611,779.993408,236.03775],"annotation":"OBSTACLES","isRenderEnabled":false,"rotationMatrix":[0.806958318,0.590608418,0,-0.590608478,0.806958437,0,0,0,1],"shapeName":"/levels/utah/art/shapes/buildings/ut_recycle_bin.DAE"}
{"class":"TSStatic","persistentId":"7a221fa9-fba6-456c-afa6-046adb487d47","__parent":"Clutters","position":[-582.158081,299.158905,299.084991],"annotation":"OBSTACLES","isRenderEnabled":false,"rotationMatrix":[0.988917828,-0.147505522,-0.0168427676,0.147484139,0.989061296,-0.00251187757,0.0170290433,-4.65661232e-10,0.999855042],"shapeName":"/levels/utah/art/shapes/buildings/ut_recycle_bin_b.DAE"}
{"class":"TSStatic","persistentId":"843597b3-b987-400a-8cbb-64949e697694","__parent":"Clutters","position":[573.954651,-610.070679,135.161118],"annotation":"OBSTACLES","isRenderEnabled":false,"rotationMatrix":[-0.98358655,0.180436984,7.34445421e-05,-0.180436984,-0.983586311,-0.000686613959,-5.16514956e-05,-0.000688596338,0.999999762],"shapeName":"/levels/utah/art/shapes/buildings/ut_recycle_bin_b.DAE"}
{"class":"TSStatic","persistentId":"8647ccd9-179c-46b0-94fe-80a97b39f01c","__parent":"Clutters","position":[572.240906,-609.776855,135.161423],"annotation":"OBSTACLES","isRenderEnabled":false,"rotationMatrix":[-0.997198582,0.0747992545,3.18323102e-12,-0.0747992396,-0.997198403,-0.000690532092,-5.16512846e-05,-0.000688597676,0.999999821],"shapeName":"/levels/utah/art/shapes/buildings/ut_recycle_bin.DAE"}
{"class":"TSStatic","persistentId":"891b1d70-383f-4a5a-b3cd-ebad575bbde6","__parent":"Clutters","position":[-491.962952,270.942963,298.478149],"annotation":"OBSTACLES","isRenderEnabled":false,"rotationMatrix":[0.983884275,-0.178805828,0,0.178805828,0.983884275,0,0,0,1],"shapeName":"/levels/utah/art/shapes/buildings/ut_picnic_table_a.DAE"}
{"class":"TSStatic","persistentId":"8a86e799-f88b-4006-b775-dbb1f6abe898","__parent":"Clutters","position":[-500.668396,272.79184,298.478149],"annotation":"OBSTACLES","isRenderEnabled":false,"rotationMatrix":[0.983884275,-0.178805828,0,0.178805828,0.983884275,0,0,0,1],"shapeName":"/levels/utah/art/shapes/buildings/ut_picnic_table_a.DAE"}
{"class":"TSStatic","persistentId":"8e38a4b9-cbc7-4f25-8f04-fafa74d1d42c","__parent":"Clutters","position":[532.324585,-446.349548,136.7509],"annotation":"OBSTACLES","isRenderEnabled":false,"rotationMatrix":[0.824967086,-0.562491357,0.0550782308,0.563377619,0.826199293,-0.000690532441,-0.0451171808,0.0315995142,0.998481989],"shapeName":"/levels/utah/art/shapes/buildings/ut_recycle_bin.DAE"}
{"class":"TSStatic","persistentId":"92460c04-cb84-43ed-bfd1-08471d5cc827","__parent":"Clutters","position":[150.268677,8.38135052,171.382309],"annotation":"OBSTACLES","isRenderEnabled":false,"rotationMatrix":[0.378925085,0.925427496,0,-0.925427496,0.378925085,0,0,0,1],"shapeName":"/levels/utah/art/shapes/buildings/ut_picnic_table_a.DAE"}
{"class":"TSStatic","persistentId":"99d8b35a-ddc7-4431-90ef-5e501d0d375e","__parent":"Clutters","position":[-580.425293,298.818207,299.055542],"annotation":"OBSTACLES","isRenderEnabled":false,"rotationMatrix":[0.970897734,-0.238923222,-0.0165358596,0.238888592,0.97103852,-0.00406863354,0.0170290433,-4.65661232e-10,0.999855042],"shapeName":"/levels/utah/art/shapes/buildings/ut_recycle_bin.DAE"}
{"class":"TSStatic","persistentId":"a378329c-33b9-49e7-af5c-593f2d790f3e","__parent":"Clutters","position":[118.933434,7.47754812,171.355682],"annotation":"OBSTACLES","isRenderEnabled":false,"rotationMatrix":[-0.26589933,-0.964000762,0,0.964000762,-0.26589933,0,0,0,1],"shapeName":"/levels/utah/art/shapes/buildings/ut_recycle_bin_b.DAE"}
{"class":"TSStatic","persistentId":"a750c434-79ed-4680-a00f-72be1fa96d85","__parent":"Clutters","position":[-495.950439,272.469086,298.478149],"annotation":"OBSTACLES","isRenderEnabled":false,"rotationMatrix":[0.983884275,-0.178805828,0,0.178805828,0.983884275,0,0,0,1],"shapeName":"/levels/utah/art/shapes/buildings/ut_picnic_table_a.DAE"}
{"class":"TSStatic","persistentId":"ab5971b2-a3b1-4ee3-ba42-d4fbf5dcdd4c","__parent":"Clutters","position":[118.378342,5.86692762,171.371567],"annotation":"OBSTACLES","isRenderEnabled":false,"rotationMatrix":[-0.356863439,-0.93415612,0,0.93415612,-0.356863439,0,0,0,1],"shapeName":"/levels/utah/art/shapes/buildings/ut_recycle_bin.DAE"}
{"class":"TSStatic","persistentId":"ab9ce731-21dd-4a2c-87e5-23b2a788fee1","__parent":"Clutters","position":[916.944214,782.697998,236.033142],"annotation":"OBSTACLES","isRenderEnabled":false,"rotationMatrix":[-0.0901378691,0.995928586,0,-0.995928586,-0.0901378691,0,0,0,1],"shapeName":"/levels/utah/art/shapes/buildings/ut_picnic_table_a.DAE"}
{"class":"TSStatic","persistentId":"af235117-68fb-4a55-ac9b-a904b0c0a695","__parent":"Clutters","position":[119.732033,12.7433882,171.382309],"annotation":"OBSTACLES","isRenderEnabled":false,"rotationMatrix":[0.378925085,0.925427496,0,-0.925427496,0.378925085,0,0,0,1],"shapeName":"/levels/utah/art/shapes/buildings/ut_picnic_table_a.DAE"}
{"class":"TSStatic","persistentId":"b62920d6-f385-4d46-ac5c-aaa3b6ea9aee","__parent":"Clutters","position":[907.753296,778.781555,236.03775],"annotation":"OBSTACLES","isRenderEnabled":false,"rotationMatrix":[0.695007741,0.719002068,0,-0.719002068,0.695007861,0,0,0,1],"shapeName":"/levels/utah/art/shapes/buildings/ut_recycle_bin.DAE"}
{"class":"TSStatic","persistentId":"bbf2fe66-0646-4061-bc0c-2028459014d3","__parent":"Clutters","position":[144.326736,16.2975578,171.398422],"annotation":"OBSTACLES","isRenderEnabled":false,"rotationMatrix":[0.354201615,0.935168982,0,-0.935168982,0.354201615,0,0,0,1],"shapeName":"/levels/utah/art/shapes/buildings/ut_picnic_table_b.DAE"}
{"class":"TSStatic","persistentId":"ca09c7d0-9816-4980-8030-aa03c26aef80","__parent":"Clutters","position":[530.986084,-445.237549,136.658417],"annotation":"OBSTACLES","isRenderEnabled":false,"rotationMatrix":[0.760505736,-0.647082865,0.0539850704,0.648055971,0.761592448,-0.000686614658,-0.0406703241,0.0355075188,0.998541415],"shapeName":"/levels/utah/art/shapes/buildings/ut_recycle_bin_b.DAE"}
{"class":"TSStatic","persistentId":"d7cc999d-ede2-43c2-896d-53f2a871963d","__parent":"Clutters","position":[130.699371,21.5570011,171.398865],"annotation":"OBSTACLES","isRenderEnabled":false,"rotationMatrix":[0.354201615,0.935168982,0,-0.935168982,0.354201615,0,0,0,1],"shapeName":"/levels/utah/art/shapes/buildings/ut_picnic_table_b.DAE"}
{"class":"TSStatic","persistentId":"db1b0411-aad1-4a3f-89ea-437c98764bfe","__parent":"Clutters","position":[133.793518,-24.7826328,171.794708],"annotation":"OBSTACLES","isRenderEnabled":false,"rotationMatrix":[0.503313482,0.864103615,0,-0.864103615,0.503313482,0,0,0,1],"shapeName":"/levels/utah/art/shapes/buildings/ut_picnic_table_b.DAE"}
