{"name":"Pipe_Large_01","class":"SFXEmitter","persistentId":"39bd30f0-1277-474c-8a8c-df8f8475d2ca","__parent":"Amb_3D","position":[92.3846283,344.808502,122.540283],"fadeInTime":0,"fadeOutTime":0,"isLooping":false,"locked":true,"maxDistance":200,"referenceDistance":30,"rotationMatrix":[-0.681053579,-0.732233167,1.44791557e-09,0.732233286,-0.6810534,-0.000690532208,0.000505631499,-0.000470289699,0.999999762],"scale":[200,200,200],"track":"event:>Ambient>Maps>Automation Test Track>Pipes_01","useTrackDescriptionOnly":true}
{"name":"Pipe_Large_02","class":"SFXEmitter","persistentId":"f47f87a9-658d-4b88-82a8-3a08fcaf3404","__parent":"Amb_3D","position":[-38.0378265,198.047012,120.661209],"fadeInTime":0,"fadeOutTime":0,"isLooping":false,"locked":true,"maxDistance":200,"referenceDistance":30,"rotationMatrix":[-0.534809411,-0.84497273,2.11912266e-10,0.844972849,-0.534809291,-0.000690534594,0.000583482615,-0.000369303743,0.999999762],"scale":[200,200,200],"track":"event:>Ambient>Maps>Automation Test Track>Pipes_01","useTrackDescriptionOnly":true}
{"name":"Pipe_Single_01","class":"SFXEmitter","persistentId":"4dbf6a49-e0d7-434a-b27d-47ff30cf0acf","__parent":"Amb_3D","position":[156.528748,745.448853,151.824539],"fadeInTime":0,"fadeOutTime":0,"isLooping":false,"locked":true,"maxDistance":200,"referenceDistance":10,"rotationMatrix":[0.676791906,0.736173749,-4.91127139e-10,-0.736173809,0.676791608,-0.000690533547,-0.000508352823,0.000467346777,0.999999762],"scale":[200,200,200],"track":"event:>Ambient>Maps>Automation Test Track>Pipes_02","useTrackDescriptionOnly":true}
{"name":"Pipe_Single_02","class":"SFXEmitter","persistentId":"08bfbb75-3e9f-4a95-9ba5-d901a43ba2b3","__parent":"Amb_3D","position":[98.4040146,739.254456,152.936966],"fadeInTime":0,"fadeOutTime":0,"isLooping":false,"locked":true,"maxDistance":200,"referenceDistance":10,"rotationMatrix":[0.676791906,0.736173749,-4.91127139e-10,-0.736173809,0.676791608,-0.000690533547,-0.000508352823,0.000467346777,0.999999762],"scale":[200,200,200],"track":"event:>Ambient>Maps>Automation Test Track>Pipes_02","useTrackDescriptionOnly":true}
{"name":"Pipe_Single_03","class":"SFXEmitter","persistentId":"cdee32e7-490e-4bcd-9d5d-2f08d31a63ab","__parent":"Amb_3D","position":[39.7315178,735.547241,151.978516],"fadeInTime":0,"fadeOutTime":0,"isLooping":false,"locked":true,"maxDistance":200,"referenceDistance":10,"rotationMatrix":[0.676791906,0.736173749,-4.91127139e-10,-0.736173809,0.676791608,-0.000690533547,-0.000508352823,0.000467346777,0.999999762],"scale":[200,200,200],"track":"event:>Ambient>Maps>Automation Test Track>Pipes_02","useTrackDescriptionOnly":true}
{"name":"Pipe_Single_04","class":"SFXEmitter","persistentId":"09de689a-7806-4ca9-89a9-50bcf09ee502","__parent":"Amb_3D","position":[-18.7958927,729.487793,153.277496],"fadeInTime":0,"fadeOutTime":0,"isLooping":false,"locked":true,"maxDistance":200,"referenceDistance":10,"rotationMatrix":[0.676791906,0.736173749,-4.91127139e-10,-0.736173809,0.676791608,-0.000690533547,-0.000508352823,0.000467346777,0.999999762],"scale":[200,200,200],"track":"event:>Ambient>Maps>Automation Test Track>Pipes_02","useTrackDescriptionOnly":true}
