{"class":"TSStatic","persistentId":"b08e8485-5f17-42a7-b4af-2af50c74a50a","__parent":"trail_005_rocks","position":[-564.671082,-46.2597923,225.552551],"isRenderEnabled":false,"rotationMatrix":[0.101927936,-2.32830644e-10,0.994791687,0.00330513995,-0.999994278,-0.000338649959,0.994786203,0.00332244392,-0.101927161],"shapeName":"/levels/johnson_valley/art/shapes/rocks/s_rocks_desert_medium_01.dae","useInstanceRenderData":true}
{"class":"TSStatic","persistentId":"176b757c-ad22-4e6b-ac10-f9a827b4747f","__parent":"trail_005_rocks","position":[-564.07196,-44.9156761,225.098938],"isRenderEnabled":false,"rotationMatrix":[-0.99972713,-0.0233663209,0,-0.0232015066,0.992675364,-0.118563443,0.00277039129,-0.118531078,-0.992946625],"shapeName":"/levels/johnson_valley/art/shapes/rocks/s_rocks_desert_small_01.dae","useInstanceRenderData":true}
{"class":"TSStatic","persistentId":"1eaaab90-93b2-43ae-9b81-f8ff6c389c08","__parent":"trail_005_rocks","position":[-564.366089,-49.296257,226.930679],"isRenderEnabled":false,"rotationMatrix":[1,0,0,0,-0.999895573,-0.0144355921,0,0.0144355921,-0.999895573],"shapeName":"/levels/johnson_valley/art/shapes/rocks/s_rocks_desert_medium_04.dae","useInstanceRenderData":true}
{"class":"TSStatic","persistentId":"39413e74-1db2-41c4-a5b4-7d0adf4dd709","__parent":"trail_005_rocks","position":[-560.839966,-48.9025726,225.553284],"isRenderEnabled":false,"rotationMatrix":[-0.988797426,0,0.149261996,0.0347281732,0.97255671,0.230059445,-0.145165756,0.232665837,-0.961661577],"shapeName":"/levels/johnson_valley/art/shapes/rocks/s_rocks_desert_medium_02.dae","useInstanceRenderData":true}
{"class":"TSStatic","persistentId":"d195ebf4-511d-45c5-9c69-16bef5eaf874","__parent":"trail_005_rocks","position":[-562.08197,-49.5816765,226.068817],"isRenderEnabled":false,"shapeName":"/levels/johnson_valley/art/shapes/rocks/s_rocks_desert_small_02.dae","useInstanceRenderData":true}
{"class":"TSStatic","persistentId":"14756432-cbaf-45a8-b2e7-dd43819d60c5","__parent":"trail_005_rocks","position":[-560.135742,-50.4973297,225.972412],"isRenderEnabled":false,"shapeName":"/levels/johnson_valley/art/shapes/rocks/s_rocks_desert_medium_03.dae","useInstanceRenderData":true}
{"class":"TSStatic","persistentId":"a6a8d303-0b1d-4aff-922b-8e794652acc6","__parent":"trail_005_rocks","position":[-650.001831,-250.087128,173.779312],"isRenderEnabled":false,"shapeName":"/levels/johnson_valley/art/shapes/rocks/s_rocks_desert_large_02.dae","useInstanceRenderData":true}
{"class":"TSStatic","persistentId":"2694d7b7-791a-4576-9147-8ac989270dc0","__parent":"trail_005_rocks","position":[-647.461914,-248.541351,174.835281],"isRenderEnabled":false,"rotationMatrix":[0.984602332,0.174809128,-1.86264515e-09,-0.172388464,0.970968008,0.165841222,0.0289905667,-0.16328764,0.98615247],"shapeName":"/levels/johnson_valley/art/shapes/rocks/s_rocks_desert_low_small.dae","useInstanceRenderData":true}
{"class":"TSStatic","persistentId":"d86cb80c-b638-4753-9d57-3f29d6beb576","__parent":"trail_005_rocks","position":[-649.766113,-238.595795,176.791595],"isRenderEnabled":false,"rotationMatrix":[-0.999461293,0.0104434453,0.0311110429,-0.0171347093,-0.974597335,-0.223307326,0.0279886462,-0.223720118,0.974251449],"shapeName":"/levels/johnson_valley/art/shapes/rocks/s_rocks_desert_low_small.dae","useInstanceRenderData":true}
{"class":"TSStatic","persistentId":"da1780b0-544b-454e-b11a-6238217545a7","__parent":"trail_005_rocks","position":[-644.876831,-245.535934,176.318771],"isRenderEnabled":false,"rotationMatrix":[0.104261339,-0.988212466,-0.112095475,0.822575808,0.0223315954,0.568216622,-0.559015572,-0.151449993,0.815208197],"shapeName":"/levels/johnson_valley/art/shapes/rocks/s_rocks_desert_huge_sheet_3.dae","useInstanceRenderData":true}
{"class":"TSStatic","persistentId":"0d7c873a-120f-46f6-b32f-c685fa884e7e","__parent":"trail_005_rocks","position":[-646.369263,-239.425964,177.017471],"isRenderEnabled":false,"shapeName":"/levels/johnson_valley/art/shapes/rocks/s_rocks_desert_large_03.dae","useInstanceRenderData":true}
{"class":"TSStatic","persistentId":"588d7738-61e3-49b6-9b39-d13680adc3ff","__parent":"trail_005_rocks","position":[-651.488708,-235.204163,176.693359],"isRenderEnabled":false,"shapeName":"/levels/johnson_valley/art/shapes/rocks/s_rocks_desert_large_02.dae","useInstanceRenderData":true}
{"class":"TSStatic","persistentId":"dc835e69-a8e0-4142-a361-0039b9b46fbb","__parent":"trail_005_rocks","position":[-649.686584,-233.106155,176.991516],"isRenderEnabled":false,"rotationMatrix":[-0.528026462,-0.849228024,1.72052836e-07,-0.849228024,0.528026342,2.76713592e-07,-3.25841341e-07,0,-1],"shapeName":"/levels/johnson_valley/art/shapes/rocks/s_rocks_desert_large_02.dae","useInstanceRenderData":true}
{"class":"TSStatic","persistentId":"b596659f-667c-42e2-b709-fe465de7cdd0","__parent":"trail_005_rocks","position":[-645.507935,-234.421234,177.385986],"isRenderEnabled":false,"shapeName":"/levels/johnson_valley/art/shapes/rocks/s_rocks_desert_large_05.dae","useInstanceRenderData":true}
{"class":"TSStatic","persistentId":"c34f4655-166f-4565-8192-1004e31fa09e","__parent":"trail_005_rocks","position":[-645.94751,-237.05249,177.578857],"isRenderEnabled":false,"rotationMatrix":[0.11673516,0.99316293,0,-0.99316293,0.11673516,0,0,0,1],"shapeName":"/levels/johnson_valley/art/shapes/rocks/s_rocks_desert_large_04.dae","useInstanceRenderData":true}
{"class":"TSStatic","persistentId":"364cc4f7-dc84-44cb-bd7b-b82481b28589","__parent":"trail_005_rocks","position":[-647.139465,-235.689102,177.705002],"isRenderEnabled":false,"rotationMatrix":[0.881623387,-0.297041625,0.366751254,0.24843587,0.9528023,0.174491778,-0.401272774,-0.0627218634,0.913808584],"shapeName":"/levels/johnson_valley/art/shapes/rocks/s_rocks_desert_low_tiny.dae","useInstanceRenderData":true}
{"class":"TSStatic","persistentId":"91a60a10-c402-4504-84cc-5c9f3fb00c50","__parent":"trail_005_rocks","position":[-646.805115,-241.324203,176.804001],"isRenderEnabled":false,"rotationMatrix":[0.954217911,-0.165106922,0.249415055,2.23517418e-08,0.83385098,0.551989615,-0.29911229,-0.526718318,0.795675516],"shapeName":"/levels/johnson_valley/art/shapes/rocks/s_rocks_desert_collection_03.dae","useInstanceRenderData":true}
{"class":"TSStatic","persistentId":"b934f15e-ffe0-4b14-8799-bdd7f416442c","__parent":"trail_005_rocks","position":[-653.681641,-238.919495,177.550278],"isRenderEnabled":false,"rotationMatrix":[0.949968338,0.0740225613,-0.30344823,-3.7252903e-09,0.971512377,0.236988768,0.31234625,-0.225131825,0.922905982],"scale":[1.1995604,1.1995604,1.1995604],"shapeName":"/levels/johnson_valley/art/shapes/rocks/s_rocks_desert_collection_03.dae","useInstanceRenderData":true}
{"class":"TSStatic","persistentId":"46267547-4362-4910-87ed-3bed1dcb557e","__parent":"trail_005_rocks","position":[-653.403076,-233.083969,179.295517],"isRenderEnabled":false,"rotationMatrix":[0.978397071,1.86264515e-09,-0.206734464,0.0511305109,0.968932688,0.241981611,0.200311795,-0.247324541,0.948000908],"scale":[1.28461909,1.28461909,1.28461909],"shapeName":"/levels/johnson_valley/art/shapes/rocks/s_rocks_desert_collection_02.dae","useInstanceRenderData":true}
{"class":"TSStatic","persistentId":"4363ea85-52ee-4605-9735-43d06829b3ed","__parent":"trail_005_rocks","position":[-638.585388,-271.832611,166.465408],"isRenderEnabled":false,"rotationMatrix":[1,0,0,0,-0.89209044,-0.451856643,0,0.451856643,-0.89209044],"shapeName":"/levels/johnson_valley/art/shapes/rocks/s_rocks_desert_medium_02.dae","useInstanceRenderData":true}
{"class":"TSStatic","persistentId":"0a18cbb5-025a-4020-a778-37ff2acb291e","__parent":"trail_005_rocks","position":[-637.774719,-270.889038,167.546707],"isRenderEnabled":false,"rotationMatrix":[-0.149091244,0.402849555,-0.903041363,-0.201497376,0.881709158,0.426600218,0.968075514,0.245562926,-0.0502820015],"shapeName":"/levels/johnson_valley/art/shapes/rocks/s_rocks_desert_medium_05.dae","useInstanceRenderData":true}
{"class":"TSStatic","persistentId":"e1c34f52-19f2-40bd-a7d6-bd8bf7950599","__parent":"trail_005_rocks","position":[-640.983765,-271.821014,167.839279],"isRenderEnabled":false,"rotationMatrix":[1,0,0,0,0.128283262,0.991737425,0,-0.991737425,0.128283262],"shapeName":"/levels/johnson_valley/art/shapes/rocks/s_rocks_desert_medium_02.dae","useInstanceRenderData":true}
{"class":"TSStatic","persistentId":"d3321fdd-ba09-49a8-ab66-9bb61d3e02c6","__parent":"trail_005_rocks","position":[-650.758728,-255.206848,174.341858],"isRenderEnabled":false,"rotationMatrix":[0.61503768,0.788497686,0,-0.69828105,0.544667721,0.464478791,0.366240472,-0.285671949,0.885584235],"shapeName":"/levels/johnson_valley/art/shapes/rocks/s_rocks_desert_huge_sheet_3.dae","useInstanceRenderData":true}
{"class":"TSStatic","persistentId":"07580cbf-6240-4254-8e3c-47dcc3ebfb16","__parent":"trail_005_rocks","position":[-638.951538,-197.348663,190.317917],"isRenderEnabled":false,"rotationMatrix":[0.897925496,-0.0864489079,0.431574315,0.0670600533,0.995944798,0.0599743873,-0.435008913,-0.0249111336,0.900081456],"shapeName":"/levels/johnson_valley/art/shapes/rocks/s_rocks_desert_huge_sheet_2.dae","useInstanceRenderData":true}
{"class":"TSStatic","persistentId":"3abc6199-7b47-4759-975d-081b1d23467b","__parent":"trail_005_rocks","position":[-640.695374,-203.246918,188.25853],"isRenderEnabled":false,"rotationMatrix":[0.914042234,-0.0452139974,0.403091162,-0.158615947,0.874792278,0.457798451,-0.373319954,-0.482383817,0.792425394],"shapeName":"/levels/johnson_valley/art/shapes/rocks/s_rocks_desert_collection_03.dae","useInstanceRenderData":true}
{"class":"TSStatic","persistentId":"e77d9f32-d44e-4c84-9748-c90c25b79e62","__parent":"trail_005_rocks","position":[-638.173462,-181.479874,193.014038],"isRenderEnabled":false,"rotationMatrix":[0.430957973,0.898488164,0.0836305246,0.900960207,-0.433613658,0.0157960132,0.0504558906,0.0685403645,-0.996371388],"shapeName":"/levels/johnson_valley/art/shapes/rocks/s_rocks_desert_large_06.dae","useInstanceRenderData":true}
{"class":"TSStatic","persistentId":"e6ac213d-b506-4826-87e4-eb254d4dde74","__parent":"trail_005_rocks","position":[-640.307007,-180.925369,192.944138],"isRenderEnabled":false,"rotationMatrix":[0.399869263,-0.915575504,-0.0427331775,-0.915182352,-0.396262288,-0.0736033544,0.0504558831,0.068540372,-0.996371627],"shapeName":"/levels/johnson_valley/art/shapes/rocks/s_rocks_desert_large_06.dae","useInstanceRenderData":true}
{"class":"TSStatic","persistentId":"cab05bb6-fb46-4d4e-b149-57395064a795","__parent":"trail_005_rocks","position":[-642.640686,-182.208557,192.737686],"isRenderEnabled":false,"rotationMatrix":[-0.751986742,-0.653923392,-0.0830636993,-0.657243967,0.753449619,0.018547181,0.0504558757,0.0685403645,-0.996371269],"shapeName":"/levels/johnson_valley/art/shapes/rocks/s_rocks_desert_large_06.dae","useInstanceRenderData":true}
{"class":"TSStatic","persistentId":"62c0f9c7-ccbb-41eb-a13f-a7c1d2a92a59","__parent":"trail_005_rocks","position":[-638.811401,-179.463943,193.91478],"isRenderEnabled":false,"shapeName":"/levels/johnson_valley/art/shapes/rocks/s_rocks_desert_medium_03.dae","useInstanceRenderData":true}
{"class":"TSStatic","persistentId":"7d0759ab-5e18-4f66-a06c-349d98cd87a6","__parent":"trail_005_rocks","position":[-640.055054,-179.922073,194.223206],"isRenderEnabled":false,"rotationMatrix":[-0.025400281,0,0.9996773,0,1,0,-0.9996773,0,-0.025400281],"shapeName":"/levels/johnson_valley/art/shapes/rocks/s_rocks_desert_medium_05.dae","useInstanceRenderData":true}
{"class":"TSStatic","persistentId":"b965f148-d316-448b-9123-67de6d64e8f9","__parent":"trail_005_rocks","position":[-641.658875,-179.615265,194.667053],"isRenderEnabled":false,"rotationMatrix":[-0.332022071,0,-0.943271399,0,1,0,0.943271399,0,-0.332022071],"shapeName":"/levels/johnson_valley/art/shapes/rocks/s_rocks_desert_medium_05.dae","useInstanceRenderData":true}
{"class":"TSStatic","persistentId":"47ac2ff8-daa9-4d05-b450-89caf9f41509","__parent":"trail_005_rocks","position":[-641.659119,-177.650513,194.111206],"isRenderEnabled":false,"shapeName":"/levels/johnson_valley/art/shapes/rocks/s_rocks_desert_large_05.dae","useInstanceRenderData":true}
{"class":"TSStatic","persistentId":"31314776-77a1-44e6-937d-a3255151e79f","__parent":"trail_005_rocks","position":[-549.26001,-24.5296116,236.164124],"isRenderEnabled":false,"shapeName":"/levels/johnson_valley/art/shapes/rocks/s_rocks_desert_small_02.dae","useInstanceRenderData":true}
{"class":"TSStatic","persistentId":"42c898dc-7ac7-4778-b8e5-4c3308ff32fa","__parent":"trail_005_rocks","position":[-547.404053,-23.3603973,236.563675],"isRenderEnabled":false,"shapeName":"/levels/johnson_valley/art/shapes/rocks/s_rocks_desert_small_07.dae","useInstanceRenderData":true}
{"class":"TSStatic","persistentId":"6e6024f8-d521-4fcf-8402-3bc6a99fab17","__parent":"trail_005_rocks","position":[-623.512268,-141.098267,205.83371],"isRenderEnabled":false,"rotationMatrix":[-0.949129224,-0.31460616,0.0132754296,-0.0943584666,0.324384451,0.94120717,-0.300415993,0.892074823,-0.337568402],"shapeName":"/levels/johnson_valley/art/shapes/rocks/s_rocks_desert_medium_02.dae","useInstanceRenderData":true}
{"class":"TSStatic","persistentId":"f8be4ad2-af92-4b5c-b2b4-fef612f358c0","__parent":"trail_005_rocks","position":[-625.168945,-135.266891,207.521408],"isRenderEnabled":false,"rotationMatrix":[0.965148687,0.258425415,-0.0412829146,-0.173960343,0.751378655,0.636527956,0.195514113,-0.607162535,0.77014792],"scale":[1.16523433,1.16523433,1.16523433],"shapeName":"/levels/johnson_valley/art/shapes/rocks/s_rocks_desert_huge_sheet_3.dae","useInstanceRenderData":true}
{"class":"TSStatic","persistentId":"ba140e42-7826-4761-bf0d-1482073bc416","__parent":"trail_005_rocks","position":[-619.957581,-136.185928,205.870468],"isRenderEnabled":false,"shapeName":"/levels/johnson_valley/art/shapes/rocks/s_rocks_desert_medium_04.dae","useInstanceRenderData":true}
{"class":"TSStatic","persistentId":"f163e970-a87b-4fb3-bf66-dc4bd86cf406","__parent":"trail_005_rocks","position":[-620.935059,-146.413849,206.231964],"isRenderEnabled":false,"rotationMatrix":[0.399634242,-0.827236831,0.39493221,0.905125678,0.42427212,-0.0272088945,-0.145050511,0.368336976,0.918307245],"shapeName":"/levels/johnson_valley/art/shapes/rocks/s_rocks_desert_huge_sheet_2.dae","useInstanceRenderData":true}
{"class":"TSStatic","persistentId":"693b239a-bb2d-4ae4-a733-8c5151aa4afc","__parent":"trail_005_rocks","position":[-630.577209,-140.091675,205.904251],"isRenderEnabled":false,"shapeName":"/levels/johnson_valley/art/shapes/rocks/s_rocks_desert_medium_05.dae","useInstanceRenderData":true}
{"class":"TSStatic","persistentId":"dab2aa0e-5df7-492b-8aeb-967110888fb8","__parent":"trail_005_rocks","position":[-630.199219,-143.367569,204.966492],"isRenderEnabled":false,"rotationMatrix":[1,0,0,0,0.797166765,0.60375911,0,-0.60375911,0.797166765],"shapeName":"/levels/johnson_valley/art/shapes/rocks/s_rocks_desert_medium_04.dae","useInstanceRenderData":true}
{"class":"TSStatic","persistentId":"cf6652fb-655c-4cbf-969e-649f9fab1781","__parent":"trail_005_rocks","position":[-587.522217,-98.2780762,209.595535],"isRenderEnabled":false,"rotationMatrix":[0.884079754,3.7252903e-09,0.467336059,-0.0682833791,0.989268064,0.129174575,-0.462320626,-0.14611192,0.874591827],"shapeName":"/levels/johnson_valley/art/shapes/rocks/s_rocks_desert_collection_02.dae","useInstanceRenderData":true}
{"class":"TSStatic","persistentId":"5ca27db0-e0b2-456c-ad5e-03a0b1cbca49","__parent":"trail_005_rocks","position":[-593.179321,-98.5847473,209.466339],"isRenderEnabled":false,"rotationMatrix":[0.330160737,0.939567804,0.0905880108,-0.902562141,0.286138177,0.321724206,0.276361048,-0.187981993,0.942489982],"shapeName":"/levels/johnson_valley/art/shapes/rocks/s_rocks_desert_low_flat_01.dae","useInstanceRenderData":true}
{"class":"TSStatic","persistentId":"5fd8b5c5-0f42-4d05-84f2-fba00d8a4b42","__parent":"trail_005_rocks","position":[-547.852051,-28.3969955,234.696136],"isRenderEnabled":false,"rotationMatrix":[-0.928162932,-0.260377854,0.265925318,-0.173901081,0.935139656,0.308662057,-0.3290461,0.240244091,-0.913241982],"shapeName":"/levels/johnson_valley/art/shapes/rocks/s_rocks_desert_medium_03.dae","useInstanceRenderData":true}
{"class":"TSStatic","persistentId":"c3a57c61-a376-44f1-aa04-bef94631caf5","__parent":"trail_005_rocks","position":[-549.549255,-25.5466022,235.814392],"isRenderEnabled":false,"rotationMatrix":[0.806544006,-2.23517418e-08,-0.591174006,0.189492851,0.94723618,0.258526742,0.559981346,-0.320536435,0.76398766],"shapeName":"/levels/johnson_valley/art/shapes/rocks/s_rocks_desert_small_01.dae","useInstanceRenderData":true}
{"class":"TSStatic","persistentId":"9bb93bd6-2908-4e27-8ba4-7f2b9bfbed5d","__parent":"trail_005_rocks","position":[-546.967834,-17.5925465,237.143234],"isRenderEnabled":false,"rotationMatrix":[0.999021113,-0.0107726185,0.0429036915,0.00748789404,-0.914714336,-0.404031217,0.0435971022,0.403957009,-0.913738251],"shapeName":"/levels/johnson_valley/art/shapes/rocks/s_rocks_desert_large_06.dae","useInstanceRenderData":true}
{"class":"TSStatic","persistentId":"2eac907b-6ebf-4c9f-ae52-b7fd8272eaef","__parent":"trail_005_rocks","position":[-547.481384,-15.707489,237.68927],"isRenderEnabled":false,"rotationMatrix":[-0.997882962,0,0.0650308058,0,1,0,-0.0650308058,0,-0.997882962],"shapeName":"/levels/johnson_valley/art/shapes/rocks/s_rocks_desert_medium_02.dae","useInstanceRenderData":true}
{"class":"TSStatic","persistentId":"01af7bbd-9eec-4d49-95a0-0d882b230437","__parent":"trail_005_rocks","position":[-553.896118,-15.4443884,240.131363],"isRenderEnabled":false,"rotationMatrix":[0.754297137,-0.258992285,-0.603290021,0.344601363,0.938330472,0.028032057,0.558825314,-0.229039043,0.797029078],"shapeName":"/levels/johnson_valley/art/shapes/rocks/s_rocks_desert_huge_sheet_2.dae","useInstanceRenderData":true}
{"class":"TSStatic","persistentId":"83d29a13-d0b1-42d4-a870-23ad912f1c51","__parent":"trail_005_rocks","position":[-548.783386,-10.4982691,240.492203],"isRenderEnabled":false,"rotationMatrix":[0.973622501,0.064931266,-0.218730718,0.0367337726,0.901538551,0.431136727,0.225188434,-0.427799225,0.875373006],"shapeName":"/levels/johnson_valley/art/shapes/rocks/s_rocks_desert_low_flat_02.dae","useInstanceRenderData":true}
{"class":"TSStatic","persistentId":"f0795800-8689-4db3-aaec-b66fc69ec76f","__parent":"trail_005_rocks","position":[-542.966736,-8.66939354,241.118774],"isRenderEnabled":false,"rotationMatrix":[0.804364204,-0.593179703,0.0337039679,0.538627744,0.751982093,0.380003929,-0.250755429,-0.287507653,0.924370587],"shapeName":"/levels/johnson_valley/art/shapes/rocks/s_rocks_desert_low_tiny.dae","useInstanceRenderData":true}
{"class":"TSStatic","persistentId":"7a31b80d-11a7-43d6-b7bd-2b34a6e7d708","__parent":"trail_005_rocks","position":[-537.376038,-0.642808437,244.477173],"isRenderEnabled":false,"rotationMatrix":[0.941739678,-0.0688031763,0.32923007,-3.7252903e-09,-0.978853226,-0.204562753,0.336342573,0.192644864,-0.921824932],"shapeName":"/levels/johnson_valley/art/shapes/rocks/s_rocks_desert_medium_03.dae","useInstanceRenderData":true}
{"class":"TSStatic","persistentId":"6f74056c-8bff-4e3b-9bb6-694102de539a","__parent":"trail_005_rocks","position":[-537.4599,3.88778973,246.749329],"isRenderEnabled":false,"rotationMatrix":[0.468238115,0.883602262,-5.96046448e-08,-0.646095276,0.342378557,0.682156682,0.602755249,-0.319411665,0.731206059],"shapeName":"/levels/johnson_valley/art/shapes/rocks/s_rocks_desert_huge_sheet_3.dae","useInstanceRenderData":true}
{"class":"TSStatic","persistentId":"05f72e6f-5390-47c2-a977-d3fc2db15ece","__parent":"trail_005_rocks","position":[-537.927734,7.9812932,246.672623],"isRenderEnabled":false,"rotationMatrix":[0.822475791,0.568800032,0,-0.568800032,0.822475791,0,0,0,1],"shapeName":"/levels/johnson_valley/art/shapes/rocks/s_rocks_desert_large_02.dae","useInstanceRenderData":true}
{"class":"TSStatic","persistentId":"256a7257-1091-445f-ad22-c7f27046e1df","__parent":"trail_005_rocks","position":[-534.519897,4.19974709,245.177139],"isRenderEnabled":false,"rotationMatrix":[0.865351081,-0.222453222,-0.449090302,0.260544688,0.965164542,0.0239565559,0.428116798,-0.137738928,0.893165112],"shapeName":"/levels/johnson_valley/art/shapes/rocks/s_rocks_desert_low_tiny.dae","useInstanceRenderData":true}
{"class":"TSStatic","persistentId":"202e7677-dc9e-45bb-a44e-dfc412163dfb","__parent":"trail_005_rocks","position":[-536.78363,0.762281299,245.148636],"isRenderEnabled":false,"rotationMatrix":[-0.854183793,0.519970834,0,-0.519970834,-0.854183793,0,0,0,1],"shapeName":"/levels/johnson_valley/art/shapes/rocks/s_rocks_desert_medium_03.dae","useInstanceRenderData":true}
{"class":"TSStatic","persistentId":"b15752be-2ab5-4ce0-9cd0-426a1edd296c","__parent":"trail_005_rocks","position":[-533.377319,0.618000209,244.247238],"isRenderEnabled":false,"rotationMatrix":[1,0,0,0,-0.999999762,-3.25841313e-07,0,3.25841313e-07,-0.999999762],"shapeName":"/levels/johnson_valley/art/shapes/rocks/s_rocks_desert_large_06.dae","useInstanceRenderData":true}
{"class":"TSStatic","persistentId":"bdb6a2d8-9bc3-48c7-9364-825ba165480d","__parent":"trail_005_rocks","position":[-530.016785,12.6151857,242.145309],"isRenderEnabled":false,"rotationMatrix":[1,0,0,0,0.985768378,0.168109253,0,-0.168109253,0.985768378],"shapeName":"/levels/johnson_valley/art/shapes/rocks/s_rocks_desert_large_03.dae","useInstanceRenderData":true}
{"class":"TSStatic","persistentId":"bc1fe865-e5ed-4929-af4f-d805b91e2a11","__parent":"trail_005_rocks","position":[-532.977783,14.5171604,242.520798],"isRenderEnabled":false,"rotationMatrix":[-0.960241795,-0.279169381,0,0.279169381,-0.960241795,0,0,0,1],"shapeName":"/levels/johnson_valley/art/shapes/rocks/s_rocks_desert_large_07.dae","useInstanceRenderData":true}
{"class":"TSStatic","persistentId":"205e46e0-5ec1-4644-b1f5-2648a404cd34","__parent":"trail_005_rocks","position":[-534.643188,11.9142714,243.634064],"isRenderEnabled":false,"rotationMatrix":[0.451322913,-0.892360687,0,0.892360687,0.451322913,0,0,0,1],"shapeName":"/levels/johnson_valley/art/shapes/rocks/s_rocks_desert_large_04.dae","useInstanceRenderData":true}
{"class":"TSStatic","persistentId":"3b8fda58-31e8-4e3e-b354-91d5d6e00f38","__parent":"trail_005_rocks","position":[-532.96283,11.6689978,243.011978],"isRenderEnabled":false,"rotationMatrix":[-0.207969785,0.978095889,-0.00874790549,0.745203018,0.152644992,-0.649131417,-0.633577585,-0.141518801,-0.760625601],"shapeName":"/levels/johnson_valley/art/shapes/rocks/s_rocks_desert_medium_02.dae","useInstanceRenderData":true}
{"class":"TSStatic","persistentId":"94da996f-d985-49a6-b172-624e10b6db97","__parent":"trail_005_rocks","position":[-530.670715,8.00160313,243.209167],"isRenderEnabled":false,"rotationMatrix":[-0.147801042,0.988857687,0.0177516118,0.984585106,0.145417929,0.097189039,0.0935247317,0.0318426229,-0.995107412],"shapeName":"/levels/johnson_valley/art/shapes/rocks/s_rocks_desert_large_06.dae","useInstanceRenderData":true}
{"class":"TSStatic","persistentId":"54a98969-3c43-4791-990a-d1a4cfec1318","__parent":"trail_005_rocks","position":[-533.867432,9.49701405,244.171341],"isRenderEnabled":false,"rotationMatrix":[-0.408763647,-0.912640154,0,0.912640154,-0.408763647,0,0,0,1],"shapeName":"/levels/johnson_valley/art/shapes/rocks/s_rocks_desert_large_05.dae","useInstanceRenderData":true}
{"class":"TSStatic","persistentId":"b7f7d3de-cba8-4596-a40c-ebb3fb1efc95","__parent":"trail_005_rocks","position":[-533.262695,4.26590681,244.804642],"isRenderEnabled":false,"shapeName":"/levels/johnson_valley/art/shapes/rocks/s_rocks_desert_small_04.dae","useInstanceRenderData":true}
{"class":"TSStatic","persistentId":"855d0077-13f1-4ed7-b5da-938ed177e339","__parent":"trail_005_rocks","position":[-531.484436,3.89305687,244.757065],"isRenderEnabled":false,"shapeName":"/levels/johnson_valley/art/shapes/rocks/s_rocks_desert_small_03.dae","useInstanceRenderData":true}
{"class":"TSStatic","persistentId":"9a0e4659-4f0b-4b44-ac1e-d34b7f8dbfdc","__parent":"trail_005_rocks","position":[-531.573669,3.02228498,244.905518],"isRenderEnabled":false,"rotationMatrix":[1,0,0,0,-0.999718189,-0.0237277187,0,0.0237277187,-0.999718189],"shapeName":"/levels/johnson_valley/art/shapes/rocks/s_rocks_desert_small_02.dae","useInstanceRenderData":true}
{"class":"TSStatic","persistentId":"ae3d0a0f-46c4-4e52-9731-ebf526064a8d","__parent":"trail_005_rocks","position":[-527.158691,9.97044945,245.780045],"isRenderEnabled":false,"rotationMatrix":[-0.448752284,-0.892449617,0.0464169979,0.607766509,-0.266700864,0.747990608,-0.655164599,0.363873482,0.662084103],"shapeName":"/levels/johnson_valley/art/shapes/rocks/s_rocks_desert_huge_sheet_3.dae","useInstanceRenderData":true}
{"class":"TSStatic","persistentId":"cb8f4b31-c83a-4a96-8e24-f869d56c4202","__parent":"trail_005_rocks","position":[-545.692322,-47.4785995,227.140076],"isRenderEnabled":false,"rotationMatrix":[0.157880664,0.987458169,4.47034836e-08,-0.868663609,0.138887107,-0.475535423,-0.469571352,0.0750778019,0.879696548],"shapeName":"/levels/johnson_valley/art/shapes/rocks/s_rocks_desert_low_tiny.dae","useInstanceRenderData":true}
{"class":"TSStatic","persistentId":"d8fdceff-0caf-480a-b331-b179a0447304","__parent":"trail_005_rocks","position":[-550.980469,-50.9772224,226.053558],"isRenderEnabled":false,"rotationMatrix":[0.994845629,0.0944249928,0.0369605497,-0.0796205699,0.953127921,-0.291903555,-0.062791124,0.287456155,0.955733359],"shapeName":"/levels/johnson_valley/art/shapes/rocks/s_rocks_desert_low_tiny.dae","useInstanceRenderData":true}
{"class":"TSStatic","persistentId":"857038cd-dcbd-4045-8702-1200ef3052cb","__parent":"trail_005_rocks","position":[-646.312622,-189.79509,192.543823],"isRenderEnabled":false,"rotationMatrix":[0.71606344,-0.362983137,-0.596235096,0.484498888,0.873351336,0.0501817167,0.502507627,-0.324808568,0.801239967],"shapeName":"/levels/johnson_valley/art/shapes/rocks/s_rocks_desert_huge_sheet_2.dae","useInstanceRenderData":true}
{"class":"TSStatic","persistentId":"0f97a9a6-a6a9-4cc4-8c19-fc3e8d6a9ba5","__parent":"trail_005_rocks","position":[-643.116394,-192.368103,191.155045],"isRenderEnabled":false,"rotationMatrix":[0.891780317,-0.409304708,-0.192866489,0.442353457,0.878299356,0.181421205,0.0951379389,-0.247103021,0.964307427],"shapeName":"/levels/johnson_valley/art/shapes/rocks/s_rocks_desert_low_tiny.dae","useInstanceRenderData":true}
{"class":"TSStatic","persistentId":"dd76855b-db45-4d3c-8b79-44edd9dabef7","__parent":"trail_005_rocks","position":[-643.847656,-195.582108,189.335281],"isRenderEnabled":false,"rotationMatrix":[1,0,0,0,0.636349082,-0.771401167,0,0.771401167,0.636349082],"shapeName":"/levels/johnson_valley/art/shapes/rocks/s_rocks_desert_large_06.dae","useInstanceRenderData":true}
{"class":"TSStatic","persistentId":"92447b53-d635-4e72-8425-a4a4217b5267","__parent":"trail_005_rocks","position":[-642.359802,-185.770401,192.772034],"isRenderEnabled":false,"rotationMatrix":[0.981413662,0.0489728488,-0.185550243,-3.7252903e-09,0.966889799,0.255194157,0.191904217,-0.250451058,0.948918879],"shapeName":"/levels/johnson_valley/art/shapes/rocks/s_rocks_desert_low_tiny.dae","useInstanceRenderData":true}
{"class":"TSStatic","persistentId":"b6f29f5f-357f-45d2-b887-ddec6bb87439","__parent":"trail_005_rocks","position":[-639.690674,-185.727768,192.610458],"isRenderEnabled":false,"rotationMatrix":[-0.991125703,0.0339220762,-0.128526613,3.22237611e-07,-0.966889739,-0.255194068,-0.13292779,-0.252929449,0.958309412],"shapeName":"/levels/johnson_valley/art/shapes/rocks/s_rocks_desert_low_tiny.dae","useInstanceRenderData":true}
{"class":"TSStatic","persistentId":"d6cfa253-4461-4fd7-bf53-f7d5c7ffbe73","__parent":"trail_005_rocks","position":[-646.791687,-199.889069,187.93222],"isRenderEnabled":false,"rotationMatrix":[-0.284260154,-0.943296075,-0.171431035,-0.178329974,0.22770822,-0.957260311,0.942016125,-0.241539776,-0.232946277],"shapeName":"/levels/johnson_valley/art/shapes/rocks/s_rocks_desert_large_05.dae","useInstanceRenderData":true}
{"class":"TSStatic","persistentId":"a5963338-8f77-4f76-9b66-951182da69a3","__parent":"trail_005_rocks","position":[-644.667542,-199.995148,187.929352],"isRenderEnabled":false,"rotationMatrix":[0.993993938,0.0210319608,-0.107394859,0.00100586563,0.979561031,0.20114474,0.109430283,-0.200044677,0.973656595],"shapeName":"/levels/johnson_valley/art/shapes/rocks/s_rocks_desert_large_07.dae","useInstanceRenderData":true}
{"class":"TSStatic","persistentId":"9b9ff6c9-e179-4032-898e-81483d29423c","__parent":"trail_005_rocks","position":[-646.373901,-225.509262,179.854111],"isRenderEnabled":false,"rotationMatrix":[0.95715183,-0.270914346,-0.102302127,0.286854297,0.935400486,0.206737891,0.0396851823,-0.227225378,0.973033249],"shapeName":"/levels/johnson_valley/art/shapes/rocks/s_rocks_desert_low_small.dae","useInstanceRenderData":true}
{"class":"TSStatic","persistentId":"cbda78c8-2f0a-4003-a03f-d16a3555096e","__parent":"trail_005_rocks","position":[-642.281738,-226.731369,179.682816],"isRenderEnabled":false,"rotationMatrix":[-0.947465539,0.308899343,-0.0830045864,-0.294577241,-0.943804383,-0.149856359,-0.124630652,-0.117532499,0.985217392],"shapeName":"/levels/johnson_valley/art/shapes/rocks/s_rocks_desert_low_small.dae","useInstanceRenderData":true}
{"class":"TSStatic","persistentId":"bb615b70-0fe3-4611-81ca-f98f21d4281e","__parent":"trail_005_rocks","position":[-642.532654,-221.81665,180.609161],"isRenderEnabled":false,"rotationMatrix":[0.289900661,0.908538997,0.300856054,-0.95635134,0.287068129,0.0546250418,-0.0367371738,-0.303559959,0.952103853],"shapeName":"/levels/johnson_valley/art/shapes/rocks/s_rocks_desert_low_tiny.dae","useInstanceRenderData":true}
{"class":"TSStatic","persistentId":"740be535-057d-40a9-9b9a-c2ce20808f97","__parent":"trail_005_rocks","position":[-647.528625,-231.521088,178.52742],"isRenderEnabled":false,"rotationMatrix":[0.425501525,0.871319294,0.244440228,-0.901561379,0.431527197,0.0311642438,-0.0783285797,-0.233638331,0.969163418],"shapeName":"/levels/johnson_valley/art/shapes/rocks/s_rocks_desert_low_tiny.dae","useInstanceRenderData":true}
{"class":"TSStatic","persistentId":"6ec9a4ef-809a-4406-8d2b-02abedb2676f","__parent":"trail_005_rocks","position":[-635.738281,-224.240005,181.354706],"isRenderEnabled":false,"rotationMatrix":[0.020396471,0.998678148,0.0471782237,-0.964090407,0.032143712,-0.263621539,-0.264789581,-0.0401071608,0.96347177],"shapeName":"/levels/johnson_valley/art/shapes/rocks/s_rocks_desert_low_small.dae","useInstanceRenderData":true}
{"class":"TSStatic","persistentId":"a324a7cb-1f8f-4d2a-ab4e-7afd70fcf26d","__parent":"trail_005_rocks","position":[-646.334595,-210.504105,184.335831],"isRenderEnabled":false,"rotationMatrix":[-0.405926704,-0.913905621,1.32267701e-07,-0.913905621,0.405926704,2.97788233e-07,-3.25841341e-07,-1.42108547e-14,-1],"shapeName":"/levels/johnson_valley/art/shapes/rocks/s_rocks_desert_large_06.dae","useInstanceRenderData":true}
{"class":"TSStatic","persistentId":"2cb90884-453e-46b3-a3a0-679c2a8cabd1","__parent":"trail_005_rocks","position":[-643.951111,-209.069122,184.335831],"isRenderEnabled":false,"rotationMatrix":[0.518992424,-0.854778767,-1.69109128e-07,-0.854778767,-0.518992186,2.78522265e-07,-3.25841313e-07,-2.84217094e-14,-0.999999762],"shapeName":"/levels/johnson_valley/art/shapes/rocks/s_rocks_desert_large_06.dae","useInstanceRenderData":true}
{"class":"TSStatic","persistentId":"031107dd-f002-49c9-ad77-ea2f209dec60","__parent":"trail_005_rocks","position":[-647.442261,-211.491791,184.73764],"isRenderEnabled":false,"rotationMatrix":[0.827424943,-0.561576307,-2.69609188e-07,-0.561576307,-0.827424765,1.82984763e-07,-3.25841256e-07,-7.10542736e-15,-0.999999881],"shapeName":"/levels/johnson_valley/art/shapes/rocks/s_rocks_desert_medium_02.dae","useInstanceRenderData":true}
{"class":"TSStatic","persistentId":"64c47763-f669-4afe-940d-e852fd6994dd","__parent":"trail_005_rocks","position":[-644.165649,-215.681046,182.822372],"isRenderEnabled":false,"rotationMatrix":[1,0,0,0,0.939558625,0.342388034,0,-0.342388034,0.939558625],"shapeName":"/levels/johnson_valley/art/shapes/rocks/s_rocks_desert_low_tiny.dae","useInstanceRenderData":true}
{"class":"TSStatic","persistentId":"031c4788-d95b-4215-939f-2be820b6ad73","__parent":"trail_005_rocks","position":[-646.496521,-204.320343,187.023575],"isRenderEnabled":false,"rotationMatrix":[0.951164663,0.0926472992,-0.294452518,-3.7252903e-09,0.953896284,0.300136358,0.308684021,-0.285479099,0.907312453],"shapeName":"/levels/johnson_valley/art/shapes/rocks/s_rocks_desert_low_tiny.dae","useInstanceRenderData":true}
{"class":"TSStatic","persistentId":"b0c5e7e2-64a9-440c-a3a7-3745d3d2f327","__parent":"trail_005_rocks","position":[-648.504822,-217.252014,183.506805],"isRenderEnabled":false,"rotationMatrix":[0.850571096,-0.0979455262,-0.516658068,0.259502232,0.93271637,0.250397116,0.457370162,-0.347054452,0.818758667],"shapeName":"/levels/johnson_valley/art/shapes/rocks/s_rocks_desert_huge_sheet_1.dae","useInstanceRenderData":true}
{"class":"TSStatic","persistentId":"d2870489-9361-42a0-86f2-42bda00b06a8","__parent":"trail_005_rocks","position":[-642.335815,-219.312347,181.588135],"isRenderEnabled":false,"rotationMatrix":[0.176638305,0.957256436,0.229039744,0.984275937,-0.171789646,-0.041103512,1.49011612e-08,0.232698739,-0.972549081],"shapeName":"/levels/johnson_valley/art/shapes/rocks/s_rocks_desert_medium_03.dae","useInstanceRenderData":true}
{"class":"TSStatic","persistentId":"c6640133-4fda-40be-bec7-4fe0e192f4d2","__parent":"trail_005_rocks","position":[-641.888367,-220.513672,181.156158],"isRenderEnabled":false,"shapeName":"/levels/johnson_valley/art/shapes/rocks/s_rocks_desert_small_02.dae","useInstanceRenderData":true}
{"class":"TSStatic","persistentId":"7e8b1f7f-a6c8-4e4f-8af8-66e249971377","__parent":"trail_005_rocks","position":[-645.282043,-219.36055,181.681961],"isRenderEnabled":false,"rotationMatrix":[1,0,0,0,-0.912752986,-0.40851143,0,0.40851143,-0.912752986],"shapeName":"/levels/johnson_valley/art/shapes/rocks/s_rocks_desert_small_04.dae","useInstanceRenderData":true}
{"class":"TSStatic","persistentId":"b9834c94-9128-4c9d-9a20-e4779a55ec08","__parent":"trail_005_rocks","position":[-636.22821,-283.049683,159.807983],"isRenderEnabled":false,"rotationMatrix":[0.750365853,-0.661022723,0,0.661022723,0.750365853,0,0,0,1],"shapeName":"/levels/johnson_valley/art/shapes/rocks/s_rocks_desert_large_05.dae","useInstanceRenderData":true}
{"class":"TSStatic","persistentId":"c5fb958a-d76c-4968-9c69-50f77d3cda68","__parent":"trail_005_rocks","position":[-636.51239,-281.353241,161.01503],"isRenderEnabled":false,"rotationMatrix":[-0.610014558,0.792390049,0,-0.792390049,-0.610014558,0,0,0,1],"shapeName":"/levels/johnson_valley/art/shapes/rocks/s_rocks_desert_large_07.dae","useInstanceRenderData":true}
{"class":"TSStatic","persistentId":"3e96e3c4-5d77-45e4-a90c-e0548c93416b","__parent":"trail_005_rocks","position":[-640.927124,-282.518829,161.007538],"isRenderEnabled":false,"shapeName":"/levels/johnson_valley/art/shapes/rocks/s_rocks_desert_large_04.dae","useInstanceRenderData":true}
{"class":"TSStatic","persistentId":"1d90ba37-0f79-4688-8c61-a65554cb3235","__parent":"trail_005_rocks","position":[-633.423706,-279.721558,160.787842],"isRenderEnabled":false,"rotationMatrix":[0.960828602,0.180039555,-0.210699171,-0.0491611287,0.858917475,0.509748936,0.272748172,-0.479423136,0.834123433],"shapeName":"/levels/johnson_valley/art/shapes/rocks/s_rocks_desert_low_flat_02.dae","useInstanceRenderData":true}
{"class":"TSStatic","persistentId":"a18c1c14-8d0a-4263-a50f-2a175dc67dc5","__parent":"trail_005_rocks","position":[-635.891724,-273.436798,164.246948],"isRenderEnabled":false,"rotationMatrix":[1,0,0,0,-0.857852459,-0.513895512,0,0.513895512,-0.857852459],"shapeName":"/levels/johnson_valley/art/shapes/rocks/s_rocks_desert_large_06.dae","useInstanceRenderData":true}
{"class":"TSStatic","persistentId":"6097682f-fd28-41d2-a036-f0ea34238037","__parent":"trail_005_rocks","position":[-638.678528,-274.805939,164.65979],"isRenderEnabled":false,"rotationMatrix":[-0.85081625,-0.105293274,0.514805794,0.130912855,0.906350374,0.40173474,-0.508894444,0.409197122,-0.757353306],"shapeName":"/levels/johnson_valley/art/shapes/rocks/s_rocks_desert_large_06.dae","useInstanceRenderData":true}
{"class":"TSStatic","persistentId":"39720802-75c9-4f32-abd0-0f87e3158fc4","__parent":"trail_005_rocks","position":[-643.166382,-269.92984,168.87262],"isRenderEnabled":false,"rotationMatrix":[-0.955232501,0,0.295855254,0,1,0,-0.295855254,0,-0.955232501],"shapeName":"/levels/johnson_valley/art/shapes/rocks/s_rocks_desert_large_06.dae","useInstanceRenderData":true}
{"class":"TSStatic","persistentId":"f7829b8f-0206-42a9-95f7-0620edaa866f","__parent":"trail_005_rocks","position":[-641.71582,-268.439789,168.842636],"isRenderEnabled":false,"rotationMatrix":[-0.680767417,0.611365259,0.403470039,0.699029148,0.70682466,0.108430177,-0.218892097,0.355853081,-0.908545256],"shapeName":"/levels/johnson_valley/art/shapes/rocks/s_rocks_desert_large_06.dae","useInstanceRenderData":true}
{"class":"TSStatic","persistentId":"c977fbf4-962f-43a6-801a-d6c584fea335","__parent":"trail_005_rocks","position":[-645.812744,-265.77063,171.309128],"isRenderEnabled":false,"rotationMatrix":[0.866463304,0.49050355,-0.0929920226,-0.466451228,0.861778736,0.199400559,0.177945241,-0.12939702,0.975495696],"shapeName":"/levels/johnson_valley/art/shapes/rocks/s_rocks_desert_low_small.dae","useInstanceRenderData":true}
{"class":"TSStatic","persistentId":"cd4c7811-4fdc-4b7d-9fd0-c4241557f240","__parent":"trail_005_rocks","position":[-642.812988,-264.730072,171.067749],"isRenderEnabled":false,"rotationMatrix":[0.920491934,0.390761524,-3.7252903e-09,-0.382646412,0.901375711,0.202739954,0.0792229921,-0.186620504,0.979232609],"shapeName":"/levels/johnson_valley/art/shapes/rocks/s_rocks_desert_low_tiny.dae","useInstanceRenderData":true}
{"class":"TSStatic","persistentId":"3617025a-c4a1-4cc1-86d6-698d8d98407c","__parent":"trail_005_rocks","position":[-648.334656,-257.439758,173.078827],"isRenderEnabled":false,"rotationMatrix":[0.964920104,0.257974118,-0.0487704165,-0.24271664,0.947341383,0.208884895,0.100089133,-0.189719856,0.976723373],"shapeName":"/levels/johnson_valley/art/shapes/rocks/s_rocks_desert_low_tiny.dae","useInstanceRenderData":true}
{"class":"TSStatic","persistentId":"adeca9b2-a118-4141-97c8-4be87c84d31d","__parent":"trail_005_rocks","position":[-645.555847,-256.68808,172.898575],"isRenderEnabled":false,"rotationMatrix":[-0.96908319,-0.246617287,-0.00757453777,0.242716938,-0.947341204,-0.20888491,0.0443389565,-0.204265371,0.977910876],"shapeName":"/levels/johnson_valley/art/shapes/rocks/s_rocks_desert_low_tiny.dae","useInstanceRenderData":true}
{"class":"TSStatic","persistentId":"70fafcca-2cc5-4ad3-918c-17bf3544110f","__parent":"trail_005_rocks","position":[-636.291199,-276.187897,163.0746],"isRenderEnabled":false,"rotationMatrix":[0.782323122,0.62287277,-2.98023224e-08,-0.488233596,0.613217473,0.620960772,0.386779606,-0.485791981,0.78384161],"shapeName":"/levels/johnson_valley/art/shapes/rocks/s_rocks_desert_large_07.dae","useInstanceRenderData":true}
{"class":"TSStatic","persistentId":"3d2956a1-bd3e-48f8-9426-59e36b4550ac","__parent":"trail_005_rocks","position":[-634.232178,-276.471069,162.744431],"isRenderEnabled":false,"rotationMatrix":[1,0,0,0,0.959369004,0.282154322,0,-0.282154322,0.959369004],"shapeName":"/levels/johnson_valley/art/shapes/rocks/s_rocks_desert_small_01.dae","useInstanceRenderData":true}
{"class":"TSStatic","persistentId":"122f2fa4-b0fb-4c01-a67a-109d2948d8fd","__parent":"trail_005_rocks","position":[-636.162292,-278.594543,162.515869],"isRenderEnabled":false,"rotationMatrix":[-0.172800303,0.984956741,0,-0.984956741,-0.172800303,0,0,0,1],"shapeName":"/levels/johnson_valley/art/shapes/rocks/s_rocks_desert_small_03.dae","useInstanceRenderData":true}
