{"class":"TSStatic","persistentId":"726d78f2-bd45-4e01-b005-d7bd2b48e644","__parent":"beach_props","position":[297.230377,957.872314,73.5755157],"annotation":"TRAFFIC_SIGNS","isRenderEnabled":false,"rotationMatrix":[0.752291322,-0.658362329,0.0248383954,0.658100307,0.749148428,-0.0753704309,0.0310133956,0.0730466843,0.996846199],"shapeName":"/levels/west_coast_usa/art/shapes/objects/sign_twoway.dae","useInstanceRenderData":true}
{"class":"TSStatic","persistentId":"18dc64e6-e21a-4a3b-a9a1-1bc44dbb3fbb","__parent":"beach_props","position":[296.659088,958.286682,72.1676788],"annotation":"POLE","isRenderEnabled":false,"rotationMatrix":[0.752291322,-0.658362329,0.0248383954,0.658100307,0.749148428,-0.0753704309,0.0310133956,0.0730466843,0.996846199],"shapeName":"/levels/west_coast_usa/art/shapes/objects/pole_fence2.dae","useInstanceRenderData":true}
{"class":"TSStatic","persistentId":"9913f8eb-d777-4ef4-b249-a56a9b7b6441","__parent":"beach_props","position":[297.797058,957.290833,72.205246],"annotation":"POLE","isRenderEnabled":false,"rotationMatrix":[0.752291322,-0.658362329,0.0248383954,0.658100307,0.749148428,-0.0753704309,0.0310133956,0.0730466843,0.996846199],"shapeName":"/levels/west_coast_usa/art/shapes/objects/pole_fence2.dae","useInstanceRenderData":true}
{"class":"TSStatic","persistentId":"24e2d041-5491-46d0-8e91-a621249d003d","__parent":"beach_props","position":[48.9480896,771.877197,74.3254242],"annotation":"OBSTACLES","decalType":"None","instanceColor":[1,0.768627524,0.215686291,1],"isRenderEnabled":false,"rotationMatrix":[0.184109151,-0.98207438,-0.0404195413,0.982626438,0.184881449,-0.0162493512,0.0234308932,-0.0367256552,0.999050677],"shapeName":"/levels/west_coast_usa/art/shapes/objects/bollard_yellow.dae","useInstanceRenderData":true}
{"class":"TSStatic","persistentId":"0581d182-545b-4ed2-aedc-5eb501e5dd09","__parent":"beach_props","position":[48.9480896,773.268982,74.3254242],"annotation":"OBSTACLES","decalType":"None","instanceColor":[1,0.768627524,0.215686291,1],"isRenderEnabled":false,"rotationMatrix":[-0.644801021,-0.763281047,-0.0404195413,0.764228523,-0.644740939,-0.0162493493,-0.0136573091,-0.0413673595,0.999050677],"shapeName":"/levels/west_coast_usa/art/shapes/objects/bollard_yellow.dae","useInstanceRenderData":true}
{"class":"TSStatic","persistentId":"746a8dc4-eea6-41e0-aff6-9c2ef3ef0834","__parent":"beach_props","position":[48.9480896,774.645935,74.3254242],"annotation":"OBSTACLES","decalType":"None","instanceColor":[1,0.768627524,0.215686291,1],"isRenderEnabled":false,"rotationMatrix":[0.5398314,0.840802193,-0.0404195413,-0.841733694,0.539648294,-0.0162493475,0.00814985111,0.042794399,0.999050677],"shapeName":"/levels/west_coast_usa/art/shapes/objects/bollard_yellow.dae","useInstanceRenderData":true}
{"class":"TSStatic","persistentId":"f265db39-1459-494f-89a1-67845a34bdd7","__parent":"beach_props","position":[48.9647522,776.01178,74.3254242],"annotation":"OBSTACLES","decalType":"None","instanceColor":[1,0.768627524,0.215686291,1],"isRenderEnabled":false,"rotationMatrix":[-0.163265824,0.985753775,-0.0404195413,-0.986322165,-0.16402626,-0.0162493512,-0.0226477236,0.0372137241,0.999050677],"shapeName":"/levels/west_coast_usa/art/shapes/objects/bollard_yellow.dae","useInstanceRenderData":true}
{"class":"TSStatic","persistentId":"56020e95-5846-4212-85c8-3562c9315396","__parent":"beach_props","position":[45.5894775,755.367859,74.5722809],"annotation":"OBSTACLES","decalType":"None","instanceColor":[1,0.768627524,0.215686291,1],"isRenderEnabled":false,"rotationMatrix":[-0.47011888,-0.881677091,-0.0404195413,0.88259083,-0.46986115,-0.0162493512,-0.00466488861,-0.0433130376,0.999050677],"shapeName":"/levels/west_coast_usa/art/shapes/objects/bollard_yellow.dae","useInstanceRenderData":true}
{"class":"TSStatic","persistentId":"9f57e6f8-d6bd-42db-815c-e196684e86cb","__parent":"beach_props","position":[224.338379,842.728271,101.103165],"isRenderEnabled":false,"rotationMatrix":[0.0524315238,-0.994744599,0.08794339,0.998496234,0.053632617,0.0113490857,-0.0160060786,0.0872160941,0.996060848],"shapeName":"/levels/west_coast_usa/art/shapes/objects/construction_sign_small_c.DAE","useInstanceRenderData":true}
{"class":"TSStatic","persistentId":"de9f6227-8d4b-450a-9889-8071d5425138","__parent":"beach_props","position":[224.364792,842.676697,100.79644],"isRenderEnabled":false,"rotationMatrix":[1,0,0,0,0.99269104,-0.120683625,0,0.120683625,0.99269104],"shapeName":"/levels/west_coast_usa/art/shapes/objects/constructionbarrier.dae","useInstanceRenderData":true}
{"class":"TSStatic","persistentId":"46f351d7-c8c4-44a6-9622-c705202073f0","__parent":"beach_props","position":[211.908356,843.193298,101.967712],"isRenderEnabled":false,"rotationMatrix":[0.993197322,-0.0834790468,-0.081180647,0.0859161317,0.995936453,0.0269996766,0.0785968602,-0.0337907337,0.996333659],"shapeName":"/levels/west_coast_usa/art/shapes/objects/construction_sign_small_c.DAE","useInstanceRenderData":true}
{"class":"TSStatic","persistentId":"79b3b58c-cdfe-40e9-a020-f458b3dab353","__parent":"beach_props","position":[211.886551,843.2323,101.344246],"isRenderEnabled":false,"rotationMatrix":[0.136604011,0.990602732,0.00675533339,-0.989484429,0.136116207,0.0489194617,0.04754024,-0.0133668911,0.998779893],"shapeName":"/levels/west_coast_usa/art/shapes/objects/constructionbarrier.dae","useInstanceRenderData":true}
{"class":"TSStatic","persistentId":"66710c99-2d19-44b3-81a2-0fb104cc865a","__parent":"beach_props","position":[49.2432785,760.482056,74.9369888],"isRenderEnabled":false,"rotationMatrix":[0.999300718,0.0350010507,-0.0131543046,-0.0345127024,0.998767197,0.0356789678,0.0143868895,-0.0352000296,0.999276698],"shapeName":"/levels/west_coast_usa/art/shapes/objects/constructionbarrier.dae","useInstanceRenderData":true}
{"class":"TSStatic","persistentId":"be57ea01-3015-4f7e-95bc-e892386385fb","__parent":"beach_props","position":[49.2206726,760.462585,75.5613403],"isRenderEnabled":false,"rotationMatrix":[0.0863713622,-0.993868887,-0.0690256506,0.996262848,0.08613199,0.00644208491,-0.000457271934,-0.069324106,0.997594059],"shapeName":"/levels/west_coast_usa/art/shapes/objects/construction_sign_small_c.DAE","useInstanceRenderData":true}
{"class":"TSStatic","persistentId":"f366f8f2-88ef-4ac8-9075-13539550d898","__parent":"beach_props","position":[-583.742554,788.278564,74.3946533],"annotation":"OBSTACLES","decalType":"None","instanceColor":[1,0.768627524,0.215686291,1],"isRenderEnabled":false,"rotationMatrix":[0.184109032,-0.982881844,0.00687520765,0.982626617,0.183885455,-0.0251252484,0.0234308969,0.0113815498,0.999660671],"shapeName":"/levels/west_coast_usa/art/shapes/objects/bollard_yellow.dae","useInstanceRenderData":true}
{"class":"TSStatic","persistentId":"96568002-ab00-492d-bb4d-e032a3915658","__parent":"beach_props","position":[-588.13623,789.693909,74.2740936],"annotation":"OBSTACLES","decalType":"None","instanceColor":[1,0.768627524,0.215686291,1],"isRenderEnabled":false,"rotationMatrix":[0.989326179,0.145186901,-0.0124277445,-0.145418495,0.989160478,-0.020372685,0.00933518726,0.0219624564,0.999715209],"shapeName":"/levels/west_coast_usa/art/shapes/objects/bollard_yellow.dae","useInstanceRenderData":true}
{"class":"TSStatic","persistentId":"9019e64c-c052-46de-b204-dcf26c73aee1","__parent":"beach_props","position":[-692.636414,870.247375,74.6704407],"annotation":"OBSTACLES","decalType":"None","instanceColor":[1,0.768627524,0.215686291,1],"isRenderEnabled":false,"rotationMatrix":[0.186104476,-0.982451499,-0.0124277445,0.982276261,0.186328948,-0.0203726869,0.0223308243,-0.00841602683,0.999715209],"shapeName":"/levels/west_coast_usa/art/shapes/objects/bollard_yellow.dae","useInstanceRenderData":true}
{"class":"TSStatic","persistentId":"8ac8666b-27d9-4283-8d76-28884f19b220","__parent":"beach_props","position":[-698.527893,876.177917,74.7249069],"annotation":"OBSTACLES","decalType":"None","instanceColor":[1,0.768627524,0.215686291,1],"isRenderEnabled":false,"rotationMatrix":[0.186104476,-0.982451499,-0.0124277445,0.982276261,0.186328948,-0.0203726869,0.0223308243,-0.00841602683,0.999715209],"shapeName":"/levels/west_coast_usa/art/shapes/objects/bollard_yellow.dae","useInstanceRenderData":true}
{"class":"TSStatic","persistentId":"f323e4c2-af88-486f-8e86-a6bf87549f76","__parent":"beach_props","position":[-619.257629,806.349426,74.2616425],"annotation":"OBSTACLES","decalType":"None","instanceColor":[1,0.768627524,0.215686291,1],"isRenderEnabled":false,"rotationMatrix":[0.998318195,-0.0566246435,-0.0124277407,0.0563644618,0.998202384,-0.0203726869,0.0135589959,0.0196379405,0.999715209],"shapeName":"/levels/west_coast_usa/art/shapes/objects/bollard_yellow.dae","useInstanceRenderData":true}
