{"class":"TSStatic","persistentId":"27bdc390-fca4-4bd4-b71c-420c266c34e9","__parent":"trail_014","position":[-933.739319,-88.3334885,170.341904],"isRenderEnabled":false,"shapeName":"/levels/johnson_valley/art/shapes/rocks/s_rocks_desert_low_flat_01.dae","useInstanceRenderData":true}
{"class":"TSStatic","persistentId":"fe39b3fc-cab4-49b1-bf9f-75bda28e4995","__parent":"trail_014","position":[-939.797668,-87.5083618,170.390167],"isRenderEnabled":false,"shapeName":"/levels/johnson_valley/art/shapes/rocks/s_rocks_desert_large_07.dae","useInstanceRenderData":true}
{"class":"TSStatic","persistentId":"d12f4b87-7952-48f7-88a5-24148b3f3bc3","__parent":"trail_014","position":[-939.363098,-85.5467911,169.614075],"isRenderEnabled":false,"rotationMatrix":[0.855881512,-0.517171979,0,0.517171979,0.855881512,0,0,0,1],"shapeName":"/levels/johnson_valley/art/shapes/rocks/s_rocks_desert_large_02.dae","useInstanceRenderData":true}
{"class":"TSStatic","persistentId":"ab91a7f5-5732-4905-94a4-4ec517f858f8","__parent":"trail_014","position":[-933.297058,-81.8705292,171.746582],"isRenderEnabled":false,"rotationMatrix":[-0.652584672,-0.757716298,0,0.757716298,-0.652584672,0,0,0,1],"shapeName":"/levels/johnson_valley/art/shapes/rocks/s_rocks_desert_low_flat_01.dae","useInstanceRenderData":true}
{"class":"TSStatic","persistentId":"aee4a2f1-68ad-4438-9bdc-cd7b5ebd7754","__parent":"trail_014","position":[-933.677856,-80.5681839,172.021866],"isRenderEnabled":false,"shapeName":"/levels/johnson_valley/art/shapes/rocks/s_rocks_desert_large_07.dae","useInstanceRenderData":true}
{"class":"TSStatic","persistentId":"b86c43ec-4c4f-437d-a304-a40144efbac5","__parent":"trail_014","position":[-934.120117,-82.5491333,172.060135],"isRenderEnabled":false,"shapeName":"/levels/johnson_valley/art/shapes/rocks/s_rocks_desert_medium_01.dae","useInstanceRenderData":true}
{"class":"TSStatic","persistentId":"fdecdb4f-acf8-4e3c-be09-4de2b3c04a50","__parent":"trail_014","position":[-939.11615,-80.5737,171.542648],"isRenderEnabled":false,"shapeName":"/levels/johnson_valley/art/shapes/rocks/s_rocks_desert_medium_01.dae","useInstanceRenderData":true}
{"class":"TSStatic","persistentId":"7b23093c-97a5-449e-a065-c307724da64d","__parent":"trail_014","position":[-939.474976,-91.5833817,169.308456],"isRenderEnabled":false,"shapeName":"/levels/johnson_valley/art/shapes/rocks/s_rocks_desert_medium_05.dae","useInstanceRenderData":true}
{"class":"TSStatic","persistentId":"f50cbcbe-cd8c-4b27-9420-8e9087419611","__parent":"trail_014","position":[-935.23584,-92.3010178,169.460098],"isRenderEnabled":false,"rotationMatrix":[-0.227888823,0,-0.97368741,0,1,0,0.97368741,0,-0.227888823],"shapeName":"/levels/johnson_valley/art/shapes/rocks/s_rocks_desert_medium_04.dae","useInstanceRenderData":true}
{"class":"TSStatic","persistentId":"95639b98-bdda-4d3d-bedc-3071b5248d22","__parent":"trail_014","position":[-938.459106,-89.7729797,169.605881],"isRenderEnabled":false,"rotationMatrix":[-0.949925661,0.285228878,-0.127616018,-0.312476188,-0.86709404,0.387951851,-7.4505806e-09,0.408402383,0.912801981],"shapeName":"/levels/johnson_valley/art/shapes/rocks/s_rocks_desert_medium_05.dae","useInstanceRenderData":true}
{"class":"TSStatic","persistentId":"7fbdd0e1-3c0a-4f69-a5ab-fe91a915980a","__parent":"trail_014","position":[-933.74707,-87.446312,170.795319],"isRenderEnabled":false,"rotationMatrix":[-0.0650628805,-0.488960922,-0.869875669,1.49011612e-08,0.871722877,-0.489999115,0.997880936,-0.0318808407,-0.0567167997],"shapeName":"/levels/johnson_valley/art/shapes/rocks/s_rocks_desert_medium_01.dae","useInstanceRenderData":true}
{"class":"TSStatic","persistentId":"1ab0f035-9bab-41cb-b540-5c87aa9d7c72","__parent":"trail_014","position":[-935.875183,-80.3492584,171.710037],"isRenderEnabled":false,"rotationMatrix":[0.875161529,-0.453601688,-0.168338627,0.46016863,0.887831569,0,0.149456352,-0.0774641335,0.985729218],"shapeName":"/levels/johnson_valley/art/shapes/rocks/s_rocks_desert_large_07.dae","useInstanceRenderData":true}
{"class":"TSStatic","persistentId":"a9a630e8-cb9d-46b3-9ad9-b8293985ca4c","__parent":"trail_014","position":[-937.723572,-79.6369171,171.671005],"isRenderEnabled":false,"rotationMatrix":[-0.904873848,-0.41904515,-0.0748752579,0.410138488,-0.905337811,0.110234521,-0.113980554,0.0690390244,0.991081238],"shapeName":"/levels/johnson_valley/art/shapes/rocks/s_rocks_desert_large_06.dae","useInstanceRenderData":true}
{"class":"TSStatic","persistentId":"b02bf3ee-928b-44f6-9e8f-692e74b953a5","__parent":"trail_014","position":[-939.627808,-83.4013214,170.74733],"isRenderEnabled":false,"shapeName":"/levels/johnson_valley/art/shapes/rocks/s_rocks_desert_large_05.dae","useInstanceRenderData":true}
{"class":"TSStatic","persistentId":"e04b0bd6-c307-49e8-8fb6-f73ea8c9741a","__parent":"trail_014","position":[-937.466797,-77.4358673,171.990219],"isRenderEnabled":false,"rotationMatrix":[0.203684807,-0.013548553,-0.978942871,0.854636073,0.490248919,0.171035796,0.477608442,-0.871477246,0.111435294],"shapeName":"/levels/johnson_valley/art/shapes/rocks/s_rocks_desert_large_06.dae","useInstanceRenderData":true}
{"class":"TSStatic","persistentId":"1fe968f4-b188-4622-8486-bc2e5c821e04","__parent":"trail_014","position":[-932.889771,-78.4923401,172.535736],"isRenderEnabled":false,"shapeName":"/levels/johnson_valley/art/shapes/rocks/s_rocks_desert_low_flat_01.dae","useInstanceRenderData":true}
{"class":"TSStatic","persistentId":"662c1e58-b103-44bf-8d7e-dbe01f29cede","__parent":"trail_014","position":[-934.748596,-80.2936249,172.462326],"isRenderEnabled":false,"shapeName":"/levels/johnson_valley/art/shapes/rocks/s_rocks_desert_medium_01.dae","useInstanceRenderData":true}
{"class":"TSStatic","persistentId":"483f6a17-604a-4b16-8a6c-8eb9b84ba3fd","__parent":"trail_014","position":[-935.883911,-75.5506134,172.364563],"isRenderEnabled":false,"shapeName":"/levels/johnson_valley/art/shapes/rocks/s_rocks_desert_medium_03.dae","useInstanceRenderData":true}
{"class":"TSStatic","persistentId":"a3bcc7bf-8f7d-4831-b9c5-520abf4fe928","__parent":"trail_014","position":[-932.141235,-76.0914078,172.633377],"isRenderEnabled":false,"shapeName":"/levels/johnson_valley/art/shapes/rocks/s_rocks_desert_medium_04.dae","useInstanceRenderData":true}
{"class":"TSStatic","persistentId":"a45df8df-05f8-475d-bd43-343cf72a88f2","__parent":"trail_014","position":[-929.667236,-72.2207794,173.869049],"isRenderEnabled":false,"shapeName":"/levels/johnson_valley/art/shapes/rocks/s_rocks_desert_large_05.dae","useInstanceRenderData":true}
{"class":"TSStatic","persistentId":"e1a4dd7d-c7a8-4013-860e-1530347472d0","__parent":"trail_014","position":[-935.691895,-68.9749832,174.100281],"isRenderEnabled":false,"shapeName":"/levels/johnson_valley/art/shapes/rocks/s_rocks_desert_low_flat_01.dae","useInstanceRenderData":true}
{"class":"TSStatic","persistentId":"238ddf21-9a8e-473c-b4b2-2ff1fd7b6123","__parent":"trail_014","position":[-935.497742,-68.8302155,174.523148],"isRenderEnabled":false,"shapeName":"/levels/johnson_valley/art/shapes/rocks/s_rocks_desert_large_03.dae","useInstanceRenderData":true}
{"class":"TSStatic","persistentId":"8803e4e6-ff09-41ae-882c-fcc00b7bc892","__parent":"trail_014","position":[-938.166504,-71.1102219,173.335983],"isRenderEnabled":false,"rotationMatrix":[0.419082165,-0.907948375,0,0.907948375,0.419082165,0,0,0,1],"shapeName":"/levels/johnson_valley/art/shapes/rocks/s_rocks_desert_large_02.dae","useInstanceRenderData":true}
{"class":"TSStatic","persistentId":"e2cf43c2-352c-4357-8376-d350de4eb0e6","__parent":"trail_014","position":[-940.641907,-72.3139267,173.335983],"isRenderEnabled":false,"rotationMatrix":[-0.628230333,-0.765816391,-0.137300804,0.748156965,-0.643059015,0.163510948,-0.213511929,0,0.976940453],"shapeName":"/levels/johnson_valley/art/shapes/rocks/s_rocks_desert_large_02.dae","useInstanceRenderData":true}
{"class":"TSStatic","persistentId":"92349dc4-cda3-4d29-8c86-e1a4f2306194","__parent":"trail_014","position":[-944.343567,-76.5618744,173.879608],"isRenderEnabled":false,"rotationMatrix":[0.879485905,-0.327431381,-0.345388532,0.38181293,0.918668091,0.101330251,0.284118712,-0.220992327,0.932973146],"shapeName":"/levels/johnson_valley/art/shapes/rocks/s_rocks_desert_huge_sheet_1.dae","useInstanceRenderData":true}
{"class":"TSStatic","persistentId":"b4bcd39c-e8d0-477c-b0d9-22ddf2860f04","__parent":"trail_014","position":[-938.588013,-68.7494431,174.931],"isRenderEnabled":false,"shapeName":"/levels/johnson_valley/art/shapes/rocks/s_rocks_desert_collection_02.dae","useInstanceRenderData":true}
{"class":"TSStatic","persistentId":"8c9e2fbd-5f76-4bf5-8756-7d777ed8abfa","__parent":"trail_014","position":[-940.553284,-70.6830597,175.15419],"isRenderEnabled":false,"rotationMatrix":[1,0,0,0,-0.438104272,-0.898924351,0,0.898924351,-0.438104272],"shapeName":"/levels/johnson_valley/art/shapes/rocks/s_rocks_desert_large_06.dae","useInstanceRenderData":true}
{"class":"TSStatic","persistentId":"073b94d3-9642-42b4-9dbc-0499a17d65c1","__parent":"trail_014","position":[-941.680054,-68.3750687,176.695633],"isRenderEnabled":false,"rotationMatrix":[0.967982888,0.0487251431,-0.246241719,-1.86264515e-09,0.980979443,0.194111615,0.25101617,-0.187896729,0.949571311],"shapeName":"/levels/johnson_valley/art/shapes/rocks/s_rocks_desert_low_flat_01.dae","useInstanceRenderData":true}
{"class":"TSStatic","persistentId":"ccc9001e-9272-414f-8ad1-adbaf6d75b2b","__parent":"trail_014","position":[-934.96582,-66.4041061,172.903229],"isRenderEnabled":false,"rotationMatrix":[-0.0700383186,0.997544527,0,-0.997544527,-0.0700383186,0,0,0,1],"shapeName":"/levels/johnson_valley/art/shapes/rocks/s_rocks_desert_large_02.dae","useInstanceRenderData":true}
{"class":"TSStatic","persistentId":"345ea7df-b6df-47f7-b238-2046cf1080b8","__parent":"trail_014","position":[-928.997009,-78.1873093,172.738297],"isRenderEnabled":false,"shapeName":"/levels/johnson_valley/art/shapes/rocks/s_rocks_desert_large_04.dae","useInstanceRenderData":true}
{"class":"TSStatic","persistentId":"28ea7cfb-576f-44f1-bbc9-9194e5d78441","__parent":"trail_014","position":[-929.166199,-74.4865646,173.66156],"isRenderEnabled":false,"shapeName":"/levels/johnson_valley/art/shapes/rocks/s_rocks_desert_low_flat_01.dae","useInstanceRenderData":true}
{"class":"TSStatic","persistentId":"926a5d97-820d-4645-9fd9-66830c54b928","__parent":"trail_014","position":[-934.512207,-72.962471,172.977295],"isRenderEnabled":false,"rotationMatrix":[1,0,0,0,0.241660118,0.970361114,0,-0.970361114,0.241660118],"shapeName":"/levels/johnson_valley/art/shapes/rocks/s_rocks_desert_large_06.dae","useInstanceRenderData":true}
{"class":"TSStatic","persistentId":"cd67c63e-d239-4fb4-8735-fcdb864d0384","__parent":"trail_014","position":[-931.155334,-77.2965927,172.776321],"isRenderEnabled":false,"rotationMatrix":[0.598221779,0,-0.801330686,0,1,0,0.801330686,0,0.598221779],"shapeName":"/levels/johnson_valley/art/shapes/rocks/s_rocks_desert_medium_02.dae","useInstanceRenderData":true}
{"class":"TSStatic","persistentId":"37d93ecc-8447-4250-9a00-ef13ede39a08","__parent":"trail_014","position":[-938.440491,-74.5131607,173.065781],"isRenderEnabled":false,"shapeName":"/levels/johnson_valley/art/shapes/rocks/s_rocks_desert_medium_03.dae","useInstanceRenderData":true}
{"class":"TSStatic","persistentId":"56d111f1-9394-43ad-83c1-1345d217548a","__parent":"trail_014","position":[-933.555786,-80.6038513,172.813828],"isRenderEnabled":false,"shapeName":"/levels/johnson_valley/art/shapes/rocks/s_rocks_desert_medium_04.dae","useInstanceRenderData":true}
{"class":"TSStatic","persistentId":"785661ba-50af-42e9-a75f-13978466cdf7","__parent":"trail_014","position":[-927.474426,-61.7863998,176.066666],"isRenderEnabled":false,"rotationMatrix":[-0.211910367,0,-0.977289319,0,1,0,0.977289319,0,-0.211910367],"shapeName":"/levels/johnson_valley/art/shapes/rocks/s_rocks_desert_large_07.dae","useInstanceRenderData":true}
{"class":"TSStatic","persistentId":"7135b2a7-6cda-4ce8-ae3f-f2dd4595492c","__parent":"trail_014","position":[-925.721558,-63.1267967,176.093719],"isRenderEnabled":false,"rotationMatrix":[0.735824108,0,-0.677172661,0,1,0,0.677172661,0,0.735824108],"shapeName":"/levels/johnson_valley/art/shapes/rocks/s_rocks_desert_large_06.dae","useInstanceRenderData":true}
{"class":"TSStatic","persistentId":"e9c5bf61-e76e-4c6f-8691-5e606bd10bc9","__parent":"trail_014","position":[-931.849365,-63.0107765,174.940948],"isRenderEnabled":false,"rotationMatrix":[0.625871897,0,0.779925883,0.266298324,0.939903378,-0.21369803,-0.733054936,0.341440558,0.588259101],"shapeName":"/levels/johnson_valley/art/shapes/rocks/s_rocks_desert_medium_01.dae","useInstanceRenderData":true}
{"class":"TSStatic","persistentId":"a43fb75c-5d46-4795-b445-905f65f6073d","__parent":"trail_014","position":[-926.336548,-57.0257797,177.298584],"isRenderEnabled":false,"rotationMatrix":[0.794997275,-0.60661304,0,0.60661304,0.794997275,0,0,0,1],"shapeName":"/levels/johnson_valley/art/shapes/rocks/s_rocks_desert_low_flat_01.dae","useInstanceRenderData":true}
{"class":"TSStatic","persistentId":"bb533cea-4414-4fe6-b311-3fed8f8622c4","__parent":"trail_014","position":[-932.202942,-55.9177322,177.123901],"isRenderEnabled":false,"rotationMatrix":[0.16761595,-0.942485809,0.289180547,0.472632647,0.334246218,0.815412641,-0.865172386,2.98023224e-08,0.501474559],"shapeName":"/levels/johnson_valley/art/shapes/rocks/s_rocks_desert_large_06.dae","useInstanceRenderData":true}
{"class":"TSStatic","persistentId":"359291a9-bdfc-4d60-b98b-830ac9bb3304","__parent":"trail_014","position":[-928.456299,-60.4485321,176.110855],"isRenderEnabled":false,"shapeName":"/levels/johnson_valley/art/shapes/rocks/s_rocks_desert_small_02.dae","useInstanceRenderData":true}
{"class":"TSStatic","persistentId":"26a168f7-07b2-406f-8015-7f1212c1c875","__parent":"trail_014","position":[-931.01886,-58.9207802,175.774933],"isRenderEnabled":false,"shapeName":"/levels/johnson_valley/art/shapes/rocks/s_rocks_desert_small_03.dae","useInstanceRenderData":true}
{"class":"TSStatic","persistentId":"4547a287-745b-4417-9859-6805b3151dd7","__parent":"trail_014","position":[-927.929932,-59.321125,176.337051],"isRenderEnabled":false,"shapeName":"/levels/johnson_valley/art/shapes/rocks/s_rocks_desert_medium_01.dae","useInstanceRenderData":true}
{"class":"TSStatic","persistentId":"91cc7c6c-522f-4545-8646-b653a13c95d0","__parent":"trail_014","position":[-934.306274,-57.2704964,177.006012],"isRenderEnabled":false,"rotationMatrix":[0.999728262,-6.98491931e-10,-0.0233122203,0.00406353176,0.984691024,0.174261644,0.0229553338,-0.17430903,0.984423399],"shapeName":"/levels/johnson_valley/art/shapes/rocks/s_rocks_desert_low_flat_02.dae","useInstanceRenderData":true}
{"class":"TSStatic","persistentId":"98da8c6e-c87a-4e41-a2c1-41493aa71fad","__parent":"trail_014","position":[-926.321167,-54.7814713,177.673096],"isRenderEnabled":false,"shapeName":"/levels/johnson_valley/art/shapes/rocks/s_rocks_desert_medium_01.dae","useInstanceRenderData":true}
{"class":"TSStatic","persistentId":"e10645ac-7403-4fa5-870d-4f18e51ce73d","__parent":"trail_014","position":[-930.089844,-50.6366043,178.918701],"isRenderEnabled":false,"shapeName":"/levels/johnson_valley/art/shapes/rocks/s_rocks_desert_medium_04.dae","useInstanceRenderData":true}
{"class":"TSStatic","persistentId":"d639c946-0451-4e21-afba-75da77177cab","__parent":"trail_014","position":[-931.842651,-51.9956055,178.788605],"isRenderEnabled":false,"rotationMatrix":[0.877326727,0.209774479,-0.431616127,0,0.899399698,0.437127173,0.479893565,-0.383503377,0.789067388],"shapeName":"/levels/johnson_valley/art/shapes/rocks/s_rocks_desert_large_07.dae","useInstanceRenderData":true}
{"class":"TSStatic","persistentId":"788013aa-554f-42ec-b353-d26147e3838e","__parent":"trail_014","position":[-924.8078,-46.4161835,180.567322],"isRenderEnabled":false,"shapeName":"/levels/johnson_valley/art/shapes/rocks/s_rocks_desert_large_06.dae","useInstanceRenderData":true}
{"class":"TSStatic","persistentId":"bb554d2c-056b-44de-91a5-63afa05f9e71","__parent":"trail_014","position":[-924.646973,-48.6382904,179.919159],"isRenderEnabled":false,"rotationMatrix":[0.567032516,-2.98023224e-08,-0.82369554,0.760589004,-0.383873105,0.523590147,-0.316194206,-0.923386276,-0.217668653],"shapeName":"/levels/johnson_valley/art/shapes/rocks/s_rocks_desert_medium_01.dae","useInstanceRenderData":true}
{"class":"TSStatic","persistentId":"9c5471f8-191d-4899-af4c-08eba1cf817e","__parent":"trail_014","position":[-932.555542,-46.6267776,180.325134],"isRenderEnabled":false,"shapeName":"/levels/johnson_valley/art/shapes/rocks/s_rocks_desert_large_02.dae","useInstanceRenderData":true}
{"class":"TSStatic","persistentId":"757ab811-66bb-43ef-9c37-8288595398de","__parent":"trail_014","position":[-933.583191,-37.5781136,180.565369],"isRenderEnabled":false,"shapeName":"/levels/johnson_valley/art/shapes/rocks/s_rocks_desert_large_05.dae","useInstanceRenderData":true}
{"class":"TSStatic","persistentId":"7f3f7dd1-f2ef-4cde-8ab2-e4f5f3c1c877","__parent":"trail_014","position":[-931.452393,-43.1719398,180.384537],"isRenderEnabled":false,"rotationMatrix":[0.991991222,3.7252903e-09,-0.126306623,-0.081705302,0.762591243,-0.64169991,0.0963203311,0.646880627,0.756483853],"shapeName":"/levels/johnson_valley/art/shapes/rocks/s_rocks_desert_large_06.dae","useInstanceRenderData":true}
{"class":"TSStatic","persistentId":"c7e09f10-8ef9-4356-8e85-b750e532c677","__parent":"trail_014","position":[-927.992493,-40.9904709,180.222778],"isRenderEnabled":false,"rotationMatrix":[-0.955674887,0.10677737,-0.274379522,3.7252903e-09,0.931919456,0.362665236,0.294424087,0.346590042,-0.890612006],"shapeName":"/levels/johnson_valley/art/shapes/rocks/s_rocks_desert_medium_02.dae","useInstanceRenderData":true}
{"class":"TSStatic","persistentId":"68ddff0f-f52d-4e8e-90e7-3ee321a24aec","__parent":"trail_014","position":[-931.400391,-40.1610298,180.576782],"isRenderEnabled":false,"shapeName":"/levels/johnson_valley/art/shapes/rocks/s_rocks_desert_medium_04.dae","useInstanceRenderData":true}
{"class":"TSStatic","persistentId":"cd4f4269-c99f-4559-b2ca-792cd53e0273","__parent":"trail_014","position":[-931.739136,-34.4323654,181.274536],"isRenderEnabled":false,"shapeName":"/levels/johnson_valley/art/shapes/rocks/s_rocks_desert_medium_05.dae","useInstanceRenderData":true}
{"class":"TSStatic","persistentId":"47e52682-c07f-4e16-b15d-c0890e5ee676","__parent":"trail_014","position":[-928.160889,-32.9304085,180.846069],"isRenderEnabled":false,"rotationMatrix":[0.667997837,-0.678255737,0.306182981,0.712473929,0.701698542,0,-0.214848146,0.218147427,0.951972663],"shapeName":"/levels/johnson_valley/art/shapes/rocks/s_rocks_desert_large_05.dae","useInstanceRenderData":true}
{"class":"TSStatic","persistentId":"0ff5ea1a-b2e7-45ab-b307-0e248776d270","__parent":"trail_014","position":[-930.780579,-31.7321777,181.141083],"isRenderEnabled":false,"shapeName":"/levels/johnson_valley/art/shapes/rocks/s_rocks_desert_large_07.dae","useInstanceRenderData":true}
{"class":"TSStatic","persistentId":"1e7be6c8-b73b-4753-acb4-4472ebfc55c8","__parent":"trail_014","position":[-932.386719,-31.0336266,181.940369],"isRenderEnabled":false,"rotationMatrix":[-0.750493646,0,0.660877407,0,1,0,-0.660877407,0,-0.750493646],"shapeName":"/levels/johnson_valley/art/shapes/rocks/s_rocks_desert_medium_02.dae","useInstanceRenderData":true}
{"class":"TSStatic","persistentId":"037c1a53-bf13-4dbc-a849-29d989705d95","__parent":"trail_014","position":[-933.838318,-32.0502434,181.933395],"isRenderEnabled":false,"rotationMatrix":[0.509881377,0,0.86024487,0,1,0,-0.86024487,0,0.509881377],"shapeName":"/levels/johnson_valley/art/shapes/rocks/s_rocks_desert_medium_02.dae","useInstanceRenderData":true}
{"class":"TSStatic","persistentId":"046f98b2-98a4-4588-a217-5692500f1d27","__parent":"trail_014","position":[-932.303711,-33.220871,181.359268],"isRenderEnabled":false,"shapeName":"/levels/johnson_valley/art/shapes/rocks/s_rocks_desert_medium_04.dae","useInstanceRenderData":true}
{"class":"TSStatic","persistentId":"214ea6de-1951-4d41-ba31-1abe4c02643a","__parent":"trail_014","position":[-934.480713,-34.8104057,181.309982],"isRenderEnabled":false,"rotationMatrix":[0.955298245,-0.136463821,-0.262264818,0.221852809,-0.255460739,0.941021144,-0.195413783,-0.957140028,-0.213766336],"shapeName":"/levels/johnson_valley/art/shapes/rocks/s_rocks_desert_large_04.dae","useInstanceRenderData":true}
{"class":"TSStatic","persistentId":"75ba2e83-b6d6-45c4-9bd1-281c978c0124","__parent":"trail_014","position":[-926.863159,-27.4914246,182.793198],"isRenderEnabled":false,"rotationMatrix":[0.575378358,-0.801457644,-0.163111717,0.759869695,0.450051785,0.469096363,-0.302552134,-0.393851519,0.86795342],"shapeName":"/levels/johnson_valley/art/shapes/rocks/s_rocks_desert_huge_sheet_1.dae","useInstanceRenderData":true}
{"class":"TSStatic","persistentId":"abecadce-8c54-429a-a7d6-c8e2bb5a30bb","__parent":"trail_014","position":[-930.70105,-25.422039,181.653687],"isRenderEnabled":false,"shapeName":"/levels/johnson_valley/art/shapes/rocks/s_rocks_desert_large_02.dae","useInstanceRenderData":true}
{"class":"TSStatic","persistentId":"51bfffe0-a0b0-47ce-869d-015242e2da4f","__parent":"trail_014","position":[-934.570496,-27.5692101,183.057755],"isRenderEnabled":false,"shapeName":"/levels/johnson_valley/art/shapes/rocks/s_rocks_desert_large_06.dae","useInstanceRenderData":true}
{"class":"TSStatic","persistentId":"f5b0d45f-0a68-43f4-b0ef-110bf89cda2b","__parent":"trail_014","position":[-932.058472,-27.2999649,182.259705],"isRenderEnabled":false,"rotationMatrix":[0.998896003,0.0143789276,0.0447217673,-0.0082327798,0.99085319,-0.134693101,-0.0462494493,0.13417621,0.989877641],"shapeName":"/levels/johnson_valley/art/shapes/rocks/s_rocks_desert_low_flat_01.dae","useInstanceRenderData":true}
{"class":"TSStatic","persistentId":"c9607625-95cb-417c-b057-39dce4a01b9a","__parent":"trail_014","position":[-934.373779,-19.6161842,184.176239],"isRenderEnabled":false,"rotationMatrix":[0.567474425,0.817476571,0.0985139608,-0.82339114,0.563398123,0.0678950399,-3.7252903e-09,-0.11964421,0.992816806],"shapeName":"/levels/johnson_valley/art/shapes/rocks/s_rocks_desert_low_flat_01.dae","useInstanceRenderData":true}
{"class":"TSStatic","persistentId":"f5fb9cfb-1c09-4af7-8457-fb9341d374eb","__parent":"trail_014","position":[-938.048584,-24.164156,183.918655],"isRenderEnabled":false,"shapeName":"/levels/johnson_valley/art/shapes/rocks/s_rocks_desert_large_04.dae","useInstanceRenderData":true}
{"class":"TSStatic","persistentId":"efa0b551-309d-44be-85e9-0feddcecb0e6","__parent":"trail_014","position":[-938.200073,-18.5913925,184.236603],"isRenderEnabled":false,"rotationMatrix":[0.609006763,0,0.793164968,0,1,0,-0.793164968,0,0.609006763],"shapeName":"/levels/johnson_valley/art/shapes/rocks/s_rocks_desert_large_06.dae","useInstanceRenderData":true}
{"class":"TSStatic","persistentId":"6268393d-9cf1-4c24-9b62-cff08089f8c1","__parent":"trail_014","position":[-944.466125,-19.4294758,183.665512],"isRenderEnabled":false,"rotationMatrix":[0.777805328,0,-0.62850523,0,1,0,0.62850523,0,0.777805328],"shapeName":"/levels/johnson_valley/art/shapes/rocks/s_rocks_desert_huge_sheet_2.dae","useInstanceRenderData":true}
{"class":"TSStatic","persistentId":"8e078557-94d5-41a4-a794-2737ab2fa5f5","__parent":"trail_014","position":[-944.227295,-15.3481808,186.366516],"isRenderEnabled":false,"shapeName":"/levels/johnson_valley/art/shapes/rocks/s_rocks_desert_large_05.dae","useInstanceRenderData":true}
{"class":"TSStatic","persistentId":"6316dd69-3452-405c-b09c-3ed21da41cff","__parent":"trail_014","position":[-943.195129,-16.9876041,185.306015],"isRenderEnabled":false,"shapeName":"/levels/johnson_valley/art/shapes/rocks/s_rocks_desert_large_06.dae","useInstanceRenderData":true}
{"class":"TSStatic","persistentId":"1cad65c2-48d7-45b5-bbb8-d46e48c33801","__parent":"trail_014","position":[-943.800232,-22.6612759,185.358002],"isRenderEnabled":false,"rotationMatrix":[0.987214744,0,-0.159395874,0,1,0,0.159395874,0,0.987214744],"shapeName":"/levels/johnson_valley/art/shapes/rocks/s_rocks_desert_low_flat_01.dae","useInstanceRenderData":true}
{"class":"TSStatic","persistentId":"d594b124-7ea8-48ca-986b-793c7d934344","__parent":"trail_014","position":[-944.994507,-22.9959469,186.223694],"isRenderEnabled":false,"shapeName":"/levels/johnson_valley/art/shapes/rocks/s_rocks_desert_medium_01.dae","useInstanceRenderData":true}
{"class":"TSStatic","persistentId":"c3148cb5-c06d-4c3f-9628-ad17ab2fc003","__parent":"trail_014","position":[-940.301819,-19.0168705,184.689133],"isRenderEnabled":false,"shapeName":"/levels/johnson_valley/art/shapes/rocks/s_rocks_desert_medium_04.dae","useInstanceRenderData":true}
{"class":"TSStatic","persistentId":"0891e9a3-ad3f-44c0-a361-e9e122b1af88","__parent":"trail_014","position":[-939.629456,-21.8604603,184.500671],"isRenderEnabled":false,"shapeName":"/levels/johnson_valley/art/shapes/rocks/s_rocks_desert_small_02.dae","useInstanceRenderData":true}
{"class":"TSStatic","persistentId":"b27d5bb6-ab33-4bf1-aab1-5982910408ba","__parent":"trail_014","position":[-945.978027,-21.1247959,186.390747],"isRenderEnabled":false,"shapeName":"/levels/johnson_valley/art/shapes/rocks/s_rocks_desert_medium_04.dae","useInstanceRenderData":true}
{"class":"TSStatic","persistentId":"0314d486-865b-49aa-b0a5-bd454f4ce7e9","__parent":"trail_014","position":[-948.471985,-16.9933815,186.564819],"isRenderEnabled":false,"shapeName":"/levels/johnson_valley/art/shapes/rocks/s_rocks_desert_low_flat_02.dae","useInstanceRenderData":true}
{"class":"TSStatic","persistentId":"c5637cd0-3cff-4a02-8af7-a4d270df7463","__parent":"trail_014","position":[-958.512878,-16.2914391,190.192001],"isRenderEnabled":false,"rotationMatrix":[0.984047651,0,-0.177905023,0,1,0,0.177905023,0,0.984047651],"shapeName":"/levels/johnson_valley/art/shapes/rocks/s_rocks_desert_low_flat_01.dae","useInstanceRenderData":true}
{"class":"TSStatic","persistentId":"87d058cd-1894-41eb-8639-d7d936da7f8a","__parent":"trail_014","position":[-953.372986,-12.4171715,189.272934],"isRenderEnabled":false,"shapeName":"/levels/johnson_valley/art/shapes/rocks/s_rocks_desert_large_05.dae","useInstanceRenderData":true}
{"class":"TSStatic","persistentId":"64cdd63c-ed29-436c-8455-380bc00d47fe","__parent":"trail_014","position":[-956.516968,-12.5723019,189.898224],"isRenderEnabled":false,"rotationMatrix":[0.778145134,0.578910828,-0.243623555,-0.608092785,0.791478276,-0.0615257248,0.157204837,0.196021646,0.967916369],"shapeName":"/levels/johnson_valley/art/shapes/rocks/s_rocks_desert_large_07.dae","useInstanceRenderData":true}
{"class":"TSStatic","persistentId":"25963b2e-c72f-4124-a4d7-17f08e88ff55","__parent":"trail_014","position":[-955.431396,-10.788702,189.498322],"isRenderEnabled":false,"shapeName":"/levels/johnson_valley/art/shapes/rocks/s_rocks_desert_large_02.dae","useInstanceRenderData":true}
{"class":"TSStatic","persistentId":"59b99b83-62fc-4b80-9e72-c17750425126","__parent":"trail_014","position":[-895.149292,-87.1330795,172.508469],"isRenderEnabled":false,"shapeName":"/levels/johnson_valley/art/shapes/rocks/s_rocks_desert_low_flat_01.dae","useInstanceRenderData":true}
{"class":"TSStatic","persistentId":"62170d94-0721-43a6-a78b-d9f3128d4ca4","__parent":"trail_014","position":[-892.293335,-82.1400986,173.652313],"isRenderEnabled":false,"rotationMatrix":[0.279399872,-0.96017468,0,0.96017468,0.279399872,0,0,0,1],"shapeName":"/levels/johnson_valley/art/shapes/rocks/s_rocks_desert_low_flat_02.dae","useInstanceRenderData":true}
{"class":"TSStatic","persistentId":"1f284ce2-2586-499b-8782-4f3c1a0875aa","__parent":"trail_014","position":[-897.841248,-80.5975876,174.31282],"isRenderEnabled":false,"rotationMatrix":[0.911996543,0,0.410197854,0,1,0,-0.410197854,0,0.911996543],"shapeName":"/levels/johnson_valley/art/shapes/rocks/s_rocks_desert_large_07.dae","useInstanceRenderData":true}
{"class":"TSStatic","persistentId":"9903c871-d725-4949-a77b-5721fbfffad2","__parent":"trail_014","position":[-893.550842,-78.0096512,173.746063],"isRenderEnabled":false,"rotationMatrix":[0.945953846,-0.294716179,0.13532792,0.292794645,0.95555824,0.0343478508,-0.139436588,0.00713181123,0.990205348],"shapeName":"/levels/johnson_valley/art/shapes/rocks/s_rocks_desert_large_04.dae","useInstanceRenderData":true}
{"class":"TSStatic","persistentId":"52d02021-172d-4332-aba5-0dac5674e232","__parent":"trail_014","position":[-894.794373,-76.141861,174.855118],"isRenderEnabled":false,"rotationMatrix":[0.754473984,0.656058609,-0.018871963,0.143325388,-0.136629701,0.980199158,0.640489578,-0.742239654,-0.197113395],"shapeName":"/levels/johnson_valley/art/shapes/rocks/s_rocks_desert_large_04.dae","useInstanceRenderData":true}
{"class":"TSStatic","persistentId":"5f2b695e-15d7-4967-9b22-8fe9d4001f80","__parent":"trail_014","position":[-889.238281,-79.1568222,174.524734],"isRenderEnabled":false,"shapeName":"/levels/johnson_valley/art/shapes/rocks/s_rocks_desert_large_04.dae","useInstanceRenderData":true}
{"class":"TSStatic","persistentId":"6374df0e-856e-4f87-b048-a93c373df08b","__parent":"trail_014","position":[-886.566223,-75.7870255,175.980148],"isRenderEnabled":false,"shapeName":"/levels/johnson_valley/art/shapes/rocks/s_rocks_desert_low_flat_01.dae","useInstanceRenderData":true}
{"class":"TSStatic","persistentId":"4593099e-2da1-435b-85b0-db1c03ebfdfa","__parent":"trail_014","position":[-891.769043,-72.3528824,174.154846],"isRenderEnabled":false,"shapeName":"/levels/johnson_valley/art/shapes/rocks/s_rocks_desert_large_02.dae","useInstanceRenderData":true}
{"class":"TSStatic","persistentId":"39e0f961-1c20-4323-a6e9-6ccaa0cfac6e","__parent":"trail_014","position":[-889.485962,-77.2850342,175.994965],"isRenderEnabled":false,"shapeName":"/levels/johnson_valley/art/shapes/rocks/s_rocks_desert_large_06.dae","useInstanceRenderData":true}
{"class":"TSStatic","persistentId":"11467816-ed3f-45d4-b364-a8bfd5cf18ee","__parent":"trail_014","position":[-894.217041,-73.876442,175.07901],"isRenderEnabled":false,"rotationMatrix":[-0.370720983,-0.805714846,-0.461940706,0,0.497382164,-0.867531419,0.928744137,-0.321612209,-0.184389949],"shapeName":"/levels/johnson_valley/art/shapes/rocks/s_rocks_desert_large_03.dae","useInstanceRenderData":true}
{"class":"TSStatic","persistentId":"ec872973-cfb4-46d5-a877-98f36365de4e","__parent":"trail_014","position":[-891.018311,-74.4347458,175.115631],"isRenderEnabled":false,"shapeName":"/levels/johnson_valley/art/shapes/rocks/s_rocks_desert_medium_02.dae","useInstanceRenderData":true}
{"class":"TSStatic","persistentId":"1898d84a-cbc9-4d67-8a0d-deb1b96df773","__parent":"trail_014","position":[-897.053101,-91.1277161,172.082718],"isRenderEnabled":false,"shapeName":"/levels/johnson_valley/art/shapes/rocks/s_rocks_desert_medium_02.dae","useInstanceRenderData":true}
{"class":"TSStatic","persistentId":"ae34beb1-6608-47b3-9a42-6394739a959e","__parent":"trail_014","position":[-900.796204,-85.0424805,173.265579],"isRenderEnabled":false,"shapeName":"/levels/johnson_valley/art/shapes/rocks/s_rocks_desert_medium_04.dae","useInstanceRenderData":true}
{"class":"TSStatic","persistentId":"2adc3146-ae85-4bbb-a85d-950e7d5e7b5d","__parent":"trail_014","position":[-895.068726,-85.0279236,172.599869],"isRenderEnabled":false,"shapeName":"/levels/johnson_valley/art/shapes/rocks/s_rocks_desert_medium_05.dae","useInstanceRenderData":true}
{"class":"TSStatic","persistentId":"4e4e6b90-7f95-4738-ad8a-88422b3413c0","__parent":"trail_014","position":[-893.680481,-82.7497101,174.11293],"isRenderEnabled":false,"shapeName":"/levels/johnson_valley/art/shapes/rocks/s_rocks_desert_medium_03.dae","useInstanceRenderData":true}
{"class":"TSStatic","persistentId":"927a0347-2e9b-4e57-b9f2-1d914f1d740d","__parent":"trail_014","position":[-892.044556,-79.1158752,175.087006],"isRenderEnabled":false,"shapeName":"/levels/johnson_valley/art/shapes/rocks/s_rocks_desert_medium_04.dae","useInstanceRenderData":true}
{"class":"TSStatic","persistentId":"09f054c3-f225-48fe-addd-a7b6fef13eed","__parent":"trail_014","position":[-893.126587,-74.9794769,175.519043],"isRenderEnabled":false,"shapeName":"/levels/johnson_valley/art/shapes/rocks/s_rocks_desert_medium_01.dae","useInstanceRenderData":true}
{"class":"TSStatic","persistentId":"17521c8a-cd5e-4720-815d-db2443035af0","__parent":"trail_014","position":[-888.832825,-71.2729034,174.907135],"isRenderEnabled":false,"rotationMatrix":[-0.369110465,0.675101042,-0.638745666,-0.929385543,-0.26812005,0.253681242,-2.98023224e-08,0.687277377,0.726395071],"shapeName":"/levels/johnson_valley/art/shapes/rocks/s_rocks_desert_medium_02.dae","useInstanceRenderData":true}
{"class":"TSStatic","persistentId":"9da485e0-df95-4c8d-a5c4-a03d1f1124a0","__parent":"trail_014","position":[-886.476196,-73.3274155,175.256653],"isRenderEnabled":false,"shapeName":"/levels/johnson_valley/art/shapes/rocks/s_rocks_desert_medium_04.dae","useInstanceRenderData":true}
{"class":"TSStatic","persistentId":"f825014f-3c85-4b79-87e3-e72cf2290759","__parent":"trail_014","position":[-886.712646,-71.9943619,175.180023],"isRenderEnabled":false,"shapeName":"/levels/johnson_valley/art/shapes/rocks/s_rocks_desert_medium_05.dae","useInstanceRenderData":true}
{"class":"TSStatic","persistentId":"40d31391-c5f8-4a03-b08d-13a8175b415e","__parent":"trail_014","position":[-885.033691,-72.5385513,175.339172],"isRenderEnabled":false,"shapeName":"/levels/johnson_valley/art/shapes/rocks/s_rocks_desert_large_07.dae","useInstanceRenderData":true}
{"class":"TSStatic","persistentId":"e3c7af88-ab74-4477-95a5-bcea986e10f3","__parent":"trail_014","position":[-887.39093,-66.7085037,174.459991],"isRenderEnabled":false,"shapeName":"/levels/johnson_valley/art/shapes/rocks/s_rocks_desert_large_05.dae","useInstanceRenderData":true}
{"class":"TSStatic","persistentId":"e39ff317-009b-4dc5-959f-d0c1e0a8eaae","__parent":"trail_014","position":[-887.467651,-68.4377136,174.031662],"isRenderEnabled":false,"rotationMatrix":[-0.747512937,-0.664246619,-0.00120076537,0.619013131,-0.697262645,0.361452699,-0.24093093,0.269447148,0.932389677],"shapeName":"/levels/johnson_valley/art/shapes/rocks/s_rocks_desert_large_05.dae","useInstanceRenderData":true}
{"class":"TSStatic","persistentId":"711bff35-539a-40ea-a42d-266b9e01ec63","__parent":"trail_014","position":[-889.835266,-67.400322,174.396347],"isRenderEnabled":false,"shapeName":"/levels/johnson_valley/art/shapes/rocks/s_rocks_desert_large_02.dae","useInstanceRenderData":true}
{"class":"TSStatic","persistentId":"8746ca43-c6d4-447d-a20a-e25f89437b9f","__parent":"trail_014","position":[-880.813049,-70.7118149,175.910263],"isRenderEnabled":false,"shapeName":"/levels/johnson_valley/art/shapes/rocks/s_rocks_desert_low_flat_02.dae","useInstanceRenderData":true}
{"class":"TSStatic","persistentId":"e2e26084-961d-4002-8d12-e5dcf4b75d81","__parent":"trail_014","position":[-885.485291,-63.0107956,174.905823],"isRenderEnabled":false,"rotationMatrix":[0.785617352,0,0.618712664,0,1,0,-0.618712664,0,0.785617352],"shapeName":"/levels/johnson_valley/art/shapes/rocks/s_rocks_desert_large_04.dae","useInstanceRenderData":true}
{"class":"TSStatic","persistentId":"f8b5fcd7-c4d6-4ed8-8ccc-e706830d6107","__parent":"trail_014","position":[-879.295471,-55.7994194,177.322845],"isRenderEnabled":false,"shapeName":"/levels/johnson_valley/art/shapes/rocks/s_rocks_desert_low_flat_01.dae","useInstanceRenderData":true}
{"class":"TSStatic","persistentId":"e1d76749-ddec-44a7-b7ea-b852e7b1bba8","__parent":"trail_014","position":[-881.791443,-54.8746605,177.753555],"isRenderEnabled":false,"shapeName":"/levels/johnson_valley/art/shapes/rocks/s_rocks_desert_large_07.dae","useInstanceRenderData":true}
{"class":"TSStatic","persistentId":"7b45359d-6fa7-4ae3-80a2-7da486de9cb4","__parent":"trail_014","position":[-877.47583,-57.8390312,177.623428],"isRenderEnabled":false,"shapeName":"/levels/johnson_valley/art/shapes/rocks/s_rocks_desert_large_06.dae","useInstanceRenderData":true}
{"class":"TSStatic","persistentId":"90b0ae1f-48b3-4c7f-9849-5b71456b6a8f","__parent":"trail_014","position":[-883.658936,-56.0039978,176.863083],"isRenderEnabled":false,"shapeName":"/levels/johnson_valley/art/shapes/rocks/s_rocks_desert_large_04.dae","useInstanceRenderData":true}
{"class":"TSStatic","persistentId":"02656e6c-9362-434d-8aed-f5f61c195452","__parent":"trail_014","position":[-888.998779,-57.9686127,176.609085],"isRenderEnabled":false,"rotationMatrix":[0.982165277,0.171560407,-0.0769314617,-0.132786632,0.92260021,0.362183124,0.13311325,-0.345508188,0.928926826],"shapeName":"/levels/johnson_valley/art/shapes/rocks/s_rocks_desert_huge_sheet_1.dae","useInstanceRenderData":true}
{"class":"TSStatic","persistentId":"0233c853-9aa5-4204-bb84-d95dcd8061be","__parent":"trail_014","position":[-884.150085,-59.5421295,175.863831],"isRenderEnabled":false,"rotationMatrix":[0.779984474,0,0.625798881,0,1,0,-0.625798881,0,0.779984474],"shapeName":"/levels/johnson_valley/art/shapes/rocks/s_rocks_desert_large_04.dae","useInstanceRenderData":true}
{"class":"TSStatic","persistentId":"e7540006-9023-4214-be08-8bd850317f7d","__parent":"trail_014","position":[-876.729797,-55.1821327,177.749405],"isRenderEnabled":false,"rotationMatrix":[0.383904874,-0.923372746,0,0.923372746,0.383904874,0,0,0,1],"shapeName":"/levels/johnson_valley/art/shapes/rocks/s_rocks_desert_large_02.dae","useInstanceRenderData":true}
{"class":"TSStatic","persistentId":"615339f6-aef7-4263-89e7-69d69ced1889","__parent":"trail_014","position":[-880.33667,-52.4718132,177.671112],"isRenderEnabled":false,"rotationMatrix":[-0.988565564,0,0.150793478,0,1,0,-0.150793478,0,-0.988565564],"shapeName":"/levels/johnson_valley/art/shapes/rocks/s_rocks_desert_medium_02.dae","useInstanceRenderData":true}
{"class":"TSStatic","persistentId":"a2077122-e64c-46b5-9074-d747b4f91dc6","__parent":"trail_014","position":[-881.409241,-65.6810074,175.355988],"isRenderEnabled":false,"shapeName":"/levels/johnson_valley/art/shapes/rocks/s_rocks_desert_medium_02.dae","useInstanceRenderData":true}
{"class":"TSStatic","persistentId":"afefa722-98f1-49ae-b8f5-7bd798233b26","__parent":"trail_014","position":[-883.04425,-61.5847321,175.481674],"isRenderEnabled":false,"shapeName":"/levels/johnson_valley/art/shapes/rocks/s_rocks_desert_small_01.dae","useInstanceRenderData":true}
{"class":"TSStatic","persistentId":"1cafc01c-aa6b-4443-960d-cb9e0f571b1c","__parent":"trail_014","position":[-879.951782,-62.508812,175.708176],"isRenderEnabled":false,"shapeName":"/levels/johnson_valley/art/shapes/rocks/s_rocks_desert_small_03.dae","useInstanceRenderData":true}
{"class":"TSStatic","persistentId":"2fb9b548-be0c-4f66-ae7e-e271198a9a2a","__parent":"trail_014","position":[-879.21875,-61.2029076,176.139496],"isRenderEnabled":false,"shapeName":"/levels/johnson_valley/art/shapes/rocks/s_rocks_desert_medium_03.dae","useInstanceRenderData":true}
{"class":"TSStatic","persistentId":"4d518a28-8b54-4b87-a1aa-1a147ed7f09a","__parent":"trail_014","position":[-885.196838,-65.4212189,175.182388],"isRenderEnabled":false,"shapeName":"/levels/johnson_valley/art/shapes/rocks/s_rocks_desert_medium_01.dae","useInstanceRenderData":true}
{"class":"TSStatic","persistentId":"6ad90010-8108-4a44-93f2-78911b2d31d4","__parent":"trail_014","position":[-881.930115,-57.9678307,176.595596],"isRenderEnabled":false,"shapeName":"/levels/johnson_valley/art/shapes/rocks/s_rocks_desert_medium_05.dae","useInstanceRenderData":true}
{"class":"TSStatic","persistentId":"ff8a7ecb-d028-409f-a780-24145da6ac9d","__parent":"trail_014","position":[-878.896057,-59.5270958,176.623108],"isRenderEnabled":false,"shapeName":"/levels/johnson_valley/art/shapes/rocks/s_rocks_desert_medium_04.dae","useInstanceRenderData":true}
{"class":"TSStatic","persistentId":"924d2412-10df-4f70-ab4e-d541f1b0ea8e","__parent":"trail_014","position":[-878.977295,-51.5652199,178.055328],"isRenderEnabled":false,"shapeName":"/levels/johnson_valley/art/shapes/rocks/s_rocks_desert_medium_05.dae","useInstanceRenderData":true}
