{"class":"TSStatic","persistentId":"659f28e7-3f03-45ae-a9ec-788e32e3f788","__parent":"trail_033_rocks","position":[-939.913635,-685.588013,122.573502],"isRenderEnabled":false,"shapeName":"/levels/johnson_valley/art/shapes/rocks/s_rocks_desert_collection_02.dae","useInstanceRenderData":true}
{"class":"TSStatic","persistentId":"be22173c-9d28-41d9-8e20-10ee9db0f265","__parent":"trail_033_rocks","position":[-944.199768,-685.806091,122.206741],"isRenderEnabled":false,"rotationMatrix":[0.989245892,1.86264515e-09,0.146261796,-0.026905898,0.982934296,0.181978777,-0.143765733,-0.183957055,0.97236371],"shapeName":"/levels/johnson_valley/art/shapes/rocks/s_rocks_desert_collection_03.dae","useInstanceRenderData":true}
{"class":"TSStatic","persistentId":"cbc3da5d-a4bb-45df-9486-a82a60e229e6","__parent":"trail_033_rocks","position":[-957.690369,-708.098328,121.799171],"isRenderEnabled":false,"rotationMatrix":[0.997472107,0.0108848624,0.0702204481,-9.31322575e-10,0.988198221,-0.15318045,-0.0710590705,0.152793229,0.98570019],"shapeName":"/levels/johnson_valley/art/shapes/rocks/s_rocks_desert_collection_03.dae","useInstanceRenderData":true}
{"class":"TSStatic","persistentId":"106b7966-7b88-481b-b234-ffc79b5d8e0b","__parent":"trail_033_rocks","position":[-876.91217,-790.076782,159.247055],"isRenderEnabled":false,"rotationMatrix":[-0.400202513,-0.916426837,-1.30402512e-07,-0.916426837,0.400202334,-2.98609791e-07,3.25841427e-07,0,-1.00000024],"shapeName":"/levels/johnson_valley/art/shapes/rocks/s_rocks_desert_large_06.dae","useInstanceRenderData":true}
{"class":"TSStatic","persistentId":"79136524-160d-48e9-a90c-c579a44ae547","__parent":"trail_033_rocks","position":[-876.546265,-794.692017,160.913696],"isRenderEnabled":false,"rotationMatrix":[0.985203743,-0.169105843,0.0278713219,-0.170433387,-0.983812213,0.0553678274,0.0180571303,-0.0592987984,-0.998076797],"shapeName":"/levels/johnson_valley/art/shapes/rocks/s_rocks_desert_medium_02.dae","useInstanceRenderData":true}
{"class":"TSStatic","persistentId":"dedddfe1-5c80-4910-aee9-8b3f0947876b","__parent":"trail_033_rocks","position":[-872.782776,-800.433716,163.240753],"isRenderEnabled":false,"rotationMatrix":[-0.996721745,0.0192208812,0.0785877183,0.00550087588,0.985221446,-0.171196952,-0.0807168707,-0.170203462,-0.982097387],"shapeName":"/levels/johnson_valley/art/shapes/rocks/s_rocks_desert_medium_02.dae","useInstanceRenderData":true}
{"class":"TSStatic","persistentId":"29473c03-a2e5-4c3b-91e2-864d3fc0f518","__parent":"trail_033_rocks","position":[-949.033325,-699.267761,120.255524],"isRenderEnabled":false,"rotationMatrix":[-0.871842742,0.431183755,0.232315958,0.448425353,0.893483341,0.024539452,-0.196989417,0.125570908,-0.972330689],"shapeName":"/levels/johnson_valley/art/shapes/rocks/s_rocks_desert_large_06.dae","useInstanceRenderData":true}
{"class":"TSStatic","persistentId":"5ab19379-4045-44f9-8a17-a566d190463e","__parent":"trail_033_rocks","position":[-949.755188,-701.207336,120.542557],"isRenderEnabled":false,"rotationMatrix":[-0.997251034,0,-0.0740948245,0,1,0,0.0740948245,0,-0.997251034],"shapeName":"/levels/johnson_valley/art/shapes/rocks/s_rocks_desert_medium_02.dae","useInstanceRenderData":true}
{"class":"TSStatic","persistentId":"588bcf6c-52a3-4529-9407-1777477461da","__parent":"trail_033_rocks","position":[-929.990173,-706.651367,122.746902],"isRenderEnabled":false,"rotationMatrix":[-0.803640723,0.0458420515,-0.593346119,0.260716826,0.923377872,-0.281780154,0.534965277,-0.381145388,-0.754015923],"shapeName":"/levels/johnson_valley/art/shapes/rocks/s_rocks_desert_medium_02.dae","useInstanceRenderData":true}
{"class":"TSStatic","persistentId":"40e28a7e-756a-4d0b-9657-444b25834215","__parent":"trail_033_rocks","position":[-919.322571,-708.006714,124.946693],"isRenderEnabled":false,"rotationMatrix":[0.950248003,-0.17686668,-0.256411612,0.182984263,0.983115852,0,0.252082288,-0.0469192937,0.966567695],"shapeName":"/levels/johnson_valley/art/shapes/rocks/s_rocks_desert_large_06.dae","useInstanceRenderData":true}
{"class":"TSStatic","persistentId":"2c790fc0-4765-4d99-9cfb-a2a4f3b83c3d","__parent":"trail_033_rocks","position":[-919.383362,-709.404724,125.071426],"isRenderEnabled":false,"rotationMatrix":[-0.498000383,0.8650406,0.0608347058,0.794124544,0.42674166,0.432733119,0.348370969,0.263811469,-0.899467468],"shapeName":"/levels/johnson_valley/art/shapes/rocks/s_rocks_desert_medium_02.dae","useInstanceRenderData":true}
{"class":"TSStatic","persistentId":"81be5a63-932e-4b3c-849f-3d4a03370f2b","__parent":"trail_033_rocks","position":[-944.160156,-705.216187,120.971626],"isRenderEnabled":false,"rotationMatrix":[0.509981155,0.860185623,1.66172953e-07,0.860185623,-0.509981275,2.80284041e-07,3.25841398e-07,-1.42108547e-14,-1],"shapeName":"/levels/johnson_valley/art/shapes/rocks/s_rocks_desert_large_06.dae","useInstanceRenderData":true}
{"class":"TSStatic","persistentId":"61bdbe2e-a029-4082-aa6d-5a61686b4089","__parent":"trail_033_rocks","position":[-945.058533,-706.943604,121.824898],"isRenderEnabled":false,"rotationMatrix":[-0.999999762,0,-3.2584137e-07,0,1,0,3.2584137e-07,0,-0.999999762],"shapeName":"/levels/johnson_valley/art/shapes/rocks/s_rocks_desert_medium_02.dae","useInstanceRenderData":true}
{"class":"TSStatic","persistentId":"d50ffea0-92db-422f-9a1d-3a17967ff9e8","__parent":"trail_033_rocks","position":[-943.812866,-706.298645,122.3936],"isRenderEnabled":false,"shapeName":"/levels/johnson_valley/art/shapes/rocks/s_rocks_desert_medium_05.dae","useInstanceRenderData":true}
{"class":"TSStatic","persistentId":"89045ab5-5e69-45a9-9378-77fd2cdb1817","__parent":"trail_033_rocks","position":[-947.748779,-695.69104,121.905304],"isRenderEnabled":false,"rotationMatrix":[0.993608534,-0.0200177431,0.11109174,-9.31322575e-10,0.984150529,0.177335173,-0.112880848,-0.176201731,0.977860332],"shapeName":"/levels/johnson_valley/art/shapes/rocks/s_rocks_desert_collection_03.dae","useInstanceRenderData":true}
{"class":"TSStatic","persistentId":"e3d6e63c-b615-4228-87b3-e885b1338115","__parent":"trail_033_rocks","position":[-929.889954,-697.939758,123.167747],"isRenderEnabled":false,"rotationMatrix":[0.0925979018,0.994042933,0.057479877,-0.995328248,0.0908241272,0.0327463858,0.0273307748,-0.0602435954,0.99780947],"shapeName":"/levels/johnson_valley/art/shapes/rocks/s_rocks_desert_collection_03.dae","useInstanceRenderData":true}
{"class":"TSStatic","persistentId":"99b45c8b-c061-4054-8c09-2f917d2a8c12","__parent":"trail_033_rocks","position":[-966.642212,-693.130432,117.259933],"isRenderEnabled":false,"rotationMatrix":[-0.999999762,0,-3.2584137e-07,0,1,0,3.2584137e-07,0,-0.999999762],"shapeName":"/levels/johnson_valley/art/shapes/rocks/s_rocks_desert_large_06.dae","useInstanceRenderData":true}
{"class":"TSStatic","persistentId":"2bef951a-4683-4069-bdbd-0d7482135bf8","__parent":"trail_033_rocks","position":[-967.594849,-694.934387,117.879021],"isRenderEnabled":false,"rotationMatrix":[-0.999999762,0,-3.2584137e-07,-1.19842099e-07,0.929907799,0.367792726,3.03002423e-07,0.367792726,-0.92990756],"shapeName":"/levels/johnson_valley/art/shapes/rocks/s_rocks_desert_medium_02.dae","useInstanceRenderData":true}
{"class":"TSStatic","persistentId":"f01dac56-fbf3-4f86-a98f-c370fac1c4bc","__parent":"trail_033_rocks","position":[-964.796143,-690.0625,118.310699],"isRenderEnabled":false,"rotationMatrix":[0.996291041,0.00667927973,0.0857877955,-2.32830644e-10,0.996982753,-0.0776232332,-0.0860474184,0.0773353279,0.993285],"shapeName":"/levels/johnson_valley/art/shapes/rocks/s_rocks_desert_collection_03.dae","useInstanceRenderData":true}
{"class":"TSStatic","persistentId":"abeab8e3-b935-47dc-81f5-16c439590dda","__parent":"trail_033_rocks","position":[-962.955872,-700.77301,119.920883],"isRenderEnabled":false,"rotationMatrix":[0.996047854,0.0119730458,0.0880074427,0.0121341608,0.963237762,-0.268376112,-0.087985374,0.268383324,0.959285676],"shapeName":"/levels/johnson_valley/art/shapes/rocks/s_rocks_desert_collection_02.dae","useInstanceRenderData":true}
{"class":"TSStatic","persistentId":"f501a785-8c97-4551-9582-a34a00e62c89","__parent":"trail_033_rocks","position":[-875.094727,-596.045349,121.651505],"isRenderEnabled":false,"shapeName":"/levels/johnson_valley/art/shapes/rocks/s_rocks_desert_small_08.dae","useInstanceRenderData":true}
{"class":"TSStatic","persistentId":"234646c0-eae3-459f-b862-2e4c93ab1492","__parent":"trail_033_rocks","position":[-873.529846,-595.549072,121.763512],"isRenderEnabled":false,"shapeName":"/levels/johnson_valley/art/shapes/rocks/s_rocks_desert_small_07.dae","useInstanceRenderData":true}
{"class":"TSStatic","persistentId":"84c74078-ffba-498e-88d7-88c74e62fc37","__parent":"trail_033_rocks","position":[-874.615601,-594.89624,121.658356],"isRenderEnabled":false,"rotationMatrix":[1,0,0,0,-0.974861503,0.222810745,0,-0.222810745,-0.974861503],"shapeName":"/levels/johnson_valley/art/shapes/rocks/s_rocks_desert_small_08.dae","useInstanceRenderData":true}
{"class":"TSStatic","persistentId":"45b18890-4f6b-458d-98e0-f7fa1b5cfa46","__parent":"trail_033_rocks","position":[-852.1828,-762.198364,153.062698],"isRenderEnabled":false,"rotationMatrix":[0.0822208524,-0.996614039,0,0.996614039,0.0822208524,0,0,0,1],"shapeName":"/levels/johnson_valley/art/shapes/rocks/s_rocks_desert_large_02.dae","useInstanceRenderData":true}
{"class":"TSStatic","persistentId":"46459da6-edd1-4061-b2a2-a9291eb881fc","__parent":"trail_033_rocks","position":[-858.015686,-761.317078,153.553223],"isRenderEnabled":false,"rotationMatrix":[-0.999997854,0,-0.00197013887,0,1,0,0.00197013887,0,-0.999997854],"shapeName":"/levels/johnson_valley/art/shapes/rocks/s_rocks_desert_medium_02.dae","useInstanceRenderData":true}
{"class":"TSStatic","persistentId":"37b158fb-fefb-4a84-ac62-878fec35e498","__parent":"trail_033_rocks","position":[-856.297363,-764.956421,154.869232],"isRenderEnabled":false,"shapeName":"/levels/johnson_valley/art/shapes/rocks/s_rocks_desert_small_02.dae","useInstanceRenderData":true}
{"class":"TSStatic","persistentId":"c42f88af-b194-44ad-ac60-e397c482c736","__parent":"trail_033_rocks","position":[-857.165222,-764.326111,154.973877],"isRenderEnabled":false,"rotationMatrix":[0.897009432,0.318841785,-0.306127399,-0.413000733,0.851357758,-0.323450625,0.157494366,0.416569114,0.895357847],"shapeName":"/levels/johnson_valley/art/shapes/rocks/s_rocks_desert_small_05.dae","useInstanceRenderData":true}
{"class":"TSStatic","persistentId":"ae558403-45cb-4525-8949-cd2750584bdf","__parent":"trail_033_rocks","position":[-848.53241,-756.419617,150.439133],"isRenderEnabled":false,"rotationMatrix":[0.913040221,-0.114530876,-0.391459078,-0.0689006448,0.902661622,-0.424799621,0.402007729,0.414830923,0.81627512],"shapeName":"/levels/johnson_valley/art/shapes/rocks/s_rocks_desert_collection_03.dae","useInstanceRenderData":true}
{"class":"TSStatic","persistentId":"ca465351-6f76-482e-8eb8-d49dc5365d1a","__parent":"trail_033_rocks","position":[-844.917419,-761.126709,150.391479],"isRenderEnabled":false,"rotationMatrix":[0.677396536,-0.735432327,0.0165267736,0.594252408,0.533839285,-0.601564229,0.433587193,0.417318612,0.798653424],"shapeName":"/levels/johnson_valley/art/shapes/rocks/s_rocks_desert_huge_sheet_3.dae","useInstanceRenderData":true}
{"class":"TSStatic","persistentId":"3c820213-3da5-432f-bffb-0a199709e018","__parent":"trail_033_rocks","position":[-860.247437,-789.988525,162.368988],"isRenderEnabled":false,"rotationMatrix":[0.998532951,-0.00287884474,-0.0540708601,2.32830644e-10,0.998585641,-0.0531667545,0.0541474447,0.0530887544,0.997120678],"shapeName":"/levels/johnson_valley/art/shapes/rocks/s_rocks_desert_collection_03.dae","useInstanceRenderData":true}
{"class":"TSStatic","persistentId":"0a66c0dc-bb40-427d-9067-68d69ec0e6a5","__parent":"trail_033_rocks","position":[-871.460938,-780.84198,160.511658],"isRenderEnabled":false,"rotationMatrix":[0.981685519,0,0.190508723,0.0118419556,0.998066247,-0.0610212162,-0.190140307,0.0621596426,0.979787111],"shapeName":"/levels/johnson_valley/art/shapes/rocks/s_rocks_desert_collection_02.dae","useInstanceRenderData":true}
{"class":"TSStatic","persistentId":"0caa1f2a-450b-4162-9055-2b59a1f5d1b9","__parent":"trail_033_rocks","position":[-864.548096,-779.378113,161.800964],"isRenderEnabled":false,"rotationMatrix":[0.376794934,0.926296651,0,-0.926296651,0.376794934,0,0,0,1],"shapeName":"/levels/johnson_valley/art/shapes/rocks/s_rocks_desert_collection_03.dae","useInstanceRenderData":true}
{"class":"TSStatic","persistentId":"820cd0ef-ee08-489e-9587-4d5ceaaa08e3","__parent":"trail_033_rocks","position":[-880.23999,-788.623474,159.944717],"isRenderEnabled":false,"rotationMatrix":[0.993902564,0.0265108831,0.107027419,0.00720592681,0.95297271,-0.30297038,-0.110026218,0.301894277,0.946970999],"scale":[1.24223638,1.24223638,1.24223638],"shapeName":"/levels/johnson_valley/art/shapes/rocks/s_rocks_desert_collection_02.dae","useInstanceRenderData":true}
{"class":"TSStatic","persistentId":"d647bdc9-2112-4fb8-bcb9-5ef6ec306c0f","__parent":"trail_033_rocks","position":[-882.255371,-779.046753,158.59906],"isRenderEnabled":false,"rotationMatrix":[0.983003139,-0.0107324198,0.183274642,0.0129419602,0.999857247,-0.0108640259,-0.183131889,0.0130513059,0.983001709],"shapeName":"/levels/johnson_valley/art/shapes/rocks/s_rocks_desert_collection_01.dae","useInstanceRenderData":true}
{"class":"TSStatic","persistentId":"de9c5e58-f643-4800-885d-3c11204fdd7c","__parent":"trail_033_rocks","position":[-841.739441,-767.811096,151.53949],"isRenderEnabled":false,"rotationMatrix":[0.94393003,0.0122000165,-0.329920143,-0.082353875,0.976428092,-0.199514478,0.319709212,0.215497911,0.922684491],"scale":[1.48710942,1.48710942,1.48710942],"shapeName":"/levels/johnson_valley/art/shapes/rocks/s_rocks_desert_collection_03.dae","useInstanceRenderData":true}
{"class":"TSStatic","persistentId":"190a664a-5440-40c5-94d1-65e7ba408326","__parent":"trail_033_rocks","position":[-860.182312,-775.177856,160.460495],"isRenderEnabled":false,"rotationMatrix":[0.979443371,-0.0533021949,-0.194549561,0.0175311603,0.983300507,-0.181143016,0.200955987,0.174008638,0.964021623],"scale":[1.2762208,1.2762208,1.2762208],"shapeName":"/levels/johnson_valley/art/shapes/rocks/s_rocks_desert_collection_03.dae","useInstanceRenderData":true}
{"class":"TSStatic","persistentId":"d31733bd-0cbd-4cfa-83c2-551f29d6660c","__parent":"trail_033_rocks","position":[-835.917358,-772.832397,151.3535],"isRenderEnabled":false,"rotationMatrix":[0.980616152,-0.0430282541,-0.191155776,3.7252903e-09,0.975589871,-0.219600588,0.195938662,0.215343893,0.956679165],"scale":[1.46899414,1.46899414,1.46899414],"shapeName":"/levels/johnson_valley/art/shapes/rocks/s_rocks_desert_collection_02.dae","useInstanceRenderData":true}
{"class":"TSStatic","persistentId":"3bbe8417-1c70-4021-a795-b8ac109ec8d5","__parent":"trail_033_rocks","position":[-842.101562,-764.966309,150.936798],"isRenderEnabled":false,"shapeName":"/levels/johnson_valley/art/shapes/rocks/s_rocks_desert_medium_01.dae","useInstanceRenderData":true}
{"class":"TSStatic","persistentId":"7ddc4054-0163-4bf7-9a4a-3daaf476a0b6","__parent":"trail_033_rocks","position":[-867.736389,-756.033203,155.550125],"isRenderEnabled":false,"rotationMatrix":[1,0,0,0,0.998887241,-0.0471627638,0,0.0471627638,0.998887241],"shapeName":"/levels/johnson_valley/art/shapes/rocks/s_rocks_desert_large_06.dae","useInstanceRenderData":true}
{"class":"TSStatic","persistentId":"f1aacb63-b0d1-46cf-af65-8bee71d761c9","__parent":"trail_033_rocks","position":[-862.139465,-754.939148,154.715744],"isRenderEnabled":false,"rotationMatrix":[0.816091299,-0.57792294,0,0.57792294,0.816091299,0,0,0,1],"shapeName":"/levels/johnson_valley/art/shapes/rocks/s_rocks_desert_medium_01.dae","useInstanceRenderData":true}
{"class":"TSStatic","persistentId":"d11b7ee8-d63b-457f-9428-ff6472c8a965","__parent":"trail_033_rocks","position":[-832.766418,-715.25,129.480759],"isRenderEnabled":false,"rotationMatrix":[0.99440819,0.00263038604,0.105571784,0.0118547752,0.990590572,-0.136344373,-0.104937054,0.136833489,0.98502022],"shapeName":"/levels/johnson_valley/art/shapes/rocks/s_rocks_desert_collection_03.dae","useInstanceRenderData":true}
{"class":"TSStatic","persistentId":"8860db9b-1530-4384-8d15-b62c6dfb62c1","__parent":"trail_033_rocks","position":[-817.680054,-734.266602,137.202026],"isRenderEnabled":false,"rotationMatrix":[-0.13037312,-0.908617318,0.396758288,0.986869752,-0.0804424286,0.140059993,-0.0953447223,0.409808874,0.907174766],"shapeName":"/levels/johnson_valley/art/shapes/rocks/s_rocks_desert_huge_sheet_3.dae","useInstanceRenderData":true}
{"class":"TSStatic","persistentId":"eaf14bbc-9440-4ce3-a83d-d4531125bab2","__parent":"trail_033_rocks","position":[-821.291626,-742.405945,140.04303],"isRenderEnabled":false,"rotationMatrix":[0.999628782,-0.00248444453,-0.0271307621,1.16415322e-10,0.995833397,-0.091191411,0.0272442792,0.0911575556,0.995463729],"scale":[1.37724614,1.37724614,1.37724614],"shapeName":"/levels/johnson_valley/art/shapes/rocks/s_rocks_desert_collection_03.dae","useInstanceRenderData":true}
{"class":"TSStatic","persistentId":"9bff1650-c1d8-4fb3-9a3f-3e25ef9b1094","__parent":"trail_033_rocks","position":[-825.865112,-729.253113,133.728424],"isRenderEnabled":false,"rotationMatrix":[-0.574512959,0.762385905,-0.297829151,-0.818413198,-0.540226817,0.195842683,-0.0115876347,0.356261551,0.93431443],"scale":[1.32509756,1.32509756,1.32509756],"shapeName":"/levels/johnson_valley/art/shapes/rocks/s_rocks_desert_collection_03.dae","useInstanceRenderData":true}
{"class":"TSStatic","persistentId":"c58c8eec-a213-4506-b5e6-90868df30292","__parent":"trail_033_rocks","position":[-835.73761,-717.546021,130.295593],"isRenderEnabled":false,"rotationMatrix":[-0.183271766,-0.978917658,0.0901758373,0.978576243,-0.190419555,-0.0782876611,0.0938084126,0.0738960207,0.992844105],"shapeName":"/levels/johnson_valley/art/shapes/rocks/s_rocks_desert_collection_03.dae","useInstanceRenderData":true}
{"class":"TSStatic","persistentId":"0441238f-3b1b-48a8-9c95-d844d062a191","__parent":"trail_033_rocks","position":[-853.292236,-720.715027,135.935394],"isRenderEnabled":false,"rotationMatrix":[0.650030553,0.446803063,-0.614676476,-0.547701776,0.836184263,0.028611511,0.526766539,0.318061084,0.788260162],"shapeName":"/levels/johnson_valley/art/shapes/rocks/s_rocks_desert_huge_sheet_2.dae","useInstanceRenderData":true}
{"class":"TSStatic","persistentId":"6f959400-47dc-4c99-bdec-7e0fec5b2540","__parent":"trail_033_rocks","position":[-848.73175,-735.923828,140.940155],"isRenderEnabled":false,"rotationMatrix":[0.479635954,-0.877467453,0,0.877467453,0.479635954,0,0,0,1],"shapeName":"/levels/johnson_valley/art/shapes/rocks/s_rocks_desert_large_07.dae","useInstanceRenderData":true}
{"class":"TSStatic","persistentId":"90698305-fbbf-44ef-a407-d2f4d44817fc","__parent":"trail_033_rocks","position":[-849.483582,-733.808899,140.702576],"isRenderEnabled":false,"shapeName":"/levels/johnson_valley/art/shapes/rocks/s_rocks_desert_medium_02.dae","useInstanceRenderData":true}
{"class":"TSStatic","persistentId":"3bedf189-2c80-4baa-a680-0b6ce0f166f0","__parent":"trail_033_rocks","position":[-846.992065,-737.448792,141.098236],"isRenderEnabled":false,"rotationMatrix":[1,0,0,0,-0.354697824,0.93498075,0,-0.93498075,-0.354697824],"shapeName":"/levels/johnson_valley/art/shapes/rocks/s_rocks_desert_medium_04.dae","useInstanceRenderData":true}
{"class":"TSStatic","persistentId":"0db08079-ab13-4f2e-91df-46f3a0e81125","__parent":"trail_033_rocks","position":[-829.295227,-709.587341,128.522141],"isRenderEnabled":false,"rotationMatrix":[1,0,0,0,-0.31119597,0.950345635,0,-0.950345635,-0.31119597],"shapeName":"/levels/johnson_valley/art/shapes/rocks/s_rocks_desert_medium_02.dae","useInstanceRenderData":true}
{"class":"TSStatic","persistentId":"b3988856-00c7-45fc-aeb8-f2a59c29bf6e","__parent":"trail_033_rocks","position":[-830.594971,-709.831726,128.505157],"isRenderEnabled":false,"shapeName":"/levels/johnson_valley/art/shapes/rocks/s_rocks_desert_small_05.dae","useInstanceRenderData":true}
{"class":"TSStatic","persistentId":"28ef912a-46ea-4dc7-8abf-5b9e32b81d9c","__parent":"trail_033_rocks","position":[-830.419922,-710.594421,128.621964],"isRenderEnabled":false,"rotationMatrix":[-0.882687092,-0.46996069,0,0.46996069,-0.882687092,0,0,0,1],"shapeName":"/levels/johnson_valley/art/shapes/rocks/s_rocks_desert_small_03.dae","useInstanceRenderData":true}
{"class":"TSStatic","persistentId":"df1c9517-fe06-4a6c-968e-bdea8d66c08f","__parent":"trail_033_rocks","position":[-808.742371,-718.325012,130.634354],"isRenderEnabled":false,"shapeName":"/levels/johnson_valley/art/shapes/rocks/s_rocks_desert_large_03.dae","useInstanceRenderData":true}
{"class":"TSStatic","persistentId":"85dd6706-c931-44d0-a06e-5688abd9d7fd","__parent":"trail_033_rocks","position":[-796.597839,-723.006714,131.496109],"isRenderEnabled":false,"rotationMatrix":[0.86216867,0.476593524,-0.171824902,-0.502330899,0.848244488,-0.167764515,0.0657940507,0.23095426,0.970737457],"shapeName":"/levels/johnson_valley/art/shapes/rocks/s_rocks_desert_huge_sheet_3.dae","useInstanceRenderData":true}
{"class":"TSStatic","persistentId":"774dc1f5-4c45-442b-9055-c03977d9a5d7","__parent":"trail_033_rocks","position":[-801.400757,-727.15387,133.098343],"isRenderEnabled":false,"rotationMatrix":[-0.904726267,-0.396534652,0.15566206,0.424527615,-0.869550943,0.252304405,0.035308633,0.294349283,0.955045462],"shapeName":"/levels/johnson_valley/art/shapes/rocks/s_rocks_desert_huge_sheet_3.dae","useInstanceRenderData":true}
{"class":"TSStatic","persistentId":"a8cdbd49-cedc-46c1-971b-4f7c33115a15","__parent":"trail_033_rocks","position":[-814.336304,-730.22229,135.205612],"isRenderEnabled":false,"rotationMatrix":[0.248223782,0.237043068,0.939252734,-0.0605659336,0.971499145,-0.229175001,-0.966807604,7.4505806e-09,0.255505979],"shapeName":"/levels/johnson_valley/art/shapes/rocks/s_rocks_desert_medium_01.dae","useInstanceRenderData":true}
{"class":"TSStatic","persistentId":"19537187-32f6-462e-8d86-6e9e6a93d6f7","__parent":"trail_033_rocks","position":[-810.284973,-730.362854,134.121536],"isRenderEnabled":false,"rotationMatrix":[0.996448517,-0.00325884623,0.0841412619,-1.16415322e-10,-0.999250889,-0.0387016423,0.0842043534,0.038564194,-0.995702028],"shapeName":"/levels/johnson_valley/art/shapes/rocks/s_rocks_desert_large_06.dae","useInstanceRenderData":true}
{"class":"TSStatic","persistentId":"62c3602d-8465-40c9-8743-20c6c2fcec04","__parent":"trail_033_rocks","position":[-812.573853,-730.355347,133.928253],"isRenderEnabled":false,"rotationMatrix":[-0.410220027,0.911986291,0.000630412251,0.908090889,0.408403933,0.0926130116,0.084204331,0.0385641903,-0.99570179],"shapeName":"/levels/johnson_valley/art/shapes/rocks/s_rocks_desert_large_06.dae","useInstanceRenderData":true}
{"class":"TSStatic","persistentId":"bd076476-869e-495a-8e92-17cc57dca2c1","__parent":"trail_033_rocks","position":[-816.678406,-730.249695,136.079636],"isRenderEnabled":false,"rotationMatrix":[0.0162272453,-2.98023224e-08,0.999868333,-0.997299552,-0.0716362,0.0161855221,0.071626842,-0.997430801,-0.00116252899],"shapeName":"/levels/johnson_valley/art/shapes/rocks/s_rocks_desert_large_04.dae","useInstanceRenderData":true}
{"class":"TSStatic","persistentId":"7a2a4b8f-e3eb-438b-bcae-2cc77bbcb81f","__parent":"trail_033_rocks","position":[-845.412415,-732.163879,137.503235],"isRenderEnabled":false,"rotationMatrix":[0.929561734,-0.361549675,-0.0720886216,0.257954478,0.777556062,-0.573468328,0.263390273,0.514478683,0.816049755],"scale":[1.30073237,1.30073237,1.30073237],"shapeName":"/levels/johnson_valley/art/shapes/rocks/s_rocks_desert_huge_sheet_3.dae","useInstanceRenderData":true}
{"class":"TSStatic","persistentId":"7d0ae3f3-4d85-4e42-b794-e2bbd8967a09","__parent":"trail_033_rocks","position":[-897.912415,-740.06897,136.772263],"isRenderEnabled":false,"rotationMatrix":[0.132324755,0.989728332,-0.0541090816,-0.933392286,0.106050014,-0.342829466,-0.333569825,0.0958697945,0.937838018],"shapeName":"/levels/johnson_valley/art/shapes/rocks/s_rocks_desert_low_small.dae","useInstanceRenderData":true}
{"class":"TSStatic","persistentId":"ef310d27-1426-4a37-a4ab-229412ac7942","__parent":"trail_033_rocks","position":[-914.495544,-772.762817,144.56839],"isRenderEnabled":false,"rotationMatrix":[-0.856026053,-0.445272923,0.262584925,-0.515594423,0.698931992,-0.495637357,0.0371649116,-0.559665978,-0.827884197],"shapeName":"/levels/johnson_valley/art/shapes/rocks/s_rocks_desert_medium_02.dae","useInstanceRenderData":true}
{"class":"TSStatic","persistentId":"f798a4a5-8e54-4db2-a527-ccac0d8a33b4","__parent":"trail_033_rocks","position":[-912.862732,-775.656433,144.665039],"isRenderEnabled":false,"rotationMatrix":[0.9770841,0.212318093,-0.0150904031,0.2128537,-0.97462523,0.0692710131,0,-0.0708956569,-0.997483492],"shapeName":"/levels/johnson_valley/art/shapes/rocks/s_rocks_desert_large_06.dae","useInstanceRenderData":true}
{"class":"TSStatic","persistentId":"9a490e98-8c8d-49bc-8a64-b73db37830b2","__parent":"trail_033_rocks","position":[-912.982239,-772.856384,145.048553],"isRenderEnabled":false,"rotationMatrix":[-0.621686697,0.729668498,-0.284762144,-0.181110978,0.21979183,0.958587646,0.762039661,0.64751482,-0.00449061394],"shapeName":"/levels/johnson_valley/art/shapes/rocks/s_rocks_desert_medium_05.dae","useInstanceRenderData":true}
{"class":"TSStatic","persistentId":"3593d51c-0e76-4d4a-8ac4-1a29a3f1420e","__parent":"trail_033_rocks","position":[-909.34314,-776.34729,146.646225],"isRenderEnabled":false,"rotationMatrix":[0.961979568,0.0535679758,0.267816633,0.0133104753,0.970217228,-0.241870582,-0.272796839,0.236239314,0.932616115],"scale":[1.14941406,1.14941406,1.14941406],"shapeName":"/levels/johnson_valley/art/shapes/rocks/s_rocks_desert_collection_03.dae","useInstanceRenderData":true}
{"class":"TSStatic","persistentId":"dc4fd920-e6cc-4a87-9728-884dac4e33eb","__parent":"trail_033_rocks","position":[-916.133972,-779.969727,147.323853],"isRenderEnabled":false,"rotationMatrix":[0.970408559,-0.0438133255,-0.237460732,-0.0311366692,0.952486753,-0.302984387,0.239452958,0.301412374,0.922937095],"scale":[1.27714849,1.27714849,1.27714849],"shapeName":"/levels/johnson_valley/art/shapes/rocks/s_rocks_desert_collection_02.dae","useInstanceRenderData":true}
{"class":"TSStatic","persistentId":"58d2d015-76fc-4f2b-80d6-c15e3a6ba879","__parent":"trail_033_rocks","position":[-909.198059,-781.179871,146.518753],"isRenderEnabled":false,"rotationMatrix":[-0.999442101,0,-0.0333908312,0,1,0,0.0333908312,0,-0.999442101],"shapeName":"/levels/johnson_valley/art/shapes/rocks/s_rocks_desert_large_06.dae","useInstanceRenderData":true}
{"class":"TSStatic","persistentId":"e55af6a8-a863-47d5-a385-ce1bd16da304","__parent":"trail_033_rocks","position":[-895.7099,-784.244019,152.927216],"isRenderEnabled":false,"rotationMatrix":[-0.998075843,0.0163085815,-0.0598208755,0.0223708283,0.994521141,-0.102114111,0.0578277856,-0.103255883,-0.992972255],"shapeName":"/levels/johnson_valley/art/shapes/rocks/s_rocks_desert_large_06.dae","useInstanceRenderData":true}
{"class":"TSStatic","persistentId":"5859aca5-8773-4056-b371-c7c851ed049f","__parent":"trail_033_rocks","position":[-897.295654,-783.254822,152.993561],"isRenderEnabled":false,"rotationMatrix":[0.258660257,-0.47002244,-0.843903899,0.887626529,-0.228992462,0.399601549,-0.381069452,-0.852432489,0.357973218],"shapeName":"/levels/johnson_valley/art/shapes/rocks/s_rocks_desert_medium_02.dae","useInstanceRenderData":true}
{"class":"TSStatic","persistentId":"20fc1b2f-ff37-4dfa-8703-1fcb60a8915f","__parent":"trail_033_rocks","position":[-893.857544,-790.115967,156.09935],"isRenderEnabled":false,"rotationMatrix":[0.185640633,-0.877363563,0.442460179,0.978339791,0.207006097,0,-0.0915920138,0.432876348,0.89678818],"shapeName":"/levels/johnson_valley/art/shapes/rocks/s_rocks_desert_huge_sheet_2.dae","useInstanceRenderData":true}
{"class":"TSStatic","persistentId":"063e2d4c-7cb4-47d9-a7d4-48214fac3e4a","__parent":"trail_033_rocks","position":[-899.263367,-790.493713,155.333755],"isRenderEnabled":false,"shapeName":"/levels/johnson_valley/art/shapes/rocks/s_rocks_desert_medium_01.dae","useInstanceRenderData":true}
{"class":"TSStatic","persistentId":"e14ca423-067f-44b5-a8fd-a62bec0e554d","__parent":"trail_033_rocks","position":[-890.869202,-779.280029,155.224976],"isRenderEnabled":false,"rotationMatrix":[0.902028263,-0.360907912,0.236834362,0.37813735,0.925255954,-0.0302252769,-0.208223864,0.116819978,0.971079767],"scale":[1.2774415,1.2774415,1.2774415],"shapeName":"/levels/johnson_valley/art/shapes/rocks/s_rocks_desert_collection_03.dae","useInstanceRenderData":true}
{"class":"TSStatic","persistentId":"2a05be9a-95cd-4a35-831e-2ff7010f0479","__parent":"trail_033_rocks","position":[-886.300964,-783.10614,157.703323],"isRenderEnabled":false,"shapeName":"/levels/johnson_valley/art/shapes/rocks/s_rocks_desert_small_05.dae","useInstanceRenderData":true}
{"class":"TSStatic","persistentId":"89728347-b33c-44a1-bb0c-7ec7d6616b9a","__parent":"trail_033_rocks","position":[-886.878052,-782.47522,157.62915],"isRenderEnabled":false,"rotationMatrix":[-0.999541044,-0.0300267171,-0.00399400201,-2.42143869e-08,0.131854475,-0.991268992,0.0302911811,-0.99081409,-0.131793857],"shapeName":"/levels/johnson_valley/art/shapes/rocks/s_rocks_desert_small_06.dae","useInstanceRenderData":true}
{"class":"TSStatic","persistentId":"39f3a4bb-0a79-4afe-a55b-967583e27160","__parent":"trail_033_rocks","position":[-887.194397,-785.343018,156.948181],"isRenderEnabled":false,"rotationMatrix":[-0.999999762,0,-3.2584137e-07,0,1,0,3.2584137e-07,0,-0.999999762],"shapeName":"/levels/johnson_valley/art/shapes/rocks/s_rocks_desert_large_06.dae","useInstanceRenderData":true}
{"class":"TSStatic","persistentId":"8ac7ea6d-badc-4389-93cf-9330a09f596d","__parent":"trail_033_rocks","position":[-880.692871,-782.445374,158.855591],"isRenderEnabled":false,"rotationMatrix":[0.103440106,0.994635582,7.4505806e-09,-0.97655189,0.10155946,-0.189820439,-0.188802183,0.0196350142,0.981818795],"shapeName":"/levels/johnson_valley/art/shapes/rocks/s_rocks_desert_low_tiny.dae","useInstanceRenderData":true}
{"class":"TSStatic","persistentId":"02261328-dae5-4983-a487-e3d75a1ab0f0","__parent":"trail_033_rocks","position":[-878.753906,-785.245483,159.284454],"isRenderEnabled":false,"rotationMatrix":[-0.103439689,-0.994635701,4.47034836e-08,0.97655201,-0.101559043,0.189820454,-0.188802198,0.0196350217,0.981818795],"shapeName":"/levels/johnson_valley/art/shapes/rocks/s_rocks_desert_low_tiny.dae","useInstanceRenderData":true}
{"class":"TSStatic","persistentId":"5e517d4a-e519-4cfe-9e68-8ef36d3ade07","__parent":"trail_033_rocks","position":[-893.351379,-782.367004,153.853882],"isRenderEnabled":false,"rotationMatrix":[-0.556634188,-0.828868687,0.0559888631,-0.821335256,0.559191465,0.112752751,-0.124765739,0.0167764239,-0.99204421],"shapeName":"/levels/johnson_valley/art/shapes/rocks/s_rocks_desert_large_06.dae","useInstanceRenderData":true}
{"class":"TSStatic","persistentId":"155a51d5-f291-49f0-8f9f-ee807678a467","__parent":"trail_033_rocks","position":[-892.284363,-784.029724,154.353073],"isRenderEnabled":false,"rotationMatrix":[-0.823991179,0.558376849,-0.096196048,0.554610193,0.8295874,0.0647474229,0.115956493,0,-0.993254185],"shapeName":"/levels/johnson_valley/art/shapes/rocks/s_rocks_desert_medium_02.dae","useInstanceRenderData":true}
{"class":"TSStatic","persistentId":"2e671393-59b0-4e34-bdce-80db71cb4cdb","__parent":"trail_033_rocks","position":[-907.689331,-785.92627,149.397842],"isRenderEnabled":false,"rotationMatrix":[0.834883809,0.550426185,0,-0.550426185,0.834883809,0,0,0,1],"shapeName":"/levels/johnson_valley/art/shapes/rocks/s_rocks_desert_large_07.dae","useInstanceRenderData":true}
{"class":"TSStatic","persistentId":"983c9111-de9a-4231-8448-e4176052acc3","__parent":"trail_033_rocks","position":[-905.081116,-779.306152,149.318878],"isRenderEnabled":false,"rotationMatrix":[0.729754567,-0.44287625,0.520882845,0.459428817,0.881851375,0.106128961,-0.506343246,0.161860496,0.847005129],"shapeName":"/levels/johnson_valley/art/shapes/rocks/s_rocks_desert_low_flat_02.dae","useInstanceRenderData":true}
{"class":"TSStatic","persistentId":"7fa123c7-f1a2-4f3e-9f20-892467b62737","__parent":"trail_033_rocks","position":[-912.354431,-779.640869,146.054672],"isRenderEnabled":false,"rotationMatrix":[0.978368282,0.0650356263,0.196381807,-3.7252903e-09,0.949297786,-0.314378232,-0.206870615,0.307577699,0.928762913],"shapeName":"/levels/johnson_valley/art/shapes/rocks/s_rocks_desert_large_04.dae","useInstanceRenderData":true}
{"class":"TSStatic","persistentId":"b5a30cf5-9e2b-4650-85f5-2d745a728a00","__parent":"trail_033_rocks","position":[-911.580139,-778.183838,146.656342],"isRenderEnabled":false,"shapeName":"/levels/johnson_valley/art/shapes/rocks/s_rocks_desert_small_04.dae","useInstanceRenderData":true}
{"class":"TSStatic","persistentId":"690fe55c-9509-4de1-8575-7a1a4ecc31e9","__parent":"trail_033_rocks","position":[-907.368042,-782.395081,148.292755],"isRenderEnabled":false,"rotationMatrix":[-0.956184864,-0.252839059,-0.147589386,-0.191433936,0.921391129,-0.338218063,0.221502304,-0.295145422,-0.929422259],"shapeName":"/levels/johnson_valley/art/shapes/rocks/s_rocks_desert_medium_02.dae","useInstanceRenderData":true}
{"class":"TSStatic","persistentId":"ce9105be-efbe-48fe-8ee2-d2f8229c1daa","__parent":"trail_033_rocks","position":[-904.483948,-746.292358,136.293411],"isRenderEnabled":false,"rotationMatrix":[0.00810945034,0.506371021,0.862277865,-0.0047621429,0.862315774,-0.50634861,-0.999956012,2.98023224e-08,0.00940430164],"shapeName":"/levels/johnson_valley/art/shapes/rocks/s_rocks_desert_medium_05.dae","useInstanceRenderData":true}
{"class":"TSStatic","persistentId":"47df6e60-598b-41e4-91ad-45e5bbe4077a","__parent":"trail_033_rocks","position":[-906.77124,-749.855164,136.483917],"isRenderEnabled":false,"rotationMatrix":[1,0,0,0,-0.991274595,0.131811798,0,-0.131811798,-0.991274595],"shapeName":"/levels/johnson_valley/art/shapes/rocks/s_rocks_desert_large_06.dae","useInstanceRenderData":true}
{"class":"TSStatic","persistentId":"e3b516f6-a51e-4b54-8147-4a273ad2d9b4","__parent":"trail_033_rocks","position":[-912.003296,-753.501404,138.831253],"isRenderEnabled":false,"shapeName":"/levels/johnson_valley/art/shapes/rocks/s_rocks_desert_large_02.dae","useInstanceRenderData":true}
{"class":"TSStatic","persistentId":"89e361c5-1ac4-48a4-b4d0-006d97f1515c","__parent":"trail_033_rocks","position":[-906.64209,-753.849976,139.584091],"isRenderEnabled":false,"rotationMatrix":[1,0,0,0,-0.983203769,0.18250978,0,-0.18250978,-0.983203769],"shapeName":"/levels/johnson_valley/art/shapes/rocks/s_rocks_desert_medium_03.dae","useInstanceRenderData":true}
{"class":"TSStatic","persistentId":"352112f9-11e1-48ef-8f3d-a5335af1bb08","__parent":"trail_033_rocks","position":[-813.943359,-723.785767,131.675461],"isRenderEnabled":false,"rotationMatrix":[1,0,0,0,-0.999999762,3.25841313e-07,0,-3.25841313e-07,-0.999999762],"shapeName":"/levels/johnson_valley/art/shapes/rocks/s_rocks_desert_large_06.dae","useInstanceRenderData":true}
{"class":"TSStatic","persistentId":"1e9fa621-65fb-4c93-bf34-9c014ad24547","__parent":"trail_033_rocks","position":[-811.817627,-724.636841,131.675461],"isRenderEnabled":false,"rotationMatrix":[-0.999683142,-0.0251641814,-4.4408921e-16,-0.0251641814,0.999683321,3.25841341e-07,-8.19953172e-09,3.25738171e-07,-0.999999762],"shapeName":"/levels/johnson_valley/art/shapes/rocks/s_rocks_desert_large_06.dae","useInstanceRenderData":true}
{"class":"TSStatic","persistentId":"65d4d96e-b30b-47fd-8393-932b4691d081","__parent":"trail_033_rocks","position":[-808.816589,-725.799988,132.964279],"isRenderEnabled":false,"shapeName":"/levels/johnson_valley/art/shapes/rocks/s_rocks_desert_large_05.dae","useInstanceRenderData":true}
{"class":"TSStatic","persistentId":"56581655-9ed4-41c0-8680-b0aa093d84e9","__parent":"trail_033_rocks","position":[-809.922058,-727.727173,134.077911],"isRenderEnabled":false,"shapeName":"/levels/johnson_valley/art/shapes/rocks/s_rocks_desert_large_06.dae","useInstanceRenderData":true}
{"class":"TSStatic","persistentId":"ce65d919-72a5-45f2-8f5e-7a4c28990af7","__parent":"trail_033_rocks","position":[-819.128113,-727.874451,133.791794],"isRenderEnabled":false,"rotationMatrix":[0.96316433,0.267104834,0.0311361775,-0.206912965,0.810067475,-0.548614264,-0.171759963,0.521963239,0.835495591],"shapeName":"/levels/johnson_valley/art/shapes/rocks/s_rocks_desert_huge_sheet_3.dae","useInstanceRenderData":true}
{"class":"TSStatic","persistentId":"530bbfcf-7f26-4828-93e0-f0b4e7b8fd72","__parent":"trail_033_rocks","position":[-815.794006,-713.755127,129.48941],"isRenderEnabled":false,"rotationMatrix":[0.636886954,0.770957112,1.86264515e-08,-0.763424754,0.630664468,-0.139444962,-0.107506111,0.0888106525,0.990229845],"shapeName":"/levels/johnson_valley/art/shapes/rocks/s_rocks_desert_low_tiny.dae","useInstanceRenderData":true}
{"class":"TSStatic","persistentId":"4e76f192-9f7a-49fb-bc44-e7a48665253a","__parent":"trail_033_rocks","position":[-820.266846,-709.196045,128.775406],"isRenderEnabled":false,"shapeName":"/levels/johnson_valley/art/shapes/rocks/s_rocks_desert_low_flat_01.dae","useInstanceRenderData":true}
{"class":"TSStatic","persistentId":"857b9777-af08-41e5-8aac-0e90dd683d04","__parent":"trail_033_rocks","position":[-823.194397,-710.449585,127.867683],"isRenderEnabled":false,"rotationMatrix":[-0.999999762,0,-3.2584137e-07,0,1,0,3.2584137e-07,0,-0.999999762],"shapeName":"/levels/johnson_valley/art/shapes/rocks/s_rocks_desert_medium_02.dae","useInstanceRenderData":true}
{"class":"TSStatic","persistentId":"07aa2a80-babb-41fe-bb45-4b56ea6f1f72","__parent":"trail_033_rocks","position":[-823.418823,-713.546326,128.95903],"isRenderEnabled":false,"rotationMatrix":[1,0,0,0,0.998848736,-0.0479712971,0,0.0479712971,0.998848736],"shapeName":"/levels/johnson_valley/art/shapes/rocks/s_rocks_desert_collection_03.dae","useInstanceRenderData":true}
{"class":"TSStatic","persistentId":"5777086c-475b-45f9-8d96-fc30fce1c56a","__parent":"trail_033_rocks","position":[-816.574768,-707.078125,129.267365],"isRenderEnabled":false,"shapeName":"/levels/johnson_valley/art/shapes/rocks/s_rocks_desert_collection_02.dae","useInstanceRenderData":true}
{"class":"TSStatic","persistentId":"f9593297-7f40-4c54-800d-7e4f843abf5a","__parent":"trail_033_rocks","position":[-813.96405,-718.248413,130.194473],"isRenderEnabled":false,"rotationMatrix":[0.269872963,-0.901357889,0.33870694,0.959691882,0.280456722,-0.0183137208,-0.0784853995,0.329996705,0.940713644],"shapeName":"/levels/johnson_valley/art/shapes/rocks/s_rocks_desert_huge_sheet_1.dae","useInstanceRenderData":true}
{"class":"TSStatic","persistentId":"d2b11f66-6440-4254-8168-1a934ab47ecf","__parent":"trail_033_rocks","position":[-808.491089,-732.674927,135.141052],"isRenderEnabled":false,"rotationMatrix":[1,0,0,0,-0.999999762,3.2584137e-07,0,-3.2584137e-07,-0.999999762],"shapeName":"/levels/johnson_valley/art/shapes/rocks/s_rocks_desert_medium_02.dae","useInstanceRenderData":true}
{"class":"TSStatic","persistentId":"e45201de-a95a-462c-be85-e88129307e9d","__parent":"trail_033_rocks","position":[-809.216309,-731.791687,135.480698],"isRenderEnabled":false,"rotationMatrix":[-0.998263001,-0.0589118414,0,0.0589118414,-0.998263001,0,0,0,1],"shapeName":"/levels/johnson_valley/art/shapes/rocks/s_rocks_desert_small_02.dae","useInstanceRenderData":true}
{"class":"TSStatic","persistentId":"0aeb810a-5423-46bb-b58c-e2724be2c76c","__parent":"trail_033_rocks","position":[-825.332764,-707.610474,127.915604],"isRenderEnabled":false,"rotationMatrix":[0.895050406,-0.43382284,0.103356078,0.444246858,0.887650669,-0.121330105,-0.0391083211,0.154512182,0.987216532],"shapeName":"/levels/johnson_valley/art/shapes/rocks/s_rocks_desert_low_tiny.dae","useInstanceRenderData":true}
