{"class":"Zone","persistentId":"14bff077-4d0c-4145-85e1-27ecbccd7520","__parent":"zoning","position":[-685.880066,292.760925,272.768311],"ambientLightColor":[0.400000006,0.400000006,0.400000006,1],"rotationMatrix":[-0.957301378,-0.104631484,-0.269492149,0.108470261,-0.994099259,0.000650687143,-0.267970085,-0.0286089852,0.963002384],"scale":[39.5043449,18.5786152,13.0344648],"useAmbientLightColor":true,"zoneGroup":6}
{"class":"Zone","persistentId":"1cbbee0f-dbe1-4dc4-8638-9e55f0f2e31b","__parent":"zoning","position":[-492.668427,273.532043,286.355377],"ambientLightColor":[0.400000006,0.400000006,0.400000006,1],"rotationMatrix":[-0.992228627,-0.124427669,-0.000220661197,0.124427505,-0.992228389,0.000654326694,-0.000300362677,0.000621785352,0.999999762],"scale":[101.186203,26.8545818,19.9846821],"useAmbientLightColor":true,"zoneGroup":6}
{"class":"Zone","persistentId":"599c310b-0a24-49d6-8957-5c02ff013be2","__parent":"zoning","position":[-485.657928,249.419098,275.7789],"ambientLightColor":[0.400000006,0.400000006,0.400000006,1],"rotationMatrix":[0.898857594,-0.320603341,-0.298778296,0.33728072,0.941393197,0.00453018025,0.279815495,-0.104844168,0.954311788],"scale":[75.2610855,11.4060678,15.4734879],"useAmbientLightColor":true,"zoneGroup":6}
{"class":"Zone","persistentId":"7b28f442-4498-4964-aa2d-d1a9e0448ba0","__parent":"zoning","position":[-283.753845,407.93103,278.901215],"ambientLightColor":[0.400000006,0.400000006,0.400000006,1],"rotationMatrix":[0.984074771,0.177754119,0.000508469122,-0.177753881,0.984074891,-0.000467474776,-0.000583467248,0.00036964778,0.999999762],"scale":[44.7597847,22.0216122,13.9408894],"useAmbientLightColor":true,"zoneGroup":6}
{"class":"Zone","persistentId":"8927197b-9829-4fa6-a5b4-6455b61456eb","__parent":"zoning","position":[-169.054123,365.440521,251.636444],"ambientLightColor":[0.400000006,0.400000006,0.400000006,1],"rotationMatrix":[0.848237038,-0.443962276,-0.288775653,0.463547528,0.886071801,-0.000638104975,0.256159276,-0.133320004,0.957396567],"scale":[131.452896,28.8594646,25.2085228],"useAmbientLightColor":true,"zoneGroup":6}
{"class":"Zone","persistentId":"98c2f15b-f75a-4572-8a0e-4e08fd60c902","__parent":"zoning","position":[-407.548584,302.012939,286.36322],"ambientLightColor":[0.400000006,0.400000006,0.400000006,1],"rotationMatrix":[0.853117406,0.521718919,-6.81531383e-05,-0.5217188,0.853117168,-0.000687161926,-0.000300362823,0.000621786574,0.999999762],"scale":[101.186203,26.8545818,19.9846821],"useAmbientLightColor":true,"zoneGroup":6}
{"class":"Zone","persistentId":"9fe760b7-eeea-4f9c-9b91-90e86d1cb312","__parent":"zoning","position":[-243.377396,403.936981,283.264526],"ambientLightColor":[0.400000006,0.400000006,0.400000006,1],"rotationMatrix":[0.926158547,-0.377134293,-6.81496458e-05,0.377134174,0.926158369,-0.000687195803,0.000322282489,0.000610750751,0.999999762],"scale":[45.7743683,28.8594646,25.2085228],"useAmbientLightColor":true,"zoneGroup":6}
{"class":"Zone","persistentId":"c01fb13e-483a-465f-ad21-3a886ffd5791","__parent":"zoning","position":[-317.892242,382.611084,281.367554],"ambientLightColor":[0.400000006,0.400000006,0.400000006,1],"rotationMatrix":[0.449208915,0.893426776,-6.81525853e-05,-0.893426538,0.449208796,-0.000687162566,-0.000583314686,0.000369568879,0.999999762],"scale":[44.5770454,19.7095375,19.9846821],"useAmbientLightColor":true,"zoneGroup":6}
{"class":"Zone","persistentId":"d42f9d25-f7ac-4c89-8f20-92fcb2bfd5c1","__parent":"zoning","position":[-601.997925,289.251038,284.193481],"ambientLightColor":[0.400000006,0.400000006,0.400000006,1],"rotationMatrix":[-0.96636498,0.257173419,-0.000450167485,-0.257173657,-0.96636498,0.000523626921,-0.000300363201,0.000621785992,0.999999762],"scale":[137.652908,66.929306,26.3119106],"useAmbientLightColor":true,"zoneGroup":6}
{"class":"Portal","persistentId":"00132b73-b4d9-4656-b8b9-14b23160b4bd","__parent":"zoning","position":[-225.465302,389.539551,271.488617],"rotationMatrix":[0.829513609,-0.558486342,0.000385656895,0.558486462,0.829513431,-0.000572816585,2.72120815e-09,0.000690543326,0.999999762],"scale":[4.13948727,10.8907385,8.32109737],"zoneGroup":6}
{"class":"Portal","persistentId":"14ab92f8-39d4-4aa5-b369-a4929f0c7c3b","__parent":"zoning","position":[-648.173706,336.13623,296.000946],"rotationMatrix":[-0.965847254,0.25911206,-0.000178925606,-0.25911212,-0.965847015,0.000666950131,7.27595761e-11,0.00069053378,0.999999762],"scale":[10.069912,21.3548775,2.59230781],"zoneGroup":6}
{"class":"Portal","persistentId":"3df3b722-feba-40b7-8e66-b1d50f8fcc73","__parent":"zoning","position":[-447.394562,283.340576,287.318573],"rotationMatrix":[0.331857562,-0.943329215,0.000651400886,0.943329453,0.331857443,-0.000229158308,-4.36557457e-10,0.000690533605,0.999999762],"scale":[12.7205553,27.349308,18.512249],"zoneGroup":6}
{"class":"Portal","persistentId":"3f773cfc-dd96-4aae-8fd3-79747ff7ccfa","__parent":"zoning","position":[-515.625305,258.943542,281.745453],"rotationMatrix":[0.787162483,-0.616745532,0.000425887643,0.616745651,0.787162304,-0.000543572882,3.47790774e-09,0.000690544548,0.999999762],"scale":[11.8581324,17.3178501,12.344943],"useAmbientLightColor":true,"zoneGroup":6}
{"class":"Portal","persistentId":"46691ade-21fc-4b68-af9e-03e7a994ff00","__parent":"zoning","position":[-450.451599,236.29538,267.679901],"rotationMatrix":[0.425497293,0.904552281,-0.027148854,-0.893344581,0.424638152,0.147029966,0.144524738,-0.0383075625,0.988759398],"scale":[5.15100431,10.8907385,8.32109737],"zoneGroup":6}
{"class":"Portal","persistentId":"5adbe50c-906f-4d8f-9327-31143c89db2d","__parent":"zoning","position":[-263.683411,410.568329,282.184082],"rotationMatrix":[0.997743785,-0.0671369806,4.6400819e-05,0.0671369955,0.997743547,-0.000690178887,4.04161256e-08,0.000691736874,0.999999762],"scale":[6.58034563,10.8907385,8.32109737],"zoneGroup":6}
{"class":"Portal","persistentId":"5f0181aa-d076-4402-ad52-bb033ebca2a1","__parent":"zoning","position":[-256.020935,416.696075,295.848938],"rotationMatrix":[0.997743785,-0.0671369806,4.6400819e-05,0.0671369955,0.997743547,-0.000690178887,4.04161256e-08,0.000691736874,0.999999762],"scale":[15.054533,10.8907385,0.729982376],"zoneGroup":6}
{"class":"Portal","persistentId":"6eb318ef-6e0c-4c60-ae67-0347ecc3685b","__parent":"zoning","position":[-705.926208,288.914276,272.224091],"rotationMatrix":[0.110619187,-0.993839264,0.00683784485,0.958639503,0.108511686,0.263126254,-0.262247205,-0.022551775,0.964737177],"scale":[5.2403965,11.3472614,3.92311883],"zoneGroup":6}
{"class":"Portal","persistentId":"738485f0-2f20-4268-9047-27c9db890c0b","__parent":"zoning","position":[-540.11908,265.31546,287.330994],"rotationMatrix":[0.999567509,-0.0294064563,2.03993368e-05,0.0294064637,0.99956727,-0.00069657003,9.31449904e-08,0.000696868636,0.999999762],"scale":[12.7205553,27.349308,18.512249],"zoneGroup":6}
{"class":"Portal","persistentId":"8d1eae67-2a91-4170-846b-fe224454cf4a","__parent":"zoning","position":[-113.017342,330.274109,242.499527],"rotationMatrix":[0.465858161,0.884633005,0.0200149864,-0.841883481,0.436155379,0.317805856,0.272411942,-0.164902717,0.947944522],"scale":[5.20526791,10.8907385,8.32109737],"zoneGroup":6}
{"class":"Portal","persistentId":"a3d4dc09-8ad2-427a-b0d6-e28a6f24f8ce","__parent":"zoning","position":[-648.034058,330.876038,297.300476],"rotationMatrix":[0.965847194,-0.259112269,0.000178158283,-5.96046448e-07,0.000685214996,0.999999762,-0.259112328,-0.965847015,0.000661671162],"scale":[10.069912,21.3548775,10.2133417],"zoneGroup":6}
{"class":"Portal","persistentId":"a58b099a-4f98-48b0-a950-c78179fbc0ef","__parent":"zoning","position":[-366.32193,331.765076,287.285156],"rotationMatrix":[0.590447485,-0.807075799,0.000557314372,0.807076037,0.590447366,-0.000407726038,1.07684173e-09,0.000690535875,0.999999762],"scale":[12.7205553,2.85215569,18.512249],"zoneGroup":6}
{"class":"Portal","persistentId":"b0af2d17-d6d4-40bf-9bf3-c6354ac8d459","__parent":"zoning","position":[-333.770966,365.661041,288.451538],"rotationMatrix":[0.893168926,-0.449721217,0.000310551259,0.449721336,0.893168688,-0.000616774138,1.76078174e-09,0.000690545014,0.999999762],"scale":[7.54464674,6.93258429,8.32109737],"zoneGroup":6}
{"class":"Portal","persistentId":"b1f1daa1-777e-4b31-a2c8-c4058d7b0506","__parent":"zoning","position":[-303.000885,397.802795,278.507355],"rotationMatrix":[0.737897992,0.674912095,-0.000466053083,-0.674912214,0.737897754,-0.000509552774,-3.85625754e-09,0.000690542976,0.999999762],"scale":[8.13344383,10.8907385,8.32109737],"zoneGroup":6}
{"class":"Portal","persistentId":"d3f5db1a-0e82-4bbf-a9ad-d3fd0ec90376","__parent":"zoning","position":[-668.324219,298.835449,279.227661],"rotationMatrix":[0.975073278,-0.221882969,0.000153229717,0.221883029,0.97507304,-0.000673428178,1.20853656e-08,0.000690640882,0.999999762],"scale":[9.20905399,10.8907385,7.36087132],"zoneGroup":6}
