{"name":"level_garage","class":"SFXSpace","persistentId":"4ed5c8e3-9472-4ee1-868e-699e95852ff1","__parent":"level_buildings","position":[798.670044,-196.823471,146.40152],"rotationMatrix":[0.986455858,0.164027438,4.54747351e-11,-0.164027408,0.986455619,-0.000690533721,-0.000113266447,0.000681180507,0.999999762],"scale":[15.7073803,58.9010124,8.16700268],"soundAmbience":"Level_Tunnel_Open"}
{"name":"level_hangar","class":"SFXSpace","persistentId":"f7a0ff61-8850-482b-ab3c-f40e69809a91","__parent":"level_buildings","position":[-324.176147,-530.315186,129.664551],"rotationMatrix":[0.984644473,-0.174576387,6.0936145e-11,0.174576268,0.984644175,-0.000690532092,0.000120550372,0.000679926889,0.999999762],"scale":[15.7073803,14.9235792,8.16700268],"soundAmbience":"Level_Building_Reverb_Large"}
{"name":"Underground_Garage_01","class":"SFXSpace","persistentId":"606d710d-ccfa-42e4-9b39-aaa6bc144d0f","__parent":"level_buildings","position":[-922.332581,592.851746,238.340439],"rotationMatrix":[0.866478682,-0.499216497,0,0.499216497,0.866478682,0,0,0,1],"scale":[40.5436783,18.4955959,53.801033]}
{"name":"Underground_Garage_02","class":"SFXSpace","persistentId":"b67c0f8a-e2f9-472e-aa93-ef0809968ded","__parent":"level_buildings","position":[-921.00531,621.936584,238.574677],"rotationMatrix":[0.866478682,-0.499216497,0,0.499216497,0.866478682,0,0,0,1],"scale":[17.4502888,35.40802,53.801033]}
