{"name":"BLRTrig_Penalty1","class":"BeamNGTrigger","__parent":"PenaltyTriggers","position":[10.8547459,-638.284729,134.873749],"luaFunction":"onBeamNGTrigger","rotationMatrix":[0.20297569,0.979183793,-7.17118382e-08,-0.979070783,0.202952266,-0.015192356,-0.0148760937,0.00308374874,0.999884605],"scale":[18.5443726,9.15222168,6.69572544],"triggerMode":"Overlaps","triggerTestType":"Bounding box"}
{"name":"BLRTrig_Penalty2","class":"BeamNGTrigger","__parent":"PenaltyTriggers","position":[-114.775444,-445.09491,126.130951],"luaFunction":"onBeamNGTrigger","rotationMatrix":[0.20297569,0.979183793,-7.17118382e-08,-0.979070783,0.202952266,-0.015192356,-0.0148760937,0.00308374874,0.999884605],"scale":[18.5443726,5.58228302,6.69572544],"triggerMode":"Overlaps","triggerTestType":"Bounding box"}
{"name":"BLRTrig_Penalty3","class":"BeamNGTrigger","__parent":"PenaltyTriggers","position":[-152.360718,-421.381134,126.130951],"luaFunction":"onBeamNGTrigger","rotationMatrix":[0.0679271817,0.997690141,-7.21774995e-08,-0.997574985,0.0679193139,-0.0151923541,-0.0151572581,0.00103204371,0.999884605],"scale":[42.1774025,5.58228302,6.69572544],"triggerMode":"Overlaps","triggerTestType":"Bounding box"}
{"name":"BLRTrig_Penalty4","class":"BeamNGTrigger","__parent":"PenaltyTriggers","position":[800.971436,318.38446,159.85257],"luaFunction":"onBeamNGTrigger","rotationMatrix":[-0.998454809,0.0140130967,0.0537758805,-0.014480276,-0.999860764,-0.00830772333,0.0536519699,-0.0090735741,0.998518467],"scale":[8.56891251,5.58228302,6.69572544],"triggerMode":"Overlaps","triggerTestType":"Bounding box"}
{"name":"BLRTrig_Penalty5","class":"BeamNGTrigger","__parent":"PenaltyTriggers","position":[863.909729,163.022659,161.080124],"luaFunction":"onBeamNGTrigger","rotationMatrix":[-0.997415662,0.0140130967,-0.0704674274,-0.0133381616,-0.999860644,-0.0100394245,-0.0705982894,-0.00907357223,0.997463584],"scale":[8.56891251,5.58228302,6.69572544],"triggerMode":"Overlaps","triggerTestType":"Bounding box"}
{"name":"BLRTrig_Penalty6","class":"BeamNGTrigger","__parent":"PenaltyTriggers","position":[866.993835,122.288483,155.356918],"luaFunction":"onBeamNGTrigger","rotationMatrix":[-0.885004759,0.46021834,-0.0704674348,-0.460712641,-0.887492537,-0.0100394255,-0.0671596453,0.0235802978,0.997463584],"scale":[16.0775871,5.58228302,6.69572544],"triggerMode":"Overlaps","triggerTestType":"Bounding box"}
{"name":"BLRTrig_Penalty7","class":"BeamNGTrigger","__parent":"PenaltyTriggers","position":[699.174866,-200.517197,149.528397],"luaFunction":"onBeamNGTrigger","rotationMatrix":[-0.887804031,0.46021831,-0.00167396385,-0.46010524,-0.887492299,0.0256927125,0.0103386287,0.0235802978,0.999668479],"scale":[11.6331177,5.58228302,6.69572544],"triggerMode":"Overlaps","triggerTestType":"Bounding box"}
{"name":"BLRTrig_Penalty8","class":"BeamNGTrigger","__parent":"PenaltyTriggers","position":[658.342773,-222.608612,149.528397],"luaFunction":"onBeamNGTrigger","rotationMatrix":[-0.834825873,0.550511241,-0.00167396339,-0.550366163,-0.834527731,0.0256927144,0.0127471592,0.0223702397,0.999668479],"scale":[17.9399662,5.58228302,6.69572544],"triggerMode":"Overlaps","triggerTestType":"Bounding box"}
