{"class":"TSStatic","persistentId":"4cb2b04c-cb4d-4001-b250-67ae74b64a34","__parent":"CBF_secondary_entrance","position":[-540.526611,-2.09627485,99.4798965],"annotation":"OBSTACLES","decalType":"None","isRenderEnabled":false,"rotationMatrix":[0.707106709,-0.707106888,0,0.707106888,0.707106709,0,0,0,1],"shapeName":"/levels/west_coast_usa/art/shapes/objects/s_curb.dae","useInstanceRenderData":true}
{"class":"TSStatic","persistentId":"436eda05-7d2c-4207-b230-0678baf95ef3","__parent":"CBF_secondary_entrance","position":[-606.954285,26.6838074,101.565018],"isRenderEnabled":false,"rotationMatrix":[0.707106411,-0.707107127,0,0.707107127,0.707106411,0,0,0,1],"scale":[1.45000005,1.45000005,1.45000005],"shapeName":"/levels/west_coast_usa/art/shapes/objects/s_chainlink_old.dae","useInstanceRenderData":true}
{"class":"TSStatic","persistentId":"97c9f6d3-ba9a-4acc-b87f-ebd61bd833c7","__parent":"CBF_secondary_entrance","position":[-616.518005,35.9144974,100.555984],"isRenderEnabled":false,"rotationMatrix":[-0.724880099,0.688874841,-9.31322575e-10,-0.688750982,-0.724749804,-0.0189655535,-0.0130648939,-0.0137477554,0.999820113],"shapeName":"/levels/west_coast_usa/art/shapes/objects/s_metal_gate_right.dae","useInstanceRenderData":true}
{"class":"TSStatic","persistentId":"4c2f8778-3263-4aba-86d7-7cae6833dfe5","__parent":"CBF_secondary_entrance","position":[-609.247803,28.605011,100.552544],"isRenderEnabled":false,"rotationMatrix":[-0.757087469,-0.653313816,4.65661287e-10,0.653182685,-0.756935477,-0.0200335588,0.0130881984,-0.0151671525,0.999799311],"shapeName":"/levels/west_coast_usa/art/shapes/objects/s_metal_gate_left.dae","useInstanceRenderData":true}
{"class":"TSStatic","persistentId":"356c6996-93d7-48a9-9854-feab98347256","__parent":"CBF_secondary_entrance","position":[-571.401428,-5.65667343,100.555656],"isRenderEnabled":false,"rotationMatrix":[-0.935063601,-0.353483647,0.0265730843,0.353040427,-0.935394645,-0.0200004559,0.0319261439,-0.00932032056,0.99944675],"shapeName":"/levels/west_coast_usa/art/shapes/objects/s_metal_gate_left.dae","useInstanceRenderData":true}
{"class":"TSStatic","persistentId":"4b8a6d9f-aee3-47ad-b672-b0d2d247e036","__parent":"CBF_secondary_entrance","position":[-604.82666,24.5560818,101.565018],"isRenderEnabled":false,"rotationMatrix":[0.707106411,-0.707107127,0,0.707107127,0.707106411,0,0,0,1],"scale":[1.45000005,1.45000005,1.45000005],"shapeName":"/levels/west_coast_usa/art/shapes/objects/s_chainlink_old.dae","useInstanceRenderData":true}
{"class":"TSStatic","persistentId":"eac9ae2d-e327-4e59-9099-c483f4130d23","__parent":"CBF_secondary_entrance","position":[-602.717102,22.4465675,101.565018],"isRenderEnabled":false,"rotationMatrix":[0.707106411,-0.707107127,0,0.707107127,0.707106411,0,0,0,1],"scale":[1.45000005,1.45000005,1.45000005],"shapeName":"/levels/west_coast_usa/art/shapes/objects/s_chainlink_old.dae","useInstanceRenderData":true}
{"class":"TSStatic","persistentId":"d71833e7-635f-498c-952d-4837279507b5","__parent":"CBF_secondary_entrance","position":[-600.140991,20.9503078,101.565018],"isRenderEnabled":false,"rotationMatrix":[0.86602515,-0.500000477,0,0.500000477,0.86602515,0,0,0,1],"scale":[1.45000005,1.45000005,1.45000005],"shapeName":"/levels/west_coast_usa/art/shapes/objects/s_chainlink_old.dae","useInstanceRenderData":true}
{"class":"TSStatic","persistentId":"9745ec37-7bd9-44ee-b48c-2e369fd6ee5b","__parent":"CBF_secondary_entrance","position":[-597.554993,19.4572659,101.565018],"isRenderEnabled":false,"rotationMatrix":[0.86602515,-0.500000477,0,0.500000477,0.86602515,0,0,0,1],"scale":[1.45000005,1.45000005,1.45000005],"shapeName":"/levels/west_coast_usa/art/shapes/objects/s_chainlink_old.dae","useInstanceRenderData":true}
{"class":"TSStatic","persistentId":"158cc70a-129f-4b7f-8b04-7205523a07a1","__parent":"CBF_secondary_entrance","position":[-594.965881,17.9624748,101.565018],"isRenderEnabled":false,"rotationMatrix":[0.86602515,-0.500000477,0,0.500000477,0.86602515,0,0,0,1],"scale":[1.45000005,1.45000005,1.45000005],"shapeName":"/levels/west_coast_usa/art/shapes/objects/s_chainlink_old.dae","useInstanceRenderData":true}
{"class":"TSStatic","persistentId":"7eb3cb1a-99cd-4821-92eb-12dda1672ccd","__parent":"CBF_secondary_entrance","position":[-592.841125,15.8376827,101.565018],"isRenderEnabled":false,"rotationMatrix":[0.707106531,-0.707107008,0,0.707107008,0.707106531,0,0,0,1],"scale":[1.45000005,1.45000005,1.45000005],"shapeName":"/levels/west_coast_usa/art/shapes/objects/s_chainlink_old.dae","useInstanceRenderData":true}
{"class":"TSStatic","persistentId":"81ba145c-34be-4c44-aaed-89cce956cd25","__parent":"CBF_secondary_entrance","position":[-590.718933,13.7155161,101.565018],"isRenderEnabled":false,"rotationMatrix":[0.707106531,-0.707107008,0,0.707107008,0.707106531,0,0,0,1],"scale":[1.45000005,1.45000005,1.45000005],"shapeName":"/levels/west_coast_usa/art/shapes/objects/s_chainlink_old.dae","useInstanceRenderData":true}
{"class":"TSStatic","persistentId":"2cd59459-96b2-41d0-8667-49143bf29eef","__parent":"CBF_secondary_entrance","position":[-588.594666,11.5911837,101.565018],"isRenderEnabled":false,"rotationMatrix":[0.707106531,-0.707107008,0,0.707107008,0.707106531,0,0,0,1],"scale":[1.45000005,1.45000005,1.45000005],"shapeName":"/levels/west_coast_usa/art/shapes/objects/s_chainlink_old.dae","useInstanceRenderData":true}
{"class":"TSStatic","persistentId":"5c7cd721-b5f0-4780-a4f9-f0c286cf659f","__parent":"CBF_secondary_entrance","position":[-586.468628,9.46509361,101.565018],"isRenderEnabled":false,"rotationMatrix":[0.707106531,-0.707107008,0,0.707107008,0.707106531,0,0,0,1],"scale":[1.45000005,1.45000005,1.45000005],"shapeName":"/levels/west_coast_usa/art/shapes/objects/s_chainlink_old.dae","useInstanceRenderData":true}
{"class":"TSStatic","persistentId":"a654d72a-3dbb-4fbf-83bb-4a81476f5482","__parent":"CBF_secondary_entrance","position":[-584.357178,7.35374451,101.565018],"isRenderEnabled":false,"rotationMatrix":[0.707106531,-0.707107008,0,0.707107008,0.707106531,0,0,0,1],"scale":[1.45000005,1.45000005,1.45000005],"shapeName":"/levels/west_coast_usa/art/shapes/objects/s_chainlink_old.dae","useInstanceRenderData":true}
{"class":"TSStatic","persistentId":"8d379bab-c553-43b0-814f-82578b80d07b","__parent":"CBF_secondary_entrance","position":[-582.235474,5.23210526,101.565018],"isRenderEnabled":false,"rotationMatrix":[0.707106531,-0.707107008,0,0.707107008,0.707106531,0,0,0,1],"scale":[1.45000005,1.45000005,1.45000005],"shapeName":"/levels/west_coast_usa/art/shapes/objects/s_chainlink_old.dae","useInstanceRenderData":true}
{"class":"TSStatic","persistentId":"98851094-5fd6-4e20-aa43-1c1395b2b22a","__parent":"CBF_secondary_entrance","position":[-580.119629,3.11634254,101.565018],"isRenderEnabled":false,"rotationMatrix":[0.707106531,-0.707107008,0,0.707107008,0.707106531,0,0,0,1],"scale":[1.45000005,1.45000005,1.45000005],"shapeName":"/levels/west_coast_usa/art/shapes/objects/s_chainlink_old.dae","useInstanceRenderData":true}
{"class":"TSStatic","persistentId":"ad61d43a-c93e-4742-a846-2a3bec3b1998","__parent":"CBF_secondary_entrance","position":[-631.39447,51.149826,102.755959],"isRenderEnabled":false,"rotationMatrix":[-0.642787695,-0.766044438,0,0.766044438,-0.642787695,0,0,0,1],"shapeName":"/levels/west_coast_usa/art/shapes/objects/s_metal_gate_right.dae","useInstanceRenderData":true}
{"class":"TSStatic","persistentId":"5a6ae9e0-b79b-41cc-bf92-123541d53b08","__parent":"CBF_secondary_entrance","position":[-625.051453,57.8962784,102.749695],"isRenderEnabled":false,"rotationMatrix":[-0.766044259,-0.642787397,0,0.642787397,-0.766044259,0,0,0,1],"shapeName":"/levels/west_coast_usa/art/shapes/objects/s_metal_gate_left.dae","useInstanceRenderData":true}
{"class":"TSStatic","persistentId":"2268eef6-3e60-46bd-960b-02e3099520ef","__parent":"CBF_secondary_entrance","position":[-486.114868,87.3116989,99.8166046],"isRenderEnabled":false,"rotationMatrix":[0.357334554,0.933770657,-0.0195991434,-0.933974862,0.357291818,-0.00575854583,0.00162545126,0.0203628391,0.999791324],"shapeName":"/levels/west_coast_usa/art/shapes/objects/s_metal_gate_right.dae","useInstanceRenderData":true}
{"class":"TSStatic","persistentId":"86bbe3d7-3925-4df1-8a24-951e45695246","__parent":"CBF_secondary_entrance","position":[-489.297211,75.9407349,99.810318],"isRenderEnabled":false,"rotationMatrix":[-0.00152075291,0.999800026,0.0199493505,-0.999201477,-0.000722646713,-0.0399545506,-0.0399321429,-0.0199941657,0.999002337],"shapeName":"/levels/west_coast_usa/art/shapes/objects/s_metal_gate_left.dae","useInstanceRenderData":true}
{"class":"TSStatic","persistentId":"764d531c-d982-4938-a1f7-344ddc20993e","__parent":"CBF_secondary_entrance","position":[-580.134583,2.75537848,100.552635],"isRenderEnabled":false,"rotationMatrix":[0.642787635,0.766044378,0,-0.765903234,0.642669201,-0.0191932693,-0.0147028985,0.0123371957,0.999815822],"shapeName":"/levels/west_coast_usa/art/shapes/objects/s_metal_gate_right.dae","useInstanceRenderData":true}
{"class":"TSStatic","persistentId":"bc5b7c64-de71-4739-ab70-8ccadb2bb3b3","__parent":"CBF_secondary_entrance","position":[-538.723511,-0.293139935,99.4798965],"annotation":"OBSTACLES","decalType":"None","isRenderEnabled":false,"rotationMatrix":[0.707106709,-0.707106888,0,0.707106888,0.707106709,0,0,0,1],"shapeName":"/levels/west_coast_usa/art/shapes/objects/s_curb.dae","useInstanceRenderData":true}
{"class":"TSStatic","persistentId":"c643c63c-1c01-48a9-9641-fff60ba42d11","__parent":"CBF_secondary_entrance","position":[-536.797852,1.63846135,99.4798965],"annotation":"OBSTACLES","decalType":"None","isRenderEnabled":false,"rotationMatrix":[0.707106709,-0.707106888,0,0.707106888,0.707106709,0,0,0,1],"shapeName":"/levels/west_coast_usa/art/shapes/objects/s_curb.dae","useInstanceRenderData":true}
{"class":"TSStatic","persistentId":"463e55d3-2a63-4e4e-9035-de85e122983a","__parent":"CBF_secondary_entrance","position":[-534.791687,3.63880944,99.4798965],"annotation":"OBSTACLES","decalType":"None","isRenderEnabled":false,"rotationMatrix":[0.695319772,-0.718700528,0,0.718700528,0.695319772,0,0,0,1],"shapeName":"/levels/west_coast_usa/art/shapes/objects/s_curb.dae","useInstanceRenderData":true}
{"class":"TSStatic","persistentId":"5353b2d7-b863-40f2-a899-a446fc4cc5fb","__parent":"CBF_secondary_entrance","position":[-532.971436,5.37835026,99.4798965],"annotation":"OBSTACLES","decalType":"None","isRenderEnabled":false,"rotationMatrix":[0.719291985,-0.69470793,0,0.69470793,0.719291985,0,0,0,1],"shapeName":"/levels/west_coast_usa/art/shapes/objects/s_curb.dae","useInstanceRenderData":true}
{"class":"TSStatic","persistentId":"9c0ba351-09ac-4f27-ae0b-0fa61a327f41","__parent":"CBF_secondary_entrance","position":[-531.060425,7.35427427,99.4798965],"annotation":"OBSTACLES","decalType":"None","isRenderEnabled":false,"rotationMatrix":[0.691377878,-0.72249347,0,0.72249347,0.691377878,0,0,0,1],"shapeName":"/levels/west_coast_usa/art/shapes/objects/s_curb.dae","useInstanceRenderData":true}
{"class":"TSStatic","persistentId":"32cdb3b0-b1f9-4c4d-8267-e396e8412e6b","__parent":"CBF_secondary_entrance","position":[-529.033264,9.316576,99.4798965],"annotation":"OBSTACLES","decalType":"None","isRenderEnabled":false,"rotationMatrix":[0.696175456,-0.717871785,0,0.717871785,0.696175456,0,0,0,1],"shapeName":"/levels/west_coast_usa/art/shapes/objects/s_curb.dae","useInstanceRenderData":true}
{"class":"TSStatic","persistentId":"8367b78d-b8a1-4819-8d59-3a832b991059","__parent":"CBF_secondary_entrance","position":[-527.302246,11.1124496,99.4798965],"annotation":"OBSTACLES","decalType":"None","isRenderEnabled":false,"rotationMatrix":[0.713992476,-0.70015347,0,0.70015347,0.713992476,0,0,0,1],"shapeName":"/levels/west_coast_usa/art/shapes/objects/s_curb.dae","useInstanceRenderData":true}
{"class":"TSStatic","persistentId":"1ce758a2-94b9-465b-a37c-206105a40f7d","__parent":"CBF_secondary_entrance","position":[-525.375732,13.054718,99.4798965],"annotation":"OBSTACLES","decalType":"None","isRenderEnabled":false,"rotationMatrix":[0.7140764,-0.700067699,0,0.700067699,0.7140764,0,0,0,1],"shapeName":"/levels/west_coast_usa/art/shapes/objects/s_curb.dae","useInstanceRenderData":true}
