{"name":"Zone_2","class":"Zone","persistentId":"3b6f54f5-64ea-4530-a464-e8638eef91f1","__parent":"zones_and_portals","position":[460.601135,791.112793,226.524109],"ambientLightColor":[0.596129894,0.561799824,0.543790936,1],"rotationMatrix":[0.957244158,-0.273519039,0.0941858441,0.274740338,0.961518466,1.86264515e-09,-0.0905614346,0.0258766506,0.995554626],"scale":[98.7857666,9.41549301,49.8873215],"useAmbientLightColor":true}
{"name":"Zone_6","class":"Zone","persistentId":"de66901f-669b-460c-9739-7d351579b8d0","__parent":"zones_and_portals","position":[5.36881828,812.484863,139.00148],"ambientLightColor":[0.596129894,0.561799824,0.543790936,1],"scale":[70.3684769,31.6725597,12.9520969],"useAmbientLightColor":true}
{"name":"Zone_7","class":"Zone","persistentId":"953c6d4e-93c3-4a69-9dbc-efb5b0c9ca54","__parent":"zones_and_portals","position":[-54.4183578,784.431152,138.138977],"ambientLightColor":[0.596129894,0.561799824,0.543790936,1],"scale":[50.073967,56.5488434,12.9520969],"useAmbientLightColor":true}
{"name":"Zone_8","class":"Zone","persistentId":"88190069-85a5-4697-99ab-08cf07f25e14","__parent":"zones_and_portals","position":[153.037216,803.912659,138.138977],"ambientLightColor":[0.596129894,0.561799824,0.543790936,1],"scale":[227.927917,20.419838,12.9520969],"useAmbientLightColor":true}
{"name":"Portal_4","class":"Portal","persistentId":"d6eae8a9-b42f-4b2b-8529-b9ca5cbbf4ac","__parent":"zones_and_portals","position":[40.6058769,822.406372,141.894226],"rotationMatrix":[0.0143214464,-0.999574423,-0.0254126638,0.991665006,0.0109443069,0.128376812,-0.128044054,-0.0270393863,0.991399825],"scale":[7.35468769,7.05723,9.27140331]}
{"name":"Portal_5","class":"Portal","persistentId":"e783ab03-8202-464a-b858-bc26c17e9b58","__parent":"zones_and_portals","position":[-29.564518,806.827087,137.363068],"rotationMatrix":[-1.1920929e-07,-0.999999821,0,0.999999821,-1.1920929e-07,0,0,0,1],"scale":[7.01751137,3.33923054,9.11795044]}
{"name":"Portal_6","class":"Portal","persistentId":"87b3ae0d-ba13-4bd2-b7ae-369deff8103e","__parent":"zones_and_portals","position":[-64.0056839,756.088318,137.895416],"scale":[6.45213079,6.53994179,8.71245766]}
{"name":"Portal_7","class":"Portal","persistentId":"922cdb3c-7edc-4587-9e5f-e2ccc8e2d860","__parent":"zones_and_portals","position":[506.788116,778.47052,247.630188],"rotationMatrix":[0.281084418,0.959682941,0,-0.959682941,0.281084418,0,0,0,1],"scale":[6.04709291,0.963231087,7.89870262]}
{"name":"Portal_8","class":"Portal","persistentId":"5c047c61-e04b-48d5-9543-3cf2b7329d60","__parent":"zones_and_portals","position":[40.5143967,806.738831,135.925293],"rotationMatrix":[-1.1920929e-07,0.999999821,0,-0.999999821,-1.1920929e-07,0,0,0,1],"scale":[10.0374537,4.9618597,11.0983658]}
{"name":"Portal_9","class":"Portal","persistentId":"5d6975e7-0913-481e-af26-6b25a3739301","__parent":"zones_and_portals","position":[348.134064,787.64209,135.925293],"rotationMatrix":[-0.250900745,-0.968012869,0,0.968012869,-0.250900745,0,0,0,1],"scale":[17.0311089,15.3634501,11.0983658]}
{"name":"Zone_10","class":"Zone","persistentId":"39b2aee8-997e-46e3-b6ac-57a297544801","__parent":"zones_and_portals","position":[308.508484,799.853699,138.138977],"ambientLightColor":[0.596129894,0.561799824,0.543790936,1],"rotationMatrix":[0.991735339,-0.128300443,0,0.128300443,0.991735339,0,0,0,1],"scale":[86.5296631,33.927475,12.9520969],"useAmbientLightColor":true}
{"name":"Portal_11","class":"Portal","persistentId":"7d37eab7-9436-42d2-8c02-8abdd4b3104b","__parent":"zones_and_portals","position":[265.69162,803.107727,135.925293],"rotationMatrix":[-1.1920929e-07,0.999999821,0,-0.999999821,-1.1920929e-07,0,0,0,1],"scale":[10.0374537,7.26844501,11.0983658]}
{"name":"Zone_1","class":"Zone","persistentId":"d9772190-e78c-4a91-84f3-ad5625c1d31d","__parent":"zones_and_portals","position":[365.509888,784.431152,136.043549],"ambientLightColor":[0.596129894,0.561799824,0.543790936,1],"scale":[36.141346,56.5488434,12.9520969],"useAmbientLightColor":true}
{"name":"Portal_10","class":"Portal","persistentId":"9a42131b-a578-4876-88bc-88daede957a8","__parent":"zones_and_portals","position":[360.662567,756.098511,135.799988],"scale":[8.96643353,2.36802673,12.1075792]}
{"name":"Zone_5","class":"Zone","persistentId":"bef1346c-acfa-4ad8-8c12-654577d2dbb7","__parent":"zones_and_portals","position":[57.1156235,825.550293,144.092316],"ambientLightColor":[0.596129894,0.561799824,0.543790936,1],"rotationMatrix":[0.992762089,0.0358275697,0.114628822,-0.0355336666,0.999357879,-0.00460689096,-0.11472027,0.000500364229,0.993397713],"scale":[36.6640472,13.8180609,12.9520969],"useAmbientLightColor":true}
{"name":"Zone_9","class":"Zone","persistentId":"bc540384-f8a8-47ef-a762-6944a26ed994","__parent":"zones_and_portals","position":[91.1034698,832.315125,149.02977],"ambientLightColor":[0.596129894,0.561799824,0.543790936,1],"rotationMatrix":[0.982374609,0.146335945,0.116301194,-0.145104155,0.989233255,-0.0190345552,-0.117834449,0.00182327628,0.993031561],"scale":[36.6640472,13.8180609,12.9520969],"useAmbientLightColor":true}
{"name":"Portal_12","class":"Portal","persistentId":"1080619c-4583-495d-80ec-0ee7b2127f94","__parent":"zones_and_portals","position":[74.7496109,828.491272,146.801208],"rotationMatrix":[0.0351222157,-0.999124646,-0.0227139182,0.991146207,0.0319117308,0.128881574,-0.128043965,-0.0270393901,0.991399825],"scale":[7.35468769,9.22876263,9.27140331]}
{"name":"Zone_11","class":"Zone","persistentId":"c34ae0bf-1e76-4401-82b1-a08018ea0849","__parent":"zones_and_portals","position":[126.123749,834.672668,153.585068],"ambientLightColor":[0.596129894,0.561799824,0.543790936,1],"rotationMatrix":[0.993509591,0,0.113748185,0,1,0,-0.113748185,0,0.993509591],"scale":[36.6640472,13.8180609,12.9520969],"useAmbientLightColor":true}
{"name":"Portal_13","class":"Portal","persistentId":"59a3f33e-8132-4e24-bb89-7949d8153f23","__parent":"zones_and_portals","position":[108.987808,832.140747,151.3228],"rotationMatrix":[-0.0212337971,-0.999324322,-0.029997956,0.991541028,-0.024892211,0.127383411,-0.128044069,-0.0270393603,0.991399825],"scale":[7.35468769,9.22777748,9.27140331]}
{"name":"Zone_4","class":"Zone","persistentId":"7984e049-c376-4e4a-af56-7d9b42a45d7a","__parent":"zones_and_portals","position":[160.475601,837.792297,161.391159],"ambientLightColor":[0.596129894,0.561799824,0.543790936,1],"rotationMatrix":[0.993509591,0,0.113748185,0,1,0,-0.113748185,0,0.993509591],"scale":[36.6640472,13.8180609,12.9520969],"useAmbientLightColor":true}
{"name":"Portal_3","class":"Portal","persistentId":"8edd0841-24f8-4347-98bf-2c090de19fab","__parent":"zones_and_portals","position":[143.339661,835.260376,159.128891],"rotationMatrix":[-0.0212337971,-0.999324322,-0.029997956,0.991541028,-0.024892211,0.127383411,-0.128044069,-0.0270393603,0.991399825],"scale":[7.35468769,8.76324081,9.27140331]}
{"name":"Zone_12","class":"Zone","persistentId":"0d79b7d2-cbd8-4a83-866a-40b2af176ddc","__parent":"zones_and_portals","position":[194.93042,836.862671,167.97435],"ambientLightColor":[0.596129894,0.561799824,0.543790936,1],"rotationMatrix":[0.993509591,0,0.113748185,0,1,0,-0.113748185,0,0.993509591],"scale":[36.6640472,13.8180609,12.9520969],"useAmbientLightColor":true}
{"name":"Portal_14","class":"Portal","persistentId":"dcc4d4d0-ab64-4656-880e-656f35518c14","__parent":"zones_and_portals","position":[177.794479,834.33075,165.712082],"rotationMatrix":[-0.0212337971,-0.999324322,-0.029997956,0.991541028,-0.024892211,0.127383411,-0.128044069,-0.0270393603,0.991399825],"scale":[7.35468769,10.3263369,9.27140331]}
{"name":"Zone_13","class":"Zone","persistentId":"020167e4-3070-46db-8100-be34f9d5f6e7","__parent":"zones_and_portals","position":[229.176834,835.273315,175.65773],"ambientLightColor":[0.596129894,0.561799824,0.543790936,1],"rotationMatrix":[0.993509591,0,0.113748185,0,1,0,-0.113748185,0,0.993509591],"scale":[36.6640472,14.1483355,12.9520969],"useAmbientLightColor":true}
{"name":"Portal_15","class":"Portal","persistentId":"1b7a22a1-0422-4ea1-a667-02b101020b03","__parent":"zones_and_portals","position":[212.145004,835.57843,172.486145],"rotationMatrix":[-0.0212337971,-0.999324322,-0.029997956,0.991541028,-0.024892211,0.127383411,-0.128044069,-0.0270393603,0.991399825],"scale":[7.35468769,7.52293491,9.27140331]}
{"name":"Zone_3","class":"Zone","persistentId":"89bece09-ac32-4e23-ac07-c0d8005f9ddf","__parent":"zones_and_portals","position":[263.694275,832.364197,184.431168],"ambientLightColor":[0.596129894,0.561799824,0.543790936,1],"rotationMatrix":[0.993509591,0,0.113748185,0,1,0,-0.113748185,0,0.993509591],"scale":[36.6640472,14.1483355,12.9520969],"useAmbientLightColor":true}
{"name":"Portal_2","class":"Portal","persistentId":"a5fb4dcf-39db-40eb-9d85-2b66522e4642","__parent":"zones_and_portals","position":[246.852875,832.669312,179.596298],"rotationMatrix":[-0.0212337971,-0.999324322,-0.029997956,0.991541028,-0.024892211,0.127383411,-0.128044069,-0.0270393603,0.991399825],"scale":[7.35468769,5.06146336,9.27140331]}
{"name":"Zone_14","class":"Zone","persistentId":"8016e1f7-832a-438e-9f25-a12d87bbce25","__parent":"zones_and_portals","position":[297.92038,826.973633,193.971863],"ambientLightColor":[0.596129894,0.561799824,0.543790936,1],"rotationMatrix":[0.993509591,0,0.113748185,0,1,0,-0.113748185,0,0.993509591],"scale":[36.6640472,14.1483355,12.9520969],"useAmbientLightColor":true}
{"name":"Portal_16","class":"Portal","persistentId":"43a5163d-39c9-4361-a4cb-4b048836dfcf","__parent":"zones_and_portals","position":[281.132812,829.377686,188.666687],"rotationMatrix":[-0.0212337971,-0.999324322,-0.029997956,0.991541028,-0.024892211,0.127383411,-0.128044069,-0.0270393603,0.991399825],"scale":[7.35468769,6.89614916,9.27140331]}
{"name":"Zone_15","class":"Zone","persistentId":"34045a01-21f4-4533-8b8f-8e24ac57cfaa","__parent":"zones_and_portals","position":[332.069122,820.788391,202.961426],"ambientLightColor":[0.596129894,0.561799824,0.543790936,1],"rotationMatrix":[0.993509591,0,0.113748185,0,1,0,-0.113748185,0,0.993509591],"scale":[36.6640472,14.1483355,12.9520969],"useAmbientLightColor":true}
{"name":"Portal_17","class":"Portal","persistentId":"b434d62a-49bd-48d4-9485-403b7831c084","__parent":"zones_and_portals","position":[315.281555,823.619995,197.65625],"rotationMatrix":[-0.0212337971,-0.999324322,-0.029997956,0.991541028,-0.024892211,0.127383411,-0.128044069,-0.0270393603,0.991399825],"scale":[7.35468769,6.12330103,9.27140331]}
{"name":"Zone_16","class":"Zone","persistentId":"73e56321-9cfe-4310-b287-945d82f4d715","__parent":"zones_and_portals","position":[366.327759,813.726562,213.267883],"ambientLightColor":[0.596129894,0.561799824,0.543790936,1],"rotationMatrix":[0.993509591,0,0.113748185,0,1,0,-0.113748185,0,0.993509591],"scale":[36.6640472,14.1483355,12.9520969],"useAmbientLightColor":true}
{"name":"Portal_18","class":"Portal","persistentId":"782284f1-949a-4b8c-87d7-404f3334680f","__parent":"zones_and_portals","position":[349.540192,817.424438,207.962708],"rotationMatrix":[-0.0212337971,-0.999324322,-0.029997956,0.991541028,-0.024892211,0.127383411,-0.128044069,-0.0270393603,0.991399825],"scale":[7.35468769,6.06504774,9.27140331]}
{"name":"Portal_19","class":"Portal","persistentId":"09f69ed3-ac45-4a60-82dc-e2c1f7682851","__parent":"zones_and_portals","position":[383.176727,809.695251,216.905121],"rotationMatrix":[-0.212320089,-0.975705206,-0.0540334769,0.968774974,-0.21741271,0.119192258,-0.128044069,-0.0270393752,0.991399825],"scale":[7.35468769,6.35372925,9.27140331]}
{"name":"Zone_19","class":"Zone","persistentId":"dcf81c8f-9d19-492a-b5a2-3ee2968b998d","__parent":"zones_and_portals","position":[398.295807,807.105347,222.218735],"ambientLightColor":[0.596129894,0.561799824,0.543790936,1],"rotationMatrix":[0.974622548,-0.194060534,0.111585774,0.192800999,0.980989575,0.0220740344,-0.11374817,0,0.993509591],"scale":[33.1696548,11.0133734,12.9520969],"useAmbientLightColor":true}
{"name":"Portal_21","class":"Portal","persistentId":"fa44ebf9-b3df-426c-9c66-1bd73763d4eb","__parent":"zones_and_portals","position":[413.705536,802.815857,223.39946],"rotationMatrix":[-0.208760977,-0.976496756,-0.0535954237,0.969547927,-0.213828206,0.119389847,-0.128044039,-0.0270393677,0.991399825],"scale":[7.35468769,6.96903038,9.27140331]}
