{"class":"TSStatic","persistentId":"c4ac8901-a8e0-4783-9621-577c953550e6","__parent":"Dealerships","position":[-1106.2229,793.914429,382.082092],"annotation":"OBSTACLES","isRenderEnabled":false,"rotationMatrix":[0.707106769,0.707106829,0,-0.707106829,0.707106769,0,0,0,1],"scale":[1.48233557,1.48233557,1.48233557],"shapeName":"/levels/italy/art/shapes/buildings/dealerships/arrow_sign.dae","useInstanceRenderData":true}
{"class":"TSStatic","persistentId":"ae753cdb-6fcc-4fd7-a3eb-baee108a994b","__parent":"Dealerships","position":[-1106.23376,793.819214,382.929688],"annotation":"OBSTACLES","isRenderEnabled":false,"rotationMatrix":[0.707106769,0.707106829,0,-0.707106829,0.707106769,0,0,0,1],"scale":[1.21949232,1.13365257,1.13365257],"shapeName":"/levels/italy/art/shapes/buildings/dealerships/claudio_motors_sign.dae","useInstanceRenderData":true}
{"class":"TSStatic","persistentId":"e3af90c1-a4d9-4960-9668-7e60af03f151","__parent":"Dealerships","position":[-1106.28394,793.909485,377.756104],"annotation":"OBSTACLES","isRenderEnabled":false,"rotationMatrix":[0.707106769,0.707106829,0,-0.707106829,0.707106769,0,0,0,1],"scale":[1.5,1.5,1.5],"shapeName":"/art/shapes/garage_and_dealership/s_billboard_metal_stand_02.dae","useInstanceRenderData":true}
{"class":"TSStatic","persistentId":"048d029c-062f-4eeb-849a-49d700db42b3","__parent":"Dealerships","position":[-1106.23657,793.86792,383.001709],"annotation":"OBSTACLES","isRenderEnabled":false,"rotationMatrix":[0.707106769,0.707106829,0,-0.707106829,0.707106769,0,0,0,1],"scale":[1.09213591,1.09213591,2.09213638],"shapeName":"/art/shapes/garage_and_dealership/s_billboard_metal_01.dae","useInstanceRenderData":true}
{"class":"TSStatic","persistentId":"6b97de30-e747-4ee0-a63b-07f8696907d0","__parent":"Dealerships","position":[-1091.54651,762.17511,381.507263],"annotation":"OBSTACLES","isRenderEnabled":false,"rotationMatrix":[-1,0,-3.25841398e-07,0,1,0,3.25841398e-07,0,-1],"scale":[1.48233557,1.48233557,1.48233557],"shapeName":"/levels/italy/art/shapes/buildings/dealerships/arrow_sign.dae","useInstanceRenderData":true}
{"class":"TSStatic","persistentId":"fac12948-6b12-4b16-ba94-85ce6c8e5bff","__parent":"Dealerships","position":[-1091.50598,762.115417,382.354858],"annotation":"OBSTACLES","isRenderEnabled":false,"scale":[1.21949232,1.13365257,1.13365257],"shapeName":"/levels/italy/art/shapes/buildings/dealerships/claudio_motors_sign.dae","useInstanceRenderData":true}
{"class":"TSStatic","persistentId":"102e7681-4e9b-4527-983a-9cfc489c3860","__parent":"Dealerships","position":[-1091.47351,762.151855,382.42688],"annotation":"OBSTACLES","isRenderEnabled":false,"scale":[1.09213591,1.09213591,2.09213638],"shapeName":"/art/shapes/garage_and_dealership/s_billboard_metal_01.dae","useInstanceRenderData":true}
{"class":"TSStatic","persistentId":"6b0affac-949d-4010-8aee-2be7955199d2","__parent":"Dealerships","position":[-1091.47766,762.214783,377.181274],"annotation":"OBSTACLES","isRenderEnabled":false,"scale":[1.5,1.5,1.5],"shapeName":"/art/shapes/garage_and_dealership/s_billboard_metal_stand_02.dae","useInstanceRenderData":true}
{"class":"TSStatic","persistentId":"72928f8c-bb4e-46c5-b338-094fce8c9ed2","__parent":"Dealerships","position":[-1106.26587,793.916626,381.182404],"annotation":"OBSTACLES","isRenderEnabled":false,"rotationMatrix":[0.707106769,0.707106829,0,-0.707106829,0.707106769,0,0,0,1],"scale":[1.17579055,1.17579055,1.17579055],"shapeName":"/art/shapes/garage_and_dealership/s_billboard_hang_02.dae","useInstanceRenderData":true}
{"class":"TSStatic","persistentId":"ad781bf6-593c-4d09-bc74-3f9c7f25ccce","__parent":"Dealerships","position":[-1091.54651,762.241821,381.507263],"annotation":"OBSTACLES","isRenderEnabled":false,"rotationMatrix":[-1,0,-3.25841398e-07,0,1,0,3.25841398e-07,0,-1],"scale":[1.48233557,1.48233557,1.48233557],"shapeName":"/levels/italy/art/shapes/buildings/dealerships/arrow_sign.dae","useInstanceRenderData":true}
{"class":"TSStatic","persistentId":"acb3275d-748f-4fbc-ab1f-0aee4d5d27e6","__parent":"Dealerships","position":[-1091.45349,762.220398,382.354858],"annotation":"OBSTACLES","isRenderEnabled":false,"rotationMatrix":[-1,-3.25841398e-07,0,3.25841398e-07,-1,0,0,0,1],"scale":[1.21949232,1.13365257,1.13365257],"shapeName":"/levels/italy/art/shapes/buildings/dealerships/claudio_motors_sign.dae","useInstanceRenderData":true}
{"class":"TSStatic","persistentId":"e3e8702d-c1d3-4a6b-a979-bcf6315775b4","__parent":"Dealerships","position":[221.490387,-311.212524,192.424469],"annotation":"OBSTACLES","isRenderEnabled":false,"rotationMatrix":[0.923879504,0.382683486,0,-0.382683486,0.923879504,0,0,0,1],"shapeName":"/art/shapes/garage_and_dealership/Clutter/cbbox_medium_dirt.DAE","useInstanceRenderData":true}
{"class":"TSStatic","persistentId":"46fb7971-150c-4273-a85e-b0c74d64cf4c","__parent":"Dealerships","position":[221.492081,-311.208649,192.022934],"annotation":"OBSTACLES","isRenderEnabled":false,"rotationMatrix":[0.707106769,-0.707106829,0,0.707106829,0.707106769,0,0,0,1],"shapeName":"/art/shapes/garage_and_dealership/Clutter/cbbox_new_a.DAE","useInstanceRenderData":true}
{"class":"TSStatic","persistentId":"da499553-a5c9-4f47-9c08-aad7de68275f","__parent":"Dealerships","position":[208.287323,-310.093384,192.028168],"annotation":"OBSTACLES","isRenderEnabled":false,"shapeName":"/art/shapes/garage_and_dealership/Clutter/clutter_barrels_red.dae","useInstanceRenderData":true}
{"class":"TSStatic","persistentId":"4f7a0d2b-a7a8-4af6-ba2a-c757df975436","__parent":"Dealerships","position":[209.074112,-310.251282,192.86319],"annotation":"OBSTACLES","isRenderEnabled":false,"rotationMatrix":[0.707106769,0.707106829,0,-0.707106829,0.707106769,0,0,0,1],"shapeName":"/art/shapes/garage_and_dealership/Clutter/clutter_workshop_black_oil.dae","useInstanceRenderData":true}
{"class":"TSStatic","persistentId":"31e7a335-257f-48d7-a5b4-69428afc5caa","__parent":"Dealerships","position":[222.135971,-311.531067,192.528091],"annotation":"OBSTACLES","isRenderEnabled":false,"rotationMatrix":[-3.2584137e-07,-1,0,1,-3.2584137e-07,0,0,0,1],"shapeName":"/art/shapes/garage_and_dealership/Clutter/clutter_workshop_fire_extinguisher.dae","useInstanceRenderData":true}
{"class":"TSStatic","persistentId":"ff2f6f8b-0a31-46fe-83a7-4d72285d9fae","__parent":"Dealerships","position":[-1104.46802,926.529724,384.520844],"annotation":"POLE","isRenderEnabled":false,"rotationMatrix":[-1,3.25841398e-07,0,-3.25841398e-07,-1,0,0,0,1],"shapeName":"/art/shapes/garage_and_dealership/Clutter/eca_lamppost.dae","useInstanceRenderData":true}
{"class":"TSStatic","persistentId":"04a2e35f-cd54-43c4-9d5b-f93386563f30","__parent":"Dealerships","position":[209.050858,-310.147369,192.014572],"annotation":"OBSTACLES","isRenderEnabled":false,"shapeName":"/art/shapes/garage_and_dealership/Clutter/metal_drum_a.DAE","useInstanceRenderData":true}
{"class":"TSStatic","persistentId":"1a6f7ee3-b5b9-4153-9fde-8516a17e435a","__parent":"Dealerships","position":[-1121.38623,928.003479,386.361206],"annotation":"OBSTACLES","isRenderEnabled":false,"shapeName":"/art/shapes/garage_and_dealership/s_billboard_hang_02.dae","useInstanceRenderData":true}
{"class":"TSStatic","persistentId":"54b9fa42-dea6-4ec0-b334-9d75f2a38ada","__parent":"Dealerships","position":[-1128.30029,938.849487,386.096161],"annotation":"OBSTACLES","isRenderEnabled":false,"rotationMatrix":[-3.2584137e-07,1,0,-1,-3.2584137e-07,0,0,0,1],"scale":[1.2342732,1.2342732,1.2342732],"shapeName":"/art/shapes/garage_and_dealership/s_billboard_hang_03.dae","useInstanceRenderData":true}
{"class":"TSStatic","persistentId":"fc34d309-a240-4fca-8d95-075306b73d77","__parent":"Dealerships","position":[888.682922,1295.28577,146.33371],"annotation":"OBSTACLES","isRenderEnabled":false,"rotationMatrix":[-1,-3.25841398e-07,0,3.25841398e-07,-1,0,0,0,1],"scale":[1.65957856,1.65957856,1.65957856],"shapeName":"/art/shapes/garage_and_dealership/s_billboard_metal_02.dae","useInstanceRenderData":true}
{"class":"TSStatic","persistentId":"43553c5f-ee98-4629-9cf2-a7b278a8f911","__parent":"Dealerships","position":[208.363617,-327.788849,192.025757],"annotation":"OBSTACLES","isRenderEnabled":false,"shapeName":"/art/shapes/garage_and_dealership/s_billboard_metal_stand_03.dae","useInstanceRenderData":true}
{"class":"TSStatic","persistentId":"5e7c4e3f-0caa-4e22-aecb-18a4048a42f7","__parent":"Dealerships","position":[224.635635,-319.768127,193.865463],"annotation":"OBSTACLES","isRenderEnabled":false,"shapeName":"/art/shapes/garage_and_dealership/s_billboard_wood_0.5m_04.dae","useInstanceRenderData":true}
{"class":"TSStatic","persistentId":"6d75152e-cfb3-4dfd-8c95-e414983e277a","__parent":"Dealerships","position":[889.573364,1305.47217,150.322403],"annotation":"OBSTACLES","isRenderEnabled":false,"rotationMatrix":[-1,-3.25841398e-07,0,3.25841398e-07,-1,0,0,0,1],"shapeName":"/art/shapes/garage_and_dealership/s_billboard_wood_1.5m_01.dae","useInstanceRenderData":true}
{"class":"TSStatic","persistentId":"49fd3697-7934-4dfa-b82d-2b83bc166061","__parent":"Dealerships","position":[208.365692,-327.860565,193.439468],"annotation":"OBSTACLES","isRenderEnabled":false,"shapeName":"/art/shapes/garage_and_dealership/s_billboard_wood_1.5m_02.dae","useInstanceRenderData":true}
{"class":"TSStatic","persistentId":"77cf83be-13d4-46de-b8f8-e1af3a90d60a","__parent":"Dealerships","position":[891.910156,1305.47205,150.320114],"annotation":"OBSTACLES","isRenderEnabled":false,"rotationMatrix":[-1,-3.25841398e-07,0,3.25841398e-07,-1,0,0,0,1],"shapeName":"/art/shapes/garage_and_dealership/s_billboard_wood_1.5m_03.dae","useInstanceRenderData":true}
{"class":"TSStatic","persistentId":"a78ee900-2e6f-411a-aafd-cb199b03f03d","__parent":"Dealerships","position":[-1125.82263,927.93689,386.259674],"annotation":"OBSTACLES","isRenderEnabled":false,"rotationMatrix":[1,2.68220901e-07,0,-2.68220901e-07,1,0,0,0,1],"shapeName":"/art/shapes/garage_and_dealership/s_billboard_wood_1.5m_06.dae","useInstanceRenderData":true}
{"class":"TSStatic","persistentId":"2bcd91a6-1799-402f-b161-ffa002351733","__parent":"Dealerships","position":[-1120.37415,904.925415,384.671509],"annotation":"OBSTACLES","isRenderEnabled":false,"shapeName":"/art/shapes/garage_and_dealership/s_billboard_wood_1.5m_08.dae","useInstanceRenderData":true}
{"class":"TSStatic","persistentId":"702b00dc-e8b9-41cc-8212-ca9461fa142f","__parent":"Dealerships","position":[219.882919,-324.296997,191.543213],"annotation":"OBSTACLES","isRenderEnabled":false,"shapeName":"/art/shapes/garage_and_dealership/s_billboard_wood_pole_01.dae","useInstanceRenderData":true}
{"class":"TSStatic","persistentId":"29577bbe-e798-4047-ad51-7ec92bf9e9c6","__parent":"Dealerships","position":[-1119.88049,919.684143,383.748993],"annotation":"OBSTACLES","isRenderEnabled":false,"rotationMatrix":[-0.707106948,0.70710665,0,-0.70710665,-0.707106948,0,0,0,1],"shapeName":"/art/shapes/garage_and_dealership/s_flag_floor_portrait_02.dae","useInstanceRenderData":true}
{"class":"TSStatic","persistentId":"f6a450c9-d2d7-4617-aa9a-5a9cea4d58eb","__parent":"Dealerships","position":[227.672012,-320.352966,192.093201],"annotation":"OBSTACLES","isRenderEnabled":false,"rotationMatrix":[0.819151998,-0.57357651,0,0.57357651,0.819151998,0,0,0,1],"shapeName":"/art/shapes/garage_and_dealership/s_flag_floor_portrait_03.dae","useInstanceRenderData":true}
{"class":"TSStatic","persistentId":"9e833a28-8c79-48ba-b1b3-7a493eb67960","__parent":"Dealerships","position":[896.137268,1305.22144,148.160049],"annotation":"OBSTACLES","isRenderEnabled":false,"rotationMatrix":[-1,-3.25841398e-07,0,3.25841398e-07,-1,0,0,0,1],"shapeName":"/art/shapes/garage_and_dealership/s_flag_floor_portrait_04.dae","useInstanceRenderData":true}
{"class":"TSStatic","persistentId":"ec49c16e-9a75-43f9-aa9d-b31931699807","__parent":"Dealerships","position":[209.643494,-328.135529,192.029953],"annotation":"OBSTACLES","isRenderEnabled":false,"rotationMatrix":[0.537299454,-0.843391538,0,0.843391538,0.537299454,0,0,0,1],"shapeName":"/art/shapes/garage_and_dealership/s_flag_floor_teardrop_01.dae","useInstanceRenderData":true}
{"class":"TSStatic","persistentId":"0feb8173-9ccb-4f0d-94ed-19785ed2a574","__parent":"Dealerships","position":[213.389008,-324.355469,195.238983],"annotation":"OBSTACLES","isRenderEnabled":false,"rotationMatrix":[0.99619472,0,-0.0871557519,0,1,0,0.0871557519,0,0.99619472],"scale":[1.084777,1.084777,1.084777],"shapeName":"/art/shapes/garage_and_dealership/s_flag_tinsel_01.dae","useInstanceRenderData":true}
{"class":"TSStatic","persistentId":"211e61fc-24e9-46c0-bb30-3cbbaf1cd7fe","__parent":"Dealerships","position":[216.604111,-324.352783,194.952591],"annotation":"OBSTACLES","isRenderEnabled":false,"rotationMatrix":[0.99619472,0,0.087155737,0,1,0,-0.087155737,0,0.99619472],"scale":[1.084777,1.084777,1.084777],"shapeName":"/art/shapes/garage_and_dealership/s_flag_tinsel_02.dae","useInstanceRenderData":true}
{"class":"TSStatic","persistentId":"7cf28488-6959-43de-a00e-e49bea715ce6","__parent":"Dealerships","position":[219.838058,-324.355743,195.236252],"annotation":"OBSTACLES","isRenderEnabled":false,"rotationMatrix":[0.99619472,0,-0.0871557519,0,1,0,0.0871557519,0,0.99619472],"scale":[1.084777,1.084777,1.084777],"shapeName":"/art/shapes/garage_and_dealership/s_flag_tinsel_03.dae","useInstanceRenderData":true}
{"class":"TSStatic","persistentId":"a40f60c5-3d8c-4bf9-b873-5f2ff4e8de88","__parent":"Dealerships","position":[210.347107,-324.388611,194.447296],"annotation":"OBSTACLES","isRenderEnabled":false,"shapeName":"/art/shapes/garage_and_dealership/s_flag_tinsel_hang_01.dae","useInstanceRenderData":true}
{"class":"TSStatic","persistentId":"bcca7492-9492-4450-94ce-8b1c40b763a8","__parent":"Dealerships","position":[213.362228,-317.305664,195.196594],"annotation":"OBSTACLES","isRenderEnabled":false,"rotationMatrix":[-3.2584137e-07,-1,0,1,-3.2584137e-07,0,0,0,1],"shapeName":"/art/shapes/garage_and_dealership/s_flag_tinsel_hang_02.dae","useInstanceRenderData":true}
{"class":"TSStatic","persistentId":"14d4c00f-66c4-4c3a-9282-cdc9e93a7c21","__parent":"Dealerships","position":[-1126.651,913.1297,386.741028],"annotation":"OBSTACLES","isRenderEnabled":false,"shapeName":"/art/shapes/garage_and_dealership/s_string_tinsel_01.dae","useInstanceRenderData":true}
{"class":"TSStatic","persistentId":"01ab936d-575d-4222-9027-04e75410fbe7","__parent":"Dealerships","position":[-1123.40613,913.1297,386.739532],"annotation":"OBSTACLES","isRenderEnabled":false,"rotationMatrix":[0.99619472,0,0.0871557519,0,1,0,-0.0871557519,0,0.99619472],"shapeName":"/art/shapes/garage_and_dealership/s_string_tinsel_01.dae","useInstanceRenderData":true}
{"class":"TSStatic","persistentId":"48fc7c71-86c2-4786-bddc-c7973642454e","__parent":"Dealerships","position":[229.489975,-324.296997,191.543213],"annotation":"OBSTACLES","isRenderEnabled":false,"shapeName":"/art/shapes/garage_and_dealership/s_billboard_wood_pole_01.dae","useInstanceRenderData":true}
{"class":"TSStatic","persistentId":"53cd289b-3978-41ea-beeb-12396e793f76","__parent":"Dealerships","position":[-1129.8866,913.1297,387.023071],"annotation":"OBSTACLES","isRenderEnabled":false,"rotationMatrix":[0.996194541,0,-0.0871557072,0,1,0,0.0871557072,0,0.996194541],"shapeName":"/art/shapes/garage_and_dealership/s_string_tinsel_01.dae","useInstanceRenderData":true}
{"class":"TSStatic","persistentId":"dffbea3e-cef8-46b7-bead-a240efb30f80","__parent":"Dealerships","position":[-1123.40613,919.675049,386.739532],"annotation":"OBSTACLES","isRenderEnabled":false,"rotationMatrix":[0.99619472,0,0.0871557519,0,1,0,-0.0871557519,0,0.99619472],"shapeName":"/art/shapes/garage_and_dealership/s_string_tinsel_01.dae","useInstanceRenderData":true}
{"class":"TSStatic","persistentId":"4678c279-e45c-47e9-b442-1f1b7457203a","__parent":"Dealerships","position":[-1126.651,919.675049,386.741028],"annotation":"OBSTACLES","isRenderEnabled":false,"shapeName":"/art/shapes/garage_and_dealership/s_string_tinsel_01.dae","useInstanceRenderData":true}
{"class":"TSStatic","persistentId":"87ad70db-3d40-4119-bee2-651c5aa54d70","__parent":"Dealerships","position":[-1129.8866,919.675049,387.023071],"annotation":"OBSTACLES","isRenderEnabled":false,"rotationMatrix":[0.996194541,0,-0.0871557072,0,1,0,0.0871557072,0,0.996194541],"shapeName":"/art/shapes/garage_and_dealership/s_string_tinsel_01.dae","useInstanceRenderData":true}
{"class":"TSStatic","persistentId":"01eb368b-b127-4eb8-a2b8-37dbd927962b","__parent":"Dealerships","position":[-1120.14844,919.638672,387.023071],"annotation":"OBSTACLES","isRenderEnabled":false,"rotationMatrix":[-3.24601388e-07,-0.996194541,-0.0871557072,1,-3.2584137e-07,0,-2.83989348e-08,-0.0871557072,0.996194541],"shapeName":"/art/shapes/garage_and_dealership/s_string_tinsel_01.dae","useInstanceRenderData":true}
{"class":"TSStatic","persistentId":"5f3a1e66-874a-4bbc-900b-ed4cddebb51a","__parent":"Dealerships","position":[-1120.14856,916.421448,386.739532],"annotation":"OBSTACLES","isRenderEnabled":false,"rotationMatrix":[-3.24601444e-07,-0.99619472,0.0871557519,1,-3.2584137e-07,0,2.8398949e-08,0.0871557519,0.99619472],"shapeName":"/art/shapes/garage_and_dealership/s_string_tinsel_01.dae","useInstanceRenderData":true}
{"class":"TSStatic","persistentId":"891edc54-a358-462b-bfa4-5c62c8246097","__parent":"Dealerships","position":[-1120.15918,913.179749,383.280243],"annotation":"OBSTACLES","isRenderEnabled":false,"shapeName":"/art/shapes/garage_and_dealership/s_billboard_wood_pole_01.dae","useInstanceRenderData":true}
{"class":"TSStatic","persistentId":"9aeabcd7-5329-4a61-b7fc-bd3a67bfa0ff","__parent":"Dealerships","position":[-1120.15918,919.678711,383.280243],"annotation":"OBSTACLES","isRenderEnabled":false,"shapeName":"/art/shapes/garage_and_dealership/s_billboard_wood_pole_01.dae","useInstanceRenderData":true}
{"class":"TSStatic","persistentId":"e8b882e2-5b06-43c1-9b9c-e96ab74ed316","__parent":"Dealerships","position":[-1120.15918,906.684204,383.280243],"annotation":"OBSTACLES","isRenderEnabled":false,"shapeName":"/art/shapes/garage_and_dealership/s_billboard_wood_pole_01.dae","useInstanceRenderData":true}
{"class":"TSStatic","persistentId":"09d4260e-93d0-4536-b356-b244044ce933","__parent":"Dealerships","position":[-1120.14856,909.925903,386.739532],"annotation":"OBSTACLES","isRenderEnabled":false,"rotationMatrix":[-3.24601444e-07,-0.99619472,0.0871557519,1,-3.2584137e-07,0,2.8398949e-08,0.0871557519,0.99619472],"shapeName":"/art/shapes/garage_and_dealership/s_string_tinsel_01.dae","useInstanceRenderData":true}
{"class":"TSStatic","persistentId":"726c12c9-93d2-41c9-b923-6ee289a942ef","__parent":"Dealerships","position":[-1120.14844,913.143127,387.023071],"annotation":"OBSTACLES","isRenderEnabled":false,"rotationMatrix":[-3.24601388e-07,-0.996194541,-0.0871557072,1,-3.2584137e-07,0,-2.83989348e-08,-0.0871557072,0.996194541],"shapeName":"/art/shapes/garage_and_dealership/s_string_tinsel_01.dae","useInstanceRenderData":true}
{"class":"TSStatic","persistentId":"ae8cb0d3-0efd-4281-b0a6-4af039ca4a5f","__parent":"Dealerships","position":[-1126.651,906.634155,386.741028],"annotation":"OBSTACLES","isRenderEnabled":false,"shapeName":"/art/shapes/garage_and_dealership/s_string_tinsel_01.dae","useInstanceRenderData":true}
{"class":"TSStatic","persistentId":"a4fb96ec-c96a-4350-a202-730a260a2a4e","__parent":"Dealerships","position":[-1123.40613,906.634155,386.739532],"annotation":"OBSTACLES","isRenderEnabled":false,"rotationMatrix":[0.99619472,0,0.0871557519,0,1,0,-0.0871557519,0,0.99619472],"shapeName":"/art/shapes/garage_and_dealership/s_string_tinsel_01.dae","useInstanceRenderData":true}
{"class":"TSStatic","persistentId":"5b1d1124-460b-4fa5-a99b-1a57dcc7e874","__parent":"Dealerships","position":[-1129.8866,906.634155,387.023071],"annotation":"OBSTACLES","isRenderEnabled":false,"rotationMatrix":[0.996194541,0,-0.0871557072,0,1,0,0.0871557072,0,0.996194541],"shapeName":"/art/shapes/garage_and_dealership/s_string_tinsel_01.dae","useInstanceRenderData":true}
{"class":"TSStatic","persistentId":"ca7ca877-0099-4fd6-9eae-f20e00c91eab","__parent":"Dealerships","position":[207.449799,-324.388611,194.447296],"annotation":"OBSTACLES","isRenderEnabled":false,"shapeName":"/art/shapes/garage_and_dealership/s_flag_tinsel_hang_01.dae","useInstanceRenderData":true}
{"class":"TSStatic","persistentId":"6a644bff-d45a-4496-85a6-2c439e1743a5","__parent":"Dealerships","position":[207.449799,-317.289612,194.447296],"annotation":"OBSTACLES","isRenderEnabled":false,"shapeName":"/art/shapes/garage_and_dealership/s_flag_tinsel_hang_01.dae","useInstanceRenderData":true}
{"class":"TSStatic","persistentId":"72ce51c7-6a4c-4fbd-97ee-fe027898e59a","__parent":"Dealerships","position":[210.347107,-317.289612,194.447296],"annotation":"OBSTACLES","isRenderEnabled":false,"shapeName":"/art/shapes/garage_and_dealership/s_flag_tinsel_hang_01.dae","useInstanceRenderData":true}
{"class":"TSStatic","persistentId":"a9a6d868-8d3a-43e2-a486-5455df4e9c62","__parent":"Dealerships","position":[207.449799,-310.192566,194.447296],"annotation":"OBSTACLES","isRenderEnabled":false,"shapeName":"/art/shapes/garage_and_dealership/s_flag_tinsel_hang_01.dae","useInstanceRenderData":true}
{"class":"TSStatic","persistentId":"3b6f5da2-8b20-496a-bf2e-9ba1e6fc2e02","__parent":"Dealerships","position":[210.347107,-310.192566,194.447296],"annotation":"OBSTACLES","isRenderEnabled":false,"shapeName":"/art/shapes/garage_and_dealership/s_flag_tinsel_hang_01.dae","useInstanceRenderData":true}
{"class":"TSStatic","persistentId":"9d977146-519a-4d27-9f21-a424f32acd19","__parent":"Dealerships","position":[213.35556,-310.203583,195.225418],"annotation":"OBSTACLES","isRenderEnabled":false,"rotationMatrix":[-3.2584137e-07,-1,0,1,-3.2584137e-07,0,0,0,1],"shapeName":"/art/shapes/garage_and_dealership/s_flag_tinsel_hang_01.dae","useInstanceRenderData":true}
{"class":"TSStatic","persistentId":"db6409a5-5718-4fcb-8c87-38f5b88045e3","__parent":"Dealerships","position":[213.35556,-314.274597,195.207153],"annotation":"OBSTACLES","isRenderEnabled":false,"rotationMatrix":[-3.2584137e-07,-1,0,1,-3.2584137e-07,0,0,0,1],"shapeName":"/art/shapes/garage_and_dealership/s_flag_tinsel_hang_01.dae","useInstanceRenderData":true}
{"class":"TSStatic","persistentId":"db0905cc-f62b-4ab6-b156-f125f551eb63","__parent":"Dealerships","position":[213.35556,-321.385864,195.20488],"annotation":"OBSTACLES","isRenderEnabled":false,"rotationMatrix":[-3.2584137e-07,-1,0,1,-3.2584137e-07,0,0,0,1],"shapeName":"/art/shapes/garage_and_dealership/s_flag_tinsel_hang_01.dae","useInstanceRenderData":true}
{"class":"TSStatic","persistentId":"8117e99b-9e6e-44da-9257-fba8865381ea","__parent":"Dealerships","position":[226.296127,-324.354126,194.951035],"annotation":"OBSTACLES","isRenderEnabled":false,"rotationMatrix":[0.99619472,0,0.0871557519,0,1,0,-0.0871557519,0,0.99619472],"scale":[1.084777,1.084777,1.084777],"shapeName":"/art/shapes/garage_and_dealership/s_flag_tinsel_02.dae","useInstanceRenderData":true}
{"class":"TSStatic","persistentId":"407be0b3-9279-4e6c-9bd0-c05741d33e12","__parent":"Dealerships","position":[223.058472,-324.356812,194.951736],"annotation":"OBSTACLES","isRenderEnabled":false,"scale":[1.084777,1.084777,1.084777],"shapeName":"/art/shapes/garage_and_dealership/s_flag_tinsel_01.dae","useInstanceRenderData":true}
{"class":"TSStatic","persistentId":"5ef4fb74-153b-4001-b0a0-ad87aa764ff9","__parent":"Dealerships","position":[219.347488,-317.260284,194.770645],"annotation":"OBSTACLES","isRenderEnabled":false,"rotationMatrix":[0.999999225,0,0.00118939579,0,1,0,-0.00118939579,0,0.999999225],"shapeName":"/art/shapes/garage_and_dealership/s_flag_tinsel_03.dae","useInstanceRenderData":true}
{"class":"TSStatic","persistentId":"ae93a709-ff2e-4fc1-be27-1eb3b011fe16","__parent":"Dealerships","position":[216.346588,-317.258759,194.875],"annotation":"OBSTACLES","isRenderEnabled":false,"rotationMatrix":[0.999390304,0,-0.0349129364,0,1,0,0.0349129364,0,0.999390304],"shapeName":"/art/shapes/garage_and_dealership/s_flag_tinsel_02.dae","useInstanceRenderData":true}
{"class":"TSStatic","persistentId":"3e4b1d8d-944d-4c4a-8300-ba39b784bf34","__parent":"Dealerships","position":[213.371689,-317.261353,195.105484],"annotation":"OBSTACLES","isRenderEnabled":false,"rotationMatrix":[0.997060955,0,-0.076611951,0,1,0,0.076611951,0,0.997060955],"shapeName":"/art/shapes/garage_and_dealership/s_flag_tinsel_01.dae","useInstanceRenderData":true}
{"class":"TSStatic","persistentId":"327be43e-489b-4206-8e5b-b8c334338f62","__parent":"Dealerships","position":[-1104.46802,945.744934,384.520844],"annotation":"POLE","isRenderEnabled":false,"rotationMatrix":[-1,3.25841398e-07,0,-3.25841398e-07,-1,0,0,0,1],"shapeName":"/art/shapes/garage_and_dealership/Clutter/eca_lamppost.dae","useInstanceRenderData":true}
{"class":"TSStatic","persistentId":"77d702a5-02c4-4454-9625-0b2539ef45fe","__parent":"Dealerships","position":[-1104.39233,910.714844,384.520844],"annotation":"POLE","isRenderEnabled":false,"rotationMatrix":[-1,3.25841398e-07,0,-3.25841398e-07,-1,0,0,0,1],"shapeName":"/art/shapes/garage_and_dealership/Clutter/eca_lamppost.dae","useInstanceRenderData":true}
{"class":"TSStatic","persistentId":"8377905e-64d0-45fd-95c2-fb23cb9b7f58","__parent":"Dealerships","position":[-1119.23535,930.115417,386.361206],"annotation":"OBSTACLES","isRenderEnabled":false,"rotationMatrix":[-3.2584137e-07,1,0,-1,-3.2584137e-07,0,0,0,1],"shapeName":"/art/shapes/garage_and_dealership/s_billboard_hang_02.dae","useInstanceRenderData":true}
{"class":"TSStatic","persistentId":"1a710b85-fe7f-4342-bc1c-a96d0a3070f2","__parent":"Dealerships","position":[-1119.80737,932.939819,383.748993],"annotation":"OBSTACLES","isRenderEnabled":false,"rotationMatrix":[-0.707106948,0.70710665,0,-0.70710665,-0.707106948,0,0,0,1],"shapeName":"/art/shapes/garage_and_dealership/s_flag_floor_portrait_02.dae","useInstanceRenderData":true}
{"class":"TSStatic","persistentId":"cac5f73e-765b-4b5a-9321-6eaa4b0ef9b6","__parent":"Dealerships","position":[-1119.10938,943.575256,386.241943],"annotation":"OBSTACLES","isRenderEnabled":false,"rotationMatrix":[-5.94062271e-07,1,0,-1,-5.94062271e-07,0,0,0,1],"shapeName":"/art/shapes/garage_and_dealership/s_billboard_wood_1.5m_06.dae","useInstanceRenderData":true}
{"class":"TSStatic","persistentId":"0a1bfaf7-b518-4f36-982d-f1e43b398074","__parent":"Dealerships","position":[-1119.59937,939.894958,383.760071],"annotation":"OBSTACLES","isRenderEnabled":false,"rotationMatrix":[0.707106769,0.707106829,0,-0.707106829,0.707106769,0,0,0,1],"shapeName":"/art/shapes/garage_and_dealership/s_flag_floor_portrait_03.dae","useInstanceRenderData":true}
{"class":"TSStatic","persistentId":"f24ad354-b7e7-4933-a4fc-9c82dec84662","__parent":"Dealerships","position":[223.045471,-319.773224,193.834564],"annotation":"OBSTACLES","isRenderEnabled":false,"shapeName":"/art/shapes/garage_and_dealership/s_billboard_wood_0.5m_01.dae","useInstanceRenderData":true}
{"class":"TSStatic","persistentId":"a83495ad-f122-4deb-94e8-e99959462309","__parent":"Dealerships","position":[223.043915,-319.773224,193.324966],"annotation":"OBSTACLES","isRenderEnabled":false,"shapeName":"/art/shapes/garage_and_dealership/s_billboard_wood_0.5m_05.dae","useInstanceRenderData":true}
{"class":"TSStatic","persistentId":"cd5ead51-706b-4adf-8cc7-17a97dd545f0","__parent":"Dealerships","position":[-1119.96729,913.072998,383.760071],"annotation":"OBSTACLES","isRenderEnabled":false,"rotationMatrix":[0.707106769,0.707106829,0,-0.707106829,0.707106769,0,0,0,1],"shapeName":"/art/shapes/garage_and_dealership/s_flag_floor_portrait_03.dae","useInstanceRenderData":true}
{"class":"TSStatic","persistentId":"42f14ece-2a37-43f2-b5e9-00b5bf823cb3","__parent":"Dealerships","position":[221.79924,-320.177673,193.006226],"annotation":"OBSTACLES","isRenderEnabled":false,"rotationMatrix":[0.707106769,-0.707106829,0,0.707106829,0.707106769,0,0,0,1],"scale":[0.660999477,0.660999477,0.660999477],"shapeName":"/art/shapes/garage_and_dealership/s_billboard_wood_1.5m_05.dae","useInstanceRenderData":true}
{"class":"TSStatic","persistentId":"d63f2fa6-d816-4180-902e-e075a9f2124d","__parent":"Dealerships","position":[221.827652,-320.151917,192.099106],"annotation":"OBSTACLES","isRenderEnabled":false,"rotationMatrix":[0.707106769,-0.707106829,0,0.707106829,0.707106769,0,0,0,1],"scale":[0.660999477,0.660999477,0.660999477],"shapeName":"/art/shapes/garage_and_dealership/s_billboard_metal_stand_03.dae","useInstanceRenderData":true}
{"class":"TSStatic","persistentId":"cbef2e20-8127-443e-bc2b-d05f6b802d83","__parent":"Dealerships","position":[896.65564,1304.9436,144.232544],"annotation":"OBSTACLES","isRenderEnabled":false,"rotationMatrix":[-0.707107186,-0.707106411,0,0.707106411,-0.707107186,0,0,0,1],"shapeName":"/art/shapes/garage_and_dealership/s_flag_floor_teardrop_02.dae","useInstanceRenderData":true}
{"class":"TSStatic","persistentId":"157a15e0-ec19-496b-bb59-56e8fb44d3fa","__parent":"Dealerships","position":[877.866211,1304.87903,144.26355],"annotation":"OBSTACLES","isRenderEnabled":false,"rotationMatrix":[-0.707106531,-0.707107067,0,0.707107067,-0.707106531,0,0,0,1],"shapeName":"/art/shapes/garage_and_dealership/s_flag_floor_feather_01.dae","useInstanceRenderData":true}
{"class":"TSStatic","persistentId":"d0eabb61-d485-422b-bbfd-45630398e83a","__parent":"Dealerships","position":[884.157532,1304.85205,144.190735],"annotation":"OBSTACLES","isRenderEnabled":false,"rotationMatrix":[-0.707106531,-0.707107067,0,0.707107067,-0.707106531,0,0,0,1],"shapeName":"/art/shapes/garage_and_dealership/s_flag_floor_portrait_04.dae","useInstanceRenderData":true}
{"class":"TSStatic","persistentId":"e2c5acaf-58bf-4ab9-9bb4-54e639e7ba3d","__parent":"Dealerships","position":[879.227356,1299.54077,146.428101],"annotation":"OBSTACLES","isRenderEnabled":false,"rotationMatrix":[-1,-3.25841398e-07,0,3.25841398e-07,-1,0,0,0,1],"shapeName":"/art/shapes/garage_and_dealership/s_billboard_wood_1.5m_03.dae","useInstanceRenderData":true}
{"class":"TSStatic","persistentId":"6414ac26-2f91-4fd1-b0f7-78ad02a4f0a5","__parent":"Dealerships","position":[223.778595,-319.253174,195.416946],"annotation":"OBSTACLES","isRenderEnabled":false,"scale":[0.888721406,0.369043708,0.688721418],"shapeName":"/levels/italy/art/shapes/buildings/dealerships/garantito_sign.dae","useInstanceRenderData":true}
{"class":"TSStatic","persistentId":"940c5935-c240-47d0-9150-dcdc700b7b3e","__parent":"Dealerships","position":[228.256332,-317.703094,193.362045],"annotation":"OBSTACLES","isRenderEnabled":false,"rotationMatrix":[-3.2584137e-07,1,0,-1,-3.2584137e-07,0,0,0,1],"scale":[0.604513168,0.154183567,0.604513168],"shapeName":"/levels/italy/art/shapes/buildings/dealerships/garantito_sign.dae","useInstanceRenderData":true}
{"class":"TSStatic","persistentId":"d417079c-6ddf-498c-a6e9-142276a4f547","__parent":"Dealerships","position":[-1120.51038,929.324768,389.615204],"annotation":"OBSTACLES","isRenderEnabled":false,"rotationMatrix":[0.707106769,0.707106829,0,-0.707106829,0.707106769,0,0,0,1],"shapeName":"/levels/italy/art/shapes/buildings/dealerships/claudio_motors_sign02.dae","useInstanceRenderData":true}
{"class":"TSStatic","persistentId":"09f02139-161c-410b-8353-f8997cc7add6","__parent":"Dealerships","position":[-1118.85474,943.60083,387.368591],"annotation":"OBSTACLES","isRenderEnabled":false,"rotationMatrix":[6.5168274e-07,1,0,-1,6.5168274e-07,0,0,0,1],"shapeName":"/levels/italy/art/shapes/buildings/dealerships/claudio_motors_sign.dae","useInstanceRenderData":true}
{"class":"TSStatic","persistentId":"0978d84d-9e64-4056-a21e-557c2bee3237","__parent":"Dealerships","position":[-1130.19678,927.67572,387.367249],"annotation":"OBSTACLES","isRenderEnabled":false,"shapeName":"/levels/italy/art/shapes/buildings/dealerships/claudio_motors_sign.dae","useInstanceRenderData":true}
{"class":"TSStatic","persistentId":"1b0af6cd-7c11-4ab4-9af1-cfedd62bc8c4","__parent":"Dealerships","position":[-1120.38184,904.925476,385.387207],"annotation":"OBSTACLES","isRenderEnabled":false,"shapeName":"/levels/italy/art/shapes/buildings/dealerships/claudio_motors_sign.dae","useInstanceRenderData":true}
{"class":"TSStatic","persistentId":"ca8eefdc-af23-449c-8ab5-1980c657ee64","__parent":"Dealerships","position":[887.953857,1305.85364,147.566895],"annotation":"OBSTACLES","isRenderEnabled":false,"rotationMatrix":[-1,-3.25841398e-07,0,3.25841398e-07,-1,0,0,0,1],"shapeName":"/levels/italy/art/shapes/buildings/dealerships/temeraria_auto_sign02.dae","useInstanceRenderData":true}
{"class":"TSStatic","persistentId":"350e8974-433f-418e-bbdf-e1388f653008","__parent":"Dealerships","position":[895.000916,1305.85364,147.566895],"annotation":"OBSTACLES","isRenderEnabled":false,"rotationMatrix":[-1,-3.25841398e-07,0,3.25841398e-07,-1,0,0,0,1],"shapeName":"/levels/italy/art/shapes/buildings/dealerships/temeraria_auto_sign02.dae","useInstanceRenderData":true}
{"class":"TSStatic","persistentId":"43c971cc-09fe-405e-a32c-c547edc39534","__parent":"Dealerships","position":[884.429626,1305.85364,147.566895],"annotation":"OBSTACLES","isRenderEnabled":false,"rotationMatrix":[-1,-3.25841398e-07,0,3.25841398e-07,-1,0,0,0,1],"shapeName":"/levels/italy/art/shapes/buildings/dealerships/temeraria_auto_sign02.dae","useInstanceRenderData":true}
{"class":"TSStatic","persistentId":"7b951257-d23c-40c9-9566-ea5bb81f24dd","__parent":"Dealerships","position":[880.905457,1305.85364,147.566895],"annotation":"OBSTACLES","isRenderEnabled":false,"rotationMatrix":[-1,-3.25841398e-07,0,3.25841398e-07,-1,0,0,0,1],"shapeName":"/levels/italy/art/shapes/buildings/dealerships/temeraria_auto_sign02.dae","useInstanceRenderData":true}
{"class":"TSStatic","persistentId":"25227d78-53ec-4198-9c05-50357cdad589","__parent":"Dealerships","position":[873.857361,1305.85364,147.566895],"annotation":"OBSTACLES","isRenderEnabled":false,"rotationMatrix":[-1,-3.25841398e-07,0,3.25841398e-07,-1,0,0,0,1],"shapeName":"/levels/italy/art/shapes/buildings/dealerships/temeraria_auto_sign02.dae","useInstanceRenderData":true}
{"class":"TSStatic","persistentId":"6fafd651-6d35-4391-a2d8-0ee90f254f49","__parent":"Dealerships","position":[-1121.81067,930.328064,383.767395],"annotation":"OBSTACLES","isRenderEnabled":false,"rotationMatrix":[0.617136717,0.786855936,0,-0.786855936,0.617136717,0,0,0,1],"shapeName":"/art/shapes/garage_and_dealership/deal_covered_car_sunburst_1.dae","useInstanceRenderData":true}
{"class":"TSStatic","persistentId":"31fb29c3-28e3-421e-b9fb-e6b16b3caff7","__parent":"Dealerships","position":[-1121.04309,941.60321,383.760803],"annotation":"OBSTACLES","isRenderEnabled":false,"rotationMatrix":[-0.925758898,0.377644271,-0.0188436061,-0.377711356,-0.925923347,0,-0.0174477343,0.00711744418,0.999822378],"shapeName":"/art/shapes/garage_and_dealership/deal_covered_car_sunburst_2.dae","useInstanceRenderData":true}
{"class":"TSStatic","persistentId":"7b5bd8a6-5ae3-4f34-ac75-3c81148fb89d","__parent":"Dealerships","position":[888.333618,1302.59692,144.22998],"annotation":"OBSTACLES","isRenderEnabled":false,"rotationMatrix":[-0.77267009,-0.634807348,0,0.634807348,-0.77267009,0,0,0,1],"shapeName":"/art/shapes/garage_and_dealership/deal_covered_car_sunburst_1.dae","useInstanceRenderData":true}
{"class":"TSStatic","persistentId":"c7e35114-921d-4404-9957-813c71b73de1","__parent":"Dealerships","position":[881.657837,1302.65698,144.184235],"annotation":"OBSTACLES","isRenderEnabled":false,"rotationMatrix":[-0.889179111,-0.457559139,0,0.457559139,-0.889179111,0,0,0,1],"shapeName":"/art/shapes/garage_and_dealership/deal_covered_car_sunburst_2.dae","useInstanceRenderData":true}
{"class":"TSStatic","persistentId":"c9548fdf-b0d5-44ef-a3c4-95285ed35d13","__parent":"Dealerships","position":[-1136.52991,955.681152,381.650452],"annotation":"ROCK","isRenderEnabled":false,"rotationMatrix":[-0.379409701,0.0499505475,-0.923879445,0.915975571,-0.120590329,-0.382683665,-0.1305262,-0.991444826,-3.2584137e-07],"shapeName":"/levels/italy/art/shapes/rocks/italy_rockface_tall_narrow.dae","useInstanceRenderData":true}
{"class":"TSStatic","persistentId":"931aa141-9985-4965-b12e-99376f4d355a","__parent":"Dealerships","position":[-1138.13477,936.914368,381.650452],"annotation":"ROCK","isRenderEnabled":false,"rotationMatrix":[-0.379409701,0.0499505475,-0.923879445,0.915975571,-0.120590329,-0.382683665,-0.1305262,-0.991444826,-3.2584137e-07],"shapeName":"/levels/italy/art/shapes/rocks/italy_rockface_tall_narrow.dae","useInstanceRenderData":true}
{"class":"TSStatic","persistentId":"134c518f-0444-4f18-9e27-eaccfc9a9615","__parent":"Dealerships","position":[-1136.82788,941.570251,382.599304],"annotation":"ROCK","isRenderEnabled":false,"rotationMatrix":[0.131805241,0.991275489,1.62920685e-07,-0.858469605,0.11414659,0.5,0.495637745,-0.0659027547,0.866025269],"shapeName":"/levels/italy/art/shapes/rocks/italy_rockface_short_wide.dae","useInstanceRenderData":true}
{"class":"TSStatic","persistentId":"e04b59aa-551a-4120-b870-0f37aeb937aa","__parent":"Dealerships","position":[-1137.9292,941.698181,381.030029],"annotation":"ROCK","isRenderEnabled":false,"rotationMatrix":[0.0291123223,0.999073625,0.0316807255,-0.459250838,0.0415197387,-0.88733542,-0.887829065,0.0112830121,0.460034311],"shapeName":"/levels/italy/art/shapes/rocks/italy_rockface_short_wide.dae","useInstanceRenderData":true}
{"class":"TSStatic","persistentId":"b4bf362d-7185-45c6-8e1a-952671bdd8d6","__parent":"Dealerships","position":[-1139.61157,921.84845,382.702606],"annotation":"ROCK","isRenderEnabled":false,"rotationMatrix":[0.298015654,0.954560637,1.62920685e-07,-0.826673627,0.258089006,0.5,0.477280289,-0.149007961,0.866025269],"shapeName":"/levels/italy/art/shapes/rocks/italy_rockface_short_wide.dae","useInstanceRenderData":true}
{"class":"TSStatic","persistentId":"5bdcdefa-4599-460e-a2cb-decfe767d4b4","__parent":"Dealerships","position":[-1140.67517,922.161316,381.133331],"annotation":"ROCK","isRenderEnabled":false,"rotationMatrix":[0.198133007,0.979662478,0.0316807255,-0.445555866,0.118806973,-0.88733542,-0.873053372,0.161694974,0.460034311],"shapeName":"/levels/italy/art/shapes/rocks/italy_rockface_short_wide.dae","useInstanceRenderData":true}
{"class":"TSStatic","persistentId":"799caa2d-43bd-4e64-8816-97f503ab15be","__parent":"Dealerships","position":[-1140.62109,912.270142,381.046509],"annotation":"ROCK","isRenderEnabled":false,"rotationMatrix":[-0.204257295,0.977870405,0.0452509411,0.715975642,0.180756927,-0.674317956,-0.66757524,-0.105335839,-0.737052858],"shapeName":"/levels/italy/art/shapes/rocks/italy_rockface_short_wide.dae","useInstanceRenderData":true}
{"class":"TSStatic","persistentId":"53410e43-80ea-4275-99d8-9b4f134b585f","__parent":"Dealerships","position":[-1139.21448,912.485474,382.337646],"annotation":"ROCK","isRenderEnabled":false,"rotationMatrix":[-0.111967392,0.993678391,-0.00806867331,0.63875401,0.0781898946,0.765427053,0.761219561,0.0805490837,-0.643471241],"shapeName":"/levels/italy/art/shapes/rocks/italy_rockface_short_wide.dae","useInstanceRenderData":true}
{"class":"TSStatic","persistentId":"55aac26c-a62a-4a16-aeec-cf44f2a2c905","__parent":"Dealerships","position":[-1130.43225,896.451904,382.636017],"annotation":"ROCK","isRenderEnabled":false,"rotationMatrix":[-0.851476371,0.524147391,-0.0159963779,-0.419632614,-0.662764788,0.620201528,0.314475298,0.534799874,0.784278929],"shapeName":"/levels/italy/art/shapes/rocks/italy_rockface_short_wide.dae","useInstanceRenderData":true}
{"class":"TSStatic","persistentId":"ccff61c4-1838-4d21-8839-d17dc1cd0487","__parent":"Dealerships","position":[-1131.0918,895.302856,381.244507],"annotation":"ROCK","isRenderEnabled":false,"rotationMatrix":[-0.898088276,0.438765168,0.0303448662,-0.278858125,-0.514711022,-0.810746193,-0.340108484,-0.736584008,0.584609807],"shapeName":"/levels/italy/art/shapes/rocks/italy_rockface_short_wide.dae","useInstanceRenderData":true}
