{"class":"TSStatic","persistentId":"7419a02a-3304-4bff-a079-2052381b4843","__parent":"Electric_stuff_1","position":[-1429.19861,-990.105469,103.319046],"collisionType":"None","decalType":"None","isRenderEnabled":false,"rotationMatrix":[-0.734323382,0.678800225,-1.49011669e-07,0.678800225,0.734323025,-6.08873449e-08,6.80923762e-08,-1.45860128e-07,-1.00000024],"scale":[1.5,1.5,1.5],"shapeName":"/levels/west_coast_usa/art/shapes/buildings/steel_factory/s_steel_factory_electric_ramp.dae","useInstanceRenderData":true}
{"class":"TSStatic","persistentId":"44e0ecfa-caa3-4fad-8243-aa5dbfb0d101","__parent":"Electric_stuff_1","position":[-1416.84277,-869.171143,104.106522],"annotation":"OBSTACLES","isRenderEnabled":false,"rotationMatrix":[0.734322667,-0.678800583,0,0.678800583,0.734322667,0,0,0,1],"shapeName":"/levels/west_coast_usa/art/shapes/objects/trafficlightbox_green.dae","useInstanceRenderData":true}
{"class":"TSStatic","persistentId":"a3414b13-29a7-462d-b3bc-4eb73086e67e","__parent":"Electric_stuff_1","position":[-1243.09888,-563.578735,107.841278],"isRenderEnabled":false,"rotationMatrix":[-0.736360073,-0.676589847,0,0.676589847,-0.736360073,0,0,0,1],"shapeName":"/levels/west_coast_usa/art/shapes/objects/pylon.dae","useInstanceRenderData":true}
{"class":"TSStatic","persistentId":"6633012f-bfe6-444e-8cb8-209ce75ea550","__parent":"Electric_stuff_1","position":[-1309.00293,-660.668945,104.359024],"annotation":"OBSTACLES","isRenderEnabled":false,"rotationMatrix":[-0.738506079,0.67424655,0,-0.67424655,-0.738506079,0,0,0,1],"scale":[1.20000005,1.20000005,1.20000005],"shapeName":"/levels/west_coast_usa/art/shapes/buildings/transformer_ground.dae","useInstanceRenderData":true}
{"class":"TSStatic","persistentId":"ecb376e6-f28d-4b52-8a4a-c1c49bd70ffc","__parent":"Electric_stuff_1","position":[-1373.05591,-820.649841,104.359024],"annotation":"OBSTACLES","isRenderEnabled":false,"rotationMatrix":[0.688679814,0.725065649,0,-0.725065649,0.688679814,0,0,0,1],"shapeName":"/levels/west_coast_usa/art/shapes/buildings/transformer_ground.dae","useInstanceRenderData":true}
{"class":"TSStatic","persistentId":"1b696776-496c-4a43-a592-21316e2f3636","__parent":"Electric_stuff_1","position":[-1167.60657,-588.96283,105.075737],"annotation":"OBSTACLES","isRenderEnabled":false,"rotationMatrix":[-0.72926724,0.684228659,0,-0.684228659,-0.72926724,0,0,0,1],"shapeName":"/levels/west_coast_usa/art/shapes/buildings/transformer_ground.dae","useInstanceRenderData":true}
{"class":"TSStatic","persistentId":"65667435-d11e-43cf-b5c9-4a59ef5c03b6","__parent":"Electric_stuff_1","position":[-1166.08313,-584.006897,104.205971],"isRenderEnabled":false,"rotationMatrix":[0.73612988,-0.676840305,0,0.676840305,0.73612988,0,0,0,1],"shapeName":"/levels/west_coast_usa/art/shapes/buildings/shack_electrical.dae","useInstanceRenderData":true}
{"class":"TSStatic","persistentId":"ae72754f-24ff-4bad-8352-0d78b40312ca","__parent":"Electric_stuff_1","position":[-1288.14185,-639.032776,104.359024],"annotation":"BUILDINGS","isRenderEnabled":false,"rotationMatrix":[0.741363287,-0.671103895,0,0.671103895,0.741363287,0,0,0,1],"scale":[1,1,0.800000012],"shapeName":"/levels/west_coast_usa/art/shapes/objects/substation_truss.dae","useInstanceRenderData":true}
{"class":"TSStatic","persistentId":"fb7c9abc-498e-4784-8726-5580501b4006","__parent":"Electric_stuff_1","position":[-1300.49756,-652.674622,104.359024],"annotation":"BUILDINGS","isRenderEnabled":false,"rotationMatrix":[0.741363287,-0.671103895,0,0.671103895,0.741363287,0,0,0,1],"scale":[1,1,0.800000012],"shapeName":"/levels/west_coast_usa/art/shapes/objects/substation_support.dae","useInstanceRenderData":true}
{"class":"TSStatic","persistentId":"7d3da481-d8ae-4e9f-9951-b714a7ff39b0","__parent":"Electric_stuff_1","position":[-1292.1825,-643.489136,104.359024],"annotation":"BUILDINGS","isRenderEnabled":false,"rotationMatrix":[0.741363287,-0.671103895,0,0.671103895,0.741363287,0,0,0,1],"scale":[1,1,0.800000012],"shapeName":"/levels/west_coast_usa/art/shapes/objects/substation_support.dae","useInstanceRenderData":true}
{"class":"TSStatic","persistentId":"a7c66551-2be6-49e3-9331-9fb8e8506716","__parent":"Electric_stuff_1","position":[-1298.0343,-649.953491,104.359024],"annotation":"BUILDINGS","isRenderEnabled":false,"rotationMatrix":[0.741363287,-0.671103895,0,0.671103895,0.741363287,0,0,0,1],"scale":[1,1,0.800000012],"shapeName":"/levels/west_coast_usa/art/shapes/objects/substation_support.dae","useInstanceRenderData":true}
{"class":"TSStatic","persistentId":"5846aa1f-0a13-497d-8634-8cf29d4af3de","__parent":"Electric_stuff_1","position":[-1295.41003,-647.054565,104.359024],"annotation":"BUILDINGS","isRenderEnabled":false,"rotationMatrix":[0.741363287,-0.671103895,0,0.671103895,0.741363287,0,0,0,1],"scale":[1,1,0.800000012],"shapeName":"/levels/west_coast_usa/art/shapes/objects/substation_support.dae","useInstanceRenderData":true}
{"class":"TSStatic","persistentId":"d0b961e6-8e65-43fc-b6a9-3da1fef35488","__parent":"Electric_stuff_1","position":[-1289.52136,-640.5495,104.359024],"annotation":"BUILDINGS","isRenderEnabled":false,"rotationMatrix":[0.741363287,-0.671103895,0,0.671103895,0.741363287,0,0,0,1],"scale":[1,1,0.800000012],"shapeName":"/levels/west_coast_usa/art/shapes/objects/substation_support.dae","useInstanceRenderData":true}
{"class":"TSStatic","persistentId":"69b7c3eb-729b-41e8-a901-b8e3f28a4153","__parent":"Electric_stuff_1","position":[-1305.14771,-658.86792,103.608215],"annotation":"BUILDINGS","isRenderEnabled":false,"rotationMatrix":[0.671103716,0.741363466,0,-0.741363466,0.671103716,0,0,0,1],"scale":[0.800000012,0.800000012,0.800000012],"shapeName":"/levels/west_coast_usa/art/shapes/objects/substation_transformer.dae","useInstanceRenderData":true}
{"class":"TSStatic","persistentId":"779a74b7-9ccd-4142-924f-326a9c1441f2","__parent":"Electric_stuff_1","position":[-1439.91028,-888.268982,104.359024],"annotation":"BUILDINGS","isRenderEnabled":false,"rotationMatrix":[-0.734322071,0.678800941,0,-0.678800941,-0.734322071,0,0,0,1],"shapeName":"/levels/west_coast_usa/art/shapes/objects/substation_transformer.dae","useInstanceRenderData":true}
{"class":"TSStatic","persistentId":"43f2d530-6444-45f2-ad66-36758915aca3","__parent":"Electric_stuff_1","position":[-1447.39941,-896.348267,104.359024],"annotation":"BUILDINGS","isRenderEnabled":false,"rotationMatrix":[-0.734322071,0.678800941,0,-0.678800941,-0.734322071,0,0,0,1],"shapeName":"/levels/west_coast_usa/art/shapes/objects/substation_transformer.dae","useInstanceRenderData":true}
{"class":"TSStatic","persistentId":"b5e1f895-7fd2-4861-b3d1-125a4f6e8ab3","__parent":"Electric_stuff_1","position":[-1424.92712,-871.931335,104.359024],"annotation":"BUILDINGS","isRenderEnabled":false,"rotationMatrix":[-0.734322071,0.678800941,0,-0.678800941,-0.734322071,0,0,0,1],"shapeName":"/levels/west_coast_usa/art/shapes/objects/substation_transformer.dae","useInstanceRenderData":true}
{"class":"TSStatic","persistentId":"d70809d5-9357-432e-b361-6fc077181d1f","__parent":"Electric_stuff_1","position":[-1429.59949,-867.694641,104.359024],"annotation":"OBSTACLES","isRenderEnabled":false,"rotationMatrix":[-0.678800762,-0.734322488,0,0.734322488,-0.678800762,0,0,0,0.999999881],"shapeName":"/levels/west_coast_usa/art/shapes/buildings/transformer_ground.dae","useInstanceRenderData":true}
{"class":"TSStatic","persistentId":"abe06ffe-d384-42c5-90d9-e833df6e8e2d","__parent":"Electric_stuff_1","position":[-1432.55078,-880.255493,104.359024],"annotation":"BUILDINGS","isRenderEnabled":false,"rotationMatrix":[-0.734322071,0.678800941,0,-0.678800941,-0.734322071,0,0,0,1],"shapeName":"/levels/west_coast_usa/art/shapes/objects/substation_transformer.dae","useInstanceRenderData":true}
{"class":"TSStatic","persistentId":"e6f2ad07-8f77-45d4-b9aa-8ac52924b921","__parent":"Electric_stuff_1","position":[-1436.87854,-875.645874,104.359024],"annotation":"OBSTACLES","isRenderEnabled":false,"rotationMatrix":[-0.678800762,-0.734322488,0,0.734322488,-0.678800762,0,0,0,0.999999881],"shapeName":"/levels/west_coast_usa/art/shapes/buildings/transformer_ground.dae","useInstanceRenderData":true}
{"class":"TSStatic","persistentId":"510df57e-9873-472b-8e08-76962be600df","__parent":"Electric_stuff_1","position":[-1444.34338,-883.816833,104.359024],"annotation":"OBSTACLES","isRenderEnabled":false,"rotationMatrix":[-0.678800762,-0.734322488,0,0.734322488,-0.678800762,0,0,0,0.999999881],"shapeName":"/levels/west_coast_usa/art/shapes/buildings/transformer_ground.dae","useInstanceRenderData":true}
{"class":"TSStatic","persistentId":"8dca6dc4-902e-4133-9fdb-001d109ec041","__parent":"Electric_stuff_1","position":[-1451.8844,-892.084717,104.359024],"annotation":"OBSTACLES","isRenderEnabled":false,"rotationMatrix":[-0.678800762,-0.734322488,0,0.734322488,-0.678800762,0,0,0,0.999999881],"shapeName":"/levels/west_coast_usa/art/shapes/buildings/transformer_ground.dae","useInstanceRenderData":true}
{"class":"TSStatic","persistentId":"30a9dfd3-49f8-48f2-a0d8-32d2bc75df93","__parent":"Electric_stuff_1","position":[-1415.93042,-868.184204,104.106522],"annotation":"OBSTACLES","isRenderEnabled":false,"rotationMatrix":[0.734322667,-0.678800583,0,0.678800583,0.734322667,0,0,0,1],"shapeName":"/levels/west_coast_usa/art/shapes/objects/trafficlightbox_green.dae","useInstanceRenderData":true}
{"class":"TSStatic","persistentId":"eafecdec-3c44-4e7f-a0df-5ac63b4caa9d","__parent":"Electric_stuff_1","position":[-1375.57715,-824.366577,104.106522],"isRenderEnabled":false,"rotationMatrix":[0.734322667,-0.678800583,0,0.678800583,0.734322667,0,0,0,1],"shapeName":"/levels/west_coast_usa/art/shapes/objects/trafficlightbox_green.dae","useInstanceRenderData":true}
{"class":"TSStatic","persistentId":"62363452-8961-49fe-9b99-76d8eddcd7eb","__parent":"Electric_stuff_1","position":[-1374.66479,-823.379639,104.106522],"isRenderEnabled":false,"rotationMatrix":[0.734322667,-0.678800583,0,0.678800583,0.734322667,0,0,0,1],"shapeName":"/levels/west_coast_usa/art/shapes/objects/trafficlightbox_green.dae","useInstanceRenderData":true}
{"class":"TSStatic","persistentId":"1e0c7b5a-36a8-45b1-86d0-dce59b6e1f04","__parent":"Electric_stuff_1","position":[-1450.97729,-906.097839,104.106522],"isRenderEnabled":false,"rotationMatrix":[0.734322667,-0.678800583,0,0.678800583,0.734322667,0,0,0,1],"shapeName":"/levels/west_coast_usa/art/shapes/objects/trafficlightbox_green.dae","useInstanceRenderData":true}
{"class":"TSStatic","persistentId":"06b2d25f-ef9c-4824-955b-09d490f86c7e","__parent":"Electric_stuff_1","position":[-1300.98035,-659.914062,104.359024],"annotation":"OBSTACLES","isRenderEnabled":false,"rotationMatrix":[0.674247086,0.738505781,0,-0.738505781,0.674247086,0,0,0,1],"scale":[1.20000005,1.20000005,1.20000005],"shapeName":"/levels/west_coast_usa/art/shapes/buildings/transformer_ground.dae","useInstanceRenderData":true}
{"class":"TSStatic","persistentId":"c7576541-455e-470e-b622-54d145ae8d46","__parent":"Electric_stuff_1","position":[-1302.00305,-655.394043,103.608215],"annotation":"BUILDINGS","isRenderEnabled":false,"rotationMatrix":[0.671103716,0.741363466,0,-0.741363466,0.671103716,0,0,0,1],"scale":[0.800000012,0.800000012,0.800000012],"shapeName":"/levels/west_coast_usa/art/shapes/objects/substation_transformer.dae","useInstanceRenderData":true}
{"class":"TSStatic","persistentId":"6ace78a1-eda7-45fd-98c3-8575a0ca16be","__parent":"Electric_stuff_1","position":[-1452.14465,-907.360596,104.106522],"isRenderEnabled":false,"rotationMatrix":[0.734322667,-0.678800583,0,0.678800583,0.734322667,0,0,0,1],"shapeName":"/levels/west_coast_usa/art/shapes/objects/trafficlightbox_green.dae","useInstanceRenderData":true}
{"class":"TSStatic","persistentId":"8738bcf5-818b-4933-9786-edfb980b5820","__parent":"Electric_stuff_1","position":[-1453.30127,-908.611816,104.106522],"isRenderEnabled":false,"rotationMatrix":[0.734322667,-0.678800583,0,0.678800583,0.734322667,0,0,0,1],"shapeName":"/levels/west_coast_usa/art/shapes/objects/trafficlightbox_green.dae","useInstanceRenderData":true}
{"class":"TSStatic","persistentId":"d56098b7-80e4-4f85-b94d-6ad78e18d2da","__parent":"Electric_stuff_1","position":[-1376.40955,-868.214722,104.015823],"isRenderEnabled":false,"rotationMatrix":[0.678800344,0.734322786,0,-0.734322786,0.678800344,0,0,0,1],"shapeName":"/levels/west_coast_usa/art/shapes/objects/trafficlightbox_green.dae","useInstanceRenderData":true}
{"class":"TSStatic","persistentId":"b0cc6471-e8b2-4213-9792-7e090ab6ecd1","__parent":"Electric_stuff_1","position":[-1345.71411,-835.138123,104.015823],"isRenderEnabled":false,"rotationMatrix":[0.678800344,0.734322786,0,-0.734322786,0.678800344,0,0,0,1],"shapeName":"/levels/west_coast_usa/art/shapes/objects/trafficlightbox_green.dae","useInstanceRenderData":true}
{"class":"TSStatic","persistentId":"68792d14-0c9c-4fa3-923e-c8fa6ecf265a","__parent":"Electric_stuff_1","isRenderEnabled":false,"rotationMatrix":[0.99999994,0,0,0,0.99999994,0,0,0,0.999999881],"shapeName":"/levels/west_coast_usa/art/shapes/buildings/steel_factory/s_steel_factory_cables.dae","useInstanceRenderData":true}
{"class":"TSStatic","persistentId":"e26208d1-ee90-4018-baf6-5f5a84d650ad","__parent":"Electric_stuff_1","position":[-1446.52612,-907.851013,113.579491],"isRenderEnabled":false,"rotationMatrix":[0.734322667,-0.678800583,0,0.678800583,0.734322667,0,0,0,1],"shapeName":"/levels/west_coast_usa/art/shapes/objects/trafficlightbox_green.dae","useInstanceRenderData":true}
{"class":"TSStatic","persistentId":"6c972c21-d8fe-4835-b0e7-e390e74eee3a","__parent":"Electric_stuff_1","position":[-1402.26526,-859.969788,113.231163],"isRenderEnabled":false,"rotationMatrix":[0.734322667,-0.678800583,0,0.678800583,0.734322667,0,0,0,1],"shapeName":"/levels/west_coast_usa/art/shapes/objects/trafficlightbox_green.dae","useInstanceRenderData":true}
{"class":"TSStatic","persistentId":"2d3311e2-bb59-41af-995a-1525db3d7c90","__parent":"Electric_stuff_1","position":[-1357.56604,-811.61438,113.231163],"isRenderEnabled":false,"rotationMatrix":[0.734322667,-0.678800583,0,0.678800583,0.734322667,0,0,0,1],"shapeName":"/levels/west_coast_usa/art/shapes/objects/trafficlightbox_green.dae","useInstanceRenderData":true}
{"class":"TSStatic","persistentId":"6ea000b0-8ef9-43c9-9f1e-dd7044dc7ee3","__parent":"Electric_stuff_1","position":[-1296.50537,-745.559082,113.231163],"isRenderEnabled":false,"rotationMatrix":[0.734322667,-0.678800583,0,0.678800583,0.734322667,0,0,0,1],"shapeName":"/levels/west_coast_usa/art/shapes/objects/trafficlightbox_green.dae","useInstanceRenderData":true}
{"class":"TSStatic","persistentId":"a3098bff-b193-4df2-bacf-dc596816d1b5","__parent":"Electric_stuff_1","position":[-1456.95239,-917.853882,100.077614],"annotation":"BUILDINGS","decalType":"None","isRenderEnabled":false,"rotationMatrix":[0.734322667,-0.678800523,0,0.678800523,0.734322667,0,0,0,1],"scale":[0.5,0.5,0.5],"shapeName":"/levels/west_coast_usa/art/shapes/objects/substation_transformer.dae","useInstanceRenderData":true}
{"class":"TSStatic","persistentId":"8a923760-3e0e-4fa2-b264-758c75313f39","__parent":"Electric_stuff_1","position":[-1454.57874,-919.394287,100.412918],"annotation":"OBSTACLES","decalType":"None","isRenderEnabled":false,"rotationMatrix":[-0.678800762,-0.734322488,0,0.734322488,-0.678800762,0,0,0,0.999999881],"shapeName":"/levels/west_coast_usa/art/shapes/objects/s_chainlink_old.dae","useInstanceRenderData":true}
{"class":"TSStatic","persistentId":"4a2a92cc-f203-405b-89ed-87a20b42fd1c","__parent":"Electric_stuff_1","position":[-1456.60022,-921.581177,100.412918],"annotation":"OBSTACLES","decalType":"None","isRenderEnabled":false,"rotationMatrix":[-0.678800762,-0.734322488,0,0.734322488,-0.678800762,0,0,0,0.999999881],"shapeName":"/levels/west_coast_usa/art/shapes/objects/s_chainlink_old.dae","useInstanceRenderData":true}
{"class":"TSStatic","persistentId":"f00b7282-57ab-44aa-ac15-05910f51e115","__parent":"Electric_stuff_1","position":[-1458.12927,-920.167725,100.412918],"annotation":"OBSTACLES","decalType":"None","isRenderEnabled":false,"rotationMatrix":[0.734322667,-0.678800583,0,0.678800583,0.734322667,0,0,0,1],"shapeName":"/levels/west_coast_usa/art/shapes/objects/s_chainlink_old.dae","useInstanceRenderData":true}
{"class":"TSStatic","persistentId":"5efbcdb4-9698-42da-8041-212c8848f243","__parent":"Electric_stuff_1","position":[-1456.63538,-921.548706,100.412918],"annotation":"OBSTACLES","decalType":"None","isRenderEnabled":false,"rotationMatrix":[0.734322667,-0.678800583,0,0.678800583,0.734322667,0,0,0,1],"shapeName":"/levels/west_coast_usa/art/shapes/objects/s_chainlink_old.dae","useInstanceRenderData":true}
{"class":"TSStatic","persistentId":"9b63c7e6-a51e-4df0-ba78-6b0e87b51075","__parent":"Electric_stuff_1","position":[-1445.7113,-974.841431,103.319046],"collisionType":"None","decalType":"None","isRenderEnabled":false,"rotationMatrix":[-0.734323382,0.678800225,-1.49011669e-07,0.678800225,0.734323025,-6.08873449e-08,6.80923762e-08,-1.45860128e-07,-1.00000024],"scale":[1.5,1.5,1.5],"shapeName":"/levels/west_coast_usa/art/shapes/buildings/steel_factory/s_steel_factory_electric_ramp.dae","useInstanceRenderData":true}
{"class":"TSStatic","persistentId":"e56a9613-1046-493d-944f-29589453bae1","__parent":"Electric_stuff_1","position":[-1462.22363,-959.577637,103.319046],"collisionType":"None","decalType":"None","isRenderEnabled":false,"rotationMatrix":[-0.734323382,0.678800225,-1.49011669e-07,0.678800225,0.734323025,-6.08873449e-08,6.80923762e-08,-1.45860128e-07,-1.00000024],"scale":[1.5,1.5,1.5],"shapeName":"/levels/west_coast_usa/art/shapes/buildings/steel_factory/s_steel_factory_electric_ramp.dae","useInstanceRenderData":true}
{"class":"TSStatic","persistentId":"4875f394-ee58-4ecf-88c1-9f8688f38f6c","__parent":"Electric_stuff_1","position":[-1467.34119,-965.113525,103.417389],"collisionType":"None","decalType":"None","isRenderEnabled":false,"rotationMatrix":[-0.734323144,0.678800046,-1.78813934e-07,-1.1920929e-07,1.1920929e-07,1,0.678800046,0.734323144,0],"scale":[1.5,1.5,1.5],"shapeName":"/levels/west_coast_usa/art/shapes/buildings/steel_factory/s_steel_factory_electric_ramp.dae","useInstanceRenderData":true}
{"class":"TSStatic","persistentId":"cdde699c-751a-449b-ba36-a69a2e95fbde","__parent":"Electric_stuff_1","position":[-1450.82874,-980.37738,103.417442],"collisionType":"None","decalType":"None","isRenderEnabled":false,"rotationMatrix":[-0.734323144,0.678800046,-1.78813934e-07,-1.1920929e-07,1.1920929e-07,1,0.678800046,0.734323144,0],"scale":[1.5,1.5,1.5],"shapeName":"/levels/west_coast_usa/art/shapes/buildings/steel_factory/s_steel_factory_electric_ramp.dae","useInstanceRenderData":true}
{"class":"TSStatic","persistentId":"c3d50208-2aa9-47a5-aab2-def4ede66e81","__parent":"Electric_stuff_1","position":[-1434.31616,-995.641479,103.417557],"collisionType":"None","decalType":"None","isRenderEnabled":false,"rotationMatrix":[-0.734323144,0.678800046,-1.78813934e-07,-1.1920929e-07,1.1920929e-07,1,0.678800046,0.734323144,0],"scale":[1.5,1.5,1.5],"shapeName":"/levels/west_coast_usa/art/shapes/buildings/steel_factory/s_steel_factory_electric_ramp.dae","useInstanceRenderData":true}
{"class":"TSStatic","persistentId":"f97df906-aaa5-43ab-8285-a5b0f788fb5d","__parent":"Electric_stuff_1","position":[-1421.99097,-908.881226,102.228432],"collisionType":"None","decalType":"None","isRenderEnabled":false,"rotationMatrix":[-0.678800762,-0.734322488,0,0.734322488,-0.678800762,0,0,0,0.999999881],"scale":[1.5,1.5,1.5],"shapeName":"/levels/west_coast_usa/art/shapes/buildings/steel_factory/s_steel_factory_electric_ramp.dae","useInstanceRenderData":true}
{"class":"TSStatic","persistentId":"cecea410-f6f1-4bba-963c-98c63ea16625","__parent":"Electric_stuff_1","position":[-1421.99097,-908.881226,101.738998],"collisionType":"None","decalType":"None","isRenderEnabled":false,"rotationMatrix":[0.678800821,0.734322429,3.25841341e-07,0.734322429,-0.678800702,-1.42108547e-14,2.21181352e-07,2.39272595e-07,-0.999999881],"scale":[1.5,1.5,1.5],"shapeName":"/levels/west_coast_usa/art/shapes/buildings/steel_factory/s_steel_factory_electric_ramp.dae","useInstanceRenderData":true}
{"class":"TSStatic","persistentId":"e432d54b-9b8f-44c0-8347-87d22669e1f3","__parent":"Electric_stuff_1","position":[-1428.55261,-917.29895,99.9369278],"isRenderEnabled":false,"rotationMatrix":[0.734322667,-0.678800583,0,0.678800583,0.734322667,0,0,0,1],"shapeName":"/levels/west_coast_usa/art/shapes/objects/trafficlightbox_green.dae","useInstanceRenderData":true}
{"class":"TSStatic","persistentId":"90323b1a-b7f9-49ad-83c7-d0579b4f746f","__parent":"Electric_stuff_1","position":[-1422.39709,-909.971863,102.547005],"collisionType":"None","decalType":"None","isRenderEnabled":false,"rotationMatrix":[-0.678800464,-0.73432225,-6.51682512e-07,-0.73432225,0.678800941,-3.25841228e-07,6.81635129e-07,2.5736378e-07,-0.999999523],"scale":[1.35000002,1.5,1.5],"shapeName":"/levels/west_coast_usa/art/shapes/buildings/steel_factory/s_steel_factory_electric_ramp.dae","useInstanceRenderData":true}
{"class":"TSStatic","persistentId":"90f40f13-eed2-4ad3-b45f-42389d3d6da1","__parent":"Electric_stuff_1","position":[-1422.39709,-909.971863,103.036438],"collisionType":"None","decalType":"None","isRenderEnabled":false,"rotationMatrix":[0.678800821,0.734322369,3.25841256e-07,-0.734322369,0.678800821,-3.25841313e-07,-4.60453919e-07,-1.80912139e-08,1],"scale":[1.35000002,1.5,1.5],"shapeName":"/levels/west_coast_usa/art/shapes/buildings/steel_factory/s_steel_factory_electric_ramp.dae","useInstanceRenderData":true}
{"class":"TSStatic","persistentId":"ae8989c4-a5d8-48da-9132-188cf306d319","__parent":"Electric_stuff_1","position":[-1414.54382,-901.715332,99.9369278],"isRenderEnabled":false,"rotationMatrix":[0.734322667,-0.678800583,0,0.678800583,0.734322667,0,0,0,1],"shapeName":"/levels/west_coast_usa/art/shapes/objects/trafficlightbox_green.dae","useInstanceRenderData":true}
{"class":"TSStatic","persistentId":"dd023175-4a30-453c-85f1-d83fc5d16e98","__parent":"Electric_stuff_1","position":[-1408.50061,-894.516052,102.547012],"collisionType":"None","decalType":"None","isRenderEnabled":false,"rotationMatrix":[-0.678800464,-0.73432225,-6.51682512e-07,-0.73432225,0.678800941,-3.25841228e-07,6.81635129e-07,2.5736378e-07,-0.999999523],"scale":[1.35000002,1.35000002,1.5],"shapeName":"/levels/west_coast_usa/art/shapes/buildings/steel_factory/s_steel_factory_electric_ramp.dae","useInstanceRenderData":true}
{"class":"TSStatic","persistentId":"b79d7ecb-48d8-472c-bf90-0c2d8bed1461","__parent":"Electric_stuff_1","position":[-1408.50061,-894.516052,103.036446],"collisionType":"None","decalType":"None","isRenderEnabled":false,"rotationMatrix":[0.678800821,0.734322369,3.25841256e-07,-0.734322369,0.678800821,-3.25841313e-07,-4.60453919e-07,-1.80912139e-08,1],"scale":[1.35000002,1.35000002,1.5],"shapeName":"/levels/west_coast_usa/art/shapes/buildings/steel_factory/s_steel_factory_electric_ramp.dae","useInstanceRenderData":true}
{"class":"TSStatic","persistentId":"88ffc1d7-18d0-43e0-8854-d669fb41e18e","__parent":"Electric_stuff_1","position":[-1440.27905,-906.458984,99.9369278],"isRenderEnabled":false,"rotationMatrix":[0.734322667,-0.678800583,0,0.678800583,0.734322667,0,0,0,1],"shapeName":"/levels/west_coast_usa/art/shapes/objects/trafficlightbox_green.dae","useInstanceRenderData":true}
{"class":"TSStatic","persistentId":"f99d33de-011c-46b8-8a16-df512ff91bdb","__parent":"Electric_stuff_1","position":[-1434.12354,-899.131897,102.547005],"collisionType":"None","decalType":"None","isRenderEnabled":false,"rotationMatrix":[-0.678800464,-0.73432225,-6.51682512e-07,-0.73432225,0.678800941,-3.25841228e-07,6.81635129e-07,2.5736378e-07,-0.999999523],"scale":[1.35000002,1.5,1.5],"shapeName":"/levels/west_coast_usa/art/shapes/buildings/steel_factory/s_steel_factory_electric_ramp.dae","useInstanceRenderData":true}
{"class":"TSStatic","persistentId":"f023062d-4d77-4f27-a4f5-54ea86dfc0f5","__parent":"Electric_stuff_1","position":[-1434.12354,-899.131897,103.036438],"collisionType":"None","decalType":"None","isRenderEnabled":false,"rotationMatrix":[0.678800821,0.734322369,3.25841256e-07,-0.734322369,0.678800821,-3.25841313e-07,-4.60453919e-07,-1.80912139e-08,1],"scale":[1.35000002,1.5,1.5],"shapeName":"/levels/west_coast_usa/art/shapes/buildings/steel_factory/s_steel_factory_electric_ramp.dae","useInstanceRenderData":true}
{"class":"TSStatic","persistentId":"a8c67238-1de5-4024-abc5-23ea6eb4e2cb","__parent":"Electric_stuff_1","position":[-1400.81433,-886.647339,92.1276627],"collisionType":"None","decalType":"None","isRenderEnabled":false,"rotationMatrix":[-1.1920929e-06,2.98023224e-08,1.00000024,-0.678800821,-0.734323025,-5.96046448e-07,0.734322786,-0.678800821,4.76837158e-07],"scale":[1.5,1.5,1.5],"shapeName":"/levels/west_coast_usa/art/shapes/buildings/steel_factory/s_steel_factory_electric_ramp.dae","useInstanceRenderData":true}
{"class":"TSStatic","persistentId":"c873a22d-893b-460b-839b-10b540f240d9","__parent":"Electric_stuff_1","position":[-1408.96167,-894.530884,100.87616],"collisionType":"None","decalType":"None","isRenderEnabled":false,"rotationMatrix":[-0.673347116,-0.728422284,0.126511842,0.734322548,-0.678801179,-1.11758709e-08,0.0858763531,0.0929004699,0.991965115],"scale":[1.51428437,1.5,1.5],"shapeName":"/levels/west_coast_usa/art/shapes/buildings/steel_factory/s_steel_factory_electric_ramp.dae","useInstanceRenderData":true}
{"class":"TSStatic","persistentId":"f22e1d7b-55a9-416f-b395-b698e1a8195f","__parent":"Electric_stuff_1","position":[-1409.00366,-894.576416,100.390656],"collisionType":"None","decalType":"None","isRenderEnabled":false,"rotationMatrix":[0.673346877,0.728422046,-0.126511484,0.73432219,-0.678800821,3.7252903e-09,-0.0858761072,-0.0929002017,-0.991964936],"scale":[1.51428437,1.5,1.5],"shapeName":"/levels/west_coast_usa/art/shapes/buildings/steel_factory/s_steel_factory_electric_ramp.dae","useInstanceRenderData":true}
{"class":"TSStatic","persistentId":"0ee25901-ec90-4e59-9f06-de98393b47bf","__parent":"Electric_stuff_1","position":[-1393.61951,-878.039551,99.3557434],"collisionType":"None","decalType":"None","isRenderEnabled":false,"rotationMatrix":[-0.678800762,-0.734322488,0,0.734322488,-0.678800762,0,0,0,0.999999881],"scale":[1.5,1.5,1.5],"shapeName":"/levels/west_coast_usa/art/shapes/buildings/steel_factory/s_steel_factory_electric_ramp.dae","useInstanceRenderData":true}
{"class":"TSStatic","persistentId":"34cc36d4-97ee-4583-9617-6b6bc6451793","__parent":"Electric_stuff_1","position":[-1393.61951,-878.039551,98.8663101],"collisionType":"None","decalType":"None","isRenderEnabled":false,"rotationMatrix":[0.678800821,0.734322429,3.25841341e-07,0.734322429,-0.678800702,-1.42108547e-14,2.21181352e-07,2.39272595e-07,-0.999999881],"scale":[1.5,1.5,1.5],"shapeName":"/levels/west_coast_usa/art/shapes/buildings/steel_factory/s_steel_factory_electric_ramp.dae","useInstanceRenderData":true}
{"class":"TSStatic","persistentId":"3b41e281-da74-4635-aeec-0c27182b531f","__parent":"Electric_stuff_1","position":[-1378.30042,-861.5896,99.355751],"collisionType":"None","decalType":"None","isRenderEnabled":false,"rotationMatrix":[-0.678800762,-0.734322488,0,0.734322488,-0.678800762,0,0,0,0.999999881],"scale":[1.5,1.5,1.5],"shapeName":"/levels/west_coast_usa/art/shapes/buildings/steel_factory/s_steel_factory_electric_ramp.dae","useInstanceRenderData":true}
{"class":"TSStatic","persistentId":"932cb40f-58a7-45ee-be5f-607e6594e07b","__parent":"Electric_stuff_1","position":[-1378.30042,-861.5896,98.8663177],"collisionType":"None","decalType":"None","isRenderEnabled":false,"rotationMatrix":[0.678800821,0.734322429,3.25841341e-07,0.734322429,-0.678800702,-1.42108547e-14,2.21181352e-07,2.39272595e-07,-0.999999881],"scale":[1.5,1.5,1.5],"shapeName":"/levels/west_coast_usa/art/shapes/buildings/steel_factory/s_steel_factory_electric_ramp.dae","useInstanceRenderData":true}
{"class":"TSStatic","persistentId":"bdf57742-f8c1-4843-9b6e-220976c3de66","__parent":"Electric_stuff_1","position":[-1394.48499,-879.036438,96.7535477],"annotation":"OBSTACLES","isRenderEnabled":false,"rotationMatrix":[0.734322667,-0.678800583,0,0.678800583,0.734322667,0,0,0,1],"shapeName":"/levels/west_coast_usa/art/shapes/objects/trafficlightbox_green.dae","useInstanceRenderData":true}
{"class":"TSStatic","persistentId":"6e2e368e-0038-4406-bf9a-1498a02ac2b7","__parent":"Electric_stuff_1","position":[-1393.63623,-878.118286,96.7535477],"annotation":"OBSTACLES","isRenderEnabled":false,"rotationMatrix":[0.734322667,-0.678800583,0,0.678800583,0.734322667,0,0,0,1],"shapeName":"/levels/west_coast_usa/art/shapes/objects/trafficlightbox_green.dae","useInstanceRenderData":true}
{"class":"TSStatic","persistentId":"cccabdce-f058-4fbc-a4a1-8e4315d8185c","__parent":"Electric_stuff_1","position":[-1392.78125,-877.193481,96.7535477],"annotation":"OBSTACLES","isRenderEnabled":false,"rotationMatrix":[0.734322667,-0.678800583,0,0.678800583,0.734322667,0,0,0,1],"shapeName":"/levels/west_coast_usa/art/shapes/objects/trafficlightbox_green.dae","useInstanceRenderData":true}
{"class":"TSStatic","persistentId":"0a62d802-6e9e-43e9-ad3a-30d6f13f3dbd","__parent":"Electric_stuff_1","position":[-1391.94055,-876.225769,96.7535477],"annotation":"OBSTACLES","isRenderEnabled":false,"rotationMatrix":[0.734322667,-0.678800583,0,0.678800583,0.734322667,0,0,0,1],"shapeName":"/levels/west_coast_usa/art/shapes/objects/trafficlightbox_green.dae","useInstanceRenderData":true}
{"class":"TSStatic","persistentId":"4c322e81-08c2-4b11-8193-8fb6711dd614","__parent":"Electric_stuff_1","position":[-1372.39624,-855.14093,96.7571182],"annotation":"OBSTACLES","isRenderEnabled":false,"rotationMatrix":[0.734322667,-0.678800583,0,0.678800583,0.734322667,0,0,0,1],"shapeName":"/levels/west_coast_usa/art/shapes/objects/trafficlightbox_green.dae","useInstanceRenderData":true}
{"class":"TSStatic","persistentId":"9b66c7ce-089c-431e-b83b-64f26ff6819b","__parent":"Electric_stuff_1","position":[-1371.54749,-854.222778,96.7571182],"annotation":"OBSTACLES","isRenderEnabled":false,"rotationMatrix":[0.734322667,-0.678800583,0,0.678800583,0.734322667,0,0,0,1],"shapeName":"/levels/west_coast_usa/art/shapes/objects/trafficlightbox_green.dae","useInstanceRenderData":true}
{"class":"TSStatic","persistentId":"2ce5282e-80fa-43d4-954e-6c1bf970d7fa","__parent":"Electric_stuff_1","position":[-1370.6925,-853.297974,96.7571182],"annotation":"OBSTACLES","isRenderEnabled":false,"rotationMatrix":[0.734322667,-0.678800583,0,0.678800583,0.734322667,0,0,0,1],"shapeName":"/levels/west_coast_usa/art/shapes/objects/trafficlightbox_green.dae","useInstanceRenderData":true}
{"class":"TSStatic","persistentId":"f68321cd-bab7-4366-b0bc-ab612eb0bc87","__parent":"Electric_stuff_1","position":[-1360.49414,-820.148193,99.9369278],"annotation":"OBSTACLES","isRenderEnabled":false,"rotationMatrix":[0.734322667,-0.678800583,0,0.678800583,0.734322667,0,0,0,1],"shapeName":"/levels/west_coast_usa/art/shapes/objects/trafficlightbox_green.dae","useInstanceRenderData":true}
{"class":"TSStatic","persistentId":"af7d5211-f57d-4a7f-b126-ee2112e78100","__parent":"Electric_stuff_1","position":[-1357.96582,-816.745056,101.579849],"collisionType":"None","decalType":"None","isRenderEnabled":false,"rotationMatrix":[-0.678800464,-0.73432225,-6.51682512e-07,-0.73432225,0.678800941,-3.25841228e-07,6.81635129e-07,2.5736378e-07,-0.999999523],"scale":[1.35000002,1.5,1.5],"shapeName":"/levels/west_coast_usa/art/shapes/buildings/steel_factory/s_steel_factory_electric_ramp.dae","useInstanceRenderData":true}
{"class":"TSStatic","persistentId":"ce26332f-4d6a-4f79-b709-0dcbe4882687","__parent":"Electric_stuff_1","position":[-1357.96582,-816.745056,102.069283],"collisionType":"None","decalType":"None","isRenderEnabled":false,"rotationMatrix":[0.678800821,0.734322369,3.25841256e-07,-0.734322369,0.678800821,-3.25841313e-07,-4.60453919e-07,-1.80912139e-08,1],"scale":[1.35000002,1.5,1.5],"shapeName":"/levels/west_coast_usa/art/shapes/buildings/steel_factory/s_steel_factory_electric_ramp.dae","useInstanceRenderData":true}
