{"name":"Zoning","class":"SimGroup","persistentId":"2b453ba5-42a2-4f5c-9293-6c82579675f4","__parent":"under_tourism"}
{"name":"objects","class":"SimGroup","persistentId":"fb123691-8098-4791-9f62-c9d458f73314","__parent":"under_tourism"}
{"class":"TSStatic","persistentId":"197f5b61-92c9-4643-baf1-e574fd594d34","__parent":"under_tourism","position":[-722.305908,280.878571,268.277924],"decalType":"None","isRenderEnabled":false,"rotationMatrix":[-0.431189656,0.901987672,0.0222033672,-0.898010671,-0.426643223,-0.107472144,-0.0874656662,-0.0662796944,0.993959963],"shapeName":"/levels/utah/art/shapes/buildings/utah_mines_tracks.dae"}
{"class":"TSStatic","persistentId":"400f2f3a-1005-4ea8-a08a-af5516cb64e1","__parent":"under_tourism","position":[-499.49881,274.3172,284.444336],"decalType":"None","isRenderEnabled":false,"rotationMatrix":[0.211728856,-0.97729516,-0.00806596875,0.974627316,0.210523814,0.0760197639,-0.072595641,-0.0239569787,0.997072637],"shapeName":"/levels/utah/art/shapes/buildings/utah_mines_tracks.dae"}
{"class":"TSStatic","persistentId":"5db60c6e-ad5f-40bc-8f64-acfd68341b5e","__parent":"under_tourism","position":[-646.851318,295.069489,278.720551],"decalType":"None","isRenderEnabled":false,"rotationMatrix":[-0.300373167,-0.94981724,-0.087320216,0.949952781,-0.306134731,0.0622085594,-0.085818477,-0.0642642975,0.994235516],"shapeName":"/levels/utah/art/shapes/buildings/utah_mines_tracks.dae"}
{"class":"TSStatic","persistentId":"f312d117-3c4c-4f55-934f-e790c7f7df36","__parent":"under_tourism","position":[-554.056519,273.219788,281.6763],"decalType":"None","isRenderEnabled":false,"rotationMatrix":[-0.498067766,-0.867024899,-0.0140833994,0.867102265,-0.497832149,-0.0172592942,0.00795306079,-0.0208080132,0.999751866],"shapeName":"/levels/utah/art/shapes/buildings/utah_mines_tracks.dae"}
