{"class":"TSStatic","persistentId":"a31e5993-7cc1-4fa6-aaca-2c3d7f87af35","__parent":"trail_032_rocks","position":[-1075.0426,-804.761292,116.086311],"isRenderEnabled":false,"shapeName":"/levels/johnson_valley/art/shapes/rocks/s_rocks_desert_small_02.dae","useInstanceRenderData":true}
{"class":"TSStatic","persistentId":"7638afbd-3c7e-4cca-8eb5-1df975014bef","__parent":"trail_032_rocks","position":[-1074.90295,-803.443848,116.106583],"isRenderEnabled":false,"shapeName":"/levels/johnson_valley/art/shapes/rocks/s_rocks_desert_small_05.dae","useInstanceRenderData":true}
{"class":"TSStatic","persistentId":"bc7f3d51-a1d1-446c-af74-d8c979e189c9","__parent":"trail_032_rocks","position":[-1074.29724,-802.84314,116.137833],"isRenderEnabled":false,"shapeName":"/levels/johnson_valley/art/shapes/rocks/s_rocks_desert_small_08.dae","useInstanceRenderData":true}
{"class":"TSStatic","persistentId":"df78ec2e-8f77-417f-a995-19473dfc395e","__parent":"trail_032_rocks","position":[-1073.49329,-807.343323,116.163872],"isRenderEnabled":false,"rotationMatrix":[0.999400973,0,0.0346079618,0,1,0,-0.0346079618,0,0.999400973],"scale":[0.859472513,0.859472513,0.859472513],"shapeName":"/levels/johnson_valley/art/shapes/rocks/s_rocks_desert_collection_03.dae","useInstanceRenderData":true}
{"class":"TSStatic","persistentId":"adc85793-2f64-48a4-a5e7-1f0a3dd49ffe","__parent":"trail_032_rocks","position":[-864.124268,-941.577209,124.300819],"isRenderEnabled":false,"rotationMatrix":[0.924580216,0.022070393,-0.380347699,0.0236085914,0.993083119,0.115015201,0.380255312,-0.115320243,0.917663932],"scale":[1.22451162,1.22451162,1.22451162],"shapeName":"/levels/johnson_valley/art/shapes/rocks/s_rocks_desert_collection_03.dae","useInstanceRenderData":true}
{"class":"TSStatic","persistentId":"a4bc5ade-1fbb-4d74-a35e-14a58161d501","__parent":"trail_032_rocks","position":[-862.528809,-930.94165,124.672554],"isRenderEnabled":false,"rotationMatrix":[0.17482698,0.952831805,0.248086542,-0.984599054,0.169186294,0.0440506116,1.49011612e-08,-0.251967043,0.967735827],"shapeName":"/levels/johnson_valley/art/shapes/rocks/s_rocks_desert_collection_02.dae","useInstanceRenderData":true}
{"class":"TSStatic","persistentId":"335c0e2d-1a89-44d0-b822-ac39948477fd","__parent":"trail_032_rocks","position":[-905.766724,-901.607666,131.196442],"isRenderEnabled":false,"rotationMatrix":[0.99785918,2.32830644e-10,-0.0653992146,0.00710342545,0.994083762,0.108383842,0.0650122911,-0.108616374,0.991955578],"shapeName":"/levels/johnson_valley/art/shapes/rocks/s_rocks_desert_collection_03.dae","useInstanceRenderData":true}
{"class":"TSStatic","persistentId":"b7ca2c0c-9c83-4eed-b357-4568d5d765e3","__parent":"trail_032_rocks","position":[-924.207458,-890.740356,131.001114],"isRenderEnabled":false,"rotationMatrix":[1,0,0,0,-0.973453522,-0.228884712,0,0.228884712,-0.973453522],"shapeName":"/levels/johnson_valley/art/shapes/rocks/s_rocks_desert_large_06.dae","useInstanceRenderData":true}
{"class":"TSStatic","persistentId":"3ee56e0a-bef1-44a1-8b43-a23a51e07839","__parent":"trail_032_rocks","position":[-921.894409,-891.150696,131.161942],"isRenderEnabled":false,"rotationMatrix":[0.284467459,0.949137807,0.134964913,0.95804143,-0.276284814,-0.07630983,-0.0351397917,0.151009649,-0.98790741],"shapeName":"/levels/johnson_valley/art/shapes/rocks/s_rocks_desert_medium_02.dae","useInstanceRenderData":true}
{"class":"TSStatic","persistentId":"3d492612-6c34-411c-901c-3afd2ff313c1","__parent":"trail_032_rocks","position":[-926.091553,-890.930176,131.420761],"isRenderEnabled":false,"rotationMatrix":[0.291701496,-0.956509292,-3.11670249e-07,-0.956509292,-0.291701198,-9.5048307e-08,-2.84217094e-14,3.25841256e-07,-0.999999762],"shapeName":"/levels/johnson_valley/art/shapes/rocks/s_rocks_desert_medium_02.dae","useInstanceRenderData":true}
{"class":"TSStatic","persistentId":"9738959f-e04b-421d-a24d-9e0cf666b273","__parent":"trail_032_rocks","position":[-916.493347,-893.316162,131.719925],"isRenderEnabled":false,"rotationMatrix":[0.998861313,-0.0460518971,-0.0124604777,0.0477078706,0.964190185,0.260885417,0,-0.261182845,0.965289354],"shapeName":"/levels/johnson_valley/art/shapes/rocks/s_rocks_desert_large_06.dae","useInstanceRenderData":true}
{"class":"TSStatic","persistentId":"33740f17-e363-4db2-8a10-90136c1e1da7","__parent":"trail_032_rocks","position":[-912.037048,-889.553101,131.508163],"isRenderEnabled":false,"rotationMatrix":[1,0,0,0,-0.999999762,3.2584137e-07,0,-3.2584137e-07,-0.999999762],"shapeName":"/levels/johnson_valley/art/shapes/rocks/s_rocks_desert_medium_02.dae","useInstanceRenderData":true}
{"class":"TSStatic","persistentId":"f1fc7840-fb84-4477-b72d-63bb132eb742","__parent":"trail_032_rocks","position":[-912.291687,-894.556702,132.103638],"isRenderEnabled":false,"rotationMatrix":[0.198331892,-0.903860748,-0.379077762,0.977175891,0.152315617,0.148077875,-0.076102376,-0.399794251,0.913440168],"shapeName":"/levels/johnson_valley/art/shapes/rocks/s_rocks_desert_large_06.dae","useInstanceRenderData":true}
{"class":"TSStatic","persistentId":"a10d19aa-3a1a-436c-8798-7d7822329166","__parent":"trail_032_rocks","position":[-937.604858,-892.55896,132.448029],"isRenderEnabled":false,"rotationMatrix":[1,0,0,0,-0.999999762,3.2584137e-07,0,-3.2584137e-07,-0.999999762],"shapeName":"/levels/johnson_valley/art/shapes/rocks/s_rocks_desert_large_06.dae","useInstanceRenderData":true}
{"class":"TSStatic","persistentId":"0634053c-8d0b-4e0a-b31c-487e1523bcb5","__parent":"trail_032_rocks","position":[-939.987427,-892.205811,132.530807],"isRenderEnabled":false,"rotationMatrix":[-0.22403264,0.97458148,-3.17559e-07,0.97458148,0.224032879,-7.29991569e-08,-1.42108547e-14,-3.2584137e-07,-0.999999762],"shapeName":"/levels/johnson_valley/art/shapes/rocks/s_rocks_desert_large_06.dae","useInstanceRenderData":true}
{"class":"TSStatic","persistentId":"6735107f-497c-4479-9727-a88586600ff1","__parent":"trail_032_rocks","position":[-892.689026,-914.430359,130.294479],"isRenderEnabled":false,"rotationMatrix":[0.0175320506,-0.971501231,-0.236384273,0.918233633,-0.077909708,0.388299555,-0.395650268,-0.223863631,0.890699625],"shapeName":"/levels/johnson_valley/art/shapes/rocks/s_rocks_desert_large_06.dae","useInstanceRenderData":true}
{"class":"TSStatic","persistentId":"f5566cb0-08f2-4155-8783-64fa5fe3dbec","__parent":"trail_032_rocks","position":[-911.984192,-896.956055,132.869507],"isRenderEnabled":false,"rotationMatrix":[1,0,0,0,-0.999999762,3.2584137e-07,0,-3.2584137e-07,-0.999999762],"shapeName":"/levels/johnson_valley/art/shapes/rocks/s_rocks_desert_large_06.dae","useInstanceRenderData":true}
{"class":"TSStatic","persistentId":"6f8c2219-c8a3-497f-a799-8f4ce62e07e1","__parent":"trail_032_rocks","position":[-910.164978,-896.194702,132.018921],"isRenderEnabled":false,"rotationMatrix":[-0.833548665,0.546037138,-0.0839022547,0.479486406,0.63964051,-0.600793421,-0.274388254,-0.541020691,-0.794988871],"shapeName":"/levels/johnson_valley/art/shapes/rocks/s_rocks_desert_medium_02.dae","useInstanceRenderData":true}
{"class":"TSStatic","persistentId":"57abbad1-9b41-4e78-933e-c2bed17c4eff","__parent":"trail_032_rocks","position":[-912.403564,-892.245605,131.030914],"isRenderEnabled":false,"rotationMatrix":[1,0,0,0,-0.999999762,3.2584137e-07,0,-3.2584137e-07,-0.999999762],"shapeName":"/levels/johnson_valley/art/shapes/rocks/s_rocks_desert_medium_02.dae","useInstanceRenderData":true}
{"class":"TSStatic","persistentId":"211904bc-ca21-4677-b562-5c81ca389ecf","__parent":"trail_032_rocks","position":[-912.054443,-891.07959,131.67395],"isRenderEnabled":false,"rotationMatrix":[0.920631111,-0.269175023,-0.282812983,-0.33387509,-0.918268085,-0.212865129,-0.202400088,0.290394455,-0.935256958],"shapeName":"/levels/johnson_valley/art/shapes/rocks/s_rocks_desert_small_01.dae","useInstanceRenderData":true}
{"class":"TSStatic","persistentId":"9035533c-e6a2-4e2c-9830-2e0cd56bc5ad","__parent":"trail_032_rocks","position":[-921.229187,-887.625,131.354477],"isRenderEnabled":false,"rotationMatrix":[0.243422925,0.96676439,-0.0781775564,0.969732344,-0.244169831,8.19563866e-08,-0.0190885384,-0.075811334,-0.996939182],"shapeName":"/levels/johnson_valley/art/shapes/rocks/s_rocks_desert_medium_02.dae","useInstanceRenderData":true}
{"class":"TSStatic","persistentId":"0b1394e3-b210-462c-8dd4-6c6895298c9a","__parent":"trail_032_rocks","position":[-922.912048,-887.406921,131.333069],"isRenderEnabled":false,"rotationMatrix":[0.00600773096,-0.96910274,0.246583641,-0.999980688,-0.00619888306,-7.4505806e-09,0.00152857602,-0.246578902,-0.969121218],"shapeName":"/levels/johnson_valley/art/shapes/rocks/s_rocks_desert_medium_02.dae","useInstanceRenderData":true}
{"class":"TSStatic","persistentId":"9795c816-5b83-4eb9-af4d-96663c261d1b","__parent":"trail_032_rocks","position":[-919.304138,-888.651855,131.17598],"isRenderEnabled":false,"rotationMatrix":[0.0984193087,-0.987736702,0.121201716,-0.994533777,-0.0933583975,0.0467635803,-0.0348749086,-0.125141636,-0.99152565],"shapeName":"/levels/johnson_valley/art/shapes/rocks/s_rocks_desert_medium_02.dae","useInstanceRenderData":true}
{"class":"TSStatic","persistentId":"b748ff8d-75dd-4c59-9a6a-ee8fc06656b8","__parent":"trail_032_rocks","position":[-946.521606,-888.717224,132.424484],"isRenderEnabled":false,"rotationMatrix":[0.90127331,0.433250993,-1.41561031e-07,0.423269778,-0.880509615,0.213413164,0.0924613476,-0.192343637,-0.976961851],"shapeName":"/levels/johnson_valley/art/shapes/rocks/s_rocks_desert_large_06.dae","useInstanceRenderData":true}
{"class":"TSStatic","persistentId":"f565a794-da1e-4805-9d07-6df381eb1dd3","__parent":"trail_032_rocks","position":[-946.053894,-894.862915,133.578125],"isRenderEnabled":false,"rotationMatrix":[0.954912782,0.0994064212,-0.279749721,0.0178017803,0.921411455,0.388180345,0.296352237,-0.375658423,0.878098011],"shapeName":"/levels/johnson_valley/art/shapes/rocks/s_rocks_desert_large_05.dae","useInstanceRenderData":true}
{"class":"TSStatic","persistentId":"2b93597f-75c1-480e-8c12-02347c50202d","__parent":"trail_032_rocks","position":[-943.753723,-893.005676,133.376556],"isRenderEnabled":false,"rotationMatrix":[0.134217262,-0.972617388,0.189740911,0.955354214,0.0761419535,-0.285484135,0.263219446,0.21958673,0.939413249],"shapeName":"/levels/johnson_valley/art/shapes/rocks/s_rocks_desert_large_07.dae","useInstanceRenderData":true}
{"class":"TSStatic","persistentId":"84b70cfe-f72a-4359-909a-492ed208f4cb","__parent":"trail_032_rocks","position":[-961.472351,-892.906311,135.866898],"isRenderEnabled":false,"rotationMatrix":[-0.320303679,0.947109342,-0.0197235495,-0.84696579,-0.276985884,0.453792214,0.424327791,0.162056565,0.890889168],"shapeName":"/levels/johnson_valley/art/shapes/rocks/s_rocks_desert_huge_sheet_3.dae","useInstanceRenderData":true}
{"class":"TSStatic","persistentId":"896b7aaa-81d1-46e8-b9d6-508bc94615f3","__parent":"trail_032_rocks","position":[-987.935547,-878.248596,136.232025],"isRenderEnabled":false,"rotationMatrix":[-0.197399974,-0.980323136,6.43210427e-08,-0.980323136,0.197399795,3.1942983e-07,-3.2584137e-07,0,-1.00000024],"shapeName":"/levels/johnson_valley/art/shapes/rocks/s_rocks_desert_large_06.dae","useInstanceRenderData":true}
{"class":"TSStatic","persistentId":"b223b0cd-b490-4601-9770-c64cc7f7d156","__parent":"trail_032_rocks","position":[-989.246216,-878.994324,136.594559],"isRenderEnabled":false,"rotationMatrix":[-0.999999762,0,3.25841313e-07,0,1,0,-3.25841313e-07,0,-0.999999762],"shapeName":"/levels/johnson_valley/art/shapes/rocks/s_rocks_desert_medium_02.dae","useInstanceRenderData":true}
{"class":"TSStatic","persistentId":"2dd4378c-367c-4c23-a3e1-6d7bc6236491","__parent":"trail_032_rocks","position":[-994.346313,-875.326233,135.996826],"isRenderEnabled":false,"rotationMatrix":[-0.999999762,0,-3.2584137e-07,0,1,0,3.2584137e-07,0,-0.999999762],"shapeName":"/levels/johnson_valley/art/shapes/rocks/s_rocks_desert_medium_02.dae","useInstanceRenderData":true}
{"class":"TSStatic","persistentId":"f6aa3de5-f453-4c05-aa3a-2f1fcb023e9d","__parent":"trail_032_rocks","position":[-991.97821,-873.551208,137.269318],"isRenderEnabled":false,"rotationMatrix":[0.933962226,9.31322575e-10,0.357371777,-0.0210343413,0.998266339,0.0549715459,-0.356752187,-0.0588584244,0.932343066],"shapeName":"/levels/johnson_valley/art/shapes/rocks/s_rocks_desert_collection_03.dae","useInstanceRenderData":true}
{"class":"TSStatic","persistentId":"34ffd8a9-8363-49b2-b21c-ecee1882136c","__parent":"trail_032_rocks","position":[-1000.8111,-873.566284,135.740692],"isRenderEnabled":false,"rotationMatrix":[-0.352854609,0.912045836,-0.208963647,-0.93477428,-0.353423715,0.0358954147,-0.0411144644,0.207999736,0.977264404],"shapeName":"/levels/johnson_valley/art/shapes/rocks/s_rocks_desert_collection_03.dae","useInstanceRenderData":true}
{"class":"TSStatic","persistentId":"ed52346a-caed-4e64-800a-3de2fecac446","__parent":"trail_032_rocks","position":[-848.92865,-981.8125,120.387207],"isRenderEnabled":false,"shapeName":"/levels/johnson_valley/art/shapes/rocks/s_rocks_desert_small_03.dae","useInstanceRenderData":true}
{"class":"TSStatic","persistentId":"0b9b82d6-0f11-486f-9c09-93f3647ea2b0","__parent":"trail_032_rocks","position":[-850.409363,-982.973022,120.289757],"isRenderEnabled":false,"rotationMatrix":[0.530633628,-0.101521403,-0.841499388,-0.824010372,0.170812547,-0.54021275,0.198581755,0.980059385,0.00698423386],"shapeName":"/levels/johnson_valley/art/shapes/rocks/s_rocks_desert_small_05.dae","useInstanceRenderData":true}
{"class":"TSStatic","persistentId":"9c6264c0-33a0-4d34-94ad-7772f79d97be","__parent":"trail_032_rocks","position":[-849.508301,-982.840698,120.373558],"isRenderEnabled":false,"shapeName":"/levels/johnson_valley/art/shapes/rocks/s_rocks_desert_small_08.dae","useInstanceRenderData":true}
{"class":"TSStatic","persistentId":"2c58bed9-afaf-4190-ad41-255ec4ce39de","__parent":"trail_032_rocks","position":[-886.412537,-912.445923,129.652969],"isRenderEnabled":false,"rotationMatrix":[0.690421581,-0.688075125,-0.223317385,0.721894681,0.635374784,0.274165928,-0.0467565283,-0.350501716,0.935394228],"shapeName":"/levels/johnson_valley/art/shapes/rocks/s_rocks_desert_low_flat_02.dae","useInstanceRenderData":true}
{"class":"TSStatic","persistentId":"9b752d81-85d3-4207-a5df-277ec0ce08b7","__parent":"trail_032_rocks","position":[-889.742554,-918.738464,130.903778],"isRenderEnabled":false,"rotationMatrix":[0.69042176,-0.688074887,-0.223317325,0.562067688,0.704577208,-0.43318671,0.455409229,0.17356205,0.873200178],"shapeName":"/levels/johnson_valley/art/shapes/rocks/s_rocks_desert_low_flat_02.dae","useInstanceRenderData":true}
{"class":"TSStatic","persistentId":"83df34d7-d264-4f3e-ac11-f4ea170a430a","__parent":"trail_032_rocks","position":[-890.464783,-915.478333,129.053284],"isRenderEnabled":false,"rotationMatrix":[-0.639875054,-0.386484742,0.664220691,-0.574513018,0.814629912,-0.079453364,-0.510386586,-0.432443738,-0.743301868],"shapeName":"/levels/johnson_valley/art/shapes/rocks/s_rocks_desert_large_06.dae","useInstanceRenderData":true}
{"class":"TSStatic","persistentId":"a8cff6df-a96e-4818-8c6d-d4912227896f","__parent":"trail_032_rocks","position":[-941.851868,-888.854675,132.402832],"isRenderEnabled":false,"rotationMatrix":[0.186013997,-0.922389686,-0.33852011,-0.982506931,-0.177730799,-0.0556030273,-0.00887781382,0.342941314,-0.939314604],"shapeName":"/levels/johnson_valley/art/shapes/rocks/s_rocks_desert_medium_02.dae","useInstanceRenderData":true}
{"class":"TSStatic","persistentId":"9dcf1920-620f-4a26-b925-1c194320b639","__parent":"trail_032_rocks","position":[-942.502991,-891.989624,132.686966],"isRenderEnabled":false,"rotationMatrix":[-0.146604776,0.989195406,-3.2232083e-07,0.989195406,0.1466043,-4.77698592e-08,-1.42108547e-14,-3.25841484e-07,-1.00000048],"shapeName":"/levels/johnson_valley/art/shapes/rocks/s_rocks_desert_medium_02.dae","useInstanceRenderData":true}
{"class":"TSStatic","persistentId":"fc25f192-df0c-4a62-ad7f-404ee6111e54","__parent":"trail_032_rocks","position":[-955.826233,-889.736938,133.565964],"isRenderEnabled":false,"rotationMatrix":[0.982863724,0.0700050145,-0.170523331,0,0.925079584,0.379773229,0.184333697,-0.373265356,0.909227133],"shapeName":"/levels/johnson_valley/art/shapes/rocks/s_rocks_desert_medium_03.dae","useInstanceRenderData":true}
{"class":"TSStatic","persistentId":"46c0b41b-9d18-431e-80ac-12f312fd5653","__parent":"trail_032_rocks","position":[-964.484375,-887.021667,134.291718],"isRenderEnabled":false,"rotationMatrix":[0.968618929,0.243792385,-0.0484004319,0.248550445,-0.950076222,0.188619941,-1.86264515e-09,-0.194730788,-0.980856538],"shapeName":"/levels/johnson_valley/art/shapes/rocks/s_rocks_desert_large_06.dae","useInstanceRenderData":true}
{"class":"TSStatic","persistentId":"a2c41018-8033-4954-bd74-8a10b51cc785","__parent":"trail_032_rocks","position":[-988.25293,-884.440186,137.463699],"isRenderEnabled":false,"rotationMatrix":[0.995681942,-0.0179029591,-0.0910874903,0.00878194813,0.994992137,-0.0995666534,0.0924138725,0.0983368009,0.990852952],"shapeName":"/levels/johnson_valley/art/shapes/rocks/s_rocks_desert_collection_03.dae","useInstanceRenderData":true}
{"class":"TSStatic","persistentId":"e2ea7156-c127-41a5-8d8f-338932189670","__parent":"trail_032_rocks","position":[-923.186035,-894.168518,132.659912],"isRenderEnabled":false,"rotationMatrix":[0.980161309,-0.186748415,-0.06639871,0.174932092,0.972596109,-0.153152138,0.0931800455,0.138498545,0.985969365],"scale":[1.30615234,1.30615234,1.30615234],"shapeName":"/levels/johnson_valley/art/shapes/rocks/s_rocks_desert_collection_03.dae","useInstanceRenderData":true}
{"class":"TSStatic","persistentId":"f6231334-cce3-458e-8216-f613c57e2638","__parent":"trail_032_rocks","position":[-917.421265,-896.760681,133.451431],"isRenderEnabled":false,"rotationMatrix":[0.264761806,0.938418746,-0.221971601,-0.960439682,0.236004174,-0.147843271,-0.0863526687,0.252333581,0.963779509],"scale":[1.19199228,1.19199228,1.19199228],"shapeName":"/levels/johnson_valley/art/shapes/rocks/s_rocks_desert_collection_02.dae","useInstanceRenderData":true}
{"class":"TSStatic","persistentId":"3b6fcfb8-546c-4ea7-a1e1-22a9bdd28ab7","__parent":"trail_032_rocks","position":[-940.242981,-897.2323,134.557587],"isRenderEnabled":false,"rotationMatrix":[0.514196754,0.847086549,-0.134335488,-0.849295378,0.524727583,0.0579500087,0.119578205,0.084292829,0.989239991],"shapeName":"/levels/johnson_valley/art/shapes/rocks/s_rocks_desert_huge_sheet_3.dae","useInstanceRenderData":true}
{"class":"TSStatic","persistentId":"fc7ec8a7-a7de-4aca-9dd7-2ff8f235f79d","__parent":"trail_032_rocks","position":[-942.67395,-902.97821,136.400757],"isRenderEnabled":false,"rotationMatrix":[0.980945826,-0.038112428,-0.190506563,0,0.980569661,-0.196171135,0.194281504,0.192433268,0.961885691],"scale":[1.47800303,1.47800303,1.47800303],"shapeName":"/levels/johnson_valley/art/shapes/rocks/s_rocks_desert_collection_03.dae","useInstanceRenderData":true}
{"class":"TSStatic","persistentId":"0d66332f-2e27-4038-8faa-f54ada120386","__parent":"trail_032_rocks","position":[-943.779663,-912.98053,137.823898],"isRenderEnabled":false,"shapeName":"/levels/johnson_valley/art/shapes/rocks/s_rocks_desert_collection_01.dae","useInstanceRenderData":true}
{"class":"TSStatic","persistentId":"4d0b6c6a-462c-4a23-930e-58bb09d9f03d","__parent":"trail_032_rocks","position":[-943.740723,-908.19043,137.429977],"isRenderEnabled":false,"rotationMatrix":[0.983888507,0,0.178783134,0,1,0,-0.178783134,0,0.983888507],"shapeName":"/levels/johnson_valley/art/shapes/rocks/s_rocks_desert_collection_03.dae","useInstanceRenderData":true}
{"class":"TSStatic","persistentId":"2138cae7-6488-4b57-aa3b-76c751c2aca5","__parent":"trail_032_rocks","position":[-952.911926,-897.504944,134.528793],"isRenderEnabled":false,"rotationMatrix":[0.990314364,-0.0341777541,-0.134570837,-0.00640789885,0.956945419,-0.290197164,0.13869524,0.288248748,0.94745779],"shapeName":"/levels/johnson_valley/art/shapes/rocks/s_rocks_desert_collection_03.dae","useInstanceRenderData":true}
{"class":"TSStatic","persistentId":"b201e605-ab7e-4ef9-aee3-3a4e15ee22fd","__parent":"trail_032_rocks","position":[-908.24408,-891.659241,131.586517],"isRenderEnabled":false,"rotationMatrix":[-0.417676926,-0.404694974,0.813491166,0.695857584,-0.718179703,-2.98023224e-08,0.584232867,0.566074014,0.581577301],"shapeName":"/levels/johnson_valley/art/shapes/rocks/s_rocks_desert_medium_01.dae","useInstanceRenderData":true}
{"class":"TSStatic","persistentId":"313faf65-476f-4806-8f9a-b161993b604d","__parent":"trail_032_rocks","position":[-885.65387,-918.677856,128.056747],"isRenderEnabled":false,"rotationMatrix":[0.603558302,0.375267386,0.70348537,-0.632793069,0.762229741,0.136303544,-0.485067219,-0.527427852,0.697516739],"shapeName":"/levels/johnson_valley/art/shapes/rocks/s_rocks_desert_medium_01.dae","useInstanceRenderData":true}
{"class":"TSStatic","persistentId":"902cde99-1b4d-4b47-8766-af312f859fba","__parent":"trail_032_rocks","position":[-882.788696,-916.25647,127.895828],"isRenderEnabled":false,"rotationMatrix":[0.465597272,0.826220632,-0.317141294,-0.731689811,0.560964286,0.387232661,0.497844577,0.0517545938,0.86572063],"shapeName":"/levels/johnson_valley/art/shapes/rocks/s_rocks_desert_large_06.dae","useInstanceRenderData":true}
{"class":"TSStatic","persistentId":"8dfb6b5e-067f-451b-90e1-afa5089f327a","__parent":"trail_032_rocks","position":[-884.443359,-915.317261,127.941734],"isRenderEnabled":false,"rotationMatrix":[0.584327579,-0.811397791,0.0139586627,-0.678065777,-0.497614145,-0.540931106,0.445856392,0.306616008,-0.840950727],"shapeName":"/levels/johnson_valley/art/shapes/rocks/s_rocks_desert_large_07.dae","useInstanceRenderData":true}
{"class":"TSStatic","persistentId":"48a83aa4-0691-476b-8b5f-53d191e89e36","__parent":"trail_032_rocks","position":[-869.006042,-932.880432,124.175491],"isRenderEnabled":false,"rotationMatrix":[0.505436182,0.813770831,0.286899596,0.86221689,-0.489196301,-0.131412119,0.0334108472,0.313790113,-0.948904514],"scale":[1.16191411,1.16191411,1.16191411],"shapeName":"/levels/johnson_valley/art/shapes/rocks/s_rocks_desert_medium_02.dae","useInstanceRenderData":true}
{"class":"TSStatic","persistentId":"8186c4c4-1935-47d1-82fd-dbd68f16752a","__parent":"trail_032_rocks","position":[-870.884644,-934.748596,125.301643],"isRenderEnabled":false,"rotationMatrix":[0.153350294,0.987901211,-0.0231210887,-0.976860285,0.155083477,0.147284389,0.149088144,0,0.988823891],"shapeName":"/levels/johnson_valley/art/shapes/rocks/s_rocks_desert_collection_03.dae","useInstanceRenderData":true}
{"class":"TSStatic","persistentId":"0c406c48-80f4-452e-82a5-eabeae6079fa","__parent":"trail_032_rocks","position":[-868.068665,-927.33606,125.978302],"isRenderEnabled":false,"rotationMatrix":[0.99986881,0.00738022756,-0.0144203026,-2.32830644e-10,0.890188158,0.455593079,0.0161991622,-0.455533296,0.890071332],"shapeName":"/levels/johnson_valley/art/shapes/rocks/s_rocks_desert_collection_03.dae","useInstanceRenderData":true}
{"class":"TSStatic","persistentId":"2d2dc9f0-1ca9-4cab-9dd4-3816198effab","__parent":"trail_032_rocks","position":[-871.548401,-932.225647,123.547218],"isRenderEnabled":false,"rotationMatrix":[-0.682691932,-0.721329451,-0.116687387,-0.73030436,0.678857684,0.076208815,0.0242424868,0.137244418,-0.990240812],"scale":[1.44179678,1.44179678,1.44179678],"shapeName":"/levels/johnson_valley/art/shapes/rocks/s_rocks_desert_large_06.dae","useInstanceRenderData":true}
{"class":"TSStatic","persistentId":"aaf46524-b568-4a9c-8caf-4bf4ed0160d4","__parent":"trail_032_rocks","position":[-983.431641,-882.608826,135.554062],"isRenderEnabled":false,"rotationMatrix":[1,0,0,0,-0.999998093,-0.00190797518,0,0.00190797518,-0.999998093],"shapeName":"/levels/johnson_valley/art/shapes/rocks/s_rocks_desert_medium_02.dae","useInstanceRenderData":true}
{"class":"TSStatic","persistentId":"62a2f1ae-9b03-4239-b68a-d836f6e5f493","__parent":"trail_032_rocks","position":[-936.93335,-890.684753,132.013153],"isRenderEnabled":false,"rotationMatrix":[0.966332793,-0.199110433,0.162960052,-0.19347392,-0.979834676,-0.049920775,0.16961363,0.0167115685,-0.985368967],"shapeName":"/levels/johnson_valley/art/shapes/rocks/s_rocks_desert_medium_02.dae","useInstanceRenderData":true}
{"class":"TSStatic","persistentId":"3ced8882-e867-4398-bab5-795171a2635a","__parent":"trail_032_rocks","position":[-937.082642,-889.34967,132.084915],"isRenderEnabled":false,"rotationMatrix":[-0.974596858,0.151232809,-0.165194526,0.146259457,0.988356888,0.041938182,0.169613585,0.0167115629,-0.985368729],"shapeName":"/levels/johnson_valley/art/shapes/rocks/s_rocks_desert_medium_02.dae","useInstanceRenderData":true}
{"class":"TSStatic","persistentId":"cdd0a949-d2c8-49a6-83e2-86e41fab18c8","__parent":"trail_032_rocks","position":[-941.323608,-888.371765,133.19249],"isRenderEnabled":false,"rotationMatrix":[-0.17930162,0.983752847,0.00899393857,0.954955816,0.176236033,-0.238746703,-0.236452848,-0.0342188999,-0.97104001],"shapeName":"/levels/johnson_valley/art/shapes/rocks/s_rocks_desert_small_08.dae","useInstanceRenderData":true}
{"class":"TSStatic","persistentId":"34c689d2-6070-449c-95ae-c4aeb633a75a","__parent":"trail_032_rocks","position":[-969.589172,-883.339111,134.56076],"isRenderEnabled":false,"rotationMatrix":[-0.996295214,0,0.0859969407,0,1,0,-0.0859969407,0,-0.996295214],"shapeName":"/levels/johnson_valley/art/shapes/rocks/s_rocks_desert_medium_02.dae","useInstanceRenderData":true}
{"class":"TSStatic","persistentId":"181d31ed-fb84-44da-9d7e-c46063ad00ce","__parent":"trail_032_rocks","position":[-970.866272,-885.453125,135.371033],"isRenderEnabled":false,"rotationMatrix":[0.975833833,0.212902203,0.0492039099,0.181977049,-0.916450739,0.356374294,0.120965816,-0.338808089,-0.933046937],"shapeName":"/levels/johnson_valley/art/shapes/rocks/s_rocks_desert_medium_02.dae","useInstanceRenderData":true}
{"class":"TSStatic","persistentId":"0a251a04-cdb5-417e-b8b9-4abf625b5b7e","__parent":"trail_032_rocks","position":[-975.996521,-882.747803,135.010361],"isRenderEnabled":false,"rotationMatrix":[-0.945613503,-3.7252903e-09,-0.325291395,-0.053066209,0.986603856,0.154262066,0.320933759,0.163134336,-0.932945967],"shapeName":"/levels/johnson_valley/art/shapes/rocks/s_rocks_desert_medium_02.dae","useInstanceRenderData":true}
{"class":"TSStatic","persistentId":"a1895dbd-2973-4547-ad91-b92b95c84b41","__parent":"trail_032_rocks","position":[-985.59021,-880.64563,136.572357],"isRenderEnabled":false,"rotationMatrix":[-0.0655907393,0.995842159,0.0632158965,-0.986532509,-0.0742298365,0.145751506,0.149838001,-0.0528045744,0.987299502],"shapeName":"/levels/johnson_valley/art/shapes/rocks/s_rocks_desert_low_tiny.dae","useInstanceRenderData":true}
{"class":"TSStatic","persistentId":"41fc8a42-d9a0-4919-b7ed-1174550787b4","__parent":"trail_032_rocks","position":[-951.829834,-892.062439,133.485001],"isRenderEnabled":false,"rotationMatrix":[0.999284029,0,-0.0378345624,0,1,0,0.0378345624,0,0.999284029],"shapeName":"/levels/johnson_valley/art/shapes/rocks/s_rocks_desert_low_tiny.dae","useInstanceRenderData":true}
{"class":"TSStatic","persistentId":"00a6fdbb-22d1-411a-82a3-d1fc8fa61a76","__parent":"trail_032_rocks","position":[-954.168213,-892.700134,133.530121],"isRenderEnabled":false,"rotationMatrix":[-0.999944687,-3.24443732e-07,0.0105274236,3.24108356e-07,-1,-3.35611148e-08,0.0105274236,-3.01472269e-08,0.999944568],"shapeName":"/levels/johnson_valley/art/shapes/rocks/s_rocks_desert_low_tiny.dae","useInstanceRenderData":true}
{"class":"TSStatic","persistentId":"2d64ffb8-006b-4fda-be71-f6eaa2cb5d5c","__parent":"trail_032_rocks","position":[-952.491211,-893.705322,133.436768],"isRenderEnabled":false,"rotationMatrix":[0.913642645,0,-0.40651834,0,1,0,0.40651834,0,0.913642645],"shapeName":"/levels/johnson_valley/art/shapes/rocks/s_rocks_desert_small_03.dae","useInstanceRenderData":true}
{"class":"TSStatic","persistentId":"e2700e54-f07f-4ebc-b71c-9b90239bb3ab","__parent":"trail_032_rocks","position":[-953.189636,-892.153076,133.269241],"isRenderEnabled":false,"shapeName":"/levels/johnson_valley/art/shapes/rocks/s_rocks_desert_small_02.dae","useInstanceRenderData":true}
{"class":"TSStatic","persistentId":"562b5e8d-0cc3-4885-b4d8-8de4232ef763","__parent":"trail_032_rocks","position":[-931.016724,-889.704285,130.93219],"isRenderEnabled":false,"rotationMatrix":[-0.998023391,0.0628414005,-3.25147994e-07,0.0628129095,0.997571111,0.0301072877,0.0018923087,0.0300477613,-0.999546528],"shapeName":"/levels/johnson_valley/art/shapes/rocks/s_rocks_desert_large_06.dae","useInstanceRenderData":true}
{"class":"TSStatic","persistentId":"f41511c5-57b3-458c-9d92-78378ee5586a","__parent":"trail_032_rocks","position":[-923.202393,-884.537659,132.554001],"isRenderEnabled":false,"rotationMatrix":[1,0,0,0,0.973397851,0.229121298,0,-0.229121298,0.973397851],"scale":[1.19414067,1.19414067,1.19414067],"shapeName":"/levels/johnson_valley/art/shapes/rocks/s_rocks_desert_collection_03.dae","useInstanceRenderData":true}
{"class":"TSStatic","persistentId":"74d5faa7-b4f1-4ef9-80ec-af4d61bd7965","__parent":"trail_032_rocks","position":[-852.627258,-950.942078,122.39843],"isRenderEnabled":false,"rotationMatrix":[0.891453624,0.297094584,0.34211868,-0.306497633,0.951470673,-0.0276172217,-0.333720803,-0.0802391022,0.939250827],"shapeName":"/levels/johnson_valley/art/shapes/rocks/s_rocks_desert_huge_sheet_2.dae","useInstanceRenderData":true}
{"class":"TSStatic","persistentId":"58d7777c-6e4e-4c29-a4bb-d3ae8acfa864","__parent":"trail_032_rocks","position":[-861.300842,-950.314026,122.395203],"isRenderEnabled":false,"rotationMatrix":[0.97524792,0.0102488715,-0.220876664,0.00483360654,0.997698367,0.0676361397,0.221061468,-0.0670296326,0.972953677],"shapeName":"/levels/johnson_valley/art/shapes/rocks/s_rocks_desert_collection_03.dae","useInstanceRenderData":true}
{"class":"TSStatic","persistentId":"668b465b-2e85-40f8-a3d2-d281a8eac659","__parent":"trail_032_rocks","position":[-861.406128,-964.359009,121.173996],"isRenderEnabled":false,"rotationMatrix":[0.995911896,0.0102288788,-0.0897487327,0.00263368338,0.989857197,0.142041489,0.0902913585,-0.141697183,0.985783637],"shapeName":"/levels/johnson_valley/art/shapes/rocks/s_rocks_desert_collection_03.dae","useInstanceRenderData":true}
{"class":"TSStatic","persistentId":"6b7cf3b8-9b31-4683-bb55-49bf1850bdcd","__parent":"trail_032_rocks","position":[-1021.94965,-836.077759,124.318748],"isRenderEnabled":false,"rotationMatrix":[0.970335782,0.00236322777,0.24174951,0.00708130421,0.999245346,-0.0381911285,-0.241657332,0.0387701206,0.969586849],"scale":[1.24335933,1.24335933,1.24335933],"shapeName":"/levels/johnson_valley/art/shapes/rocks/s_rocks_desert_collection_03.dae","useInstanceRenderData":true}
{"class":"TSStatic","persistentId":"c42ab269-38ef-44c4-a62c-d46264d41b7b","__parent":"trail_032_rocks","position":[-1012.21832,-849.205994,128.29454],"isRenderEnabled":false,"rotationMatrix":[0.956290603,0.00699892594,0.292334229,0.00375674712,0.999336958,-0.0362148061,-0.292393893,0.0357301012,0.955630243],"shapeName":"/levels/johnson_valley/art/shapes/rocks/s_rocks_desert_collection_01.dae","useInstanceRenderData":true}
{"class":"TSStatic","persistentId":"77c505d1-fce7-44ad-9588-dafcde6d1fa9","__parent":"trail_032_rocks","position":[-1014.59644,-851.147522,127.317543],"isRenderEnabled":false,"rotationMatrix":[-0.82733047,0.311845005,-0.467201322,0.451759458,0.863692164,-0.223493099,0.333822936,-0.395965278,-0.855437756],"shapeName":"/levels/johnson_valley/art/shapes/rocks/s_rocks_desert_medium_02.dae","useInstanceRenderData":true}
{"class":"TSStatic","persistentId":"dfe561f9-ebf0-429e-b0b9-b0455aeabf84","__parent":"trail_032_rocks","position":[-908.410339,-895.389282,130.920532],"isRenderEnabled":false,"rotationMatrix":[-0.740532637,0.478807688,-0.471544892,0.50449723,0.859642982,0.080600962,0.44395259,-0.178205445,-0.878150702],"shapeName":"/levels/johnson_valley/art/shapes/rocks/s_rocks_desert_medium_02.dae","useInstanceRenderData":true}
{"class":"TSStatic","persistentId":"5b171563-d249-4e71-b6df-05b8118dc11e","__parent":"trail_032_rocks","position":[-907.137695,-893.420715,131.138474],"isRenderEnabled":false,"rotationMatrix":[0.837557673,-0.464578271,-0.287513614,-0.504497111,-0.859642863,-0.0806012154,-0.209713504,0.212557971,-0.954378843],"shapeName":"/levels/johnson_valley/art/shapes/rocks/s_rocks_desert_medium_02.dae","useInstanceRenderData":true}
{"class":"TSStatic","persistentId":"8ae7650f-8e18-4e77-800a-3ef3f46bef0b","__parent":"trail_032_rocks","position":[-908.752747,-893.616943,131.260635],"isRenderEnabled":false,"rotationMatrix":[0.985710859,0,0.168446064,0,1,0,-0.168446064,0,0.985710859],"shapeName":"/levels/johnson_valley/art/shapes/rocks/s_rocks_desert_medium_03.dae","useInstanceRenderData":true}
{"class":"TSStatic","persistentId":"38704efe-0a9b-4689-9988-8a082fd62611","__parent":"trail_032_rocks","position":[-905.946411,-891.312866,131.347748],"isRenderEnabled":false,"rotationMatrix":[1,0,0,0,0.634794116,-0.772681296,0,0.772681296,0.634794116],"shapeName":"/levels/johnson_valley/art/shapes/rocks/s_rocks_desert_large_06.dae","useInstanceRenderData":true}
{"class":"TSStatic","persistentId":"7659c645-4fa8-4450-9b59-b848c61337f4","__parent":"trail_032_rocks","position":[-903.130188,-897.246094,130.841705],"isRenderEnabled":false,"rotationMatrix":[0.741300106,-0.663641155,0.100272261,-0.659137189,-0.748002529,-0.0776563734,0.126539856,-0.00852650031,-0.991925001],"shapeName":"/levels/johnson_valley/art/shapes/rocks/s_rocks_desert_medium_02.dae","useInstanceRenderData":true}
{"class":"TSStatic","persistentId":"7b20d36a-8b34-4c1a-9137-c5757f17e86a","__parent":"trail_032_rocks","position":[-904.554688,-898.506836,130.670822],"isRenderEnabled":false,"rotationMatrix":[-0.663266301,0.742830455,-0.0909981877,0.737607896,0.669425309,0.0883423239,0.126539856,-0.00852649286,-0.991924763],"shapeName":"/levels/johnson_valley/art/shapes/rocks/s_rocks_desert_medium_02.dae","useInstanceRenderData":true}
{"class":"TSStatic","persistentId":"64e5826e-8408-4c92-bfb0-ffe8bf7f51a6","__parent":"trail_032_rocks","position":[-896.512207,-904.354797,130.346329],"isRenderEnabled":false,"rotationMatrix":[0.300079107,-0.952712059,-0.0478796326,-0.953914404,-0.299701095,-0.0150618162,-3.7252903e-09,0.0501928031,-0.998739719],"shapeName":"/levels/johnson_valley/art/shapes/rocks/s_rocks_desert_medium_02.dae","useInstanceRenderData":true}
{"class":"TSStatic","persistentId":"4456e0e6-d534-4a94-bab9-bd1437b4d03e","__parent":"trail_032_rocks","position":[-898.312561,-909.608093,129.789978],"isRenderEnabled":false,"rotationMatrix":[0.916604817,0.378030211,0.130110636,0.381271213,-0.924462914,-1.2293458e-07,0.120282449,0.0496075675,-0.991499186],"shapeName":"/levels/johnson_valley/art/shapes/rocks/s_rocks_desert_large_06.dae","useInstanceRenderData":true}
{"class":"TSStatic","persistentId":"ba67e126-c263-42f0-9e34-658a03aa9ab3","__parent":"trail_032_rocks","position":[-899.098816,-906,129.794388],"isRenderEnabled":false,"shapeName":"/levels/johnson_valley/art/shapes/rocks/s_rocks_desert_medium_03.dae","useInstanceRenderData":true}
{"class":"TSStatic","persistentId":"f3274387-8548-4601-8b6a-c492b8699150","__parent":"trail_032_rocks","position":[-898.153564,-907.003723,130.020905],"isRenderEnabled":false,"shapeName":"/levels/johnson_valley/art/shapes/rocks/s_rocks_desert_small_02.dae","useInstanceRenderData":true}
{"class":"TSStatic","persistentId":"0ad27188-eccf-44bd-8845-c21c1de68621","__parent":"trail_032_rocks","position":[-899.330566,-904.808777,130.399445],"isRenderEnabled":false,"rotationMatrix":[0.976297081,-0.081316866,0.200578019,0.190886021,0.760306001,-0.620884299,-0.102012292,0.644455075,0.757806778],"shapeName":"/levels/johnson_valley/art/shapes/rocks/s_rocks_desert_small_08.dae","useInstanceRenderData":true}
{"class":"TSStatic","persistentId":"60599e6b-e50e-4f06-8abf-0f098d8b6eb7","__parent":"trail_032_rocks","position":[-899.733459,-904.106934,130.333481],"isRenderEnabled":false,"shapeName":"/levels/johnson_valley/art/shapes/rocks/s_rocks_desert_small_04.dae","useInstanceRenderData":true}
{"class":"TSStatic","persistentId":"b023b646-f09c-4161-8cb0-d3c3c0070ffa","__parent":"trail_032_rocks","position":[-901.957764,-898.448914,131.239441],"isRenderEnabled":false,"shapeName":"/levels/johnson_valley/art/shapes/rocks/s_rocks_desert_small_03.dae","useInstanceRenderData":true}
{"class":"TSStatic","persistentId":"0bd3a64b-c50d-45a7-b0ec-120fc1b90d9e","__parent":"trail_032_rocks","position":[-902.690063,-899.231079,130.726303],"isRenderEnabled":false,"shapeName":"/levels/johnson_valley/art/shapes/rocks/s_rocks_desert_medium_03.dae","useInstanceRenderData":true}
{"class":"TSStatic","persistentId":"e094ff8c-1201-4256-82fa-21842aaaf13f","__parent":"trail_032_rocks","position":[-901.833008,-896.479126,131.072067],"isRenderEnabled":false,"rotationMatrix":[0.136472046,0.990603924,0.00889458507,0.970017195,-0.135447621,0.201792821,0.201101542,-0.018911168,-0.979387641],"shapeName":"/levels/johnson_valley/art/shapes/rocks/s_rocks_desert_medium_02.dae","useInstanceRenderData":true}
{"class":"TSStatic","persistentId":"60db3e5f-0b30-46fc-b1d2-8c0c3ff743e5","__parent":"trail_032_rocks","position":[-1014.26184,-861.999329,130.398743],"isRenderEnabled":false,"rotationMatrix":[0.481359899,-0.854193389,0.196586952,0.866791189,0.497217178,0.0380547158,-0.130252495,0.152081802,0.979747653],"shapeName":"/levels/johnson_valley/art/shapes/rocks/s_rocks_desert_collection_01.dae","useInstanceRenderData":true}
