{"name":"it_busStop_03","class":"BeamNGTrigger","persistentId":"09fb0a9e-f0a7-44f2-840a-3772cbb7c1f2","__parent":"busstops","position":[187.82692,-367.899139,196.367752],"dynamicField":"0","luaFunction":"onBeamNGTrigger","rotationMatrix":[-0.00915477797,-0.999775589,-0.0190533493,0.999898911,-0.00894511584,-0.0111145936,0.0109417597,-0.0191531368,0.999755561],"scale":[4,14,5],"stopname":"Lucera","ticking":true,"triggerMode":"Contains","triggerTestType":"Bounding box","type":"busstop"}
{"name":"it_busStop_17","class":"BeamNGTrigger","persistentId":"18b5a90b-6961-4f71-a7d0-db6b45c1d4f5","__parent":"busstops","position":[-1754.26428,1450.85168,143.791214],"dynamicField":"0","rotationMatrix":[-0.991486549,-0.130142212,-0.00425277837,0.130211592,-0.990934968,-0.0330725871,8.99146253e-05,-0.0333447903,0.999443948],"scale":[5,15,7],"stopname":"Conca Azzura","ticking":true,"triggerMode":"Contains","triggerTestType":"Bounding box","type":"busstop"}
{"name":"it_busStop_14_b","class":"BeamNGTrigger","persistentId":"1b5f2922-4bf4-449f-888f-820a3dc7b121","__parent":"busstops","position":[684.477539,1385.25623,146.237457],"dynamicField":"0","luaFunction":"onBeamNGTrigger","rotationMatrix":[-0.0474193096,-0.99887526,0,0.996378899,-0.0473008156,0.0706541985,-0.0705747157,0.00335036591,0.997500896],"scale":[4,15,5],"stopname":"10 Viale Francesco d'Assisi","ticking":true,"triggerMode":"Contains","triggerTestType":"Bounding box","type":"busstop"}
{"name":"it_busStop_10","class":"BeamNGTrigger","persistentId":"1ed09de4-a408-48d2-a39a-d7fd98b23675","__parent":"busstops","position":[399.433411,1283.63208,171.406769],"dynamicField":"0","luaFunction":"onBeamNGTrigger","rotationMatrix":[-0.30019176,-0.953844786,-0.00807598233,0.952959776,-0.300263286,0.0413498543,-0.0418662615,0.00471679494,0.99911207],"scale":[4,15,5],"stopname":"Cannoreale","ticking":true,"triggerMode":"Contains","triggerTestType":"Bounding box","type":"busstop"}
{"name":"it_busStop_07_a","class":"BeamNGTrigger","persistentId":"217928ce-5768-44de-a23a-3a7998f51943","__parent":"busstops","position":[661.12146,799.607422,182.359253],"dynamicField":"0","luaFunction":"onBeamNGTrigger","rotationMatrix":[-0.854607463,-0.519012332,0.0164807718,0.519058585,-0.854736567,-0.00166859431,0.0149527472,0.00712849339,0.99986279],"scale":[4,15,5],"stopname":"Le Quattro Caminos","ticking":true,"triggerMode":"Contains","triggerTestType":"Bounding box","type":"busstop"}
{"name":"it_busStop_09_a","class":"BeamNGTrigger","persistentId":"3d0653ce-155e-4011-8553-d45bfc1e650b","__parent":"busstops","position":[1158.97729,1228.74329,150.351929],"dynamicField":"0","luaFunction":"onBeamNGTrigger","rotationMatrix":[0.00755069731,-0.999971747,-1.69166015e-10,0.999971807,0.00755065354,-0.000690533372,0.000690513989,5.21368247e-06,0.999999762],"scale":[4,15,5],"stopname":"Piazza del Sole","ticking":true,"triggerMode":"Contains","triggerTestType":"Bounding box","type":"busstop"}
{"name":"it_busStop_12_a","class":"BeamNGTrigger","persistentId":"3fab8645-b10d-45b9-8db9-9f69c5121145","__parent":"busstops","position":[1224.83521,1358.40588,143.431107],"dynamicField":"0","luaFunction":"onBeamNGTrigger","rotationMatrix":[0.0338498279,-0.99942714,-1.65528036e-10,0.999427199,0.0338497683,-0.00069053343,0.000690137909,2.33741011e-05,0.999999762],"scale":[4,15,5],"stopname":"6 Via del Mare","ticking":true,"triggerMode":"Contains","triggerTestType":"Bounding box","type":"busstop"}
{"name":"it_busStop_04_b","class":"BeamNGTrigger","persistentId":"468cdedb-4af3-473d-8730-d496951af3cd","__parent":"busstops","position":[837.458618,474.957886,181.908768],"dynamicField":"0","luaFunction":"onBeamNGTrigger","rotationMatrix":[-0.434071302,-0.900878191,0,0.900878191,-0.434071302,0,0,0,1],"scale":[4,14,5],"stopname":"Villapace","ticking":true,"triggerMode":"Contains","triggerTestType":"Bounding box","type":"busstop"}
{"name":"it_busStop_06_b","class":"BeamNGTrigger","persistentId":"58a69b0b-4a18-4756-9a73-27e9784b9aee","__parent":"busstops","position":[1272.67017,998.265747,177.406616],"dynamicField":"0","luaFunction":"onBeamNGTrigger","rotationMatrix":[-0.89351368,-0.449025542,0.00322340569,0.448702186,-0.892547011,0.0450245515,-0.0173401292,0.0416763797,0.998980701],"scale":[4,14,5],"stopname":"Norte Sud","ticking":true,"triggerMode":"Contains","triggerTestType":"Bounding box","type":"busstop"}
{"name":"it_busStop_09_b","class":"BeamNGTrigger","persistentId":"5943f00e-0ab0-48b3-b2d3-825e7a41ac55","__parent":"busstops","position":[1134.3999,1235.08313,150.4207],"dynamicField":"0","luaFunction":"onBeamNGTrigger","rotationMatrix":[0.0138781331,-0.999904037,-1.49157131e-10,0.999904037,0.0138780866,-0.00069053378,0.000690467248,9.58299825e-06,0.999999762],"scale":[4,15,5],"stopname":"Piazza del Sole","ticking":true,"triggerMode":"Contains","triggerTestType":"Bounding box","type":"busstop"}
{"name":"it_busStop_05_a","class":"BeamNGTrigger","persistentId":"628a90bd-15dc-47e4-ad00-ddb9ea3b7c53","__parent":"busstops","position":[622.275391,410.821472,174.201599],"dynamicField":"0","luaFunction":"onBeamNGTrigger","rotationMatrix":[-0.621162772,-0.783464789,-0.0183784273,0.783459008,-0.620256782,-0.0383841693,0.0186734628,-0.038241528,0.999092281],"scale":[4,15,5],"stopname":"Villapace sud","ticking":true,"triggerMode":"Contains","triggerTestType":"Bounding box","type":"busstop"}
{"name":"it_busStop_11_a","class":"BeamNGTrigger","persistentId":"6a6ae2df-86b7-4b12-8ca7-f6de7b8f84d4","__parent":"busstops","position":[1338.34448,1312.93469,146.313141],"dynamicField":"0","luaFunction":"onBeamNGTrigger","rotationMatrix":[0.0358588099,-0.999356806,0.000773767009,0.999138892,0.0358671546,0.0208687447,-0.0208830703,2.47675925e-05,0.999781907],"scale":[4,15,5],"stopname":"31 Viale Francesco d'Assisi","ticking":true,"triggerMode":"Contains","triggerTestType":"Bounding box","type":"busstop"}
{"name":"it_busStop_02","class":"BeamNGTrigger","persistentId":"82514752-7b4f-445a-838f-9ef97af37756","__parent":"busstops","position":[1095.02563,-626.026367,148.623276],"dynamicField":"0","luaFunction":"onBeamNGTrigger","rotationMatrix":[1,0,0,0,0.999999762,-0.000690534245,0,0.000690534245,0.999999762],"scale":[4.5,15,5.5],"stopname":"Fastello","ticking":true,"triggerMode":"Contains","triggerTestType":"Bounding box","type":"busstop"}
{"name":"it_busStop_05_b","class":"BeamNGTrigger","persistentId":"83bd9325-00a5-43fa-8397-3ff748ba2327","__parent":"busstops","position":[650.2854,394.115387,173.725311],"dynamicField":"0","luaFunction":"onBeamNGTrigger","rotationMatrix":[-0.601609707,-0.798784554,0.00324844755,0.798550308,-0.601523161,-0.022107251,0.0196129363,-0.0107058724,0.999750316],"scale":[5,15,6],"stopname":"Villapace sud","ticking":true,"triggerMode":"Contains","triggerTestType":"Bounding box","type":"busstop"}
{"name":"it_busStop_15_a","class":"BeamNGTrigger","persistentId":"88e363a8-483f-42aa-90d5-04bc19785b04","__parent":"busstops","position":[487.599213,1419.88428,153.905899],"dynamicField":"0","luaFunction":"onBeamNGTrigger","rotationMatrix":[-0.00299692154,-0.999994516,-0.0015325509,0.997960567,-0.00289309025,-0.0637709126,0.0637661219,-0.00172052719,0.997963369],"scale":[4,15,5],"stopname":"3 Viale Francesco d'Assisi","ticking":true,"triggerMode":"Contains","triggerTestType":"Bounding box","type":"busstop"}
{"name":"it_busStop_15_b","class":"BeamNGTrigger","persistentId":"97b1411d-e1cf-43ec-aaff-9b709e25aeee","__parent":"busstops","position":[492.282135,1413.03088,153.512863],"dynamicField":"0","luaFunction":"onBeamNGTrigger","rotationMatrix":[-0.00304436684,-0.999994576,-0.00143703818,0.995445549,-0.00289356709,-0.0952907056,0.0952860117,-0.00172056258,0.99544847],"scale":[4.5,15,5],"stopname":"2 Viale Francesco d'Assisi","ticking":true,"triggerMode":"Contains","triggerTestType":"Bounding box","type":"busstop"}
{"name":"it_busStop_11_b","class":"BeamNGTrigger","persistentId":"9b264af8-1ef8-4801-893b-2afd1ea44b8d","__parent":"busstops","position":[1337.60962,1324.79663,146.33255],"dynamicField":"0","luaFunction":"onBeamNGTrigger","rotationMatrix":[0.0479059815,-0.998851836,0.000750420149,0.998739898,0.0479118824,0.0149539737,-0.0149727538,3.30852345e-05,0.999887884],"scale":[4,15,5],"stopname":"36 Viale Francesco d'Assisi","ticking":true,"triggerMode":"Contains","triggerTestType":"Bounding box","type":"busstop"}
{"name":"it_busStop_13_b","class":"BeamNGTrigger","persistentId":"9e5fbefc-03b2-4d43-9fed-8ff6867b9885","__parent":"busstops","position":[947.695129,1357.71191,144.190475],"dynamicField":"0","luaFunction":"onBeamNGTrigger","rotationMatrix":[-0.0052933204,-0.999986112,-0.000176028669,0.999456584,-0.00529629318,0.0325455442,-0.0325460397,-3.65756932e-06,0.999470174],"scale":[4,15,5],"stopname":"15 Via del Mare","ticking":true,"triggerMode":"Contains","triggerTestType":"Bounding box","type":"busstop"}
{"name":"it_busStop_13_a","class":"BeamNGTrigger","persistentId":"aa659b7b-55c0-4b97-99bc-7b04747b8d24","__parent":"busstops","position":[942.372009,1363.18994,144.94841],"dynamicField":"0","luaFunction":"onBeamNGTrigger","rotationMatrix":[-0.00529050827,-0.999986231,-0.000258324668,0.998829544,-0.00529682636,0.0480845049,-0.0480851978,-3.64147127e-06,0.998843253],"scale":[4,15,7],"stopname":"4 Via del Mare","ticking":true,"triggerMode":"Contains","triggerTestType":"Bounding box","type":"busstop"}
{"name":"it_busStop_16","class":"BeamNGTrigger","persistentId":"b2d97678-e19b-4d6c-a715-330f759d8aec","__parent":"busstops","position":[-1030.90479,1661.11926,154.768829],"dynamicField":"0","luaFunction":"onBeamNGTrigger","rotationMatrix":[-0.979024768,-0.203744382,-1.13595888e-09,0.203744352,-0.979024291,-0.000690533372,0.000140691103,-0.000676049967,0.999999762],"scale":[4,14,5],"stopname":"Aeroporto","ticking":true,"triggerMode":"Contains","triggerTestType":"Bounding box","type":"busstop"}
{"name":"it_busStop_06_a","class":"BeamNGTrigger","persistentId":"b46bb997-c67a-432a-a840-a9c9e44fe7cb","__parent":"busstops","position":[1257.81873,1020.71472,176.297318],"dynamicField":"0","luaFunction":"onBeamNGTrigger","rotationMatrix":[-0.971994042,-0.234906361,-0.0067881234,0.23446472,-0.971313596,0.0396934897,-0.0159176532,0.03699027,0.99918884],"scale":[4,14,5],"stopname":"Norte Sud","ticking":true,"triggerMode":"Contains","triggerTestType":"Bounding box","type":"busstop"}
{"name":"it_busStop_04_a","class":"BeamNGTrigger","persistentId":"bd0dd316-b2e4-4437-b5fc-6a1c21eeda2f","__parent":"busstops","position":[877.822205,464.068909,182.151321],"dynamicField":"0","luaFunction":"onBeamNGTrigger","rotationMatrix":[-0.293842912,-0.955756009,0.0136683937,0.955841124,-0.293735743,0.00933068618,-0.00490296399,0.0158065688,0.999863029],"scale":[4,14,5],"stopname":"Villapace","ticking":true,"triggerMode":"Contains","triggerTestType":"Bounding box","type":"busstop"}
{"name":"it_busStop_07_b","class":"BeamNGTrigger","persistentId":"edf3f473-fafb-44be-aef6-9ae1507e077c","__parent":"busstops","position":[678.219543,784.442383,181.719482],"dynamicField":"0","luaFunction":"onBeamNGTrigger","rotationMatrix":[-0.626412988,-0.77948761,0.00268064998,0.778746724,-0.625960469,-0.0415723696,0.0340831131,-0.0239538979,0.999131918],"scale":[4,15,5],"stopname":"Le Quattro Caminos ","ticking":true,"triggerMode":"Contains","triggerTestType":"Bounding box","type":"busstop"}
{"name":"it_busStop_12_b","class":"BeamNGTrigger","persistentId":"f7383c36-6669-41d8-afba-22a6a0cae15c","__parent":"busstops","position":[1231.57458,1352.10034,143.413559],"dynamicField":"0","luaFunction":"onBeamNGTrigger","rotationMatrix":[0.0473954491,-0.998876452,-1.65869096e-10,0.998876512,0.0473953858,-0.000690533547,0.000689757697,3.27278067e-05,0.999999762],"scale":[4,15,5],"stopname":"27 Via de Mare","ticking":true,"triggerMode":"Contains","triggerTestType":"Bounding box","type":"busstop"}
{"name":"it_busStop_14_a","class":"BeamNGTrigger","persistentId":"f9391b76-2267-45c8-8ed3-c9d5737bd167","__parent":"busstops","position":[689.317505,1374.15369,146.537567],"dynamicField":"0","luaFunction":"onBeamNGTrigger","rotationMatrix":[-0.10551846,-0.994411945,-0.00330501422,0.991459012,-0.105460167,0.0767299682,-0.0766497403,0.0048196353,0.997046411],"scale":[5,15.5,5],"stopname":"9 Viale Francesco d'Assisi","ticking":true,"triggerMode":"Contains","triggerTestType":"Bounding box","type":"busstop"}
{"name":"wp_busStop_04_a_2","class":"BeamNGWaypoint","persistentId":"014ec4fd-8ef8-41a6-bc39-8337de2df881","__parent":"busstops","position":[1069.48193,438.004913,188.909943],"rotationMatrix":[1,0,0,0,0.999999762,-0.000690533896,0,0.000690533896,0.999999762],"scale":[4,4,4]}
{"name":"wp_busStop_17_1","class":"BeamNGWaypoint","persistentId":"107f82da-5574-43a6-901a-3a8d352f19b2","__parent":"busstops","position":[-1711.16125,979.464966,166.634995],"rotationMatrix":[1,0,0,0,0.999999762,-0.000690533896,0,0.000690533896,0.999999762],"scale":[4,4,4]}
{"name":"wp_busStop_02_3","class":"BeamNGWaypoint","persistentId":"20f42037-3f6d-47c4-bd38-11a6ea7b74c9","__parent":"busstops","position":[1092.91919,-446.036682,143.995346],"rotationMatrix":[1,0,0,0,0.999999762,-0.000690533896,0,0.000690533896,0.999999762],"scale":[4,4,4]}
{"name":"wp_busStop_05_1","class":"BeamNGWaypoint","persistentId":"2446d493-e82b-4de3-ab0d-ca90f5c15c2a","__parent":"busstops","position":[125.256348,-371.093048,194.063934],"rotationMatrix":[1,0,0,0,0.999999762,-0.000690533896,0,0.000690533896,0.999999762],"scale":[8,8,8]}
{"name":"Roundabout2_wp3","class":"BeamNGWaypoint","persistentId":"249ef4c3-4fcf-4ad9-90bf-6acccbe7859f","__parent":"busstops","position":[-1589.39905,1450.46631,164.280777],"rotationMatrix":[1,0,0,0,0.999999762,-0.000690533896,0,0.000690533896,0.999999762],"scale":[4,4,4]}
{"name":"wp_busStop_13_b_1","class":"BeamNGWaypoint","persistentId":"25f0b9f9-eeb4-4bc2-aa59-d2f1dd1d0136","__parent":"busstops","position":[659.878601,1405.93054,141.185532],"rotationMatrix":[1,0,0,0,0.999999762,-0.000690533896,0,0.000690533896,0.999999762],"scale":[4,4,4]}
{"name":"wp_busStop_02_2","class":"BeamNGWaypoint","persistentId":"2acc3f3d-716d-4a2e-a054-494c5bfb0ab7","__parent":"busstops","position":[1133.57825,-543.316101,139.966415],"rotationMatrix":[1,0,0,0,0.999999762,-0.000690533896,0,0.000690533896,0.999999762],"scale":[4,4,4]}
{"name":"wp_busStop_05_2","class":"BeamNGWaypoint","persistentId":"364ae6e2-6f00-48a3-ae20-6098b9ad0bde","__parent":"busstops","position":[125.979317,-334.08017,192.07457],"rotationMatrix":[1,0,0,0,0.999999762,-0.000690533896,0,0.000690533896,0.999999762],"scale":[5,5,5]}
{"name":"wp_busStop_11_b_1","class":"BeamNGWaypoint","persistentId":"50479eaf-342e-45e5-9c15-16236b97f7e6","__parent":"busstops","position":[1353.0979,1362.07629,140.959824],"rotationMatrix":[1,0,0,0,0.999999762,-0.000690533896,0,0.000690533896,0.999999762],"scale":[6,6,6]}
{"name":"Roundabout2_wp2","class":"BeamNGWaypoint","persistentId":"56908f20-bed9-4a84-846c-d649d9ec9b16","__parent":"busstops","position":[-1572.78467,1464.32727,164.280777],"rotationMatrix":[1,0,0,0,0.999999762,-0.000690533896,0,0.000690533896,0.999999762],"scale":[4,4,4]}
{"name":"Roundabout2_wp1","class":"BeamNGWaypoint","persistentId":"58c87105-7c33-40a7-8ad2-52f8a963f363","__parent":"busstops","position":[-1564.802,1439.69348,164.280777],"rotationMatrix":[1,0,0,0,0.999999762,-0.000690533896,0,0.000690533896,0.999999762],"scale":[4,4,4]}
{"name":"Roundabout1_wp3","class":"BeamNGWaypoint","persistentId":"5e0558fd-e838-44cc-bf7a-3780e494f2b8","__parent":"busstops","position":[906.560303,1127.69238,151.6203],"rotationMatrix":[1,0,0,0,0.999999762,-0.000690533896,0,0.000690533896,0.999999762],"scale":[4,4,4]}
{"name":"wp_busStop_14_b_3","class":"BeamNGWaypoint","persistentId":"71fbed26-7d6a-494e-9926-b1ee37a87641","__parent":"busstops","position":[1137.04626,1318.84924,142.956055],"rotationMatrix":[1,0,0,0,0.999999762,-0.000690533896,0,0.000690533896,0.999999762],"scale":[3,3,3]}
{"name":"Roundabout1_wp1","class":"BeamNGWaypoint","persistentId":"77637b95-3cbb-4ae9-b641-0c9d65610dde","__parent":"busstops","position":[904.182251,1164.70435,151.6203],"rotationMatrix":[1,0,0,0,0.999999762,-0.000690533896,0,0.000690533896,0.999999762],"scale":[4,4,4]}
{"name":"wp_busStop_13_b_2","class":"BeamNGWaypoint","persistentId":"7a75e7bb-8619-4cd5-9cf8-ac67e8404676","__parent":"busstops","position":[810.843567,1360.73865,140.126099],"rotationMatrix":[1,0,0,0,0.999999762,-0.000690533896,0,0.000690533896,0.999999762],"scale":[6,6,6]}
{"name":"wp_busStop_09_b_2","class":"BeamNGWaypoint","persistentId":"8060dcd4-738f-4fe5-9ef0-5f198430bfd1","__parent":"busstops","position":[1354.47925,1243.8783,155.489426],"rotationMatrix":[1,0,0,0,0.999999762,-0.000690533896,0,0.000690533896,0.999999762],"scale":[4,4,4]}
{"name":"wp_busStop_09_a_2","class":"BeamNGWaypoint","persistentId":"933ad604-2777-482a-bc3d-28db6f829426","__parent":"busstops","position":[664.431335,614.942444,174.343292],"rotationMatrix":[1,0,0,0,0.999999762,-0.000690533896,0,0.000690533896,0.999999762],"scale":[8,8,8]}
{"name":"wp_busStop_09_a_1","class":"BeamNGWaypoint","persistentId":"b2f41853-4a02-4075-bb37-e6f58a15dd27","__parent":"busstops","position":[1007.77942,1312.21045,144.429886],"rotationMatrix":[1,0,0,0,0.999999762,-0.000690533896,0,0.000690533896,0.999999762],"scale":[4,4,4]}
{"name":"wp_busStop_09_b_1","class":"BeamNGWaypoint","persistentId":"b43f8911-9b51-45e9-a73d-721c47485898","__parent":"busstops","position":[1371.76196,1277.93787,148.748383],"rotationMatrix":[1,0,0,0,0.999999762,-0.000690533896,0,0.000690533896,0.999999762],"scale":[3,3,3]}
{"name":"wp_busStop_16_2","class":"BeamNGWaypoint","persistentId":"ba7cda68-ac2c-4719-bbee-c72dba2c4ec5","__parent":"busstops","position":[-1123.7063,1677.1322,151.843094],"rotationMatrix":[1,0,0,0,0.999999762,-0.000690533896,0,0.000690533896,0.999999762],"scale":[4,4,4]}
{"name":"wp_busStop_06_a_1","class":"BeamNGWaypoint","persistentId":"becadb6d-78c3-4082-90d5-5da98362ce52","__parent":"busstops","position":[1366.74707,1191.32288,166.077286],"rotationMatrix":[1,0,0,0,0.999999762,-0.000690533896,0,0.000690533896,0.999999762],"scale":[4,4,4]}
{"name":"wp_busStop_02_1","class":"BeamNGWaypoint","persistentId":"c5ad51a6-1d75-428a-8803-7310980c1379","__parent":"busstops","position":[1146.98413,-762.468506,146.094727],"rotationMatrix":[1,0,0,0,0.999999762,-0.000690533896,0,0.000690533896,0.999999762],"scale":[4,4,4]}
{"name":"wp_busStop_05_3","class":"BeamNGWaypoint","persistentId":"cb4c4c37-32f0-4ccd-adb7-df974d04db8f","__parent":"busstops","position":[190.33992,-333.711456,192.029495],"rotationMatrix":[1,0,0,0,0.999999762,-0.000690533896,0,0.000690533896,0.999999762],"scale":[4,4,4]}
{"name":"wp_busStop_14_b_2","class":"BeamNGWaypoint","persistentId":"e18b67dc-b352-4e2f-bf8f-9e351bce5a25","__parent":"busstops","position":[1007.77942,1321.53564,144.429886],"rotationMatrix":[1,0,0,0,0.999999762,-0.000690533896,0,0.000690533896,0.999999762],"scale":[4,4,4]}
{"name":"wp_busStop_06_b_1","class":"BeamNGWaypoint","persistentId":"e52d7b45-5a49-4140-99cd-3a88f41fa0ad","__parent":"busstops","position":[1168.72229,1039.31165,164.313919],"rotationMatrix":[1,0,0,0,0.999999762,-0.000690533896,0,0.000690533896,0.999999762],"scale":[4,4,4]}
{"name":"wp_busStop_04_a_1","class":"BeamNGWaypoint","persistentId":"f1259ee7-123d-4f7c-a02f-0dd6d39225de","__parent":"busstops","position":[1422.56421,868.415161,204.178421],"rotationMatrix":[1,0,0,0,0.999999762,-0.000690533896,0,0.000690533896,0.999999762],"scale":[4,4,4]}
{"name":"wp_busStop_14_b_1","class":"BeamNGWaypoint","persistentId":"f2bb058c-6572-4c1e-b01b-6cb07b6e1d50","__parent":"busstops","position":[1038.84595,1230.74219,146.301559],"rotationMatrix":[1,0,0,0,0.999999762,-0.000690533896,0,0.000690533896,0.999999762],"scale":[8,8,8]}
{"name":"Roundabout1_wp2","class":"BeamNGWaypoint","persistentId":"fd139a63-a947-40bd-b066-ff07ddb11f5b","__parent":"busstops","position":[877.027405,1140.43689,151.6203],"rotationMatrix":[1,0,0,0,0.999999762,-0.000690533896,0,0.000690533896,0.999999762],"scale":[4,4,4]}
{"class":"TSStatic","persistentId":"01d0ecec-6121-4f6d-bf6c-ef7ca90ca14a","__parent":"busstops","position":[394.988007,1288.4657,169.036285],"annotation":"TRAFFIC_SIGNS","isRenderEnabled":false,"rotationMatrix":[-0.352670461,-0.935748041,0,0.935748041,-0.352670461,0,0,0,1],"shapeName":"/levels/italy/art/shapes/buildings/bussign.dae"}
{"class":"TSStatic","persistentId":"05ddc68f-7284-4940-865a-ef8eb68e4af5","__parent":"busstops","position":[481.634644,1422.58569,152.336685],"annotation":"TRAFFIC_SIGNS","isRenderEnabled":false,"rotationMatrix":[0.10517823,-0.994453371,0,0.994453371,0.10517823,0,0,0,1],"shapeName":"/levels/italy/art/shapes/buildings/bussign.dae"}
{"class":"TSStatic","persistentId":"0ac9065c-9703-431f-ac3b-b23982b3e6c3","__parent":"busstops","position":[661.200684,792.611633,180.182159],"annotation":"TRAFFIC_SIGNS","isRenderEnabled":false,"rotationMatrix":[0.926130712,0.377200812,0,-0.377200812,0.926130712,0,0,0,1],"shapeName":"/levels/italy/art/shapes/buildings/bussign.dae"}
{"class":"TSStatic","persistentId":"1435307c-8c94-4b04-9ef4-93cd4dc49ad3","__parent":"busstops","position":[949.791077,1354.80249,141.998245],"annotation":"OBSTACLES","isRenderEnabled":false,"rotationMatrix":[-0.99971801,0.000221433074,-0.0237433854,-0.000221370661,-1,-5.2575715e-06,-0.023743391,1.1367425e-12,0.99971801],"shapeName":"/levels/italy/art/shapes/buildings/italy_city_busstop.dae"}
{"class":"TSStatic","persistentId":"193dd061-4584-48a1-8202-458ad889f5e0","__parent":"busstops","position":[646.548523,401.411224,171.227539],"annotation":"TRAFFIC_SIGNS","isRenderEnabled":false,"rotationMatrix":[-0.695673466,-0.71835649,0,0.71835649,-0.695673466,0,0,0,1],"shapeName":"/levels/italy/art/shapes/buildings/bussign.dae"}
{"class":"TSStatic","persistentId":"33222e4a-eab7-4d7f-be32-fcd611589683","__parent":"busstops","position":[1255.62048,1014.94275,174.479813],"annotation":"TRAFFIC_SIGNS","isRenderEnabled":false,"rotationMatrix":[0.933324516,-0.35902971,0,0.35902971,0.933324516,0,0,0,1],"shapeName":"/levels/italy/art/shapes/buildings/bussign.dae"}
{"class":"TSStatic","persistentId":"340dd79c-f8d5-47d2-a323-4e6cb76adb72","__parent":"busstops","position":[937.002258,1366.00232,141.650604],"annotation":"TRAFFIC_SIGNS","isRenderEnabled":false,"rotationMatrix":[0.0123226643,-0.99992311,0,0.99992311,0.0123226643,0,0,0,1],"shapeName":"/levels/italy/art/shapes/buildings/bussign.dae"}
{"class":"TSStatic","persistentId":"3a2350c8-aae9-4b6b-8978-fcd3e4bdb0f2","__parent":"busstops","position":[1334.84534,1328.16187,144.040436],"annotation":"OBSTACLES","isRenderEnabled":false,"rotationMatrix":[0.998182893,0.0602689907,0,-0.0602689907,0.998182893,0,0,0,1],"shapeName":"/levels/italy/art/shapes/buildings/italy_city_busstop.dae"}
{"class":"TSStatic","persistentId":"497e1995-cdf3-4256-b234-18d280c1377e","__parent":"busstops","position":[623.674988,405.813171,171.947815],"annotation":"TRAFFIC_SIGNS","isRenderEnabled":false,"rotationMatrix":[0.970863581,0.239629835,0,-0.239629835,0.970863581,0,0,0,1],"shapeName":"/levels/italy/art/shapes/buildings/bussign.dae"}
{"class":"TSStatic","persistentId":"516901a7-2b19-4310-8002-6d771a96a178","__parent":"busstops","position":[1237.49805,1349.71411,141.350937],"annotation":"TRAFFIC_SIGNS","isRenderEnabled":false,"rotationMatrix":[-0.0857128426,0.996318877,0,-0.996318877,-0.0857128426,0,0,0,1],"shapeName":"/levels/italy/art/shapes/buildings/bussign.dae"}
{"class":"TSStatic","persistentId":"5debf65e-c6fc-443e-aafc-6eeb0206e115","__parent":"busstops","position":[1092.44458,-627.439514,146.097656],"annotation":"OBSTACLES","isRenderEnabled":false,"rotationMatrix":[-1.04308128e-07,0.999999583,0,-0.999999583,-1.04308128e-07,0,0,0,1],"shapeName":"/levels/italy/art/shapes/buildings/italy_city_busstop.dae"}
{"class":"TSStatic","persistentId":"62f14944-c494-4b7b-ba9b-e0b65ec14ff5","__parent":"busstops","position":[1130.60474,1238.57275,148],"annotation":"OBSTACLES","isRenderEnabled":false,"rotationMatrix":[0.999836922,0.0180495512,0,-0.0180495512,0.999836922,0,0,0,1],"shapeName":"/levels/italy/art/shapes/buildings/italy_city_busstop.dae"}
{"class":"TSStatic","persistentId":"68cbd801-c4cf-4c24-b98a-c4c8b50e2a94","__parent":"busstops","position":[676.982971,790.210571,179.872055],"annotation":"TRAFFIC_SIGNS","isRenderEnabled":false,"rotationMatrix":[-0.99322921,-0.116162986,0,0.116162986,-0.99322921,0,0,0,1],"shapeName":"/levels/italy/art/shapes/buildings/bussign.dae"}
{"class":"TSStatic","persistentId":"70b05e06-d6b0-416c-91b4-62bf5bc10678","__parent":"busstops","position":[-1029.13208,1667.32959,152.761093],"annotation":"TRAFFIC_SIGNS","isRenderEnabled":false,"rotationMatrix":[-0.973385155,-0.229170516,0,0.229170516,-0.973385155,0,0,0,1],"shapeName":"/levels/italy/art/shapes/buildings/bussign.dae"}
{"class":"TSStatic","persistentId":"7943afd2-adf7-4511-9f6f-3873b2ed75f9","__parent":"busstops","position":[1345.88892,1310.36438,144.389557],"annotation":"TRAFFIC_SIGNS","isRenderEnabled":false,"rotationMatrix":[0.0320599563,0.999484897,0,-0.999484897,0.0320599563,0,0,0,1],"shapeName":"/levels/italy/art/shapes/buildings/bussign.dae"}
{"class":"TSStatic","persistentId":"79f6260d-06f1-460c-b535-5d0e5ecb05f7","__parent":"busstops","position":[1272.50806,1004.36432,175.117493],"annotation":"TRAFFIC_SIGNS","isRenderEnabled":false,"rotationMatrix":[-0.899869978,-0.436155766,0,0.436155766,-0.899869978,0,0,0,1],"shapeName":"/levels/italy/art/shapes/buildings/bussign.dae"}
{"class":"TSStatic","persistentId":"7f6b5365-1d59-44b2-a7b7-b583e16915af","__parent":"busstops","position":[1223.76001,1362.51501,141.073578],"annotation":"OBSTACLES","isRenderEnabled":false,"rotationMatrix":[0.998548806,0.0538552403,0,-0.0538552403,0.998548806,0,0,0,1],"shapeName":"/levels/italy/art/shapes/buildings/italy_city_busstop.dae"}
{"class":"TSStatic","persistentId":"8092645d-f0e6-4647-83e1-029c3c5d5181","__parent":"busstops","position":[1165.30176,1226.38135,148.350555],"annotation":"TRAFFIC_SIGNS","isRenderEnabled":false,"rotationMatrix":[0.0320599563,0.999484897,0,-0.999484897,0.0320599563,0,0,0,1],"shapeName":"/levels/italy/art/shapes/buildings/bussign.dae"}
{"class":"TSStatic","persistentId":"8f3a9734-dc15-4fde-a642-bd8f51bcd5b9","__parent":"busstops","position":[684.742676,1388.38989,143.768265],"annotation":"OBSTACLES","isRenderEnabled":false,"rotationMatrix":[0.997517407,-0.0240319055,0.0661797523,0.0239791535,0.999710798,0.00159088382,-0.0661988109,3.71563891e-13,0.997806132],"shapeName":"/levels/italy/art/shapes/buildings/italy_city_busstop.dae"}
{"class":"TSStatic","persistentId":"9120eb24-78ca-459b-bcdf-d3266ecd4dc5","__parent":"busstops","position":[1341.12866,1309.81384,144.079285],"annotation":"OBSTACLES","isRenderEnabled":false,"rotationMatrix":[-0.99936831,-0.0355398394,0,0.0355398394,-0.99936831,0,0,0,1],"shapeName":"/levels/italy/art/shapes/buildings/italy_city_busstop.dae"}
{"class":"TSStatic","persistentId":"91edb4ef-a2c6-4494-8726-b666e39c9fb1","__parent":"busstops","position":[943.244507,1367.92041,141.762054],"annotation":"OBSTACLES","isRenderEnabled":false,"rotationMatrix":[0.998917103,-0.017424114,0.0431370661,0.0176345594,0.999834359,-0.00450158352,-0.0430514999,0.00525741093,0.999059319],"shapeName":"/levels/italy/art/shapes/buildings/italy_city_busstop.dae"}
{"class":"TSStatic","persistentId":"9a3841f3-461e-4f5a-91f1-26d5b135a8d2","__parent":"busstops","position":[1232.33423,1348.54846,141.095367],"annotation":"OBSTACLES","isRenderEnabled":false,"rotationMatrix":[-0.99936831,-0.0355398394,0,0.0355398394,-0.99936831,0,0,0,1],"shapeName":"/levels/italy/art/shapes/buildings/italy_city_busstop.dae"}
{"class":"TSStatic","persistentId":"a5a6d2e8-8b17-40a7-b688-1a69e8a7f87f","__parent":"busstops","position":[-1756.53687,1444.09021,140.582993],"annotation":"TRAFFIC_SIGNS","isRenderEnabled":false,"rotationMatrix":[0.98906678,0.147461042,0,-0.147461042,0.98906678,0,0,0,1],"shapeName":"/levels/italy/art/shapes/buildings/bussign.dae"}
{"class":"TSStatic","persistentId":"a81b70b9-4408-4771-bfa5-7c0500e9fb10","__parent":"busstops","position":[188.361115,-364.8078,194.010437],"annotation":"OBSTACLES","isRenderEnabled":false,"rotationMatrix":[0.999857545,0.016886875,0,-0.016886875,0.999857545,0,0,0,1],"shapeName":"/levels/italy/art/shapes/buildings/italy_city_busstop.dae"}
{"class":"TSStatic","persistentId":"ae4d662f-a20b-49b1-9ac6-da13a3f45937","__parent":"busstops","position":[1161.32056,1225.68555,148],"annotation":"OBSTACLES","isRenderEnabled":false,"rotationMatrix":[-0.99936831,-0.0355398394,0,0.0355398394,-0.99936831,0,0,0,1],"shapeName":"/levels/italy/art/shapes/buildings/italy_city_busstop.dae"}
{"class":"TSStatic","persistentId":"b81038ad-7aba-411d-9fa4-7ad7f691b4f6","__parent":"busstops","position":[694.899048,1370.28821,144.98735],"annotation":"TRAFFIC_SIGNS","isRenderEnabled":false,"rotationMatrix":[0.103881083,0.994588614,0,-0.994588614,0.103881083,0,0,0,1],"shapeName":"/levels/italy/art/shapes/buildings/bussign.dae"}
{"class":"TSStatic","persistentId":"c9dc2886-1c9c-4eca-8832-159f67af8404","__parent":"busstops","position":[-1758.1167,1449.75854,140.521896],"annotation":"OBSTACLES","isRenderEnabled":false,"rotationMatrix":[-0.125097737,0.991901875,0.0218966752,-0.992143512,-0.125067264,-0.00276091509,4.65657013e-10,-0.0220700242,0.999756396],"shapeName":"/levels/italy/art/shapes/buildings/italy_city_busstop.dae"}
{"class":"TSStatic","persistentId":"cb79f6bc-d9d4-45ca-aa9a-c3ce9b155cf8","__parent":"busstops","position":[841.05835,469.455505,179.886093],"annotation":"TRAFFIC_SIGNS","isRenderEnabled":false,"rotationMatrix":[0.765397489,0.643555522,0,-0.643555522,0.765397489,0,0,0,1],"shapeName":"/levels/italy/art/shapes/buildings/bussign.dae"}
{"class":"TSStatic","persistentId":"d305d66c-df36-488a-9a26-d42522a8f784","__parent":"busstops","position":[679.125122,1387.771,143.798492],"annotation":"TRAFFIC_SIGNS","isRenderEnabled":false,"rotationMatrix":[-0.0488533229,-0.998804927,0,0.998804927,-0.0488533229,0,0,0,1],"shapeName":"/levels/italy/art/shapes/buildings/bussign.dae"}
{"class":"TSStatic","persistentId":"db798c1f-fa02-4645-bd23-c5e26db08335","__parent":"busstops","position":[1125.62415,1237.39819,148.349304],"annotation":"TRAFFIC_SIGNS","isRenderEnabled":false,"rotationMatrix":[0.0295963529,-0.999560893,0,0.999560893,0.0295963529,0,0,0,1],"shapeName":"/levels/italy/art/shapes/buildings/bussign.dae"}
{"class":"TSStatic","persistentId":"df33eef8-ed64-427f-8cb6-1d2a169761ce","__parent":"busstops","position":[874.35791,467.939789,179.910675],"annotation":"TRAFFIC_SIGNS","isRenderEnabled":false,"rotationMatrix":[-0.503291368,-0.864113808,0,0.864113808,-0.503291368,0,0,0,1],"shapeName":"/levels/italy/art/shapes/buildings/bussign.dae"}
{"class":"TSStatic","persistentId":"e9b69bd3-f1aa-44d2-8019-8c1e1a9a201f","__parent":"busstops","position":[690.182312,1370.25342,144.359741],"annotation":"OBSTACLES","isRenderEnabled":false,"rotationMatrix":[-0.993351817,0.0591232106,-0.0987790152,-0.0588330328,-0.998250782,-0.00585036213,-0.0989521369,3.54678287e-09,0.99509263],"shapeName":"/levels/italy/art/shapes/buildings/italy_city_busstop.dae"}
{"class":"TSStatic","persistentId":"eb565a14-af5f-4c7e-a911-8ef860709a8f","__parent":"busstops","position":[1218.48218,1360.73401,141.370132],"annotation":"TRAFFIC_SIGNS","isRenderEnabled":false,"rotationMatrix":[0.137702972,-0.990472615,0,0.990472615,0.137702972,0,0,0,1],"shapeName":"/levels/italy/art/shapes/buildings/bussign.dae"}
{"class":"TSStatic","persistentId":"f1119892-586a-4699-bc78-9257504c897e","__parent":"busstops","position":[954.77832,1355.19092,142.47374],"annotation":"TRAFFIC_SIGNS","isRenderEnabled":false,"rotationMatrix":[0.0320599563,0.999484897,0,-0.999484897,0.0320599563,0,0,0,1],"shapeName":"/levels/italy/art/shapes/buildings/bussign.dae"}
{"class":"TSStatic","persistentId":"f55f90b7-aa83-4dc4-8900-9c7cffb1b20c","__parent":"busstops","position":[403.946381,1279.32654,169.558395],"annotation":"TRAFFIC_SIGNS","isRenderEnabled":false,"rotationMatrix":[0.274334699,0.961634159,0,-0.961634159,0.274334699,0,0,0,1],"shapeName":"/levels/italy/art/shapes/buildings/bussign.dae"}
{"class":"TSStatic","persistentId":"f6af9cb1-1b26-4ee9-bb9d-23016355f332","__parent":"busstops","position":[1092.39172,-632.813965,146.366714],"annotation":"TRAFFIC_SIGNS","isRenderEnabled":false,"rotationMatrix":[0.99956131,-0.0295772329,0,0.0295772329,0.99956131,0,0,0,1],"shapeName":"/levels/italy/art/shapes/buildings/bussign.dae"}
{"class":"TSStatic","persistentId":"fbc3c10b-061b-44d0-b65e-9269c2e98a04","__parent":"busstops","position":[499.002136,1410.4884,151.093369],"annotation":"TRAFFIC_SIGNS","isRenderEnabled":false,"rotationMatrix":[-0.103010133,0.994680345,0,-0.994680345,-0.103010133,0,0,0,1],"shapeName":"/levels/italy/art/shapes/buildings/bussign.dae"}
{"class":"TSStatic","persistentId":"fc304b17-29d2-4cb5-be6a-a0b20273287a","__parent":"busstops","position":[1330.13354,1327.06189,144.139603],"annotation":"TRAFFIC_SIGNS","isRenderEnabled":false,"rotationMatrix":[0.194470629,-0.980907142,0,0.980907142,0.194470629,0,0,0,1],"shapeName":"/levels/italy/art/shapes/buildings/bussign.dae"}
{"class":"TSStatic","persistentId":"ff4f876f-61d1-4f9d-8884-a9f5e1d428cd","__parent":"busstops","position":[182.363663,-365.187103,194.430389],"annotation":"TRAFFIC_SIGNS","isRenderEnabled":false,"rotationMatrix":[0.00612054393,-0.999979675,0,0.999979675,0.00612054393,0,0,0,1],"shapeName":"/levels/italy/art/shapes/buildings/bussign.dae"}
{"name":"temporary_wp_busroute_1","class":"BeamNGWaypoint","persistentId":"e9ff7de7-e8fd-496e-82f1-91ef63b24b7a","__parent":"busstops","position":[658.442505,1321.53345,148.00415],"scale":[3,3,3]}
{"name":"temporary_wp_busroute_2","class":"BeamNGWaypoint","persistentId":"5a20ae3d-d89b-4fb9-9d5c-fa874d49a0fa","__parent":"busstops","position":[738.380371,1352.79297,145.412033],"scale":[3,3,3]}
