{"class":"TSStatic","persistentId":"b90e70a9-9670-40e9-823d-6baf87573203","__parent":"trail_017_rocks","position":[-1118.37866,-35.9392052,145.719315],"isRenderEnabled":false,"rotationMatrix":[-0.8036623,-0.58908534,-0.0842904374,0.56459713,-0.799556851,0.204789117,-0.188033283,0.116991207,0.975170016],"shapeName":"/levels/johnson_valley/art/shapes/rocks/s_rocks_desert_collection_02.dae","useInstanceRenderData":true}
{"class":"TSStatic","persistentId":"7e403458-4af2-4dc3-a62b-9ae1a40d75e7","__parent":"trail_017_rocks","position":[-1123.08826,-35.768898,145.020889],"isRenderEnabled":false,"rotationMatrix":[0.99055469,0.0153951384,0.136251017,-0.00218934426,0.995326102,-0.096546188,-0.137100533,0.0953359753,0.985958695],"shapeName":"/levels/johnson_valley/art/shapes/rocks/s_rocks_desert_collection_03.dae","useInstanceRenderData":true}
{"class":"TSStatic","persistentId":"45669b7e-e9d0-486a-8469-43b7933fc64f","__parent":"trail_017_rocks","position":[-1119.58679,-17.1260777,147.828171],"isRenderEnabled":false,"rotationMatrix":[0.25531584,-0.927898467,-0.271694899,0.923105419,0.150363743,0.353930682,-0.287558734,-0.341167122,0.894938529],"shapeName":"/levels/johnson_valley/art/shapes/rocks/s_rocks_desert_collection_03.dae","useInstanceRenderData":true}
{"class":"TSStatic","persistentId":"653f92ec-642e-4df6-9652-7e3eace9ca60","__parent":"trail_017_rocks","position":[-1109.49194,-32.1380043,148.384445],"isRenderEnabled":false,"rotationMatrix":[0.946094155,0.00170037337,0.323887199,-0.0178814158,0.998735309,0.0469894446,-0.323397666,-0.0502480008,0.94492805],"shapeName":"/levels/johnson_valley/art/shapes/rocks/s_rocks_desert_collection_01.dae","useInstanceRenderData":true}
{"class":"TSStatic","persistentId":"6c6c5778-2992-4126-9806-6fd32d8a3981","__parent":"trail_017_rocks","position":[-1115.13684,-20.2813129,149.423416],"isRenderEnabled":false,"rotationMatrix":[-0.399541616,0.914462984,0.064215377,-0.80539614,-0.316705227,-0.501033545,-0.437839329,-0.25190264,0.863042176],"shapeName":"/levels/johnson_valley/art/shapes/rocks/s_rocks_desert_huge_sheet_3.dae","useInstanceRenderData":true}
{"class":"TSStatic","persistentId":"c9c49c06-cc9d-43c1-add2-54989598aa72","__parent":"trail_017_rocks","position":[-1100.18335,-24.7304096,154.388474],"isRenderEnabled":false,"rotationMatrix":[0.82195878,-0.562182546,0.0912935957,0.458497733,0.748231053,0.479510218,-0.337880999,-0.352279693,0.872774541],"shapeName":"/levels/johnson_valley/art/shapes/rocks/s_rocks_desert_huge_sheet_3.dae","useInstanceRenderData":true}
{"class":"TSStatic","persistentId":"4d134e85-0dc9-4afc-887b-3e33ab584d9b","__parent":"trail_017_rocks","position":[-1092.50781,-25.0944366,156.879608],"isRenderEnabled":false,"shapeName":"/levels/johnson_valley/art/shapes/rocks/s_rocks_desert_large_04.dae","useInstanceRenderData":true}
{"class":"TSStatic","persistentId":"4e922182-1a74-4d85-971e-3065f2f4f650","__parent":"trail_017_rocks","position":[-1238.23779,6.7735548,121.081329],"isRenderEnabled":false,"shapeName":"/levels/johnson_valley/art/shapes/rocks/s_rocks_desert_small_06.dae","useInstanceRenderData":true}
{"class":"TSStatic","persistentId":"c9fa083d-bc56-473d-823a-4573e889f046","__parent":"trail_017_rocks","position":[-1238.30005,5.90440989,121.254784],"isRenderEnabled":false,"shapeName":"/levels/johnson_valley/art/shapes/rocks/s_rocks_desert_small_09.dae","useInstanceRenderData":true}
{"class":"TSStatic","persistentId":"7be8d178-98bb-4d10-b67b-a08ac3e1a4dc","__parent":"trail_017_rocks","position":[-1238.66357,6.15038395,121.181633],"isRenderEnabled":false,"shapeName":"/levels/johnson_valley/art/shapes/rocks/s_rocks_desert_small_08.dae","useInstanceRenderData":true}
{"class":"TSStatic","persistentId":"f4a91e9c-d52d-4260-96dc-bbb16a53c040","__parent":"trail_017_rocks","position":[-1237.67603,1.12206936,121.803474],"isRenderEnabled":false,"shapeName":"/levels/johnson_valley/art/shapes/rocks/s_rocks_desert_small_09.dae","useInstanceRenderData":true}
{"class":"TSStatic","persistentId":"315b8462-00a6-4057-a9ad-65984acfd1af","__parent":"trail_017_rocks","position":[-1237.41602,0.637095451,121.91571],"isRenderEnabled":false,"shapeName":"/levels/johnson_valley/art/shapes/rocks/s_rocks_desert_small_07.dae","useInstanceRenderData":true}
{"class":"TSStatic","persistentId":"c3dd7588-a329-4c81-a1f2-7836eff64945","__parent":"trail_017_rocks","position":[-1151.42554,-20.019825,133.071259],"isRenderEnabled":false,"rotationMatrix":[0.59402144,-0.79359591,0.131697565,0.774782777,0.608445287,0.171773225,-0.216449291,7.4505806e-09,0.976293862],"shapeName":"/levels/johnson_valley/art/shapes/rocks/s_rocks_desert_low_flat_01.dae","useInstanceRenderData":true}
{"class":"TSStatic","persistentId":"fadbb432-4339-4d36-b19e-acb7e7513cb6","__parent":"trail_017_rocks","position":[-1147.14563,-21.84412,134.365387],"isRenderEnabled":false,"rotationMatrix":[0.376630902,0.923901975,0.0674845651,-0.871432722,0.378069043,-0.312519699,-0.314251423,0.0588962734,0.947511077],"shapeName":"/levels/johnson_valley/art/shapes/rocks/s_rocks_desert_low_tiny.dae","useInstanceRenderData":true}
{"class":"TSStatic","persistentId":"72880698-977b-4f74-b6ab-2c1fbe0f826f","__parent":"trail_017_rocks","position":[-1141.05566,-24.2116547,136.750565],"isRenderEnabled":false,"rotationMatrix":[0.285382926,0.957775891,0.0349520594,-0.884630859,0.277269483,-0.374899507,-0.368760943,0.0760701895,0.926406324],"shapeName":"/levels/johnson_valley/art/shapes/rocks/s_rocks_desert_low_tiny.dae","useInstanceRenderData":true}
{"class":"TSStatic","persistentId":"3a0798fa-3d2c-4d63-a7d1-ba30c25a0299","__parent":"trail_017_rocks","position":[-1137.35852,-26.0129013,137.03804],"isRenderEnabled":false,"rotationMatrix":[-0.945055485,0,-0.326909602,0,1,0,0.326909602,0,-0.945055485],"shapeName":"/levels/johnson_valley/art/shapes/rocks/s_rocks_desert_large_06.dae","useInstanceRenderData":true}
{"class":"TSStatic","persistentId":"1e25d935-d7f3-42d9-9091-de654d0b4fc7","__parent":"trail_017_rocks","position":[-1130.84692,-27.1282959,140.939453],"isRenderEnabled":false,"rotationMatrix":[-0.403856874,-0.907497466,-0.115532279,-0.872497976,0.420057416,-0.249597475,0.275039285,0,-0.961432695],"shapeName":"/levels/johnson_valley/art/shapes/rocks/s_rocks_desert_medium_02.dae","useInstanceRenderData":true}
{"class":"TSStatic","persistentId":"f6efb58d-9aca-41f7-bb0d-9ea91855b5aa","__parent":"trail_017_rocks","position":[-1133.22595,-29.5439701,139.634293],"isRenderEnabled":false,"rotationMatrix":[-0.54339242,-0.837346077,0.0597981662,-0.779691219,0.477009475,-0.40563947,0.311136365,-0.267045617,-0.912074685],"shapeName":"/levels/johnson_valley/art/shapes/rocks/s_rocks_desert_large_06.dae","useInstanceRenderData":true}
{"class":"TSStatic","persistentId":"de2d41c8-8eb5-41be-a06b-8d992f8db1b1","__parent":"trail_017_rocks","position":[-1092.13,-11.739296,155.531158],"isRenderEnabled":false,"rotationMatrix":[-0.166665554,0.985768437,-0.0219905414,-0.986006856,-0.166705847,-1.21071935e-08,-0.00366596039,0.0216828175,0.999758184],"shapeName":"/levels/johnson_valley/art/shapes/rocks/s_rocks_desert_low_small.dae","useInstanceRenderData":true}
{"class":"TSStatic","persistentId":"917da831-61db-482f-bbf7-06d24a207993","__parent":"trail_017_rocks","position":[-1085.84424,-10.7117424,155.582993],"isRenderEnabled":false,"rotationMatrix":[0.970745385,0.239113048,0.021870615,-0.239509836,0.970731437,0.0177640393,-0.0169828776,-0.0224825852,0.999602973],"shapeName":"/levels/johnson_valley/art/shapes/rocks/s_rocks_desert_low_tiny.dae","useInstanceRenderData":true}
{"class":"TSStatic","persistentId":"50323efd-8b0c-4a64-b0ff-1c96b2a2b852","__parent":"trail_017_rocks","position":[-1099.50879,-11.4680729,154.150085],"isRenderEnabled":false,"rotationMatrix":[1,0,0,0,-0.999345541,0.0361687019,0,-0.0361687019,-0.999345541],"shapeName":"/levels/johnson_valley/art/shapes/rocks/s_rocks_desert_large_06.dae","useInstanceRenderData":true}
{"class":"TSStatic","persistentId":"c62e2411-6ffc-49e2-83f4-aa9f58cadbf3","__parent":"trail_017_rocks","position":[-1098.27808,-13.1315784,154.533051],"isRenderEnabled":false,"rotationMatrix":[-0.209587812,0.973196864,-0.0946612358,0.182203174,-0.0562442541,-0.981650889,-0.960663795,-0.222989619,-0.165531397],"shapeName":"/levels/johnson_valley/art/shapes/rocks/s_rocks_desert_large_05.dae","useInstanceRenderData":true}
{"class":"TSStatic","persistentId":"07e8724f-128b-458c-81be-a9484b466c89","__parent":"trail_017_rocks","position":[-1100.73267,-13.1726236,154.457489],"isRenderEnabled":false,"rotationMatrix":[0.679022729,-0.734063745,0.00885803625,-0.725644231,-0.672964573,-0.143383697,0.111213923,0.09093301,-0.989627361],"shapeName":"/levels/johnson_valley/art/shapes/rocks/s_rocks_desert_medium_02.dae","useInstanceRenderData":true}
{"class":"TSStatic","persistentId":"59dc58b5-8f0b-47c9-a7d2-50bb4cb3bde8","__parent":"trail_017_rocks","position":[-1082.84131,-8.91462708,155.782166],"isRenderEnabled":false,"rotationMatrix":[0.96432507,-0.251635909,0.0821980238,0.252490342,0.967599392,-1.86264515e-09,-0.0795347542,0.0207542088,0.996616006],"shapeName":"/levels/johnson_valley/art/shapes/rocks/s_rocks_desert_low_tiny.dae","useInstanceRenderData":true}
{"class":"TSStatic","persistentId":"a6928b15-2a57-48b2-a872-8ebe5700ad6a","__parent":"trail_017_rocks","position":[-1075.08057,-7.45714283,156.188248],"isRenderEnabled":false,"rotationMatrix":[0.63536346,-0.77221334,0,0.770545721,0.633991361,0.0656834915,-0.0507216603,-0.0417328924,0.997840524],"shapeName":"/levels/johnson_valley/art/shapes/rocks/s_rocks_desert_low_tiny.dae","useInstanceRenderData":true}
{"class":"TSStatic","persistentId":"9a5b757c-0a7d-4a20-8fef-15c56ec2b470","__parent":"trail_017_rocks","position":[-1158.90503,-13.7907629,130.383011],"isRenderEnabled":false,"rotationMatrix":[0.936450005,0.315664738,0.15302667,0.30968228,-0.948809624,0.0621054471,0.164797693,-0.0107689928,-0.98626852],"shapeName":"/levels/johnson_valley/art/shapes/rocks/s_rocks_desert_large_06.dae","useInstanceRenderData":true}
{"class":"TSStatic","persistentId":"fd817435-1a9d-4a80-9555-b6832b524cc5","__parent":"trail_017_rocks","position":[-1160.37146,-16.2526512,130.277939],"isRenderEnabled":false,"rotationMatrix":[-0.725005031,0.676643968,-0.12853086,0.677416921,0.734260321,0.0443622097,0.124392532,-0.0549061596,-0.990712523],"shapeName":"/levels/johnson_valley/art/shapes/rocks/s_rocks_desert_large_06.dae","useInstanceRenderData":true}
{"class":"TSStatic","persistentId":"c3edfa89-dcbc-4ca6-8e04-1d9bfc7f6939","__parent":"trail_017_rocks","position":[-1160.81506,-14.5736609,130.53891],"isRenderEnabled":false,"rotationMatrix":[-0.591215372,0.785498023,-0.18291223,0.715975046,0.615573287,0.329316258,0.37127316,0.0637362897,-0.926333308],"shapeName":"/levels/johnson_valley/art/shapes/rocks/s_rocks_desert_medium_03.dae","useInstanceRenderData":true}
{"class":"TSStatic","persistentId":"f58d40e5-07f5-43d1-acc5-e5139539a421","__parent":"trail_017_rocks","position":[-1161.65271,-16.1432819,130.36795],"isRenderEnabled":false,"rotationMatrix":[-0.149389505,-0.987420261,0.051803112,-0.951769173,0.129401326,-0.278191328,0.267988443,-0.0908635184,-0.959127426],"shapeName":"/levels/johnson_valley/art/shapes/rocks/s_rocks_desert_medium_02.dae","useInstanceRenderData":true}
{"class":"TSStatic","persistentId":"3ad084ac-4a05-4f63-b663-7f8c7f55c77b","__parent":"trail_017_rocks","position":[-1157.05127,-15.8299084,130.705551],"isRenderEnabled":false,"rotationMatrix":[0.588547111,0.804863453,-0.0762035698,0.808407903,-0.584788084,0.0670756996,0.00942382589,-0.10108079,-0.99483335],"shapeName":"/levels/johnson_valley/art/shapes/rocks/s_rocks_desert_large_06.dae","useInstanceRenderData":true}
{"class":"TSStatic","persistentId":"f4a6dab1-afb3-4a86-bf64-5ca6278a84a0","__parent":"trail_017_rocks","position":[-1158.41968,-17.5885391,131.247864],"isRenderEnabled":false,"rotationMatrix":[-0.951559544,0.303922564,0.0465276912,0.300448269,0.951281786,-0.0692374781,-0.0653037801,-0.0519044399,-0.99651432],"shapeName":"/levels/johnson_valley/art/shapes/rocks/s_rocks_desert_medium_02.dae","useInstanceRenderData":true}
{"class":"TSStatic","persistentId":"d5a4a4b6-3c72-40d0-873d-458e5945a19f","__parent":"trail_017_rocks","position":[-1151.16821,-16.6213989,132.761993],"isRenderEnabled":false,"rotationMatrix":[-0.0813639164,0.95982188,0.268554598,-0.996426165,-0.0844669342,-1.49011612e-08,0.0226839855,-0.267594874,0.963264465],"shapeName":"/levels/johnson_valley/art/shapes/rocks/s_rocks_desert_large_04.dae","useInstanceRenderData":true}
{"class":"TSStatic","persistentId":"3250043c-bb0a-4749-a7f4-253a48805e9b","__parent":"trail_017_rocks","position":[-1125.29285,-29.8287506,142.555603],"isRenderEnabled":false,"rotationMatrix":[-0.95727551,0,-0.289176494,0,1,0,0.289176494,0,-0.95727551],"shapeName":"/levels/johnson_valley/art/shapes/rocks/s_rocks_desert_large_06.dae","useInstanceRenderData":true}
{"class":"TSStatic","persistentId":"d7951c47-4784-46c9-afb4-c4e0d055951e","__parent":"trail_017_rocks","position":[-1120.6886,-31.4664726,145.018265],"isRenderEnabled":false,"rotationMatrix":[0.977301419,4.65661287e-10,0.211853564,0.00990804471,0.998905778,-0.0457067899,-0.211621732,0.0467683636,0.976231992],"shapeName":"/levels/johnson_valley/art/shapes/rocks/s_rocks_desert_low_flat_02.dae","useInstanceRenderData":true}
{"class":"TSStatic","persistentId":"b23f9adc-6071-4b93-af1d-46b241788801","__parent":"trail_017_rocks","position":[-1121.31812,-27.6832123,144.825241],"isRenderEnabled":false,"rotationMatrix":[0.961468339,-0.018813286,0.274271101,-0.0333466679,0.982308269,0.184278294,-0.27288565,-0.186323777,0.943830967],"scale":[1.29389644,1.29389644,1.29389644],"shapeName":"/levels/johnson_valley/art/shapes/rocks/s_rocks_desert_collection_03.dae","useInstanceRenderData":true}
{"class":"TSStatic","persistentId":"6f99a827-37ff-49da-8444-6e2591148d1b","__parent":"trail_017_rocks","position":[-1121.81152,-23.212822,145.395401],"isRenderEnabled":false,"rotationMatrix":[0.903645158,-0.0599871539,0.424060106,-0.0380383544,0.974988043,0.218978196,-0.426589429,-0.214009136,0.878761351],"shapeName":"/levels/johnson_valley/art/shapes/rocks/s_rocks_desert_collection_02.dae","useInstanceRenderData":true}
{"class":"TSStatic","persistentId":"70b6caa6-e6f6-4f66-9c9d-4ae4c666fd77","__parent":"trail_017_rocks","position":[-1121.20264,-39.1061478,146.052338],"isRenderEnabled":false,"rotationMatrix":[1,0,0,0,0.520276427,-0.853997827,0,0.853997827,0.520276427],"shapeName":"/levels/johnson_valley/art/shapes/rocks/s_rocks_desert_medium_03.dae","useInstanceRenderData":true}
{"class":"TSStatic","persistentId":"76e77f9f-bd62-49fa-9a46-077784cb50c4","__parent":"trail_017_rocks","position":[-1121.00232,-38.0605316,145.777374],"isRenderEnabled":false,"shapeName":"/levels/johnson_valley/art/shapes/rocks/s_rocks_desert_small_05.dae","useInstanceRenderData":true}
{"class":"TSStatic","persistentId":"7e341556-96ce-473b-9b93-7f381b21de35","__parent":"trail_017_rocks","position":[-1113.31482,-40.6467018,148.66655],"isRenderEnabled":false,"rotationMatrix":[-0.812363625,0.483328402,0.326279283,0.305922866,-0.123119235,0.944061637,0.496463239,0.866738081,-0.0478432178],"shapeName":"/levels/johnson_valley/art/shapes/rocks/s_rocks_desert_large_07.dae","useInstanceRenderData":true}
{"class":"TSStatic","persistentId":"7f4a8f2b-1bbe-4f3f-ab97-65190ffd63e8","__parent":"trail_017_rocks","position":[-1114.82263,-39.9558754,147.305954],"isRenderEnabled":false,"rotationMatrix":[-0.399220943,-0.889600039,0.221886292,0.902318478,-0.424135208,-0.0770045668,0.162613168,0.169470295,0.972027123],"scale":[1.23212886,1.23212886,1.23212886],"shapeName":"/levels/johnson_valley/art/shapes/rocks/s_rocks_desert_medium_05.dae","useInstanceRenderData":true}
{"class":"TSStatic","persistentId":"550086fa-311f-429f-a3cd-9753cb572902","__parent":"trail_017_rocks","position":[-1103.78235,-22.0645733,152.411819],"isRenderEnabled":false,"rotationMatrix":[0.769462526,0.638691902,0,-0.638691902,0.769462526,0,0,0,1],"shapeName":"/levels/johnson_valley/art/shapes/rocks/s_rocks_desert_large_02.dae","useInstanceRenderData":true}
{"class":"TSStatic","persistentId":"0538da0a-5b0c-4f5e-acb8-aaf279365102","__parent":"trail_017_rocks","position":[-1105.40942,-14.0189629,153.854156],"isRenderEnabled":false,"shapeName":"/levels/johnson_valley/art/shapes/rocks/s_rocks_desert_large_05.dae","useInstanceRenderData":true}
{"class":"TSStatic","persistentId":"959e2b8c-b6b3-4fc4-81fa-088bbb322feb","__parent":"trail_017_rocks","position":[-1095.16016,-9.93912315,154.557297],"isRenderEnabled":false,"rotationMatrix":[0.160005033,0.987116277,3.21643313e-07,0.987116277,-0.160005212,-5.21362722e-08,1.42108547e-14,3.2584137e-07,-1.00000024],"shapeName":"/levels/johnson_valley/art/shapes/rocks/s_rocks_desert_large_06.dae","useInstanceRenderData":true}
{"class":"TSStatic","persistentId":"779f4dad-f4d2-4dcd-bcbe-4a82469686db","__parent":"trail_017_rocks","position":[-1095.22754,-13.8009977,154.913757],"isRenderEnabled":false,"rotationMatrix":[-0.114983201,-0.993367255,-3.23680126e-07,-0.993367255,0.114983499,3.74663216e-08,1.42108547e-14,3.25841285e-07,-0.999999762],"shapeName":"/levels/johnson_valley/art/shapes/rocks/s_rocks_desert_medium_02.dae","useInstanceRenderData":true}
{"class":"TSStatic","persistentId":"9a29e0b3-7b3e-4e4f-bcc9-d7144f312d45","__parent":"trail_017_rocks","position":[-1110.53577,-26.0043106,149.417831],"isRenderEnabled":false,"rotationMatrix":[0.707968593,-0.702653706,0.0711209476,0.603133023,0.653925419,0.456740677,-0.367438346,-0.280462623,0.886752367],"shapeName":"/levels/johnson_valley/art/shapes/rocks/s_rocks_desert_low_flat_02.dae","useInstanceRenderData":true}
{"class":"TSStatic","persistentId":"6681efaf-d616-4b78-97c7-03caf17506ad","__parent":"trail_017_rocks","position":[-1110.21155,-25.3599625,148.551651],"isRenderEnabled":false,"rotationMatrix":[-0.313616037,-0.881643891,-0.352631003,-0.889780521,0.402533889,-0.215074316,0.331564873,0.246313438,-0.910710692],"shapeName":"/levels/johnson_valley/art/shapes/rocks/s_rocks_desert_large_06.dae","useInstanceRenderData":true}
{"class":"TSStatic","persistentId":"f6a41cff-23fb-4ce9-b074-57638f71f8cf","__parent":"trail_017_rocks","position":[-1109.77637,-22.6991386,149.507278],"isRenderEnabled":false,"rotationMatrix":[0.950143218,-0.257921517,0.175226539,-0.171660274,-0.90180397,-0.396588415,0.260308683,0.346736342,-0.901117802],"shapeName":"/levels/johnson_valley/art/shapes/rocks/s_rocks_desert_large_06.dae","useInstanceRenderData":true}
{"class":"TSStatic","persistentId":"46553323-98ba-454e-8d8e-80ba29ced07d","__parent":"trail_017_rocks","position":[-1111.53235,-28.1211166,147.068207],"isRenderEnabled":false,"rotationMatrix":[-0.799985886,0.586390853,-0.127155632,0.480010033,0.752599955,0.450759053,0.360018283,0.299564898,-0.883542776],"shapeName":"/levels/johnson_valley/art/shapes/rocks/s_rocks_desert_large_06.dae","useInstanceRenderData":true}
{"class":"TSStatic","persistentId":"1766316f-9bb0-4785-a58d-17a4c1b173ba","__parent":"trail_017_rocks","position":[-1109.06372,-20.959219,150.573105],"isRenderEnabled":false,"rotationMatrix":[0.324130118,0.744463205,-0.583707035,-0.916867018,0.399192572,0,0.233011425,0.53518182,0.811964273],"shapeName":"/levels/johnson_valley/art/shapes/rocks/s_rocks_desert_large_06.dae","useInstanceRenderData":true}
{"class":"TSStatic","persistentId":"250afebb-1a8c-4d66-aa20-b2a80bb14590","__parent":"trail_017_rocks","position":[-1107.75562,-22.5793266,150.636429],"isRenderEnabled":false,"rotationMatrix":[0.94115442,-0.0660942048,0.331451178,0.0462043472,-0.946323156,-0.319902033,0.334803641,0.316391677,-0.887582421],"shapeName":"/levels/johnson_valley/art/shapes/rocks/s_rocks_desert_medium_02.dae","useInstanceRenderData":true}
{"class":"TSStatic","persistentId":"195b6e03-4194-45b1-ab19-dc6f10ba0437","__parent":"trail_017_rocks","position":[-1107.11377,-20.5295429,151.088394],"isRenderEnabled":false,"rotationMatrix":[0.953113616,-0.0719798058,0.293927491,0.0201492384,-0.954048276,-0.298974156,0.301941156,0.290878773,-0.907866001],"shapeName":"/levels/johnson_valley/art/shapes/rocks/s_rocks_desert_large_06.dae","useInstanceRenderData":true}
{"class":"TSStatic","persistentId":"81ca7dbc-6c23-4f13-a315-20efda5e2e5b","__parent":"trail_017_rocks","position":[-1103.19507,-15.5480881,153.484314],"isRenderEnabled":false,"rotationMatrix":[0.842046559,0.512162268,0.169255435,0.530814826,-0.842562318,-0.091235429,0.0958809331,0.166667789,-0.981340051],"shapeName":"/levels/johnson_valley/art/shapes/rocks/s_rocks_desert_large_06.dae","useInstanceRenderData":true}
