{"class":"DecalRoad","persistentId":"c6e6350e-b36b-448e-818a-4eb428036758","__parent":"CBF_additional_temp_details","position":[-635.307495,61.8401871,103.051514],"detail":1,"drivability":0.300000012,"gatedRoad":true,"improvedSpline":true,"material":"road_invisible","nodes":[[-635.307495,61.8401871,103.051514,4],[-616.1651,44.1718597,100.976959,4],[-594.761658,22.4612389,100.555984,4],[-572.569092,2.44918919,100.556,4]],"overObjects":true,"useSubdivisions":false,"useTemplate":"true"}
{"class":"DecalRoad","persistentId":"4d7f6b83-e612-4900-9a97-3e9a61e287ed","__parent":"CBF_additional_temp_details","position":[-571.538086,1.71422577,100.555984],"detail":1,"drivability":0.300000012,"gatedRoad":true,"improvedSpline":true,"material":"road_invisible","nodes":[[-571.538086,1.71422577,100.555984,4],[-573.651001,-4.28980255,100.555992,4],[-597.109192,-32.9626427,100.555992,4],[-635.320679,-70.1925049,100.556,4],[-674.980896,-108.990318,100.555977,4],[-696.04425,-130.396744,100.248962,4],[-734.40564,-153.582626,99.2813644,4],[-787.392273,-171.961868,99.4898834,4],[-816.080811,-180.984024,99.6051788,4],[-830.431396,-189.333344,99.6394043,4],[-847.741394,-214.608032,99.7480927,4],[-874.101929,-259.953796,99.9423981,4],[-889.167603,-282.850891,99.8531036,4],[-911.484741,-301.624237,99.5653229,4],[-956.952026,-316.886047,100.671295,4]],"overObjects":true,"useSubdivisions":false,"useTemplate":"true"}
{"class":"DecalRoad","persistentId":"c43af38c-5d47-4ece-93b3-d49b04e1727f","__parent":"CBF_additional_temp_details","position":[-611.048706,37.6356621,100.564026],"detail":1,"drivability":0.300000012,"gatedRoad":true,"improvedSpline":true,"material":"road_invisible","nodes":[[-611.048706,37.6356621,100.564026,4],[-615.036865,27.5250721,100.555984,4],[-622.703979,20.8793125,100.555984,4],[-639.805908,14.8179493,100.556,4],[-650.403137,-0.875675201,100.555984,4],[-648.467163,-22.1377964,100.556,4],[-659.556641,-46.6043892,100.555992,4],[-675.30481,-64.084259,100.556,4],[-696.680176,-80.2602005,100.555984,4],[-711.746948,-97.5357056,100.555992,4],[-716.081177,-114.455597,100.447884,4],[-713.690002,-142.250427,99.3871765,4]],"overObjects":true,"useSubdivisions":false,"useTemplate":"true"}
{"class":"DecalRoad","persistentId":"7f0c183c-42e3-46df-9ee9-2afad505c6dc","__parent":"CBF_additional_temp_details","position":[-675.282349,-64.0392532,100.556],"detail":1,"drivability":0.300000012,"gatedRoad":true,"improvedSpline":true,"material":"road_invisible","nodes":[[-675.282349,-64.0392532,100.556,4],[-663.826721,-66.1037292,100.556,4],[-647.053345,-80.1138306,100.556,4]],"overObjects":true,"useSubdivisions":false,"useTemplate":"true"}
{"class":"DecalRoad","persistentId":"22d3982c-2219-428b-80fc-f06c032fa964","__parent":"CBF_additional_temp_details","position":[-619.010742,-8.11434555,101.675919],"detail":0.200000003,"distanceFade":[200,50],"improvedSpline":true,"material":"bank_erosion","nodes":[[-619.010742,-8.11434555,101.675919,5.01999998],[-619.938049,-0.465669632,101.813225,5.01999998],[-620.147583,5.63481522,101.666664,5.01999998],[-623.246765,9.55883312,101.986801,5.01999998],[-628.662842,10.2239285,101.910927,5.01999998],[-634.636292,10.3939295,101.883163,5.01999998],[-638.030823,7.20909405,101.986893,5.11999989],[-639.671936,2.26515007,101.819115,5],[-639.121338,-7.47852325,102.186737,5],[-639.316895,-24.300663,101.846581,5],[-641.973511,-33.5734138,102.3125,4.81999969],[-645.246826,-39.4661331,102.447906,4.81999969],[-648.168152,-43.6267014,101.218605,4.81999969]],"startEndFade":[4,4],"textureLength":45,"useTemplate":"true"}
{"class":"DecalRoad","persistentId":"4edfe17a-6474-4547-a14d-7dc0f5518380","__parent":"CBF_additional_temp_details","position":[-612.118225,-23.4986668,100.726524],"detail":0.200000003,"distanceFade":[200,50],"improvedSpline":true,"material":"bank_erosion","nodes":[[-612.118225,-23.4986668,100.726524,4.81999969],[-614.854553,-24.0563965,101.223717,4.81999969],[-617.087158,-25.7577839,101.063683,4.81999969],[-618.48999,-28.949213,101.407623,4.81999969],[-620.44165,-32.8597107,101.859177,5.81999969],[-619.893372,-38.4457703,101.982635,5.81999969],[-619.998596,-42.4736786,102.08606,5.81999969],[-619.353027,-44.845993,100.893097,5.5199995]],"startEndFade":[4,4],"textureLength":45,"useTemplate":"true"}
{"class":"DecalRoad","persistentId":"ea48f302-b5b5-4ff3-b91c-f888e7ae5785","__parent":"CBF_additional_temp_details","position":[-557.830322,-0.700028419,101.985146],"detail":0.200000003,"distanceFade":[200,50],"improvedSpline":true,"material":"bank_erosion","nodes":[[-557.830322,-0.700028419,101.985146,10.1000004],[-563.973572,-7.61979961,102.447906,10.1000004],[-564.519165,-13.2128143,101.653282,10.1000004]],"startEndFade":[4,4],"textureLength":70}
{"class":"DecalRoad","persistentId":"6881167b-442c-43ca-b23a-6a69f5d5d88d","__parent":"CBF_additional_temp_details","position":[-547.36145,-4.53933525,100.561066],"detail":0.200000003,"distanceFade":[200,50],"improvedSpline":true,"material":"bank_erosion","nodes":[[-547.36145,-4.53933525,100.561066,10.1000004],[-550.913025,-12.5461235,100.818275,8],[-557.770874,-16.9278469,100.991554,8],[-563.631592,-18.3943558,101.017876,10.1000004]],"startEndFade":[4,4],"textureLength":70}
{"class":"DecalRoad","persistentId":"d32fc0fd-def0-41a3-afed-94a551a173e8","__parent":"CBF_additional_temp_details","position":[-548.975464,-10.0426407,100.825157],"detail":0.200000003,"distanceFade":[200,50],"improvedSpline":true,"material":"bank_erosion","nodes":[[-548.975464,-10.0426407,100.825157,9.20000076],[-553.574463,-4.15261841,102.663666,8.70000076],[-560.142761,-1.01572323,102.094086,8.70000076]],"startEndFade":[4,4],"textureLength":70}
{"class":"DecalRoad","persistentId":"9b064fa0-427c-45db-a907-c3fc04fbfec1","__parent":"CBF_additional_temp_details","position":[-636.560486,-49.8789978,101.23719],"detail":0.200000003,"distanceFade":[200,50],"improvedSpline":true,"material":"bank_erosion","nodes":[[-636.560486,-49.8789978,101.23719,5.70000076],[-630.092224,-50.8552818,101.613831,7.70000076],[-625.562927,-49.6263809,101.865471,7.70000076],[-621.684082,-48.8845787,101.005394,4.70000076]],"startEndFade":[4,4],"textureLength":45,"useTemplate":"true"}
{"class":"DecalRoad","persistentId":"593ec709-0e27-41aa-ae44-dd36a1aff8fc","__parent":"CBF_additional_temp_details","position":[-617.50946,-20.2072296,101.240883],"detail":0.200000003,"distanceFade":[200,50],"improvedSpline":true,"material":"bank_erosion","nodes":[[-617.50946,-20.2072296,101.240883,4.70000076],[-617.555664,-12.7182083,101.967186,4.70000076]],"startEndFade":[4,4],"textureLength":45,"useTemplate":"true"}
{"class":"DecalRoad","persistentId":"b9ddbba3-ef3d-4121-8a00-1a6f46b970bb","__parent":"CBF_additional_temp_details","position":[-486.727356,95.255394,100.591225],"detail":0.200000003,"distanceFade":[200,50],"improvedSpline":true,"material":"bank_erosion","nodes":[[-486.727356,95.255394,100.591225,3.70000076],[-493.170776,96.9389114,100.881615,4.10000086],[-503.351776,97.0373459,100.847839,4.10000086],[-523.660767,98.1331863,100.936348,4.10000086]],"startEndFade":[4,4],"textureLength":30}
{"class":"DecalRoad","persistentId":"59d950c1-78cb-4021-8a0c-5f7dbb26316c","__parent":"CBF_additional_temp_details","position":[-664.914856,-93.2078629,100.555992],"detail":0.200000003,"distanceFade":[200,50],"improvedSpline":true,"material":"road_gravel_variation","nodes":[[-664.914856,-93.2078629,100.555992,9.49999905],[-644.652039,-56.4280777,100.555992,9.49999905],[-638.486206,-43.369606,103.456146,9.49999905],[-630.735779,-33.5306244,104.356865,9.49999905],[-629.053345,-23.9578152,103.22068,9.49999905]],"renderPriority":8,"startEndFade":[10,8],"textureLength":128}
{"class":"DecalRoad","persistentId":"e606a2c8-dbc2-4964-998e-d1976029c24d","__parent":"CBF_additional_temp_details","position":[-633.31781,-63.7896538,100.555992],"detail":0.200000003,"distanceFade":[200,50],"improvedSpline":true,"material":"road_gravel_variation","nodes":[[-633.31781,-63.7896538,100.555992,9.49999905],[-616.028809,-52.45961,100.555992,9.59999943],[-609.545593,-37.6967659,100.555992,9.59999943],[-607.31134,-18.1710548,100.554062,9.59999943]],"renderPriority":8,"startEndFade":[10,8],"textureLength":128}
{"class":"DecalRoad","persistentId":"ebc7d236-f400-499d-b071-17f747cc4749","__parent":"CBF_additional_temp_details","position":[-608.818481,9.33201599,100.555992],"detail":0.200000003,"distanceFade":[200,50],"improvedSpline":true,"material":"road_gravel_variation","nodes":[[-608.818481,9.33201599,100.555992,9.59999943],[-599.513184,-31.9698868,100.555992,9.59999943],[-603.530884,-47.7626648,100.555992,9.59999943],[-618.359741,-68.0845261,100.555992,9.59999943],[-636.092773,-73.4861679,100.555992,9.59999943]],"renderPriority":8,"startEndFade":[10,8],"textureLength":128}
{"class":"DecalRoad","persistentId":"32e66046-0a81-414c-8b03-572c1025c727","__parent":"CBF_additional_temp_details","position":[-696.262634,-129.57132,100.261963],"detail":0.200000003,"distanceFade":[200,50],"improvedSpline":true,"material":"road_gravel_variation","nodes":[[-696.262634,-129.57132,100.261963,9.59999943],[-665.840027,-100.37014,100.555992,9.59999943],[-641.727295,-76.1671982,100.555992,9.59999943],[-616.113281,-59.327179,100.555992,9.59999943]],"renderPriority":8,"startEndFade":[10,8],"textureLength":128}
{"class":"DecalRoad","persistentId":"6b8263dc-4148-49bc-9f1d-a723d9c12cbb","__parent":"CBF_additional_temp_details","position":[-716.450256,-113.171288,100.450058],"detail":0.200000003,"distanceFade":[200,50],"improvedSpline":true,"material":"road_gravel_variation","nodes":[[-716.450256,-113.171288,100.450058,9.59999943],[-706.705017,-93.013855,100.555992,9.59999943],[-691.43103,-75.4088898,100.555992,9.59999943],[-671.569885,-59.4348717,100.555992,9.59999943],[-652.510681,-50.6375198,100.555992,9.59999943]],"renderPriority":8,"startEndFade":[10,8],"textureLength":128}
{"class":"DecalRoad","persistentId":"d3867e07-aa03-48a4-a2ee-7d96bbd9f92c","__parent":"CBF_additional_temp_details","position":[-699.379639,-132.278152,100.112816],"decalBias":0.0500000007,"detail":0.5,"distanceFade":[150,100],"improvedSpline":true,"material":"road_gravel_variation","nodes":[[-699.379639,-132.278152,100.112816,8],[-663.872314,-103.121277,100.555992,8],[-625.659546,-71.7069855,100.555992,8]],"overObjects":true,"startEndFade":[30,30],"textureLength":32,"zBias":0.00100000005}
{"class":"DecalRoad","persistentId":"3f1c68b0-ce33-4bc5-914e-adf9a93113f0","__parent":"CBF_additional_temp_details","position":[-697.642944,-130.620026,100.197662],"decalBias":0.0500000007,"detail":0.5,"distanceFade":[150,100],"improvedSpline":true,"material":"road_gravel","nodes":[[-697.642944,-130.620026,100.197662,7.69999981],[-675.815002,-109.680847,100.555992,7.69999981],[-661.938904,-97.3316116,100.555992,7.69999981],[-646.243347,-79.6930008,100.555992,7.69999981],[-626.774292,-64.9065704,100.555992,7.69999981],[-586.78241,-20.3462029,100.555992,7.69999981],[-573.373962,-3.24393845,100.555992,7.29999971],[-565.25885,11.2350559,100.555992,7.29999971],[-561.712891,24.4750557,100.555992,7.29999971]],"overObjects":true,"startEndFade":[30,30],"textureLength":32,"zBias":0.00100000005}
{"class":"DecalRoad","persistentId":"8394491b-6505-4c38-a9a6-82e774d8b2b4","__parent":"CBF_additional_temp_details","position":[-716.32135,-112.64299,100.449295],"decalBias":0.0500000007,"detail":0.5,"distanceFade":[150,100],"improvedSpline":true,"material":"road_gravel","nodes":[[-716.32135,-112.64299,100.449295,7.69999981],[-710.412292,-95.4498215,100.556,7.79999971],[-697.541931,-80.1603775,100.556,7.79999971],[-674.983887,-66.9634247,100.555992,7.79999971],[-656.969299,-63.322052,100.555984,7.79999971],[-645.421936,-53.1410217,100.556,7.79999971],[-637.697266,-42.1789017,104.179237,7.79999971],[-631.631226,-31.1690331,104.111603,7.79999971]],"overObjects":true,"startEndFade":[30,30],"textureLength":32,"zBias":0.00100000005}
{"class":"DecalRoad","persistentId":"e07e0d96-0261-4b6d-9482-66a7ccec68c8","__parent":"CBF_additional_temp_details","position":[-628.115845,54.6058235,102.752388],"decalBias":0.0500000007,"detail":0.5,"distanceFade":[150,100],"improvedSpline":true,"material":"road_gravel","nodes":[[-628.115845,54.6058235,102.752388,7.79999971],[-618.131226,44.8814163,101.243874,7.79999971],[-612.871338,38.1450768,100.60276,7.79999971],[-612.486389,31.1947212,100.555992,7.79999971],[-618.304993,24.0994244,100.555992,7.79999971],[-629.333984,19.1004372,100.555992,7.79999971],[-639.635376,14.560482,100.555992,7.79999971],[-645.79187,5.41655922,100.555992,7.79999971],[-647.889893,-8.83009338,100.555992,7.79999971],[-645.615967,-24.537384,100.555992,7.79999971],[-652.01825,-40.0092163,100.555992,7.79999971],[-659.188599,-51.6058922,100.555992,7.79999971]],"startEndFade":[30,30],"textureLength":32,"zBias":0.00100000005}
{"class":"DecalRoad","persistentId":"b5d5874a-bb83-45fa-96c1-6453fdd64a61","__parent":"CBF_additional_temp_details","position":[-616.61731,26.0397873,100.574997],"decalBias":0.0500000007,"detail":0.5,"distanceFade":[150,100],"improvedSpline":true,"material":"road_gravel","nodes":[[-616.61731,26.0397873,100.574997,7.79999971],[-613.585632,31.9735107,100.555992,7.79999971],[-608.127869,33.6564369,100.555992,7.79999971],[-601.604797,30.3532639,100.555992,7.79999971],[-590.923828,20.3203354,100.555992,7.79999971],[-578.900391,9.27682018,100.555992,7.79999971],[-569.376404,8.23360538,100.555992,7.79999971],[-562.013611,14.3710642,100.555992,7.79999971]],"startEndFade":[30,30],"textureLength":32,"zBias":0.00100000005}
{"class":"DecalRoad","persistentId":"9c94be68-c67f-4a95-bb3a-9d6ba4ffdd6e","__parent":"CBF_additional_temp_details","position":[-580.615479,-12.6163301,100.555992],"decalBias":0.0500000007,"detail":0.5,"distanceFade":[150,100],"improvedSpline":true,"material":"road_gravel","nodes":[[-580.615479,-12.6163301,100.555992,7.79999971],[-573.893188,-5.38223743,100.555992,7.79999971],[-572.166748,1.44355178,100.555992,7.79999971],[-577.258301,8.27979279,100.555992,7.79999971]],"startEndFade":[30,30],"textureLength":32,"zBias":0.00100000005}
{"class":"DecalRoad","persistentId":"610b59a4-a2cc-49e3-85b2-bf8e8238e391","__parent":"CBF_additional_temp_details","position":[-636.547974,15.5762939,100.555992],"decalBias":0.0500000007,"detail":0.5,"distanceFade":[150,100],"improvedSpline":true,"material":"road_gravel","nodes":[[-636.547974,15.5762939,100.555992,7.79999971],[-624.532532,17.0307236,100.555992,7.79999971],[-606.608582,4.87027645,100.555992,7.79999971],[-597.643799,-8.52298737,100.555992,7.79999971]],"startEndFade":[30,30],"textureLength":32,"zBias":0.00100000005}
{"class":"DecalRoad","persistentId":"3d6e6f36-f39b-4aa5-8520-0256777afc85","__parent":"CBF_additional_temp_details","position":[-624.214355,21.7661762,100.555992],"decalBias":0.0500000007,"detail":0.5,"distanceFade":[150,100],"improvedSpline":true,"material":"road_gravel","nodes":[[-624.214355,21.7661762,100.555992,7.79999971],[-640.44989,19.0989952,100.555992,7.79999971],[-650.962402,10.3561954,100.554123,7.79999971],[-654.464783,-1.91031504,100.553581,7.79999971],[-652.81488,-14.1076565,100.555992,7.79999971],[-651.100769,-28.1645603,100.555992,7.79999971]],"startEndFade":[30,30],"textureLength":32,"zBias":0.00100000005}
{"class":"DecalRoad","persistentId":"de368428-ba1c-4daf-ae57-8cb26b6051e5","__parent":"CBF_additional_temp_details","position":[-683.939026,-68.4720917,100.555992],"decalBias":0.0500000007,"detail":0.5,"distanceFade":[150,100],"improvedSpline":true,"material":"road_gravel","nodes":[[-683.939026,-68.4720917,100.555992,7.79999971],[-667.162048,-54.0077438,100.555992,7.79999971],[-655.737671,-37.7946091,100.555992,7.79999971],[-650.072021,-22.315712,100.555992,7.79999971],[-651.483276,-4.85970306,100.555992,7.79999971]],"startEndFade":[30,30],"textureLength":32,"zBias":0.00100000005}
{"class":"DecalRoad","persistentId":"75820064-2ebb-4cbf-9d74-3fc76edfe127","__parent":"CBF_additional_temp_details","position":[-667.686218,-103.737152,100.555992],"decalBias":0.0500000007,"detail":0.5,"distanceFade":[150,100],"improvedSpline":true,"material":"road_gravel","nodes":[[-667.686218,-103.737152,100.555992,7.79999971],[-658.856812,-92.4953308,100.555992,7.79999971],[-654.300537,-80.1338272,100.555992,7.79999971],[-661.092529,-70.9984436,100.535492,7.79999971],[-674.552246,-69.492691,100.555992,7.79999971],[-688.128479,-75.2670135,100.555992,7.79999971]],"startEndFade":[15,15],"textureLength":32,"zBias":0.00100000005}
{"class":"DecalRoad","persistentId":"c70340b0-c59e-48e6-8236-84b5d990e7be","__parent":"CBF_additional_temp_details","position":[-636.059509,-74.1184845,100.555992],"decalBias":0.0500000007,"detail":0.5,"distanceFade":[150,100],"improvedSpline":true,"material":"road_gravel","nodes":[[-636.059509,-74.1184845,100.555992,7.79999971],[-645.753113,-74.6390686,100.555992,7.79999971],[-662.336792,-70.9354706,100.552467,7.79999971]],"startEndFade":[15,15],"textureLength":32,"zBias":0.00100000005}
{"class":"DecalRoad","persistentId":"84743f98-f21b-47da-bfb1-615ff173b1e8","__parent":"CBF_additional_temp_details","position":[-614.78418,12.2080898,100.555992],"decalBias":0.0500000007,"detail":0.5,"distanceFade":[150,100],"improvedSpline":true,"material":"road_gravel","nodes":[[-614.78418,12.2080898,100.555992,7.79999971],[-613.483643,0.834629059,100.555992,7.79999971],[-618.655396,-9.87994766,102.010078,7.79999971],[-626.302856,-13.4631729,102.854332,7.79999971],[-631.143311,-19.1771564,103.290207,7.79999971],[-630.452454,-30.7462578,104.056061,7.79999971]],"startEndFade":[15,15],"textureLength":32,"zBias":0.00100000005}
{"class":"DecalRoad","persistentId":"4961df50-7d16-4ac4-a227-42dc30e3c5ff","__parent":"CBF_additional_temp_details","position":[-625.427124,-14.1842871,102.733704],"decalBias":0.0500000007,"detail":0.5,"distanceFade":[150,100],"improvedSpline":true,"material":"road_gravel","nodes":[[-625.427124,-14.1842871,102.733704,7.79999971],[-612.843384,-8.42033768,100.739388,7.79999971],[-600.104858,-8.83485126,100.555992,7.79999971],[-587.388489,-11.8279266,100.555992,7.79999971],[-577.678589,-8.76691246,100.555992,7.79999971]],"startEndFade":[15,15],"textureLength":32,"zBias":0.00100000005}
{"class":"DecalRoad","persistentId":"ab4b0bdb-b188-4009-9432-f09d65fc7f53","__parent":"CBF_additional_temp_details","position":[-565.285522,9.674963,100.555992],"decalBias":0.0500000007,"detail":0.5,"distanceFade":[150,100],"improvedSpline":true,"material":"road_gravel","nodes":[[-565.285522,9.674963,100.555992,7.79999971],[-548.227356,27.1232796,100.341286,7.79999971],[-537.8479,45.1370773,99.4398422,7.79999971],[-527.848755,60.5271187,99.4900208,7.79999971],[-519.86969,69.108902,99.4892197,7.79999971]],"startEndFade":[15,15],"textureLength":32,"zBias":0.00100000005}
{"class":"DecalRoad","persistentId":"ca9c50c9-b6a2-4a0d-b591-25c7a1127d2a","__parent":"CBF_additional_temp_details","position":[-487.046967,82.5371094,99.8257751],"decalBias":0.0500000007,"detail":0.5,"distanceFade":[150,100],"improvedSpline":true,"material":"road_gravel","nodes":[[-487.046967,82.5371094,99.8257751,7.79999971],[-492.358063,85.6951599,99.7810211,7.79999971],[-500.0401,84.9314346,99.680687,7.79999971],[-511.309479,79.8832397,99.5347748,7.79999971],[-520.580994,69.0391769,99.4824066,7.79999971],[-525.486755,57.3483047,99.4516144,7.79999971],[-531.34082,43.5843468,99.311882,7.79999971],[-540.455017,28.9823971,100.055885,7.79999971],[-559.737732,14.5722237,100.555565,7.79999971]],"startEndFade":[15,15],"textureLength":32,"zBias":0.00100000005}
{"class":"DecalRoad","persistentId":"ba2d1075-5aba-4f03-ad38-52da984d2c25","__parent":"CBF_additional_temp_details","position":[-493.640381,84.0580673,99.7416611],"detail":0.200000003,"distanceFade":[200,50],"improvedSpline":true,"material":"road_gravel_variation","nodes":[[-493.640381,84.0580673,99.7416611,9.59999943],[-504.405182,78.2881088,99.55867,9.59999943],[-515.842773,64.0292206,99.4567871,9.59999943],[-520.742004,47.1026115,99.3308411,9.59999943],[-533.694946,25.6038895,99.9311981,9.59999943],[-543.758484,18.6490402,100.414886,9.59999943]],"renderPriority":8,"startEndFade":[10,8],"textureLength":128}
{"class":"DecalRoad","persistentId":"9ba2d612-cd65-47cf-b270-f0ae455e487d","__parent":"CBF_additional_temp_details","position":[-556.943298,26.0702553,100.522797],"detail":0.200000003,"distanceFade":[200,50],"improvedSpline":true,"material":"road_gravel_variation","nodes":[[-556.943298,26.0702553,100.522797,9.59999943],[-545.266663,43.0395927,99.7247009,9.59999943],[-535.374512,65.713562,99.4931564,9.59999943],[-520.409607,82.8941116,99.4995422,9.59999943],[-499.91214,85.1797791,99.6830597,9.59999943]],"renderPriority":8,"startEndFade":[10,8],"textureLength":128}
{"class":"TSStatic","persistentId":"b36b2130-9f1f-4c4e-89a3-b2bfdcd4d4db","__parent":"CBF_additional_temp_details","position":[-613.997437,-17.3337955,99.8897781],"isRenderEnabled":false,"rotationMatrix":[0.990003884,0,0.141040146,0,1,0,-0.141040146,0,0.990003884],"shapeName":"/levels/west_coast_usa/art/shapes/rocksJV/s_rocks_desert_low_tiny_lowc.dae","useInstanceRenderData":true}
{"class":"TSStatic","persistentId":"bd359983-ac98-4092-a14b-76ae41efed45","__parent":"CBF_additional_temp_details","position":[-616.838562,-17.157959,100.234955],"isRenderEnabled":false,"rotationMatrix":[0.938162863,0,-0.346194118,0,1,0,0.346194118,0,0.938162863],"shapeName":"/levels/west_coast_usa/art/shapes/rocksJV/s_rocks_desert_low_tiny_lowc.dae","useInstanceRenderData":true}
{"class":"TSStatic","persistentId":"7577e6c0-9396-43c0-8f02-dfd18ea679e3","__parent":"CBF_additional_temp_details","position":[-618.389709,-4.14059353,100.611588],"isRenderEnabled":false,"rotationMatrix":[0.91737473,0.33168906,-0.220013589,-0.337550163,0.941236854,0.011535693,0.210911155,0.0636830777,0.975428581],"shapeName":"/levels/west_coast_usa/art/shapes/rocksJV/s_rocks_desert_low_tiny_lowc.dae","useInstanceRenderData":true}
{"class":"TSStatic","persistentId":"27cf69e6-33ca-43de-b748-86fbf81036cf","__parent":"CBF_additional_temp_details","position":[-618.329956,1.84241736,100.545441],"isRenderEnabled":false,"rotationMatrix":[-0.984218359,-0.127717838,0.122483008,0.127301261,-0.99180007,-0.0112531502,0.122915901,0.00451668119,0.992406785],"shapeName":"/levels/west_coast_usa/art/shapes/rocksJV/s_rocks_desert_low_tiny_lowc.dae","useInstanceRenderData":true}
{"class":"TSStatic","persistentId":"1a4e7657-3889-4de1-8c60-962d3516e3e5","__parent":"CBF_additional_temp_details","position":[-620.423279,8.44829941,100.510948],"isRenderEnabled":false,"rotationMatrix":[0.781921864,0.619377315,-0.070496805,-0.620922148,0.783872187,0,0.0552604832,0.0437730402,0.997511983],"shapeName":"/levels/west_coast_usa/art/shapes/rocksJV/s_rocks_desert_low_tiny_lowc.dae","useInstanceRenderData":true}
{"class":"TSStatic","persistentId":"16d53cde-795a-411c-b768-2e0a9d5548dd","__parent":"CBF_additional_temp_details","position":[-629.105591,12.0272541,100.516411],"isRenderEnabled":false,"rotationMatrix":[-0.0751684904,0.993992507,-0.0795517936,-0.997152746,-0.075407505,7.4505806e-09,-0.00599880517,0.0793252885,0.996830761],"shapeName":"/levels/west_coast_usa/art/shapes/rocksJV/s_rocks_desert_low_tiny_lowc.dae","useInstanceRenderData":true}
{"class":"TSStatic","persistentId":"909e3fce-5bd3-41ed-8ce2-4358c4a0c2d3","__parent":"CBF_additional_temp_details","position":[-641.579651,-1.33276987,100.554893],"isRenderEnabled":false,"rotationMatrix":[0.995744407,0,0.0921579897,0,1,0,-0.0921579897,0,0.995744407],"shapeName":"/levels/west_coast_usa/art/shapes/rocksJV/s_rocks_desert_low_tiny_lowc.dae","useInstanceRenderData":true}
{"class":"TSStatic","persistentId":"fddc6990-4bdb-4025-ae1d-86f6b86ec5df","__parent":"CBF_additional_temp_details","position":[-641.586792,-6.70603371,100.554237],"isRenderEnabled":false,"rotationMatrix":[-0.995744109,-3.25841341e-07,-0.0921579897,3.24454703e-07,-0.999999762,3.0028886e-08,-0.0921579897,1.77635684e-15,0.995744407],"shapeName":"/levels/west_coast_usa/art/shapes/rocksJV/s_rocks_desert_low_tiny_lowc.dae","useInstanceRenderData":true}
{"class":"TSStatic","persistentId":"7198e329-da9b-4c56-9dcb-8b58ee80c05a","__parent":"CBF_additional_temp_details","position":[-641.437439,-13.7048016,100.662773],"isRenderEnabled":false,"rotationMatrix":[0.962901413,0,0.269853324,0,1,0,-0.269853324,0,0.962901413],"shapeName":"/levels/west_coast_usa/art/shapes/rocksJV/s_rocks_desert_low_tiny_lowc.dae","useInstanceRenderData":true}
{"class":"TSStatic","persistentId":"4b44263e-736d-45dc-bfea-5060b798961c","__parent":"CBF_additional_temp_details","position":[-640.322021,5.82553864,100.529808],"isRenderEnabled":false,"rotationMatrix":[-0.811083913,0.580092549,-0.0750673339,-0.580161333,-0.814172983,-0.0231269263,-0.0745335594,0.0247932859,0.996910274],"shapeName":"/levels/west_coast_usa/art/shapes/rocksJV/s_rocks_desert_low_tiny_lowc.dae","useInstanceRenderData":true}
{"class":"TSStatic","persistentId":"73186cbd-0fb1-496a-8a3e-148b9618f1e5","__parent":"CBF_additional_temp_details","position":[-641.562805,-26.6110954,100.55645],"isRenderEnabled":false,"rotationMatrix":[0.969706953,-0.158816785,0.185595259,0.15920487,0.98716116,0.0129081281,-0.185262457,0.0170305707,0.982541502],"shapeName":"/levels/west_coast_usa/art/shapes/rocksJV/s_rocks_desert_low_tiny_lowc.dae","useInstanceRenderData":true}
{"class":"TSStatic","persistentId":"f27235e2-a86d-45ac-81e0-eb63cde70537","__parent":"CBF_additional_temp_details","position":[-641.158875,-20.140173,100.593842],"isRenderEnabled":false,"rotationMatrix":[-0.957297325,-0.167367131,-0.235731974,0.165414572,-0.985821128,0.028180806,-0.237106159,-0.0120160971,0.97140944],"shapeName":"/levels/west_coast_usa/art/shapes/rocksJV/s_rocks_desert_low_tiny_lowc.dae","useInstanceRenderData":true}
{"class":"TSStatic","persistentId":"dc2fa1cd-dc0b-4111-be49-b9fda39dca38","__parent":"CBF_additional_temp_details","position":[-646.367676,-37.6319962,100.626892],"isRenderEnabled":false,"rotationMatrix":[0.823543191,-0.528514802,0.206031054,0.541517317,0.840650678,-0.00808908418,-0.168924928,0.118231103,0.978512049],"shapeName":"/levels/west_coast_usa/art/shapes/rocksJV/s_rocks_desert_low_tiny_lowc.dae","useInstanceRenderData":true}
{"class":"TSStatic","persistentId":"1e72c8b2-0924-4a6b-a90a-6d52aed6ab93","__parent":"CBF_additional_temp_details","position":[-635.694275,-50.8388062,100.611931],"isRenderEnabled":false,"rotationMatrix":[-0.28502059,0.949277222,0.132800967,-0.957760394,-0.287567616,-7.4505806e-09,0.038189251,-0.127191484,0.99114275],"shapeName":"/levels/west_coast_usa/art/shapes/rocksJV/s_rocks_desert_low_tiny_lowc.dae","useInstanceRenderData":true}
{"class":"TSStatic","persistentId":"ee901ce9-2ea8-4df6-91bc-dea76955fc1f","__parent":"CBF_additional_temp_details","position":[-627.38562,-52.8357697,100.563538],"isRenderEnabled":false,"rotationMatrix":[0.938575685,0.345073521,-9.31322575e-10,-0.344711781,0.937591791,0.0457755439,0.0157959312,-0.042963814,0.998951733],"shapeName":"/levels/west_coast_usa/art/shapes/rocksJV/s_rocks_desert_low_tiny_lowc.dae","useInstanceRenderData":true}
{"class":"TSStatic","persistentId":"c94546c1-cbdc-4b2c-b701-e02c331e606b","__parent":"CBF_additional_temp_details","position":[-618.063232,-40.2791252,100.521225],"isRenderEnabled":false,"rotationMatrix":[0.982996225,0.000680239289,-0.183624566,0.00131819991,0.99994123,0.0107610049,0.183621109,-0.0108200805,0.982937574],"shapeName":"/levels/west_coast_usa/art/shapes/rocksJV/s_rocks_desert_low_tiny_lowc.dae","useInstanceRenderData":true}
{"class":"TSStatic","persistentId":"33e50328-226b-4952-aebf-ea3637eaaf01","__parent":"CBF_additional_temp_details","position":[-618.054199,-33.3879814,100.595383],"isRenderEnabled":false,"rotationMatrix":[-0.982996225,-0.00068056531,0.183624595,-0.00131788012,-0.99994123,-0.0107610663,0.183621138,-0.0108200824,0.982937515],"shapeName":"/levels/west_coast_usa/art/shapes/rocksJV/s_rocks_desert_low_tiny_lowc.dae","useInstanceRenderData":true}
{"class":"TSStatic","persistentId":"5da67a9e-a2a7-428e-a149-e7d32666ba86","__parent":"CBF_additional_temp_details","position":[-614.479919,-26.4190578,100.531174],"isRenderEnabled":false,"rotationMatrix":[0.71410346,-0.692752004,-0.100751221,0.696295023,0.717755616,-3.7252903e-09,0.0723147541,-0.0701525807,0.994911671],"shapeName":"/levels/west_coast_usa/art/shapes/rocksJV/s_rocks_desert_low_tiny_lowc.dae","useInstanceRenderData":true}
{"class":"TSStatic","persistentId":"7ac1704b-e0fa-4e30-ae70-6299b3afe1cd","__parent":"CBF_additional_temp_details","position":[-659.015564,-20.4781361,100.547752],"isRenderEnabled":false,"rotationMatrix":[0.823738575,0.560843349,-0.0831236914,-0.56279099,0.82659924,1.86264515e-09,0.068709977,0.0467812642,0.996539235],"shapeName":"/levels/west_coast_usa/art/shapes/rocksJV/s_rocks_desert_low_tiny_lowc.dae","useInstanceRenderData":true}
{"class":"TSStatic","persistentId":"0bf6e5ab-4dbb-4974-9779-999d28865a6c","__parent":"CBF_additional_temp_details","position":[-664.041748,-15.4221573,100.477562],"isRenderEnabled":false,"rotationMatrix":[0.502648294,0.861223936,-0.0750859231,-0.863569021,0.504224896,0.0023852028,0.0399143845,0.0636429638,0.997174203],"shapeName":"/levels/west_coast_usa/art/shapes/rocksJV/s_rocks_desert_low_tiny_lowc.dae","useInstanceRenderData":true}
{"class":"TSStatic","persistentId":"9ef147c3-66a5-42b6-b756-565e918f1eb4","__parent":"CBF_additional_temp_details","position":[-569.899841,18.0880356,100.491684],"isRenderEnabled":false,"rotationMatrix":[0.698663533,-0.618338048,0.359898925,0.69644767,0.702959418,-0.144251749,-0.16379796,0.35143429,0.921772301],"scale":[0.793652296,0.793652296,0.793652296],"shapeName":"/levels/west_coast_usa/art/shapes/rocksJV/s_rocks_desert_low_tiny_lowc.dae","useInstanceRenderData":true}
{"class":"TSStatic","persistentId":"3c571974-60a4-4189-aa74-2325b4b30d59","__parent":"CBF_additional_temp_details","position":[-572.85376,18.9177322,100.478134],"isRenderEnabled":false,"rotationMatrix":[0.67808789,0.727457345,-0.104893103,-0.733195364,0.679458022,-0.0275921151,0.051198367,0.0956170186,0.99410063],"shapeName":"/levels/west_coast_usa/art/shapes/rocksJV/s_rocks_desert_low_tiny_lowc.dae","useInstanceRenderData":true}
{"class":"TSStatic","persistentId":"96587d81-8d5b-4c23-b203-77f2bf9e3800","__parent":"CBF_additional_temp_details","position":[-542.292053,-3.93554044,100.429688],"isRenderEnabled":false,"rotationMatrix":[0.703850508,-0.673576355,0.225586385,0.702750802,0.706598759,-0.0828211606,-0.103612661,0.21682477,0.97069639],"shapeName":"/levels/west_coast_usa/art/shapes/rocksJV/s_rocks_desert_low_tiny_lowc.dae","useInstanceRenderData":true}
{"class":"TSStatic","persistentId":"ec758cfb-fac6-4ec7-964b-606046a123a0","__parent":"CBF_additional_temp_details","position":[-545.729614,-2.99411488,100.458344],"isRenderEnabled":false,"rotationMatrix":[0.696294665,0.70433259,-0.138164088,-0.714520216,0.698450029,-0.0403541513,0.0680779666,0.126819417,0.98958689],"shapeName":"/levels/west_coast_usa/art/shapes/rocksJV/s_rocks_desert_low_tiny_lowc.dae","useInstanceRenderData":true}
{"class":"TSStatic","persistentId":"0870ff0e-b7b7-4cc4-b26c-af4d1e676be1","__parent":"CBF_additional_temp_details","position":[-567.805542,-11.0689869,100.498116],"isRenderEnabled":false,"rotationMatrix":[0.992330372,0.112646744,0.0509033389,-0.112792969,0.993618488,2.32830644e-10,-0.0505785011,-0.00574154034,0.998703599],"shapeName":"/levels/west_coast_usa/art/shapes/rocksJV/s_rocks_desert_low_tiny_lowc.dae","useInstanceRenderData":true}
{"class":"TSStatic","persistentId":"0768a504-aea7-4228-9859-525979f5c3d4","__parent":"CBF_additional_temp_details","position":[-566.122681,-3.172544,100.577072],"isRenderEnabled":false,"rotationMatrix":[0.832165897,-0.528609157,0.167547613,0.536028504,0.844199121,0.00111464784,-0.142032772,0.0888827443,0.985863328],"shapeName":"/levels/west_coast_usa/art/shapes/rocksJV/s_rocks_desert_low_tiny_lowc.dae","useInstanceRenderData":true}
{"class":"TSStatic","persistentId":"b2640edb-668e-47e2-9e87-cdb1869178bf","__parent":"CBF_additional_temp_details","position":[-557.69989,-18.5386028,100.472412],"isRenderEnabled":false,"rotationMatrix":[0.593378305,-0.797764599,-0.107116058,0.804006517,0.59378159,0.031573765,0.0384151153,-0.104857199,0.993745089],"shapeName":"/levels/west_coast_usa/art/shapes/rocksJV/s_rocks_desert_low_tiny_lowc.dae","useInstanceRenderData":true}
{"class":"TSStatic","persistentId":"ecf74f92-8a8a-4745-bbe3-908912dfc0be","__parent":"CBF_additional_temp_details","position":[-551.743225,-13.8939695,100.641281],"isRenderEnabled":false,"rotationMatrix":[0.667178154,-0.686196029,-0.289841741,0.704066455,0.707967281,-0.0554320998,0.243235737,-0.167084783,0.955467939],"shapeName":"/levels/west_coast_usa/art/shapes/rocksJV/s_rocks_desert_low_tiny_lowc.dae","useInstanceRenderData":true}
{"class":"TSStatic","persistentId":"46fd1650-c30d-4390-80ea-bce43ce5ab0f","__parent":"CBF_additional_temp_details","position":[-659.693848,-78.0953598,100.529564],"isRenderEnabled":false,"rotationMatrix":[0.885879397,0.450852096,-0.109316252,-0.453570306,0.89122045,1.86264515e-09,0.0974248871,0.0495826155,0.994006991],"shapeName":"/levels/west_coast_usa/art/shapes/rocksJV/s_rocks_desert_low_tiny_lowc.dae","useInstanceRenderData":true}
{"class":"TSStatic","persistentId":"6850846d-4400-4a1d-93d7-e793dc3368d2","__parent":"CBF_additional_temp_details","position":[-670.537109,-75.4207916,100.732323],"isRenderEnabled":false,"rotationMatrix":[0.512856364,0.854840398,-0.0789049938,-0.857036114,0.504511833,-0.104674757,-0.0496717319,0.121307552,0.991371393],"shapeName":"/levels/west_coast_usa/art/shapes/rocksJV/s_rocks_desert_low_tiny_lowc.dae","useInstanceRenderData":true}
{"class":"TSStatic","persistentId":"9ea403f1-11df-4187-a120-97441b9de93b","__parent":"CBF_additional_temp_details","position":[-671.989319,-77.8923187,100.7099],"isRenderEnabled":false,"rotationMatrix":[-0.493565202,-0.862161696,-0.11432638,0.857036412,-0.504511356,0.104674749,-0.147925526,-0.0463180467,0.987913311],"shapeName":"/levels/west_coast_usa/art/shapes/rocksJV/s_rocks_desert_low_tiny_lowc.dae","useInstanceRenderData":true}
{"class":"TSStatic","persistentId":"41b7eb9f-d942-4a6e-bbb7-8d05b49b2692","__parent":"CBF_additional_temp_details","position":[-669.088501,-85.4681244,100.543861],"isRenderEnabled":false,"rotationMatrix":[0.657387853,0.747033715,0.0989026949,-0.750714421,0.660626829,0,-0.0653377697,-0.0742476806,0.995097101],"shapeName":"/levels/west_coast_usa/art/shapes/rocksJV/s_rocks_desert_low_tiny_lowc.dae","useInstanceRenderData":true}
{"class":"TSStatic","persistentId":"3842f04d-dd82-456d-96af-5c1329d53a81","__parent":"CBF_additional_temp_details","position":[-697.020142,-116.110756,100.515869],"isRenderEnabled":false,"rotationMatrix":[0.701579809,0.704970419,-0.103934601,-0.707143009,0.706771851,0.0205512308,0.0879460573,0.0590783022,0.994371772],"shapeName":"/levels/west_coast_usa/art/shapes/rocksJV/s_rocks_desert_low_tiny_lowc.dae","useInstanceRenderData":true}
{"class":"TSStatic","persistentId":"1a6b8427-ffcd-46ba-81c6-3ee96ab86ef6","__parent":"CBF_additional_temp_details","position":[-702.179321,-111.002419,100.478493],"isRenderEnabled":false,"rotationMatrix":[0.701579928,0.704970419,-0.103934593,-0.711232245,0.70175612,-0.0410731584,0.0439813808,0.10273774,0.993735671],"shapeName":"/levels/west_coast_usa/art/shapes/rocksJV/s_rocks_desert_low_tiny_lowc.dae","useInstanceRenderData":true}
{"class":"TSStatic","persistentId":"4e51f872-042b-4867-89c7-3470f072aed9","__parent":"CBF_additional_temp_details","position":[-699.220947,-118.466606,100.43605],"isRenderEnabled":false,"rotationMatrix":[-0.701579571,-0.704970479,-0.103934564,0.711232305,-0.701755881,-0.0410731584,-0.0439813361,-0.102737725,0.993735671],"shapeName":"/levels/west_coast_usa/art/shapes/rocksJV/s_rocks_desert_low_tiny_lowc.dae","useInstanceRenderData":true}
{"class":"TSStatic","persistentId":"d7137674-9000-4c2a-a1af-49d7f104fb8b","__parent":"CBF_additional_temp_details","position":[-704.380127,-113.358269,100.473427],"isRenderEnabled":false,"rotationMatrix":[-0.701579571,-0.704970598,-0.103934601,0.707143188,-0.706771493,0.020551227,-0.0879460424,-0.0590783283,0.994371772],"shapeName":"/levels/west_coast_usa/art/shapes/rocksJV/s_rocks_desert_low_tiny_lowc.dae","useInstanceRenderData":true}
{"class":"TSStatic","persistentId":"a0aecfc0-552f-4479-88d9-a68ed020fea0","__parent":"CBF_additional_temp_details","position":[-690.330566,-134.886444,100.075493],"isRenderEnabled":false,"rotationMatrix":[0.99986577,-0.000975728733,0.0163543429,1.45519152e-10,0.998224974,0.059555836,-0.0163834225,-0.0595478415,0.998090982],"shapeName":"/levels/west_coast_usa/art/shapes/rocksJV/s_rocks_desert_low_tiny_lowc.dae","useInstanceRenderData":true}
{"class":"TSStatic","persistentId":"a8a2a92b-a827-4f10-a51d-25c7c81d6da7","__parent":"CBF_additional_temp_details","position":[-634.414917,-37.8281326,104.072655],"isRenderEnabled":false,"rotationMatrix":[0.590933919,0.803154945,-0.0757581592,-0.805469632,0.592637002,3.7252903e-09,0.0448970906,0.0610208996,0.997126222],"shapeName":"/levels/west_coast_usa/art/shapes/rocksJV/s_rocks_desert_low_tiny_lowc.dae","useInstanceRenderData":true}
{"class":"TSStatic","persistentId":"06968e6e-5711-469e-af03-f113d5f00b8f","__parent":"CBF_additional_temp_details","position":[-627.851685,-23.6705017,102.964523],"isRenderEnabled":false,"rotationMatrix":[0.0240696073,0.998415232,-0.0508677177,-0.995603919,0.0285468102,0.0892065242,0.0905172676,0.0484969392,0.994713366],"shapeName":"/levels/west_coast_usa/art/shapes/rocksJV/s_rocks_desert_low_tiny_lowc.dae","useInstanceRenderData":true}
{"class":"DecalRoad","persistentId":"f44ad8b7-acde-46cb-9a1c-46a4b67c6e87","__parent":"CBF_additional_temp_details","position":[-672.313721,-109.57679,100.555992],"detail":0.200000003,"distanceFade":[200,50],"improvedSpline":true,"material":"road_gravel_variation","nodes":[[-672.313721,-109.57679,100.555992,9.59999943],[-649.051331,-96.5205154,100.555992,9.59999943],[-615.104553,-72.0465775,100.555992,9.59999943],[-603.322754,-56.7269592,100.555992,9.59999943],[-581.676514,-17.152935,100.555992,9.69999981]],"overObjects":true,"renderPriority":8,"startEndFade":[10,8],"textureLength":128}
