avbready=1
paintC=0.65,0.65,0.65,1.2,0.9,0.6,1,0.07
fueltype=gasoline
gas=20.34236809381
fuelratio=0.4557613914818,0,0.5442386085182
paintA=0.65,0.65,0.65,1.2,0.9,0.6,1,0.07
nos=1e-05
paintB=0.65,0.65,0.65,1.2,0.9,0.6,1,0.07
name=Grandpa's Old Car
partprice=0
scrapval=100
type=legran
damage=0
impoundval=0
baseprice=1000
