{"name":"Amb_2D","class":"SimGroup","persistentId":"3c9077c1-a7f7-428a-9efe-6c23d59f32dc","__parent":"Audio"}
{"name":"Amb_3D","class":"SimGroup","persistentId":"fddbccc6-053b-4f9b-8663-f87338c471c4","__parent":"Audio"}
{"name":"Snapshots","class":"SimGroup","persistentId":"774bc190-2611-4125-a4d4-36232e480852","__parent":"Audio"}
{"name":"Wind","class":"SimGroup","persistentId":"1d6739f7-486e-44b6-8b53-c489b67abdcf","__parent":"Audio"}
{"name":"Airplanes","class":"SFXEmitter","persistentId":"8b650ef6-5e55-4734-839f-e2d2cbc03f9d","__parent":"Audio","position":[33.6031418,-35.776062,120.528595],"fadeInTime":0,"fadeOutTime":0,"isLooping":false,"maxDistance":5000,"referenceDistance":2000,"scale":[5000,5000,5000]}
{"name":"Generic_Air","class":"SFXEmitter","persistentId":"c9a0c181-5a52-4402-a866-0398019929f4","__parent":"Audio","position":[-385.967896,-218.039124,1344.69641],"cloneOrigin":"Animal_QP12_1453_1","fadeInTime":0,"fadeOutTime":0,"is3D":false,"isLooping":false,"maxDistance":20,"rotationMatrix":[1,0,0,0,0.999999762,-0.000690533896,0,0.000690533896,0.999999762],"scale":[20,20,20],"track":"event:>Ambient>2D>Generic_Air","useTrackDescriptionOnly":true}
{"name":"Island_2D_01","class":"SFXSpace","persistentId":"b873512f-5107-4b8f-8a31-a66febdf17c0","__parent":"Audio","position":[204.570465,1647.00171,250],"cloneOrigin":"Field_10","rotationMatrix":[-0.982558668,-0.185953319,-1.60844138e-09,0.185953617,-0.982559383,-0.000690535351,0.000128405052,-0.000678489392,0.999999821],"scale":[349.745544,541.19104,1000],"soundAmbience":"Amb_WC_Bridge"}
{"name":"Island_2D_02","class":"SFXSpace","persistentId":"beab3a88-2942-4ef6-9873-bf331099428f","__parent":"Audio","position":[-178.072449,1673.98242,250],"cloneOrigin":"Field_10","rotationMatrix":[-0.982558668,-0.185953319,-1.60844138e-09,0.185953617,-0.982559383,-0.000690535351,0.000128405052,-0.000678489392,0.999999821],"scale":[349.745544,454.531372,1000],"soundAmbience":"Amb_WC_Bridge"}
{"name":"Island_2D_03","class":"SFXSpace","persistentId":"f9ee607c-8901-4b5d-b605-c876cf027584","__parent":"Audio","position":[-874.096436,1945.19385,250.040268],"cloneOrigin":"Field_10","rotationMatrix":[-0.0295849666,-0.999563217,-4.0854502e-09,0.999562442,-0.0295851976,-0.000690534944,0.000690230459,-2.04304051e-05,0.999999821],"scale":[654.685425,1000,1000],"soundAmbience":"Amb_WC_Bridge"}
{"name":"Island_2D_04","class":"SFXSpace","persistentId":"ab608803-7a9a-4b2d-92f8-147acdeca20d","__parent":"Audio","position":[85.0385284,1834.81348,250.030945],"cloneOrigin":"Field_10","rotationMatrix":[-0.0295849666,-0.999563217,-4.0854502e-09,0.999562442,-0.0295851976,-0.000690534944,0.000690230459,-2.04304051e-05,0.999999821],"scale":[472.241821,1000,1000],"soundAmbience":"Amb_WC_Bridge"}
{"name":"Island_2D_05","class":"SFXSpace","persistentId":"ab64d40c-2cde-4a1d-a866-f2770f037bd6","__parent":"Audio","position":[341.203308,1656.21814,250],"cloneOrigin":"Field_10","rotationMatrix":[-0.0295849666,-0.999563217,-4.0854502e-09,0.999562442,-0.0295851976,-0.000690534944,0.000690230459,-2.04304051e-05,0.999999821],"scale":[171.537018,169.698181,1000],"soundAmbience":"Amb_WC_Bridge"}
{"name":"Island_2D_06","class":"SFXSpace","persistentId":"d206542c-b08e-4703-9840-444339cdcf2b","__parent":"Audio","position":[236.152679,1744.19629,249.924774],"cloneOrigin":"Field_10","rotationMatrix":[-0.0295849666,-0.999563217,-4.0854502e-09,0.999562442,-0.0295851976,-0.000690534944,0.000690230459,-2.04304051e-05,0.999999821],"scale":[568.932312,1000,1000],"soundAmbience":"Amb_WC_Bridge"}
{"name":"Island_3D_Power_Generator","class":"SFXEmitter","persistentId":"9df0bd91-7085-46e0-948b-bd3649f0f43e","__parent":"Audio","position":[-811.499817,1992.27307,82.393013],"fadeInTime":0,"fadeOutTime":0,"isLooping":false,"maxDistance":80,"scale":[80,80,80]}
{"name":"Island_3D_Refinery_Tower_Engines","class":"SFXEmitter","persistentId":"3e92c107-e34f-48bc-a685-81f1c4aa7baf","__parent":"Audio","position":[-565.659424,1953.87976,80.4735336],"fadeInTime":0,"fadeOutTime":0,"isLooping":false,"maxDistance":120,"referenceDistance":5,"scale":[120,120,120],"track":"event:>Ambient>Maps>West Coast>Refinery_Tower_Engines","useTrackDescriptionOnly":true}
{"name":"Island_3D_Refinery_Tower_Large","class":"SFXEmitter","persistentId":"2f2c86cf-7891-4520-b455-fa1db53bc04b","__parent":"Audio","position":[-719.865479,2001.95215,80.1810226],"fadeInTime":0,"fadeOutTime":0,"isLooping":false,"maxDistance":200,"referenceDistance":10,"rotationMatrix":[-0.745506644,-0.666497648,0,0.666497648,-0.745506644,0,0,0,1],"scale":[200,200,200],"track":"event:>Ambient>Maps>West Coast>Refinery_Tower_Large","useTrackDescriptionOnly":true}
{"name":"Island_3D_Refinery_Tower_Small","class":"SFXEmitter","persistentId":"71ae6211-ef28-484b-a472-d7a91b961f70","__parent":"Audio","position":[-669.809753,1975.72449,80.3959579],"fadeInTime":0,"fadeOutTime":0,"isLooping":false,"maxDistance":200,"referenceDistance":5,"rotationMatrix":[0.386434853,-0.92231673,0,0.92231673,0.386434853,0,0,0,1],"scale":[200,200,200],"track":"event:>Ambient>Maps>West Coast>Refinery_Tower_Small","useTrackDescriptionOnly":true}
{"name":"Island_Tunnel_01","class":"SFXSpace","persistentId":"f108aea2-0a4e-4342-a3b0-699ab157ddc9","__parent":"Audio","position":[4.66292763,1708.05249,86.2613373],"cloneOrigin":"Level_Racetrack","rotationMatrix":[0.1660676,-0.986096323,-0.00607693754,0.98533994,0.166177928,-0.038606409,0.0390795842,0.000423365273,0.999235511],"scale":[107.614456,28.7459106,39.1833344],"soundAmbience":"Level_Tunnel_Closed_Dynamic"}
{"name":"Island_Tunnel_02","class":"SFXSpace","persistentId":"45819afb-e407-4cf5-8a24-a748ae1e3f4b","__parent":"Audio","position":[-16.1205311,1778.48279,85.9334183],"cloneOrigin":"Level_Racetrack","rotationMatrix":[0.166067004,-0.986095667,-0.00607700134,0.985953808,0.165925622,0.0190670192,-0.0177935772,-0.00915804319,0.999799728],"scale":[83.5077667,37.1403961,34.6695633],"soundAmbience":"Level_Tunnel_Closed_Dynamic"}
{"name":"Island_Tunnel_03","class":"SFXSpace","persistentId":"577aa120-043b-4920-94a7-95e2c5392357","__parent":"Audio","position":[-20.7572689,1857.91467,80.7830734],"cloneOrigin":"Level_Racetrack","rotationMatrix":[0.161676168,-0.983493984,0.0812444165,0.982464135,0.152664363,-0.107042141,0.0928721502,0.0971258953,0.990929544],"scale":[83.5077667,37.1403961,34.6695633],"soundAmbience":"Level_Tunnel_Closed_Dynamic"}
{"name":"Island_Tunnel_04","class":"SFXSpace","persistentId":"f8851684-9bed-4b53-bea2-251ae10551ad","__parent":"Audio","position":[-41.1830254,1884.17798,79.7327576],"cloneOrigin":"Level_Racetrack","rotationMatrix":[-0.557663679,-0.821842313,0.116561785,0.828125596,-0.560445547,0.0104471855,0.056740582,0.102353796,0.993128479],"scale":[73.9437256,28.1773586,36.5699577],"soundAmbience":"Level_Tunnel_Closed_Dynamic"}
{"name":"Island_Tunnel_05","class":"SFXSpace","persistentId":"9f346ec6-3bac-417e-b3e8-1d651851008f","__parent":"Audio","position":[-51.125309,1828.95312,84.782402],"cloneOrigin":"Level_Racetrack","rotationMatrix":[0.638483644,-0.768815935,0.0355087072,0.769512594,0.63852638,-0.0116007281,-0.0137544256,0.0347312652,0.99930203],"scale":[83.5077667,37.1403961,34.6695633],"soundAmbience":"Level_Tunnel_Closed_Dynamic"}
{"name":"Island_Tunnel_06","class":"SFXSpace","persistentId":"eaeda349-6b81-4fa2-8162-091a130e1b1b","__parent":"Audio","position":[-92.0094604,1876.75403,81.6532898],"cloneOrigin":"Level_Racetrack","rotationMatrix":[0.638483346,-0.768816113,0.0355087295,0.769345045,0.636294663,-0.0568986312,0.021150561,0.0636472926,0.997748315],"scale":[83.5077667,37.1403961,34.6695633],"soundAmbience":"Level_Tunnel_Closed_Dynamic"}
{"name":"Island_Tunnel_07","class":"SFXSpace","persistentId":"f8a5e1e2-b98e-426f-8995-f06db0870e2f","__parent":"Audio","position":[-87.2405319,1887.09839,77.2309189],"cloneOrigin":"Level_Racetrack","rotationMatrix":[0.422356486,-0.905115902,0.0487849526,0.906182945,0.420373619,-0.0460255481,0.0211505629,0.0636472777,0.997748315],"scale":[83.5077667,37.1403961,34.6695633],"soundAmbience":"Level_Tunnel_Closed_Dynamic"}
{"name":"Island_Tunnel_08","class":"SFXSpace","persistentId":"87feee2f-9553-4cf9-a2c1-ba79cb69ff4c","__parent":"Audio","position":[-132.621719,1914.83643,77.3837662],"cloneOrigin":"Level_Racetrack","rotationMatrix":[0.745707989,-0.657306254,0.108940333,0.665034235,0.744270027,-0.0615752824,-0.0406071879,0.118366241,0.992139339],"scale":[83.5077667,37.1403961,34.6695633],"soundAmbience":"Level_Tunnel_Closed_Dynamic"}
{"name":"Island_Tunnel_09","class":"SFXSpace","persistentId":"17800cc3-cc02-488d-bd5d-8d1a0311ba0f","__parent":"Audio","position":[-132.957825,1954.98108,64.3531189],"cloneOrigin":"Level_Racetrack","rotationMatrix":[0.918367445,-0.394856423,-0.0262608919,0.391211241,0.915880919,-0.0900886208,0.0596239194,0.0724609047,0.995587468],"scale":[83.5077667,37.1403961,34.6695633],"soundAmbience":"Level_Tunnel_Closed_Dynamic"}
{"name":"Island_Tunnel_10","class":"SFXSpace","persistentId":"3846f0af-ec4c-4cc2-ab26-ea362c7502cd","__parent":"Audio","position":[-123.645294,1929.23132,69.708107],"cloneOrigin":"Level_Racetrack","rotationMatrix":[0.993138254,0.0962127,-0.0664797947,-0.100605339,0.992719769,-0.0662271231,0.0596239194,0.0724609047,0.995587468],"scale":[83.5077667,37.1403961,34.6695633],"soundAmbience":"Level_Tunnel_Closed_Dynamic"}
{"name":"Island_Tunnel_11","class":"SFXSpace","persistentId":"29132383-d8f7-4674-a0a5-88bf8bdb3e13","__parent":"Audio","position":[7.06357193,1686.83545,85.5998764],"cloneOrigin":"Level_Racetrack","rotationMatrix":[0.212037683,-0.977260768,0.0011123307,0.977248013,0.212028682,-0.00547801889,0.0051176073,0.00224856916,0.999984384],"scale":[107.614456,28.7459106,39.1833344],"soundAmbience":"Level_Tunnel_Closed"}
{"name":"Island_Tunnel_12","class":"SFXSpace","persistentId":"583e17b0-0a02-43c4-9d9e-5dedd961d151","__parent":"Audio","position":[-56.8966675,1773.91113,83.4270325],"cloneOrigin":"Level_Racetrack","rotationMatrix":[0.966995955,-0.244813606,0.0706056505,0.244578943,0.969554067,0.0120838266,-0.071414277,0.00558364065,0.997431099],"scale":[107.614456,28.7459106,39.1833344],"soundAmbience":"Level_Tunnel_Closed"}
{"name":"Island_Tunnel_13","class":"SFXSpace","persistentId":"d75ad9d0-3fd3-4b11-a815-df98972bb31c","__parent":"Audio","position":[-168.957535,1951.87036,64.6194687],"cloneOrigin":"Level_Racetrack","rotationMatrix":[0.879506409,-0.470620155,0.0706056878,0.471008837,0.882045746,0.0120838452,-0.0679643527,0.022628082,0.997431099],"scale":[43.1665916,37.6654091,38.5177002],"soundAmbience":"Level_Tunnel_Closed"}
{"name":"Island_Tunnel_14","class":"SFXSpace","persistentId":"7a34a275-4694-4cda-9e14-40df78d51bea","__parent":"Audio","position":[-161.154755,1980.49744,61.8847427],"cloneOrigin":"Level_Racetrack","rotationMatrix":[0.901075304,-0.427793831,0.0711037889,0.428303808,0.903593063,0.00868512318,-0.0679643378,0.0226280801,0.997431099],"scale":[41.8475952,12.9830017,38.5177002],"soundAmbience":"Level_Tunnel_Closed"}
{"name":"Island_Tunnel_15","class":"SFXSpace","persistentId":"2ace0686-3673-4839-b3aa-d06a0dfc4e82","__parent":"Audio","position":[-103.048279,1930.47791,70.6772385],"cloneOrigin":"Level_Racetrack","rotationMatrix":[0.283892095,-0.957975864,0.0410772227,0.956444383,0.285954595,0.0586842597,-0.0679643303,0.0226280969,0.997431099],"scale":[41.8475952,12.9830017,38.5177002],"soundAmbience":"Level_Tunnel_Closed"}
{"name":"Island_Tunnel_16","class":"SFXSpace","persistentId":"d3200507-8c78-43ee-89b6-bc37739c6ab9","__parent":"Audio","position":[-83.0379715,1939.67114,59.5056038],"cloneOrigin":"Level_Racetrack","rotationMatrix":[-0.963358045,-0.261487246,-0.0597104132,0.259464383,-0.964941502,0.03957076,-0.0679643154,0.0226280876,0.997431099],"scale":[41.8475952,29.610878,38.5177002],"soundAmbience":"Level_Tunnel_Closed"}
{"name":"Island_Tunnel_17","class":"SFXSpace","persistentId":"1a40b3a0-2998-4eb8-8f9c-c734e4d26d96","__parent":"Audio","position":[-26.5510063,1912.94421,75.2414932],"cloneOrigin":"Level_Racetrack","rotationMatrix":[-0.575215936,-0.812467933,0.0949892625,0.813131809,-0.580575585,-0.041821897,0.0891273692,0.0531821772,0.994599402],"scale":[41.8475952,14.3024139,38.5177002],"soundAmbience":"Level_Tunnel_Closed"}
{"name":"Island_Tunnel_18","class":"SFXSpace","persistentId":"a07c876b-26bb-4bf1-93cc-a766145c1e7f","__parent":"Audio","position":[-275.886169,1924.64172,77.3454971],"cloneOrigin":"Level_Racetrack","rotationMatrix":[-0.834385037,-0.551140666,0.0067918431,0.551120043,-0.834412575,-0.00476977043,0.00829601195,-0.000236703549,0.999965549],"scale":[41.8475952,14.3024139,38.5177002],"soundAmbience":"Level_Tunnel_Closed"}
{"name":"Island_Tunnel_19","class":"SFXSpace","persistentId":"f99a14bf-efde-43af-aed7-531760019b7c","__parent":"Audio","position":[-262.101227,1939.71509,75.0533524],"cloneOrigin":"Level_Racetrack","rotationMatrix":[-0.247157097,-0.966214836,0.0730928779,0.968627274,-0.248386621,-0.00809480995,0.0259766001,0.0687990636,0.99729228],"scale":[41.8475952,14.4084816,38.5177002],"soundAmbience":"Level_Tunnel_Closed"}
{"name":"Island_Tunnel_20","class":"SFXSpace","persistentId":"91473e68-c25a-4f4f-92f9-187b267c4ae1","__parent":"Audio","position":[-262.101227,1939.71509,75.0533524],"cloneOrigin":"Level_Racetrack","rotationMatrix":[-0.590530515,-0.80390054,0.0708393827,0.806597531,-0.590771794,0.0197453257,0.0259766076,0.0687990636,0.99729228],"scale":[14.7491989,14.4084816,38.5177002],"soundAmbience":"Level_Tunnel_Closed_Dynamic"}
{"name":"Island_Tunnel_21","class":"SFXSpace","persistentId":"b3a0b280-4f33-4e52-987e-6d6f607d830d","__parent":"Audio","position":[49.0395164,1664.41174,81.0041351],"cloneOrigin":"Level_Racetrack","rotationMatrix":[-0.96651125,-0.253059506,0.04263236,0.255307376,-0.965001583,0.0599214099,0.025976602,0.0687990487,0.99729228],"scale":[41.8475952,14.4084816,38.5177002],"soundAmbience":"Level_Tunnel_Closed"}
{"name":"Island_Tunnel_22","class":"SFXSpace","persistentId":"ef1875cd-b2f7-47bc-bcf5-06d986f799ba","__parent":"Audio","position":[-21.207098,1646.50574,71.4268723],"cloneOrigin":"Level_Racetrack","rotationMatrix":[-0.973441958,0.212557822,-0.085025236,-0.218831241,-0.973040938,0.0728259757,-0.0672533363,0.0894980654,0.993713796],"scale":[41.8475952,18.16502,38.5177002],"soundAmbience":"Level_Tunnel_Closed"}
{"name":"Island_Tunnel_23","class":"SFXSpace","persistentId":"4104a9dd-d8c1-456e-a25e-c22819010e41","__parent":"Audio","position":[23.7560005,1658.85144,82.0462799],"cloneOrigin":"Level_Racetrack","rotationMatrix":[-0.96651125,-0.253059506,0.04263236,0.255307376,-0.965001583,0.0599214099,0.025976602,0.0687990487,0.99729228],"scale":[41.8475952,14.4084816,38.5177002],"soundAmbience":"Level_Tunnel_Closed_Dynamic"}
{"name":"Island_Tunnel_Railway_01","class":"SFXSpace","persistentId":"94832c3f-bb64-40b2-a639-42f5cf6ac234","__parent":"Audio","position":[16.6992245,1753.328,88.412468],"cloneOrigin":"Level_Racetrack","rotationMatrix":[-0.239725947,-0.968458235,0.0679686368,0.970819056,-0.23866868,0.0233911555,-0.00643136539,0.0715927258,0.997413218],"scale":[69.948494,28.7459106,39.1833344],"soundAmbience":"Level_Tunnel_Closed_Dynamic"}
{"name":"Island_Tunnel_Railway_02","class":"SFXSpace","persistentId":"d569e391-bbf9-4e40-9ea9-2d6046faa261","__parent":"Audio","position":[42.2519836,1811.57312,83.2993469],"cloneOrigin":"Level_Racetrack","rotationMatrix":[-0.239725828,-0.968458533,0.0679686368,0.970126987,-0.241645813,-0.0214735568,0.0372205824,0.0607904419,0.997456312],"scale":[69.948494,28.7459106,39.1833344],"soundAmbience":"Level_Tunnel_Closed_Dynamic"}
{"name":"Island_Tunnel_Railway_03","class":"SFXSpace","persistentId":"9d8617c1-0ebd-48bf-abe1-696d769623df","__parent":"Audio","position":[51.4801941,1847.55408,80.0002213],"cloneOrigin":"Level_Racetrack","rotationMatrix":[-0.771984935,-0.634603679,0.0362984762,0.635640442,-0.770795941,0.0428365581,0.000794479623,0.0561419539,0.998422503],"scale":[69.948494,28.7459106,39.1833344],"soundAmbience":"Level_Tunnel_Closed_Dynamic"}
{"name":"Island_Tunnel_Railway_04","class":"SFXSpace","persistentId":"9e6e9435-69da-4d1f-a1f2-23504020a10f","__parent":"Audio","position":[7.97793484,1730.41394,90.2697372],"cloneOrigin":"Level_Racetrack","rotationMatrix":[0.0228341222,-0.99882853,0.0426667035,0.999738336,0.0227525234,-0.00239733234,0.00142374635,0.0427102782,0.999086499],"scale":[88.2387009,13.4315805,37.6945343],"soundAmbience":"Level_Tunnel_Closed"}
{"name":"Island_Tunnel_Railway_05","class":"SFXSpace","persistentId":"e2ae5b85-a706-44ca-a430-d9a40e04a927","__parent":"Audio","position":[19.6210213,1736.12195,89.9456787],"cloneOrigin":"Level_Racetrack","rotationMatrix":[-0.247526884,-0.967072845,0.0591682941,0.966677785,-0.250619292,-0.052196417,0.06530644,0.0442766584,0.996882439],"scale":[77.8448792,13.4315805,37.6945343],"soundAmbience":"Level_Tunnel_Closed_Dynamic"}
{"name":"Island_Tunnel_Railway_06","class":"SFXSpace","persistentId":"cd293066-f8a6-4bf4-8233-827f14132601","__parent":"Audio","position":[77.0801697,1879.2865,78.0795517],"cloneOrigin":"Level_Racetrack","rotationMatrix":[-0.900526285,-0.434074461,0.025124874,0.434398711,-0.90067482,0.00905435719,0.0186990835,0.019067904,0.999643326],"scale":[38.4296455,15.7843037,39.1833344],"soundAmbience":"Level_Tunnel_Closed"}
{"name":"Island_Warehouse_01","class":"SFXSpace","persistentId":"a5a3e65c-20f1-4bf8-9667-07d8627997be","__parent":"Audio","position":[525.57843,1663.75879,79.104393],"scale":[5.63653803,16,16.7529259],"soundAmbience":"Level_Building_Reverb_Medium"}
{"name":"Island_Warehouse_03","class":"SFXSpace","persistentId":"382fa8f4-eef2-4527-84c1-857440475255","__parent":"Audio","position":[600.963623,1610.68262,80.2198029],"scale":[86.9534302,6.55039501,11.3111162],"soundAmbience":"Level_Building_Reverb_Medium"}
{"name":"Island_Warehouse_04","class":"SFXSpace","persistentId":"99062f23-a0b8-4895-bc43-67fc1447733e","__parent":"Audio","position":[600.963623,1610.68262,77.9215393],"scale":[86.9534302,31.3771515,11.3111162],"soundAmbience":"Level_Building_Reverb_Medium"}
{"name":"Power_Plant_01","class":"SFXEmitter","persistentId":"bd96f21c-5426-4817-86cd-c69d9b56bf71","__parent":"Audio","position":[-235.873093,20.4188862,124.709778],"cloneOrigin":"Pump_Jack_Squeak_6","fadeInTime":0,"fadeOutTime":0,"isLooping":false,"maxDistance":80,"referenceDistance":2,"rotationMatrix":[-0.639762044,-0.762504756,0.0963826329,0.757104576,-0.603657126,0.249783128,-0.132279024,0.232773244,0.963493168],"scale":[80,80,80],"track":"event:>Ambient>Maps>West Coast>Power Plant_1","useTrackDescriptionOnly":true}
{"name":"Power_Plant_02","class":"SFXEmitter","persistentId":"2121a95b-b1f2-46d4-a47c-183b342269c8","__parent":"Audio","position":[-237.219116,19.0932503,123.947449],"cloneOrigin":"Pump_Jack_Squeak_6","fadeInTime":0,"fadeOutTime":0,"isLooping":false,"maxDistance":80,"referenceDistance":15,"rotationMatrix":[-0.615081906,-0.782549322,0.0963826478,0.775998712,-0.579167902,0.249783158,-0.139646173,0.228429645,0.963493168],"scale":[80,80,80],"track":"event:>Ambient>Maps>West Coast>Power Plant_2","useTrackDescriptionOnly":true}
{"name":"Power_Plant_Generator_01","class":"SFXEmitter","persistentId":"4b06cfc7-efe3-4e75-8649-f4d25dfbbe15","__parent":"Audio","position":[-215.490829,15.8359737,122.890457],"cloneOrigin":"Pump_Jack_Squeak_6","fadeInTime":0,"fadeOutTime":0,"isLooping":false,"maxDistance":80,"rotationMatrix":[-0.639762044,-0.762504756,0.0963826329,0.757104576,-0.603657126,0.249783128,-0.132279024,0.232773244,0.963493168],"scale":[80,80,80],"track":"event:>Ambient>Maps>West Coast>GeneratorPower","useTrackDescriptionOnly":true}
{"name":"Power_Plant_Generator_02","class":"SFXEmitter","persistentId":"66265e72-8d61-406f-ae0e-1470da26e7ce","__parent":"Audio","position":[-256.951508,4.93349981,122.452766],"cloneOrigin":"Pump_Jack_Squeak_6","fadeInTime":0,"fadeOutTime":0,"isLooping":false,"maxDistance":80,"rotationMatrix":[-0.639762044,-0.762504756,0.0963826329,0.757104576,-0.603657126,0.249783128,-0.132279024,0.232773244,0.963493168],"scale":[80,80,80],"track":"event:>Ambient>Maps>West Coast>GeneratorPower","useTrackDescriptionOnly":true}
{"name":"Reverb_City_01","class":"SFXSpace","persistentId":"b3090428-8e17-4c69-80db-0e1121fcd071","__parent":"Audio","position":[-759.35144,581.477356,-161.905289],"cloneOrigin":"QP06_660_1","rotationMatrix":[0.686239779,0.727376282,-4.7202775e-10,-0.727375805,0.686239541,-0.000690532324,-0.00050227606,0.000473871507,0.999999762],"scale":[929.883911,947.192993,1000],"soundAmbience":"Reverb_WC_City"}
{"name":"Reverb_City_02","class":"SFXSpace","persistentId":"cc2dd934-9103-4368-8473-af98965a74b0","__parent":"Audio","position":[7.67431879,702.792236,-161.756912],"cloneOrigin":"reverb_city","rotationMatrix":[0.9999789,0.00659682136,-5.20685717e-10,-0.00659659132,0.99997896,-0.000690532033,-4.55430472e-06,0.000690518122,0.999999762],"scale":[189.959625,417.402161,1000],"soundAmbience":"Reverb_WC_City"}
{"name":"Reverb_Generic","class":"SFXEmitter","persistentId":"5fe06a81-5980-491b-bbfc-b13bae3dea3d","__parent":"Audio","position":[-385.967896,-218.039124,1344.69641],"cloneOrigin":"Animal_QP12_1453_1","fadeInTime":0,"fadeOutTime":0,"is3D":false,"isLooping":false,"maxDistance":0.00999999978,"referenceDistance":0,"rotationMatrix":[1,0,0,0,0.999999762,-0.000690533896,0,0.000690533896,0.999999762],"scale":[0.00999999978,0.00999999978,0.00999999978],"track":"snapshot:>Reverb_WC_Open","useTrackDescriptionOnly":true}
{"name":"Warehouse_2D","class":"SFXSpace","persistentId":"d23f96d3-a9fc-47b0-be7e-17ce4ada9cfc","__parent":"Audio","position":[-1458.57141,-976.45459,249.949753],"cloneOrigin":"Field_13","rotationMatrix":[0.681053758,0.732233644,-6.98491931e-10,-0.732233524,0.681053579,-0.000690533197,-0.000505630916,0.000470290863,0.999999762],"scale":[771.755188,562.196655,1000],"soundAmbience":"Amb_WC_Warehouse"}
{"name":"Warehouse_GeneratorPower_01","class":"SFXEmitter","persistentId":"501d2490-06f3-4622-b864-2b08987fa569","__parent":"Audio","position":[-1300.87952,-659.769653,104.463455],"fadeInTime":0,"fadeOutTime":0,"isLooping":false,"maxDistance":80,"scale":[80,80,80]}
{"name":"Warehouse_GeneratorPower_02","class":"SFXEmitter","persistentId":"8838c4c2-2fdc-4af1-bbd3-c5991b8b5802","__parent":"Audio","position":[-1373.13892,-820.883057,104.401283],"fadeInTime":0,"fadeOutTime":0,"isLooping":false,"maxDistance":80,"scale":[80,80,80]}
{"name":"Warehouse_GeneratorTriple_01","class":"SFXEmitter","persistentId":"97c67cd7-0327-4bad-9733-2bf04b16baaf","__parent":"Audio","position":[-1425.13232,-872.838928,104.376434],"fadeInTime":0,"fadeOutTime":0,"isLooping":false,"maxDistance":80,"referenceDistance":2,"scale":[80,80,80],"track":"event:>Ambient>Maps>West Coast>Warehouse_GeneratorTriple","useTrackDescriptionOnly":true}
{"name":"Warehouse_GeneratorTriple_02","class":"SFXEmitter","persistentId":"580c82ee-884a-428f-8c3c-2f9539bb271a","__parent":"Audio","position":[-1433.03308,-880.981689,104.42868],"fadeInTime":0,"fadeOutTime":0,"isLooping":false,"maxDistance":80,"referenceDistance":2,"scale":[80,80,80],"track":"event:>Ambient>Maps>West Coast>Warehouse_GeneratorTriple","useTrackDescriptionOnly":true}
{"name":"Warehouse_GeneratorTriple_03","class":"SFXEmitter","persistentId":"3f8fd81a-edf5-416f-8bcd-912a8af379db","__parent":"Audio","position":[-1440.53003,-888.927795,104.445816],"fadeInTime":0,"fadeOutTime":0,"isLooping":false,"maxDistance":80,"referenceDistance":2,"scale":[80,80,80],"track":"event:>Ambient>Maps>West Coast>Warehouse_GeneratorTriple","useTrackDescriptionOnly":true}
{"name":"Warehouse_GeneratorTriple_04","class":"SFXEmitter","persistentId":"1b75c567-ff63-4911-b4b9-d96996c12320","__parent":"Audio","position":[-1447.90186,-897.070801,104.379684],"fadeInTime":0,"fadeOutTime":0,"isLooping":false,"maxDistance":80,"referenceDistance":2,"scale":[80,80,80],"track":"event:>Ambient>Maps>West Coast>Warehouse_GeneratorTriple","useTrackDescriptionOnly":true}
{"name":"Warehouse_Interior_01","class":"SFXSpace","persistentId":"86664379-e15f-461e-bb6b-e79aa1d8c112","__parent":"Audio","position":[-1374.09302,-846.998474,114.678955],"cloneOrigin":"Field_13","rotationMatrix":[0.677082419,0.735907257,-4.09564818e-05,-0.735907137,0.677082181,-0.000689317065,-0.000479542476,0.00049686461,0.999999762],"scale":[299.880096,28.7377758,21.011055],"soundAmbience":"Level_Building_Reverb_Large"}
{"name":"Warehouse_Interior_02","class":"SFXSpace","persistentId":"e1ed92ba-5a93-44e1-8101-0ca49784b091","__parent":"Audio","position":[-1374.09448,-846.996887,117.963425],"cloneOrigin":"Field_13","rotationMatrix":[0.677082419,0.735907257,-4.09564818e-05,-0.735907137,0.677082181,-0.000689317065,-0.000479542476,0.00049686461,0.999999762],"scale":[60.4349823,28.7377758,21.011055],"soundAmbience":"Level_Building_Reverb_Large"}
{"name":"Warehouse_Interior_03","class":"SFXSpace","persistentId":"47d5e68a-fb98-4d2a-ac07-d8299f637149","__parent":"Audio","position":[-1342.58081,-856.894592,117.983459],"cloneOrigin":"Field_13","rotationMatrix":[0.677082419,0.735907257,-4.09564818e-05,-0.735907137,0.677082181,-0.000689317065,-0.000479542476,0.00049686461,0.999999762],"scale":[31.6008854,28.7377758,21.011055],"soundAmbience":"Level_Building_Reverb_Large"}
{"name":"Warehouse_Interior_04","class":"SFXSpace","persistentId":"84234181-7c11-42bd-a1b2-8aea25ec20b5","__parent":"Audio","position":[-1296.87817,-807.221191,117.980698],"cloneOrigin":"Field_13","rotationMatrix":[0.677082419,0.735907257,-4.09564818e-05,-0.735907137,0.677082181,-0.000689317065,-0.000479542476,0.00049686461,0.999999762],"scale":[15.0531034,28.7377758,21.011055],"soundAmbience":"Level_Building_Reverb_Large"}
{"name":"Warehouse_Interior_05","class":"SFXSpace","persistentId":"ba90eee2-2046-4b93-ac6b-da3973e5dfbe","__parent":"Audio","position":[-1455.35608,-956.749939,116.050537],"cloneOrigin":"Field_13","rotationMatrix":[0.677082419,0.735907257,-4.09564818e-05,-0.735907137,0.677082181,-0.000689317065,-0.000479542476,0.00049686461,0.999999762],"scale":[29.4292755,120.037003,23.7836037],"soundAmbience":"Level_Building_Reverb_Large"}
{"name":"Warehouse_Interior_06","class":"SFXSpace","persistentId":"a8effd6d-4d79-4415-b160-3416d296ef9f","__parent":"Audio","position":[-1396.94556,-847.780823,111.294624],"cloneOrigin":"Field_13","rotationMatrix":[0.677082419,0.735907257,-4.09564818e-05,-0.735907137,0.677082181,-0.000689317065,-0.000479542476,0.00049686461,0.999999762],"scale":[28.7347603,28.7377758,14.217474],"soundAmbience":"Level_Building_Reverb_Large"}
{"name":"Warehouse_Interior_07","class":"SFXSpace","persistentId":"fd186bab-20ff-46a2-a1cb-f3e7571cd4c6","__parent":"Audio","position":[-1342.06531,-856.842529,114.702126],"cloneOrigin":"Field_13","rotationMatrix":[0.677082419,0.735907257,-4.09564818e-05,-0.735907137,0.677082181,-0.000689317065,-0.000479542476,0.00049686461,0.999999762],"scale":[150.936188,28.7377758,21.011055],"soundAmbience":"Level_Building_Reverb_Large"}
{"name":"Warehouse_Interior_08","class":"SFXSpace","persistentId":"2b37e385-b53e-43a5-a901-9bd200e8e849","__parent":"Audio","position":[-1330.56665,-887.993164,115.838631],"cloneOrigin":"Field_13","rotationMatrix":[0.677082419,0.735907257,-4.09564818e-05,-0.735907137,0.677082181,-0.000689317065,-0.000479542476,0.00049686461,0.999999762],"scale":[120.057602,30.0528679,23.2272224],"soundAmbience":"Level_Building_Reverb_Large"}
{"name":"Warehouse_Interior_09","class":"SFXSpace","persistentId":"8f998cba-c422-4331-bad6-5f01a318df0a","__parent":"Audio","position":[-1353.15527,-847.157166,114.663017],"cloneOrigin":"Field_13","rotationMatrix":[0.677082419,0.735907257,-4.09564818e-05,-0.735907137,0.677082181,-0.000689317065,-0.000479542476,0.00049686461,0.999999762],"scale":[150.634277,28.7377758,21.011055],"soundAmbience":"Level_Building_Reverb_Large"}
{"name":"Warehouse_Interior_10","class":"SFXSpace","persistentId":"d52135a6-cfee-4ba0-835e-b7fa265d5243","__parent":"Audio","position":[-1331.85034,-866.648926,114.734146],"cloneOrigin":"Field_13","rotationMatrix":[0.677082419,0.735907257,-4.09564818e-05,-0.735907137,0.677082181,-0.000689317065,-0.000479542476,0.00049686461,0.999999762],"scale":[32.2997589,28.7377758,21.011055],"soundAmbience":"Level_Building_Reverb_Large"}
{"name":"Warehouse_Underground_Amb","class":"SFXSpace","persistentId":"26635e30-072f-4c17-82d4-6e77bdaf750d","__parent":"Audio","position":[-1239.6344,-865.792664,-395.735107],"cloneOrigin":"Field_13","rotationMatrix":[0.719537854,0.694453835,-4.31100489e-10,-0.694453359,0.719537675,-0.000690532383,-0.000479542359,0.000496865192,0.999999762],"scale":[771.755188,681.939331,1000]}
{"name":"Warehouse_Underground_Reverb_01","class":"SFXSpace","persistentId":"9d2f2424-afc6-48d1-ad3a-b7d2a19327e2","__parent":"Audio","position":[-1420.99304,-827.172729,-395.841248],"cloneOrigin":"Field_13","rotationMatrix":[0.679566979,0.733613431,-3.86254251e-05,-0.733613312,0.679566741,-0.000689451583,-0.000479542417,0.000496864668,0.999999762],"scale":[485.930389,311.500061,1000],"soundAmbience":"Level_Tunnel_Closed"}
{"name":"Warehouse_Underground_Reverb_02","class":"SFXSpace","persistentId":"73c30072-7ac4-4b5f-95b4-ee2bedeb1f9a","__parent":"Audio","position":[-1238.79395,-538.183105,-396.450623],"cloneOrigin":"Field_13","rotationMatrix":[0.679566979,0.733613431,-3.86254251e-05,-0.733613312,0.679566741,-0.000689451583,-0.000479542417,0.000496864668,0.999999762],"scale":[194.056992,292.100159,1000],"soundAmbience":"Level_Tunnel_Closed"}
{"name":"Warehouse_Underground_Reverb_03","class":"SFXSpace","persistentId":"4364a68c-693c-4404-8e06-839343e6ca09","__parent":"Audio","position":[-1118.19727,-473.832611,-398.771057],"cloneOrigin":"Field_13","rotationMatrix":[0.879832149,0.475067019,-0.0143782012,-0.475124419,0.879918337,-0.000665042317,0.0123357028,0.00741656031,0.999896407],"scale":[235.626755,82.2494659,1000],"soundAmbience":"Level_Tunnel_Closed"}
{"name":"Island_Warehouse_1","class":"SFXSpace","persistentId":"291a9b70-7d51-4111-8bf8-6ef217479003","__parent":"Audio","position":[525.57843,1699.73621,79.104393],"scale":[5.63653803,16,16.7529259],"soundAmbience":"Level_Building_Reverb_Medium"}
{"name":"Island_Warehouse_2","class":"SFXSpace","persistentId":"ecd4b5be-be81-448a-9e6f-64a88e2b2686","__parent":"Audio","position":[577.971375,1699.73621,79.104393],"scale":[5.63653803,16,16.7529259],"soundAmbience":"Level_Building_Reverb_Medium"}
{"name":"Island_Warehouse_3","class":"SFXSpace","persistentId":"80ae6e12-e0df-415d-a31e-e19634adcb83","__parent":"Audio","position":[577.971375,1663.75879,79.104393],"scale":[5.63653803,16,16.7529259],"soundAmbience":"Level_Building_Reverb_Medium"}
{"name":"Island_fronGatehouse","class":"SFXSpace","persistentId":"1087f1bc-4d1b-4d3d-b9ac-f041e9faf19c","__parent":"Audio","position":[469.78006,1616.16724,75.020401],"scale":[16.7089596,24.5320377,11.3111162],"soundAmbience":"Level_Building_Reverb_Medium"}
