{"name":"BeamLRTrigger_VineyardRaceCP1","class":"BeamNGTrigger","persistentId":"cd4e8928-6349-4fbb-bed1-12c079845a01","__parent":"RaceTriggers","position":[121.542496,-238.373138,192.625641],"luaFunction":"onBeamNGTrigger","rotationMatrix":[0.999321222,0.0368389115,0,-0.036181055,0.981475711,-0.188139215,-0.00693084532,0.188011512,0.982142389],"scale":[13.7337341,5.86406279,6.89782333],"triggerMode":"Overlaps","triggerTestType":"Bounding box"}
{"name":"BeamLRTrigger_VineyardRaceCP2","class":"BeamNGTrigger","persistentId":"89c1ba62-0045-4135-9d77-8fb6aa6b4327","__parent":"RaceTriggers","position":[198.505569,317.220276,187.873001],"luaFunction":"onBeamNGTrigger","rotationMatrix":[0.958467901,0.284508377,-0.0198569652,-0.284541696,0.958662927,0.00118675223,0.0193737764,0.00451267092,0.999802113],"scale":[13.7337341,5.86406279,6.89782333],"triggerMode":"Overlaps","triggerTestType":"Bounding box"}
{"name":"BeamLRTrigger_VineyardRaceCP3","class":"BeamNGTrigger","persistentId":"790f7f25-fe5c-4b5f-bba4-c4a0aff67f67","__parent":"RaceTriggers","position":[105.891518,517.809937,181.684143],"luaFunction":"onBeamNGTrigger","rotationMatrix":[0.143602073,0.989608884,-0.00724932738,-0.989445806,0.14371413,0.0185244326,0.0193737745,0.00451267138,0.999802113],"scale":[13.7337341,5.86406279,6.89782333],"triggerMode":"Overlaps","triggerTestType":"Bounding box"}
{"name":"BeamLRTrigger_VineyardRaceCP4","class":"BeamNGTrigger","persistentId":"6124b159-7322-47a0-9b04-c9ebc1524d69","__parent":"RaceTriggers","position":[-240.207764,405.473785,181.624176],"luaFunction":"onBeamNGTrigger","rotationMatrix":[0.143602073,0.989608884,-0.00724932738,-0.989445806,0.14371413,0.0185244326,0.0193737745,0.00451267138,0.999802113],"scale":[13.7337341,5.86406279,6.89782333],"triggerMode":"Overlaps","triggerTestType":"Bounding box"}
{"name":"BeamLRTrigger_VineyardRaceCP5","class":"BeamNGTrigger","persistentId":"a84492f9-cab4-45cd-8752-f3bc0c208bc6","__parent":"RaceTriggers","position":[144.403397,520.658447,181.56424],"luaFunction":"onBeamNGTrigger","rotationMatrix":[-0.184863687,0.982764065,-0.000853554346,-0.98257345,-0.184810519,0.0198740754,0.0193737783,0.00451266812,0.999802113],"scale":[13.7337341,5.86406279,6.89782333],"triggerMode":"Overlaps","triggerTestType":"Bounding box"}
{"name":"BeamLRTrigger_VineyardRaceCP6","class":"BeamNGTrigger","persistentId":"3a7713c5-bf4d-42ba-8263-714b12f5555f","__parent":"RaceTriggers","position":[657.408936,603.563965,176.45166],"luaFunction":"onBeamNGTrigger","rotationMatrix":[-0.851724505,0.523798585,0.0141401859,-0.523631096,-0.851829886,0.0139915077,0.0193737689,0.00451267045,0.999802113],"scale":[13.7337341,9.67294598,6.89782333],"triggerMode":"Overlaps","triggerTestType":"Bounding box"}
{"name":"BeamLRTrigger_VineyardRaceCP7","class":"BeamNGTrigger","persistentId":"39bb0359-0544-4be6-9a04-55fa76b5ded3","__parent":"RaceTriggers","position":[680.175171,205.336914,181.107224],"luaFunction":"onBeamNGTrigger","rotationMatrix":[-0.851943374,0.52352488,-0.0106987935,-0.523631096,-0.851830363,0.0139915114,-0.00178865204,0.0175221954,0.999844849],"scale":[19.618145,5.86406279,6.89782333],"triggerMode":"Overlaps","triggerTestType":"Bounding box"}
{"name":"BeamLRTrigger_VineyardRaceCP8","class":"BeamNGTrigger","persistentId":"9d5d897a-6f89-492b-a55c-1814773dddc4","__parent":"RaceTriggers","position":[250.131516,-313.751007,193.386414],"luaFunction":"onBeamNGTrigger","rotationMatrix":[-0.933243871,0.35915491,-0.00796366576,-0.359238714,-0.933113337,0.0157100782,-0.0017886518,0.0175221935,0.999844849],"scale":[15.7945538,5.86406279,6.89782333],"triggerMode":"Overlaps","triggerTestType":"Bounding box"}
{"name":"BeamLRTrigger_VineyardRaceCP9","class":"BeamNGTrigger","persistentId":"1268e58c-c2b6-4183-950e-fe60b98c8ac0","__parent":"RaceTriggers","position":[124.933517,-362.051239,196.711487],"luaFunction":"onBeamNGTrigger","rotationMatrix":[-0.999964595,-0.00826246664,-0.00164406688,0.00823237747,-0.999812365,0.0175363552,-0.00178865192,0.0175221991,0.999844849],"scale":[14.0278625,5.86406279,6.89782333],"triggerMode":"Overlaps","triggerTestType":"Bounding box"}
{"name":"BeamLRTrigger_VineyardRaceCP10","class":"BeamNGTrigger","persistentId":"eaa69da0-c6e9-4aab-9199-4dfed3663b1a","__parent":"RaceTriggers","position":[111.074196,-251.212036,194.994553],"luaFunction":"onBeamNGTrigger","rotationMatrix":[0.038398087,-0.999257565,0.00314637925,0.999202371,0.0383610129,-0.011095711,0.010966775,0.00356992357,0.999933481],"scale":[13.7337341,5.86406279,6.89782333],"triggerMode":"Overlaps","triggerTestType":"Bounding box"}
{"name":"BeamLRTrigger_VineyardRaceCP11","class":"BeamNGTrigger","persistentId":"33270c01-1c6a-433b-bbbc-49f4df04629d","__parent":"RaceTriggers","position":[2.78348517,-286.980408,192.032013],"luaFunction":"onBeamNGTrigger","rotationMatrix":[0.999967933,-0.00392438937,0.00697824918,0.0039794948,0.999960899,-0.0079005342,-0.00694697164,0.00792805105,0.999944448],"scale":[13.7337341,5.86406279,6.89782333],"triggerMode":"Overlaps","triggerTestType":"Bounding box"}
{"name":"BeamLRTrigger_VineyardRaceCP12","class":"BeamNGTrigger","persistentId":"7401c818-aee6-48eb-a389-5483b29d1b2c","__parent":"RaceTriggers","position":[135.99379,-371.099854,196.998489],"luaFunction":"onBeamNGTrigger","rotationMatrix":[-0.01951015,0.999785244,0.00697824918,-0.999779403,-0.0194548368,-0.0079005342,-0.00776307564,-0.00713085197,0.999944448],"scale":[13.7337341,5.86406279,6.89782333],"triggerMode":"Overlaps","triggerTestType":"Bounding box"}
{"name":"BeamLRTrigger_VineyardRaceCP13","class":"BeamNGTrigger","persistentId":"ea5fa339-edf1-4225-93d3-b0d1c463b1bc","__parent":"RaceTriggers","position":[215.928757,-367.020569,196.998489],"luaFunction":"onBeamNGTrigger","rotationMatrix":[-0.366004825,0.930586934,0.00697825057,-0.930600762,-0.365950942,-0.0079005342,-0.004798437,-0.00938559696,0.999944448],"scale":[13.7337341,5.86406279,6.89782333],"triggerMode":"Overlaps","triggerTestType":"Bounding box"}
{"name":"BeamLRTrigger_VineyardRaceCP14","class":"BeamNGTrigger","persistentId":"dd59cb50-8e01-47de-882d-f6d69466882e","__parent":"RaceTriggers","position":[259.619293,-289.142426,191.961731],"luaFunction":"onBeamNGTrigger","rotationMatrix":[-0.933243871,0.35915491,-0.00796366576,-0.359238714,-0.933113337,0.0157100782,-0.0017886518,0.0175221935,0.999844849],"scale":[15.7945538,5.86406279,6.89782333],"triggerMode":"Overlaps","triggerTestType":"Bounding box"}
{"name":"BeamLRTrigger_VineyardRaceCP15","class":"BeamNGTrigger","persistentId":"ddda7b97-aac1-49f6-8096-1cb262f6228c","__parent":"RaceTriggers","position":[470.745026,-1.72940063,186.733887],"luaFunction":"onBeamNGTrigger","rotationMatrix":[-0.933243871,0.35915491,-0.00796366576,-0.359238714,-0.933113337,0.0157100782,-0.0017886518,0.0175221935,0.999844849],"scale":[15.7945538,5.86406279,6.89782333],"triggerMode":"Overlaps","triggerTestType":"Bounding box"}
{"name":"BeamLRTrigger_VineyardRaceCP16","class":"BeamNGTrigger","persistentId":"2355335e-18ea-4e1b-9f25-dd2919c30d3b","__parent":"RaceTriggers","position":[697.500183,241.80011,179.211136],"luaFunction":"onBeamNGTrigger","rotationMatrix":[-0.917446256,0.397715658,-0.0106987916,-0.397836834,-0.917349339,0.0139915096,-0.00424988801,0.0170928333,0.999844849],"scale":[19.618145,5.86406279,6.89782333],"triggerMode":"Overlaps","triggerTestType":"Bounding box"}
{"name":"BeamLRTrigger_VineyardRaceCP17","class":"BeamNGTrigger","persistentId":"465fc6f0-4ba3-42d1-a8ce-05907383bfc2","__parent":"RaceTriggers","position":[620.181335,414.949524,174.306305],"luaFunction":"onBeamNGTrigger","rotationMatrix":[-0.650346279,-0.759562612,-0.0106987925,0.759434342,-0.65043354,0.0139915105,-0.0175862815,0.000974295195,0.999844849],"scale":[13.1552601,5.86406279,6.89782333],"triggerMode":"Overlaps","triggerTestType":"Bounding box"}
{"name":"BeamLRTrigger_VineyardRaceCP18","class":"BeamNGTrigger","persistentId":"bc897243-c57d-4a54-9ac0-05496efeb175","__parent":"RaceTriggers","position":[672.963318,629.670532,176.45166],"luaFunction":"onBeamNGTrigger","rotationMatrix":[-0.851724505,0.523798585,0.0141401859,-0.523631096,-0.851829886,0.0139915077,0.0193737689,0.00451267045,0.999802113],"scale":[13.7337341,9.53234005,6.89782333],"triggerMode":"Overlaps","triggerTestType":"Bounding box"}
{"name":"BeamLRTrigger_VineyardRaceCP19","class":"BeamNGTrigger","persistentId":"ee091da9-530e-4ed0-a84e-33bf7734ebac","__parent":"RaceTriggers","position":[735.606934,778.086792,180.121277],"luaFunction":"onBeamNGTrigger","rotationMatrix":[-0.91403687,0.405384868,0.0141401887,-0.405204862,-0.914118886,0.0139915096,0.0185977593,0.00705908146,0.999802113],"scale":[19.4299545,10.7283764,6.89782333],"triggerMode":"Overlaps","triggerTestType":"Bounding box"}
{"name":"BeamLRTrigger_VineyardRaceCP20","class":"BeamNGTrigger","persistentId":"6ef37e1c-c108-41d6-87e5-b8ba9566b175","__parent":"RaceTriggers","position":[884.375,1115.4325,153.812149],"luaFunction":"onBeamNGTrigger","rotationMatrix":[-0.942160368,0.334863812,0.014140185,-0.334678084,-0.942228556,0.0139915068,0.0180085376,0.00844983384,0.999802113],"scale":[19.4299545,5.86406279,6.89782333],"triggerMode":"Overlaps","triggerTestType":"Bounding box"}
{"name":"BeamLRTrigger_VineyardRaceCP21","class":"BeamNGTrigger","persistentId":"9f44334c-fdb7-4404-adcf-d50fd575f251","__parent":"RaceTriggers","position":[681.742188,604.508301,176.45166],"luaFunction":"onBeamNGTrigger","rotationMatrix":[-0.634287953,-0.772967994,0.0141401906,0.773095071,-0.634136319,0.0139915133,-0.00184818497,0.0198063552,0.999802113],"scale":[13.7337341,9.39923382,6.89782333],"triggerMode":"Overlaps","triggerTestType":"Bounding box"}
{"name":"BeamLRTrigger_VineyardRaceCP22","class":"BeamNGTrigger","persistentId":"981ff843-0139-43e6-b484-fbd9ce43b97b","__parent":"RaceTriggers","position":[898.065674,456.956299,182.716965],"luaFunction":"onBeamNGTrigger","rotationMatrix":[-0.251000166,-0.967883587,0.0141401868,0.967935205,-0.250809193,0.0139915086,-0.00999566168,0.0171986613,0.999802113],"scale":[13.7337341,5.86406279,6.89782333],"triggerMode":"Overlaps","triggerTestType":"Bounding box"}
{"name":"BeamLRTrigger_VineyardRaceCP23","class":"BeamNGTrigger","persistentId":"6b4ba64d-7d94-4592-a963-f1e4c35acfc8","__parent":"RaceTriggers","position":[1439.91455,841.185913,211.517273],"luaFunction":"onBeamNGTrigger","rotationMatrix":[0.785814524,-0.618300617,0.0141401924,0.61814636,0.785938501,0.0139915124,-0.0197642818,-0.00225402554,0.999802113],"scale":[13.7337341,5.86406279,6.89782333],"triggerMode":"Overlaps","triggerTestType":"Bounding box"}
{"name":"BeamLRTrigger_VineyardRaceCP24","class":"BeamNGTrigger","persistentId":"9c40a06b-050d-49ba-9b9c-8efe2c1283a6","__parent":"RaceTriggers","position":[1722.15356,1239.27734,219.336975],"luaFunction":"onBeamNGTrigger","rotationMatrix":[0.976503134,-0.215038761,0.0141401906,0.21484597,0.976547718,0.0139915124,-0.0168172885,-0.0106247924,0.999802113],"scale":[13.7337341,5.86406279,6.89782333],"triggerMode":"Overlaps","triggerTestType":"Bounding box"}
{"name":"BeamLRTrigger_VineyardRaceCP25","class":"BeamNGTrigger","persistentId":"78ae3589-8ac2-4ea2-ac86-dd92bd7687ca","__parent":"RaceTriggers","position":[1456.27747,1161.0592,215.971893],"luaFunction":"onBeamNGTrigger","rotationMatrix":[0.842345357,-0.538752615,0.0141401887,0.538587034,0.842453659,0.0139915124,-0.0194504187,-0.00416996004,0.999802113],"scale":[13.7337341,5.86406279,6.89782333],"triggerMode":"Overlaps","triggerTestType":"Bounding box"}
{"name":"BeamLRTrigger_VineyardRaceCP26","class":"BeamNGTrigger","persistentId":"bfbf3a27-5f54-4746-a263-aadc1bbba831","__parent":"RaceTriggers","position":[1322.92065,841.914001,191.29097],"luaFunction":"onBeamNGTrigger","rotationMatrix":[0.30265516,-0.952995121,0.0141401887,0.952937186,0.302844346,0.0139915086,-0.0176161155,0.0092401132,0.999802113],"scale":[13.7337341,5.86406279,6.89782333],"triggerMode":"Overlaps","triggerTestType":"Bounding box"}
{"name":"BeamLRTrigger_VineyardRaceCP27","class":"BeamNGTrigger","persistentId":"ea485c7a-f90f-4273-a682-666298102fbf","__parent":"RaceTriggers","position":[1263.28418,866.612854,185.370041],"luaFunction":"onBeamNGTrigger","rotationMatrix":[0.748751342,-0.662700117,0.0141401896,0.66255337,0.748884022,0.0139915096,-0.019861538,-0.0011075316,0.999802113],"scale":[13.7337341,5.86406279,6.89782333],"triggerMode":"Overlaps","triggerTestType":"Bounding box"}
{"name":"BeamLRTrigger_VineyardRaceCP28","class":"BeamNGTrigger","persistentId":"3061606d-fcb7-43a0-98a8-e4bbcbefe9bb","__parent":"RaceTriggers","position":[1254.03833,1040.81335,175.657379],"luaFunction":"onBeamNGTrigger","rotationMatrix":[0.992136121,0.124362133,0.0141401887,-0.124558724,0.99211359,0.0139915096,-0.0122886598,-0.0156427659,0.999802113],"scale":[13.7337341,5.86406279,6.89782333],"triggerMode":"Overlaps","triggerTestType":"Bounding box"}
{"name":"BeamLRTrigger_VineyardRaceCP29","class":"BeamNGTrigger","persistentId":"9810208a-da97-41a4-993e-5b5a74b074f9","__parent":"RaceTriggers","position":[1486.63293,1337.35693,149.823608],"luaFunction":"onBeamNGTrigger","rotationMatrix":[0.369512677,0.929117978,0.0141401878,-0.929193079,0.369329572,0.0139915086,0.00777737517,-0.0183090046,0.999802113],"scale":[13.7337341,5.86406279,6.89782333],"triggerMode":"Overlaps","triggerTestType":"Bounding box"}
{"name":"BeamLRTrigger_VineyardRaceCP30","class":"BeamNGTrigger","persistentId":"aca25ab1-d7ad-4bb9-a252-07a265137600","__parent":"RaceTriggers","position":[-260.446838,393.767914,181.624176],"luaFunction":"onBeamNGTrigger","rotationMatrix":[-0.998647928,0.0514673889,-0.00724932691,-0.0515940264,-0.998495817,0.0185244251,-0.00628502248,0.0188734103,0.999802113],"scale":[13.7337341,5.86406279,6.89782333],"triggerMode":"Overlaps","triggerTestType":"Bounding box"}
{"name":"BeamLRTrigger_VineyardRaceCP31","class":"BeamNGTrigger","persistentId":"bd806526-75ae-45d9-a881-a720cf97771b","__parent":"RaceTriggers","position":[-555.815063,1.83970451,195.803787],"luaFunction":"onBeamNGTrigger","rotationMatrix":[-0.745614529,0.666337848,-0.00724932738,-0.666341186,-0.745416641,0.0185244251,0.00693975668,0.0186426099,0.999802113],"scale":[13.7337341,5.86406279,6.89782333],"triggerMode":"Overlaps","triggerTestType":"Bounding box"}
{"name":"BeamLRTrigger_VineyardRaceCP32","class":"BeamNGTrigger","persistentId":"58bfdf3a-66a9-4d29-ae23-ead00dbf8dbf","__parent":"RaceTriggers","position":[-425.769745,27.6630135,225.261108],"luaFunction":"onBeamNGTrigger","rotationMatrix":[-0.553300977,0.832949817,-0.00724932831,-0.832903087,-0.553108692,0.018524427,0.0114202527,0.0162875727,0.999802113],"scale":[13.7337341,5.86406279,6.89782333],"triggerMode":"Overlaps","triggerTestType":"Bounding box"}
{"name":"BeamLRTrigger_VineyardRaceCP33","class":"BeamNGTrigger","persistentId":"feb0ba41-258b-4f88-984c-8c432b3974d3","__parent":"RaceTriggers","position":[-523.157898,-183.766953,233.162003],"luaFunction":"onBeamNGTrigger","rotationMatrix":[-0.990085721,0.140277967,-0.00724932831,-0.14039056,-0.989923,0.0185244288,-0.0045777075,0.0193585064,0.999802113],"scale":[13.7337341,5.86406279,6.89782333],"triggerMode":"Overlaps","triggerTestType":"Bounding box"}
{"name":"BeamLRTrigger_VineyardRaceCP34","class":"BeamNGTrigger","persistentId":"4931edc5-c36f-43eb-8dc1-ea97860a6b6b","__parent":"RaceTriggers","position":[-254.017975,427.004272,181.624176],"luaFunction":"onBeamNGTrigger","rotationMatrix":[-0.916298509,0.400430202,-0.00724932877,-0.400495052,-0.916111588,0.0185244288,0.000776546542,0.019877227,0.999802113],"scale":[13.7337341,5.86406279,6.89782333],"triggerMode":"Overlaps","triggerTestType":"Bounding box"}
{"name":"BeamLRTrigger_VineyardRaceCP35","class":"BeamNGTrigger","persistentId":"c4fae572-6bc8-459e-a686-925404d52145","__parent":"RaceTriggers","position":[134.673935,699.876404,173.679276],"luaFunction":"onBeamNGTrigger","rotationMatrix":[-0.702418566,0.711727321,-0.00724932877,-0.711718261,-0.702220917,0.0185244288,0.00809371192,0.0181713793,0.999802113],"scale":[13.7337341,5.86406279,6.89782333],"triggerMode":"Overlaps","triggerTestType":"Bounding box"}
{"name":"BeamLRTrigger_VineyardRaceCP36","class":"BeamNGTrigger","persistentId":"e7028630-73bf-4824-937b-835b238f7c66","__parent":"RaceTriggers","position":[409.400787,770.422729,172.581528],"luaFunction":"onBeamNGTrigger","rotationMatrix":[-0.482499003,0.875866115,-0.00724932551,-0.875803649,-0.482311249,0.0185244232,0.0127284843,0.0152870091,0.999802113],"scale":[13.7337341,5.86406279,6.89782333],"triggerMode":"Overlaps","triggerTestType":"Bounding box"}
{"name":"BeamLRTrigger_VineyardRaceCP37","class":"BeamNGTrigger","persistentId":"68da7d20-85f5-44c6-9d1a-2ab2bea0d810","__parent":"RaceTriggers","position":[648.506531,855.364624,182.221725],"luaFunction":"onBeamNGTrigger","rotationMatrix":[-0.98778522,-0.155651808,-0.00724933203,0.155496538,-0.987662673,0.0185244195,-0.0100432551,0.0171709061,0.999802113],"scale":[13.7337341,5.86406279,6.89782333],"triggerMode":"Overlaps","triggerTestType":"Bounding box"}
{"name":"BeamLRTrigger_VineyardRaceCP38","class":"BeamNGTrigger","persistentId":"710f948e-1871-405c-bab7-eccf2c0f7f5c","__parent":"RaceTriggers","position":[748.028259,746.298767,180.294937],"luaFunction":"onBeamNGTrigger","rotationMatrix":[-0.375493288,-0.926796854,-0.00724932738,0.926611722,-0.375563145,0.0185244195,-0.0198909529,0.000238481909,0.999802113],"scale":[13.7337341,5.86406279,6.89782333],"triggerMode":"Overlaps","triggerTestType":"Bounding box"}
{"name":"BeamLRTrigger_VineyardRaceCP39","class":"BeamNGTrigger","persistentId":"1cf82bbb-1eb0-4d1f-a0d7-3e7413763a08","__parent":"RaceTriggers","position":[1346.04956,852.86792,194.535919],"luaFunction":"onBeamNGTrigger","rotationMatrix":[0.577716649,-0.816114843,0.0141401887,0.81600219,0.57787931,0.013991504,-0.0195899978,0.00345530082,0.999802113],"scale":[13.7337341,5.86406279,6.89782333],"triggerMode":"Overlaps","triggerTestType":"Bounding box"}
{"name":"BeamLRTrigger_VineyardRaceCP40","class":"BeamNGTrigger","persistentId":"3c69d5d9-9f7d-43e6-ab77-c419bfabfcec","__parent":"RaceTriggers","position":[1708.0459,1197.77649,222.18486],"luaFunction":"onBeamNGTrigger","rotationMatrix":[0.901342452,-0.432876199,0.0141401896,0.432698756,0.901430011,0.0139915133,-0.0188029837,-0.00649270322,0.999802113],"scale":[13.7337341,5.86406279,6.89782333],"triggerMode":"Overlaps","triggerTestType":"Bounding box"}
{"name":"BeamLRTrigger_VineyardRaceCP41","class":"BeamNGTrigger","persistentId":"8f6403d1-7f8c-45c2-a874-46c9e99650f1","__parent":"RaceTriggers","position":[1417.9104,804.307861,209.821564],"luaFunction":"onBeamNGTrigger","rotationMatrix":[0.830763698,-0.556445539,0.0141401887,0.556282341,0.830875576,0.0139915105,-0.0195342526,-0.00375770172,0.999802113],"scale":[13.7337341,5.86406279,6.89782333],"triggerMode":"Overlaps","triggerTestType":"Bounding box"}
{"name":"BeamLRTrigger_VineyardRaceCP42","class":"BeamNGTrigger","persistentId":"69cec86e-6616-45b4-86f9-55f17f82f7b5","__parent":"RaceTriggers","position":[818.917603,486.387543,182.388504],"luaFunction":"onBeamNGTrigger","rotationMatrix":[-0.593756199,-0.804520845,0.0141401906,0.804640055,-0.593598127,0.0139915077,-0.00286286836,0.0196853057,0.999802113],"scale":[13.7337341,5.86406279,6.89782333],"triggerMode":"Overlaps","triggerTestType":"Bounding box"}
{"name":"BeamLRTrigger_VineyardRaceCP43","class":"BeamNGTrigger","persistentId":"30e06c25-500f-4c1e-aa41-90a7fa93b6e1","__parent":"RaceTriggers","position":[97.0853806,688.878235,174.937134],"luaFunction":"onBeamNGTrigger","rotationMatrix":[0.118997574,0.992868006,-0.00724932645,-0.992707789,0.119113624,0.0185244232,0.019255802,0.00499210227,0.999802113],"scale":[13.7337341,5.86406279,6.89782333],"triggerMode":"Overlaps","triggerTestType":"Bounding box"}
{"name":"BeamLRTrigger_VineyardRaceCP44","class":"BeamNGTrigger","persistentId":"d1655781-49d3-4dc9-b910-a46e3ecf35c4","__parent":"RaceTriggers","position":[-163.721375,653.731506,199.956848],"luaFunction":"onBeamNGTrigger","rotationMatrix":[-0.627001047,0.778984487,-0.00724932598,-0.778955519,-0.626805305,0.0185244195,0.00988632068,0.0172617361,0.999802113],"scale":[13.7337341,5.86406279,6.89782333],"triggerMode":"Overlaps","triggerTestType":"Bounding box"}
{"name":"BeamLRTrigger_VineyardRaceCP45","class":"BeamNGTrigger","persistentId":"fcd13347-4059-4005-b3fc-3f1157fe4a8b","__parent":"RaceTriggers","position":[-241.820648,837.785583,209.668198],"luaFunction":"onBeamNGTrigger","rotationMatrix":[0.367034018,0.930179238,-0.00724932645,-0.929994822,0.367105603,0.0185244195,0.0198923014,-5.72549179e-05,0.999802113],"scale":[13.7337341,5.86406279,6.89782333],"triggerMode":"Overlaps","triggerTestType":"Bounding box"}
{"name":"BeamLRTrigger_VineyardRaceCP46","class":"BeamNGTrigger","persistentId":"d166e996-4db4-4649-859e-8c331fcdb608","__parent":"RaceTriggers","position":[-361.829773,906.120422,212.317856],"luaFunction":"onBeamNGTrigger","rotationMatrix":[-0.477409244,0.878650844,-0.00724932645,-0.878587306,-0.477221847,0.0185244139,0.0128169572,0.0152128981,0.999802113],"scale":[13.7337341,5.86406279,6.89782333],"triggerMode":"Overlaps","triggerTestType":"Bounding box"}
{"name":"BeamLRTrigger_VineyardRaceCP47","class":"BeamNGTrigger","persistentId":"825a2a65-8ee1-4167-a18d-5d4416d220ef","__parent":"RaceTriggers","position":[-415.669159,843.598999,247.273911],"luaFunction":"onBeamNGTrigger","rotationMatrix":[0.678795695,0.734291375,-0.0072493311,-0.734093487,0.678795636,0.0185244121,0.0185231324,-0.00725260284,0.999802113],"scale":[13.7337341,5.86406279,6.89782333],"triggerMode":"Overlaps","triggerTestType":"Bounding box"}
{"name":"BeamLRTrigger_VineyardRaceCP48","class":"BeamNGTrigger","persistentId":"73b5986c-9829-4df5-9e28-1de98aef282a","__parent":"RaceTriggers","position":[-711.885498,667.053955,271.379242],"luaFunction":"onBeamNGTrigger","rotationMatrix":[0.395551264,0.918415189,-0.00724933064,-0.918228626,0.395617127,0.0185244083,0.0198810603,-0.000670808367,0.999802113],"scale":[13.7337341,5.86406279,6.89782333],"triggerMode":"Overlaps","triggerTestType":"Bounding box"}
{"name":"BeamLRTrigger_VineyardRaceCP49","class":"BeamNGTrigger","persistentId":"6a88f90d-d97b-4664-876d-a9b14b2ab6ce","__parent":"RaceTriggers","position":[-1008.05096,423.239685,293.323578],"luaFunction":"onBeamNGTrigger","rotationMatrix":[-0.884403825,0.466357142,0.0184705928,-0.466053933,-0.884562492,0.0185244009,0.0249773785,0.00777475582,0.99965781],"scale":[17.6531982,5.86406279,6.89782333],"triggerMode":"Overlaps","triggerTestType":"Bounding box"}
{"name":"BeamLRTrigger_VineyardRaceCP50","class":"BeamNGTrigger","persistentId":"a4ba334c-66f0-4ba1-b5bc-575fd6396277","__parent":"RaceTriggers","position":[-732.749268,767.157898,310.517578],"luaFunction":"onBeamNGTrigger","rotationMatrix":[-0.713367701,-0.700522363,0.0193659272,0.700438559,-0.713612795,-0.0119510423,0.0221917424,0.00503915315,0.999741018],"scale":[17.6531982,5.86406279,6.89782333],"triggerMode":"Overlaps","triggerTestType":"Bounding box"}
{"name":"BeamLRTrigger_VineyardRaceCP51","class":"BeamNGTrigger","persistentId":"83a28556-4b7f-4b26-a49a-54c93e2c93d6","__parent":"RaceTriggers","position":[-1101.62683,605.466064,343.993896],"luaFunction":"onBeamNGTrigger","rotationMatrix":[-0.514961958,-0.857068121,0.0157508869,0.856925547,-0.515178204,-0.0164248608,0.0221917424,0.00503915502,0.999741018],"scale":[17.6531982,5.86406279,6.89782333],"triggerMode":"Overlaps","triggerTestType":"Bounding box"}
{"name":"BeamLRTrigger_VineyardRaceCP52","class":"BeamNGTrigger","persistentId":"8368a755-a442-438b-9352-87ff26f9c502","__parent":"RaceTriggers","position":[-1192.35535,725.788879,372.080353],"luaFunction":"onBeamNGTrigger","rotationMatrix":[0.00745415688,-0.999960244,0.00487480033,0.999725878,0.0073440671,-0.0222284235,0.0221917406,0.00503915735,0.999741018],"scale":[13.7284269,5.86406279,6.89782333],"triggerMode":"Overlaps","triggerTestType":"Bounding box"}
{"name":"BeamLRTrigger_VineyardRaceCP53","class":"BeamNGTrigger","persistentId":"2a12a5c8-0bae-4f30-8390-260a8f6ac8c9","__parent":"RaceTriggers","position":[864.984619,1165.1593,153.812119],"luaFunction":"onBeamNGTrigger","rotationMatrix":[-0.465907216,-0.884720385,0.0141401831,0.884814441,-0.465733171,0.0139915068,-0.00579301827,0.0190301854,0.999802113],"scale":[19.4299545,5.86406279,6.89782333],"triggerMode":"Overlaps","triggerTestType":"Bounding box"}
{"name":"BeamLRTrigger_HighwayRaceCP1","class":"BeamNGTrigger","persistentId":"d20f8c42-b157-49aa-be6c-35656c73b19e","__parent":"RaceTriggers","position":[601.672302,1190.48938,166.258881],"luaFunction":"onBeamNGTrigger","rotationMatrix":[-0.223082781,-0.974697053,0.0141401859,0.974743187,-0.222890377,0.013991503,-0.0104857655,0.0169043113,0.999802113],"scale":[19.4299545,5.86406279,6.89782333],"triggerMode":"Overlaps","triggerTestType":"Bounding box"}
{"name":"BeamLRTrigger_HighwayRaceCP2","class":"BeamNGTrigger","persistentId":"b64e294f-c160-4aea-b955-77a8e274b19f","__parent":"RaceTriggers","position":[-266.64325,1171.17334,170.71611],"luaFunction":"onBeamNGTrigger","rotationMatrix":[0.0117595196,-0.999830723,0.0141401812,0.999830484,0.011957407,0.013991504,-0.0141582154,0.0139732556,0.999802113],"scale":[14.7143173,5.86406279,6.89782333],"triggerMode":"Overlaps","triggerTestType":"Bounding box"}
{"name":"BeamLRTrigger_HighwayRaceCP3","class":"BeamNGTrigger","persistentId":"81d4fece-0709-4726-96ac-50f43a540859","__parent":"RaceTriggers","position":[-1325.21326,1514.59607,166.829926],"luaFunction":"onBeamNGTrigger","rotationMatrix":[0.0117595196,-0.999830723,0.0141401812,0.999830484,0.011957407,0.013991504,-0.0141582154,0.0139732556,0.999802113],"scale":[14.7143173,5.86406279,6.89782333],"triggerMode":"Overlaps","triggerTestType":"Bounding box"}
{"name":"BeamLRTrigger_HighwayRaceCP4","class":"BeamNGTrigger","persistentId":"3544b283-7a00-48cb-8204-5baad1fb3709","__parent":"RaceTriggers","position":[-1593.32727,1477.60913,166.829926],"luaFunction":"onBeamNGTrigger","rotationMatrix":[-0.846789598,-0.531739652,0.0141401822,0.531908333,-0.846686125,0.0139914984,0.00453246292,0.0193691403,0.999802113],"scale":[14.7143173,5.86406279,6.89782333],"triggerMode":"Overlaps","triggerTestType":"Bounding box"}
{"name":"BeamLRTrigger_HighwayRaceCP5","class":"BeamNGTrigger","persistentId":"e6d0ea84-b69d-4da2-97ba-118b9e53e920","__parent":"RaceTriggers","position":[-1243.7926,1580.60742,155.253723],"luaFunction":"onBeamNGTrigger","rotationMatrix":[0.223208964,-0.974668145,0.0141401831,0.974625945,0.223402321,0.0139915003,-0.0167960189,0.0106583601,0.999802113],"scale":[14.7143173,5.86406279,6.89782333],"triggerMode":"Overlaps","triggerTestType":"Bounding box"}
{"name":"BeamLRTrigger_VineyardRaceCP54","class":"BeamNGTrigger","persistentId":"45391592-1802-45cf-98b8-41be57e43211","__parent":"RaceTriggers","position":[701.894714,768.141968,180.121277],"luaFunction":"onBeamNGTrigger","rotationMatrix":[-0.496623158,-0.867851019,0.0141401868,0.867951035,-0.496452451,0.0139915086,-0.00512261363,0.0192214996,0.999802113],"scale":[15.2629738,10.3302116,6.89782333],"triggerMode":"Overlaps","triggerTestType":"Bounding box"}
{"name":"BeamLRTrigger_VineyardRaceCP55","class":"BeamNGTrigger","persistentId":"9e09929f-18a4-4ebf-9e10-e33f6b92cfd4","__parent":"RaceTriggers","position":[640.335205,953.31189,178.879349],"luaFunction":"onBeamNGTrigger","rotationMatrix":[-0.999952435,0.00648323726,-0.0072493325,-0.00661658589,-0.999806285,0.0185244177,-0.00712783122,0.018571509,0.999802113],"scale":[15.4406519,5.86406279,6.89782333],"triggerMode":"Overlaps","triggerTestType":"Bounding box"}
{"name":"BeamLRTrigger_VineyardRaceCP56","class":"BeamNGTrigger","persistentId":"92a266b1-dbb9-490f-bf6c-fc9a7dfa9a3c","__parent":"RaceTriggers","position":[676.612061,1114.93652,168.872971],"luaFunction":"onBeamNGTrigger","rotationMatrix":[-0.387496114,0.921842635,-0.00724933296,-0.921760738,-0.387315989,0.0185244195,0.0142688174,0.0138602955,0.999802113],"scale":[9.44869804,5.86406279,6.89782333],"triggerMode":"Overlaps","triggerTestType":"Bounding box"}
{"name":"BeamLRTrigger_VineyardRaceCP57","class":"BeamNGTrigger","persistentId":"7060d109-5451-4649-aa90-a02a2b21779b","__parent":"RaceTriggers","position":[913.022278,1051.48108,167.122253],"luaFunction":"onBeamNGTrigger","rotationMatrix":[-0.327680349,-0.944760978,-0.00724933343,0.944579661,-0.327759504,0.0185244232,-0.0198771879,-0.00077748578,0.999802113],"scale":[14.0981627,5.86406279,6.89782333],"triggerMode":"Overlaps","triggerTestType":"Bounding box"}
{"name":"BeamLRTrigger_VineyardRaceCP58","class":"BeamNGTrigger","persistentId":"23bd9b42-fa19-4b5c-9034-4a774556bb5d","__parent":"RaceTriggers","position":[1237.72437,929.92749,163.663727],"luaFunction":"onBeamNGTrigger","rotationMatrix":[-0.327680349,-0.944760978,-0.00724933343,0.944579661,-0.327759504,0.0185244232,-0.0198771879,-0.00077748578,0.999802113],"scale":[12.0619659,5.86406279,6.89782333],"triggerMode":"Overlaps","triggerTestType":"Bounding box"}
{"name":"BeamLRTrigger_VineyardRaceCP59","class":"BeamNGTrigger","persistentId":"5220ec5e-2b7c-4646-ada5-d0a2f026174a","__parent":"RaceTriggers","position":[1544.42444,758.330688,150.430984],"luaFunction":"onBeamNGTrigger","rotationMatrix":[-0.822155118,-0.569217324,-0.00724933716,0.569024205,-0.822112083,0.0185244232,-0.0165041909,0.0111049023,0.999802113],"scale":[13.9015827,5.86406279,6.89782333],"triggerMode":"Overlaps","triggerTestType":"Bounding box"}
{"name":"BeamLRTrigger_VineyardRaceCP60","class":"BeamNGTrigger","persistentId":"0802fecf-76c0-48cf-995a-fa536f6d115e","__parent":"RaceTriggers","position":[1594.27222,112.106453,154.557999],"luaFunction":"onBeamNGTrigger","rotationMatrix":[-0.965239763,-0.259867638,-0.0279385392,0.259229451,-0.965504408,0.0245112311,-0.0333444662,0.0164167266,0.999309063],"scale":[13.9015827,5.86406279,6.89782333],"triggerMode":"Overlaps","triggerTestType":"Bounding box"}
{"name":"BeamLRTrigger_VineyardRaceCP61","class":"BeamNGTrigger","persistentId":"4850feac-aafa-4b47-8e49-caec93eb4814","__parent":"RaceTriggers","position":[1284.40576,-293.512756,151.072311],"luaFunction":"onBeamNGTrigger","rotationMatrix":[0.138403594,-0.989981651,-0.027938541,0.990165353,0.137737572,0.024511233,-0.0204174891,-0.0310562216,0.999309063],"scale":[13.9015827,5.86406279,6.89782333],"triggerMode":"Overlaps","triggerTestType":"Bounding box"}
{"name":"BeamLRTrigger_VineyardRaceCP62","class":"BeamNGTrigger","persistentId":"90d17ef8-1bd0-4a74-ad0a-3c41f189068b","__parent":"RaceTriggers","position":[1093.05969,-446.353638,146.165268],"luaFunction":"onBeamNGTrigger","rotationMatrix":[0.999600232,0.00433091028,-0.0279385373,-0.00364622986,0.999692917,0.024511233,0.0280361138,-0.0243995637,0.999309063],"scale":[11.5953808,5.86406279,6.89782333],"triggerMode":"Overlaps","triggerTestType":"Bounding box"}
{"name":"BeamLRTrigger_VineyardRaceCP63","class":"BeamNGTrigger","persistentId":"99e9537d-e7bf-4072-9da8-c6451ab6aa0b","__parent":"RaceTriggers","position":[617.298035,911.978394,178.26326],"luaFunction":"onBeamNGTrigger","rotationMatrix":[-0.999973655,4.61277668e-05,-0.0072493325,-0.000180414281,-0.999828339,0.0185244214,-0.00724723423,0.0185252409,0.999802113],"scale":[13.7337341,5.86406279,6.89782333],"triggerMode":"Overlaps","triggerTestType":"Bounding box"}
{"name":"BeamLRTrigger_VineyardRaceCP64","class":"BeamNGTrigger","persistentId":"c1a8fa95-29d7-4010-a5bd-ecf4fe4b2015","__parent":"RaceTriggers","position":[338.038574,1308.39124,170.875961],"luaFunction":"onBeamNGTrigger","rotationMatrix":[-0.473753452,-0.880563378,0.0128817959,0.880627751,-0.473566294,0.0151580516,-0.00724724028,0.0185252447,0.999802113],"scale":[13.7337341,5.86406279,6.89782333],"triggerMode":"Overlaps","triggerTestType":"Bounding box"}
{"name":"BeamLRTrigger_VineyardRaceCP65","class":"BeamNGTrigger","persistentId":"f31cd9ff-7772-4709-a4d5-bdaf1058d5cf","__parent":"RaceTriggers","position":[220.754089,1394.64563,190.089828],"luaFunction":"onBeamNGTrigger","rotationMatrix":[-0.655814409,-0.754866123,0.00923306495,0.754887819,-0.655617714,0.0176198184,-0.00724724308,0.0185252503,0.999802113],"scale":[13.7337341,5.86406279,6.89782333],"triggerMode":"Overlaps","triggerTestType":"Bounding box"}
{"name":"BeamLRTrigger_HighwayRaceCP6","class":"BeamNGTrigger","persistentId":"28b3419e-1503-4c34-93fd-b680734dbc3e","__parent":"RaceTriggers","position":[-1594.10779,1426.32776,166.829926],"luaFunction":"onBeamNGTrigger","rotationMatrix":[-0.804605126,0.593641698,0.0141401812,-0.593483746,-0.804724336,0.0139914993,0.0196848847,0.00286566466,0.999802113],"scale":[14.7143173,5.86406279,6.89782333],"triggerMode":"Overlaps","triggerTestType":"Bounding box"}
{"name":"BeamLRTrigger_HighwayRaceCP7","class":"BeamNGTrigger","persistentId":"57ce97c5-2eec-43d3-a4de-d7ae80a81a04","__parent":"RaceTriggers","position":[-1635.24219,1257.36487,168.958252],"luaFunction":"onBeamNGTrigger","rotationMatrix":[-0.996412516,0.0834337845,0.0141401784,-0.0832367912,-0.996431112,0.0139914956,0.0152570838,0.0127643254,0.999802113],"scale":[14.7143173,5.86406279,6.89782333],"triggerMode":"Overlaps","triggerTestType":"Bounding box"}
{"name":"BeamLRTrigger_HighwayRaceCP8","class":"BeamNGTrigger","persistentId":"e3420e2a-e062-4585-92ba-a35bb5de5abc","__parent":"RaceTriggers","position":[-1690.5636,957.325928,168.027023],"luaFunction":"onBeamNGTrigger","rotationMatrix":[-0.968792677,-0.247468412,0.0141401812,0.247660637,-0.968745708,0.0139914984,0.0102357864,0.0170568284,0.999802113],"scale":[14.7143173,5.86406279,6.89782333],"triggerMode":"Overlaps","triggerTestType":"Bounding box"}
{"name":"BeamLRTrigger_HighwayRaceCP9","class":"BeamNGTrigger","persistentId":"ea7943af-dd07-4e08-9a9c-f326afc91b07","__parent":"RaceTriggers","position":[-1571.93494,746.557007,151.091858],"luaFunction":"onBeamNGTrigger","rotationMatrix":[-0.761551499,0.647950113,0.0141401812,-0.647800744,-0.761681199,0.0139914984,0.0198361054,0.00149522629,0.999802113],"scale":[14.7143173,5.86406279,6.89782333],"triggerMode":"Overlaps","triggerTestType":"Bounding box"}
{"name":"BeamLRTrigger_VineyardRaceCP66","class":"BeamNGTrigger","persistentId":"1236aba6-9086-41bf-bad7-33e4cc1de6b1","__parent":"RaceTriggers","position":[907.84729,1162.07727,153.812119],"luaFunction":"onBeamNGTrigger","rotationMatrix":[-0.465907216,-0.884720385,0.0141401831,0.884814441,-0.465733171,0.0139915068,-0.00579301827,0.0190301854,0.999802113],"scale":[19.4299545,5.86406279,6.89782333],"triggerMode":"Overlaps","triggerTestType":"Bounding box"}
{"name":"BeamLRTrigger_VineyardRaceCP67","class":"BeamNGTrigger","persistentId":"44ccaa39-feb0-489c-b5cd-4fd2293c878f","__parent":"RaceTriggers","position":[192.333832,1420.84729,190.089828],"luaFunction":"onBeamNGTrigger","rotationMatrix":[-0.655814409,-0.754866123,0.00923306495,0.754887819,-0.655617714,0.0176198184,-0.00724724308,0.0185252503,0.999802113],"scale":[13.7337341,5.86406279,6.89782333],"triggerMode":"Overlaps","triggerTestType":"Bounding box"}
{"name":"BeamLRTrigger_VineyardRaceCP68","class":"BeamNGTrigger","persistentId":"cc182090-7ed6-4612-8196-6a040ef97bfa","__parent":"RaceTriggers","position":[221.822708,1587.28662,176.130615],"luaFunction":"onBeamNGTrigger","rotationMatrix":[0.757588506,-0.652667105,0.00923306309,0.652470291,0.757609367,0.017619811,-0.0184949264,-0.00732426625,0.999802113],"scale":[13.7337341,5.86406279,6.89782333],"triggerMode":"Overlaps","triggerTestType":"Bounding box"}
{"name":"BeamLRTrigger_VineyardRaceCP69","class":"BeamNGTrigger","persistentId":"48136fdc-86cc-440f-8517-c749f03f01ac","__parent":"RaceTriggers","position":[332.967957,1708.59033,195.999664],"luaFunction":"onBeamNGTrigger","rotationMatrix":[0.887340188,-0.461022854,0.00923306216,0.460826576,0.887315273,0.0176198073,-0.0163157731,-0.0113799237,0.999802113],"scale":[9.26654911,5.86406279,6.89782333],"triggerMode":"Overlaps","triggerTestType":"Bounding box"}
{"name":"BeamLRTrigger_VineyardRaceCP70","class":"BeamNGTrigger","persistentId":"d6f89d97-4503-43a2-9afd-6557e612d873","__parent":"RaceTriggers","position":[302.848785,1764.10803,210.111511],"luaFunction":"onBeamNGTrigger","rotationMatrix":[0.963011324,-0.269302726,0.00923306029,0.269115686,0.962946653,0.0176198073,-0.013636007,-0.0144833112,0.999802113],"scale":[13.2649279,5.86406279,6.89782333],"triggerMode":"Overlaps","triggerTestType":"Bounding box"}
{"name":"BeamLRTrigger_HighwayRaceCP10","class":"BeamNGTrigger","persistentId":"8a2db808-e0ce-48d1-ad6c-dd02ab927bef","__parent":"RaceTriggers","position":[-1179.13464,1502.27222,166.829926],"luaFunction":"onBeamNGTrigger","rotationMatrix":[-0.0457296371,-0.998853683,0.0141401822,0.99886477,-0.0455319881,0.0139914993,-0.0133316284,0.0147639588,0.999802113],"scale":[14.7143173,5.86406279,6.89782333],"triggerMode":"Overlaps","triggerTestType":"Bounding box"}
{"name":"BeamLRTrigger_HighwayRaceCP11","class":"BeamNGTrigger","persistentId":"9c11a5ce-a89d-40c3-8ac5-2ea0274e29fe","__parent":"RaceTriggers","position":[-377.263,1154.84778,169.941208],"luaFunction":"onBeamNGTrigger","rotationMatrix":[-0.0457296371,-0.998853683,0.0141401822,0.99886477,-0.0455319881,0.0139914993,-0.0133316284,0.0147639588,0.999802113],"scale":[14.7143173,5.86406279,6.89782333],"triggerMode":"Overlaps","triggerTestType":"Bounding box"}
{"name":"BeamLRTrigger_AirportRaceCP1","class":"BeamNGTrigger","persistentId":"24715840-abca-466a-91a2-6a5a6a074564","__parent":"RaceTriggers","position":[-1541.21094,1664.9209,155.242432],"luaFunction":"onBeamNGTrigger","rotationMatrix":[0.208092809,-0.978107989,0.00140594691,0.977964222,0.20808655,0.0169088207,-0.0168312117,-0.00214363728,0.999856055],"scale":[85.7572937,8.43777084,6.89782333],"triggerMode":"Overlaps","triggerTestType":"Bounding box"}
{"name":"BeamLRTrigger_CrossroadsRaceCP1","class":"BeamNGTrigger","persistentId":"dac303ec-daea-4a95-89a0-175be4e3f424","__parent":"RaceTriggers","position":[628.112,887.236084,179.532913],"luaFunction":"onBeamNGTrigger","rotationMatrix":[-0.53836894,-0.842660666,0.00906406436,0.842649579,-0.538171291,0.0177073348,-0.0100432551,0.0171709042,0.999802113],"scale":[13.7337341,5.86406279,6.89782333],"triggerMode":"Overlaps","triggerTestType":"Bounding box"}
{"name":"BeamLRTrigger_CrossroadsRaceCP2","class":"BeamNGTrigger","persistentId":"7096c8b9-edb3-49da-b01c-b3feebd40da4","__parent":"RaceTriggers","position":[560.571045,894.063232,175.845734],"luaFunction":"onBeamNGTrigger","rotationMatrix":[-0.938464642,-0.345357746,-0.00349582639,0.345229357,-0.938313961,0.0195828024,-0.0100432551,0.0171709042,0.999802113],"scale":[13.7337341,5.86406279,6.89782333],"triggerMode":"Overlaps","triggerTestType":"Bounding box"}
{"name":"BeamLRTrigger_CrossroadsRaceCP3","class":"BeamNGTrigger","persistentId":"bba34c14-90a2-4491-a1d1-a0fd2dda4364","__parent":"RaceTriggers","position":[285.661011,1241.45935,157.902939],"luaFunction":"onBeamNGTrigger","rotationMatrix":[-0.517671227,-0.855526745,0.0094929412,0.855520427,-0.517473459,0.0174811594,-0.0100432523,0.0171709023,0.999802113],"scale":[13.7337341,5.86406279,6.89782333],"triggerMode":"Overlaps","triggerTestType":"Bounding box"}
{"name":"BeamLRTrigger_CrossroadsRaceCP4","class":"BeamNGTrigger","persistentId":"9899fdc0-b690-4555-a045-ab30fc55fe89","__parent":"RaceTriggers","position":[-69.1652603,1382.34485,146.478195],"luaFunction":"onBeamNGTrigger","rotationMatrix":[-0.853865623,0.520198882,-0.0175113417,-0.52039665,-0.853872538,0.00943715405,-0.0100432569,0.0171709061,0.999802113],"scale":[13.7337341,5.86406279,6.89782333],"triggerMode":"Overlaps","triggerTestType":"Bounding box"}
