{"class":"TSStatic","persistentId":"a9b76c1a-d10c-44c6-bb9d-ca433a1e3e99","__parent":"general","position":[464.487396,859.020508,148.80278],"isRenderEnabled":false,"rotationMatrix":[0.707106829,0.707106769,0,0.612372458,-0.612372518,0.499999791,0.353553236,-0.353553265,-0.866025567],"scale":[1.25898433,1.25898433,1.25898433],"shapeName":"/levels/italy/art/shapes/rocks/italy_rockface_boulder_1.dae","useInstanceRenderData":true}
{"class":"TSStatic","persistentId":"b17a9dcf-7c5d-4407-a3e7-8e3108110af8","__parent":"general","position":[460.773376,860.086243,148.852219],"isRenderEnabled":false,"scale":[1.69550776,1.69550776,1.69550776],"shapeName":"/levels/italy/art/shapes/rocks/italy_rockface_boulder_2.dae","useInstanceRenderData":true}
{"class":"TSStatic","persistentId":"4227d116-1b3a-4001-9b46-48984eab6798","__parent":"general","position":[454.772095,860.086243,148.852219],"isRenderEnabled":false,"rotationMatrix":[-0.258819222,-0.965925574,0,0.965925574,-0.258819222,0,0,0,1],"scale":[1.69550776,1.69550776,1.69550776],"shapeName":"/levels/italy/art/shapes/rocks/italy_rockface_boulder_2.dae","useInstanceRenderData":true}
{"class":"TSStatic","persistentId":"48b76ae2-d29e-4c2b-8b02-c1fdbc5b1c45","__parent":"general","position":[451.740265,860.778809,148.630417],"isRenderEnabled":false,"rotationMatrix":[-0.965925694,3.56295232e-07,0.258818626,3.44154785e-07,1,-9.22158563e-08,-0.258818626,3.55271368e-15,-0.965925694],"scale":[1.69550776,1.69550776,1.69550776],"shapeName":"/levels/italy/art/shapes/rocks/italy_rockface_boulder_2.dae","useInstanceRenderData":true}
{"class":"TSStatic","persistentId":"51e3fddb-49df-46f6-8099-67dadc6908ac","__parent":"general","position":[447.081421,861.217896,148.25827],"isRenderEnabled":false,"rotationMatrix":[5.96046448e-07,0.999999881,0,-0.70710659,4.76837158e-07,-0.707106709,-0.707106709,3.27825546e-07,0.707106769],"scale":[1.25898433,1.25898433,1.25898433],"shapeName":"/levels/italy/art/shapes/rocks/italy_rockface_boulder_1.dae","useInstanceRenderData":true}
{"class":"TSStatic","persistentId":"cdcee3ed-49b1-4113-b794-c86fa98d0c0d","__parent":"general","position":[562.716003,1190.71997,175.929993],"annotation":"ASPHALT","isRenderEnabled":false,"rotationMatrix":[0.975984454,-0.217840284,-1.01813202e-05,0.217840225,0.975984156,0.000766692217,-0.000157079645,-0.000750497566,0.999999702],"shapeName":"/levels/italy/art/shapes/buildings/italy_road_highwaycross.dae","useInstanceRenderData":true}
{"class":"TSStatic","persistentId":"9e583686-e24b-4a11-9907-1d20fe3d04d3","__parent":"general","position":[443.705994,790.984009,170.813004],"annotation":"ASPHALT","isRenderEnabled":false,"rotationMatrix":[0.513107538,-0.858324349,-1.51470304e-05,0.857847035,0.512821615,0.0333540328,-0.0286208075,-0.017127201,0.999443591],"scale":[1.20099998,1.15499997,1.20099998],"shapeName":"/levels/italy/art/shapes/buildings/italy_road_60_7.dae","useInstanceRenderData":true}
{"class":"TSStatic","persistentId":"983690f3-58cc-4dcc-a046-7b2c27b9008c","__parent":"general","position":[-155.893005,511.67099,178.951004],"annotation":"ASPHALT","isRenderEnabled":false,"rotationMatrix":[0.499929428,-0.866044044,0.00618121307,0.866065741,0.499909639,-0.00452134106,0.000825632596,0.00761368871,0.999970675],"scale":[1,1.11000001,1],"shapeName":"/levels/italy/art/shapes/buildings/italy_road_60_7.dae","useInstanceRenderData":true}
{"class":"TSStatic","persistentId":"c1972ade-667c-4d78-8ba6-d114193bc0a6","__parent":"general","position":[-1055.92798,-667.98999,407.150024],"isRenderEnabled":false,"rotationMatrix":[0.906307101,-0.42261973,-3.69278719e-10,0.42261973,0.906307101,-1.72198117e-10,4.07454237e-10,-1.2490009e-16,1],"shapeName":"/levels/italy/art/shapes/buildings/dam_upper_road.dae","useInstanceRenderData":true}
{"class":"TSStatic","persistentId":"3211806c-ec41-4eee-99ff-b32284df297f","__parent":"general","position":[422.599762,1901.06189,199.771973],"annotation":"OBSTACLES","isRenderEnabled":false,"shapeName":"/levels/italy/art/shapes/buildings/italy_bollard_small.dae","useInstanceRenderData":true}
{"class":"TSStatic","persistentId":"f9ff3adf-e8e6-4fe0-b5ce-457633c8c05f","__parent":"general","position":[423.154205,1901.06189,199.771973],"annotation":"OBSTACLES","isRenderEnabled":false,"shapeName":"/levels/italy/art/shapes/buildings/italy_bollard_small.dae","useInstanceRenderData":true}
{"class":"TSStatic","persistentId":"8dc6c97d-c92c-48b2-b99a-7d46636c9fc7","__parent":"general","position":[423.728882,1901.06189,199.771973],"annotation":"OBSTACLES","isRenderEnabled":false,"shapeName":"/levels/italy/art/shapes/buildings/italy_bollard_small.dae","useInstanceRenderData":true}
{"class":"TSStatic","persistentId":"47fa4572-10ae-48c2-9a82-0d53e53e219c","__parent":"general","position":[1122.98926,1071.02002,158.935974],"annotation":"OBSTACLES","isRenderEnabled":false,"shapeName":"/levels/italy/art/shapes/buildings/italy_clutter_pallet.DAE","useInstanceRenderData":true}
{"class":"TSStatic","persistentId":"1f2ac414-3fd3-41f8-9b04-cd208db30285","__parent":"general","position":[1121.15417,1071.02002,158.935974],"annotation":"OBSTACLES","isRenderEnabled":false,"shapeName":"/levels/italy/art/shapes/buildings/italy_clutter_pallet.DAE","useInstanceRenderData":true}
{"class":"TSStatic","persistentId":"86d90358-af69-435f-b3a8-1030a3d4536c","__parent":"general","position":[1119.75635,1071.02002,158.935974],"annotation":"OBSTACLES","isRenderEnabled":false,"shapeName":"/levels/italy/art/shapes/buildings/italy_clutter_pallet.DAE","useInstanceRenderData":true}
{"class":"TSStatic","persistentId":"82623f15-226a-491d-8718-b5560d862aea","__parent":"general","position":[1118.36902,1071.02002,158.935974],"annotation":"OBSTACLES","isRenderEnabled":false,"shapeName":"/levels/italy/art/shapes/buildings/italy_clutter_pallet.DAE","useInstanceRenderData":true}
{"class":"TSStatic","persistentId":"00038f6f-7f19-40ad-a107-3db5600f86f9","__parent":"general","position":[892.539612,544.506958,186.702545],"annotation":"BUILDINGS","isRenderEnabled":false,"rotationMatrix":[-0.805564821,0.592508435,0,-0.592508435,-0.805564821,0,0,0,1],"shapeName":"/levels/italy/art/shapes/buildings/italy_bld_garage_a.DAE"}
{"class":"TSStatic","persistentId":"000cf1c1-2fb7-4aac-ac64-a134bd6abadb","__parent":"general","position":[869.816101,1075.31738,151.834427],"annotation":"OBSTACLES","isRenderEnabled":false,"rotationMatrix":[0.942605436,-0.333908826,0,0.333908826,0.942605436,0,0,0,1],"shapeName":"/levels/italy/art/shapes/buildings/italy_road_city_tunnel.dae"}
{"class":"TSStatic","persistentId":"0011607f-d81d-48c8-a15f-fc79efde6824","__parent":"general","position":[575.906494,-1412.97632,374.061371],"annotation":"ROCK","isRenderEnabled":false,"rotationMatrix":[0.747348726,0.655796707,0.106775656,-0.37721917,0.551071942,-0.744329095,-0.546968997,0.515995443,0.659222364],"scale":[2.56580329,2.56580329,2.56580329],"shapeName":"/levels/italy/art/shapes/rocks/italy_rockface_tall_wide.dae"}
{"class":"TSStatic","persistentId":"0014abe2-59e9-434c-b90b-ed86eb773a5c","__parent":"general","position":[539.5,1436.00012,151.016953],"annotation":"BUILDINGS","isRenderEnabled":false,"rotationMatrix":[3.72528973e-07,-1,0,1,3.72528973e-07,0,0,0,1],"shapeName":"/levels/italy/art/shapes/buildings/town_bld_12x12_2ndF_Yellowconcrete_a.DAE"}
{"class":"TSStatic","persistentId":"001f5fb4-6d1b-4f59-833c-6d192795c77b","__parent":"general","position":[1068,-735,146.235321],"annotation":"BUILDINGS","isRenderEnabled":false,"rotationMatrix":[-1.78813906e-07,1,0,-1,-1.78813906e-07,0,0,0,1],"shapeName":"/levels/italy/art/shapes/buildings/town_bld_6x10x13_OldConcrete_a.DAE"}
{"class":"TSStatic","persistentId":"002993a1-776d-45f7-b205-792a676c40ea","__parent":"general","position":[1116,-769.5,147.210724],"annotation":"BUILDINGS","isRenderEnabled":false,"rotationMatrix":[1,1.78813934e-07,0,-1.78813934e-07,1,0,0,0,1],"shapeName":"/levels/italy/art/shapes/buildings/town_bld_10x12x17_BrownConcrete_a.DAE"}
{"class":"TSStatic","persistentId":"003aa3da-8e8f-4667-8c93-450db1542246","__parent":"general","position":[426.138245,1395.48047,159.173584],"annotation":"BUILDINGS","isRenderEnabled":false,"rotationMatrix":[-0.999999821,-1.63912773e-07,0,1.63912773e-07,-0.999999821,0,0,0,1],"scale":[1.08603513,1,1],"shapeName":"/levels/italy/art/shapes/buildings/town_bld_6x10x13_OldConcrete_a.DAE"}
{"class":"TSStatic","persistentId":"005015e6-a03d-4987-a1e0-70002bf18cf6","__parent":"general","position":[884.556396,1279.74084,147.136719],"annotation":"OBSTACLES","isRenderEnabled":false,"shapeName":"/levels/italy/art/shapes/buildings/italy_city_tree_pot_small.dae"}
{"class":"TSStatic","persistentId":"00586cc8-c66a-464b-98dd-fc8cc96adf22","__parent":"general","position":[-1242.47595,1589.83069,152.611496],"annotation":"OBSTACLES","isRenderEnabled":false,"rotationMatrix":[0.972582698,0.232557833,0,-0.232557833,0.972582698,0,0,0,1],"shapeName":"/levels/italy/art/shapes/buildings/italy_bld_boomgate_6.5m.dae"}
{"class":"TSStatic","persistentId":"00909099-6677-434b-8c3d-a840b7961886","__parent":"general","position":[-995.5,885.5,395.177948],"annotation":"BUILDINGS","isRenderEnabled":false,"rotationMatrix":[-0.999999523,1.19209275e-07,0,-1.19209275e-07,-0.999999523,0,0,0,1],"shapeName":"/levels/italy/art/shapes/buildings/town_bld_5x12x11_BigBeveledBricks_a.DAE"}
{"class":"TSStatic","persistentId":"00ae500b-fec3-4272-9862-8d761ec78c2b","__parent":"general","position":[463.746796,591.376587,169.422195],"annotation":"ROCK","isRenderEnabled":false,"rotationMatrix":[-0.965623319,-0.259943008,0,0.253534585,-0.941817582,-0.220677704,0.0573636293,-0.213091537,0.975346804],"scale":[0.81074512,0.81074512,0.81074512],"shapeName":"/levels/italy/art/shapes/rocks/italy_rockface_tall_wide.dae"}
{"class":"TSStatic","persistentId":"00b22234-d070-48a6-b626-4d88ad8024bb","__parent":"general","position":[-974.5,915.5,391.210236],"annotation":"BUILDINGS","isRenderEnabled":false,"rotationMatrix":[2.98023224e-08,0.99999994,0,-0.99999994,2.98023224e-08,0,0,0,1],"shapeName":"/levels/italy/art/shapes/buildings/town_bld_5x12x11_BigBeveledBricks_a.DAE"}
{"class":"TSStatic","persistentId":"00c0821a-b766-4650-8761-2311d9285d2e","__parent":"general","position":[528.371277,1175.24548,163.04718],"annotation":"ROCK","isRenderEnabled":false,"rotationMatrix":[-0.993360162,-0.0355903432,-0.109401576,0.0769506097,-0.912459016,-0.401866913,-0.0855218545,-0.407616526,0.909139514],"scale":[1.3445791,1.3445791,1.3445791],"shapeName":"/levels/italy/art/shapes/rocks/italy_rockface_tall_narrow.dae"}
{"class":"TSStatic","persistentId":"00d5ef6c-4131-460c-87f9-f7dbab64053b","__parent":"general","position":[1060.49988,-486.5,148.230362],"annotation":"BUILDINGS","isRenderEnabled":false,"rotationMatrix":[-2.98023188e-08,1,0,-1,-2.98023188e-08,0,0,0,1],"shapeName":"/levels/italy/art/shapes/buildings/town_bld_12x12_1stF_YellowBigBricks_b.DAE"}
{"class":"TSStatic","persistentId":"00e608ee-20d3-44eb-9b21-987693dc28d6","__parent":"general","position":[495.5,1423.5,151.807236],"annotation":"BUILDINGS","isRenderEnabled":false,"rotationMatrix":[-0.999999583,-1.04308128e-07,0,1.04308128e-07,-0.999999583,0,0,0,1],"shapeName":"/levels/italy/art/shapes/buildings/town_bld_8x12x17_YellowConcrete_a.DAE"}
{"class":"TSStatic","persistentId":"00eb706e-6839-41b2-9689-4db1d98310ac","__parent":"general","position":[-1030.5,883.5,395.153381],"annotation":"BUILDINGS","isRenderEnabled":false,"rotationMatrix":[-0.866025567,0.5,0,-0.5,-0.866025567,0,0,0,1],"shapeName":"/levels/italy/art/shapes/buildings/town_bld_6x10x13_OldConcrete_a.DAE"}
{"class":"TSStatic","persistentId":"00f4b690-ff75-4505-aa2a-35e72efd5d74","__parent":"general","position":[653,1452,139],"annotation":"BUILDINGS","isRenderEnabled":false,"rotationMatrix":[2.5331974e-07,0.999999702,0,-0.999999702,2.5331974e-07,0,0,0,1],"shapeName":"/levels/italy/art/shapes/buildings/ind_bld_12x15.dae"}
{"class":"TSStatic","persistentId":"0124c2dc-9b9a-41c3-a8cc-70eca370b1cf","__parent":"general","position":[677.5,1326.5,148.191086],"annotation":"BUILDINGS","isRenderEnabled":false,"rotationMatrix":[-1,-5.96046377e-08,0,5.96046377e-08,-1,0,0,0,1],"shapeName":"/levels/italy/art/shapes/buildings/town_bld_12x12_1stF_YellowBigBricks_a.DAE"}
{"class":"TSStatic","persistentId":"012ac251-b74d-4a90-93ff-2fea7c99359c","__parent":"general","position":[-1072.54919,805.466309,384.195801],"annotation":"BUILDINGS","isRenderEnabled":false,"rotationMatrix":[0.10620261,0.994344711,0,-0.994344711,0.10620261,0,0,0,1],"shapeName":"/levels/italy/art/shapes/buildings/town_bld_7x12x16_YellowBricks_a.DAE"}
{"class":"TSStatic","persistentId":"014574ef-1887-43d9-a066-dc9dcba70ec1","__parent":"general","position":[678.5,911.5,179.752396],"annotation":"BUILDINGS","isRenderEnabled":false,"shapeName":"/levels/italy/art/shapes/buildings/town_bld_6x10x13_OldConcrete_a.DAE"}
{"class":"TSStatic","persistentId":"01471351-ce30-445b-8dee-97846b6f4661","__parent":"general","position":[705.921997,412.975708,177.600006],"annotation":"OBSTACLES","isRenderEnabled":false,"rotationMatrix":[0.480741888,-0.876861691,0,0.876861691,0.480741888,0,0,0,1],"shapeName":"/levels/italy/art/shapes/buildings/italy_wall_stone_bricktop.dae"}
{"class":"TSStatic","persistentId":"01816f86-bb05-4b4d-8a2e-67ba36ada803","__parent":"general","position":[600.791992,1155.41113,163.11525],"annotation":"ROCK","isRenderEnabled":false,"rotationMatrix":[-0.901245594,0.430397302,0.0501526371,-0.424627751,-0.854199111,-0.30005914,-0.0863042474,-0.291723043,0.952601314],"scale":[1.28422177,1.28422177,1.28422177],"shapeName":"/levels/italy/art/shapes/rocks/italy_rockface_tall_wide.dae"}
{"class":"TSStatic","persistentId":"0196b45a-7b10-49a2-88ab-7440eb3f3e8c","__parent":"general","position":[-746.45636,-898.758972,442.898041],"annotation":"ROCK","isRenderEnabled":false,"rotationMatrix":[0.821399868,0.569791377,0.0252968743,-0.570303321,0.819935739,0.0495814718,0.00750923483,-0.0551529303,0.998449862],"scale":[1.57058024,1.57058024,1.57058024],"shapeName":"/levels/italy/art/shapes/rocks/italy_rockface_tall_wide.dae"}
{"class":"TSStatic","persistentId":"01a9c2c5-6e28-4d10-8ba8-69e8e3491538","__parent":"general","position":[609.790039,1229.00354,156.652481],"annotation":"BUILDINGS","isRenderEnabled":false,"rotationMatrix":[0.944349885,-0.328943372,0,0.328943372,0.944349885,0,0,0,1],"shapeName":"/levels/italy/art/shapes/buildings/italy_town_bld1.dae"}
{"class":"TSStatic","persistentId":"01bcc6ca-6c06-413c-8855-6ddd42d9cabc","__parent":"general","position":[720.400024,371,173.900009],"annotation":"OBSTACLES","isRenderEnabled":false,"rotationMatrix":[-0.693363726,-0.720587194,0,0.720587194,-0.693363726,0,0,0,1],"shapeName":"/levels/italy/art/shapes/buildings/italy_wall_stone_bricktop.dae"}
{"class":"TSStatic","persistentId":"01cd4bff-5eb9-4895-a5f6-9e74836bf327","__parent":"general","position":[1072.84265,-654.157837,146.346573],"annotation":"BUILDINGS","isRenderEnabled":false,"rotationMatrix":[0.707106829,0.707106769,0,-0.707106769,0.707106829,0,0,0,1],"shapeName":"/levels/italy/art/shapes/buildings/town_bld_8x12x11_BigBricksRow_a.DAE"}
{"class":"TSStatic","persistentId":"01d282d3-deb5-4192-913e-adc0a2516218","__parent":"general","position":[1086.5,-522.5,144.362427],"annotation":"BUILDINGS","isRenderEnabled":false,"rotationMatrix":[-2.98023224e-08,-1,0,1,-2.98023224e-08,0,0,0,1],"shapeName":"/levels/italy/art/shapes/buildings/town_bld_angled_16x13x22_RedBricks_b.DAE"}
{"class":"TSStatic","persistentId":"01e1ad40-7919-430b-ad73-8dcedf5fdb09","__parent":"general","position":[143.5,-363.5,194.5],"annotation":"BUILDINGS","isRenderEnabled":false,"rotationMatrix":[-0.99999994,4.47034836e-08,0,-4.47034836e-08,-0.99999994,0,0,0,1],"shapeName":"/levels/italy/art/shapes/buildings/town_bld_Com_Corner_12x12x19_BrownConcrete_a.DAE"}
{"class":"TSStatic","persistentId":"01e73a36-d154-4464-b077-a07c37ce9103","__parent":"general","position":[972.899963,549.399963,185.400009],"annotation":"OBSTACLES","isRenderEnabled":false,"rotationMatrix":[0.821193039,-0.570649683,0,0.570649803,0.821192682,0,0,0,1],"shapeName":"/levels/italy/art/shapes/buildings/italy_wall_stone_bricktop.dae"}
{"class":"TSStatic","persistentId":"01f52504-99fb-4c91-bb28-2047633dfaf9","__parent":"general","position":[416.694122,1323.67419,167.159744],"annotation":"BUILDINGS","isRenderEnabled":false,"rotationMatrix":[0.920572996,-0.390570492,0,0.390570492,0.920572996,0,0,0,1],"shapeName":"/levels/italy/art/shapes/buildings/town_bld_6x10x13_OldConcrete_a.DAE"}
{"class":"TSStatic","persistentId":"01fdaa18-e376-499b-910d-2cf3639f43b4","__parent":"general","position":[-1779.84766,1312.58374,138.972122],"annotation":"OBSTACLES","isRenderEnabled":false,"rotationMatrix":[1,-2.98023153e-08,0,2.98023153e-08,1,0,0,0,1],"scale":[1.06523442,1,1],"shapeName":"/levels/italy/art/shapes/buildings/italy_guardrails_railing.dae"}
{"class":"TSStatic","persistentId":"0200a009-d565-4696-9983-4da51e756e4a","__parent":"general","position":[418.5,1341.5,169],"annotation":"BUILDINGS","isRenderEnabled":false,"rotationMatrix":[-7.4505806e-08,1,0,-1,-7.4505806e-08,0,0,0,1],"shapeName":"/levels/italy/art/shapes/buildings/town_bld_12x12_3rdF_YellowBricks_a.DAE"}
{"class":"TSStatic","persistentId":"025c0eeb-51f6-44b0-86a3-7f91523d1e19","__parent":"general","position":[746,370.300018,175.700012],"annotation":"OBSTACLES","isRenderEnabled":false,"rotationMatrix":[0.693363667,0.720587254,0,-0.720587254,0.693363667,0,0,0,1],"shapeName":"/levels/italy/art/shapes/buildings/italy_wall_stone_bricktop.dae"}
{"class":"TSStatic","persistentId":"026fa6d9-09b3-46ea-bd25-61278774c5f6","__parent":"general","position":[507.976471,1380.70276,155.5354],"annotation":"BUILDINGS","isRenderEnabled":false,"rotationMatrix":[0.0966717899,-0.995316386,0,0.995316386,0.0966717973,0,0,0,1],"shapeName":"/levels/italy/art/shapes/buildings/town_bld_5x9x10_OldBricks_a.DAE"}
{"class":"TSStatic","persistentId":"02ce6f93-7acd-4579-9226-61a37b197b33","__parent":"general","position":[-1196.28479,1597.90491,152.45665],"annotation":"TRAFFIC_SIGNS","isRenderEnabled":false,"rotationMatrix":[0.627073467,-0.778960109,0,0.778960109,0.627073467,0,0,0,1],"shapeName":"/levels/italy/art/shapes/signs/italy_traf_sign_noentry.dae"}
{"class":"TSStatic","persistentId":"02d2f99a-57bc-4714-857f-5681b08c7e1a","__parent":"general","position":[1028,503.600006,182.600006],"annotation":"OBSTACLES","isRenderEnabled":false,"rotationMatrix":[0.632563353,0.774508297,0,-0.774508357,0.632563412,0,0,0,1],"shapeName":"/levels/italy/art/shapes/buildings/italy_wall_stone_bricktop.dae"}
{"class":"TSStatic","persistentId":"02dee213-7d97-415b-8915-80bb59463df9","__parent":"general","position":[1220.5,1345.5,141.5],"annotation":"BUILDINGS","isRenderEnabled":false,"shapeName":"/levels/italy/art/shapes/buildings/town_bld_13x12x13_TerraBricks_a.DAE"}
{"class":"TSStatic","persistentId":"02e2359b-2d15-4fe9-a2b2-c24935ace729","__parent":"general","position":[276.023865,-608.182556,344.936584],"annotation":"ROCK","isRenderEnabled":false,"rotationMatrix":[-0.879533112,-0.432467997,-0.198477402,0.475269914,-0.818796396,-0.322010607,-0.023253357,-0.377549022,0.925697565],"scale":[1.16295505,1.16295505,1.16295505],"shapeName":"/levels/italy/art/shapes/rocks/italy_rockface_tall_wide.dae"}
{"class":"TSStatic","persistentId":"02fa1b1f-b85c-49e9-b8bb-3dd73e7ba71e","__parent":"general","position":[428.5,1387.5,158],"annotation":"BUILDINGS","isRenderEnabled":false,"shapeName":"/levels/italy/art/shapes/buildings/town_bld_8x12x17_YellowConcrete_a.DAE"}
{"class":"TSStatic","persistentId":"0303bae3-3c0c-4d9e-892f-83e5d7b32265","__parent":"general","position":[1193.5,1240.5,148.5],"annotation":"BUILDINGS","isRenderEnabled":false,"rotationMatrix":[-1,4.17232428e-07,0,-4.17232428e-07,-1,0,0,0,1],"shapeName":"/levels/italy/art/shapes/buildings/town_bld_12x12_1stF_RedYellowOldConcrete_a.DAE"}
{"class":"TSStatic","persistentId":"030c1cd3-7ab6-4512-a322-ae5b7c57e044","__parent":"general","position":[-1100.94995,457.223999,325.957001],"annotation":"NATURE","isRenderEnabled":false,"rotationMatrix":[0.0187962055,0.999823391,0,-0.999823391,0.0187962055,0,0,0,1],"shapeName":"/levels/italy/art/shapes/trees/trees_italy/forest_interior_group_1.dae"}
{"class":"TSStatic","persistentId":"03296d6d-53c9-448c-9f58-aed6ba9f3892","__parent":"general","position":[1157.53113,1241.41174,148.102371],"annotation":"OBSTACLES","isRenderEnabled":false,"shapeName":"/levels/italy/art/shapes/buildings/italy_city_tree_pot.dae"}
{"class":"TSStatic","persistentId":"033a17c0-523d-4505-b384-fc9273ddfb7d","__parent":"general","position":[1154.5,1109.5,157.177139],"annotation":"BUILDINGS","isRenderEnabled":false,"shapeName":"/levels/italy/art/shapes/buildings/town_bld_8x12x11_BigBricksRow_a.DAE"}
{"class":"TSStatic","persistentId":"033e3d2d-13d1-4bdb-a650-4d4f416bfe1f","__parent":"general","position":[983.5,1135.58325,154.368958],"annotation":"BUILDINGS","isRenderEnabled":false,"rotationMatrix":[-8.94069672e-08,-1,0,1,-8.94069672e-08,0,0,0,1],"scale":[1.09200001,1,1],"shapeName":"/levels/italy/art/shapes/buildings/town_bld_5x12x11_BigBeveledBricks_a.DAE"}
{"class":"TSStatic","persistentId":"033fe5c8-05e7-4169-8ebb-8ccdb30d56a9","__parent":"general","position":[904.574646,1228.56763,149.5],"annotation":"BUILDINGS","isRenderEnabled":false,"rotationMatrix":[-0.707107067,-0.70710659,0,0.70710659,-0.707107067,0,0,0,1],"shapeName":"/levels/italy/art/shapes/buildings/town_bld_12x12_1stF_RedYellowOldConcrete_a.DAE"}
{"class":"TSStatic","persistentId":"034fb516-8594-4a40-ae00-6d93468d7c8c","__parent":"general","position":[920.197449,517.299988,184.236679],"annotation":"OBSTACLES","isRenderEnabled":false,"rotationMatrix":[0.853559494,-0.520304501,-0.0268237628,0.520047784,0.853980839,-0.0163428932,0.0314102583,-5.58793412e-09,0.999506593],"shapeName":"/levels/italy/art/shapes/buildings/italy_wall_stone_bricktop.dae"}
{"class":"TSStatic","persistentId":"036dd608-8447-435d-a798-8a445a343e17","__parent":"general","position":[745.600037,418.100037,177.800003],"annotation":"OBSTACLES","isRenderEnabled":false,"rotationMatrix":[0.866025448,0.49999994,0,-0.49999994,0.866025448,0,0,0,1],"shapeName":"/levels/italy/art/shapes/buildings/italy_wall_stone_bricktop.dae"}
{"class":"TSStatic","persistentId":"0376ed74-a30f-420a-a871-ab6e9877cc35","__parent":"general","position":[-1756.5,1511,141.52272],"annotation":"BUILDINGS","isRenderEnabled":false,"rotationMatrix":[-0.999999225,-2.98022709e-08,0,2.98022709e-08,-0.999999225,0,0,0,1],"scale":[0.963671863,1,1],"shapeName":"/levels/italy/art/shapes/buildings/town_bld_com_angled_15x13x18_Concrete.DAE"}
{"class":"TSStatic","persistentId":"038fdaac-fb93-4255-9edc-02eada09aae8","__parent":"general","position":[1452.01636,1432.43799,138.5],"annotation":"OBSTACLES","isRenderEnabled":false,"rotationMatrix":[0.707106769,0.707106888,0,-0.707106888,0.707106769,0,0,0,1],"shapeName":"/levels/italy/art/shapes/buildings/italy_guardrails_railing.dae"}
{"class":"TSStatic","persistentId":"03963449-5df7-48dd-bc59-9fcc5551e533","__parent":"general","position":[1193.5,1276.5,148.383331],"annotation":"BUILDINGS","isRenderEnabled":false,"rotationMatrix":[-1,-2.98023195e-07,0,2.98023195e-07,-1,0,0,0,1],"shapeName":"/levels/italy/art/shapes/buildings/town_bld_12x12_2ndF_Yellowconcrete_a.DAE"}
{"class":"TSStatic","persistentId":"03a002fd-b9e0-427a-929e-b9324e2592ed","__parent":"general","position":[810.5,1283.5,147.173401],"annotation":"BUILDINGS","isRenderEnabled":false,"rotationMatrix":[-0.999999702,5.96046448e-08,0,-5.96046448e-08,-0.999999702,0,0,0,1],"shapeName":"/levels/italy/art/shapes/buildings/town_bld_angled_16x14x19_TerraOldConcrete.DAE"}
{"class":"TSStatic","persistentId":"03a1489a-6e99-4bb5-9b78-c484babafb03","__parent":"general","position":[643.599976,412.900024,172],"annotation":"OBSTACLES","isRenderEnabled":false,"rotationMatrix":[0.499999881,0.866025269,0,-0.866025269,0.499999881,0,0,0,1],"shapeName":"/levels/italy/art/shapes/buildings/italy_fence_mesh_6m.dae"}
{"class":"TSStatic","persistentId":"03a4dfc3-a847-4eb0-9515-2e49c1efc852","__parent":"general","position":[922.5,1233.5,148.904556],"annotation":"BUILDINGS","isRenderEnabled":false,"rotationMatrix":[-0.999999523,-7.4505806e-08,0,7.4505806e-08,-0.999999523,0,0,0,1],"shapeName":"/levels/italy/art/shapes/buildings/town_bld_6x10x13_OldConcrete_a.DAE"}
{"class":"TSStatic","persistentId":"03af4654-d821-499d-9fe1-ad7bd0319532","__parent":"general","position":[-1789.60693,1299.5636,138.36528],"annotation":"OBSTACLES","isRenderEnabled":false,"rotationMatrix":[1.04308128e-07,0.999999583,0,-0.999999583,1.04308128e-07,0,0,0,1],"shapeName":"/levels/italy/art/shapes/buildings/italy_guardrails_railing.dae"}
{"class":"TSStatic","persistentId":"03bf92a6-5f94-4ec4-8f73-900b9b9cbbbf","__parent":"general","position":[-1802.73657,1194.06104,149.537231],"annotation":"BUILDINGS","isRenderEnabled":false,"rotationMatrix":[0.626603723,0.779338002,0,-0.779338002,0.626603723,0,0,0,1],"scale":[0.99000001,1,1],"shapeName":"/levels/italy/art/shapes/buildings/town_bld_11x12x9_OldBricksConcrete_a.DAE"}
{"class":"TSStatic","persistentId":"03edbb3f-735c-4688-a9ac-c04cac32e28d","__parent":"general","position":[1304.5,1351.5,141.230728],"annotation":"BUILDINGS","isRenderEnabled":false,"rotationMatrix":[0.995109975,0.0987761468,0,-0.0987761468,0.995109975,0,0,0,1],"shapeName":"/levels/italy/art/shapes/buildings/town_bld_12x12x18_BigBricksRowOldConcrete_a.DAE"}
{"class":"TSStatic","persistentId":"04330944-786a-469f-8ee0-1187cadf76a9","__parent":"general","position":[-1076.85059,764.455322,379.311829],"annotation":"BUILDINGS","isRenderEnabled":false,"rotationMatrix":[0.127025053,0.99189949,0,-0.99189949,0.127025053,0,0,0,1],"shapeName":"/levels/italy/art/shapes/buildings/town_bld_8x12x11_BigBricksRow_a.DAE"}
{"class":"TSStatic","persistentId":"0436aebd-227a-411e-b077-04df5660df37","__parent":"general","position":[-1745.5,1306.5,140.410889],"annotation":"BUILDINGS","isRenderEnabled":false,"rotationMatrix":[-2.38418579e-07,1.00000012,0,-1.00000012,-2.38418579e-07,0,0,0,1],"shapeName":"/levels/italy/art/shapes/buildings/town_bld_Com_Corner_12x12x9_OldBricks_a.DAE"}
{"class":"TSStatic","persistentId":"044de4f7-0717-4521-8b53-4a5acb310f6a","__parent":"general","position":[1115.5,1171,154.866226],"annotation":"BUILDINGS","isRenderEnabled":false,"rotationMatrix":[-0.948683143,-0.316228449,0,0.316228449,-0.948683143,0,0,0,1],"scale":[0.948700011,1,1],"shapeName":"/levels/italy/art/shapes/buildings/town_bld_5x12x11_BigBeveledBricks_a.DAE"}
{"class":"TSStatic","persistentId":"045ee3fc-4da9-4085-a33f-eefbf3332ea5","__parent":"general","position":[1473.5,1584,138.5],"annotation":"OBSTACLES","isRenderEnabled":false,"rotationMatrix":[1.04308128e-07,0.999999583,0,-0.999999583,1.04308128e-07,0,0,0,1],"shapeName":"/levels/italy/art/shapes/buildings/italy_guardrails_railing.dae"}
{"class":"TSStatic","persistentId":"0473c95b-da2d-46c3-92e5-23aa28369d7d","__parent":"general","position":[1040.30005,489.900024,183.400009],"annotation":"OBSTACLES","isRenderEnabled":false,"rotationMatrix":[0.827744126,-0.561104774,0,0.561104715,0.827744126,0,0,0,1],"shapeName":"/levels/italy/art/shapes/buildings/italy_wall_stone_bricktop.dae"}
{"class":"TSStatic","persistentId":"048c1902-906b-4b15-8d77-49f1dd8b98c8","__parent":"general","position":[1182,1185.5,153],"annotation":"BUILDINGS","isRenderEnabled":false,"rotationMatrix":[-1.49011612e-08,0.999999881,0,-0.999999881,-1.49011612e-08,0,0,0,1],"shapeName":"/levels/italy/art/shapes/buildings/town_bld_5x12x11_BigBeveledBricks_a.DAE"}
{"class":"TSStatic","persistentId":"04c0ea7b-83ee-4d2f-8322-062f2f08e674","__parent":"general","position":[718.5,911.500061,185.997559],"annotation":"BUILDINGS","isRenderEnabled":false,"rotationMatrix":[1,-2.98023153e-08,0,2.98023153e-08,1,0,0,0,1],"shapeName":"/levels/italy/art/shapes/buildings/town_bld_12x12_3rdF_RedYellowOldConcrete_a.DAE"}
{"class":"TSStatic","persistentId":"04fb837d-6900-44b6-bf02-24a80d1e1b99","__parent":"general","position":[-1008.5,924.5,397.080536],"annotation":"BUILDINGS","isRenderEnabled":false,"rotationMatrix":[2.98023224e-08,0.99999994,0,-0.99999994,2.98023224e-08,0,0,0,1],"shapeName":"/levels/italy/art/shapes/buildings/town_bld_Com_angled_15x13x17_OldConcreteYellowBricks_b.DAE"}
{"class":"TSStatic","persistentId":"04fec48a-10ac-4ac0-8302-6bc7042b378c","__parent":"general","position":[1030.30005,496.700012,183.400009],"annotation":"OBSTACLES","isRenderEnabled":false,"rotationMatrix":[0.827744126,-0.561104774,0,0.561104715,0.827744126,0,0,0,1],"shapeName":"/levels/italy/art/shapes/buildings/italy_wall_stone_bricktop.dae"}
{"class":"TSStatic","persistentId":"0526eb2f-a64d-4a34-9f92-b2848389f3a4","__parent":"general","position":[585.004333,-1366.16357,394.534973],"annotation":"ROCK","isRenderEnabled":false,"rotationMatrix":[0.398756951,0.915329695,0.0562564135,-0.802898824,0.378101945,-0.460861355,-0.443110377,0.138603374,0.885688066],"scale":[1.57058024,1.57058024,1.57058024],"shapeName":"/levels/italy/art/shapes/rocks/italy_rockface_tall_wide.dae"}
{"class":"TSStatic","persistentId":"05328563-2903-43e8-ad45-80f1ab81fe61","__parent":"general","position":[1037.80005,491.600006,183.400009],"annotation":"OBSTACLES","isRenderEnabled":false,"rotationMatrix":[0.827744126,-0.561104774,0,0.561104715,0.827744126,0,0,0,1],"shapeName":"/levels/italy/art/shapes/buildings/italy_wall_stone_bricktop.dae"}
{"class":"TSStatic","persistentId":"054a215d-958d-4548-832b-ee04007be56d","__parent":"general","position":[-1717.5,1386.5,141.215729],"annotation":"BUILDINGS","isRenderEnabled":false,"rotationMatrix":[7.4505806e-08,-0.999999881,0,0.999999881,7.4505806e-08,0,0,0,1],"shapeName":"/levels/italy/art/shapes/buildings/town_bld_12x12_1stF_BigBeveledBricks_a.DAE"}
{"class":"TSStatic","persistentId":"056a7a13-8fe6-4946-85ff-3c4c03986f33","__parent":"general","position":[-1111.5,697.5,375],"annotation":"BUILDINGS","isRenderEnabled":false,"rotationMatrix":[-0.999999762,-1.63912773e-07,0,1.63912773e-07,-0.999999762,0,0,0,1],"shapeName":"/levels/italy/art/shapes/buildings/town_bld_5x12x11_BigBeveledBricks_a.DAE"}
{"class":"TSStatic","persistentId":"057377ea-92cc-4157-ac6f-886cf289e706","__parent":"general","position":[444.155151,599.844055,172.498001],"annotation":"ROCK","isRenderEnabled":false,"rotationMatrix":[0.0508768745,-0.983493984,0.173639208,0.245520398,-0.156211615,-0.95672214,0.96805495,0.0913070142,0.233520105],"shapeName":"/levels/italy/art/shapes/rocks/italy_rockface_tall_narrow.dae"}
{"class":"TSStatic","persistentId":"05b2a9ea-305f-4221-989a-35aa61340e00","__parent":"general","position":[1311.68591,1328.53381,143.320908],"annotation":"BUILDINGS","isRenderEnabled":false,"rotationMatrix":[-0.989813447,-0.142369673,0,0.142369673,-0.989813447,0,0,0,1],"scale":[0.907500029,1,1],"shapeName":"/levels/italy/art/shapes/buildings/town_bld_8x12x17_YellowConcrete_a.DAE"}
{"class":"TSStatic","persistentId":"05c24fed-ee6f-41ff-8715-eb76a48f6c65","__parent":"general","position":[1015.39996,513.399963,181.600006],"annotation":"OBSTACLES","isRenderEnabled":false,"rotationMatrix":[-0.850318015,0.52626884,0,-0.52626878,-0.850317955,0,0,0,1],"shapeName":"/levels/italy/art/shapes/buildings/italy_wall_stone_bricktop.dae"}
{"class":"TSStatic","persistentId":"05f33c8c-987d-4b98-af17-27fdbe5ad60f","__parent":"general","position":[1046,1169.5,152.5],"annotation":"BUILDINGS","isRenderEnabled":false,"rotationMatrix":[-0.999999404,5.96046448e-08,0,-5.96046448e-08,-0.999999404,0,0,0,1],"shapeName":"/levels/italy/art/shapes/buildings/town_bld_13x12x13_TerraBricks_a.DAE"}
{"class":"TSStatic","persistentId":"05fa8557-95ae-484b-a5b8-b0864186aa40","__parent":"general","position":[-1788.63794,1298.40112,138.36528],"annotation":"OBSTACLES","isRenderEnabled":false,"rotationMatrix":[-0.999999404,4.47034836e-08,0,-4.47034836e-08,-0.999999404,0,0,0,1],"shapeName":"/levels/italy/art/shapes/buildings/italy_guardrails_railing.dae"}
{"class":"TSStatic","persistentId":"05ff4f8d-6b14-43f2-bf26-cd5263d74dee","__parent":"general","position":[423.5,1461.5,142.205231],"annotation":"BUILDINGS","isRenderEnabled":false,"rotationMatrix":[-1,-2.08616257e-07,0,2.08616257e-07,-1,0,0,0,1],"shapeName":"/levels/italy/art/shapes/buildings/town_bld_12x12_1stF_YellowBigBricks_a.DAE"}
{"class":"TSStatic","persistentId":"060c0ebb-207c-4dfc-a825-c3677a388833","__parent":"general","position":[511.5,1313.5,164.024734],"annotation":"BUILDINGS","isRenderEnabled":false,"rotationMatrix":[-0.00679723918,-0.999977052,0,0.999977052,-0.00679723918,0,0,0,1],"shapeName":"/levels/italy/art/shapes/buildings/town_bld_5x9x10_OldBricks_a.DAE"}
{"class":"TSStatic","persistentId":"0641ab9e-67e0-4879-92f1-af5e87e5afee","__parent":"general","position":[749.009583,1389.86877,140.196136],"annotation":"BUILDINGS","isRenderEnabled":false,"rotationMatrix":[0.707106829,-0.707106769,0,0.707106769,0.707106829,0,0,0,1],"scale":[1.04315841,1,1],"shapeName":"/levels/italy/art/shapes/buildings/town_bld_10x12x17_BrownConcrete_a.DAE"}
{"class":"TSStatic","persistentId":"065fdb87-5e6b-4341-bd98-57cd82cec3f3","__parent":"general","position":[1234.5,1323.5,142.176727],"annotation":"BUILDINGS","isRenderEnabled":false,"rotationMatrix":[-0.999999762,-2.08616257e-07,0,2.08616257e-07,-0.999999762,0,0,0,1],"shapeName":"/levels/italy/art/shapes/buildings/town_bld_14x12x11_BigBeveledBricksConcrete_a.DAE"}
{"class":"TSStatic","persistentId":"067d3e59-4fbd-4c6e-9ad2-66fd30565ef0","__parent":"general","position":[459.482788,-39.2116318,180.860184],"annotation":"OBSTACLES","isRenderEnabled":false,"rotationMatrix":[1.13172902e-07,1.14759011e-07,0.999999881,-0.843352199,-0.537360966,1.06843885e-07,0.537360966,-0.843352199,6.79968792e-08],"scale":[1.38476372,1.38476372,1.38476372],"shapeName":"/levels/italy/art/shapes/buildings/b_sewer_pipe_crown_1,5m.DAE"}
{"class":"TSStatic","persistentId":"06a8abf6-df94-4b8a-830d-9c93e4055bb0","__parent":"general","position":[-1741.5,1348.5,148.5],"annotation":"BUILDINGS","isRenderEnabled":false,"rotationMatrix":[-1.49011612e-08,1,0,-1,-1.49011612e-08,0,0,0,1],"shapeName":"/levels/italy/art/shapes/buildings/town_bld_12x12_3rdF_RedYellowOldConcrete_a.DAE"}
{"class":"TSStatic","persistentId":"06d3bd26-8069-4247-8f91-ef7d3336d4a3","__parent":"general","position":[-1021.7851,1630.62231,152.665848],"annotation":"OBSTACLES","isRenderEnabled":false,"rotationMatrix":[0.19920139,-0.979958177,0,0.979958177,0.19920139,0,0,0,1],"shapeName":"/levels/italy/art/shapes/buildings/italy_guardrails_railing.dae"}
{"class":"TSStatic","persistentId":"06e4408b-7748-4add-a724-cc6123efdc09","__parent":"general","position":[1052.5,-658.5,148.852921],"annotation":"BUILDINGS","isRenderEnabled":false,"shapeName":"/levels/italy/art/shapes/buildings/town_bld_5x12x11_BigBeveledBricks_a.DAE"}
{"class":"TSStatic","persistentId":"06e533a0-275f-4230-b764-e93eb454d848","__parent":"general","position":[949.140015,565.940002,188.716003],"annotation":"BUILDINGS","isRenderEnabled":false,"rotationMatrix":[-0.826619148,0.562761545,0,-0.562761545,-0.826619148,0,0,0,1],"shapeName":"/levels/italy/art/shapes/buildings/town_bld_12x12_1stF_RedYellowOldConcrete_a.DAE"}
{"class":"TSStatic","persistentId":"06e7bce8-4c34-4dfe-aefc-9b80f22cf01b","__parent":"general","position":[733.299988,356,174.400009],"annotation":"OBSTACLES","isRenderEnabled":false,"rotationMatrix":[0.720587134,-0.693363667,0,0.693363667,0.720587134,0,0,0,1],"shapeName":"/levels/italy/art/shapes/buildings/italy_wall_stone_bricktop.dae"}
{"class":"TSStatic","persistentId":"06e7d94d-bd82-409f-a98b-2888b56e2210","__parent":"general","position":[1386.5,1260.5,153],"annotation":"BUILDINGS","isRenderEnabled":false,"rotationMatrix":[-0.707106829,-0.70710665,1.03318598e-09,0.707106531,-0.707106709,-0.000690534594,0.000488282531,-0.000488280901,0.999999762],"shapeName":"/levels/italy/art/shapes/buildings/town_bld_8x12x11_BigBricksRow_a.DAE"}
{"class":"TSStatic","persistentId":"06faa2b3-d61c-4952-a3ee-e804630cbda5","__parent":"general","position":[677.5,1291.5,151.165253],"annotation":"BUILDINGS","isRenderEnabled":false,"rotationMatrix":[-1,-5.96046377e-08,0,5.96046377e-08,-1,0,0,0,1],"shapeName":"/levels/italy/art/shapes/buildings/town_bld_12x12_1stF_YellowBigBricks_a.DAE"}
{"class":"TSStatic","persistentId":"0702186a-7d42-422d-a46b-0ca7dfcde6d9","__parent":"general","position":[-1342.70435,1632.2887,152],"annotation":"OBSTACLES","isRenderEnabled":false,"rotationMatrix":[-0.194608256,0.980881035,0,-0.980881035,-0.194608256,0,0,0,1],"shapeName":"/levels/italy/art/shapes/buildings/italy_wall_concrete_airport_10m.dae"}
{"class":"TSStatic","persistentId":"070f7219-0b0d-44f6-9e7b-02b0fd63a8d7","__parent":"general","position":[-1008.5,934.5,396.339569],"annotation":"BUILDINGS","isRenderEnabled":false,"rotationMatrix":[-0.191543862,0.981483817,0,-0.981483817,-0.191543862,0,0,0,1],"scale":[1.023,1,1],"shapeName":"/levels/italy/art/shapes/buildings/town_bld_8x12x11_BigBricksRow_a.DAE"}
{"class":"TSStatic","persistentId":"071da84e-b44a-4a23-9364-306d0c272116","__parent":"general","position":[1401.98828,1367.51758,140.724487],"annotation":"BUILDINGS","isRenderEnabled":false,"rotationMatrix":[0.713819802,0.700329781,0,-0.700329781,0.713819802,0,0,0,1],"shapeName":"/levels/italy/art/shapes/buildings/town_bld_5x9x10_OldBricks_a.DAE"}
{"class":"TSStatic","persistentId":"072db192-1633-4377-8758-01abc593985c","__parent":"general","position":[457.5,1534,139],"annotation":"BUILDINGS","isRenderEnabled":false,"rotationMatrix":[2.98023224e-08,0.999999881,0,-0.999999881,2.98023224e-08,0,0,0,1],"shapeName":"/levels/italy/art/shapes/buildings/ind_bld_12x15.dae"}
{"class":"TSStatic","persistentId":"078e485f-29d2-4a65-bcab-4bb4329f6c09","__parent":"general","position":[473.5,1359.5,159.281616],"annotation":"BUILDINGS","isRenderEnabled":false,"rotationMatrix":[-0.999999821,-2.98023224e-08,0,2.98023224e-08,-0.999999821,0,0,0,1],"shapeName":"/levels/italy/art/shapes/buildings/town_bld_5x12x11_BigBeveledBricks_a.DAE"}
{"class":"TSStatic","persistentId":"078fb45f-ac6e-43a8-80f3-74f28eeb97e7","__parent":"general","position":[1083.5,1305.5,149.5],"annotation":"BUILDINGS","isRenderEnabled":false,"rotationMatrix":[1,-2.08616257e-07,0,2.08616257e-07,1,0,0,0,1],"shapeName":"/levels/italy/art/shapes/buildings/town_bld_12x12_3rdF_BigBeveledBricks_a.DAE"}
{"class":"TSStatic","persistentId":"07b3bcc3-036f-4a2a-84bd-b87e4f37c0fb","__parent":"general","position":[1182.5,1347.5,141.163864],"annotation":"BUILDINGS","isRenderEnabled":false,"rotationMatrix":[-0.999999881,-1.78813934e-07,0,1.78813934e-07,-0.999999881,0,0,0,1],"shapeName":"/levels/italy/art/shapes/buildings/italy_bld_20x12_apartment.dae"}
{"class":"TSStatic","persistentId":"07d02a8a-af5f-4d86-b6d9-63fb411a8846","__parent":"general","position":[975.099976,517.299988,184.600006],"annotation":"OBSTACLES","isRenderEnabled":false,"rotationMatrix":[-0.528733671,-0.848786831,0,0.848786831,-0.528733671,0,0,0,1],"shapeName":"/levels/italy/art/shapes/buildings/italy_wall_stone_bricktop.dae"}
{"class":"TSStatic","persistentId":"07d6762b-1e6d-4902-b02e-abd0df476012","__parent":"general","position":[342.5,1473.5,155],"annotation":"BUILDINGS","isRenderEnabled":false,"rotationMatrix":[-0.999999762,2.68220901e-07,0,-2.68220901e-07,-0.999999762,0,0,0,1],"shapeName":"/levels/italy/art/shapes/buildings/ind_bld_12x5.dae"}
{"class":"TSStatic","persistentId":"07e6132f-823e-413f-a72a-03bedf297c11","__parent":"general","position":[1067.5,-705.5,150],"annotation":"BUILDINGS","isRenderEnabled":false,"rotationMatrix":[5.96046448e-08,1,0,-1,5.96046448e-08,0,0,0,1],"shapeName":"/levels/italy/art/shapes/buildings/town_bld_12x12_2ndF_Yellowconcrete_a.DAE"}
