{"class":"Zone","persistentId":"00a4bd6c-82ca-4d13-98bc-4184643a13e0","__parent":"tunnel_zones","position":[-535.905945,176.064926,93.7585526],"ambientLightColor":[0.392156899,0.392156899,0.392156899,1],"rotationMatrix":[0.113857985,0.993402481,0.0137113128,-0.99246335,0.113099277,0.0471714325,0.0453094766,-0.018978823,0.998792708],"scale":[25.0324478,86.7841797,13.3229189],"useAmbientLightColor":true}
{"class":"Zone","persistentId":"01ddc4a6-c30e-4715-9482-3bd73292588f","__parent":"tunnel_zones","position":[1065.26025,502.924316,146.601151],"ambientLightColor":[0.450980008,0.356862992,0.278430998,1],"rotationMatrix":[0.957453966,-0.288585991,6.00994099e-09,0.288585871,0.957453549,-0.000937484729,0.000270539254,0.000897600257,0.999999583],"scale":[111.346855,227.776459,17.4048042],"useAmbientLightColor":true}
{"class":"Zone","persistentId":"021562d7-bcef-4cd4-a79f-ae75aaf0d1fb","__parent":"tunnel_zones","position":[-639.750732,232.043625,107.719772],"ambientLightColor":[0.392156899,0.392156899,0.392156899,1],"rotationMatrix":[0.973269403,-0.21159859,-0.0892899707,0.220593587,0.969474614,0.107039236,0.0639150068,-0.123874806,0.990237296],"scale":[25.0324478,58.8718414,13.3229189],"useAmbientLightColor":true}
{"class":"Zone","persistentId":"22a719d8-d7ed-4c1b-a73c-e744b0fc14f7","__parent":"tunnel_zones","position":[-1024.86719,-913.70813,100.387505],"ambientLightColor":[0.450980008,0.356862992,0.278430998,1],"rotationMatrix":[0.564010501,0.825767577,-5.08734956e-08,-0.825767219,0.564010262,-0.000937131234,-0.000773823936,0.000528593897,0.999999583],"scale":[106.755356,151.229675,57.076107],"useAmbientLightColor":true}
{"class":"Zone","persistentId":"3426ced1-a925-494e-b694-e05b74f73f07","__parent":"tunnel_zones","position":[887.674561,526.628601,136.848328],"ambientLightColor":[0.450980008,0.356862992,0.278430998,1],"rotationMatrix":[0.998998761,0.0233403966,0.0381670073,-0.0217451267,0.998893917,-0.041691117,-0.0390978754,0.0408194289,0.998401284],"scale":[37.8634911,164.868057,18.7077599],"useAmbientLightColor":true}
{"class":"Zone","persistentId":"48b884f3-a0d6-430a-b941-dd1ca3a81ccb","__parent":"tunnel_zones","position":[-410.444031,566.689636,68.7528763],"ambientLightColor":[0.450980008,0.356862992,0.278430998,1],"rotationMatrix":[0.689545393,0.724242449,-2.98896339e-08,-0.724242091,0.689545035,-0.000937370874,-0.00067886326,0.000646381348,0.999999583],"scale":[65.0296631,21.9214554,28.3957062],"useAmbientLightColor":true}
{"class":"Zone","persistentId":"4d2ba57e-1201-442d-b721-9ae7e1c789c2","__parent":"tunnel_zones","position":[1064.44812,-742.052795,123.63266],"ambientLightColor":[0.588235021,0.44313699,0.321568996,1],"rotationMatrix":[0.299275875,-0.954166591,1.89174898e-09,0.954166114,0.299275756,-0.00097656576,0.000931805931,0.000292264362,0.999999523],"scale":[60.3822365,135.431137,85.5250015],"useAmbientLightColor":true}
{"class":"Zone","persistentId":"4fab2178-3415-4e97-a4f1-bfef39ee6808","__parent":"tunnel_zones","position":[-394.564453,402.216827,72.4929199],"ambientLightColor":[0.450980008,0.356862992,0.278430998,1],"rotationMatrix":[0.851781666,0.523896933,-3.92319635e-08,-0.523896694,0.851781249,-0.000937423902,-0.000491080107,0.000798500958,0.999999583],"scale":[89.0745468,322.274994,28.3957062],"useAmbientLightColor":true}
{"class":"Zone","persistentId":"5bb65f34-20c3-4ae0-add4-4ecca12537f0","__parent":"tunnel_zones","position":[-843.891174,-912.771118,100.585228],"ambientLightColor":[0.450980008,0.356862992,0.278430998,1],"rotationMatrix":[-0.263930678,0.964404345,-0.0162712485,-0.963808179,-0.264350176,-0.0345341824,-0.0376062244,0.0065677315,0.999271035],"scale":[61.1907349,204.550858,57.076107],"useAmbientLightColor":true}
{"class":"Zone","persistentId":"675de4fb-4120-4b92-a377-f622f586c829","__parent":"tunnel_zones","position":[18.9534721,455.161377,68.8373871],"ambientLightColor":[0.450980008,0.356862992,0.278430998,1],"rotationMatrix":[-0.728596807,0.68494308,-1.54832378e-08,-0.684942722,-0.728596568,-0.000937341945,-0.000642037019,-0.000682933605,0.999999583],"scale":[69.7306061,37.9875641,28.3957062],"useAmbientLightColor":true}
{"class":"Zone","persistentId":"6dc19855-d539-4ee7-907c-651741fa9566","__parent":"tunnel_zones","position":[-375.083832,172.68898,91.4353485],"ambientLightColor":[0.392156899,0.392156899,0.392156899,1],"rotationMatrix":[0.600625753,0.799530327,-0.000109065091,-0.799530089,0.600625396,-0.000930982584,-0.00067884149,0.000646372966,0.999999583],"scale":[13.1907043,50.2179565,10.9684877],"useAmbientLightColor":true}
{"class":"Zone","persistentId":"74d8c481-bcfd-4b5d-8afb-52d918dfbaca","__parent":"tunnel_zones","position":[910.721069,392.724823,143.050766],"ambientLightColor":[0.450980008,0.356862992,0.278430998,1],"rotationMatrix":[0.930315316,0.365550816,0.0297665093,-0.363324702,0.929642797,-0.061314594,-0.0500858203,0.0462269969,0.997674525],"scale":[37.8634911,125.663292,18.7077599],"useAmbientLightColor":true}
{"class":"Zone","persistentId":"7ffdccee-e1b6-4dc7-9eae-42cee1a75be5","__parent":"tunnel_zones","position":[920.568848,-1121.07397,157.393585],"ambientLightColor":[0.588235021,0.44313699,0.321568996,1],"rotationMatrix":[0.953708112,-0.300733894,2.68337317e-08,0.300733775,0.953707635,-0.000976743293,0.000293714256,0.000931536022,0.999999523],"scale":[107.568741,210.247208,85.5250015],"useAmbientLightColor":true}
{"class":"Zone","persistentId":"960740f1-52fe-4797-9bc4-2a7fdf906e36","__parent":"tunnel_zones","position":[982.113159,625.404846,132.854111],"ambientLightColor":[0.450980008,0.356862992,0.278430998,1],"rotationMatrix":[0.30490911,-0.951532543,0.0402021296,0.951321781,0.306289077,0.0342596918,-0.0449126847,0.0277990773,0.998604059],"scale":[45.7807846,177.63147,18.7077599],"useAmbientLightColor":true}
{"class":"Zone","persistentId":"aacbde8f-493c-4358-b094-3ba65f641bf8","__parent":"tunnel_zones","position":[1152.21326,734.131531,124.601181],"ambientLightColor":[0.450980008,0.356862992,0.278430998,1],"rotationMatrix":[0.997968972,-0.0637018159,4.02673322e-07,0.0637017861,0.997968495,-0.00100266573,6.34697863e-05,0.001000655,0.999999523],"scale":[176.929749,375.424927,57.076107],"useAmbientLightColor":true}
{"class":"Zone","persistentId":"ca137fa7-c298-4261-af0a-7fab869f5a46","__parent":"tunnel_zones","position":[-431.691803,185.554092,90.7406235],"ambientLightColor":[0.392156899,0.392156899,0.392156899,1],"rotationMatrix":[-0.297652721,0.954673767,-0.000819132081,-0.954673886,-0.297653198,-0.000455676782,-0.000678839977,0.000646370579,0.999999583],"scale":[25.0324478,130.708069,13.3229189],"useAmbientLightColor":true}
{"class":"Zone","persistentId":"cf5ccf6b-7a82-4e53-a607-186c3d8dc8ad","__parent":"tunnel_zones","position":[-617.47644,193.549271,101.559715],"ambientLightColor":[0.392156899,0.392156899,0.392156899,1],"rotationMatrix":[0.113550127,0.993529737,-0.0021988973,-0.987462819,0.113100469,0.110114515,0.109650753,-0.0103321746,0.993916452],"scale":[25.0324478,80.551651,13.3229189],"useAmbientLightColor":true}
{"class":"Zone","persistentId":"dfc997bb-2969-4523-88ed-22e9a1dbf18e","__parent":"tunnel_zones","position":[-241.082031,272.50293,74.9498062],"ambientLightColor":[0.450980008,0.356862992,0.278430998,1],"rotationMatrix":[-0.0259280205,0.999192953,-0.0306731667,-0.998616576,-0.0272926092,-0.0449417345,-0.045742631,0.0294654779,0.998518586],"scale":[79.4743652,203.156631,24.1256924],"useAmbientLightColor":true}
{"class":"Zone","persistentId":"fce4b1e5-6811-440d-b4fb-575b94f340e4","__parent":"tunnel_zones","position":[30.0048523,233.656281,72.4929199],"ambientLightColor":[0.450980008,0.356862992,0.278430998,1],"rotationMatrix":[0.777005553,0.629493773,-2.16823537e-08,-0.629493535,0.777005196,-0.00093735772,-0.000590043957,0.000728345767,0.999999583],"scale":[394.002014,291.907684,70.8314743],"useAmbientLightColor":true}
{"class":"Zone","persistentId":"ff6c0769-e2f1-4219-aaa8-3317ef1f3419","__parent":"tunnel_zones","position":[1226.32349,-1122.77148,157.393585],"ambientLightColor":[0.588235021,0.44313699,0.321568996,1],"rotationMatrix":[-0.943114996,0.332466334,1.01863407e-10,-0.332466155,-0.943114519,-0.000976568437,-0.000324676046,-0.000921016443,0.999999523],"scale":[478.490906,888.135254,73.0018082],"useAmbientLightColor":true}
{"class":"Portal","persistentId":"0224d0df-f719-4e11-95cd-3ff5e4e40942","__parent":"tunnel_zones","position":[-194.280106,244.634949,76.5742722],"rotationMatrix":[-0.381863713,-0.924218535,-2.91038305e-10,0.924218059,-0.381863475,-0.00097656576,0.000902560132,-0.000372915412,0.999999523],"scale":[14.577877,10.0889635,6.91800499]}
{"class":"Portal","persistentId":"097c8f7f-b9c1-4dd6-82f3-08a1c10b4054","__parent":"tunnel_zones","position":[893.380371,462.673737,145.540344],"rotationMatrix":[-0.951916933,-0.306355983,-2.08092388e-09,0.306355864,-0.951916456,-0.000976564363,0.000299174397,-0.000929608825,0.999999523],"scale":[14.7266207,10.0889635,6.91800499]}
{"class":"Portal","persistentId":"0ae5dab4-146b-43b5-8374-0767408aee31","__parent":"tunnel_zones","position":[1067.49695,660.480713,141.319443],"rotationMatrix":[0.33424753,-0.942485332,8.14907253e-10,0.942484856,0.33424741,-0.000976563198,0.000920396182,0.000326414651,0.999999523],"scale":[20.4063148,9.00228882,9.18623924]}
{"class":"Portal","persistentId":"125d6f4d-0d09-44f2-9a18-f8a2340fbaad","__parent":"tunnel_zones","position":[934.312073,-1013.71985,170.460556],"rotationMatrix":[-0.820958138,0.570988715,9.31322575e-10,-0.570988476,-0.820957661,-0.000976562384,-0.000557605294,-0.000801717164,0.999999523],"scale":[18.0492039,9.30455017,10.0545397]}
{"class":"Portal","persistentId":"14923438-45d6-4c21-be8d-cab6c826e2fa","__parent":"tunnel_zones","position":[959.771057,-1189.13562,170.456833],"rotationMatrix":[0.692763388,0.721164942,-1.01863407e-09,-0.721164584,0.692763031,-0.000976567157,-0.000704265316,0.000676530646,0.999999523],"scale":[19.5212345,9.30455017,10.0545397]}
{"class":"Portal","persistentId":"29a1d0b9-fb8b-460b-b70b-57ac3bd4aa5c","__parent":"tunnel_zones","position":[998.842102,403.315369,152.374374],"rotationMatrix":[-0.987911224,0.155023083,4.07453626e-10,-0.155023023,-0.987910748,-0.0009765625,-0.000151389308,-0.000964756706,0.999999523],"scale":[15.7326679,9.25588703,6.59057188]}
{"class":"Portal","persistentId":"2ca38abd-0451-407d-94f2-2d64025296ac","__parent":"tunnel_zones","position":[47.2382851,431.428528,77.5512466],"rotationMatrix":[0.659355044,0.75183171,-2.15368345e-09,-0.751831353,0.659354687,-0.000976564363,-0.000734210713,0.000643904263,0.999999523],"scale":[19.50494,10.7714901,6.91800499]}
{"class":"Portal","persistentId":"2eea0375-3c04-46cf-a835-2f1169d6bb00","__parent":"tunnel_zones","position":[-354.7388,155.934647,93.2103806],"rotationMatrix":[-0.750358224,-0.661030889,-0.000971249654,0.661031246,-0.750358462,-0.000101744314,-0.000661529135,-0.000718371011,0.999999523],"scale":[9.52906132,10.7714901,6.91800499]}
{"class":"Portal","persistentId":"361c4e20-0535-4b87-92fb-38bb27bf65cf","__parent":"tunnel_zones","position":[-753.979797,-866.768494,128.084274],"rotationMatrix":[-0.568710685,0.822537184,9.02218744e-10,-0.822536826,-0.568710446,-0.000976563548,-0.000803259551,-0.000555383274,0.999999523],"scale":[13.8450203,6.77976513,7.52976894]}
{"class":"Portal","persistentId":"3fa5715c-fdd1-4627-bcb5-94c20c8bfc0d","__parent":"tunnel_zones","position":[1074.3009,922.218628,123.43914],"rotationMatrix":[0.146113932,0.989267707,-4.65661287e-10,-0.98926723,0.146113813,-0.000976563781,-0.000966083026,0.00014268994,0.999999523],"scale":[14.3342829,14.9611187,8.86240292]}
{"class":"Portal","persistentId":"40ab3eb8-f44b-4b20-b9db-fc2a0f5ed8e8","__parent":"tunnel_zones","position":[-12.4116058,381.796082,104.956116],"rotationMatrix":[0.783221483,0.621742785,-3.3469405e-09,-0.621742547,0.783221066,-0.000976568554,-0.000607171911,0.00076487154,0.999999523],"scale":[19.50494,10.0889635,6.91800499]}
{"class":"Portal","persistentId":"43d7b063-4a20-4294-9e50-ca6258a24cbf","__parent":"tunnel_zones","position":[896.900208,580.022339,137.297256],"rotationMatrix":[0.629770279,-0.77678138,-5.82076609e-11,0.776781023,0.629769981,-0.0009765625,0.000758575683,0.00061500998,0.999999523],"scale":[15.2394686,9.01925564,9.01925564]}
{"class":"Portal","persistentId":"465e31e5-9362-416b-9fd0-2994137d349c","__parent":"tunnel_zones","position":[1074.72961,614.013733,145.756714],"rotationMatrix":[-0.702352285,0.711829662,4.94765118e-10,-0.711829305,-0.702352047,-0.00097656186,-0.00069514534,-0.000685890729,0.999999523],"scale":[15.7326679,9.25588703,6.59057188]}
{"class":"Portal","persistentId":"49bbaeb6-3f30-41f1-a2d3-792354e0e3d3","__parent":"tunnel_zones","position":[-160.176392,263.332977,77.2138062],"rotationMatrix":[0.649917603,0.760004699,-2.76486389e-09,-0.760004342,0.649917245,-0.000976564479,-0.000742191798,0.000634688535,0.999999523],"scale":[19.50494,10.0889635,6.91800499]}
{"class":"Portal","persistentId":"504caf62-1aba-4fe0-905b-70cf7b7a61ed","__parent":"tunnel_zones","position":[913.354065,599.666199,136.395279],"rotationMatrix":[0.629770279,-0.77678138,-5.82076609e-11,0.776781023,0.629769981,-0.0009765625,0.000758575683,0.00061500998,0.999999523],"scale":[15.2394686,9.01925564,9.01925564]}
{"class":"Portal","persistentId":"5a374432-292a-4307-a0f2-e9c32f64de29","__parent":"tunnel_zones","position":[-135.318878,282.309296,88.366127],"rotationMatrix":[0.649917722,0.76000452,-2.50292942e-09,-0.760004163,0.649917424,-0.00097656413,-0.000742191623,0.000634688244,0.999999523],"scale":[19.50494,10.0889635,6.91800499]}
{"class":"Portal","persistentId":"5d5e284a-fee0-4cf6-ac85-b0e8d34a50a5","__parent":"tunnel_zones","position":[-749.907837,-863.953125,128.089111],"rotationMatrix":[-0.568710685,0.822537184,9.02218744e-10,-0.822536826,-0.568710446,-0.000976563548,-0.000803259551,-0.000555383274,0.999999523],"scale":[13.8450203,6.77976513,7.52976894]}
{"class":"Portal","persistentId":"5e4306ff-a68b-4653-8399-84fab63c97b8","__parent":"tunnel_zones","position":[945.02832,337.89975,153.440643],"rotationMatrix":[0.954227984,0.299080223,-6.57892087e-08,-0.299080104,0.954227507,-0.000976992073,-0.000292136276,0.00093229278,0.999999523],"scale":[10.8616438,6.16800594,6.91800499]}
{"class":"Portal","persistentId":"633cd9d8-b500-4f65-86d2-ae75098d2699","__parent":"tunnel_zones","position":[-386.849457,184.214783,93.9211731],"rotationMatrix":[0.47245121,0.881356239,0.000945694628,-0.881356478,0.472451568,-0.000243652568,-0.000661539612,-0.000718380325,0.999999523],"scale":[5.51157093,10.7714901,6.91800499]}
{"class":"Portal","persistentId":"63d7b6fe-d53f-4c9c-97ba-4ee08e714da2","__parent":"tunnel_zones","position":[-3.81765842,476.594269,76.96035],"rotationMatrix":[0.683558047,0.729896128,-1.89174898e-09,-0.729895771,0.683557749,-0.000976564246,-0.000712789246,0.000667539658,0.999999523],"scale":[19.50494,10.7714901,6.91800499]}
{"class":"Portal","persistentId":"640f5336-5ce3-4313-a013-611e17319e04","__parent":"tunnel_zones","position":[1054.80835,656.213013,141.178879],"rotationMatrix":[0.33424753,-0.942485332,8.14907253e-10,0.942484856,0.33424741,-0.000976563198,0.000920396182,0.000326414651,0.999999523],"scale":[20.4063148,9.00228882,9.18623924]}
{"class":"Portal","persistentId":"6753bf8c-ded4-4389-bbd0-41aa3805ddd0","__parent":"tunnel_zones","position":[41.3263702,436.436157,77.5512466],"rotationMatrix":[-0.686417341,-0.727208078,-1.13504939e-09,0.72720772,-0.686417103,-0.000976565527,0.000710165477,-0.000670332229,0.999999523],"scale":[19.50494,10.7714901,6.91800499]}
{"class":"Portal","persistentId":"6c5a6b9b-d47a-48a3-b6aa-2a74506c9719","__parent":"tunnel_zones","position":[-16.5370636,387.058807,104.956116],"rotationMatrix":[-0.71360302,-0.700550616,-1.89174898e-09,0.700550258,-0.713602781,-0.000976564712,0.000684131519,-0.000696880626,0.999999523],"scale":[19.50494,10.0889635,6.91800499]}
{"class":"Portal","persistentId":"6d4f2185-7a1e-4b6f-b7d9-c5c199d1b36d","__parent":"tunnel_zones","position":[-183.781281,243.891754,76.5742722],"rotationMatrix":[0.37044239,0.928855479,-4.59840521e-09,-0.928855002,0.370442271,-0.000976568088,-0.000907088863,0.000361766579,0.999999523],"scale":[19.50494,10.0889635,6.91800499]}
{"class":"Portal","persistentId":"72fae908-1b1b-464f-8825-39d708f21e66","__parent":"tunnel_zones","position":[-142.646881,284.009979,88.366127],"rotationMatrix":[-0.675962329,-0.73693645,-2.24099495e-09,0.736936092,-0.67596209,-0.000976564595,0.000719664502,-0.000660122372,0.999999523],"scale":[19.50494,10.0889635,6.91800499]}
{"class":"Portal","persistentId":"76297a00-ff37-4a37-8fb9-f3070e8017ad","__parent":"tunnel_zones","position":[-294.906281,268.372284,79.7585526],"rotationMatrix":[0.466505647,0.884518147,-6.51925802e-09,-0.88451767,0.466505408,-0.000976572046,-0.00086379284,0.00045558202,0.999999523],"scale":[18.9985085,13.5637684,9.31359196]}
{"class":"Portal","persistentId":"86c9fa89-8d2f-46a9-8047-cfd3127051a2","__parent":"tunnel_zones","position":[1072.26367,898.034485,121.711998],"rotationMatrix":[0.22442472,0.974491537,-9.02218744e-10,-0.97449106,0.224424601,-0.000976563781,-0.000951652764,0.000219166046,0.999999523],"scale":[18.7292099,11.3942423,10.5906382]}
{"class":"Portal","persistentId":"8946b7d1-7680-4baa-9c2f-c6f25eb9cc6f","__parent":"tunnel_zones","position":[-349.757599,268.054779,78.0549927],"rotationMatrix":[-0.50989747,-0.860235274,-2.24099495e-09,0.860234916,-0.509897232,-0.000976564712,0.00084007415,-0.000497949717,0.999999523],"scale":[22.2972202,13.5637684,9.71028519]}
{"class":"Portal","persistentId":"8bc7f2ca-9bca-4ba5-aef2-9703cdda5c62","__parent":"tunnel_zones","position":[948.910522,-1178.70276,170.442123],"rotationMatrix":[0.692763388,0.721164942,-1.45519152e-09,-0.721164584,0.692763031,-0.000976567389,-0.0007042652,0.000676531112,0.999999523],"scale":[19.5212345,9.30455017,10.0545397]}
{"class":"Portal","persistentId":"91ad3ed0-e240-4026-91d7-1e94ab76a37a","__parent":"tunnel_zones","position":[1076.78772,896.952393,121.776566],"rotationMatrix":[0.22442472,0.974491537,-9.02218744e-10,-0.97449106,0.224424601,-0.000976563781,-0.000951652764,0.000219166046,0.999999523],"scale":[18.7292099,11.3942423,10.5906382]}
{"class":"Portal","persistentId":"962eb440-fe6c-457a-bc35-77c4fda47fae","__parent":"tunnel_zones","position":[-345.668152,302.103149,78.0549927],"rotationMatrix":[-0.667566538,-0.744550645,-1.97906047e-09,0.744550288,-0.667566299,-0.000976564945,0.000727100531,-0.000651923183,0.999999523],"scale":[18.9985085,13.5637684,9.31359196]}
{"class":"Portal","persistentId":"9d173c99-106f-446e-81bd-503d6026a09b","__parent":"tunnel_zones","position":[-1081.7124,-867.768982,122.449196],"rotationMatrix":[0.728017926,0.685558021,-0.0001729043,-0.685557783,0.728017569,-0.00096116605,-0.000533057784,0.000818282075,0.999999523],"scale":[14.1295805,9.64789391,10.3978834]}
{"class":"Portal","persistentId":"a27bebba-7533-4083-8abc-9bc9c1d0945a","__parent":"tunnel_zones","position":[-388.376373,590.57312,78.3422928],"rotationMatrix":[-0.735612154,0.677402794,-2.09547579e-09,-0.677402437,-0.735611916,-0.000976564363,-0.000661529019,-0.000718371244,0.999999523],"scale":[22.0592499,10.7714901,7.82396507]}
{"class":"Portal","persistentId":"a366bce8-49ad-458d-8e72-96d92f7b4b0c","__parent":"tunnel_zones","position":[-1083.74878,-863.837585,122.444893],"rotationMatrix":[0.586212039,0.810157597,-0.000350452086,-0.810157478,0.586211562,-0.000911539071,-0.000533051265,0.000818276545,0.999999523],"scale":[14.1295805,9.64789391,10.3978834]}
{"class":"Portal","persistentId":"abdb5a49-4fb1-4cb2-aa4e-ecaf11358fd0","__parent":"tunnel_zones","position":[-620.04187,261.901001,114.061996],"rotationMatrix":[-0.696423411,0.717631102,5.48206735e-05,-0.717630744,-0.696422935,-0.00097502413,-0.000661529251,-0.000718370604,0.999999523],"scale":[6.17918205,10.7714901,6.91800499]}
{"class":"Portal","persistentId":"b69779d2-94d1-49b8-8ea1-4cb0f65dad79","__parent":"tunnel_zones","position":[-431.394897,547.423279,78.0438309],"rotationMatrix":[-0.735612154,0.677402794,-2.09547579e-09,-0.677402437,-0.735611916,-0.000976564363,-0.000661529019,-0.000718371244,0.999999523],"scale":[19.50494,10.7714901,6.91800499]}
{"class":"Portal","persistentId":"b6e1ac59-2bbb-46f9-813c-60870c13a874","__parent":"tunnel_zones","position":[996.280701,-769.935059,160.654144],"rotationMatrix":[0.370276511,-0.92892158,2.44472176e-09,0.928921103,0.370276392,-0.000976566342,0.000907152658,0.000361601909,0.999999523],"scale":[19.4995842,8.07278728,8.82278156]}
{"class":"Portal","persistentId":"b9817dc4-f1f9-4cae-a577-73892f4bc626","__parent":"tunnel_zones","position":[-487.61142,172.365112,95.362442],"rotationMatrix":[0.158219635,0.987403691,0.000813992112,-0.98740381,0.158220112,-0.000539538101,-0.000661531813,-0.000718373223,0.999999523],"scale":[7.41276169,10.7714901,6.91800499]}
{"class":"Portal","persistentId":"bb84ed49-66af-4599-b3c2-cdf759b25bea","__parent":"tunnel_zones","position":[-574.686707,182.190903,99.6097183],"rotationMatrix":[-0.160948753,-0.986962259,-0.000815477979,0.986962378,-0.16094923,0.00053728593,-0.000661531638,-0.000718370662,0.999999523],"scale":[7.75217152,10.7714901,6.91800499]}
{"class":"Portal","persistentId":"be369215-264d-4770-996e-d18be7972751","__parent":"tunnel_zones","position":[-497.105743,172.147095,95.3558426],"rotationMatrix":[0.0095025301,-0.999954462,-0.000712061592,0.999954462,0.00950205326,0.000668334425,-0.000661538157,-0.000718380092,0.999999523],"scale":[6.79861069,10.7714901,6.91800499]}
{"class":"Portal","persistentId":"c16c4264-817f-4408-a34b-04f19a44b38d","__parent":"tunnel_zones","position":[-939.008728,-925.758423,121.514763],"rotationMatrix":[-0.0176837444,0.999843657,-3.78349796e-10,-0.99984318,-0.0176837444,-0.000976563431,-0.000976410694,-1.72689906e-05,0.999999523],"scale":[14.1101866,7.77651072,8.52650547]}
{"class":"Portal","persistentId":"c36f6c7c-c31b-42f8-8c8e-e22df1fc0938","__parent":"tunnel_zones","position":[901.77594,439.687531,146.796082],"rotationMatrix":[-0.951916933,-0.306355983,-2.08092388e-09,0.306355864,-0.951916456,-0.000976564363,0.000299174397,-0.000929608825,0.999999523],"scale":[14.7266207,10.0889635,6.91800499]}
{"class":"Portal","persistentId":"c8eb8090-69d1-4bf7-989b-955139324f79","__parent":"tunnel_zones","position":[-581.958679,184.088806,99.6062698],"rotationMatrix":[0.139208138,0.990262866,0.000803466246,-0.990262985,0.139208615,-0.000555084611,-0.000661529077,-0.000718370487,0.999999523],"scale":[6.17923641,10.7714901,6.91800499]}
{"class":"Portal","persistentId":"caeab1e2-9de0-474a-8de2-d78bdb75e6c0","__parent":"tunnel_zones","position":[-9.86771965,481.299805,76.96035],"rotationMatrix":[-0.686416984,-0.727207959,-1.10594556e-09,0.727207601,-0.686416745,-0.000976564945,0.000710165128,-0.000670331763,0.999999523],"scale":[19.50494,10.7714901,6.91800499]}
{"class":"Portal","persistentId":"cb898731-5134-4583-9965-55a20b31d5bc","__parent":"tunnel_zones","position":[-167.112473,263.14917,77.2138062],"rotationMatrix":[-0.746377349,-0.66552335,-1.83354132e-09,0.665522993,-0.74637711,-0.000976565294,0.000649925438,-0.000728887215,0.999999523],"scale":[19.50494,10.0889635,6.91800499]}
{"class":"Portal","persistentId":"d0aa5a76-ef38-494d-9721-4a8f41ec58bb","__parent":"tunnel_zones","position":[1080.9292,620.646729,145.756714],"rotationMatrix":[-0.702352285,0.711829662,4.94765118e-10,-0.711829305,-0.702352047,-0.00097656186,-0.00069514534,-0.000685890729,0.999999523],"scale":[15.7326679,9.25588703,6.59057188]}
{"class":"Portal","persistentId":"d243ee72-be4d-48a9-a175-6d8d3658bbef","__parent":"tunnel_zones","position":[1002.73608,-767.345581,160.647369],"rotationMatrix":[-0.443301439,0.896372378,7.80106056e-05,-0.896371901,-0.443301201,0.000973443501,0.000907150214,0.00036160255,0.999999523],"scale":[18.0188255,8.07278728,8.82278156]}
{"class":"Portal","persistentId":"d5a9fef6-bdf0-4aa6-ad38-365903b51ae6","__parent":"tunnel_zones","position":[-628.42749,253.096588,114.085014],"rotationMatrix":[-0.696423411,0.717631102,5.48206735e-05,-0.717630744,-0.696422935,-0.00097502413,-0.000661529251,-0.000718370604,0.999999523],"scale":[6.17918205,10.7714901,6.91800499]}
{"class":"Portal","persistentId":"ddb56738-0626-4df2-a330-f21b58cf3021","__parent":"tunnel_zones","position":[937.715515,-1007.66003,170.467331],"rotationMatrix":[0.880959749,-0.473191231,0.000111882255,0.473190933,0.880959392,0.000970188587,-0.000557648484,-0.000801755406,0.999999523],"scale":[18.8608208,9.30455017,10.0545397]}
{"class":"Portal","persistentId":"e20f8540-5cb9-4e79-af1c-a0e9c1cceab7","__parent":"tunnel_zones","position":[-636.765991,198.475708,106.540855],"rotationMatrix":[-0.839813948,-0.542873919,-0.000945546548,0.542874396,-0.839814186,-0.00024416938,-0.00066152995,-0.000718369673,0.999999523],"scale":[6.17918205,10.7714901,6.91800499]}
{"class":"Portal","persistentId":"e3e881d3-7957-4564-8799-0382be42320f","__parent":"tunnel_zones","position":[1050.94678,655.771423,141.319443],"rotationMatrix":[-0.34392345,0.938997626,-1.74622983e-10,-0.938997149,-0.343923211,-0.000976564363,-0.000916991674,-0.000335863238,0.999999523],"scale":[20.4063148,9.00228882,9.18623924]}
{"class":"Portal","persistentId":"e4f6115c-586d-4f46-9f10-0f64094316f0","__parent":"tunnel_zones","position":[-397.447937,187.124374,93.9162521],"rotationMatrix":[0.456950963,0.88949132,0.000941273407,-0.889491558,0.45695132,-0.000260163972,-0.000661529717,-0.000718372816,0.999999523],"scale":[8.25340271,10.7714901,6.91800499]}
{"class":"Portal","persistentId":"e9a9dbb5-dc48-4a70-a15f-e67d3e1ec929","__parent":"tunnel_zones","position":[-360.361572,162.317245,93.2112427],"rotationMatrix":[0.723105431,0.690736949,0.000974565162,-0.690737307,0.723105788,6.25168032e-05,-0.000661530998,-0.000718374737,0.999999523],"scale":[7.33982182,10.7714901,6.91800499]}
{"class":"Portal","persistentId":"f394253c-4f67-4400-9534-7309bb8ed429","__parent":"tunnel_zones","position":[1130.15613,-719.323364,162.243149],"rotationMatrix":[-0.117707253,0.99304837,-0.000167041959,-0.993047893,-0.117707014,0.00096217118,0.000935820455,0.000279135245,0.999999523],"scale":[22.1456757,8.07278728,8.82278156]}
{"class":"Portal","persistentId":"f8023bac-16d7-46b2-8ea4-83a50f86349d","__parent":"tunnel_zones","position":[-643.120667,214.792374,108.921959],"rotationMatrix":[0.990276277,0.13911283,0.000756579742,-0.139113307,0.990276277,0.000620819512,-0.000662859005,-0.000720033073,0.999999523],"scale":[7.57488918,10.7714901,6.91800499]}
{"class":"Portal","persistentId":"facc57f8-8510-48f2-86ec-3be56a20f112","__parent":"tunnel_zones","position":[-435.283203,542.785217,77.8787537],"rotationMatrix":[0.67470634,-0.738086224,1.0477379e-09,0.738085866,0.674705982,-0.000976571464,0.000720793323,0.000658899662,0.999999523],"scale":[19.50494,10.7714901,6.91800499]}
{"class":"Portal","persistentId":"fbb35309-1324-4e59-af1b-22080271bad0","__parent":"tunnel_zones","position":[-314.85672,250.374054,78.0549927],"rotationMatrix":[0.275758386,0.961227059,-3.52156349e-09,-0.961226583,0.275758266,-0.000976566458,-0.000938701094,0.00026929981,0.999999523],"scale":[22.2972202,13.5637684,9.71028519]}
{"class":"Portal","persistentId":"fec23b10-7624-431d-8360-058b6734027f","__parent":"tunnel_zones","position":[1107.41309,-725.728882,162.26619],"rotationMatrix":[0.285832703,-0.95827955,3.20142135e-09,0.958279073,0.285832584,-0.000976568321,0.00093582453,0.000279138272,0.999999523],"scale":[22.1456757,8.07278728,8.82278156]}
{"name":"Zone_1","class":"Zone","persistentId":"324a7b1b-b7d4-438a-afd9-ae7eeb30c6a3","__parent":"tunnel_zones","position":[-594.839172,-203.903778,92.3587112],"ambientLightColor":[0.588235319,0.443137288,0.321568638,1],"rotationMatrix":[0.99999994,0,0,0,0.99999994,0,0,0,0.999999881],"scale":[70.2102356,32.8500404,13.5636225],"useAmbientLightColor":true}
{"name":"Zone_2","class":"Zone","persistentId":"cad9513d-f126-478c-9920-3a6a09683a01","__parent":"tunnel_zones","position":[-501.899994,-229.167603,91.126709],"ambientLightColor":[0.588235319,0.443137288,0.321568638,1],"rotationMatrix":[0.99999994,0,0,0,0.99999994,0,0,0,0.999999881],"scale":[115.794235,88.3494492,13.5636225],"useAmbientLightColor":true}
{"name":"Zone_3","class":"Zone","persistentId":"85eedf29-8905-4c18-9add-956b115090bc","__parent":"tunnel_zones","position":[-434.870728,-271.460205,91.7915421],"ambientLightColor":[0.588235319,0.443137288,0.321568638,1],"rotationMatrix":[0.99999994,0,0,0,0.99999994,0,0,0,0.999999881],"scale":[18.3225498,46.4707909,13.5636225],"useAmbientLightColor":true}
{"name":"Zone_4","class":"Zone","persistentId":"21abddb5-a639-465b-8bb5-0d2cab19a4fa","__parent":"tunnel_zones","position":[-420.763824,-284.751953,92.6284332],"ambientLightColor":[0.588235319,0.443137288,0.321568638,1],"rotationMatrix":[0.99999994,0,0,0,0.99999994,0,0,0,0.999999881],"scale":[9.97494221,36.0649223,13.5636225],"useAmbientLightColor":true}
{"name":"Portal_1","class":"Portal","persistentId":"733f732f-ae22-4450-8027-a1a2ba3c3af5","__parent":"tunnel_zones","position":[-415.773132,-283.980927,94.6703491],"rotationMatrix":[-1.1920929e-07,0.999999821,0,-0.999999821,-1.1920929e-07,0,0,0,1],"scale":[26.7804451,0.6565063,11.1664791]}
{"name":"Portal_2","class":"Portal","persistentId":"2ae7d666-1606-422d-b448-081bddfff0e1","__parent":"tunnel_zones","position":[-425.717957,-273.650635,94.6703491],"rotationMatrix":[-1.1920929e-07,0.999999821,0,-0.999999821,-1.1920929e-07,0,0,0,1],"scale":[26.7804451,0.6565063,11.1664791]}
{"name":"Portal_3","class":"Portal","persistentId":"45c40498-edf0-4d04-9555-38c05fe4e127","__parent":"tunnel_zones","position":[-444.021454,-259.307861,92.6275406],"rotationMatrix":[-1.1920929e-07,0.999999821,0,-0.999999821,-1.1920929e-07,0,0,0,1],"scale":[26.7804451,0.6565063,11.1664791]}
{"name":"Portal_4","class":"Portal","persistentId":"bdd711a6-2354-4742-8dec-992ba969178d","__parent":"tunnel_zones","position":[-559.796875,-208.262711,88.7967529],"rotationMatrix":[-1.1920929e-07,0.999999821,0,-0.999999821,-1.1920929e-07,0,0,0,1],"scale":[26.7804451,0.6565063,11.1664791]}
{"name":"Portal_5","class":"Portal","persistentId":"59a7dccf-ede3-44f9-9fe4-40fd068d7621","__parent":"tunnel_zones","position":[-629.939636,-206.968185,93.4173279],"rotationMatrix":[-1.1920929e-07,0.999999821,0,-0.999999821,-1.1920929e-07,0,0,0,1],"scale":[26.7804451,0.6565063,11.1664791]}
