{"class":"TSStatic","persistentId":"00794ac4-dcd1-4c96-b790-7a2770ebbb28","__parent":"powerlines_mountain_village","position":[413.74881,-856.153564,264.41275],"annotation":"POLE","isRenderEnabled":false,"rotationMatrix":[0.0285899676,-0.993685901,-0.108495653,0.99959141,0.0284210537,0.00310315588,-8.36576197e-10,-0.108540036,0.994091988],"scale":[1.24511969,1,1],"shapeName":"/levels/italy/art/shapes/buildings/powerline_city2.dae"}
{"class":"TSStatic","persistentId":"02fa0049-b3bf-405e-b708-b6886f3acf32","__parent":"powerlines_mountain_village","position":[217.741867,-868.375,252.035721],"annotation":"POLE","isRenderEnabled":false,"rotationMatrix":[0.994784176,0.0942041725,0.0391097739,-0.0941314772,0.995552719,-0.00370076066,-0.0392844938,-5.6019247e-09,0.999228001],"scale":[0.985996783,1,1],"shapeName":"/levels/italy/art/shapes/buildings/powerline_city3.dae"}
{"class":"TSStatic","persistentId":"04227899-892a-454f-9eef-9f815cfdc322","__parent":"powerlines_mountain_village","position":[234.976074,-881.531799,253.571823],"annotation":"POLE","isRenderEnabled":false,"rotationMatrix":[-0.648374736,-0.761320949,0,0.761320949,-0.648374736,0,0,0,1],"scale":[1.31547153,1.30181539,1.21097088],"shapeName":"/levels/italy/art/shapes/buildings/powerline_city1.dae"}
{"class":"TSStatic","persistentId":"1015642d-a355-40cd-a678-73eab1c61308","__parent":"powerlines_mountain_village","position":[182.419556,-907.920532,282.632446],"annotation":"POLE","isRenderEnabled":false,"rotationMatrix":[0.0375144854,0.99929601,0,-0.99929601,0.0375144854,0,0,0,1],"scale":[0.96605283,1,1.31052256],"shapeName":"/levels/italy/art/shapes/buildings/powerline_city2.dae"}
{"class":"TSStatic","persistentId":"17311541-f843-4651-837f-6793760ea6ad","__parent":"powerlines_mountain_village","position":[197.113358,-783.5755,270.18924],"annotation":"POLE","isRenderEnabled":false,"rotationMatrix":[-0.43946597,0.898258984,0,-0.898258984,-0.43946597,0,0,0,1],"scale":[1.18216789,1,1.30048811],"shapeName":"/levels/italy/art/shapes/buildings/powerline_city2.dae"}
{"class":"TSStatic","persistentId":"1977dbc9-bb2f-458a-b899-6f3ab76ab997","__parent":"powerlines_mountain_village","position":[223.363312,-814.913147,248.586823],"annotation":"POLE","isRenderEnabled":false,"rotationMatrix":[-0.952175915,0.305132151,-0.0159764066,-0.305089146,-0.952310026,-0.00511904154,-0.0167764761,2.32728348e-09,0.999859273],"scale":[0.858560324,1,1],"shapeName":"/levels/italy/art/shapes/buildings/powerline_city2.dae"}
{"class":"TSStatic","persistentId":"206cae90-3881-4d24-a473-35a3955357f6","__parent":"powerlines_mountain_village","position":[161.713669,-890.156555,287.774139],"annotation":"POLE","isRenderEnabled":false,"rotationMatrix":[-0.990747869,-0.110689476,0.0785266608,0.110343412,-0.99385494,-0.00874581467,0.0790121555,1.10655651e-09,0.996873796],"scale":[1.26219964,1.26219964,1.26219964],"shapeName":"/levels/italy/art/shapes/buildings/powerline_city2.dae"}
{"class":"TSStatic","persistentId":"308c3f3d-320b-4ed9-8b97-48bded287fe4","__parent":"powerlines_mountain_village","position":[396.084259,-865.086182,264.72525],"annotation":"POLE","isRenderEnabled":false,"rotationMatrix":[0.329690814,0.943919778,-0.0178587846,-0.944088817,0.329631835,-0.00623657368,-1.90509663e-13,0.0189164132,0.999820888],"scale":[1.13725781,1,1],"shapeName":"/levels/italy/art/shapes/buildings/powerline_city2.dae"}
{"class":"TSStatic","persistentId":"3302d876-93e9-4a34-a940-7cefcaee4523","__parent":"powerlines_mountain_village","position":[174.915222,-979.68457,283.267975],"annotation":"POLE","isRenderEnabled":false,"rotationMatrix":[0.0511391833,0.998691678,0,-0.998691678,0.0511391833,0,0,0,1],"scale":[1.20314682,1,1.88955009],"shapeName":"/levels/italy/art/shapes/buildings/powerline_city2.dae"}
{"class":"TSStatic","persistentId":"3717b738-0e4e-408c-aa98-093a278ba97d","__parent":"powerlines_mountain_village","position":[188.002716,-806.65979,270.3078],"annotation":"POLE","isRenderEnabled":false,"rotationMatrix":[-0.855823934,0.513975382,0.0582533069,-0.512789011,-0.857804239,0.0349039435,0.0679097101,-2.04629877e-08,0.997691572],"scale":[1.01598823,1,1.51615715],"shapeName":"/levels/italy/art/shapes/buildings/powerline_city2.dae"}
{"class":"TSStatic","persistentId":"3a678efa-9f69-457e-af76-cbc12cd17b32","__parent":"powerlines_mountain_village","position":[225.239166,-855.127014,250.313904],"annotation":"POLE","isRenderEnabled":false,"rotationMatrix":[-0.987159252,0.159738839,0,-0.159738839,-0.987159252,0,0,0,1],"scale":[0.86773771,1,1],"shapeName":"/levels/italy/art/shapes/buildings/powerline_city2.dae"}
{"class":"TSStatic","persistentId":"3f6fc4e1-c95f-435e-b441-4967d704ada0","__parent":"powerlines_mountain_village","position":[317.949799,-767.031555,241.962204],"annotation":"POLE","isRenderEnabled":false,"rotationMatrix":[0.708741248,-0.705468237,0.000427113846,0.702607095,0.705920875,0.0895489976,-0.0634754896,-0.0631669611,0.995982409],"scale":[0.9912045,1,1],"shapeName":"/levels/italy/art/shapes/buildings/powerline_city2.dae"}
{"class":"TSStatic","persistentId":"45b06199-a8da-416f-81fe-321f43ab5de4","__parent":"powerlines_mountain_village","position":[277.017639,-782.559204,244.416656],"annotation":"POLE","isRenderEnabled":false,"rotationMatrix":[-0.167149082,0.985932469,0,-0.985932469,-0.167149082,0,0,0,1],"scale":[0.659464717,1,1],"shapeName":"/levels/italy/art/shapes/buildings/powerline_city1.dae"}
{"class":"TSStatic","persistentId":"5371c242-1e47-430a-9fbc-6bbd08adecd8","__parent":"powerlines_mountain_village","position":[226.86438,-806.892334,248.429077],"annotation":"POLE","isRenderEnabled":false,"rotationMatrix":[-0.976936638,0.124819025,0.173253298,-0.122901216,-0.992179513,0.0217957348,0.174618974,-6.10894713e-09,0.98463589],"scale":[1.06295049,1,1],"shapeName":"/levels/italy/art/shapes/buildings/powerline_city3.dae"}
{"class":"TSStatic","persistentId":"54a348b4-4734-44f7-820b-7acdeedd9e7f","__parent":"powerlines_mountain_village","position":[194.643372,-846.981262,272.062714],"annotation":"POLE","isRenderEnabled":false,"rotationMatrix":[-0.775916994,-0.630834103,0,0.630834103,-0.775916994,0,0,0,1],"scale":[1.06446695,1,1],"shapeName":"/levels/italy/art/shapes/buildings/powerline_city2.dae"}
{"class":"TSStatic","persistentId":"57cbb94d-18b7-4950-938c-9a941862e94a","__parent":"powerlines_mountain_village","position":[228.391983,-839.245605,247.174728],"annotation":"POLE","isRenderEnabled":false,"rotationMatrix":[0.654396057,0.75461185,0.0482334048,-0.756151617,0.653063416,0.0417426117,1.87051352e-09,-0.0637879819,0.997963309],"scale":[0.53886652,1,1],"shapeName":"/levels/italy/art/shapes/buildings/powerline_city2.dae"}
{"class":"TSStatic","persistentId":"58868e04-fc9d-45ef-afc7-682b6db0c50e","__parent":"powerlines_mountain_village","position":[240.988205,-830.720032,245.133865],"annotation":"POLE","isRenderEnabled":false,"rotationMatrix":[0.159925774,0.987128735,0,-0.987128735,0.159925774,0,0,0,1],"scale":[0.545069754,1,1],"shapeName":"/levels/italy/art/shapes/buildings/powerline_city2.dae"}
{"class":"TSStatic","persistentId":"613e7b4a-5929-428d-917f-988287d2ae57","__parent":"powerlines_mountain_village","position":[320.014893,-875.940735,272.279968],"annotation":"POLE","isRenderEnabled":false,"rotationMatrix":[0.492966294,-0.860718846,0.127074897,0.870048404,0.48767975,-0.0720001385,-1.02384003e-08,0.146055013,0.98927635],"scale":[1.10263264,1,1],"shapeName":"/levels/italy/art/shapes/buildings/powerline_city1.dae"}
{"class":"TSStatic","persistentId":"64a9f2cf-93fa-4646-98f7-1f4e49dc22a1","__parent":"powerlines_mountain_village","position":[230.845016,-803.714844,246.931656],"annotation":"POLE","isRenderEnabled":false,"rotationMatrix":[-0.661089361,0.712836683,0.234145656,-0.671936154,-0.701330185,0.237987235,0.333859384,-6.33099972e-08,0.942622304],"scale":[1.04340982,1,1],"shapeName":"/levels/italy/art/shapes/buildings/powerline_city2.dae"}
{"class":"TSStatic","persistentId":"6d6284e0-5f7b-464c-8f12-976457f95993","__parent":"powerlines_mountain_village","position":[187.491318,-809.4021,273.055481],"annotation":"POLE","isRenderEnabled":false,"rotationMatrix":[-0.999363124,-0.0356814601,0,0.0356814601,-0.999363124,0,0,0,1],"scale":[0.91173774,0.91173774,0.91173774],"shapeName":"/levels/italy/art/shapes/buildings/powerline_city3.dae"}
{"class":"TSStatic","persistentId":"6e0ede86-27f5-48d4-8a03-461f259888a4","__parent":"powerlines_mountain_village","position":[291.244446,-774.229126,242.852676],"annotation":"POLE","isRenderEnabled":false,"rotationMatrix":[0.195150957,-0.962291837,-0.189504832,0.980723202,0.193430021,0.0277194399,0.00998173282,-0.191261262,0.981488526],"scale":[0.968283117,1,1],"shapeName":"/levels/italy/art/shapes/buildings/powerline_city2.dae"}
{"class":"TSStatic","persistentId":"7046b150-21f6-4a2a-9194-f0e2dd68be89","__parent":"powerlines_mountain_village","position":[309.390137,-780.088562,243.237473],"annotation":"POLE","isRenderEnabled":false,"rotationMatrix":[0.300761968,0.953675032,0.00672201347,-0.953628302,0.300645828,0.0143190268,0.0116347531,-0.0107169207,0.999874651],"scale":[1.0911268,0.456885338,0.912572026],"shapeName":"/levels/italy/art/shapes/buildings/powerline_city1.dae"}
{"class":"TSStatic","persistentId":"707beb1c-1111-41f2-b79e-8695ab4641cc","__parent":"powerlines_mountain_village","position":[232.670181,-841.461731,247.193085],"annotation":"POLE","isRenderEnabled":false,"rotationMatrix":[0.970421553,0.241415843,0,-0.241415843,0.970421553,0,0,0,1],"scale":[0.559719205,1,1],"shapeName":"/levels/italy/art/shapes/buildings/powerline_city1.dae"}
{"class":"TSStatic","persistentId":"756bc023-6509-4cb1-8153-78b37941e7d6","__parent":"powerlines_mountain_village","position":[231.862091,-916.693848,259.055298],"annotation":"POLE","isRenderEnabled":false,"rotationMatrix":[-0.0527021028,-0.990848064,0.124267213,0.998610318,-0.0522924587,0.00655825809,-1.24196098e-09,0.124440156,0.992226899],"scale":[1.36426282,1.35485065,2.06082559],"shapeName":"/levels/italy/art/shapes/buildings/powerline_city2.dae"}
{"class":"TSStatic","persistentId":"784832b9-6fb3-40e3-951f-1768cb8cfadc","__parent":"powerlines_mountain_village","position":[144.77475,-942.518799,288.610138],"annotation":"POLE","isRenderEnabled":false,"rotationMatrix":[0.974066734,-0.114740454,-0.195010006,0.112507887,0.993395388,-0.0225242879,0.196306512,-9.89345406e-09,0.9805426],"scale":[1.1522404,1,1],"shapeName":"/levels/italy/art/shapes/buildings/powerline_city2.dae"}
{"class":"TSStatic","persistentId":"7afe1d7d-c525-4f61-8ff5-6187c1f9d276","__parent":"powerlines_mountain_village","position":[249.863586,-847.196228,247.543655],"annotation":"POLE","isRenderEnabled":false,"rotationMatrix":[-0.703996003,-0.702635825,-0.103403158,0.710203767,-0.696494222,-0.102499314,-1.25634507e-08,-0.145596445,0.989343822],"scale":[0.79085201,0.9525038,0.9525038],"shapeName":"/levels/italy/art/shapes/buildings/powerline_city3.dae"}
{"class":"TSStatic","persistentId":"7e5a8dd3-4dce-4433-a9ff-be0f2330eaac","__parent":"powerlines_mountain_village","position":[185.2612,-930.225342,279.468109],"annotation":"POLE","isRenderEnabled":false,"rotationMatrix":[0.803894281,-0.594772041,0,0.594772041,0.803894281,0,0,0,1],"scale":[0.865027726,1,1],"shapeName":"/levels/italy/art/shapes/buildings/powerline_city1.dae"}
{"class":"TSStatic","persistentId":"809dd839-848a-4987-9601-021e5f53d5fa","__parent":"powerlines_mountain_village","position":[200.25174,-863.193604,273.065369],"annotation":"POLE","isRenderEnabled":false,"rotationMatrix":[-0.880153,-0.474690199,0,0.474690199,-0.880153,0,0,0,1],"scale":[0.896794915,1,1],"shapeName":"/levels/italy/art/shapes/buildings/powerline_city2.dae"}
{"class":"TSStatic","persistentId":"83a09c71-8bd9-489a-8ef9-4e8cb48fd968","__parent":"powerlines_mountain_village","position":[194.626877,-846.897949,272.062714],"annotation":"POLE","isRenderEnabled":false,"rotationMatrix":[-0.999998271,0.00173654291,0,-0.00173654291,-0.999998271,0,0,0,1],"scale":[1.07746589,1,1],"shapeName":"/levels/italy/art/shapes/buildings/powerline_city2.dae"}
{"class":"TSStatic","persistentId":"83f10173-cadf-4dab-954b-af5ee56e7682","__parent":"powerlines_mountain_village","position":[187.928467,-910.310608,282.494751],"annotation":"POLE","isRenderEnabled":false,"rotationMatrix":[0.998618245,0,-0.052547127,0,1,0,0.052547127,0,0.998618245],"scale":[1.26346755,1,1.54173589],"shapeName":"/levels/italy/art/shapes/buildings/powerline_city2.dae"}
{"class":"TSStatic","persistentId":"84a3d356-d71d-4da4-839b-6592ef8d524a","__parent":"powerlines_mountain_village","position":[235.19545,-881.560181,253.59137],"annotation":"POLE","isRenderEnabled":false,"rotationMatrix":[-0.101914868,-0.987457216,0.120585136,0.994701147,-0.102802426,-0.00114661851,0.013528686,0.119829252,0.992702246],"scale":[1.59335399,1.69937396,1.69937396],"shapeName":"/levels/italy/art/shapes/buildings/powerline_city2.dae"}
{"class":"TSStatic","persistentId":"85ba49f2-6cce-440c-a4df-0bb860d930cd","__parent":"powerlines_mountain_village","position":[222.180756,-992.164185,282.566956],"annotation":"POLE","isRenderEnabled":false,"rotationMatrix":[-0.321163893,-0.941513717,-0.102006167,0.947023451,-0.319295317,-0.0345933177,-8.14704748e-09,-0.107712395,0.994182169],"scale":[0.912920177,1,1],"shapeName":"/levels/italy/art/shapes/buildings/powerline_city2.dae"}
{"class":"TSStatic","persistentId":"8a1ba3bf-38f5-403b-a7ea-98fd00a3cf52","__parent":"powerlines_mountain_village","position":[222.351685,-992.164185,282.566956],"annotation":"POLE","isRenderEnabled":false,"rotationMatrix":[0.28002727,-0.959966063,0.00698678009,0.957983017,0.278963566,-0.0666841045,0.0620654635,0.0253664777,0.997749746],"scale":[1.11622477,1,1],"shapeName":"/levels/italy/art/shapes/buildings/powerline_city2.dae"}
{"class":"TSStatic","persistentId":"8ebe1ce4-98cf-4689-939d-1fa87f614159","__parent":"powerlines_mountain_village","position":[281.011383,-921.823425,274.784912],"annotation":"POLE","isRenderEnabled":false,"rotationMatrix":[0.984063923,0,-0.177815169,0,1,0,0.177815169,0,0.984063923],"scale":[1.0089792,1,1.54169166],"shapeName":"/levels/italy/art/shapes/buildings/powerline_city2.dae"}
{"class":"TSStatic","persistentId":"8f525102-fffd-4fe7-a85b-03d61e68d60f","__parent":"powerlines_mountain_village","position":[214.432816,-766.642456,266.529938],"annotation":"POLE","isRenderEnabled":false,"rotationMatrix":[-0.223713771,0.974413157,-0.0217466131,-0.974655509,-0.223654047,0.00517215999,0.000176102563,0.0223525371,0.999750137],"scale":[0.861877084,1,1],"shapeName":"/levels/italy/art/shapes/buildings/powerline_city2.dae"}
{"class":"TSStatic","persistentId":"9608a5a1-eca2-40ed-a6e8-d18f85913287","__parent":"powerlines_mountain_village","position":[237.969589,-800.31427,247.918594],"annotation":"POLE","isRenderEnabled":false,"rotationMatrix":[-0.218913049,0.975743949,0,-0.975743949,-0.218913049,0,0,0,1],"scale":[1.11919796,1,1],"shapeName":"/levels/italy/art/shapes/buildings/powerline_city3.dae"}
{"class":"TSStatic","persistentId":"97f0b7fd-e839-4113-af4f-54ac1f6c5280","__parent":"powerlines_mountain_village","position":[143.463928,-939.998352,287.511566],"annotation":"POLE","isRenderEnabled":false,"rotationMatrix":[0.848431647,0.515247822,-0.121178187,-0.510071635,0.857041836,0.0728515238,0.141391337,-3.25844738e-08,0.989953756],"scale":[1.167624,1,1.79252934],"shapeName":"/levels/italy/art/shapes/buildings/powerline_city2.dae"}
{"class":"TSStatic","persistentId":"a04ab342-8112-4e5d-8d1c-a2e941b93f15","__parent":"powerlines_mountain_village","position":[188.433853,-829.485962,270.921631],"annotation":"POLE","isRenderEnabled":false,"rotationMatrix":[-0.935477674,-0.341244638,0.0918460488,0.339611441,-0.939974546,-0.0333433636,0.0977113023,4.1398458e-08,0.995213807],"scale":[0.870276988,1,1],"shapeName":"/levels/italy/art/shapes/buildings/powerline_city1.dae"}
{"class":"TSStatic","persistentId":"a1105ef1-8e4d-4b22-879d-d50730ce66ef","__parent":"powerlines_mountain_village","position":[371.66983,-837.71167,258.478119],"annotation":"POLE","isRenderEnabled":false,"rotationMatrix":[-0.943686068,-0.318963587,-0.0878566504,0.317590266,-0.947766781,0.0295674689,-0.0926985741,-7.6826403e-09,0.99569422],"scale":[1.20536852,1.25446737,1.25446737],"shapeName":"/levels/italy/art/shapes/buildings/powerline_city2.dae"}
{"class":"TSStatic","persistentId":"a1373eb0-80f5-4443-ab2a-55774ccdeda3","__parent":"powerlines_mountain_village","position":[201.067307,-896.430481,277.905121],"annotation":"POLE","isRenderEnabled":false,"rotationMatrix":[-0.713264704,0.677939951,0.1779055,-0.657787561,-0.735116482,0.164068237,0.242009819,2.51201584e-08,0.970272958],"scale":[1.11186361,1,0.766905248],"shapeName":"/levels/italy/art/shapes/buildings/powerline_city3.dae"}
{"class":"TSStatic","persistentId":"a2e4af18-cae5-4c0e-b971-146cf284c8b5","__parent":"powerlines_mountain_village","position":[223.487625,-823.998108,249.383423],"annotation":"POLE","isRenderEnabled":false,"rotationMatrix":[-0.997980118,-0.0280585717,-0.0569957383,0.0280116536,-0.999606311,0.00162199105,-0.0570188351,2.21701921e-05,0.998372972],"scale":[0.943669558,1,1],"shapeName":"/levels/italy/art/shapes/buildings/powerline_city2.dae"}
{"class":"TSStatic","persistentId":"a87d1698-8a63-4751-9f4a-c8e1758b8199","__parent":"powerlines_mountain_village","position":[314.852936,-778.747986,241.142075],"annotation":"POLE","isRenderEnabled":false,"rotationMatrix":[0.979454875,0,-0.2016619,0,1,0,0.2016619,0,0.979454875],"scale":[0.741662085,0.746100724,0.746100724],"shapeName":"/levels/italy/art/shapes/buildings/powerline_city3.dae"}
{"class":"TSStatic","persistentId":"b5f253aa-adde-441b-9d2f-b762d1cd7eda","__parent":"powerlines_mountain_village","position":[203.919006,-772.907349,268.710449],"annotation":"POLE","isRenderEnabled":false,"rotationMatrix":[-0.17031461,0.982646346,0.0734708607,-0.985389531,-0.16984053,-0.0126986913,6.05251316e-09,-0.0745601878,0.997216463],"scale":[0.902816653,1,1],"shapeName":"/levels/italy/art/shapes/buildings/powerline_city2.dae"}
{"class":"TSStatic","persistentId":"b6ce36dc-288a-4423-a975-4f21de0bddd7","__parent":"powerlines_mountain_village","position":[217.537338,-764.975891,266.571899],"annotation":"POLE","isRenderEnabled":false,"rotationMatrix":[-0.245637879,0.969114542,-0.0218826327,-0.969361901,-0.245575428,0.00554509228,-3.48705037e-10,0.022574272,0.999745071],"scale":[0.798712492,1,1],"shapeName":"/levels/italy/art/shapes/buildings/powerline_city1.dae"}
{"class":"TSStatic","persistentId":"ba2c7158-d1db-4d1c-acfa-4fb9153b6129","__parent":"powerlines_mountain_village","position":[309.385925,-780.098694,243.237473],"annotation":"POLE","isRenderEnabled":false,"rotationMatrix":[-0.424897492,0.905216277,0.00672201766,-0.905103028,-0.424950689,0.0143190213,0.0158183388,-6.98516689e-10,0.99987483],"scale":[1.53211486,0.456885338,0.912572026],"shapeName":"/levels/italy/art/shapes/buildings/powerline_city1.dae"}
{"class":"TSStatic","persistentId":"be0c570f-e78b-45c7-a749-ab501dcbe91c","__parent":"powerlines_mountain_village","position":[224.287094,-829.883179,249.40239],"annotation":"POLE","isRenderEnabled":false,"rotationMatrix":[-0.95762372,-0.283326626,-0.051795166,0.282913148,-0.959023535,0.0153019661,-0.0540082417,-2.79275048e-09,0.998540521],"scale":[1.01618791,1,1.35103559],"shapeName":"/levels/italy/art/shapes/buildings/powerline_city2.dae"}
{"class":"TSStatic","persistentId":"c6e9ec43-427a-4495-965c-eb57ef8a9657","__parent":"powerlines_mountain_village","position":[193.777069,-882.919861,276.626953],"annotation":"POLE","isRenderEnabled":false,"rotationMatrix":[0.992825091,-0.0340308957,-0.114631012,0.0337979011,0.999420762,-0.00397575321,0.114699915,7.29353633e-05,0.993400097],"scale":[1.02455544,1,1],"shapeName":"/levels/italy/art/shapes/buildings/powerline_city2.dae"}
{"class":"TSStatic","persistentId":"c745ccfd-7d4b-40d8-8128-d752289ef1f4","__parent":"powerlines_mountain_village","position":[186.820267,-822.742065,271.187256],"annotation":"POLE","isRenderEnabled":false,"rotationMatrix":[-0.999993801,-0.0035978891,0,0.0035978891,-0.999993801,0,0,0,1],"scale":[0.782847703,1,1],"shapeName":"/levels/italy/art/shapes/buildings/powerline_city2.dae"}
{"class":"TSStatic","persistentId":"c82dd485-78fd-4eae-b6b1-9aaec562dc22","__parent":"powerlines_mountain_village","position":[393.972443,-868.851685,267.943817],"annotation":"POLE","isRenderEnabled":false,"rotationMatrix":[-0.33584103,-0.941364765,0.0322998352,0.94191879,-0.3356435,0.0115165003,2.27002417e-09,0.0342915393,0.999411821],"scale":[1.19723499,1,1],"shapeName":"/levels/italy/art/shapes/buildings/powerline_city2.dae"}
{"class":"TSStatic","persistentId":"c9d893a5-e43a-45f6-ac1a-285908da68db","__parent":"powerlines_mountain_village","position":[217.695663,-862.99823,249.691528],"annotation":"POLE","isRenderEnabled":false,"scale":[0.890820205,1,1],"shapeName":"/levels/italy/art/shapes/buildings/powerline_city2.dae"}
{"class":"TSStatic","persistentId":"cea823c8-251e-4402-8126-4f0414a4304d","__parent":"powerlines_mountain_village","position":[237.321747,-832.582336,246.833801],"annotation":"POLE","isRenderEnabled":false,"rotationMatrix":[0.207732424,0.973921299,0.0912443176,-0.978176653,0.207220897,0.0151473451,-0.00415543281,-0.0923999175,0.995713472],"scale":[0.609030664,1,0.816828847],"shapeName":"/levels/italy/art/shapes/buildings/powerline_city1.dae"}
{"class":"TSStatic","persistentId":"d29dd8ed-723a-40a1-9716-80fdd461cc72","__parent":"powerlines_mountain_village","position":[234.302673,-991.270264,279.86615],"annotation":"POLE","isRenderEnabled":false,"rotationMatrix":[0.659848273,-0.747778893,-0.0736690685,0.75139904,0.656669497,0.06469322,-7.91311994e-09,-0.0980425775,0.995182216],"scale":[0.988579333,1,1],"shapeName":"/levels/italy/art/shapes/buildings/powerline_city3.dae"}
{"class":"TSStatic","persistentId":"da23b30c-a97d-4227-8dbc-749bc189c3fc","__parent":"powerlines_mountain_village","position":[371.759094,-837.860413,258.478119],"annotation":"POLE","isRenderEnabled":false,"rotationMatrix":[-0.800625443,-0.599134088,-0.00603744574,0.599161625,-0.800546229,-0.0114643984,0.00203537778,-0.0127962045,0.999916375],"scale":[1.45933259,1.25446737,1.25446737],"shapeName":"/levels/italy/art/shapes/buildings/powerline_city2.dae"}
{"class":"TSStatic","persistentId":"e1082e7c-599f-4ac6-b567-2e990083fbc7","__parent":"powerlines_mountain_village","position":[191.783478,-791.218628,270.990601],"annotation":"POLE","isRenderEnabled":false,"rotationMatrix":[-0.96741426,0.214445457,-0.134622067,-0.212398797,-0.976735711,-0.0295566972,-0.137828559,6.28458707e-09,0.990456104],"scale":[0.877914429,0.914495826,0.914495826],"shapeName":"/levels/italy/art/shapes/buildings/powerline_city1.dae"}
{"class":"TSStatic","persistentId":"e6dde818-6a1c-42e4-929e-181b51be81f4","__parent":"powerlines_mountain_village","position":[299.073792,-800.78009,243.657822],"annotation":"POLE","isRenderEnabled":false,"rotationMatrix":[0.99886775,0,-0.0475758761,0,1,0,0.0475758761,0,0.99886775],"scale":[0.840063572,1,1],"shapeName":"/levels/italy/art/shapes/buildings/powerline_city3.dae"}
{"class":"TSStatic","persistentId":"ec6a5a29-29b1-4fa9-bbc6-0485f735a257","__parent":"powerlines_mountain_village","position":[197.038208,-783.557495,270.153961],"annotation":"POLE","isRenderEnabled":false,"rotationMatrix":[-0.930324852,0.366735756,0,-0.366735756,-0.930324852,0,0,0,1],"scale":[1.06871605,1,1],"shapeName":"/levels/italy/art/shapes/buildings/powerline_city1.dae"}
{"class":"TSStatic","persistentId":"f15697b6-8166-47bd-b355-060bc15e9b8e","__parent":"powerlines_mountain_village","position":[263.637238,-778.559143,244.940552],"annotation":"POLE","isRenderEnabled":false,"rotationMatrix":[0.229837596,-0.964208841,0.132196501,0.973228931,0.22770749,-0.0312195029,-5.00435648e-09,0.135832876,0.990731657],"scale":[0.705884695,1,1],"shapeName":"/levels/italy/art/shapes/buildings/powerline_city2.dae"}
{"class":"TSStatic","persistentId":"f99b23b9-5177-4d5c-9d88-94ae89221161","__parent":"powerlines_mountain_village","position":[159.035919,-966.3172,285.443268],"annotation":"POLE","isRenderEnabled":false,"rotationMatrix":[0.581230164,0.812512338,-0.0446590073,-0.813738585,0.580354154,-0.0318986401,4.65637129e-09,0.0548812225,0.998492897],"scale":[1.11442935,1,1],"shapeName":"/levels/italy/art/shapes/buildings/powerline_city1.dae"}
