{"name":"PointLight_Tourist1","class":"PointLight","persistentId":"7c1efef6-13eb-42ad-82fe-c1475dc30042","__parent":"tourist_center_lights","position":[-548.513306,244.04248,304.270111],"color":[0.99000001,0.899999976,0.699999988,1],"isEnabled":false,"overDarkFactor":[20,20,20,10],"radius":25,"rotationMatrix":[0.970050573,0.242903367,-0.000167733087,-0.242903471,0.970050335,-0.000669852656,0,0.000690533896,0.999999762],"shadowDarkenColor":[0,0,0,0],"shadowSoftness":1}
{"name":"PointLight_Tourist3","class":"PointLight","persistentId":"9ef3f52a-9c56-4344-8545-26040b26b186","__parent":"tourist_center_lights","position":[-511.06366,236.221558,303.132233],"color":[0.99000001,0.899999976,0.699999988,1],"isEnabled":false,"overDarkFactor":[20,20,20,10],"radius":20,"rotationMatrix":[0.970050573,0.242903367,-0.000167733087,-0.242903471,0.970050335,-0.000669852656,0,0.000690533896,0.999999762],"shadowDarkenColor":[0,0,0,0],"shadowSoftness":1}
{"name":"PointLight_Tourist2","class":"PointLight","persistentId":"bf0b78f6-9431-401d-9646-71e51b7c9549","__parent":"tourist_center_lights","position":[-523.759216,246.372894,303.448639],"color":[0.99000001,0.899999976,0.699999988,1],"isEnabled":false,"overDarkFactor":[20,20,20,10],"radius":20,"rotationMatrix":[0.970050573,0.242903367,-0.000167733087,-0.242903471,0.970050335,-0.000669852656,0,0.000690533896,0.999999762],"shadowDarkenColor":[0,0,0,0],"shadowSoftness":1}
{"name":"Spotlight_Tourist12","class":"SpotLight","persistentId":"12d8d821-65b1-46aa-afbf-8702abdcc855","__parent":"tourist_center_lights","position":[-516.454773,234.62178,303.4823],"flareScale":5,"flareType":"BNG_LightFlare_1","isEnabled":false,"outerAngle":45.0000038,"range":1.1920929e-07,"rotationMatrix":[1,0,0,0,-0.00069057761,-0.999999762,0,0.999999762,-0.00069057761],"shadowDarkenColor":[0,0,0,0]}
{"name":"Spotlight_Tourist10","class":"SpotLight","persistentId":"2c573d1e-bcf2-4883-8cc6-0cebbd331c5e","__parent":"tourist_center_lights","position":[-512.223267,233.775192,303.50412],"flareScale":5,"flareType":"BNG_LightFlare_1","isEnabled":false,"outerAngle":45.0000038,"range":1.1920929e-07,"rotationMatrix":[1,0,0,0,-0.00069057761,-0.999999762,0,0.999999762,-0.00069057761],"shadowDarkenColor":[0,0,0,0]}
{"name":"Spotlight_Tourist6","class":"SpotLight","persistentId":"2ea35608-9c50-4509-acbf-211b3551d501","__parent":"tourist_center_lights","position":[-501.828064,230.469421,303.083679],"flareScale":5,"flareType":"BNG_LightFlare_1","isEnabled":false,"outerAngle":45.0000038,"range":1.1920929e-07,"rotationMatrix":[0.982474267,-0.186397031,0,0.186397031,0.982474267,0,0,0,1],"shadowDarkenColor":[0,0,0,0]}
{"name":"Spotlight_Tourist4","class":"SpotLight","persistentId":"4670c681-994d-439a-a922-e7962e6f16e2","__parent":"tourist_center_lights","position":[-520.254578,234.183945,302.843475],"flareScale":5,"flareType":"BNG_LightFlare_1","isEnabled":false,"outerAngle":45.0000038,"range":1.1920929e-07,"rotationMatrix":[0.982474267,-0.186397031,0,0.186397031,0.982474267,0,0,0,1],"shadowDarkenColor":[0,0,0,0]}
{"name":"Spotlight_Tourist2","class":"SpotLight","persistentId":"4a268423-4050-4900-8e4e-3d5d0359ca8e","__parent":"tourist_center_lights","position":[-550.039795,237.097946,303.671875],"flareScale":5,"flareType":"BNG_LightFlare_1","isEnabled":false,"outerAngle":180,"range":1.1920929e-07,"rotationMatrix":[0.982474267,-0.186397031,0,0.186397031,0.982474267,0,0,0,1],"shadowDarkenColor":[0,0,0,0]}
{"name":"Spotlight_Tourist7","class":"SpotLight","persistentId":"6b0fadf4-77dc-40a9-88ea-5a8aedbb69d4","__parent":"tourist_center_lights","position":[-506.41806,232.672394,303.50412],"flareScale":5,"flareType":"BNG_LightFlare_1","isEnabled":false,"outerAngle":45.0000038,"range":1.1920929e-07,"rotationMatrix":[1,-7.97446276e-10,-2.75249496e-13,2.75379437e-13,0.000690490182,-0.999999762,7.97446276e-10,0.999999762,0.000690490182],"shadowDarkenColor":[0,0,0,0]}
{"name":"Spotlight_Tourist8","class":"SpotLight","persistentId":"87625029-c53f-486f-8b07-2717c5b442da","__parent":"tourist_center_lights","position":[-505.380157,238.143021,303.50412],"flareScale":5,"flareType":"BNG_LightFlare_1","isEnabled":false,"outerAngle":45.0000038,"range":1.1920929e-07,"rotationMatrix":[1,0,0,0,-0.00069057761,-0.999999762,0,0.999999762,-0.00069057761],"shadowDarkenColor":[0,0,0,0]}
{"name":"Spotlight_Tourist3","class":"SpotLight","persistentId":"b4fa2f1d-66a9-4ef2-9bf7-96f149879c34","__parent":"tourist_center_lights","position":[-542.372375,235.601318,303.671875],"flareScale":5,"flareType":"BNG_LightFlare_1","isEnabled":false,"outerAngle":180,"range":0.0500000007,"rotationMatrix":[0.982474267,-0.186397031,0,0.186397031,0.982474267,0,0,0,1],"shadowDarkenColor":[0,0,0,0]}
{"name":"Spotlight_Tourist11","class":"SpotLight","persistentId":"c24e2cc4-c47d-4e56-a53d-15cc0a8bc665","__parent":"tourist_center_lights","position":[-515.359985,240.066833,303.4823],"flareScale":5,"flareType":"BNG_LightFlare_1","isEnabled":false,"outerAngle":45.0000038,"range":1.1920929e-07,"rotationMatrix":[1,0,0,0,-0.00069051981,-0.999999523,0,0.999999523,-0.00069051981],"shadowDarkenColor":[0,0,0,0]}
{"name":"Spotlight_Tourist1","class":"SpotLight","persistentId":"cf542659-6899-4ecd-9f63-9492a7f424ac","__parent":"tourist_center_lights","position":[-559.290161,241.475769,303.221252],"flareScale":5,"flareType":"BNG_LightFlare_1","isEnabled":false,"outerAngle":45.0000038,"range":1.1920929e-07,"rotationMatrix":[0.982474267,-0.186397031,0,0.186397031,0.982474267,0,0,0,1],"shadowDarkenColor":[0,0,0,0]}
{"name":"Spotlight_Tourist9","class":"SpotLight","persistentId":"dec63ac5-d930-4a8c-bbdf-806b05a6d0fd","__parent":"tourist_center_lights","position":[-511.197235,239.241089,303.50412],"flareScale":5,"flareType":"BNG_LightFlare_1","isEnabled":false,"outerAngle":45.0000038,"range":1.1920929e-07,"rotationMatrix":[1,0,0,0,-0.00069057761,-0.999999762,0,0.999999762,-0.00069057761],"shadowDarkenColor":[0,0,0,0]}
{"name":"Spotlight_Tourist5","class":"SpotLight","persistentId":"e5636d68-9f06-466b-bc0a-03e4cb59752e","__parent":"tourist_center_lights","position":[-520.223022,245.18158,302.369415],"flareScale":5,"flareType":"BNG_LightFlare_1","isEnabled":false,"outerAngle":45.0000038,"range":1.1920929e-07,"rotationMatrix":[0.186396986,0.982474267,0,-0.982474267,0.186396986,0,0,0,1],"shadowDarkenColor":[0,0,0,0]}
{"name":"PointLight_Tourist4","class":"PointLight","persistentId":"20d18181-cc61-4d32-b22a-c8bed89f5b18","__parent":"tourist_center_lights","position":[-592.756165,320.765808,302.708801],"color":[0.699999988,0.714238048,0.99000001,1],"isEnabled":false,"overDarkFactor":[20,20,20,10],"radius":7,"rotationMatrix":[0.970050573,0.242903367,-0.000167733087,-0.242903471,0.970050335,-0.000669852656,0,0.000690533896,0.999999762],"shadowDarkenColor":[0,0,0,0],"shadowSoftness":1}
