{"internalName":"NewCamera_22","class":"CameraBookmark","persistentId":"01876cef-135a-4cac-8b48-b22de6367a6e","__parent":"CameraBookmarks","position":[124.400642,171.083633,161.915787],"dataBlock":"CameraBookmarkMarker","rotationMatrix":[0.0301545858,0.999545217,8.94069672e-08,-0.503080726,0.0151772499,-0.864106059,-0.863713145,0.0260566473,0.503309727]}
{"name":"FirstChicane","internalName":"NewCamera_0","class":"CameraBookmark","persistentId":"14099119-6b8a-473a-8a84-94be7bb0ebde","__parent":"CameraBookmarks","position":[597.724365,174.927063,138.761917],"dataBlock":"CameraBookmarkMarker","rotationMatrix":[0.369696915,-0.929152369,0,0.928934932,0.369610369,0.0216339603,-0.0201012474,-0.00799800828,0.999765933]}
{"internalName":"NewCamera_15","class":"CameraBookmark","persistentId":"243304a3-5c83-4e1d-bb0e-cb3f17a1a26c","__parent":"CameraBookmarks","position":[-36.9800148,91.553772,205.843491],"dataBlock":"CameraBookmarkMarker","rotationMatrix":[0.732718706,-0.680531621,1.34110451e-07,0.465142369,0.500812054,-0.729951978,0.496755302,0.534849524,0.683498442]}
{"name":"Carousel","internalName":"NewCamera_3","class":"CameraBookmark","persistentId":"284d5922-9d6a-4892-9b31-738f963e3ac6","__parent":"CameraBookmarks","position":[570.757507,449.342194,153.506119],"dataBlock":"CameraBookmarkMarker","rotationMatrix":[-0.675698161,-0.737178206,3.7252903e-09,0.73089838,-0.669942021,-0.130249828,0.0960173458,-0.0880095884,0.991481185]}
{"internalName":"NewCamera_9","class":"CameraBookmark","persistentId":"3398d708-c8d8-40ca-8f31-3652645cbcc0","__parent":"CameraBookmarks","position":[157.650925,-393.912354,195.522614],"dataBlock":"CameraBookmarkMarker","rotationMatrix":[0.335294724,0.94211328,5.96046448e-08,-0.510165453,0.18156606,-0.840693235,-0.792028248,0.281880021,0.541511714]}
{"internalName":"NewCamera_16","class":"CameraBookmark","persistentId":"340f85e7-0384-4875-ba79-a296b6014761","__parent":"CameraBookmarks","position":[-294.727875,-178.167877,271.776886],"dataBlock":"CameraBookmarkMarker","rotationMatrix":[0.993547678,-0.113415018,1.11758709e-08,0.0250824429,0.219729245,-0.975238383,0.11060667,0.968945801,0.22115618]}
{"name":"BriansBend","internalName":"NewCamera_1","class":"CameraBookmark","persistentId":"3434f1c1-5344-4a25-a6ab-ea3a8d92872b","__parent":"CameraBookmarks","position":[639.077698,481.340759,151.353241],"dataBlock":"CameraBookmarkMarker","rotationMatrix":[0.342316628,0.939584613,0,-0.937311888,0.3414886,0.0695117116,0.0653121397,-0.0237950105,0.997581124]}
{"internalName":"NewCamera_14","class":"CameraBookmark","persistentId":"37b55929-a914-4aa4-844e-9139894a1f83","__parent":"CameraBookmarks","position":[369.192749,-328.615509,186.079224],"dataBlock":"CameraBookmarkMarker","rotationMatrix":[0.996310174,0.0858255327,1.11758709e-08,-0.051352933,0.596133351,-0.801241457,-0.0687669814,0.798285067,0.598341107]}
{"internalName":"NewCamera_19","class":"CameraBookmark","persistentId":"58d62146-8153-41cd-9a83-1ea43e2be8cd","__parent":"CameraBookmarks","position":[-789.920776,-266.803833,147.720123],"dataBlock":"CameraBookmarkMarker","rotationMatrix":[-0.19901967,-0.97999543,2.23517418e-08,0.962688863,-0.195505023,-0.187103689,0.183360785,-0.0372373164,0.982340157]}
{"internalName":"NewCamera_12","class":"CameraBookmark","persistentId":"60be7e2b-c290-4606-9da1-db11b03dcf80","__parent":"CameraBookmarks","position":[71.5806885,-330.001343,134.766388],"dataBlock":"CameraBookmarkMarker","rotationMatrix":[0.99371475,-0.111942023,1.86264515e-08,0.0618686117,0.549210548,-0.833390713,0.0932914317,0.828152657,0.552684307]}
{"internalName":"NewCamera_13","class":"CameraBookmark","persistentId":"75d8b672-d5fc-46af-95c0-397fa1339dc2","__parent":"CameraBookmarks","position":[13.4556627,-260.489655,152.241394],"dataBlock":"CameraBookmarkMarker","rotationMatrix":[0.468806386,0.88330096,-2.98023224e-08,-0.561513722,0.298019767,-0.771936834,-0.681852579,0.361888945,0.635699213]}
{"name":"MainStraight","internalName":"NewCamera_4","class":"CameraBookmark","persistentId":"787ea59a-345b-44e1-a263-cad90b3bd4e3","__parent":"CameraBookmarks","position":[278.879456,180.14357,148.388718],"dataBlock":"CameraBookmarkMarker","rotationMatrix":[0.0531812906,-0.998584986,-1.39698386e-09,0.998498321,0.0531766415,0.0131758563,-0.0131572094,-0.00070071267,0.999913216]}
{"internalName":"NewCamera_6","class":"CameraBookmark","persistentId":"9bb0fc74-f8fb-4770-a9a0-350ab47f2460","__parent":"CameraBookmarks","position":[-740.287109,-121.636726,123.674133],"dataBlock":"CameraBookmarkMarker","rotationMatrix":[-0.921246648,-0.388979375,-5.58793545e-09,0.385897577,-0.913947821,0.125629157,-0.0488671511,0.115735419,0.992077291]}
{"internalName":"NewCamera_10","class":"CameraBookmark","persistentId":"b026ca23-53db-4471-bd38-3ec0429be086","__parent":"CameraBookmarks","position":[-56.4592323,-203.295471,155.300446],"dataBlock":"CameraBookmarkMarker","rotationMatrix":[0.701777697,-0.712396026,8.94069672e-08,0.572690368,0.564154267,-0.59477365,0.42371434,0.41739893,0.803893209]}
{"internalName":"NewCamera_8","class":"CameraBookmark","persistentId":"b31147d8-ec3d-42ba-81b0-72c2f5be130d","__parent":"CameraBookmarks","position":[-11.3807449,505.97168,178.627502],"dataBlock":"CameraBookmarkMarker","rotationMatrix":[-0.960912704,-0.276851416,-3.7252903e-08,0.119179234,-0.413654327,-0.902599752,0.249886006,-0.867319643,0.430480719]}
{"internalName":"NewCamera_11","class":"CameraBookmark","persistentId":"c35b3580-04a2-4c4e-a2d5-fce91363f54d","__parent":"CameraBookmarks","position":[78.7287064,-430.416901,135.632736],"dataBlock":"CameraBookmarkMarker","rotationMatrix":[0.152049065,0.988372922,-2.98023224e-08,-0.964147568,0.148322284,-0.220045134,-0.21748665,0.0334576815,0.975489676]}
{"internalName":"NewCamera_18","class":"CameraBookmark","persistentId":"c42744df-b246-497a-9e35-ba5dc316d2d5","__parent":"CameraBookmarks","position":[-438.649414,20.1453838,121.740448],"dataBlock":"CameraBookmarkMarker","rotationMatrix":[-0.996499062,-0.0836058185,1.86264515e-09,0.0834150836,-0.994225621,0.0675106943,-0.00564428465,0.067274332,0.997718573]}
{"name":"IntoAdams","internalName":"NewCamera_5","class":"CameraBookmark","persistentId":"c939af99-cf09-4230-a933-8d0913a4f281","__parent":"CameraBookmarks","position":[-42.8666115,2.631531,122.839302],"dataBlock":"CameraBookmarkMarker","rotationMatrix":[0.927018404,0.375015914,6.98491931e-09,-0.37487644,0.926673591,0.027270101,0.0102267154,-0.025279887,0.999628127]}
{"internalName":"NewCamera_20","class":"CameraBookmark","persistentId":"ccd72d7e-7f77-48c1-bc3a-c2d6bca8d0af","__parent":"CameraBookmarks","position":[535.104675,193.819595,170.203629],"dataBlock":"CameraBookmarkMarker","rotationMatrix":[0.975046575,-0.22200042,2.23517418e-08,0.158855319,0.697707355,-0.698548079,0.155077964,0.681116939,0.715563118]}
{"name":"AboveBanhammer","internalName":"NewCamera_2","class":"CameraBookmark","persistentId":"ebfcdc84-8dfd-435e-afcb-e3d509cc27b7","__parent":"CameraBookmarks","position":[309.638824,480.67807,169.850281],"dataBlock":"CameraBookmarkMarker","rotationMatrix":[-0.226757407,-0.973951161,1.49011612e-08,0.944576919,-0.21991837,-0.243742138,0.237392962,-0.055270344,0.96984005]}
{"internalName":"NewCamera_21","class":"CameraBookmark","persistentId":"ef5d1ed3-2fab-4bcb-8eb8-f0b62f766648","__parent":"CameraBookmarks","position":[642.046326,70.9748917,214.298538],"dataBlock":"CameraBookmarkMarker","rotationMatrix":[-0.0644263029,0.99792248,-5.96046448e-08,-0.0788674951,-0.00509178638,-0.996872187,-0.994801104,-0.0642247498,0.0790317059]}
{"internalName":"NewCamera_17","class":"CameraBookmark","persistentId":"f5880746-1248-4f61-827b-42d0b86cd02c","__parent":"CameraBookmarks","position":[-432.262695,51.5551453,122.939499],"dataBlock":"CameraBookmarkMarker","hidden":true,"rotationMatrix":[-0.929785252,0.368101805,1.86264515e-09,-0.36637798,-0.925431132,-0.0966641009,-0.0355822295,-0.0898768753,0.995317042]}
{"internalName":"NewCamera_7","class":"CameraBookmark","persistentId":"fbcfccaf-4e93-4447-b9ae-add7d251eca3","__parent":"CameraBookmarks","position":[-185.528259,362.993774,118.07795],"dataBlock":"CameraBookmarkMarker","rotationMatrix":[-0.0220954418,0.999755859,5.58793545e-09,-0.997910857,-0.0220546722,0.0607239828,0.0607091561,0.00134171918,0.998154581]}
{"internalName":"23","class":"CameraBookmark","persistentId":"799abfa9-43c9-402c-b089-4e70a6e14704","__parent":"CameraBookmarks","position":[-394.116913,243.219437,141.012146],"dataBlock":"CameraBookmarkMarker","rotationMatrix":[-0.24801448,-0.968756139,0,0.888246477,-0.227402925,-0.399131179,0.386660874,-0.0989903361,0.916893423],"scale":[5,5,5]}
{"internalName":"24","class":"CameraBookmark","persistentId":"0f54c5df-c9e0-4043-a720-0540b526f721","__parent":"CameraBookmarks","position":[-361.300201,87.9811478,118.155411],"dataBlock":"CameraBookmarkMarker","rotationMatrix":[-0.00252231443,0.999996603,0,-0.978533089,-0.00246817665,-0.206073985,-0.206073344,-0.000519783585,0.978536069],"scale":[5,5,5]}
{"internalName":"25","class":"CameraBookmark","persistentId":"679888e6-363c-46c7-a5cc-7ba3cbb15424","__parent":"CameraBookmarks","position":[-919.008179,79.8558807,165.137634],"dataBlock":"CameraBookmarkMarker","rotationMatrix":[0.812588334,-0.582837582,0,0.553582907,0.771801591,-0.312838316,0.182334006,0.254208833,0.949806035],"scale":[5,5,5]}
{"internalName":"26","class":"CameraBookmark","persistentId":"6f4a6435-dad6-43ac-9f3d-1ee312a24369","__parent":"CameraBookmarks","position":[628.747375,-291.368652,141.3564],"dataBlock":"CameraBookmarkMarker","rotationMatrix":[-0.253810555,0.967253745,0,-0.913094163,-0.23959893,-0.329925835,-0.319122106,-0.0837386921,0.944006503],"scale":[5,5,5]}
{"internalName":"27","class":"CameraBookmark","persistentId":"5b7734cd-5d3c-4882-8b1f-9ad6ee189ce5","__parent":"CameraBookmarks","position":[797.311523,210.527069,182.654266],"dataBlock":"CameraBookmarkMarker","rotationMatrix":[0.97261709,0.232411996,0,-0.225157499,0.942257881,-0.247898459,-0.057614591,0.24111034,0.968785703],"scale":[5,5,5]}
