{"class":"TSStatic","persistentId":"2dafdcba-40d6-499b-9576-ee5b6f1f2476","__parent":"dock_lightpoles","position":[605.468445,1718.17725,74.6639633],"annotation":"POLE","decalType":"None","isRenderEnabled":false,"rotationMatrix":[0.999994755,-1.13686838e-13,0.00323365093,-9.69633334e-07,0.99999994,0.000299855659,-0.00323365093,-0.000299857231,0.999994755],"shapeName":"/levels/west_coast_usa/art/shapes/objects/italy_airport_lightpole.DAE","useInstanceRenderData":true}
{"class":"TSStatic","persistentId":"03faa779-d32c-4696-bbe1-f036cebb1694","__parent":"dock_lightpoles","position":[552.442444,1721.9574,74.6639633],"annotation":"POLE","decalType":"None","isRenderEnabled":false,"rotationMatrix":[0.999984086,-3.45354638e-05,0.00564326532,4.77134527e-05,0.999997258,-0.00233505294,-0.0056431694,0.00233528484,0.999981344],"shapeName":"/levels/west_coast_usa/art/shapes/objects/italy_airport_lightpole.DAE","useInstanceRenderData":true}
{"class":"TSStatic","persistentId":"c0de9626-32ef-4c01-b296-f349a27228c9","__parent":"dock_lightpoles","position":[604,1681.88367,74.6639633],"annotation":"POLE","decalType":"None","isRenderEnabled":false,"rotationMatrix":[0.999998271,1.81352225e-05,0.00185619749,0,0.999952257,-0.00976962876,-0.00185628596,0.00976961199,0.999950528],"shapeName":"/levels/west_coast_usa/art/shapes/objects/italy_airport_lightpole.DAE","useInstanceRenderData":true}
{"class":"TSStatic","persistentId":"d458f517-9f00-46e6-a39e-f26bf417a6be","__parent":"dock_lightpoles","position":[552,1681.88367,74.6639633],"annotation":"POLE","decalType":"None","isRenderEnabled":false,"rotationMatrix":[0.999987066,3.67007451e-05,-0.00508850021,5.13939449e-05,0.999850154,0.0173112992,0.00508837262,-0.0173113365,0.99983722],"shapeName":"/levels/west_coast_usa/art/shapes/objects/italy_airport_lightpole.DAE","useInstanceRenderData":true}
{"class":"TSStatic","persistentId":"5720e89c-312f-4c6f-9ef4-ed10737938f5","__parent":"dock_lightpoles","position":[648.010498,1682.10583,74.6639633],"annotation":"POLE","decalType":"None","isRenderEnabled":false,"rotationMatrix":[0.999959826,0,-0.00896095112,0,1,0,0.00896095112,0,0.999959826],"shapeName":"/levels/west_coast_usa/art/shapes/objects/italy_airport_lightpole.DAE","useInstanceRenderData":true}
{"class":"TSStatic","persistentId":"a9db2f96-b755-4e1e-b683-c4ff4e808e85","__parent":"dock_lightpoles","position":[648.219299,1720.93677,74.6639633],"annotation":"POLE","decalType":"None","isRenderEnabled":false,"rotationMatrix":[1,0,0,0,0.999979138,-0.00646123476,0,0.00646123476,0.999979138],"shapeName":"/levels/west_coast_usa/art/shapes/objects/italy_airport_lightpole.DAE","useInstanceRenderData":true}
{"class":"TSStatic","persistentId":"96af4370-9a32-4ce4-a995-93e689fe1fa2","__parent":"dock_lightpoles","position":[464.298309,1639.8822,74.6639633],"annotation":"POLE","decalType":"None","isRenderEnabled":false,"rotationMatrix":[0.999997437,1.45797694e-05,-0.00226144399,-5.91171556e-12,0.999979198,0.00644697249,0.00226149103,-0.00644695573,0.999976635],"shapeName":"/levels/west_coast_usa/art/shapes/objects/italy_airport_lightpole.DAE","useInstanceRenderData":true}
{"class":"TSStatic","persistentId":"ce3edf52-87d6-4fa2-9932-dd6afee19880","__parent":"dock_lightpoles","position":[464.367432,1681.29395,74.6639404],"annotation":"POLE","decalType":"None","isRenderEnabled":false,"rotationMatrix":[-3.57627869e-07,-0.99999994,0,0.99999994,-3.57627869e-07,0,0,0,1],"shapeName":"/art/shapes/objects/s_bollard_big_lightpole.dae","useInstanceRenderData":true}
{"class":"TSStatic","persistentId":"b4dbc1c4-9616-4124-8873-8432327e7afc","__parent":"dock_lightpoles","position":[464.298309,1681.24963,74.6639633],"annotation":"POLE","decalType":"None","isRenderEnabled":false,"rotationMatrix":[0.999939799,9.09494702e-13,0.0109721003,-2.87065159e-05,0.999996603,0.00261616171,-0.0109720631,-0.00261631911,0.999936402],"shapeName":"/levels/west_coast_usa/art/shapes/objects/italy_airport_lightpole.DAE","useInstanceRenderData":true}
{"class":"TSStatic","persistentId":"a862aecf-16de-4a17-8796-a4373f01890d","__parent":"dock_lightpoles","position":[552.439148,1721.96704,74.6639404],"annotation":"POLE","decalType":"None","isRenderEnabled":false,"rotationMatrix":[0.99999994,0,0,0,0.99999994,0,0,0,0.999999881],"shapeName":"/art/shapes/objects/s_bollard_big_lightpole.dae","useInstanceRenderData":true}
{"class":"TSStatic","persistentId":"3f584f26-4eec-4f25-9502-f452e1e4c574","__parent":"dock_lightpoles","position":[500,1721.98596,74.6639633],"annotation":"POLE","decalType":"None","isRenderEnabled":false,"rotationMatrix":[0.999987841,0,0.00493035838,0,1,0,-0.00493035838,0,0.999987841],"shapeName":"/levels/west_coast_usa/art/shapes/objects/italy_airport_lightpole.DAE","useInstanceRenderData":true}
{"class":"TSStatic","persistentId":"5aa8403f-ee1d-42fd-8886-23ca265539d9","__parent":"dock_lightpoles","position":[500.191681,1681.88367,74.6639633],"annotation":"POLE","decalType":"None","isRenderEnabled":false,"rotationMatrix":[0.999914646,0,-0.0130661111,0,1,0,0.0130661111,0,0.999914646],"shapeName":"/levels/west_coast_usa/art/shapes/objects/italy_airport_lightpole.DAE","useInstanceRenderData":true}
{"class":"TSStatic","persistentId":"89cece79-36ec-48b5-a0a8-26a9daba8e49","__parent":"dock_lightpoles","position":[499.389984,1640.06128,74.6568527],"annotation":"POLE","decalType":"None","isRenderEnabled":false,"rotationMatrix":[0.999931991,0.000124432554,0.0116636427,7.27595761e-12,0.999943078,-0.0106678065,-0.0116643058,0.0106670801,0.999875069],"shapeName":"/levels/west_coast_usa/art/shapes/objects/italy_airport_lightpole.DAE","useInstanceRenderData":true}
{"class":"TSStatic","persistentId":"0e04cc88-57c7-4f83-a3fe-39178fac78c6","__parent":"dock_lightpoles","position":[500,1597.35046,74.6598129],"annotation":"POLE","decalType":"None","isRenderEnabled":false,"rotationMatrix":[1,0,0,0,0.99999553,0.0029837559,0,-0.0029837559,0.99999553],"shapeName":"/levels/west_coast_usa/art/shapes/objects/italy_airport_lightpole.DAE","useInstanceRenderData":true}
{"class":"TSStatic","persistentId":"b8cd0bac-2d46-44ab-b6ae-b375bbf8ad64","__parent":"dock_lightpoles","position":[554.661987,1637.16858,74.6632233],"annotation":"POLE","decalType":"None","isRenderEnabled":false,"rotationMatrix":[0.999965787,0.00827214494,3.63797881e-12,-0.00827175193,0.999918401,-0.00973724481,-8.05478921e-05,0.00973691139,0.999952614],"shapeName":"/levels/west_coast_usa/art/shapes/objects/italy_airport_lightpole.DAE","useInstanceRenderData":true}
{"class":"TSStatic","persistentId":"41754ef9-4c7d-4bda-9974-64619969be0c","__parent":"dock_lightpoles","position":[500.503693,1681.89575,74.6639404],"annotation":"POLE","decalType":"None","isRenderEnabled":false,"rotationMatrix":[-0.5,-0.866025031,0,0.866025031,-0.5,0,0,0,1],"shapeName":"/art/shapes/objects/s_bollard_big_lightpole.dae","useInstanceRenderData":true}
{"class":"TSStatic","persistentId":"b6cd77b3-fbe3-48ef-a193-d19c812ff0fd","__parent":"dock_lightpoles","position":[552.036987,1681.82825,74.6639404],"annotation":"POLE","decalType":"None","isRenderEnabled":false,"rotationMatrix":[0.499999881,-0.866025507,0,0.866025507,0.499999881,0,0,0,1],"shapeName":"/art/shapes/objects/s_bollard_big_lightpole.dae","useInstanceRenderData":true}
{"class":"TSStatic","persistentId":"4083bd97-ebb3-45b8-962f-36e1d0e2414c","__parent":"dock_lightpoles","position":[604.016785,1681.87231,74.6639404],"annotation":"POLE","decalType":"None","isRenderEnabled":false,"rotationMatrix":[-0.5,-0.866025031,0,0.866025031,-0.5,0,0,0,1],"shapeName":"/art/shapes/objects/s_bollard_big_lightpole.dae","useInstanceRenderData":true}
{"class":"TSStatic","persistentId":"76bec5f2-089d-48f2-a937-7f081750da35","__parent":"dock_lightpoles","position":[648.034729,1682.05054,74.6639404],"annotation":"POLE","decalType":"None","isRenderEnabled":false,"rotationMatrix":[0.866025388,-0.50000006,0,0.50000006,0.866025388,0,0,0,1],"shapeName":"/art/shapes/objects/s_bollard_big_lightpole.dae","useInstanceRenderData":true}
{"class":"TSStatic","persistentId":"42a67a3c-963b-4f1f-9c10-1063cf38c83c","__parent":"dock_lightpoles","position":[648.264282,1720.94421,74.6639404],"annotation":"POLE","decalType":"None","isRenderEnabled":false,"rotationMatrix":[0.866025388,-0.50000006,0,0.50000006,0.866025388,0,0,0,1],"shapeName":"/art/shapes/objects/s_bollard_big_lightpole.dae","useInstanceRenderData":true}
{"class":"TSStatic","persistentId":"941b5da1-d479-4c85-b6a2-e9a2c01ee77a","__parent":"dock_lightpoles","position":[499.378143,1639.98828,74.6568298],"annotation":"POLE","decalType":"None","isRenderEnabled":false,"rotationMatrix":[-1,4.21468513e-07,0,-4.21468513e-07,-1,0,0,0,1],"shapeName":"/art/shapes/objects/s_bollard_big_lightpole.dae","useInstanceRenderData":true}
{"class":"TSStatic","persistentId":"c11908f2-c5e5-4b4a-a816-899ef96a5285","__parent":"dock_lightpoles","position":[464.31311,1639.90637,74.6639404],"annotation":"POLE","decalType":"None","isRenderEnabled":false,"rotationMatrix":[-3.57627869e-07,-0.99999994,0,0.99999994,-3.57627869e-07,0,0,0,1],"shapeName":"/art/shapes/objects/s_bollard_big_lightpole.dae","useInstanceRenderData":true}
{"class":"TSStatic","persistentId":"9bf57d92-0b80-4406-ba37-7a6f24e5b4cc","__parent":"dock_lightpoles","position":[500.01413,1597.4032,74.65979],"annotation":"POLE","decalType":"None","isRenderEnabled":false,"rotationMatrix":[0.866025388,-0.50000006,0,0.50000006,0.866025388,0,0,0,1],"shapeName":"/art/shapes/objects/s_bollard_big_lightpole.dae","useInstanceRenderData":true}
{"class":"TSStatic","persistentId":"c66ef0c7-4224-4439-82f4-fcfd0bdd5e92","__parent":"dock_lightpoles","position":[648.036682,1637.20264,74.6639633],"annotation":"POLE","decalType":"None","isRenderEnabled":false,"rotationMatrix":[0.999965787,0.00827214308,0,-0.00827214308,0.999965787,0,0,0,1],"shapeName":"/levels/west_coast_usa/art/shapes/objects/italy_airport_lightpole.DAE","useInstanceRenderData":true}
{"class":"TSStatic","persistentId":"eb9ae0a1-b78b-47ee-a11e-2ee611d8cc7a","__parent":"dock_lightpoles","position":[500.046844,1721.99561,74.6639404],"annotation":"POLE","decalType":"None","isRenderEnabled":false,"rotationMatrix":[0.99999994,0,0,0,0.99999994,0,0,0,0.999999881],"shapeName":"/art/shapes/objects/s_bollard_big_lightpole.dae","useInstanceRenderData":true}
{"class":"TSStatic","persistentId":"01aec316-45a6-40db-b128-42f876913ad6","__parent":"dock_lightpoles","position":[652.933655,1589.90833,74.6639404],"annotation":"POLE","decalType":"None","isRenderEnabled":false,"rotationMatrix":[0.866025388,-0.50000006,0,0.50000006,0.866025388,0,0,0,1],"shapeName":"/art/shapes/objects/s_bollard_big_lightpole.dae","useInstanceRenderData":true}
{"class":"TSStatic","persistentId":"8fccf7a8-c815-4eb0-89ff-1fc034c84f90","__parent":"dock_lightpoles","position":[652.909424,1589.96362,74.6639633],"annotation":"POLE","decalType":"None","isRenderEnabled":false,"rotationMatrix":[0.999919295,-4.673902e-05,-0.0127049135,-0.000168607061,0.999856353,-0.0169482362,0.0127038797,0.016949011,0.999775648],"shapeName":"/levels/west_coast_usa/art/shapes/objects/italy_airport_lightpole.DAE","useInstanceRenderData":true}
