{"name":"eca_bs_06","class":"BeamNGTrigger","persistentId":"50247e27-feab-4fa5-a44b-fcf298744bde","__parent":"busstops","position":[676.754639,-186.941406,58.3191376],"luaFunction":"onBeamNGTrigger","rotationMatrix":[0.67647475,0.736464798,2.42318947e-05,-0.736464918,0.676474452,-0.00069010834,-0.000524632866,0.000448995444,0.999999762],"scale":[5.14348221,20.9311047,10.7284184],"stopName":"Church Plaza","ticking":true,"triggerColor":[233,1,254,45],"triggerMode":"Contains","triggerTestType":"Bounding box","type":"busstop"}
{"name":"eca_bs_07","class":"BeamNGTrigger","persistentId":"0ea41e4d-5dd8-4281-be09-057d6570e9c7","__parent":"busstops","position":[839.025635,-212.214142,58.0445251],"luaFunction":"onBeamNGTrigger","rotationMatrix":[0.99987942,0.0154676782,0.00051762542,-0.0154673839,0.999879122,-0.000457056216,-0.000524632866,0.000448995444,0.999999762],"scale":[5.14348221,20.9311047,10.7284184],"stopName":"Kandi Ln","ticking":true,"triggerColor":[233,1,254,45],"triggerMode":"Contains","triggerTestType":"Bounding box","type":"busstop"}
{"name":"eca_bs_06_b","class":"BeamNGTrigger","persistentId":"1a4a664b-4e1d-4de2-aa47-d461d8904849","__parent":"busstops","position":[673.302368,-194.363205,58.3191376],"luaFunction":"onBeamNGTrigger","rotationMatrix":[0.67647475,0.736464798,2.42318947e-05,-0.736464918,0.676474452,-0.00069010834,-0.000524632866,0.000448995444,0.999999762],"scale":[5.14348221,20.9311047,10.7284184],"stopName":"Church Plaza","ticking":true,"triggerColor":[233,1,254,45],"triggerMode":"Contains","triggerTestType":"Bounding box","type":"busstop"}
{"name":"eca_bs_11_b","class":"BeamNGTrigger","persistentId":"1c37f5af-aea9-4e9f-8c50-43e8e33cb932","__parent":"busstops","position":[745.036438,-456.194,56.509388],"luaFunction":"onBeamNGTrigger","rotationMatrix":[-0.0785871372,-0.99690479,0.000450786756,0.996905088,-0.0785866156,0.000523092749,-0.000486049626,0.000490501872,0.999999762],"scale":[5.14348221,20.9311047,10.7284184],"stopName":"Silver St","ticking":true,"triggerColor":[233,1,254,45],"triggerMode":"Contains","triggerTestType":"Bounding box","type":"busstop"}
{"name":"eca_bs_12_b","class":"BeamNGTrigger","persistentId":"2bcc28e7-76b7-4299-890a-20a8254a4561","__parent":"busstops","position":[-488.911285,-736.249695,45.633976],"luaFunction":"onBeamNGTrigger","rotationMatrix":[-0.235986024,-0.971753716,0.000312506978,0.971753895,-0.235985473,0.000615771394,-0.000524632866,0.000448995444,0.999999762],"scale":[5.14348221,20.9311047,10.7284184],"stopName":"Main St @ Wood Rd","ticking":true,"triggerColor":[233,1,254,45],"triggerMode":"Contains","triggerTestType":"Bounding box","type":"busstop"}
{"name":"eca_bs_08","class":"BeamNGTrigger","persistentId":"2d84e634-a185-4bea-bc1a-23e2dde7ffe9","__parent":"busstops","position":[903.662842,-227.983307,44.6243362],"luaFunction":"onBeamNGTrigger","rotationMatrix":[0.998114526,0.06136062,0.000496093708,-0.0613603517,0.998114109,-0.000480340823,-0.000524632866,0.000448995444,0.999999762],"scale":[5.14348221,20.9311047,10.7284184],"stopName":"Dover Way","ticking":true,"triggerColor":[233,1,254,45],"triggerMode":"Contains","triggerTestType":"Bounding box","type":"busstop"}
{"name":"eca_bs_01","class":"BeamNGTrigger","persistentId":"35c77463-8ae0-4c10-8b35-d0e42d9960a7","__parent":"busstops","position":[-735.285645,492.252686,27.6792755],"luaFunction":"onBeamNGTrigger","rotationMatrix":[0.599998057,0.800001502,5.75710146e-10,-0.800001562,0.599997699,-0.000690533547,-0.000552428537,0.000414318842,0.999999762],"scale":[6.10794687,23.7274075,10.7284184],"stopName":"Gas Station","ticking":true,"triggerColor":[233,1,254,45],"triggerMode":"Contains","triggerTestType":"Bounding box","type":"busstop"}
{"name":"eca_bs_10","class":"BeamNGTrigger","persistentId":"3cd62ad4-07a9-4e56-8aea-9152beb71558","__parent":"busstops","position":[772.238708,-327.889618,58.1603508],"luaFunction":"onBeamNGTrigger","rotationMatrix":[-0.995088696,-0.0989652425,-0.000477621885,0.0989648998,-0.995088458,0.000498710724,-0.000524632866,0.000448995444,0.999999762],"scale":[5.14348221,20.9311047,10.7284184],"stopName":"S Lotz Rd","ticking":true,"triggerColor":[233,1,254,45],"triggerMode":"Contains","triggerTestType":"Bounding box","type":"busstop"}
{"name":"eca_bs_09","class":"BeamNGTrigger","persistentId":"3da27eb9-1be0-42e6-9e63-108d607ecbb8","__parent":"busstops","position":[-429.551422,-251.092117,39.2544823],"luaFunction":"onBeamNGTrigger","rotationMatrix":[-0.0179894976,0.999836922,-0.000458360359,-0.99983716,-0.0179897994,-0.000516470696,-0.000524632866,0.000448995444,0.999999762],"scale":[5.14348221,20.9311047,10.7284184],"stopName":"Atlas St","ticking":true,"triggerColor":[233,1,254,45],"triggerMode":"Contains","triggerTestType":"Bounding box","type":"busstop"}
{"name":"eca_bs_15_b","class":"BeamNGTrigger","persistentId":"3ef4f333-8382-4693-b14d-9a907eb31ff2","__parent":"busstops","position":[312.80365,-851.042969,48.9183273],"luaFunction":"onBeamNGTrigger","rotationMatrix":[0.301545173,-0.953448534,0.000586295384,0.95344919,0.301545799,0.000364818814,-0.000524632866,0.000448995444,0.999999762],"scale":[4.75344944,20.9311047,10.7284184],"stopName":"Lumber Mill","ticking":true,"triggerColor":[233,1,254,45],"triggerMode":"Contains","triggerTestType":"Bounding box","type":"busstop"}
{"name":"eca_bs_11","class":"BeamNGTrigger","persistentId":"40091f18-cd87-4649-bc9c-24ed12054878","__parent":"busstops","position":[733.743652,-446.812347,56.0241623],"luaFunction":"onBeamNGTrigger","rotationMatrix":[-0.0949088261,-0.995483458,0.00045078728,0.995483875,-0.0949082747,0.000523093273,-0.000477948663,0.000498399313,0.999999762],"scale":[5.14348221,20.9311047,10.7284184],"stopName":"Silver St","ticking":true,"triggerColor":[233,1,254,45],"triggerMode":"Contains","triggerTestType":"Bounding box","type":"busstop"}
{"name":"eca_bs_13","class":"BeamNGTrigger","persistentId":"5aa40884-5cd9-4337-bb76-f353b4f7b63d","__parent":"busstops","position":[-75.4683228,-729.848511,31.8607197],"luaFunction":"onBeamNGTrigger","rotationMatrix":[-0.0330835469,-0.999449432,0.000431391789,0.99944973,-0.0330829918,0.000539199158,-0.000524632866,0.000448995444,0.999999762],"scale":[4.75049639,20.9311047,10.7284184],"stopName":"Main St","ticking":true,"triggerColor":[233,1,254,45],"triggerMode":"Contains","triggerTestType":"Bounding box","type":"busstop"}
{"name":"eca_bs_02_b","class":"BeamNGTrigger","persistentId":"5d338583-3dd7-422f-bdcc-bf5609b51d2e","__parent":"busstops","position":[-291.511444,250.592789,35.7157097],"luaFunction":"onBeamNGTrigger","rotationMatrix":[0.745867789,0.666093528,-5.11412909e-05,-0.666093469,0.745867491,-0.000688637141,-0.000420552038,0.000547697709,0.999999762],"scale":[4.998703,23.7274075,10.7284184],"stopName":"Swansea","ticking":true,"triggerColor":[233,1,254,45],"triggerMode":"Contains","triggerTestType":"Bounding box","type":"busstop"}
{"name":"eca_bs_02","class":"BeamNGTrigger","persistentId":"698215e9-92f8-4e66-8f8a-76d72ef0d99d","__parent":"busstops","position":[-275.372406,236.555252,35.7300644],"luaFunction":"onBeamNGTrigger","rotationMatrix":[0.793150783,0.609024763,6.73026079e-11,-0.609024704,0.793150544,-0.000690533489,-0.000420552038,0.000547697709,0.999999762],"scale":[6.10794687,23.7274075,10.7284184],"stopName":"Swansea","ticking":true,"triggerColor":[233,1,254,45],"triggerMode":"Contains","triggerTestType":"Bounding box","type":"busstop"}
{"name":"eca_bs_05_b","class":"BeamNGTrigger","persistentId":"71645ec1-52e1-4800-bcdd-71ed3e71d99c","__parent":"busstops","position":[727.474731,-141.057083,58.0120506],"luaFunction":"onBeamNGTrigger","rotationMatrix":[0.999783039,-0.0207913425,0.000524927862,0.0207915902,0.99978286,-0.000448650011,-0.000515486114,0.000459467556,0.999999762],"scale":[5.14348221,20.9311047,10.7284184],"stopName":"Titan St","ticking":true,"triggerColor":[233,1,254,45],"triggerMode":"Contains","triggerTestType":"Bounding box","type":"busstop"}
{"name":"eca_bs_03","class":"BeamNGTrigger","persistentId":"72debcca-e657-48c2-b08b-8b5eb10d6b65","__parent":"busstops","position":[478.766815,-17.5142803,55.8131027],"luaFunction":"onBeamNGTrigger","rotationMatrix":[0.650214434,0.759750009,5.72981662e-11,-0.759749949,0.650214255,-0.000690533489,-0.000524632866,0.000448995444,0.999999762],"scale":[5.14348221,23.7274075,10.7284184],"stopName":"N Lotz Rd","ticking":true,"triggerColor":[233,1,254,45],"triggerMode":"Contains","triggerTestType":"Bounding box","type":"busstop"}
{"name":"eca_bs_14_b","class":"BeamNGTrigger","persistentId":"7b2fc6b2-50a6-40cb-9090-0407c9ab87d8","__parent":"busstops","position":[-249.035202,-843.672974,18.5883904],"luaFunction":"onBeamNGTrigger","rotationMatrix":[0.664093673,-0.74764502,0.000684095314,0.747645795,0.664093971,9.40648388e-05,-0.000524632866,0.000448995444,0.999999762],"scale":[4.75344944,20.9311047,10.7284184],"stopName":"Seaside Rd","ticking":true,"triggerColor":[233,1,254,45],"triggerMode":"Contains","triggerTestType":"Bounding box","type":"busstop"}
{"name":"eca_bs_12","class":"BeamNGTrigger","persistentId":"80e978fe-69d8-498c-999e-cc95a1bb179c","__parent":"busstops","position":[-486.177277,-733.017639,45.6335526],"luaFunction":"onBeamNGTrigger","rotationMatrix":[-0.235986024,-0.971753716,0.000312506978,0.971753895,-0.235985473,0.000615771394,-0.000524632866,0.000448995444,0.999999762],"scale":[5.14348221,20.9311047,10.7284184],"stopName":"Main St @ Wood Rd","ticking":true,"triggerColor":[233,1,254,45],"triggerMode":"Contains","triggerTestType":"Bounding box","type":"busstop"}
{"name":"eca_bs_13_b","class":"BeamNGTrigger","persistentId":"84ff2471-5c20-481e-9458-04d210a68e36","__parent":"busstops","position":[-66.4411316,-733.313538,31.8674946],"luaFunction":"onBeamNGTrigger","rotationMatrix":[-0.0330835469,-0.999449432,0.000431391789,0.99944973,-0.0330829918,0.000539199158,-0.000524632866,0.000448995444,0.999999762],"scale":[4.32047272,20.9311047,10.7284184],"stopName":"Main St","ticking":true,"triggerColor":[233,1,254,45],"triggerMode":"Contains","triggerTestType":"Bounding box","type":"busstop"}
{"name":"eca_bs_03_b","class":"BeamNGTrigger","persistentId":"8af94b75-cfca-40dd-93a1-e8e52e17bf3f","__parent":"busstops","position":[483.338959,-25.9001942,55.8193512],"luaFunction":"onBeamNGTrigger","rotationMatrix":[0.650214434,0.759750009,5.72981662e-11,-0.759749949,0.650214255,-0.000690533489,-0.000524632866,0.000448995444,0.999999762],"scale":[5.14348221,23.7274075,10.7284184],"stopName":"N Lotz Rd","ticking":true,"triggerColor":[233,1,254,45],"triggerMode":"Contains","triggerTestType":"Bounding box","type":"busstop"}
{"name":"eca_bs_04","class":"BeamNGTrigger","persistentId":"9585a7af-666c-4b27-93b2-953bb4dc4a3c","__parent":"busstops","position":[657.098267,-90.5591431,55.7645378],"luaFunction":"onBeamNGTrigger","rotationMatrix":[0.782918572,0.62212348,0.000131414708,-0.62212342,0.782918394,-0.000677913486,-0.000524632866,0.000448995444,0.999999762],"scale":[5.14348221,23.7274075,10.7284184],"stopName":"Mangold St","ticking":true,"triggerColor":[233,1,254,45],"triggerMode":"Contains","triggerTestType":"Bounding box","type":"busstop"}
{"name":"eca_bs_14","class":"BeamNGTrigger","persistentId":"9d674255-dd5d-4512-a334-1ff950e128f4","__parent":"busstops","position":[-243.373245,-832.554993,18.5863705],"luaFunction":"onBeamNGTrigger","rotationMatrix":[0.680835545,-0.732432067,0.000686048064,0.732432842,0.680835843,7.85665688e-05,-0.000524632866,0.000448995444,0.999999762],"scale":[4.75344944,20.9311047,10.7284184],"stopName":"Seaside Rd","ticking":true,"triggerColor":[233,1,254,45],"triggerMode":"Contains","triggerTestType":"Bounding box","type":"busstop"}
{"name":"eca_bs_04_b","class":"BeamNGTrigger","persistentId":"9fa75db4-f310-43dd-b37a-e3a6538a02cd","__parent":"busstops","position":[654.618103,-94.6031799,55.7648849],"luaFunction":"onBeamNGTrigger","rotationMatrix":[0.782918572,0.62212348,0.000131414708,-0.62212342,0.782918394,-0.000677913486,-0.000524632866,0.000448995444,0.999999762],"scale":[5.14348221,23.7274075,10.7284184],"stopName":"Mangold St","ticking":true,"triggerColor":[233,1,254,45],"triggerMode":"Contains","triggerTestType":"Bounding box","type":"busstop"}
{"name":"eca_bs_07_b","class":"BeamNGTrigger","persistentId":"a25352fb-81ea-4c5e-88a7-d52183a9e36b","__parent":"busstops","position":[831.129578,-195.792847,58.0445251],"luaFunction":"onBeamNGTrigger","rotationMatrix":[0.99987942,0.0154676782,0.00051762542,-0.0154673839,0.999879122,-0.000457056216,-0.000524632866,0.000448995444,0.999999762],"scale":[5.14348221,20.9311047,10.7284184],"stopName":"Kandi Ln","ticking":true,"triggerColor":[233,1,254,45],"triggerMode":"Contains","triggerTestType":"Bounding box","type":"busstop"}
{"name":"eca_bs_01_b","class":"BeamNGTrigger","persistentId":"bb7ec638-8c6c-455d-a8e2-7e26ea479faa","__parent":"busstops","position":[-732.709473,484.676971,27.177536],"luaFunction":"onBeamNGTrigger","rotationMatrix":[0.599998057,0.800001502,5.75710146e-10,-0.800001562,0.599997699,-0.000690533547,-0.000552428537,0.000414318842,0.999999762],"scale":[6.10794687,23.7274075,10.7284184],"stopName":"Gas Station","ticking":true,"triggerColor":[233,1,254,45],"triggerMode":"Contains","triggerTestType":"Bounding box","type":"busstop"}
{"name":"eca_bs_15","class":"BeamNGTrigger","persistentId":"bc372adb-5ae0-4da4-b63e-797dfe47b6b2","__parent":"busstops","position":[318.067078,-845.528564,48.9182892],"luaFunction":"onBeamNGTrigger","rotationMatrix":[0.392999768,-0.919534981,0.000619048427,0.919535697,0.393000275,0.000305963971,-0.000524632866,0.000448995444,0.999999762],"scale":[4.75344944,20.9311047,10.7284184],"stopName":"Lumber Mill","ticking":true,"triggerColor":[233,1,254,45],"triggerMode":"Contains","triggerTestType":"Bounding box","type":"busstop"}
{"name":"eca_bs_10_b","class":"BeamNGTrigger","persistentId":"ca58c908-e9f2-4e49-88fa-320442ea9f08","__parent":"busstops","position":[764.835083,-334.167297,58.1603508],"luaFunction":"onBeamNGTrigger","rotationMatrix":[-0.995088696,-0.0989652425,-0.000477621885,0.0989648998,-0.995088458,0.000498710724,-0.000524632866,0.000448995444,0.999999762],"scale":[5.38200569,20.9311047,10.7284184],"stopName":"S Lotz Rd","ticking":true,"triggerColor":[233,1,254,45],"triggerMode":"Contains","triggerTestType":"Bounding box","type":"busstop"}
{"name":"eca_bs_05","class":"BeamNGTrigger","persistentId":"d1249c4b-e92e-4727-950b-087eba7616ee","__parent":"busstops","position":[735.437012,-143.108292,58.0120506],"luaFunction":"onBeamNGTrigger","rotationMatrix":[0.999998987,-0.000657298486,0.000524928037,0.00065754063,0.999998808,-0.000448649924,-0.000524632866,0.000448995444,0.999999762],"scale":[5.14348221,20.9311047,10.7284184],"stopName":"Titan St","ticking":true,"triggerColor":[233,1,254,45],"triggerMode":"Contains","triggerTestType":"Bounding box","type":"busstop"}
{"name":"eca_bs_09_b","class":"BeamNGTrigger","persistentId":"e2f21622-ceb5-4bd0-aa27-ab79c3c04549","__parent":"busstops","position":[-439.422485,-255.375702,38.4262352],"luaFunction":"onBeamNGTrigger","rotationMatrix":[-0.0179894976,0.999836922,-0.000458360359,-0.99983716,-0.0179897994,-0.000516470696,-0.000524632866,0.000448995444,0.999999762],"scale":[5.14348221,20.9311047,10.7284184],"stopName":"Atlas St","ticking":true,"triggerColor":[233,1,254,45],"triggerMode":"Contains","triggerTestType":"Bounding box","type":"busstop"}
{"name":"eca_cp_north","class":"BeamNGTrigger","persistentId":"e3a1bdf1-8397-4392-982d-e014522506d9","__parent":"busstops","position":[-622.47113,434.750397,26.7184467],"luaFunction":"onBeamNGTrigger","rotationMatrix":[0.812323749,-0.583206892,-1.45519152e-11,0.583206832,0.812323451,-0.00069053378,0.000402724225,0.000560936925,0.999999762],"scale":[12.725378,3.28094411,8.68526173],"type":"buswp"}
{"name":"eca_bs_08_b","class":"BeamNGTrigger","persistentId":"f292bb09-e61c-4340-a03c-999a8e566430","__parent":"busstops","position":[900.630371,-229.619934,44.6243362],"luaFunction":"onBeamNGTrigger","rotationMatrix":[0.998114526,0.06136062,0.000496093708,-0.0613603517,0.998114109,-0.000480340823,-0.000524632866,0.000448995444,0.999999762],"scale":[5.14348221,20.9311047,10.7284184],"stopName":"Dover Way","ticking":true,"triggerColor":[233,1,254,45],"triggerMode":"Contains","triggerTestType":"Bounding box","type":"busstop"}
