{"name":"SpotLight_52","class":"SpotLight","persistentId":"25167f3a-7b6c-4b57-beb6-75a85335388f","__parent":"electric_ramps","position":[-1422.1781,-914.320984,103.607582],"brightness":2,"color":[0.985900104,0.833005428,0.614045978,1],"outerAngle":170,"range":5,"rotationMatrix":[0.734914482,-0.678159535,0,0.000331073301,0.00035878073,-0.999999642,0.678159475,0.734914422,0.000488193706],"shadowDarkenColor":[0,0,0,0]}
{"name":"SpotLight_53","class":"SpotLight","persistentId":"477f300b-b9a2-4912-ab51-6a285d2f252d","__parent":"electric_ramps","position":[-1426.42981,-918.920593,103.611755],"brightness":2,"color":[0.985900104,0.833005428,0.614045978,1],"outerAngle":170,"range":5,"rotationMatrix":[0.734914482,-0.678159535,0,0.000331073301,0.00035878073,-0.999999642,0.678159475,0.734914422,0.000488193706],"shadowDarkenColor":[0,0,0,0]}
{"class":"TSStatic","persistentId":"a542d369-0b1d-4763-b13b-429e373524ec","__parent":"electric_ramps","position":[-1426.40527,-919.01709,103.693466],"collisionType":"None","decalType":"None","isRenderEnabled":false,"rotationMatrix":[0.678800344,0.734322846,0,-0.734322846,0.678800344,0,0,0,1],"scale":[0.699999988,0.699999988,0.699999988],"shapeName":"/levels/west_coast_usa/art/shapes/objects/s_long_light_hanging.dae","useInstanceRenderData":true}
{"class":"TSStatic","persistentId":"7226a075-f632-449d-a966-ee576ab56046","__parent":"electric_ramps","position":[-1424.27136,-916.616577,103.79863],"collisionType":"None","decalType":"None","isRenderEnabled":false,"rotationMatrix":[0.678800464,0.734322786,-2.38418579e-07,5.96046448e-08,2.38418579e-07,1,0.734322786,-0.678800523,1.1920929e-07],"scale":[0.699999988,0.699999988,0.699999988],"shapeName":"/levels/west_coast_usa/art/shapes/buildings/steel_factory/s_steel_factory_electric_ramp.dae","useInstanceRenderData":true}
{"class":"TSStatic","persistentId":"f99e8527-fea5-441e-b664-59610edcb930","__parent":"electric_ramps","position":[-1422.13281,-914.395081,103.693466],"collisionType":"None","decalType":"None","isRenderEnabled":false,"rotationMatrix":[0.678800344,0.734322846,0,-0.734322846,0.678800344,0,0,0,1],"scale":[0.699999988,0.699999988,0.699999988],"shapeName":"/levels/west_coast_usa/art/shapes/objects/s_long_light_hanging.dae","useInstanceRenderData":true}
{"name":"SpotLight_40","class":"SpotLight","persistentId":"54bc219b-445d-4e8b-a65a-74341e485017","__parent":"electric_ramps","position":[-1415.05042,-906.610413,103.607582],"brightness":2,"color":[0.985900104,0.833005428,0.614045978,1],"outerAngle":170,"range":5,"rotationMatrix":[0.734914482,-0.678159535,0,0.000331073301,0.00035878073,-0.999999642,0.678159475,0.734914422,0.000488193706],"shadowDarkenColor":[0,0,0,0]}
{"name":"SpotLight_41","class":"SpotLight","persistentId":"dae21d88-24ad-416c-80f9-4e3169daace9","__parent":"electric_ramps","position":[-1419.30212,-911.210022,103.611755],"brightness":2,"color":[0.985900104,0.833005428,0.614045978,1],"outerAngle":170,"range":5,"rotationMatrix":[0.734914482,-0.678159535,0,0.000331073301,0.00035878073,-0.999999642,0.678159475,0.734914422,0.000488193706],"shadowDarkenColor":[0,0,0,0]}
{"class":"TSStatic","persistentId":"c5d0b498-4e80-477b-b796-576c212c52f2","__parent":"electric_ramps","position":[-1419.27759,-911.306519,103.693466],"collisionType":"None","decalType":"None","isRenderEnabled":false,"rotationMatrix":[0.678800344,0.734322846,0,-0.734322846,0.678800344,0,0,0,1],"scale":[0.699999988,0.699999988,0.699999988],"shapeName":"/levels/west_coast_usa/art/shapes/objects/s_long_light_hanging.dae","useInstanceRenderData":true}
{"class":"TSStatic","persistentId":"e56616b4-32da-43f1-ae3f-0fe5e2913fb8","__parent":"electric_ramps","position":[-1417.14368,-908.906006,103.79863],"collisionType":"None","decalType":"None","isRenderEnabled":false,"rotationMatrix":[0.678800464,0.734322786,-2.38418579e-07,5.96046448e-08,2.38418579e-07,1,0.734322786,-0.678800523,1.1920929e-07],"scale":[0.699999988,0.699999988,0.699999988],"shapeName":"/levels/west_coast_usa/art/shapes/buildings/steel_factory/s_steel_factory_electric_ramp.dae","useInstanceRenderData":true}
{"class":"TSStatic","persistentId":"739703f1-d2c6-4a61-9499-a01e776bb1d8","__parent":"electric_ramps","position":[-1415.00513,-906.684509,103.693466],"collisionType":"None","decalType":"None","isRenderEnabled":false,"rotationMatrix":[0.678800344,0.734322846,0,-0.734322846,0.678800344,0,0,0,1],"scale":[0.699999988,0.699999988,0.699999988],"shapeName":"/levels/west_coast_usa/art/shapes/objects/s_long_light_hanging.dae","useInstanceRenderData":true}
{"name":"SpotLight_45","class":"SpotLight","persistentId":"d004ee11-e771-41c2-8cd3-31823d1834ab","__parent":"electric_ramps","position":[-1407.18774,-898.104614,103.607582],"brightness":2,"color":[0.985900104,0.833005428,0.614045978,1],"outerAngle":170,"range":5,"rotationMatrix":[0.734914482,-0.678159535,0,0.000331073301,0.00035878073,-0.999999642,0.678159475,0.734914422,0.000488193706],"shadowDarkenColor":[0,0,0,0]}
{"name":"SpotLight_46","class":"SpotLight","persistentId":"52058d62-bd92-43d0-9c2b-2c33edd7d5ba","__parent":"electric_ramps","position":[-1411.43945,-902.704224,103.611755],"brightness":2,"color":[0.985900104,0.833005428,0.614045978,1],"outerAngle":170,"range":5,"rotationMatrix":[0.734914482,-0.678159535,0,0.000331073301,0.00035878073,-0.999999642,0.678159475,0.734914422,0.000488193706],"shadowDarkenColor":[0,0,0,0]}
{"class":"TSStatic","persistentId":"1d8e2332-0ac1-439d-aa31-d175b518cef4","__parent":"electric_ramps","position":[-1411.41492,-902.80072,103.693466],"collisionType":"None","decalType":"None","isRenderEnabled":false,"rotationMatrix":[0.678800344,0.734322846,0,-0.734322846,0.678800344,0,0,0,1],"scale":[0.699999988,0.699999988,0.699999988],"shapeName":"/levels/west_coast_usa/art/shapes/objects/s_long_light_hanging.dae","useInstanceRenderData":true}
{"class":"TSStatic","persistentId":"a2cdf743-c410-4fc5-9ab4-49c5bbc68c02","__parent":"electric_ramps","position":[-1409.28101,-900.400208,103.79863],"collisionType":"None","decalType":"None","isRenderEnabled":false,"rotationMatrix":[0.678800464,0.734322786,-2.38418579e-07,5.96046448e-08,2.38418579e-07,1,0.734322786,-0.678800523,1.1920929e-07],"scale":[0.699999988,0.699999988,0.699999988],"shapeName":"/levels/west_coast_usa/art/shapes/buildings/steel_factory/s_steel_factory_electric_ramp.dae","useInstanceRenderData":true}
{"class":"TSStatic","persistentId":"42ba5d37-2466-412c-947f-d6b2b655b3db","__parent":"electric_ramps","position":[-1407.14246,-898.178711,103.693466],"collisionType":"None","decalType":"None","isRenderEnabled":false,"rotationMatrix":[0.678800344,0.734322846,0,-0.734322846,0.678800344,0,0,0,1],"scale":[0.699999988,0.699999988,0.699999988],"shapeName":"/levels/west_coast_usa/art/shapes/objects/s_long_light_hanging.dae","useInstanceRenderData":true}
{"name":"SpotLight_47","class":"SpotLight","persistentId":"3133977c-c0dc-4b4f-a393-739ca314cbe7","__parent":"electric_ramps","position":[-1400.05054,-890.383728,103.607582],"brightness":2,"color":[0.985900104,0.833005428,0.614045978,1],"outerAngle":170,"range":5,"rotationMatrix":[0.734914482,-0.678159535,0,0.000331073301,0.00035878073,-0.999999642,0.678159475,0.734914422,0.000488193706],"shadowDarkenColor":[0,0,0,0]}
{"name":"SpotLight_48","class":"SpotLight","persistentId":"08bf04a5-2329-46e7-8122-c096fba4af63","__parent":"electric_ramps","position":[-1404.30225,-894.983337,103.611755],"brightness":2,"color":[0.985900104,0.833005428,0.614045978,1],"outerAngle":170,"range":5,"rotationMatrix":[0.734914482,-0.678159535,0,0.000331073301,0.00035878073,-0.999999642,0.678159475,0.734914422,0.000488193706],"shadowDarkenColor":[0,0,0,0]}
{"class":"TSStatic","persistentId":"0eef8a5f-bff1-47e5-9061-1a86bf7a1d7e","__parent":"electric_ramps","position":[-1404.27771,-895.079834,103.693466],"collisionType":"None","decalType":"None","isRenderEnabled":false,"rotationMatrix":[0.678800344,0.734322846,0,-0.734322846,0.678800344,0,0,0,1],"scale":[0.699999988,0.699999988,0.699999988],"shapeName":"/levels/west_coast_usa/art/shapes/objects/s_long_light_hanging.dae","useInstanceRenderData":true}
{"class":"TSStatic","persistentId":"a7506d45-413b-4c91-97c4-d20db4b33d81","__parent":"electric_ramps","position":[-1402.1438,-892.679321,103.79863],"collisionType":"None","decalType":"None","isRenderEnabled":false,"rotationMatrix":[0.678800464,0.734322786,-2.38418579e-07,5.96046448e-08,2.38418579e-07,1,0.734322786,-0.678800523,1.1920929e-07],"scale":[0.699999988,0.699999988,0.699999988],"shapeName":"/levels/west_coast_usa/art/shapes/buildings/steel_factory/s_steel_factory_electric_ramp.dae","useInstanceRenderData":true}
{"class":"TSStatic","persistentId":"eda211af-70ef-4d4b-a3e5-520257495586","__parent":"electric_ramps","position":[-1400.00525,-890.457825,103.693466],"collisionType":"None","decalType":"None","isRenderEnabled":false,"rotationMatrix":[0.678800344,0.734322846,0,-0.734322846,0.678800344,0,0,0,1],"scale":[0.699999988,0.699999988,0.699999988],"shapeName":"/levels/west_coast_usa/art/shapes/objects/s_long_light_hanging.dae","useInstanceRenderData":true}
{"name":"SpotLight_49","class":"SpotLight","persistentId":"7aa6b401-8f2b-402f-b7e1-12369af7095c","__parent":"electric_ramps","position":[-1451.61243,-922.386841,103.607582],"brightness":2,"color":[0.985900104,0.833005428,0.614045978,1],"outerAngle":170,"range":5,"rotationMatrix":[0.734914482,-0.678159535,0,0.000331073301,0.00035878073,-0.999999642,0.678159475,0.734914422,0.000488193706],"shadowDarkenColor":[0,0,0,0]}
{"name":"SpotLight_50","class":"SpotLight","persistentId":"dae95ea9-01fd-41bf-aa7e-65b18227f731","__parent":"electric_ramps","position":[-1455.86414,-926.98645,103.611755],"brightness":2,"color":[0.985900104,0.833005428,0.614045978,1],"outerAngle":170,"range":5,"rotationMatrix":[0.734914482,-0.678159535,0,0.000331073301,0.00035878073,-0.999999642,0.678159475,0.734914422,0.000488193706],"shadowDarkenColor":[0,0,0,0]}
{"class":"TSStatic","persistentId":"2764a9f8-b68c-4cd6-b912-8478f9e83fea","__parent":"electric_ramps","position":[-1455.8396,-927.082947,103.693466],"collisionType":"None","decalType":"None","isRenderEnabled":false,"rotationMatrix":[0.678800344,0.734322846,0,-0.734322846,0.678800344,0,0,0,1],"scale":[0.699999988,0.699999988,0.699999988],"shapeName":"/levels/west_coast_usa/art/shapes/objects/s_long_light_hanging.dae","useInstanceRenderData":true}
{"class":"TSStatic","persistentId":"8ac9059f-b2a9-4b62-976c-b52729be9a7d","__parent":"electric_ramps","position":[-1453.70569,-924.682434,103.79863],"collisionType":"None","decalType":"None","isRenderEnabled":false,"rotationMatrix":[0.678800464,0.734322786,-2.38418579e-07,5.96046448e-08,2.38418579e-07,1,0.734322786,-0.678800523,1.1920929e-07],"scale":[0.699999988,0.699999988,0.699999988],"shapeName":"/levels/west_coast_usa/art/shapes/buildings/steel_factory/s_steel_factory_electric_ramp.dae","useInstanceRenderData":true}
{"class":"TSStatic","persistentId":"24a6d3a3-a703-4e4b-9adb-70ca8e647412","__parent":"electric_ramps","position":[-1451.56714,-922.460938,103.693466],"collisionType":"None","decalType":"None","isRenderEnabled":false,"rotationMatrix":[0.678800344,0.734322846,0,-0.734322846,0.678800344,0,0,0,1],"scale":[0.699999988,0.699999988,0.699999988],"shapeName":"/levels/west_coast_usa/art/shapes/objects/s_long_light_hanging.dae","useInstanceRenderData":true}
{"name":"SpotLight_51","class":"SpotLight","persistentId":"2040cdef-f6d6-42dd-a773-1509853e1318","__parent":"electric_ramps","position":[-1444.48474,-914.67627,103.607582],"brightness":2,"color":[0.985900104,0.833005428,0.614045978,1],"outerAngle":170,"range":5,"rotationMatrix":[0.734914482,-0.678159535,0,0.000331073301,0.00035878073,-0.999999642,0.678159475,0.734914422,0.000488193706],"shadowDarkenColor":[0,0,0,0]}
{"name":"SpotLight_54","class":"SpotLight","persistentId":"78bf861a-aa6c-465e-bffb-67ec60a961c2","__parent":"electric_ramps","position":[-1447.81323,-918.275452,103.612419],"brightness":2,"color":[0.985900104,0.833005428,0.614045978,1],"outerAngle":170,"range":5,"rotationMatrix":[0.734914482,-0.678159535,0,0.000331073301,0.00035878073,-0.999999642,0.678159475,0.734914422,0.000488193706],"shadowDarkenColor":[0,0,0,0]}
{"class":"TSStatic","persistentId":"745455e7-9c56-48a9-8707-4dec13aadf12","__parent":"electric_ramps","position":[-1447.7887,-918.371948,103.69413],"collisionType":"None","decalType":"None","isRenderEnabled":false,"rotationMatrix":[0.678800344,0.734322846,0,-0.734322846,0.678800344,0,0,0,1],"scale":[0.699999988,0.699999988,0.699999988],"shapeName":"/levels/west_coast_usa/art/shapes/objects/s_long_light_hanging.dae","useInstanceRenderData":true}
{"class":"TSStatic","persistentId":"2d241751-ee77-4638-9adb-2b476e18bf2d","__parent":"electric_ramps","position":[-1446.578,-916.971863,103.79863],"collisionType":"None","decalType":"None","isRenderEnabled":false,"rotationMatrix":[0.678800464,0.734322786,-2.38418579e-07,5.96046448e-08,2.38418579e-07,1,0.734322786,-0.678800523,1.1920929e-07],"scale":[0.699999988,0.699999988,0.699999988],"shapeName":"/levels/west_coast_usa/art/shapes/buildings/steel_factory/s_steel_factory_electric_ramp.dae","useInstanceRenderData":true}
{"class":"TSStatic","persistentId":"98d22035-8d55-4df1-89d0-c4a1d8633bbf","__parent":"electric_ramps","position":[-1444.43945,-914.750366,103.693466],"collisionType":"None","decalType":"None","isRenderEnabled":false,"rotationMatrix":[0.678800344,0.734322846,0,-0.734322846,0.678800344,0,0,0,1],"scale":[0.699999988,0.699999988,0.699999988],"shapeName":"/levels/west_coast_usa/art/shapes/objects/s_long_light_hanging.dae","useInstanceRenderData":true}
{"name":"SpotLight_55","class":"SpotLight","persistentId":"d99ec064-c710-472e-bdcd-bd10291e1a1e","__parent":"electric_ramps","position":[-1436.62207,-906.170471,103.607582],"brightness":2,"color":[0.985900104,0.833005428,0.614045978,1],"outerAngle":170,"range":5,"rotationMatrix":[0.734914482,-0.678159535,0,0.000331073301,0.00035878073,-0.999999642,0.678159475,0.734914422,0.000488193706],"shadowDarkenColor":[0,0,0,0]}
{"name":"SpotLight_56","class":"SpotLight","persistentId":"29d17f0a-acdc-4a1d-948e-55890e5795cd","__parent":"electric_ramps","position":[-1440.87378,-910.770081,103.611755],"brightness":2,"color":[0.985900104,0.833005428,0.614045978,1],"outerAngle":170,"range":5,"rotationMatrix":[0.734914482,-0.678159535,0,0.000331073301,0.00035878073,-0.999999642,0.678159475,0.734914422,0.000488193706],"shadowDarkenColor":[0,0,0,0]}
{"class":"TSStatic","persistentId":"66614ab1-0fef-4e8b-b9b9-f260b92d7706","__parent":"electric_ramps","position":[-1440.84924,-910.866577,103.693466],"collisionType":"None","decalType":"None","isRenderEnabled":false,"rotationMatrix":[0.678800344,0.734322846,0,-0.734322846,0.678800344,0,0,0,1],"scale":[0.699999988,0.699999988,0.699999988],"shapeName":"/levels/west_coast_usa/art/shapes/objects/s_long_light_hanging.dae","useInstanceRenderData":true}
{"class":"TSStatic","persistentId":"f4bb1c7b-d7ff-4c8e-8107-01334b78e8a8","__parent":"electric_ramps","position":[-1438.71533,-908.466064,103.79863],"collisionType":"None","decalType":"None","isRenderEnabled":false,"rotationMatrix":[0.678800464,0.734322786,-2.38418579e-07,5.96046448e-08,2.38418579e-07,1,0.734322786,-0.678800523,1.1920929e-07],"scale":[0.699999988,0.699999988,0.699999988],"shapeName":"/levels/west_coast_usa/art/shapes/buildings/steel_factory/s_steel_factory_electric_ramp.dae","useInstanceRenderData":true}
{"class":"TSStatic","persistentId":"5cec3ef2-6772-4dcc-bca5-1d4ec80ad915","__parent":"electric_ramps","position":[-1436.57678,-906.244568,103.693466],"collisionType":"None","decalType":"None","isRenderEnabled":false,"rotationMatrix":[0.678800344,0.734322846,0,-0.734322846,0.678800344,0,0,0,1],"scale":[0.699999988,0.699999988,0.699999988],"shapeName":"/levels/west_coast_usa/art/shapes/objects/s_long_light_hanging.dae","useInstanceRenderData":true}
{"name":"SpotLight_57","class":"SpotLight","persistentId":"89eb3f71-14ed-4959-9ae9-e215564cf7f4","__parent":"electric_ramps","position":[-1429.48486,-898.449585,103.607582],"brightness":2,"color":[0.985900104,0.833005428,0.614045978,1],"outerAngle":170,"range":5,"rotationMatrix":[0.734914482,-0.678159535,0,0.000331073301,0.00035878073,-0.999999642,0.678159475,0.734914422,0.000488193706],"shadowDarkenColor":[0,0,0,0]}
{"name":"SpotLight_58","class":"SpotLight","persistentId":"fb684542-c10b-4072-b54f-ce4ead80dcce","__parent":"electric_ramps","position":[-1433.73657,-903.049194,103.611755],"brightness":2,"color":[0.985900104,0.833005428,0.614045978,1],"outerAngle":170,"range":5,"rotationMatrix":[0.734914482,-0.678159535,0,0.000331073301,0.00035878073,-0.999999642,0.678159475,0.734914422,0.000488193706],"shadowDarkenColor":[0,0,0,0]}
{"class":"TSStatic","persistentId":"fa2fe41b-fd53-429a-a331-f06d133dd263","__parent":"electric_ramps","position":[-1433.71204,-903.145691,103.693466],"collisionType":"None","decalType":"None","isRenderEnabled":false,"rotationMatrix":[0.678800344,0.734322846,0,-0.734322846,0.678800344,0,0,0,1],"scale":[0.699999988,0.699999988,0.699999988],"shapeName":"/levels/west_coast_usa/art/shapes/objects/s_long_light_hanging.dae","useInstanceRenderData":true}
{"class":"TSStatic","persistentId":"07eab912-3407-4bef-ab10-310a24fe57a2","__parent":"electric_ramps","position":[-1431.57812,-900.745178,103.79863],"collisionType":"None","decalType":"None","isRenderEnabled":false,"rotationMatrix":[0.678800464,0.734322786,-2.38418579e-07,5.96046448e-08,2.38418579e-07,1,0.734322786,-0.678800523,1.1920929e-07],"scale":[0.699999988,0.699999988,0.699999988],"shapeName":"/levels/west_coast_usa/art/shapes/buildings/steel_factory/s_steel_factory_electric_ramp.dae","useInstanceRenderData":true}
{"class":"TSStatic","persistentId":"92a67b6b-ab8e-482d-96c8-f10ae55adf4d","__parent":"electric_ramps","position":[-1429.43958,-898.523682,103.693466],"collisionType":"None","decalType":"None","isRenderEnabled":false,"rotationMatrix":[0.678800344,0.734322846,0,-0.734322846,0.678800344,0,0,0,1],"scale":[0.699999988,0.699999988,0.699999988],"shapeName":"/levels/west_coast_usa/art/shapes/objects/s_long_light_hanging.dae","useInstanceRenderData":true}
{"name":"SpotLight_60","class":"SpotLight","persistentId":"e53ba3e5-bcac-4a06-bb6f-566f9152f880","__parent":"electric_ramps","position":[-1446.45654,-930.322205,103.611755],"brightness":2,"color":[0.985900104,0.833005428,0.614045978,1],"outerAngle":170,"range":5,"rotationMatrix":[0.734914482,-0.678159535,0,0.000331073301,0.00035878073,-0.999999642,0.678159475,0.734914422,0.000488193706],"shadowDarkenColor":[0,0,0,0]}
{"class":"TSStatic","persistentId":"17bfc2cf-c208-4e1b-af8d-6bcef418e324","__parent":"electric_ramps","position":[-1446.43201,-930.418701,103.693466],"collisionType":"None","decalType":"None","isRenderEnabled":false,"rotationMatrix":[0.678800344,0.734322846,0,-0.734322846,0.678800344,0,0,0,1],"scale":[0.699999988,0.699999988,0.699999988],"shapeName":"/levels/west_coast_usa/art/shapes/objects/s_long_light_hanging.dae","useInstanceRenderData":true}
{"class":"TSStatic","persistentId":"779d8f3b-c8ee-4cc8-9c85-f2308d5957f8","__parent":"electric_ramps","position":[-1444.2981,-928.018188,103.79863],"collisionType":"None","decalType":"None","isRenderEnabled":false,"rotationMatrix":[0.678800464,0.734322786,-2.38418579e-07,5.96046448e-08,2.38418579e-07,1,0.734322786,-0.678800523,1.1920929e-07],"scale":[0.699999988,0.699999988,0.699999988],"shapeName":"/levels/west_coast_usa/art/shapes/buildings/steel_factory/s_steel_factory_electric_ramp.dae","useInstanceRenderData":true}
{"name":"SpotLight_61","class":"SpotLight","persistentId":"d951c48d-a405-44a7-af18-e677fa171869","__parent":"electric_ramps","position":[-1434.26294,-917.131287,103.607582],"brightness":2,"color":[0.985900104,0.833005428,0.614045978,1],"outerAngle":170,"range":5,"rotationMatrix":[0.734914482,-0.678159535,0,0.000331073301,0.00035878073,-0.999999642,0.678159475,0.734914422,0.000488193706],"shadowDarkenColor":[0,0,0,0]}
{"name":"SpotLight_62","class":"SpotLight","persistentId":"fa168e9a-9bf4-42e4-bdb8-55768250d01b","__parent":"electric_ramps","position":[-1439.32886,-922.611633,103.611755],"brightness":2,"color":[0.985900104,0.833005428,0.614045978,1],"outerAngle":170,"range":5,"rotationMatrix":[0.734914482,-0.678159535,0,0.000331073301,0.00035878073,-0.999999642,0.678159475,0.734914422,0.000488193706],"shadowDarkenColor":[0,0,0,0]}
{"class":"TSStatic","persistentId":"eac8950d-6a5c-440e-a74c-39c998404c03","__parent":"electric_ramps","position":[-1439.30432,-922.70813,103.693466],"collisionType":"None","decalType":"None","isRenderEnabled":false,"rotationMatrix":[0.678800344,0.734322846,0,-0.734322846,0.678800344,0,0,0,1],"scale":[0.699999988,0.699999988,0.699999988],"shapeName":"/levels/west_coast_usa/art/shapes/objects/s_long_light_hanging.dae","useInstanceRenderData":true}
{"class":"TSStatic","persistentId":"1b78f316-c415-491e-9714-e14859951992","__parent":"electric_ramps","position":[-1437.17041,-920.307617,103.79863],"collisionType":"None","decalType":"None","isRenderEnabled":false,"rotationMatrix":[0.678800464,0.734322786,-2.38418579e-07,5.96046448e-08,2.38418579e-07,1,0.734322786,-0.678800523,1.1920929e-07],"scale":[0.699999988,0.699999988,0.699999988],"shapeName":"/levels/west_coast_usa/art/shapes/buildings/steel_factory/s_steel_factory_electric_ramp.dae","useInstanceRenderData":true}
{"class":"TSStatic","persistentId":"5102e78d-75b1-40e6-ae9d-cfe173837a50","__parent":"electric_ramps","position":[-1434.21765,-917.205383,103.693466],"collisionType":"None","decalType":"None","isRenderEnabled":false,"rotationMatrix":[0.678800344,0.734322846,0,-0.734322846,0.678800344,0,0,0,1],"scale":[0.699999988,0.699999988,0.699999988],"shapeName":"/levels/west_coast_usa/art/shapes/objects/s_long_light_hanging.dae","useInstanceRenderData":true}
{"name":"SpotLight_63","class":"SpotLight","persistentId":"acfcd0f5-4bbe-425b-954c-6927558b9e2f","__parent":"electric_ramps","position":[-1427.21448,-909.506226,103.607582],"brightness":2,"color":[0.985900104,0.833005428,0.614045978,1],"outerAngle":170,"range":5,"rotationMatrix":[0.734914482,-0.678159535,0,0.000331073301,0.00035878073,-0.999999642,0.678159475,0.734914422,0.000488193706],"shadowDarkenColor":[0,0,0,0]}
{"name":"SpotLight_64","class":"SpotLight","persistentId":"c6453dda-6096-4324-8559-9470fa6ed3fa","__parent":"electric_ramps","position":[-1431.46619,-914.105835,103.611755],"brightness":2,"color":[0.985900104,0.833005428,0.614045978,1],"outerAngle":170,"range":5,"rotationMatrix":[0.734914482,-0.678159535,0,0.000331073301,0.00035878073,-0.999999642,0.678159475,0.734914422,0.000488193706],"shadowDarkenColor":[0,0,0,0]}
{"class":"TSStatic","persistentId":"517cc9d4-617d-4bbb-9621-5c02104f8a5c","__parent":"electric_ramps","position":[-1431.44165,-914.202332,103.693466],"collisionType":"None","decalType":"None","isRenderEnabled":false,"rotationMatrix":[0.678800344,0.734322846,0,-0.734322846,0.678800344,0,0,0,1],"scale":[0.699999988,0.699999988,0.699999988],"shapeName":"/levels/west_coast_usa/art/shapes/objects/s_long_light_hanging.dae","useInstanceRenderData":true}
{"class":"TSStatic","persistentId":"9cdbf5c4-2ee7-4550-ab96-529b95ad8d15","__parent":"electric_ramps","position":[-1429.30774,-911.801819,103.79863],"collisionType":"None","decalType":"None","isRenderEnabled":false,"rotationMatrix":[0.678800464,0.734322786,-2.38418579e-07,5.96046448e-08,2.38418579e-07,1,0.734322786,-0.678800523,1.1920929e-07],"scale":[0.699999988,0.699999988,0.699999988],"shapeName":"/levels/west_coast_usa/art/shapes/buildings/steel_factory/s_steel_factory_electric_ramp.dae","useInstanceRenderData":true}
{"class":"TSStatic","persistentId":"bef4e440-d6db-462a-8d01-13c7c75d2685","__parent":"electric_ramps","position":[-1427.16919,-909.580322,103.693466],"collisionType":"None","decalType":"None","isRenderEnabled":false,"rotationMatrix":[0.678800344,0.734322846,0,-0.734322846,0.678800344,0,0,0,1],"scale":[0.699999988,0.699999988,0.699999988],"shapeName":"/levels/west_coast_usa/art/shapes/objects/s_long_light_hanging.dae","useInstanceRenderData":true}
{"name":"SpotLight_65","class":"SpotLight","persistentId":"f4f63432-ad3c-4174-8d56-237c50d70856","__parent":"electric_ramps","position":[-1420.07727,-901.785339,103.607582],"brightness":2,"color":[0.985900104,0.833005428,0.614045978,1],"outerAngle":170,"range":5,"rotationMatrix":[0.734914482,-0.678159535,0,0.000331073301,0.00035878073,-0.999999642,0.678159475,0.734914422,0.000488193706],"shadowDarkenColor":[0,0,0,0]}
{"name":"SpotLight_66","class":"SpotLight","persistentId":"7ce5140a-891e-4468-bba1-751a4c7c0b09","__parent":"electric_ramps","position":[-1424.32898,-906.384949,103.611755],"brightness":2,"color":[0.985900104,0.833005428,0.614045978,1],"outerAngle":170,"range":5,"rotationMatrix":[0.734914482,-0.678159535,0,0.000331073301,0.00035878073,-0.999999642,0.678159475,0.734914422,0.000488193706],"shadowDarkenColor":[0,0,0,0]}
{"class":"TSStatic","persistentId":"b1462fc3-e008-40c3-a7cd-a1260b5aacac","__parent":"electric_ramps","position":[-1424.30444,-906.481445,103.693466],"collisionType":"None","decalType":"None","isRenderEnabled":false,"rotationMatrix":[0.678800344,0.734322846,0,-0.734322846,0.678800344,0,0,0,1],"scale":[0.699999988,0.699999988,0.699999988],"shapeName":"/levels/west_coast_usa/art/shapes/objects/s_long_light_hanging.dae","useInstanceRenderData":true}
{"class":"TSStatic","persistentId":"5b5b6cb4-f9bd-4f5f-896b-2667352ad905","__parent":"electric_ramps","position":[-1422.17053,-904.080933,103.79863],"collisionType":"None","decalType":"None","isRenderEnabled":false,"rotationMatrix":[0.678800464,0.734322786,-2.38418579e-07,5.96046448e-08,2.38418579e-07,1,0.734322786,-0.678800523,1.1920929e-07],"scale":[0.699999988,0.699999988,0.699999988],"shapeName":"/levels/west_coast_usa/art/shapes/buildings/steel_factory/s_steel_factory_electric_ramp.dae","useInstanceRenderData":true}
{"class":"TSStatic","persistentId":"3b48aa4d-a771-4823-abb4-23e06c1fc004","__parent":"electric_ramps","position":[-1420.03198,-901.859436,103.693466],"collisionType":"None","decalType":"None","isRenderEnabled":false,"rotationMatrix":[0.678800344,0.734322846,0,-0.734322846,0.678800344,0,0,0,1],"scale":[0.699999988,0.699999988,0.699999988],"shapeName":"/levels/west_coast_usa/art/shapes/objects/s_long_light_hanging.dae","useInstanceRenderData":true}
{"name":"SpotLight_73","class":"SpotLight","persistentId":"ce715120-953b-4731-84a4-e4bcd88c0552","__parent":"electric_ramps","position":[-1426.68884,-955.086548,103.112801],"brightness":2,"color":[0.985900104,0.833005428,0.614045978,1],"outerAngle":170,"range":5,"rotationMatrix":[0.678159475,0.73491466,0,-0.000358790159,0.000331282616,-0.999999702,-0.734914601,0.678159177,0.000488400459],"shadowDarkenColor":[0,0,0,0]}
{"name":"SpotLight_74","class":"SpotLight","persistentId":"f20288fa-4468-4bf6-b836-825329fd4f1b","__parent":"electric_ramps","position":[-1422.08923,-959.338257,103.116974],"brightness":2,"color":[0.985900104,0.833005428,0.614045978,1],"outerAngle":170,"range":5,"rotationMatrix":[0.678159475,0.73491466,0,-0.000358790159,0.000331282616,-0.999999702,-0.734914601,0.678159177,0.000488400459],"shadowDarkenColor":[0,0,0,0]}
{"class":"TSStatic","persistentId":"de0c122d-6843-4255-89c2-548ff4da52b4","__parent":"electric_ramps","position":[-1421.99268,-959.313721,103.198685],"collisionType":"None","decalType":"None","isRenderEnabled":false,"rotationMatrix":[-0.734322906,0.678800046,0,-0.678800046,-0.734322906,0,0,0,1],"scale":[0.699999988,0.699999988,0.699999988],"shapeName":"/levels/west_coast_usa/art/shapes/objects/s_long_light_hanging.dae","useInstanceRenderData":true}
{"class":"TSStatic","persistentId":"f7f99cd4-8420-4287-b2aa-c9d344988b23","__parent":"electric_ramps","position":[-1424.39331,-957.17981,103.303848],"collisionType":"None","decalType":"None","isRenderEnabled":false,"rotationMatrix":[-0.734322667,0.678799987,-1.49011612e-07,-1.49011612e-07,2.38418579e-07,0.999999762,0.678799987,0.734322906,2.38418579e-07],"scale":[0.699999988,0.699999988,0.699999988],"shapeName":"/levels/west_coast_usa/art/shapes/buildings/steel_factory/s_steel_factory_electric_ramp.dae","useInstanceRenderData":true}
{"class":"TSStatic","persistentId":"ab21b8d0-f185-43e1-a190-53c433eb54a0","__parent":"electric_ramps","position":[-1426.61475,-955.04126,103.198685],"collisionType":"None","decalType":"None","isRenderEnabled":false,"rotationMatrix":[-0.734322906,0.678800046,0,-0.678800046,-0.734322906,0,0,0,1],"scale":[0.699999988,0.699999988,0.699999988],"shapeName":"/levels/west_coast_usa/art/shapes/objects/s_long_light_hanging.dae","useInstanceRenderData":true}
{"name":"SpotLight_75","class":"SpotLight","persistentId":"4f2e653d-0694-4d26-8913-9b99e22231d1","__parent":"electric_ramps","position":[-1470.56128,-956.771729,103.626549],"brightness":2,"color":[0.985900104,0.833005428,0.614045978,1],"outerAngle":170,"range":5,"rotationMatrix":[0.678159475,0.73491466,0,-0.000358790159,0.000331282616,-0.999999702,-0.734914601,0.678159177,0.000488400459],"shadowDarkenColor":[0,0,0,0]}
{"name":"SpotLight_76","class":"SpotLight","persistentId":"113c0665-3528-4722-8cd0-7cc13241dfc8","__parent":"electric_ramps","position":[-1465.96167,-961.023438,103.630722],"brightness":2,"color":[0.985900104,0.833005428,0.614045978,1],"outerAngle":170,"range":5,"rotationMatrix":[0.678159475,0.73491466,0,-0.000358790159,0.000331282616,-0.999999702,-0.734914601,0.678159177,0.000488400459],"shadowDarkenColor":[0,0,0,0]}
{"class":"TSStatic","persistentId":"62153952-68d0-421c-95f3-e38a01a5629f","__parent":"electric_ramps","position":[-1465.86511,-960.998901,103.712433],"collisionType":"None","decalType":"None","isRenderEnabled":false,"rotationMatrix":[-0.734322906,0.678800046,0,-0.678800046,-0.734322906,0,0,0,1],"scale":[0.699999988,0.699999988,0.699999988],"shapeName":"/levels/west_coast_usa/art/shapes/objects/s_long_light_hanging.dae","useInstanceRenderData":true}
{"class":"TSStatic","persistentId":"e6607f2a-347f-41ea-b7fe-4aed630959af","__parent":"electric_ramps","position":[-1468.26575,-958.86499,103.817596],"collisionType":"None","decalType":"None","isRenderEnabled":false,"rotationMatrix":[-0.734322667,0.678799987,-1.49011612e-07,-1.49011612e-07,2.38418579e-07,0.999999762,0.678799987,0.734322906,2.38418579e-07],"scale":[0.699999988,0.699999988,0.699999988],"shapeName":"/levels/west_coast_usa/art/shapes/buildings/steel_factory/s_steel_factory_electric_ramp.dae","useInstanceRenderData":true}
{"class":"TSStatic","persistentId":"23b89b25-b454-4fa2-b609-4e22a52f378c","__parent":"electric_ramps","position":[-1470.48718,-956.72644,103.712433],"collisionType":"None","decalType":"None","isRenderEnabled":false,"rotationMatrix":[-0.734322906,0.678800046,0,-0.678800046,-0.734322906,0,0,0,1],"scale":[0.699999988,0.699999988,0.699999988],"shapeName":"/levels/west_coast_usa/art/shapes/objects/s_long_light_hanging.dae","useInstanceRenderData":true}
{"name":"SpotLight_77","class":"SpotLight","persistentId":"89b2973a-c103-4d54-9c4e-d64ba608c78a","__parent":"electric_ramps","position":[-1481.00684,-947.116089,103.626549],"brightness":2,"color":[0.985900104,0.833005428,0.614045978,1],"outerAngle":170,"range":5,"rotationMatrix":[0.678159475,0.73491466,0,-0.000358790159,0.000331282616,-0.999999702,-0.734914601,0.678159177,0.000488400459],"shadowDarkenColor":[0,0,0,0]}
{"name":"SpotLight_78","class":"SpotLight","persistentId":"d9f1413e-a695-4421-a3e7-a21fd67c6191","__parent":"electric_ramps","position":[-1476.40723,-951.367798,103.630722],"brightness":2,"color":[0.985900104,0.833005428,0.614045978,1],"outerAngle":170,"range":5,"rotationMatrix":[0.678159475,0.73491466,0,-0.000358790159,0.000331282616,-0.999999702,-0.734914601,0.678159177,0.000488400459],"shadowDarkenColor":[0,0,0,0]}
{"class":"TSStatic","persistentId":"41f3229e-87d3-47a8-8516-597697504fe4","__parent":"electric_ramps","position":[-1476.31067,-951.343262,103.712433],"collisionType":"None","decalType":"None","isRenderEnabled":false,"rotationMatrix":[-0.734322906,0.678800046,0,-0.678800046,-0.734322906,0,0,0,1],"scale":[0.699999988,0.699999988,0.699999988],"shapeName":"/levels/west_coast_usa/art/shapes/objects/s_long_light_hanging.dae","useInstanceRenderData":true}
{"class":"TSStatic","persistentId":"2af8f66e-a9c7-4860-8fc6-de13a0ae4f11","__parent":"electric_ramps","position":[-1478.7113,-949.209351,103.817596],"collisionType":"None","decalType":"None","isRenderEnabled":false,"rotationMatrix":[-0.734322667,0.678799987,-1.49011612e-07,-1.49011612e-07,2.38418579e-07,0.999999762,0.678799987,0.734322906,2.38418579e-07],"scale":[0.699999988,0.699999988,0.699999988],"shapeName":"/levels/west_coast_usa/art/shapes/buildings/steel_factory/s_steel_factory_electric_ramp.dae","useInstanceRenderData":true}
{"class":"TSStatic","persistentId":"91317914-1562-47fe-b6fc-ee84ed90dd65","__parent":"electric_ramps","position":[-1480.93274,-947.070801,103.712433],"collisionType":"None","decalType":"None","isRenderEnabled":false,"rotationMatrix":[-0.734322906,0.678800046,0,-0.678800046,-0.734322906,0,0,0,1],"scale":[0.699999988,0.699999988,0.699999988],"shapeName":"/levels/west_coast_usa/art/shapes/objects/s_long_light_hanging.dae","useInstanceRenderData":true}
{"name":"SpotLight_79","class":"SpotLight","persistentId":"0d3e0080-e4d4-4fdd-97a8-c722776332a7","__parent":"electric_ramps","position":[-1438.63086,-988.526917,103.626549],"brightness":2,"color":[0.985900104,0.833005428,0.614045978,1],"outerAngle":170,"range":5,"rotationMatrix":[0.678159475,0.73491466,0,-0.000358790159,0.000331282616,-0.999999702,-0.734914601,0.678159177,0.000488400459],"shadowDarkenColor":[0,0,0,0]}
{"name":"SpotLight_80","class":"SpotLight","persistentId":"66b40b57-6389-4ea6-ab63-c9d0a237a32f","__parent":"electric_ramps","position":[-1434.03125,-992.778625,103.630722],"brightness":2,"color":[0.985900104,0.833005428,0.614045978,1],"outerAngle":170,"range":5,"rotationMatrix":[0.678159475,0.73491466,0,-0.000358790159,0.000331282616,-0.999999702,-0.734914601,0.678159177,0.000488400459],"shadowDarkenColor":[0,0,0,0]}
{"class":"TSStatic","persistentId":"789b6abb-837d-4b89-a9fe-a7640f81fe5b","__parent":"electric_ramps","position":[-1433.93469,-992.754089,103.712433],"collisionType":"None","decalType":"None","isRenderEnabled":false,"rotationMatrix":[-0.734322906,0.678800046,0,-0.678800046,-0.734322906,0,0,0,1],"scale":[0.699999988,0.699999988,0.699999988],"shapeName":"/levels/west_coast_usa/art/shapes/objects/s_long_light_hanging.dae","useInstanceRenderData":true}
{"class":"TSStatic","persistentId":"fa9c7900-8d41-4377-8872-28a737e0279d","__parent":"electric_ramps","position":[-1436.33533,-990.620178,103.817596],"collisionType":"None","decalType":"None","isRenderEnabled":false,"rotationMatrix":[-0.734322667,0.678799987,-1.49011612e-07,-1.49011612e-07,2.38418579e-07,0.999999762,0.678799987,0.734322906,2.38418579e-07],"scale":[0.699999988,0.699999988,0.699999988],"shapeName":"/levels/west_coast_usa/art/shapes/buildings/steel_factory/s_steel_factory_electric_ramp.dae","useInstanceRenderData":true}
{"class":"TSStatic","persistentId":"44f3b14d-9c53-4caa-9875-7444e9efc052","__parent":"electric_ramps","position":[-1438.55676,-988.481628,103.712433],"collisionType":"None","decalType":"None","isRenderEnabled":false,"rotationMatrix":[-0.734322906,0.678800046,0,-0.678800046,-0.734322906,0,0,0,1],"scale":[0.699999988,0.699999988,0.699999988],"shapeName":"/levels/west_coast_usa/art/shapes/objects/s_long_light_hanging.dae","useInstanceRenderData":true}
{"name":"SpotLight_81","class":"SpotLight","persistentId":"5fa05287-9fdd-4d24-b6fe-3420b6990549","__parent":"electric_ramps","position":[-1430.9325,-995.643311,103.626549],"brightness":2,"color":[0.985900104,0.833005428,0.614045978,1],"outerAngle":170,"range":5,"rotationMatrix":[0.678159475,0.73491466,0,-0.000358790159,0.000331282616,-0.999999702,-0.734914601,0.678159177,0.000488400459],"shadowDarkenColor":[0,0,0,0]}
{"name":"SpotLight_82","class":"SpotLight","persistentId":"f04dce67-9d4c-499b-9c37-5e8ec375feb1","__parent":"electric_ramps","position":[-1426.33289,-999.89502,103.630722],"brightness":2,"color":[0.985900104,0.833005428,0.614045978,1],"outerAngle":170,"range":5,"rotationMatrix":[0.678159475,0.73491466,0,-0.000358790159,0.000331282616,-0.999999702,-0.734914601,0.678159177,0.000488400459],"shadowDarkenColor":[0,0,0,0]}
{"class":"TSStatic","persistentId":"ba65317c-16bc-45b0-b003-19429640ae42","__parent":"electric_ramps","position":[-1426.23633,-999.870483,103.712433],"collisionType":"None","decalType":"None","isRenderEnabled":false,"rotationMatrix":[-0.734322906,0.678800046,0,-0.678800046,-0.734322906,0,0,0,1],"scale":[0.699999988,0.699999988,0.699999988],"shapeName":"/levels/west_coast_usa/art/shapes/objects/s_long_light_hanging.dae","useInstanceRenderData":true}
{"class":"TSStatic","persistentId":"2567b347-6aa1-426e-a5fe-f1fd3c96d6c9","__parent":"electric_ramps","position":[-1428.63696,-997.736572,103.817596],"collisionType":"None","decalType":"None","isRenderEnabled":false,"rotationMatrix":[-0.734322667,0.678799987,-1.49011612e-07,-1.49011612e-07,2.38418579e-07,0.999999762,0.678799987,0.734322906,2.38418579e-07],"scale":[0.699999988,0.699999988,0.699999988],"shapeName":"/levels/west_coast_usa/art/shapes/buildings/steel_factory/s_steel_factory_electric_ramp.dae","useInstanceRenderData":true}
{"class":"TSStatic","persistentId":"d3ef3286-315f-4370-9dd6-86e46259218b","__parent":"electric_ramps","position":[-1430.8584,-995.598022,103.712433],"collisionType":"None","decalType":"None","isRenderEnabled":false,"rotationMatrix":[-0.734322906,0.678800046,0,-0.678800046,-0.734322906,0,0,0,1],"scale":[0.699999988,0.699999988,0.699999988],"shapeName":"/levels/west_coast_usa/art/shapes/objects/s_long_light_hanging.dae","useInstanceRenderData":true}
{"name":"SpotLight_59","class":"SpotLight","persistentId":"4ae13abf-2677-4711-98b3-013824df3278","__parent":"electric_ramps","position":[-1386.0625,-866.514954,100.002441],"brightness":2,"color":[0.985900104,0.833005428,0.614045978,1],"outerAngle":170,"range":5,"rotationMatrix":[0.734914482,-0.678159535,0,0.000331073301,0.00035878073,-0.999999642,0.678159475,0.734914422,0.000488193706],"shadowDarkenColor":[0,0,0,0]}
{"class":"TSStatic","persistentId":"66cf9475-b17f-42ef-9917-7421703ccaa3","__parent":"electric_ramps","position":[-1386.01721,-866.58905,100.088326],"collisionType":"None","decalType":"None","isRenderEnabled":false,"rotationMatrix":[0.678800344,0.734322846,0,-0.734322846,0.678800344,0,0,0,1],"scale":[0.699999988,0.699999988,0.699999988],"shapeName":"/levels/west_coast_usa/art/shapes/objects/s_long_light_hanging.dae","useInstanceRenderData":true}
{"class":"TSStatic","persistentId":"585aeadc-e129-4eb3-a4ae-0de2cd8a421b","__parent":"electric_ramps","position":[-1388.15576,-868.810547,100.193489],"collisionType":"None","decalType":"None","isRenderEnabled":false,"rotationMatrix":[0.678800464,0.734322786,-2.38418579e-07,5.96046448e-08,2.38418579e-07,1,0.734322786,-0.678800523,1.1920929e-07],"scale":[0.699999988,0.699999988,0.699999988],"shapeName":"/levels/west_coast_usa/art/shapes/buildings/steel_factory/s_steel_factory_electric_ramp.dae","useInstanceRenderData":true}
{"name":"SpotLight_83","class":"SpotLight","persistentId":"cb45c739-b713-4877-8509-2fa4cb533791","__parent":"electric_ramps","position":[-1390.31421,-871.114563,100.006615],"brightness":2,"color":[0.985900104,0.833005428,0.614045978,1],"outerAngle":170,"range":5,"rotationMatrix":[0.734914482,-0.678159535,0,0.000331073301,0.00035878073,-0.999999642,0.678159475,0.734914422,0.000488193706],"shadowDarkenColor":[0,0,0,0]}
