{"name":"mine_north_01","class":"SFXSpace","persistentId":"1069ff2f-60cf-448e-8a42-4ccb3792cf3a","__parent":"mine_north","position":[366.604279,862.135803,230.335815],"rotationMatrix":[-0.970927477,-0.238857433,0.0157798305,0.239194766,-0.970638514,0.025416214,0.00924606994,0.0284515563,0.999549389],"scale":[32.4995689,12.1986656,11.7890978],"soundAmbience":"Level_Tunnel_Open_Dynamic"}
{"name":"mine_north_02","class":"SFXSpace","persistentId":"10217105-bc96-4b16-8dfd-3c9300b44aa9","__parent":"mine_north","position":[392.855682,867.633362,231.627289],"rotationMatrix":[-0.970927477,-0.238857433,0.0157798305,0.239194766,-0.970638514,0.025416214,0.00924606994,0.0284515563,0.999549389],"scale":[28.4038868,12.1986656,11.7890978],"soundAmbience":"Level_Tunnel_Open_Dynamic"}
{"name":"mine_north_03","class":"SFXSpace","persistentId":"8c2b3afd-2616-4f6c-87c7-6c7697dfa86b","__parent":"mine_north","position":[367.276245,888.306702,231.433029],"rotationMatrix":[-0.981071055,-0.192205325,0.0236335546,0.192724481,-0.980998695,0.0223228037,0.018894434,0.0264548417,0.999467909],"scale":[80.3927536,45.1152992,18.4723778],"soundAmbience":"Level_Tunnel_Open_Dynamic"}
{"name":"mine_north_04","class":"SFXSpace","persistentId":"ae2cafbf-dc9b-48e9-b530-d19a8f02df36","__parent":"mine_north","position":[98.5124283,890.596069,269.249969],"rotationMatrix":[-0.969932377,-0.238857403,0.046696268,0.239882931,-0.970638692,0.0177847408,0.0410776548,0.0284515657,0.998747945],"scale":[36.2304497,15.7139902,8.15243053],"soundAmbience":"Level_Tunnel_Open_Dynamic"}
{"name":"mine_north_05","class":"SFXSpace","persistentId":"eafbbed6-2a63-4894-a8c3-b1dadb44e548","__parent":"mine_north","position":[123.989143,892.435059,267.050079],"rotationMatrix":[-0.980243802,-0.192205369,0.0466962531,0.193196014,-0.980998576,0.0177847315,0.0423911028,0.0264548324,0.998747289],"scale":[27.1356125,16.1894722,8.15243053],"soundAmbience":"Level_Tunnel_Open_Dynamic"}
{"name":"mine_north_06","class":"SFXSpace","persistentId":"33d07c36-75a3-4307-8845-efdd2b4299c2","__parent":"mine_north","position":[153.023727,900.560913,255.33783],"rotationMatrix":[-0.937820971,-0.192205518,0.289050132,0.191547766,-0.980998814,-0.0308300927,0.28948468,0.0264548548,0.956813931],"scale":[141.680466,19.6727486,10.4048729],"soundAmbience":"Level_Tunnel_Open_Dynamic"}
{"name":"mine_north_07","class":"SFXSpace","persistentId":"c61e3d8b-5706-4c10-9d77-a485745a7145","__parent":"mine_north","position":[278.95166,913.155029,232.721405],"rotationMatrix":[-0.997142851,-0.0604664609,0.045246575,0.0613309368,-0.997955441,0.018070383,0.0440618843,0.0207937099,0.998808861],"scale":[141.680466,42.2042618,32.9287415],"soundAmbience":"Level_Tunnel_Open_Dynamic"}
{"name":"mine_north_08","class":"SFXSpace","persistentId":"737e042a-3425-4045-9f59-ec4800f168a5","__parent":"mine_north","position":[274.630035,740.270081,185.484238],"rotationMatrix":[-0.995373964,-0.0944396704,0.0175799076,0.0855573565,-0.9548015,-0.284668028,0.0436682887,-0.281848937,0.958462358],"scale":[17.9008865,37.1246796,14.2663221],"soundAmbience":"Level_Tunnel_Open_Dynamic"}
{"name":"mine_north_09","class":"SFXSpace","persistentId":"20674221-28b8-4b24-b570-bbd3f16a6318","__parent":"mine_north","position":[266.294373,772.768799,193.716965],"rotationMatrix":[-0.987567306,-0.156204686,0.0175800286,0.144814074,-0.947625577,-0.284668207,0.0611247756,-0.278584927,0.958462238],"scale":[15.677743,81.97715,14.2663221],"soundAmbience":"Level_Tunnel_Open_Dynamic"}
{"name":"mine_north_10","class":"SFXSpace","persistentId":"54504be4-29ee-4f09-a261-7788716c8a6b","__parent":"mine_north","position":[254.494141,832.013062,203.812714],"rotationMatrix":[-0.995195687,0.0542146936,0.0814988166,-0.0603058152,-0.99542284,-0.074179396,0.0771040991,-0.0787385106,0.99390775],"scale":[64.3622894,42.2949257,41.215519],"soundAmbience":"Level_Tunnel_Open_Dynamic"}
{"name":"mine_north_11","class":"SFXSpace","persistentId":"35c4938c-f656-4e48-a09c-a0ceba3fd786","__parent":"mine_north","position":[277.618805,724.016479,179.333832],"rotationMatrix":[-0.995565057,-0.087793909,0.0337262973,0.0833315402,-0.989709258,-0.116332866,0.0435924605,-0.113007575,0.99263376],"scale":[17.3697147,37.1246796,14.2663221],"soundAmbience":"Level_Tunnel_Open"}
{"name":"mine_north_12","class":"SFXSpace","persistentId":"053a4095-38a8-49a1-a1a4-9bd1c13217d0","__parent":"mine_north","position":[326.981689,856.855408,218.938644],"rotationMatrix":[0.301541358,-0.95342195,-0.00731389876,0.942138672,0.296784312,0.155867025,-0.146437243,-0.0538917221,0.987746239],"scale":[18.6029949,81.97715,14.2663221],"soundAmbience":"Level_Tunnel_Open_Dynamic"}
{"name":"mine_north_in","class":"SFXEmitter","persistentId":"74b593fb-f311-4c15-9480-db2c0459ad32","__parent":"mine_north","position":[369.751709,855.916443,228.784836],"fadeInTime":0,"fadeOutTime":0,"isLooping":false,"maxDistance":11,"rotationMatrix":[1,0,0,0,0.999999762,-0.000690533896,0,0.000690533896,0.999999762],"scale":[11,11,11],"track":"event:>Snapshot Events>Snapshot_UT_Tunnel_F_Position","useTrackDescriptionOnly":true}
{"name":"mine_north_out","class":"SFXEmitter","persistentId":"6f8eaecc-1929-409f-947a-457c2c33e8d1","__parent":"mine_north","position":[81.2935028,884.566895,267.306183],"fadeInTime":0,"fadeOutTime":0,"isLooping":false,"maxDistance":11,"rotationMatrix":[1,0,0,0,0.999999762,-0.000690533896,0,0.000690533896,0.999999762],"scale":[11,11,11],"track":"event:>Snapshot Events>Snapshot_UT_Tunnel_F_Position","useTrackDescriptionOnly":true}
