{"class":"TSStatic","persistentId":"0cf88609-499d-4db7-bac3-3c4c82a16669","__parent":"Rocks","position":[-751.55072,538.381897,22.7021599],"annotation":"ROCK","isRenderEnabled":false,"rotationMatrix":[-0.208930075,-0.977284968,0.0355272219,0.571361363,-0.151471496,-0.80659914,0.793658674,-0.148223996,0.590029895],"shapeName":"/levels/east_coast_usa/art/shapes/rocks/eca_rock_big_wide.dae","useInstanceRenderData":true}
{"class":"TSStatic","persistentId":"3d64119a-9b66-4d8f-b052-18c83fc2f757","__parent":"Rocks","position":[-750.735352,542.735107,22.6706944],"annotation":"ROCK","isRenderEnabled":false,"rotationMatrix":[-0.0397032686,0.99921149,0,-0.558436275,-0.0221892409,0.829250634,0.828596771,0.0329239592,0.558876932],"shapeName":"/levels/east_coast_usa/art/shapes/rocks/eca_rock_big_narrow.dae","useInstanceRenderData":true}
{"class":"TSStatic","persistentId":"a7c88b8a-e6d9-49d3-8575-311f095b92ef","__parent":"Rocks","position":[-751.196899,547.030029,22.7547398],"annotation":"ROCK","isRenderEnabled":false,"rotationMatrix":[-0.186955065,0.981632471,0.0380178131,-0.511438131,-0.130300969,0.849383533,0.838736355,0.139352813,0.526404798],"shapeName":"/levels/east_coast_usa/art/shapes/rocks/eca_rock_big_wide.dae","useInstanceRenderData":true}
{"class":"TSStatic","persistentId":"3f026801-03d0-4f0a-aa18-0e9e44727374","__parent":"Rocks","position":[-753.156921,532.549255,22.7955875],"annotation":"ROCK","isRenderEnabled":false,"rotationMatrix":[0.405326098,0.904769719,0.130775481,0.606692851,-0.159219339,-0.778827846,-0.683837891,0.395019829,-0.61345315],"shapeName":"/levels/east_coast_usa/art/shapes/rocks/eca_rock_big_wide.dae","useInstanceRenderData":true}
{"class":"TSStatic","persistentId":"a712db2b-19e4-4cb6-bad0-f23549a8aba4","__parent":"Rocks","collisionType":"Visible Mesh Final","isRenderEnabled":false,"shapeName":"/levels/east_coast_usa/art/shapes/misc/eca_backdrop2.dae","useInstanceRenderData":true}
{"name":"eca_rocks_long_flat","class":"Prefab","persistentId":"626cef24-2ec2-4e67-9818-9cbb4e257af9","__parent":"Rocks","position":[1016,1070,10.6861067],"annotation":"ROCK","filename":"/levels/east_coast_usa/art/prefabs/eca_rocks_long_flat.prefab","rotationMatrix":[0.32585746,0.945415914,-0.0023881495,-0.759866893,0.263405323,0.594323158,0.562511563,-0.191849962,0.804222822],"scale":[12.9873047,12.9873047,12.9873047]}
{"name":"eca_rocks_long_flat1","class":"Prefab","persistentId":"304686a1-5fbf-4f1e-b2cf-2444a6a16ce6","__parent":"Rocks","position":[1091,1242,2],"annotation":"ROCK","filename":"/levels/east_coast_usa/art/prefabs/eca_rocks_long_flat.prefab","rotationMatrix":[0.109772146,0.993909299,0.00971367955,-0.954149425,0.102632761,0.281185627,0.278476059,-0.0401346385,0.959604263],"scale":[12.9873047,12.9873047,12.9873047]}
{"class":"TSStatic","persistentId":"e78fbbfc-31ed-405f-8ab1-81c5d74c9cb9","__parent":"Rocks","position":[-1024.29785,-960.242859,28.6900787],"annotation":"ROCK","isRenderEnabled":false,"rotationMatrix":[1,0,0,0,0.848269939,0.529563963,0,-0.529563963,0.848269939],"scale":[6.85859394,6.85859394,6.85859394],"shapeName":"/levels/east_coast_usa/art/shapes/rocks/eca_rock_big_wide.dae","useInstanceRenderData":true}
{"class":"TSStatic","persistentId":"d15d0ce9-f530-4868-a112-5368dd9b1699","__parent":"Rocks","position":[-1057.18433,-953.923218,25.7365875],"annotation":"ROCK","isRenderEnabled":false,"rotationMatrix":[-0.792445064,0.609849572,0.0106847137,0.503704071,0.644438982,0.575309098,0.343966365,0.46128282,-0.817866206],"scale":[6.85859394,6.85859394,6.85859394],"shapeName":"/levels/east_coast_usa/art/shapes/rocks/eca_rock_big_wide.dae","useInstanceRenderData":true}
{"name":"eca_rocks_long_flat2","class":"Prefab","persistentId":"7acd66e5-5eea-479e-8a98-f712dab82326","__parent":"Rocks","position":[-1169.61487,-998.185425,3.77998543],"annotation":"ROCK","filename":"/levels/east_coast_usa/art/prefabs/eca_rocks_long_flat.prefab","rotationMatrix":[0.566439748,0.818122387,0.0991047919,-0.801814079,0.519340277,0.295600861,0.190368593,-0.246903688,0.950157046],"scale":[7.65615273,7.65615273,7.65615273]}
{"name":"eca_rocks_long_flat3","class":"Prefab","persistentId":"34265e6a-dde0-42ef-87dc-9f5d7d561a36","__parent":"Rocks","position":[-1243.62402,-1084.8479,2.38607597],"annotation":"ROCK","filename":"/levels/east_coast_usa/art/prefabs/eca_rocks_long_flat.prefab","rotationMatrix":[0.731089354,0.682115257,0.0150696374,-0.674714029,0.71952337,0.164460152,0.101337835,-0.130402774,0.98626858],"scale":[7.65615273,7.65615273,7.65615273]}
{"name":"eca_rocks_long_flat4","class":"Prefab","persistentId":"aad6a4a1-5dcb-4de9-bec2-ca7ba5ab7cda","__parent":"Rocks","position":[-1108.25342,-967.575439,6.17846489],"annotation":"ROCK","filename":"/levels/east_coast_usa/art/prefabs/eca_rocks_long_flat.prefab","rotationMatrix":[0.916525483,-0.399752915,0.0133648589,0.374634802,0.869682014,0.321406126,-0.140106231,-0.289569974,0.946847141],"scale":[7.65615273,7.65615273,7.65615273]}
{"name":"eca_rocks_long_flat5","class":"Prefab","persistentId":"f9485a2c-c921-4e4c-b5c4-c9b03c03c6f9","__parent":"Rocks","position":[-1380.98035,-1321.67334,2.74510384],"annotation":"ROCK","filename":"/levels/east_coast_usa/art/prefabs/eca_rocks_long_flat.prefab","rotationMatrix":[0.551380098,0.833680868,0.0309206434,-0.828575611,0.542933702,0.136693969,0.0971713066,-0.100990415,0.990130603],"scale":[7.65615273,7.65615273,7.65615273]}
{"name":"eca_rocks_long_flat6","class":"Prefab","persistentId":"450150e8-3296-4a8b-bfab-07c9da8deac5","__parent":"Rocks","position":[-1618.08081,-1443.30396,1.05408478],"annotation":"ROCK","filename":"/levels/east_coast_usa/art/prefabs/eca_rocks_long_flat.prefab","rotationMatrix":[0.620163202,0.783985019,0.0276616737,-0.769322753,0.600911617,0.21690473,0.153427839,-0.155797064,0.975800753],"scale":[16.6713867,16.6713867,16.6713867]}
{"name":"eca_rocks_long_flat7","class":"Prefab","persistentId":"479d3b29-76b7-4ec2-9d83-517218981805","__parent":"Rocks","position":[-1778.71399,-1536.36389,1.05406952],"annotation":"ROCK","filename":"/levels/east_coast_usa/art/prefabs/eca_rocks_long_flat.prefab","rotationMatrix":[-0.992406845,-0.122143477,0.014481416,-0.10390538,0.895525932,0.432708949,-0.0658210516,0.427918583,-0.901417494],"scale":[16.6713867,16.6713867,16.6713867]}
{"name":"eca_rocks_long_flat8","class":"Prefab","persistentId":"d811fc19-63cc-419d-a661-527dbb5e5a8b","__parent":"Rocks","position":[-2015.25415,-1500.65198,1.054039],"annotation":"ROCK","filename":"/levels/east_coast_usa/art/prefabs/eca_rocks_long_flat.prefab","rotationMatrix":[-0.889113188,0.457457662,0.0144814178,0.418019354,0.798763275,0.432708859,0.186378777,0.390780807,-0.901417136],"scale":[16.6713867,16.6713867,16.6713867]}
{"name":"eca_rocks_long_flat9","class":"Prefab","persistentId":"ad059109-1399-451d-8873-088dc57805ea","__parent":"Rocks","position":[-1986.98596,-1424.36084,18.9871025],"annotation":"ROCK","filename":"/levels/east_coast_usa/art/prefabs/eca_rocks_long_flat.prefab","rotationMatrix":[-0.89540565,0.445220083,-0.00518814847,0.438789994,0.88433218,0.159436181,0.0755722523,0.140483633,-0.98719418],"scale":[16.6713867,16.6713867,16.6713867]}
{"name":"eca_rocks_long_flat10","class":"Prefab","persistentId":"ac3e5b28-faaa-4bb5-bcf3-b1a3048a0afd","__parent":"Rocks","position":[-1784.85547,-1453.56287,18.987072],"annotation":"ROCK","filename":"/levels/east_coast_usa/art/prefabs/eca_rocks_long_flat.prefab","rotationMatrix":[0.976359665,0.215839565,-0.0116230985,0.215165436,-0.975628257,-0.0430479236,-0.0206312686,0.0395293646,-0.999005318],"scale":[16.6713867,16.6713867,16.6713867]}
{"name":"eca_rocks_long_flat11","class":"Prefab","persistentId":"3198099f-7886-431e-a894-d95c4b23289f","__parent":"Rocks","position":[-1628.93872,-1330.03455,20.8295135],"annotation":"ROCK","filename":"/levels/east_coast_usa/art/prefabs/eca_rocks_long_flat.prefab","rotationMatrix":[0.619658828,0.784793854,-0.0110239908,0.763855338,-0.606235504,-0.221366584,-0.180410296,0.12875101,-0.975128174],"scale":[16.6713867,16.6713867,16.6713867]}
{"name":"eca_rocks_long_flat12","class":"Prefab","persistentId":"58b6fbbc-beb2-4ec7-bcf2-9ca3a017df83","__parent":"Rocks","position":[-1731.25415,-1540.89685,7.32214355],"annotation":"ROCK","filename":"/levels/east_coast_usa/art/prefabs/eca_rocks_long_flat.prefab","rotationMatrix":[0.977261484,0.20940578,-0.0333055928,0.184719026,-0.917906523,-0.351178169,-0.104110174,0.337040722,-0.935715914],"scale":[11.6577168,11.6577168,11.6577168]}
{"name":"eca_rocks_long_flat13","class":"Prefab","persistentId":"f3ed5392-94bc-4d0d-b46b-7915a0ba694b","__parent":"Rocks","position":[-2005.37476,-1522.40686,7.32213593],"annotation":"ROCK","filename":"/levels/east_coast_usa/art/prefabs/eca_rocks_long_flat.prefab","rotationMatrix":[0.910135388,-0.412970036,-0.0333056003,-0.39750877,-0.847738385,-0.351178169,0.116791636,0.33285898,-0.935715914],"scale":[11.6577168,11.6577168,11.6577168]}
{"name":"eca_rocks_long_flat14","class":"Prefab","persistentId":"850c58c8-3a02-4ec8-ab5f-529a5400fa65","__parent":"Rocks","position":[-2751.97119,-1181.40002,2.73446655],"annotation":"ROCK","filename":"/levels/east_coast_usa/art/prefabs/eca_rocks_long_flat.prefab","rotationMatrix":[0.999162316,-0.0237772781,-0.0333056077,-0.0339728743,-0.935692191,-0.351178229,-0.0228137337,0.352015555,-0.935716152],"scale":[11.6577168,11.6577168,11.6577168]}
{"name":"eca_rocks_long_flat15","class":"Prefab","persistentId":"9395d5c7-9491-41a0-b73d-0a35b608bfb8","__parent":"Rocks","position":[-2922.07129,-1115.42126,2.73445892],"annotation":"ROCK","filename":"/levels/east_coast_usa/art/prefabs/eca_rocks_long_flat.prefab","rotationMatrix":[0.715225339,-0.694625854,0.0771205351,-0.638796926,-0.694498062,-0.331075072,0.283533394,0.187528908,-0.94044745],"scale":[11.6577168,11.6577168,11.6577168]}
{"name":"eca_rocks_long_flat16","class":"Prefab","persistentId":"099717d7-1df8-4dc9-b459-9184fe68a4fc","__parent":"Rocks","position":[-4200.10059,-1390.89148,-5.5788908],"annotation":"ROCK","filename":"/levels/east_coast_usa/art/prefabs/eca_rocks_long_flat.prefab","rotationMatrix":[0.458883166,0.888455272,-0.00856568664,-0.872400641,0.452375889,0.185129896,0.168354571,-0.0774802715,0.982676744],"scale":[31.8119125,31.8119125,31.8119125]}
{"name":"eca_rocks_long_flat17","class":"Prefab","persistentId":"f87a7384-6057-44ec-814a-d83bb9869252","__parent":"Rocks","position":[-4615.95703,-1454.37769,-5.5788908],"annotation":"ROCK","filename":"/levels/east_coast_usa/art/prefabs/eca_rocks_long_flat.prefab","rotationMatrix":[0.883786559,-0.467811823,-0.00856571645,0.461143136,0.867798328,0.185129866,-0.079172641,-0.167565301,0.982676744],"scale":[31.8119125,31.8119125,31.8119125]}
{"name":"eca_rocks_long_flat18","class":"Prefab","persistentId":"b5406e87-fedf-43ae-927b-bc6bd90b1242","__parent":"Rocks","position":[1808.95508,1942.43677,-3.43183899],"annotation":"ROCK","filename":"/levels/east_coast_usa/art/prefabs/eca_rocks_long_flat.prefab","rotationMatrix":[0.849097967,0.527849972,-0.0201738328,-0.519899189,0.841846704,0.14491038,0.0934742168,-0.112554744,0.989239097],"scale":[17.6978493,17.6978493,17.6978493]}
{"name":"eca_rocks_long_flat19","class":"Prefab","persistentId":"67d275be-a98a-4503-a6b9-9e629e7e5d0c","__parent":"Rocks","position":[1556.85632,1842.47351,-5.6289978],"annotation":"ROCK","filename":"/levels/east_coast_usa/art/prefabs/eca_rocks_long_flat.prefab","rotationMatrix":[0.978552222,0.202616632,0.0371753648,-0.205798805,0.969501734,0.133090958,-0.00907514431,-0.137887105,0.990406394],"scale":[17.6978493,17.6978493,17.6978493]}
{"name":"eca_rocks_long_flat20","class":"Prefab","persistentId":"4a37ceb2-6537-4a7e-928f-5f472fac24a1","__parent":"Rocks","position":[3030.11914,1838.54053,-2.27610302],"annotation":"ROCK","filename":"/levels/east_coast_usa/art/prefabs/eca_rocks_long_flat.prefab","rotationMatrix":[0.978552222,0.202616632,0.0371753648,-0.205798805,0.969501734,0.133090958,-0.00907514431,-0.137887105,0.990406394],"scale":[17.6978493,17.6978493,17.6978493]}
{"name":"eca_rocks_long_flat21","class":"Prefab","persistentId":"637d7103-1f59-44ad-b61a-84274637795f","__parent":"Rocks","position":[3282.21802,1938.50378,-0.0789442062],"annotation":"ROCK","filename":"/levels/east_coast_usa/art/prefabs/eca_rocks_long_flat.prefab","rotationMatrix":[0.849097967,0.527849972,-0.0201738328,-0.519899189,0.841846704,0.14491038,0.0934742168,-0.112554744,0.989239097],"scale":[17.6978493,17.6978493,17.6978493]}
{"name":"eca_rocks_long_flat22","class":"Prefab","persistentId":"0151cfb2-9c69-4a91-8205-0e2ae1d83d56","__parent":"Rocks","position":[3784.31665,2415.72754,-15.2712402],"annotation":"ROCK","filename":"/levels/east_coast_usa/art/prefabs/eca_rocks_long_flat.prefab","rotationMatrix":[0.835520923,0.548199594,0.0371753499,-0.547831357,0.82593435,0.133090898,0.0422559828,-0.131566063,0.990406394],"scale":[28.4900379,28.4900379,28.4900379]}
{"name":"eca_rocks_long_flat23","class":"Prefab","persistentId":"485fdc0a-db38-47c5-88d0-90c04405e5d3","__parent":"Rocks","position":[4102.55908,2714.58301,-11.7342663],"annotation":"ROCK","filename":"/levels/east_coast_usa/art/prefabs/eca_rocks_long_flat.prefab","rotationMatrix":[0.595558345,0.803058624,-0.0201738253,-0.792998672,0.591738105,0.144910365,0.12830916,-0.0703047514,0.989239097],"scale":[28.4900379,28.4900379,28.4900379]}
{"name":"eca_rocks_long_flat24","class":"Prefab","persistentId":"7f4e9740-4b20-4f0a-9a57-77870d23a488","__parent":"Rocks","position":[5159.97852,3994.2478,-11.6460915],"annotation":"ROCK","filename":"/levels/east_coast_usa/art/prefabs/eca_rocks_long_flat.prefab","rotationMatrix":[0.957821667,0.287050068,0.0134139517,-0.285312831,0.944384098,0.16350919,0.0342674032,-0.160439819,0.986450613],"scale":[28.4900379,28.4900379,28.4900379]}
{"name":"eca_rocks_long_flat25","class":"Prefab","persistentId":"f803b3f3-9f49-4924-b331-a426dea35d3f","__parent":"Rocks","position":[5504.97021,4213.87158,-12.7925482],"annotation":"ROCK","filename":"/levels/east_coast_usa/art/prefabs/eca_rocks_long_flat.prefab","rotationMatrix":[0.595558405,0.803303719,0.00364404917,-0.792998672,0.587181687,0.162390456,0.128309146,-0.0996027142,0.986719847],"scale":[28.4900379,28.4900379,28.4900379]}
{"name":"eca_rocks_long_flat26","class":"Prefab","persistentId":"f66aba40-5cc2-4561-a2ed-8460d667c959","__parent":"Rocks","position":[4552.22119,3714.50146,-9.99983025],"annotation":"ROCK","filename":"/levels/east_coast_usa/art/prefabs/eca_rocks_long_flat.prefab","rotationMatrix":[0.452594936,0.891708732,0.00364404172,-0.880146265,0.446062624,0.162390426,0.143179506,-0.076704368,0.986719847],"scale":[23.0521469,23.0521469,23.0521469]}
{"name":"eca_rocks_long_flat27","class":"Prefab","persistentId":"99aab4c9-45ef-4b5d-a0ef-e3df59a67868","__parent":"Rocks","position":[4306.78564,3492.55225,-9.07215691],"annotation":"ROCK","filename":"/levels/east_coast_usa/art/prefabs/eca_rocks_long_flat.prefab","rotationMatrix":[0.89621067,0.443425864,0.0134139452,-0.439462453,0.883253932,0.16350916,0.0606562793,-0.152433574,0.986450613],"scale":[23.0521469,23.0521469,23.0521469]}
{"name":"eca_rocks_long_flat28","class":"Prefab","persistentId":"66f6ba78-560e-4ba8-93ad-80ddcd2fc6d5","__parent":"Rocks","position":[1223.58264,1634.37646,-9.26198196],"annotation":"ROCK","filename":"/levels/east_coast_usa/art/prefabs/eca_rocks_long_flat.prefab","rotationMatrix":[0.270521224,0.962707043,0.00364404172,-0.950094819,0.266362488,0.162390411,0.155363768,-0.0473922156,0.986719847],"scale":[23.0521469,23.0521469,23.0521469]}
{"name":"eca_rocks_long_flat29","class":"Prefab","persistentId":"6f9506d8-20b3-41b3-927b-ecd8a5102ec5","__parent":"Rocks","position":[-6169.78223,-2154.94336,-2.1151576],"annotation":"ROCK","filename":"/levels/east_coast_usa/art/prefabs/eca_rocks_long_flat.prefab","rotationMatrix":[0.79126668,0.611138284,-0.0201738365,-0.602493942,0.784857988,0.14491035,0.10439387,-0.102508113,0.989239097],"scale":[28.975584,28.975584,28.975584]}
{"name":"eca_rocks_long_flat30","class":"Prefab","persistentId":"6dfc4fbc-427e-48ca-bcee-477e59e46029","__parent":"Rocks","position":[-6523.66895,-2219.09229,-11.0286312],"annotation":"ROCK","filename":"/levels/east_coast_usa/art/prefabs/eca_rocks_long_flat.prefab","rotationMatrix":[0.929181874,-0.368579656,0.0277497619,0.347679466,0.897035301,0.272849113,-0.125459164,-0.243878439,0.96165657],"scale":[28.975584,28.975584,28.975584]}
{"name":"eca_rocks_long_flat31","class":"Prefab","persistentId":"5255f529-c000-4f6a-8f35-c72a1150cb72","__parent":"Rocks","position":[-5975.74121,-1795.05127,-9.50453186],"annotation":"ROCK","filename":"/levels/east_coast_usa/art/prefabs/eca_rocks_long_flat.prefab","rotationMatrix":[-0.086083293,0.996083677,-0.020173844,-0.986017883,-0.0822784901,0.144910336,0.142682955,0.0323661342,0.989239097],"scale":[28.975584,28.975584,28.975584]}
