{"class":"TSStatic","persistentId":"188cfec7-dc3c-44dc-b6db-1ee55ceed2d8","__parent":"bridge_guardrail","position":[-0.0923225135,580.342407,135.054199],"isRenderEnabled":false,"rotationMatrix":[-0.0990941525,0.995078146,1.33997436e-16,-0.995078146,-0.0990941525,1.09726402e-16,1.22464685e-16,-1.22464685e-16,1],"shapeName":"/levels/automation_test_track/art/shapes/objects/guardrail_bridge.dae","useInstanceRenderData":true}
{"class":"TSStatic","persistentId":"711e7a01-d75b-4b4e-a251-41c49323ba86","__parent":"bridge_guardrail","position":[-0.287647426,582.303772,135.054199],"isRenderEnabled":false,"rotationMatrix":[-0.0990941525,0.995078146,1.33997436e-16,-0.995078146,-0.0990941525,1.09726402e-16,1.22464685e-16,-1.22464685e-16,1],"shapeName":"/levels/automation_test_track/art/shapes/objects/guardrail_bridge.dae","useInstanceRenderData":true}
{"class":"TSStatic","persistentId":"62d38c73-ae3a-4174-a062-d1085fd3fb5c","__parent":"bridge_guardrail","position":[-0.482971817,584.265198,135.054199],"isRenderEnabled":false,"rotationMatrix":[-0.0990935564,0.995078146,1.33997383e-16,-0.995078146,-0.0990935564,1.09726461e-16,1.22464685e-16,-1.22464672e-16,1],"shapeName":"/levels/automation_test_track/art/shapes/objects/guardrail_bridge.dae","useInstanceRenderData":true}
{"class":"TSStatic","persistentId":"712d44b9-478d-4269-a895-7b631f0f7889","__parent":"bridge_guardrail","position":[-0.678295732,586.226624,135.054199],"isRenderEnabled":false,"rotationMatrix":[-0.0990935564,0.995078146,1.33997383e-16,-0.995078146,-0.0990935564,1.09726461e-16,1.22464685e-16,-1.22464672e-16,1],"shapeName":"/levels/automation_test_track/art/shapes/objects/guardrail_bridge.dae","useInstanceRenderData":true}
{"class":"TSStatic","persistentId":"dd79bf3e-5891-45e5-a8d2-8bb520e2339c","__parent":"bridge_guardrail","position":[-0.873619556,588.187988,135.054199],"isRenderEnabled":false,"rotationMatrix":[-0.0990935564,0.995078146,1.33997383e-16,-0.995078146,-0.0990935564,1.09726461e-16,1.22464685e-16,-1.22464672e-16,1],"shapeName":"/levels/automation_test_track/art/shapes/objects/guardrail_bridge.dae","useInstanceRenderData":true}
{"class":"TSStatic","persistentId":"1d5e22d0-4e3f-4faa-b32f-1a52b3299dc8","__parent":"bridge_guardrail","position":[-1.06894243,590.149414,135.054199],"isRenderEnabled":false,"rotationMatrix":[-0.0990928411,0.995078206,1.33997304e-16,-0.995078206,-0.0990928411,1.0972656e-16,1.22464685e-16,-1.22464685e-16,1],"shapeName":"/levels/automation_test_track/art/shapes/objects/guardrail_bridge.dae","useInstanceRenderData":true}
{"class":"TSStatic","persistentId":"f83db415-12ee-4d50-adc6-3ec6c329176f","__parent":"bridge_guardrail","position":[-1.26426494,592.11084,135.054199],"isRenderEnabled":false,"rotationMatrix":[-0.0990928411,0.995078206,1.33997304e-16,-0.995078206,-0.0990928411,1.0972656e-16,1.22464685e-16,-1.22464685e-16,1],"shapeName":"/levels/automation_test_track/art/shapes/objects/guardrail_bridge.dae","useInstanceRenderData":true}
{"class":"TSStatic","persistentId":"a58675df-2ddf-47df-8ac3-b220353264f7","__parent":"bridge_guardrail","position":[-1.45958745,594.072205,135.054199],"isRenderEnabled":false,"rotationMatrix":[-0.0990928411,0.995078206,1.33997304e-16,-0.995078206,-0.0990928411,1.0972656e-16,1.22464685e-16,-1.22464685e-16,1],"shapeName":"/levels/automation_test_track/art/shapes/objects/guardrail_bridge.dae","useInstanceRenderData":true}
{"class":"TSStatic","persistentId":"ca17794d-6351-4a87-95d0-eb527c051979","__parent":"bridge_guardrail","position":[-1.65491009,596.03363,135.054199],"isRenderEnabled":false,"rotationMatrix":[-0.0990928411,0.995078206,1.33997304e-16,-0.995078206,-0.0990928411,1.0972656e-16,1.22464685e-16,-1.22464685e-16,1],"shapeName":"/levels/automation_test_track/art/shapes/objects/guardrail_bridge.dae","useInstanceRenderData":true}
{"class":"TSStatic","persistentId":"793cf550-e6bd-46ca-8553-0e68b620ce94","__parent":"bridge_guardrail","position":[-1.8502326,597.995056,135.054199],"isRenderEnabled":false,"rotationMatrix":[-0.0990928411,0.995078206,1.33997304e-16,-0.995078206,-0.0990928411,1.0972656e-16,1.22464685e-16,-1.22464685e-16,1],"shapeName":"/levels/automation_test_track/art/shapes/objects/guardrail_bridge.dae","useInstanceRenderData":true}
{"class":"TSStatic","persistentId":"44d3777f-85dc-42a8-a342-653065ef92fb","__parent":"bridge_guardrail","position":[-2.04555511,599.956482,135.054199],"isRenderEnabled":false,"rotationMatrix":[-0.0990928411,0.995078206,1.33997304e-16,-0.995078206,-0.0990928411,1.0972656e-16,1.22464685e-16,-1.22464685e-16,1],"shapeName":"/levels/automation_test_track/art/shapes/objects/guardrail_bridge.dae","useInstanceRenderData":true}
{"class":"TSStatic","persistentId":"355dcd58-b7ae-4aa8-87f8-154ff0b1e985","__parent":"bridge_guardrail","position":[-2.24087787,601.917847,135.054199],"isRenderEnabled":false,"rotationMatrix":[-0.0990928411,0.995078206,1.33997304e-16,-0.995078206,-0.0990928411,1.0972656e-16,1.22464685e-16,-1.22464685e-16,1],"shapeName":"/levels/automation_test_track/art/shapes/objects/guardrail_bridge.dae","useInstanceRenderData":true}
{"class":"TSStatic","persistentId":"e56c658a-13b1-4cfa-bae0-c044925f6636","__parent":"bridge_guardrail","position":[-2.43620133,603.879272,135.054199],"isRenderEnabled":false,"rotationMatrix":[-0.0990934372,0.995078146,1.33997356e-16,-0.995078146,-0.0990934372,1.09726488e-16,1.22464685e-16,-1.22464672e-16,1],"shapeName":"/levels/automation_test_track/art/shapes/objects/guardrail_bridge.dae","useInstanceRenderData":true}
{"class":"TSStatic","persistentId":"22f9f3b4-bed8-4dc9-a57a-fb7ce47e6fd3","__parent":"bridge_guardrail","position":[-2.6315248,605.840698,135.054199],"isRenderEnabled":false,"rotationMatrix":[-0.0990934372,0.995078146,1.33997356e-16,-0.995078146,-0.0990934372,1.09726488e-16,1.22464685e-16,-1.22464672e-16,1],"shapeName":"/levels/automation_test_track/art/shapes/objects/guardrail_bridge.dae","useInstanceRenderData":true}
{"class":"TSStatic","persistentId":"8295b095-5cb1-4b11-b67c-17febade9d12","__parent":"bridge_guardrail","position":[-2.82684851,607.802063,135.054199],"isRenderEnabled":false,"rotationMatrix":[-0.0990934372,0.995078146,1.33997356e-16,-0.995078146,-0.0990934372,1.09726488e-16,1.22464685e-16,-1.22464672e-16,1],"shapeName":"/levels/automation_test_track/art/shapes/objects/guardrail_bridge.dae","useInstanceRenderData":true}
{"class":"TSStatic","persistentId":"20d27d77-6e2a-47a1-b9e4-c43cfde6f773","__parent":"bridge_guardrail","position":[-3.02217197,609.763489,135.054199],"isRenderEnabled":false,"rotationMatrix":[-0.0990934372,0.995078087,1.3399737e-16,-0.995078087,-0.0990934372,1.09726468e-16,1.22464672e-16,-1.22464672e-16,1],"shapeName":"/levels/automation_test_track/art/shapes/objects/guardrail_bridge.dae","useInstanceRenderData":true}
{"class":"TSStatic","persistentId":"f11d8573-0f0f-4961-98c0-d78e6a167816","__parent":"bridge_guardrail","position":[-3.21749592,611.724915,135.054199],"isRenderEnabled":false,"rotationMatrix":[-0.0990934372,0.995078087,1.3399737e-16,-0.995078087,-0.0990934372,1.09726468e-16,1.22464672e-16,-1.22464672e-16,1],"shapeName":"/levels/automation_test_track/art/shapes/objects/guardrail_bridge.dae","useInstanceRenderData":true}
{"class":"TSStatic","persistentId":"4f27d1c8-1429-473e-b1d4-ca7ea42dae36","__parent":"bridge_guardrail","position":[-3.41281962,613.686279,135.054199],"isRenderEnabled":false,"rotationMatrix":[-0.0990934372,0.995078087,1.3399737e-16,-0.995078087,-0.0990934372,1.09726468e-16,1.22464672e-16,-1.22464672e-16,1],"shapeName":"/levels/automation_test_track/art/shapes/objects/guardrail_bridge.dae","useInstanceRenderData":true}
{"class":"TSStatic","persistentId":"b622af99-6ac1-4cb9-a67f-9b2206667dff","__parent":"bridge_guardrail","position":[-3.60814333,615.647705,135.054199],"isRenderEnabled":false,"rotationMatrix":[-0.0990934372,0.995078087,1.3399737e-16,-0.995078087,-0.0990934372,1.09726468e-16,1.22464672e-16,-1.22464672e-16,1],"shapeName":"/levels/automation_test_track/art/shapes/objects/guardrail_bridge.dae","useInstanceRenderData":true}
{"class":"TSStatic","persistentId":"6d234f1f-8538-4a40-9bfc-bf0dee8e6625","__parent":"bridge_guardrail","position":[-3.80346704,617.609131,135.054199],"isRenderEnabled":false,"rotationMatrix":[-0.0990924835,0.995078206,1.33997264e-16,-0.995078206,-0.0990924835,1.09726594e-16,1.22464672e-16,-1.22464672e-16,1],"shapeName":"/levels/automation_test_track/art/shapes/objects/guardrail_bridge.dae","useInstanceRenderData":true}
{"class":"TSStatic","persistentId":"725b47a3-0691-4146-9905-0da2b174a6e6","__parent":"bridge_guardrail","position":[-3.99878883,619.570496,135.054199],"isRenderEnabled":false,"rotationMatrix":[-0.0990924835,0.995078206,1.33997264e-16,-0.995078206,-0.0990924835,1.09726594e-16,1.22464672e-16,-1.22464672e-16,1],"shapeName":"/levels/automation_test_track/art/shapes/objects/guardrail_bridge.dae","useInstanceRenderData":true}
{"class":"TSStatic","persistentId":"91792439-7819-44bf-908f-4ff3bbcdfd39","__parent":"bridge_guardrail","position":[-4.19411087,621.531921,135.054199],"isRenderEnabled":false,"rotationMatrix":[-0.0990924835,0.995078206,1.33997264e-16,-0.995078206,-0.0990924835,1.09726594e-16,1.22464672e-16,-1.22464672e-16,1],"shapeName":"/levels/automation_test_track/art/shapes/objects/guardrail_bridge.dae","useInstanceRenderData":true}
{"class":"TSStatic","persistentId":"6aadfc21-94a1-4231-8659-49bd0f2a92ab","__parent":"bridge_guardrail","position":[-4.38943243,623.493347,135.054199],"isRenderEnabled":false,"rotationMatrix":[-0.0990924835,0.995078206,1.33997264e-16,-0.995078206,-0.0990924835,1.09726594e-16,1.22464672e-16,-1.22464672e-16,1],"shapeName":"/levels/automation_test_track/art/shapes/objects/guardrail_bridge.dae","useInstanceRenderData":true}
{"class":"TSStatic","persistentId":"3ba34aed-858d-4326-88ba-ed47abab1226","__parent":"bridge_guardrail","position":[-4.58475494,625.454712,135.054199],"isRenderEnabled":false,"rotationMatrix":[-0.0990928411,0.995078206,1.33997304e-16,-0.995078206,-0.0990928411,1.09726554e-16,1.22464685e-16,-1.22464685e-16,1],"shapeName":"/levels/automation_test_track/art/shapes/objects/guardrail_bridge.dae","useInstanceRenderData":true}
{"class":"TSStatic","persistentId":"9de9df3d-d384-4564-b735-fde40b747275","__parent":"bridge_guardrail","position":[-4.78007746,627.416138,135.054199],"isRenderEnabled":false,"rotationMatrix":[-0.0990928411,0.995078206,1.33997304e-16,-0.995078206,-0.0990928411,1.09726554e-16,1.22464685e-16,-1.22464685e-16,1],"shapeName":"/levels/automation_test_track/art/shapes/objects/guardrail_bridge.dae","useInstanceRenderData":true}
{"class":"TSStatic","persistentId":"33fb0a13-86a8-4b54-a6c7-a2073f9fcf71","__parent":"bridge_guardrail","position":[-4.97539997,629.377563,135.054199],"isRenderEnabled":false,"rotationMatrix":[-0.0990928411,0.995078206,1.33997304e-16,-0.995078206,-0.0990928411,1.09726554e-16,1.22464685e-16,-1.22464685e-16,1],"shapeName":"/levels/automation_test_track/art/shapes/objects/guardrail_bridge.dae","useInstanceRenderData":true}
{"class":"TSStatic","persistentId":"ad274bdf-303b-40f4-b5a9-b264756a7f36","__parent":"bridge_guardrail","position":[-5.17072248,631.338928,135.054199],"isRenderEnabled":false,"rotationMatrix":[-0.0990928411,0.995078206,1.33997304e-16,-0.995078206,-0.0990928411,1.09726554e-16,1.22464685e-16,-1.22464685e-16,1],"shapeName":"/levels/automation_test_track/art/shapes/objects/guardrail_bridge.dae","useInstanceRenderData":true}
{"class":"TSStatic","persistentId":"d7458504-42d5-44e6-9c0f-0bfc813f07e7","__parent":"bridge_guardrail","position":[-5.36604738,633.300354,135.054199],"isRenderEnabled":false,"rotationMatrix":[-0.0990946293,0.995078027,1.33997515e-16,-0.995078027,-0.0990946293,1.09726322e-16,1.22464685e-16,-1.22464672e-16,1],"shapeName":"/levels/automation_test_track/art/shapes/objects/guardrail_bridge.dae","useInstanceRenderData":true}
{"class":"TSStatic","persistentId":"37bdcc5b-dba7-499e-a6d3-390211a90d88","__parent":"bridge_guardrail","position":[-5.56137323,635.26178,135.054199],"isRenderEnabled":false,"rotationMatrix":[-0.0990946293,0.995078027,1.33997515e-16,-0.995078027,-0.0990946293,1.09726322e-16,1.22464685e-16,-1.22464672e-16,1],"shapeName":"/levels/automation_test_track/art/shapes/objects/guardrail_bridge.dae","useInstanceRenderData":true}
{"class":"TSStatic","persistentId":"abcfec4b-f09c-40ee-bbe3-3717a20228ca","__parent":"bridge_guardrail","position":[-5.75669956,637.223145,135.054199],"isRenderEnabled":false,"rotationMatrix":[-0.0990946293,0.995078027,1.33997515e-16,-0.995078027,-0.0990946293,1.09726322e-16,1.22464685e-16,-1.22464672e-16,1],"shapeName":"/levels/automation_test_track/art/shapes/objects/guardrail_bridge.dae","useInstanceRenderData":true}
{"class":"TSStatic","persistentId":"17324015-3d33-4de8-81a9-7a08b81a40c2","__parent":"bridge_guardrail","position":[-5.95202398,639.18457,135.054199],"isRenderEnabled":false,"rotationMatrix":[-0.0990924835,0.995078206,1.33997264e-16,-0.995078206,-0.0990924835,1.09726594e-16,1.22464672e-16,-1.22464672e-16,1],"shapeName":"/levels/automation_test_track/art/shapes/objects/guardrail_bridge.dae","useInstanceRenderData":true}
{"class":"TSStatic","persistentId":"6fea3d20-eb94-44d4-be60-6e6056911184","__parent":"bridge_guardrail","position":[-6.14734602,641.145996,135.054199],"isRenderEnabled":false,"rotationMatrix":[-0.0990924835,0.995078206,1.33997264e-16,-0.995078206,-0.0990924835,1.09726594e-16,1.22464672e-16,-1.22464672e-16,1],"shapeName":"/levels/automation_test_track/art/shapes/objects/guardrail_bridge.dae","useInstanceRenderData":true}
{"class":"TSStatic","persistentId":"cd8e362b-237d-42c3-8f17-9fb2f640661b","__parent":"bridge_guardrail","position":[-6.34266806,643.107361,135.054199],"isRenderEnabled":false,"rotationMatrix":[-0.0990924835,0.995078206,1.33997264e-16,-0.995078206,-0.0990924835,1.09726594e-16,1.22464672e-16,-1.22464672e-16,1],"shapeName":"/levels/automation_test_track/art/shapes/objects/guardrail_bridge.dae","useInstanceRenderData":true}
{"class":"TSStatic","persistentId":"c956da2d-1fc8-4efe-881f-ee83dd482c7f","__parent":"bridge_guardrail","position":[-6.53799152,645.068787,135.054199],"isRenderEnabled":false,"rotationMatrix":[-0.0990937948,0.995078087,1.33997409e-16,-0.995078087,-0.0990937948,1.09726428e-16,1.22464685e-16,-1.22464672e-16,1],"shapeName":"/levels/automation_test_track/art/shapes/objects/guardrail_bridge.dae","useInstanceRenderData":true}
{"class":"TSStatic","persistentId":"c5d9f919-675b-478c-85f6-f1496a10d40c","__parent":"bridge_guardrail","position":[-6.73331594,647.030212,135.054199],"isRenderEnabled":false,"rotationMatrix":[-0.0990937948,0.995078087,1.33997409e-16,-0.995078087,-0.0990937948,1.09726428e-16,1.22464685e-16,-1.22464672e-16,1],"shapeName":"/levels/automation_test_track/art/shapes/objects/guardrail_bridge.dae","useInstanceRenderData":true}
{"class":"TSStatic","persistentId":"38e29f4c-44d8-4ea4-af8c-1416a2e7f235","__parent":"bridge_guardrail","position":[-5.49960518,648.134644,135.054199],"isRenderEnabled":false,"rotationMatrix":[0.995768666,0.0918954536,-1.10692542e-16,-0.0918954536,0.995768666,1.33200431e-16,1.22464685e-16,-1.22464685e-16,1],"scale":[1.08391643,1,1],"shapeName":"/levels/automation_test_track/art/shapes/objects/guardrail_bridge.dae","useInstanceRenderData":true}
{"class":"TSStatic","persistentId":"08233a4f-1ed6-4f22-bcd2-13219d46eccf","__parent":"bridge_guardrail","position":[-3.42114091,648.326477,135.054199],"isRenderEnabled":false,"rotationMatrix":[0.995768666,0.0918954536,-1.10692542e-16,-0.0918954536,0.995768666,1.33200431e-16,1.22464685e-16,-1.22464685e-16,1],"shapeName":"/levels/automation_test_track/art/shapes/objects/guardrail_bridge.dae","useInstanceRenderData":true}
{"class":"TSStatic","persistentId":"ad40dcd1-d0db-47a5-be38-d5182b58b990","__parent":"bridge_guardrail","position":[-1.45837438,648.507568,135.054199],"isRenderEnabled":false,"rotationMatrix":[0.995768666,0.0918954536,-1.10692542e-16,-0.0918954536,0.995768666,1.33200431e-16,1.22464685e-16,-1.22464685e-16,1],"shapeName":"/levels/automation_test_track/art/shapes/objects/guardrail_bridge.dae","useInstanceRenderData":true}
{"class":"TSStatic","persistentId":"6b173ce3-fee9-463a-be6c-a09f9f5b3cfb","__parent":"bridge_guardrail","position":[0.504392207,648.688721,135.054199],"isRenderEnabled":false,"rotationMatrix":[0.995768666,0.0918954536,-1.10692542e-16,-0.0918954536,0.995768666,1.33200431e-16,1.22464685e-16,-1.22464685e-16,1],"shapeName":"/levels/automation_test_track/art/shapes/objects/guardrail_bridge.dae","useInstanceRenderData":true}
{"class":"TSStatic","persistentId":"677082ae-eeab-46e3-9a5f-ca6aa308a818","__parent":"bridge_guardrail","position":[2.46715879,648.869873,135.054199],"isRenderEnabled":false,"rotationMatrix":[0.995768666,0.0918954536,-1.10692542e-16,-0.0918954536,0.995768666,1.33200431e-16,1.22464685e-16,-1.22464685e-16,1],"shapeName":"/levels/automation_test_track/art/shapes/objects/guardrail_bridge.dae","useInstanceRenderData":true}
{"class":"TSStatic","persistentId":"d3d1e1bd-2f4f-4d2b-bd3f-c899415ab201","__parent":"bridge_guardrail","position":[4.42992496,649.051025,135.054199],"isRenderEnabled":false,"rotationMatrix":[0.995768487,0.0918973535,-1.10692284e-16,-0.0918973535,0.995768487,1.33200643e-16,1.22464672e-16,-1.22464685e-16,1],"shapeName":"/levels/automation_test_track/art/shapes/objects/guardrail_bridge.dae","useInstanceRenderData":true}
{"class":"TSStatic","persistentId":"e1aa56ba-ca8e-42c2-a71f-fdd94a79d811","__parent":"bridge_guardrail","position":[6.39269114,649.232117,135.054199],"isRenderEnabled":false,"rotationMatrix":[0.995768487,0.0918973535,-1.10692284e-16,-0.0918973535,0.995768487,1.33200643e-16,1.22464672e-16,-1.22464685e-16,1],"shapeName":"/levels/automation_test_track/art/shapes/objects/guardrail_bridge.dae","useInstanceRenderData":true}
{"class":"TSStatic","persistentId":"d0a9ce61-94ee-4cb3-9abb-5be35300d412","__parent":"bridge_guardrail","position":[8.35545731,649.413269,135.054199],"isRenderEnabled":false,"rotationMatrix":[0.995768487,0.0918973535,-1.10692284e-16,-0.0918973535,0.995768487,1.33200643e-16,1.22464672e-16,-1.22464685e-16,1],"shapeName":"/levels/automation_test_track/art/shapes/objects/guardrail_bridge.dae","useInstanceRenderData":true}
{"class":"TSStatic","persistentId":"560374a2-4fc2-4282-9e7d-784b083b191b","__parent":"bridge_guardrail","position":[10.318224,649.594421,135.054199],"isRenderEnabled":false,"rotationMatrix":[0.995768487,0.0918973535,-1.10692284e-16,-0.0918973535,0.995768487,1.33200643e-16,1.22464672e-16,-1.22464685e-16,1],"shapeName":"/levels/automation_test_track/art/shapes/objects/guardrail_bridge.dae","useInstanceRenderData":true}
{"class":"TSStatic","persistentId":"939e1639-2a52-4408-93c6-54860e71ff99","__parent":"bridge_guardrail","position":[12.2809896,649.775574,135.054199],"isRenderEnabled":false,"rotationMatrix":[0.995768487,0.0918973535,-1.10692284e-16,-0.0918973535,0.995768487,1.33200643e-16,1.22464672e-16,-1.22464685e-16,1],"shapeName":"/levels/automation_test_track/art/shapes/objects/guardrail_bridge.dae","useInstanceRenderData":true}
{"class":"TSStatic","persistentId":"43a08440-2043-4cb9-92fd-871b5984a2c7","__parent":"bridge_guardrail","position":[14.2437563,649.956665,135.054199],"isRenderEnabled":false,"rotationMatrix":[0.995768487,0.0918973535,-1.10692284e-16,-0.0918973535,0.995768487,1.33200643e-16,1.22464672e-16,-1.22464685e-16,1],"shapeName":"/levels/automation_test_track/art/shapes/objects/guardrail_bridge.dae","useInstanceRenderData":true}
{"class":"TSStatic","persistentId":"e4540732-0b3a-44b9-8e5e-c99e58f878ea","__parent":"bridge_guardrail","position":[16.206522,650.137817,135.054199],"isRenderEnabled":false,"rotationMatrix":[0.995768666,0.091895245,-1.10692575e-16,-0.091895245,0.995768666,1.33200418e-16,1.22464685e-16,-1.22464672e-16,1],"shapeName":"/levels/automation_test_track/art/shapes/objects/guardrail_bridge.dae","useInstanceRenderData":true}
{"class":"TSStatic","persistentId":"e1e0cf46-69ce-4810-8ce6-854dc4328327","__parent":"bridge_guardrail","position":[18.1692886,650.31897,135.054199],"isRenderEnabled":false,"rotationMatrix":[0.995768666,0.091895245,-1.10692575e-16,-0.091895245,0.995768666,1.33200418e-16,1.22464685e-16,-1.22464672e-16,1],"shapeName":"/levels/automation_test_track/art/shapes/objects/guardrail_bridge.dae","useInstanceRenderData":true}
{"class":"TSStatic","persistentId":"966f77e5-4e97-42ba-a79d-7e39463a2a36","__parent":"bridge_guardrail","position":[20.1320553,650.500122,135.054199],"isRenderEnabled":false,"rotationMatrix":[0.995768666,0.091895245,-1.10692575e-16,-0.091895245,0.995768666,1.33200418e-16,1.22464685e-16,-1.22464672e-16,1],"shapeName":"/levels/automation_test_track/art/shapes/objects/guardrail_bridge.dae","useInstanceRenderData":true}
{"class":"TSStatic","persistentId":"2e9beecc-44c3-4627-a05a-3f40b8aa1c08","__parent":"bridge_guardrail","position":[22.0948219,650.681213,135.054199],"isRenderEnabled":false,"rotationMatrix":[0.995768666,0.091895245,-1.10692575e-16,-0.091895245,0.995768666,1.33200418e-16,1.22464685e-16,-1.22464672e-16,1],"shapeName":"/levels/automation_test_track/art/shapes/objects/guardrail_bridge.dae","useInstanceRenderData":true}
{"class":"TSStatic","persistentId":"8dc917e0-72f8-436f-9656-95699afd44b2","__parent":"bridge_guardrail","position":[24.0575886,650.862366,135.054199],"isRenderEnabled":false,"rotationMatrix":[0.995768666,0.091895245,-1.10692575e-16,-0.091895245,0.995768666,1.33200418e-16,1.22464685e-16,-1.22464672e-16,1],"shapeName":"/levels/automation_test_track/art/shapes/objects/guardrail_bridge.dae","useInstanceRenderData":true}
{"class":"TSStatic","persistentId":"40d53604-feca-4b33-aed6-f6a216d88ec1","__parent":"bridge_guardrail","position":[26.0203552,651.043518,135.054199],"isRenderEnabled":false,"rotationMatrix":[0.995768666,0.091895245,-1.10692575e-16,-0.091895245,0.995768666,1.33200418e-16,1.22464685e-16,-1.22464672e-16,1],"shapeName":"/levels/automation_test_track/art/shapes/objects/guardrail_bridge.dae","useInstanceRenderData":true}
{"class":"TSStatic","persistentId":"53ac0a69-62df-414d-8481-58000e770f20","__parent":"bridge_guardrail","position":[27.9831219,651.22467,135.054199],"isRenderEnabled":false,"rotationMatrix":[0.995768666,0.091895245,-1.10692575e-16,-0.091895245,0.995768666,1.33200418e-16,1.22464685e-16,-1.22464672e-16,1],"shapeName":"/levels/automation_test_track/art/shapes/objects/guardrail_bridge.dae","useInstanceRenderData":true}
{"class":"TSStatic","persistentId":"0d0d0d41-8db7-4fae-b191-6a491382bbe4","__parent":"bridge_guardrail","position":[29.9458885,651.405762,135.054199],"isRenderEnabled":false,"rotationMatrix":[0.995768666,0.091895245,-1.10692575e-16,-0.091895245,0.995768666,1.33200418e-16,1.22464685e-16,-1.22464672e-16,1],"shapeName":"/levels/automation_test_track/art/shapes/objects/guardrail_bridge.dae","useInstanceRenderData":true}
{"class":"TSStatic","persistentId":"c05dc7fa-c9c1-4833-ad61-caf6d89def74","__parent":"bridge_guardrail","position":[31.9086552,651.586914,135.054199],"isRenderEnabled":false,"rotationMatrix":[0.995768487,0.0918975919,-1.10692257e-16,-0.0918975919,0.995768487,1.33200669e-16,1.22464685e-16,-1.22464685e-16,1],"shapeName":"/levels/automation_test_track/art/shapes/objects/guardrail_bridge.dae","useInstanceRenderData":true}
{"class":"TSStatic","persistentId":"faa64a60-bbc9-4862-bd3a-b6bfa8d30fe6","__parent":"bridge_guardrail","position":[33.8714218,651.768066,135.054199],"isRenderEnabled":false,"rotationMatrix":[0.995768487,0.0918975919,-1.10692257e-16,-0.0918975919,0.995768487,1.33200669e-16,1.22464685e-16,-1.22464685e-16,1],"shapeName":"/levels/automation_test_track/art/shapes/objects/guardrail_bridge.dae","useInstanceRenderData":true}
{"class":"TSStatic","persistentId":"2b34c77d-dee4-4667-991f-9ab0f48aa27a","__parent":"bridge_guardrail","position":[35.8341866,651.949219,135.054199],"isRenderEnabled":false,"rotationMatrix":[0.995768487,0.0918975919,-1.10692257e-16,-0.0918975919,0.995768487,1.33200669e-16,1.22464685e-16,-1.22464685e-16,1],"shapeName":"/levels/automation_test_track/art/shapes/objects/guardrail_bridge.dae","useInstanceRenderData":true}
{"class":"TSStatic","persistentId":"5c7bc3f6-cf20-4f78-ae40-364cd429d7f2","__parent":"bridge_guardrail","position":[37.7969513,652.13031,135.054199],"isRenderEnabled":false,"rotationMatrix":[0.995768487,0.0918975919,-1.10692257e-16,-0.0918975919,0.995768487,1.33200669e-16,1.22464685e-16,-1.22464685e-16,1],"shapeName":"/levels/automation_test_track/art/shapes/objects/guardrail_bridge.dae","useInstanceRenderData":true}
{"class":"TSStatic","persistentId":"b24d767f-b1f7-4ddd-b879-e4cc7e7c9663","__parent":"bridge_guardrail","position":[39.7597198,652.311462,135.054199],"isRenderEnabled":false,"rotationMatrix":[0.995768487,0.0918975919,-1.10692257e-16,-0.0918975919,0.995768487,1.33200669e-16,1.22464685e-16,-1.22464685e-16,1],"shapeName":"/levels/automation_test_track/art/shapes/objects/guardrail_bridge.dae","useInstanceRenderData":true}
{"class":"TSStatic","persistentId":"ddf8defd-57e1-4349-9e73-4cb8f6b627d8","__parent":"bridge_guardrail","position":[41.7224846,652.492615,135.054199],"isRenderEnabled":false,"rotationMatrix":[0.995768487,0.0918975919,-1.10692257e-16,-0.0918975919,0.995768487,1.33200669e-16,1.22464685e-16,-1.22464685e-16,1],"shapeName":"/levels/automation_test_track/art/shapes/objects/guardrail_bridge.dae","useInstanceRenderData":true}
{"class":"TSStatic","persistentId":"e39fe394-20d4-4bf2-8df3-07b31df2af23","__parent":"bridge_guardrail","position":[43.6852531,652.673767,135.054199],"isRenderEnabled":false,"rotationMatrix":[0.995768487,0.0918975919,-1.10692257e-16,-0.0918975919,0.995768487,1.33200669e-16,1.22464685e-16,-1.22464685e-16,1],"shapeName":"/levels/automation_test_track/art/shapes/objects/guardrail_bridge.dae","useInstanceRenderData":true}
{"class":"TSStatic","persistentId":"38d99529-bee9-40d5-9056-1aca5b4efc73","__parent":"bridge_guardrail","position":[45.6480179,652.854919,135.054199],"isRenderEnabled":false,"rotationMatrix":[0.995768487,0.0918975919,-1.10692257e-16,-0.0918975919,0.995768487,1.33200669e-16,1.22464685e-16,-1.22464685e-16,1],"shapeName":"/levels/automation_test_track/art/shapes/objects/guardrail_bridge.dae","useInstanceRenderData":true}
{"class":"TSStatic","persistentId":"706999ce-ca1f-4eb3-b0ea-014cee5390bd","__parent":"bridge_guardrail","position":[47.6107826,653.036011,135.054199],"isRenderEnabled":false,"rotationMatrix":[0.995768487,0.0918975919,-1.10692257e-16,-0.0918975919,0.995768487,1.33200669e-16,1.22464685e-16,-1.22464685e-16,1],"shapeName":"/levels/automation_test_track/art/shapes/objects/guardrail_bridge.dae","useInstanceRenderData":true}
{"class":"TSStatic","persistentId":"11125369-f436-4c83-92e9-a7d40b8bfbfb","__parent":"bridge_guardrail","position":[49.5735512,653.217163,135.054199],"isRenderEnabled":false,"rotationMatrix":[0.995768547,0.091896832,-1.10692363e-16,-0.091896832,0.995768547,1.3320059e-16,1.22464685e-16,-1.22464685e-16,1],"shapeName":"/levels/automation_test_track/art/shapes/objects/guardrail_bridge.dae","useInstanceRenderData":true}
{"class":"TSStatic","persistentId":"07b96dbc-2566-43d5-a3d2-a7bfe8f9f625","__parent":"bridge_guardrail","position":[51.5363159,653.398315,135.054199],"isRenderEnabled":false,"rotationMatrix":[0.995768547,0.091896832,-1.10692363e-16,-0.091896832,0.995768547,1.3320059e-16,1.22464685e-16,-1.22464685e-16,1],"shapeName":"/levels/automation_test_track/art/shapes/objects/guardrail_bridge.dae","useInstanceRenderData":true}
{"class":"TSStatic","persistentId":"539b14ac-b461-421b-8293-d98e62959bf7","__parent":"bridge_guardrail","position":[53.4990807,653.579468,135.054199],"isRenderEnabled":false,"rotationMatrix":[0.995768547,0.091896832,-1.10692363e-16,-0.091896832,0.995768547,1.3320059e-16,1.22464685e-16,-1.22464685e-16,1],"shapeName":"/levels/automation_test_track/art/shapes/objects/guardrail_bridge.dae","useInstanceRenderData":true}
{"class":"TSStatic","persistentId":"b4b51e75-f366-474a-a624-cea8af15a768","__parent":"bridge_guardrail","position":[55.4618492,653.76062,135.054199],"isRenderEnabled":false,"rotationMatrix":[0.995768547,0.091896832,-1.10692363e-16,-0.091896832,0.995768547,1.3320059e-16,1.22464685e-16,-1.22464685e-16,1],"shapeName":"/levels/automation_test_track/art/shapes/objects/guardrail_bridge.dae","useInstanceRenderData":true}
{"class":"TSStatic","persistentId":"e4145365-afce-4822-8e63-c27d7feccc8c","__parent":"bridge_guardrail","position":[57.424614,653.941711,135.054199],"isRenderEnabled":false,"rotationMatrix":[0.995768547,0.091896832,-1.10692363e-16,-0.091896832,0.995768547,1.3320059e-16,1.22464685e-16,-1.22464685e-16,1],"shapeName":"/levels/automation_test_track/art/shapes/objects/guardrail_bridge.dae","useInstanceRenderData":true}
{"class":"TSStatic","persistentId":"ad6470b1-f08d-46fe-9a54-4964f491c3e5","__parent":"bridge_guardrail","position":[59.3873825,654.122864,135.054199],"isRenderEnabled":false,"rotationMatrix":[0.995768547,0.091896832,-1.10692363e-16,-0.091896832,0.995768547,1.3320059e-16,1.22464685e-16,-1.22464685e-16,1],"shapeName":"/levels/automation_test_track/art/shapes/objects/guardrail_bridge.dae","useInstanceRenderData":true}
{"class":"TSStatic","persistentId":"4e75375a-ea9d-4e8b-9a2c-31a8f6698254","__parent":"bridge_guardrail","position":[61.3501472,654.304016,135.054199],"isRenderEnabled":false,"rotationMatrix":[0.995768547,0.091896832,-1.10692363e-16,-0.091896832,0.995768547,1.3320059e-16,1.22464685e-16,-1.22464685e-16,1],"shapeName":"/levels/automation_test_track/art/shapes/objects/guardrail_bridge.dae","useInstanceRenderData":true}
{"class":"TSStatic","persistentId":"7543d239-7edb-4560-8632-0727decd782a","__parent":"bridge_guardrail","position":[63.312912,654.485168,135.054199],"isRenderEnabled":false,"rotationMatrix":[0.995768547,0.091896832,-1.10692363e-16,-0.091896832,0.995768547,1.3320059e-16,1.22464685e-16,-1.22464685e-16,1],"shapeName":"/levels/automation_test_track/art/shapes/objects/guardrail_bridge.dae","useInstanceRenderData":true}
{"class":"TSStatic","persistentId":"cafa17ce-dbd2-4a1c-8f2c-da31cea02073","__parent":"bridge_guardrail","position":[65.2756805,654.66626,135.054199],"isRenderEnabled":false,"rotationMatrix":[0.995768547,0.091896832,-1.10692363e-16,-0.091896832,0.995768547,1.3320059e-16,1.22464685e-16,-1.22464685e-16,1],"shapeName":"/levels/automation_test_track/art/shapes/objects/guardrail_bridge.dae","useInstanceRenderData":true}
{"class":"TSStatic","persistentId":"8bbbb389-4ef3-4a11-b477-c813d445ce91","__parent":"bridge_guardrail","position":[67.2384491,654.847412,135.054199],"isRenderEnabled":false,"rotationMatrix":[0.995768547,0.091896832,-1.10692363e-16,-0.091896832,0.995768547,1.3320059e-16,1.22464685e-16,-1.22464685e-16,1],"shapeName":"/levels/automation_test_track/art/shapes/objects/guardrail_bridge.dae","useInstanceRenderData":true}
{"class":"TSStatic","persistentId":"356d5f70-6e86-4d09-ae31-d76c96c17998","__parent":"bridge_guardrail","position":[69.20121,655.028564,135.054199],"isRenderEnabled":false,"rotationMatrix":[0.995768547,0.0918965563,-1.1069239e-16,-0.0918965563,0.995768547,1.33200563e-16,1.22464672e-16,-1.22464685e-16,1],"shapeName":"/levels/automation_test_track/art/shapes/objects/guardrail_bridge.dae","useInstanceRenderData":true}
{"class":"TSStatic","persistentId":"69b8f053-3612-4c62-8c71-befaac8b5c2b","__parent":"bridge_guardrail","position":[71.1639786,655.209717,135.054199],"isRenderEnabled":false,"rotationMatrix":[0.995768547,0.0918965563,-1.1069239e-16,-0.0918965563,0.995768547,1.33200563e-16,1.22464672e-16,-1.22464685e-16,1],"shapeName":"/levels/automation_test_track/art/shapes/objects/guardrail_bridge.dae","useInstanceRenderData":true}
{"class":"TSStatic","persistentId":"7dc88ea9-da49-406f-9017-a6b3bed97915","__parent":"bridge_guardrail","position":[73.1267471,655.390808,135.054199],"isRenderEnabled":false,"rotationMatrix":[0.995768547,0.0918965563,-1.1069239e-16,-0.0918965563,0.995768547,1.33200563e-16,1.22464672e-16,-1.22464685e-16,1],"shapeName":"/levels/automation_test_track/art/shapes/objects/guardrail_bridge.dae","useInstanceRenderData":true}
{"class":"TSStatic","persistentId":"d171f1e3-0a97-49c1-9c6f-17da5e35ee63","__parent":"bridge_guardrail","position":[75.0895081,655.57196,135.054199],"isRenderEnabled":false,"rotationMatrix":[0.995768547,0.0918965563,-1.1069239e-16,-0.0918965563,0.995768547,1.33200563e-16,1.22464672e-16,-1.22464685e-16,1],"shapeName":"/levels/automation_test_track/art/shapes/objects/guardrail_bridge.dae","useInstanceRenderData":true}
{"class":"TSStatic","persistentId":"faa11247-e3f4-4e24-a60f-fb833328230c","__parent":"bridge_guardrail","position":[77.0522766,655.753113,135.054199],"isRenderEnabled":false,"rotationMatrix":[0.995768547,0.0918965563,-1.1069239e-16,-0.0918965563,0.995768547,1.33200563e-16,1.22464672e-16,-1.22464685e-16,1],"shapeName":"/levels/automation_test_track/art/shapes/objects/guardrail_bridge.dae","useInstanceRenderData":true}
{"class":"TSStatic","persistentId":"f84a133b-8775-4a59-b290-9a3ae7ffa135","__parent":"bridge_guardrail","position":[79.0150452,655.934265,135.054199],"isRenderEnabled":false,"rotationMatrix":[0.995768547,0.0918965563,-1.1069239e-16,-0.0918965563,0.995768547,1.33200563e-16,1.22464672e-16,-1.22464685e-16,1],"shapeName":"/levels/automation_test_track/art/shapes/objects/guardrail_bridge.dae","useInstanceRenderData":true}
{"class":"TSStatic","persistentId":"451a5cf5-3ab4-4a92-9869-17fc279a071b","__parent":"bridge_guardrail","position":[80.9778137,656.115417,135.054199],"isRenderEnabled":false,"rotationMatrix":[0.995768547,0.0918965563,-1.1069239e-16,-0.0918965563,0.995768547,1.33200563e-16,1.22464672e-16,-1.22464685e-16,1],"shapeName":"/levels/automation_test_track/art/shapes/objects/guardrail_bridge.dae","useInstanceRenderData":true}
{"class":"TSStatic","persistentId":"876b0e67-c15b-462a-947e-84c488030d19","__parent":"bridge_guardrail","position":[82.9405746,656.296509,135.054199],"isRenderEnabled":false,"rotationMatrix":[0.995768547,0.0918965563,-1.1069239e-16,-0.0918965563,0.995768547,1.33200563e-16,1.22464672e-16,-1.22464685e-16,1],"shapeName":"/levels/automation_test_track/art/shapes/objects/guardrail_bridge.dae","useInstanceRenderData":true}
{"class":"TSStatic","persistentId":"1dcf1cda-cfbb-4558-a733-a6d6d4fb7200","__parent":"bridge_guardrail","position":[84.9033432,656.477661,135.054199],"isRenderEnabled":false,"rotationMatrix":[0.995768547,0.0918965563,-1.1069239e-16,-0.0918965563,0.995768547,1.33200563e-16,1.22464672e-16,-1.22464685e-16,1],"shapeName":"/levels/automation_test_track/art/shapes/objects/guardrail_bridge.dae","useInstanceRenderData":true}
{"class":"TSStatic","persistentId":"dc1b16dd-1d64-480c-ac55-f5fb32078b9c","__parent":"bridge_guardrail","position":[86.8661118,656.658813,135.054199],"isRenderEnabled":false,"rotationMatrix":[0.995768547,0.0918968692,-1.10692357e-16,-0.0918968692,0.995768547,1.3320059e-16,1.22464685e-16,-1.22464685e-16,1],"shapeName":"/levels/automation_test_track/art/shapes/objects/guardrail_bridge.dae","useInstanceRenderData":true}
{"class":"TSStatic","persistentId":"61e27a97-cae1-4b9e-9ec2-d7c9f42c93ef","__parent":"bridge_guardrail","position":[88.8288727,656.839966,135.054199],"isRenderEnabled":false,"rotationMatrix":[0.995768547,0.0918968692,-1.10692357e-16,-0.0918968692,0.995768547,1.3320059e-16,1.22464685e-16,-1.22464685e-16,1],"shapeName":"/levels/automation_test_track/art/shapes/objects/guardrail_bridge.dae","useInstanceRenderData":true}
{"class":"TSStatic","persistentId":"0be42a5e-922b-4455-91f3-3f59ef5331c3","__parent":"bridge_guardrail","position":[90.7916412,657.021057,135.054199],"isRenderEnabled":false,"rotationMatrix":[0.995768547,0.0918968692,-1.10692357e-16,-0.0918968692,0.995768547,1.3320059e-16,1.22464685e-16,-1.22464685e-16,1],"shapeName":"/levels/automation_test_track/art/shapes/objects/guardrail_bridge.dae","useInstanceRenderData":true}
{"class":"TSStatic","persistentId":"cab6a6f6-3c20-420b-ad46-3a928dc6e662","__parent":"bridge_guardrail","position":[92.7544098,657.202209,135.054199],"isRenderEnabled":false,"rotationMatrix":[0.995768547,0.0918968692,-1.10692357e-16,-0.0918968692,0.995768547,1.3320059e-16,1.22464685e-16,-1.22464685e-16,1],"shapeName":"/levels/automation_test_track/art/shapes/objects/guardrail_bridge.dae","useInstanceRenderData":true}
{"class":"TSStatic","persistentId":"7419534f-ee22-4322-a2c0-078326f6b126","__parent":"bridge_guardrail","position":[94.7171783,657.383362,135.054199],"isRenderEnabled":false,"rotationMatrix":[0.995768547,0.0918968692,-1.10692357e-16,-0.0918968692,0.995768547,1.3320059e-16,1.22464685e-16,-1.22464685e-16,1],"shapeName":"/levels/automation_test_track/art/shapes/objects/guardrail_bridge.dae","useInstanceRenderData":true}
{"class":"TSStatic","persistentId":"372fc911-b3d3-40fe-a403-2b94db99646b","__parent":"bridge_guardrail","position":[96.6799393,657.564514,135.054199],"isRenderEnabled":false,"rotationMatrix":[0.995768547,0.0918968692,-1.10692357e-16,-0.0918968692,0.995768547,1.3320059e-16,1.22464685e-16,-1.22464685e-16,1],"shapeName":"/levels/automation_test_track/art/shapes/objects/guardrail_bridge.dae","useInstanceRenderData":true}
{"class":"TSStatic","persistentId":"a876ea19-39a0-47af-a803-97284e5c8026","__parent":"bridge_guardrail","position":[98.6427078,657.745605,135.054199],"isRenderEnabled":false,"rotationMatrix":[0.995768547,0.0918968692,-1.10692357e-16,-0.0918968692,0.995768547,1.3320059e-16,1.22464685e-16,-1.22464685e-16,1],"shapeName":"/levels/automation_test_track/art/shapes/objects/guardrail_bridge.dae","useInstanceRenderData":true}
{"class":"TSStatic","persistentId":"08759d09-fb22-4760-96dc-58a04741972c","__parent":"bridge_guardrail","position":[100.605476,657.926758,135.054199],"isRenderEnabled":false,"rotationMatrix":[0.995768547,0.0918968692,-1.10692357e-16,-0.0918968692,0.995768547,1.3320059e-16,1.22464685e-16,-1.22464685e-16,1],"shapeName":"/levels/automation_test_track/art/shapes/objects/guardrail_bridge.dae","useInstanceRenderData":true}
{"class":"TSStatic","persistentId":"445d5d50-a4d7-4d96-8b56-0e1c74ff0f3c","__parent":"bridge_guardrail","position":[102.568237,658.10791,135.054199],"isRenderEnabled":false,"rotationMatrix":[0.995768547,0.0918968692,-1.10692357e-16,-0.0918968692,0.995768547,1.3320059e-16,1.22464685e-16,-1.22464685e-16,1],"shapeName":"/levels/automation_test_track/art/shapes/objects/guardrail_bridge.dae","useInstanceRenderData":true}
{"class":"TSStatic","persistentId":"fcc32773-728b-4ac2-a125-c78b65190015","__parent":"bridge_guardrail","position":[104.531006,658.289062,135.054199],"isRenderEnabled":false,"rotationMatrix":[0.995768547,0.0918968692,-1.10692357e-16,-0.0918968692,0.995768547,1.3320059e-16,1.22464685e-16,-1.22464685e-16,1],"shapeName":"/levels/automation_test_track/art/shapes/objects/guardrail_bridge.dae","useInstanceRenderData":true}
{"class":"TSStatic","persistentId":"783dabcb-3b64-44c5-bc61-e11d7289ab92","__parent":"bridge_guardrail","position":[106.493774,658.470215,135.054199],"isRenderEnabled":false,"rotationMatrix":[0.995768487,0.0918975621,-1.10692257e-16,-0.0918975621,0.995768487,1.33200669e-16,1.22464672e-16,-1.22464685e-16,1],"shapeName":"/levels/automation_test_track/art/shapes/objects/guardrail_bridge.dae","useInstanceRenderData":true}
{"class":"TSStatic","persistentId":"76bf9ba5-3735-4627-8f03-ec4c9211a28e","__parent":"bridge_guardrail","position":[108.456535,658.651306,135.054199],"isRenderEnabled":false,"rotationMatrix":[0.995768487,0.0918975621,-1.10692257e-16,-0.0918975621,0.995768487,1.33200669e-16,1.22464672e-16,-1.22464685e-16,1],"shapeName":"/levels/automation_test_track/art/shapes/objects/guardrail_bridge.dae","useInstanceRenderData":true}
