{"class":"DecalRoad","persistentId":"562cb8aa-e10e-4e5a-acf6-dbc2c5664428","__parent":"trail_022","position":[157.380508,-22.9855423,185.591095],"distanceFade":[150,50],"improvedSpline":true,"material":"m_dirt_tiretracks","nodes":[[157.380508,-22.9855423,185.591095,3.5],[154.823669,-21.3069191,186.812286,3],[152.578796,-20.4518814,187.174866,3]],"renderPriority":4,"startEndFade":[3,3],"textureLength":16}
{"class":"DecalRoad","persistentId":"01e10151-3623-4410-a7b0-f84b6369d469","__parent":"trail_022","position":[159.185104,-17.2033577,186.246979],"distanceFade":[150,50],"improvedSpline":true,"material":"m_dirt_tiretracks","nodes":[[159.185104,-17.2033577,186.246979,3],[157.79071,-19.3819542,186.394516,3],[157.54808,-21.4086876,185.959412,3]],"renderPriority":4,"startEndFade":[3,1],"textureLength":16}
{"class":"DecalRoad","persistentId":"a0ca4093-8c72-4311-90d0-6744f31efa6a","__parent":"trail_022","position":[157.944656,-23.7783184,185.331482],"distanceFade":[150,50],"improvedSpline":true,"material":"m_dirt_tiretracks","nodes":[[157.944656,-23.7783184,185.331482,3],[161.321121,-26.630127,183.280212,3]],"renderPriority":4,"startEndFade":[3,3],"textureLength":16}
{"class":"DecalRoad","persistentId":"3a2e2c8d-d193-4fd0-9232-159f7ca8bb93","__parent":"trail_022","position":[169.176834,-32.9863243,178.720963],"distanceFade":[150,50],"improvedSpline":true,"material":"m_dirt_tiretracks","nodes":[[169.176834,-32.9863243,178.720963,3],[167.368561,-32.0695496,179.237885,3],[166.180069,-30.917532,180.34906,3]],"renderPriority":4,"startEndFade":[1,1],"textureLength":16}
{"class":"DecalRoad","persistentId":"2f2fc2b0-be55-457d-90ed-5a57181a17fe","__parent":"trail_022","position":[171.974716,-34.4730453,176.431305],"distanceFade":[150,50],"improvedSpline":true,"material":"m_dirt_tiretracks","nodes":[[171.974716,-34.4730453,176.431305,3],[175.033875,-36.4264946,175.057404,3.0999999]],"renderPriority":4,"startEndFade":[1,1],"textureLength":16}
{"class":"DecalRoad","persistentId":"a5a52986-154b-45d2-b8a4-955f2ad8d0cd","__parent":"trail_022","position":[180.216217,-35.4809799,172.287659],"distanceFade":[150,50],"improvedSpline":true,"material":"m_dirt_tiretracks","nodes":[[180.216217,-35.4809799,172.287659,3.0999999],[182.104004,-36.1329575,171.740509,3.0999999],[183.072739,-36.901722,171.031448,3.0999999]],"renderPriority":4,"startEndFade":[1,1],"textureLength":16}
{"class":"DecalRoad","persistentId":"1f0eaf81-6bf6-4178-9f3c-edb41af99171","__parent":"trail_022","position":[190.597153,-42.0786781,168.923477],"distanceFade":[150,50],"improvedSpline":true,"material":"m_dirt_tiretracks","nodes":[[190.597153,-42.0786781,168.923477,3.0999999],[188.650864,-41.4739189,169.255966,3.0999999],[186.873901,-40.0092392,169.531204,3.0999999]],"renderPriority":4,"startEndFade":[1,1],"textureLength":16}
{"class":"DecalRoad","persistentId":"005bf685-2cf2-4319-887d-9b2f42147879","__parent":"trail_022","position":[185.895767,-45.6311951,170.387543],"distanceFade":[150,50],"improvedSpline":true,"material":"m_dirt_tiretracks","nodes":[[185.895767,-45.6311951,170.387543,3.0999999],[186.793991,-43.387043,170.019318,3.0999999],[186.841751,-41.4131317,169.545822,3.0999999]],"renderPriority":4,"startEndFade":[1,1],"textureLength":16}
{"class":"DecalRoad","persistentId":"8d0439ac-224f-4f70-bc8e-395585e276e3","__parent":"trail_022","position":[177.839859,-35.2175217,173.784698],"distanceFade":[150,50],"improvedSpline":true,"material":"m_dirt_tiretracks","nodes":[[177.839859,-35.2175217,173.784698,3.0999999],[175.300797,-34.8354378,175.343658,3.0999999],[174.056488,-35.4879189,175.756577,3.0999999]],"renderPriority":4,"startEndFade":[1,1],"textureLength":16}
{"class":"DecalRoad","persistentId":"97b088d9-f2cf-44d6-9dd0-2f5df92417a3","__parent":"trail_022","position":[172.191742,-32.6904755,176.966736],"distanceFade":[150,50],"improvedSpline":true,"material":"m_dirt_road_flows","nodes":[[172.191742,-32.6904755,176.966736,1.99999988],[175.107697,-34.8747444,175.397018,1.99999988],[177.276443,-34.8088379,174.496429,1.99999988]],"renderPriority":2,"startEndFade":[5,5],"textureLength":8}
{"class":"TSStatic","persistentId":"9aad9f05-b52f-481a-8be5-3e7e1f158c6a","__parent":"trail_022","position":[157.951553,-24.9840794,184.390457],"isRenderEnabled":false,"rotationMatrix":[-0.999999762,0,3.25841313e-07,0,1,0,-3.25841313e-07,0,-0.999999762],"shapeName":"/levels/johnson_valley/art/shapes/rocks/s_rocks_desert_medium_02.dae","useInstanceRenderData":true}
{"class":"TSStatic","persistentId":"ece163fa-af46-4642-8cf4-f9d9f6e3da33","__parent":"trail_022","position":[158.996429,-22.5619373,184.095322],"isRenderEnabled":false,"rotationMatrix":[0.874414682,-0.485179365,2.84920475e-07,-0.485179365,-0.874414682,-1.58091524e-07,3.2584137e-07,1.42108547e-14,-1],"shapeName":"/levels/johnson_valley/art/shapes/rocks/s_rocks_desert_large_06.dae","useInstanceRenderData":true}
{"class":"TSStatic","persistentId":"0bfedba5-d402-41a2-baae-2cb6a27912f3","__parent":"trail_022","position":[158.387634,-21.6904297,185.670868],"isRenderEnabled":false,"rotationMatrix":[0.445724189,-0.841388166,-0.305607378,0.865807831,0.491924405,-0.0915812105,0.227391064,-0.223777309,0.947743118],"shapeName":"/levels/johnson_valley/art/shapes/rocks/s_rocks_desert_low_tiny.dae","useInstanceRenderData":true}
{"class":"TSStatic","persistentId":"68d9f44d-4d5c-4a33-82d4-f9fd81689c57","__parent":"trail_022","position":[161.793076,-26.1686554,182.490204],"isRenderEnabled":false,"rotationMatrix":[-0.990595222,0,0.136823446,0,1,0,-0.136823446,0,-0.990595222],"shapeName":"/levels/johnson_valley/art/shapes/rocks/s_rocks_desert_medium_02.dae","useInstanceRenderData":true}
{"class":"TSStatic","persistentId":"1ef9c732-c422-4771-8976-f7c1a5fbe0d3","__parent":"trail_022","position":[168.463989,-26.6768074,181.378433],"isRenderEnabled":false,"rotationMatrix":[-0.42045331,0.907314062,-2.98023224e-08,-0.830589294,-0.384898663,0.402460188,0.365157813,0.169215769,0.91543746],"shapeName":"/levels/johnson_valley/art/shapes/rocks/s_rocks_desert_medium_03.dae","useInstanceRenderData":true}
{"class":"TSStatic","persistentId":"a06ef6ad-dcdd-4cea-abaf-472d86115b7f","__parent":"trail_022","position":[166.693604,-29.4827976,180.091522],"isRenderEnabled":false,"rotationMatrix":[0.993999004,0.104624167,-0.0319339409,-0.109389186,0.950700223,-0.290177673,5.58793545e-09,0.291929573,0.956439793],"shapeName":"/levels/johnson_valley/art/shapes/rocks/s_rocks_desert_large_06.dae","useInstanceRenderData":true}
{"class":"TSStatic","persistentId":"a810027c-178a-4294-9e85-9d87c464be92","__parent":"trail_022","position":[156.69281,-39.0610886,178.825989],"isRenderEnabled":false,"rotationMatrix":[-0.339412928,0.886216938,0.315306246,-0.933852851,-0.357657075,-1.63912773e-07,0.112771392,-0.294449747,0.948989987],"shapeName":"/levels/johnson_valley/art/shapes/rocks/s_rocks_desert_huge_sheet_2.dae","useInstanceRenderData":true}
{"class":"TSStatic","persistentId":"9ae69d7b-66c2-40cd-bb69-8113e304a31d","__parent":"trail_022","position":[157.406219,-33.2631073,181.946609],"isRenderEnabled":false,"rotationMatrix":[0.965827107,0.118226379,-0.230652243,3.7252903e-09,0.889906466,0.456142992,0.259187073,-0.440555304,0.859495819],"shapeName":"/levels/johnson_valley/art/shapes/rocks/s_rocks_desert_collection_03.dae","useInstanceRenderData":true}
{"class":"TSStatic","persistentId":"e7597bef-b293-4baf-90a8-a073e2da10aa","__parent":"trail_022","position":[154.121841,-30.8327236,184.172256],"isRenderEnabled":false,"rotationMatrix":[0.997825861,0.03430783,-0.0562723503,-5.58793545e-09,0.853827119,0.520556629,0.0659060255,-0.519424856,0.851970792],"shapeName":"/levels/johnson_valley/art/shapes/rocks/s_rocks_desert_collection_02.dae","useInstanceRenderData":true}
{"class":"TSStatic","persistentId":"d787b609-b1f9-435b-99a5-176c38a63e44","__parent":"trail_022","position":[156.748795,-31.4498959,183.311005],"isRenderEnabled":false,"rotationMatrix":[0.878864229,0.447193414,0.166179761,-0.447954267,0.653710365,0.609917819,0.164117798,-0.610475838,0.774844885],"shapeName":"/levels/johnson_valley/art/shapes/rocks/s_rocks_desert_low_tiny.dae","useInstanceRenderData":true}
{"class":"TSStatic","persistentId":"fa1ce291-c707-4507-b8d8-734bea7729e2","__parent":"trail_022","position":[160.065918,-30.8666706,182.21109],"isRenderEnabled":false,"rotationMatrix":[0.722117484,0.66677165,-0.184287444,-0.444584161,0.651415646,0.61481905,0.529991686,-0.362040311,0.766834795],"shapeName":"/levels/johnson_valley/art/shapes/rocks/s_rocks_desert_low_tiny.dae","useInstanceRenderData":true}
{"class":"TSStatic","persistentId":"4c7873e1-f46e-4c56-b982-6aff85317750","__parent":"trail_022","position":[166.073563,-23.2292862,183.032913],"isRenderEnabled":false,"rotationMatrix":[0.702607989,0.711577058,7.4505806e-09,-0.668940425,0.660508752,0.340949893,0.242612153,-0.239554107,0.940081477],"shapeName":"/levels/johnson_valley/art/shapes/rocks/s_rocks_desert_huge_sheet_3.dae","useInstanceRenderData":true}
{"class":"TSStatic","persistentId":"8de78b1e-8f8b-4269-a137-321de53b4ec6","__parent":"trail_022","position":[166.500763,-35.7861977,178.648712],"isRenderEnabled":false,"rotationMatrix":[0.987171352,-0.0183753744,-0.15860346,0.0385564379,0.991392016,0.125120908,0.154939055,-0.129630953,0.979382277],"shapeName":"/levels/johnson_valley/art/shapes/rocks/s_rocks_desert_collection_03.dae","useInstanceRenderData":true}
{"class":"TSStatic","persistentId":"e1592eca-207d-433f-8a40-3818c4c139fb","__parent":"trail_022","position":[167.123383,-46.1686821,174.813828],"isRenderEnabled":false,"rotationMatrix":[0.960520983,0.264027357,-0.0876871943,-0.183432296,0.837998569,0.513917267,0.209169954,-0.477543622,0.853346348],"shapeName":"/levels/johnson_valley/art/shapes/rocks/s_rocks_desert_huge_sheet_3.dae","useInstanceRenderData":true}
{"class":"TSStatic","persistentId":"0a5818d0-c8bb-421f-9708-0741cce25f53","__parent":"trail_022","position":[169.688217,-37.0540543,177.628647],"isRenderEnabled":false,"shapeName":"/levels/johnson_valley/art/shapes/rocks/s_rocks_desert_large_05.dae","useInstanceRenderData":true}
{"class":"TSStatic","persistentId":"2008a016-3d43-49e0-9032-ecf46ed2563c","__parent":"trail_022","position":[172.512146,-30.9884109,177.615692],"isRenderEnabled":false,"rotationMatrix":[0.96349144,0.267739207,0,-0.267739207,0.96349144,0,0,0,1],"shapeName":"/levels/johnson_valley/art/shapes/rocks/s_rocks_desert_large_03.dae","useInstanceRenderData":true}
{"class":"TSStatic","persistentId":"9dc6f45d-21cb-43fb-be7d-7f32ee601a44","__parent":"trail_022","position":[171.48082,-33.511364,176.747849],"isRenderEnabled":false,"rotationMatrix":[0.863226473,0,-0.50481683,0,1,0,0.50481683,0,0.863226473],"shapeName":"/levels/johnson_valley/art/shapes/rocks/s_rocks_desert_low_tiny.dae","useInstanceRenderData":true}
{"class":"TSStatic","persistentId":"0ee431b9-07dd-4570-b84a-d78b88285ffa","__parent":"trail_022","position":[175.210037,-32.7235794,175.359863],"isRenderEnabled":false,"rotationMatrix":[0.49931252,-0.866175175,0.0206756964,-0.845690608,-0.482037187,0.229013652,-0.188399494,-0.131834596,-0.973203421],"shapeName":"/levels/johnson_valley/art/shapes/rocks/s_rocks_desert_medium_02.dae","useInstanceRenderData":true}
{"class":"TSStatic","persistentId":"1db23928-fd69-4f35-acac-c3a440764aab","__parent":"trail_022","position":[175.110764,-32.159893,176.58931],"isRenderEnabled":false,"rotationMatrix":[0.91384542,0,-0.406062245,0,1,0,0.406062245,0,0.91384542],"shapeName":"/levels/johnson_valley/art/shapes/rocks/s_rocks_desert_medium_03.dae","useInstanceRenderData":true}
{"class":"TSStatic","persistentId":"9dacca13-b5f9-4d13-a3a9-0ca28fa16652","__parent":"trail_022","position":[175.940323,-36.5692177,174.228149],"isRenderEnabled":false,"rotationMatrix":[0.897409618,0.122800246,-0.423764139,-3.7252903e-09,0.960484505,0.278333455,0.441198319,-0.249779135,0.861948073],"shapeName":"/levels/johnson_valley/art/shapes/rocks/s_rocks_desert_collection_03.dae","useInstanceRenderData":true}
{"class":"TSStatic","persistentId":"719af215-c183-470f-b12a-edd06409cff9","__parent":"trail_022","position":[172.71579,-38.4014473,176.796371],"isRenderEnabled":false,"rotationMatrix":[0.265589118,0.964086175,0,-0.964086175,0.265589118,0,0,0,1],"shapeName":"/levels/johnson_valley/art/shapes/rocks/s_rocks_desert_large_06.dae","useInstanceRenderData":true}
{"class":"TSStatic","persistentId":"610e6b28-5bd8-44f5-a498-76ca24739553","__parent":"trail_022","position":[177.153,-41.4732208,173.303436],"isRenderEnabled":false,"rotationMatrix":[-0.305900455,0.952063203,0,-0.952063203,-0.305900455,0,0,0,1],"shapeName":"/levels/johnson_valley/art/shapes/rocks/s_rocks_desert_medium_04.dae","useInstanceRenderData":true}
{"class":"TSStatic","persistentId":"99a27dd3-96ac-48a4-be33-17e2dea84a23","__parent":"trail_022","position":[173.738342,-47.8211136,172.589233],"isRenderEnabled":false,"rotationMatrix":[0.221570969,0.969327748,-0.106349349,-0.974856317,0.222834706,-3.7252903e-09,0.0236983299,0.103675321,0.994328856],"shapeName":"/levels/johnson_valley/art/shapes/rocks/s_rocks_desert_large_04.dae","useInstanceRenderData":true}
{"class":"TSStatic","persistentId":"47742a11-d24f-42eb-a2eb-4f0fd674e766","__parent":"trail_022","position":[186.524887,-24.0448704,174.92659],"isRenderEnabled":false,"rotationMatrix":[0.956929445,0.218819469,-0.19079864,-0.136004031,0.918504834,0.371284008,0.256493628,-0.3293432,0.908704638],"shapeName":"/levels/johnson_valley/art/shapes/rocks/s_rocks_desert_collection_03.dae","useInstanceRenderData":true}
{"class":"TSStatic","persistentId":"f6c332aa-7067-4310-9cd7-e2d060feccbc","__parent":"trail_022","position":[174.503265,-27.9523029,178.172012],"isRenderEnabled":false,"rotationMatrix":[0.89993751,7.4505806e-09,-0.436018825,0.0899835676,0.978472888,0.185725003,0.426632583,-0.20637542,0.880564451],"shapeName":"/levels/johnson_valley/art/shapes/rocks/s_rocks_desert_collection_02.dae","useInstanceRenderData":true}
{"class":"TSStatic","persistentId":"b2518799-4961-48f3-b5f5-89a5bbadc500","__parent":"trail_022","position":[174.311295,-22.8480778,179.908783],"isRenderEnabled":false,"rotationMatrix":[0.131202996,0.921192229,0.366320074,-0.931521356,-0.0118718147,0.363492429,0.339195371,-0.388926268,0.856552839],"shapeName":"/levels/johnson_valley/art/shapes/rocks/s_rocks_desert_collection_03.dae","useInstanceRenderData":true}
{"class":"TSStatic","persistentId":"d3240a3f-6faf-4a5f-835f-20145f176388","__parent":"trail_022","position":[165.713348,-39.730854,177.944107],"isRenderEnabled":false,"rotationMatrix":[0.578497887,0.81423676,0.0485667139,-0.745320916,0.503465533,0.437057376,0.331416547,-0.289034545,0.898121417],"scale":[1.47084951,1.47084951,1.47084951],"shapeName":"/levels/johnson_valley/art/shapes/rocks/s_rocks_desert_collection_03.dae","useInstanceRenderData":true}
{"class":"TSStatic","persistentId":"2893f275-f82a-43b4-9258-dfca876653ed","__parent":"trail_022","position":[168.848068,-40.6540222,176.647064],"isRenderEnabled":false,"rotationMatrix":[0.779918611,-0.464327723,-0.419674486,0.528482676,0.847796619,0.0441246554,0.33531031,-0.256204337,0.906601548],"shapeName":"/levels/johnson_valley/art/shapes/rocks/s_rocks_desert_low_tiny.dae","useInstanceRenderData":true}
{"class":"TSStatic","persistentId":"ea4546d6-f89f-42bc-ac81-b01c438fc778","__parent":"trail_022","position":[164.128571,-34.2290077,179.486023],"isRenderEnabled":false,"rotationMatrix":[0.698202729,-0.638383508,-0.324005187,0.664570212,0.746247113,-0.0382311493,0.266194046,-0.188631117,0.945282519],"shapeName":"/levels/johnson_valley/art/shapes/rocks/s_rocks_desert_low_tiny.dae","useInstanceRenderData":true}
{"class":"TSStatic","persistentId":"aa1d0916-333e-45f1-91ae-77d23a0b41de","__parent":"trail_022","position":[168.446152,-33.814949,178.065735],"isRenderEnabled":false,"rotationMatrix":[1,0,0,0,-0.999999762,3.2584137e-07,0,-3.2584137e-07,-0.999999762],"shapeName":"/levels/johnson_valley/art/shapes/rocks/s_rocks_desert_medium_02.dae","useInstanceRenderData":true}
{"class":"TSStatic","persistentId":"a7cba49b-9b84-413f-9426-1a15c7e42db8","__parent":"trail_022","position":[169.685547,-33.7067032,177.688126],"isRenderEnabled":false,"shapeName":"/levels/johnson_valley/art/shapes/rocks/s_rocks_desert_medium_04.dae","useInstanceRenderData":true}
{"class":"TSStatic","persistentId":"36d78bdd-dbdf-4543-8ea8-2db22f05345c","__parent":"trail_022","position":[170.023941,-32.4823456,177.897461],"isRenderEnabled":false,"shapeName":"/levels/johnson_valley/art/shapes/rocks/s_rocks_desert_small_01.dae","useInstanceRenderData":true}
{"class":"TSStatic","persistentId":"5df5a2de-a601-4682-84cd-b6df35ad116e","__parent":"trail_022","position":[169.41745,-32.1299019,178.288803],"isRenderEnabled":false,"rotationMatrix":[0.171038032,0.985264361,0,-0.985264361,0.171038032,0,0,0,1],"shapeName":"/levels/johnson_valley/art/shapes/rocks/s_rocks_desert_medium_03.dae","useInstanceRenderData":true}
{"class":"TSStatic","persistentId":"59685c43-abe8-4fa2-abc3-0e9b9a01d718","__parent":"trail_022","position":[170.428345,-34.8799515,177.226364],"isRenderEnabled":false,"shapeName":"/levels/johnson_valley/art/shapes/rocks/s_rocks_desert_medium_05.dae","useInstanceRenderData":true}
{"class":"TSStatic","persistentId":"b6f4355c-b27b-4418-b424-b7b38defa0e4","__parent":"trail_022","position":[177.251465,-34.3040161,173.351715],"isRenderEnabled":false,"rotationMatrix":[0.896965981,-0.442099541,-1.44054312e-07,-0.442099541,-0.896965981,-2.92268595e-07,0,3.25841341e-07,-1],"shapeName":"/levels/johnson_valley/art/shapes/rocks/s_rocks_desert_large_06.dae","useInstanceRenderData":true}
{"class":"TSStatic","persistentId":"ed8f1744-94df-4a87-9b62-5b16a4db7ea6","__parent":"trail_022","position":[176.715286,-38.7913475,173.894623],"isRenderEnabled":false,"rotationMatrix":[0.993625045,-0.0419880673,-0.104624584,1.86264515e-09,0.92805326,-0.372447431,0.11273554,0.37007308,0.922136962],"shapeName":"/levels/johnson_valley/art/shapes/rocks/s_rocks_desert_medium_04.dae","useInstanceRenderData":true}
{"class":"TSStatic","persistentId":"93b87944-e8af-4ca2-a95d-d0de1951c0e8","__parent":"trail_022","position":[179.794113,-39.3822289,172.264191],"isRenderEnabled":false,"rotationMatrix":[0.93315661,0.00168762682,-0.359466046,0.000635126373,0.999979675,0.00634347741,0.359469444,-0.00614776462,0.933136582],"scale":[1.14735103,1.14735103,1.14735103],"shapeName":"/levels/johnson_valley/art/shapes/rocks/s_rocks_desert_collection_03.dae","useInstanceRenderData":true}
{"class":"TSStatic","persistentId":"8daf6133-dbb9-4a81-ba0c-4d7921510319","__parent":"trail_022","position":[177.705154,-44.5764046,172.745255],"isRenderEnabled":false,"rotationMatrix":[0.961960316,0,-0.273189187,0.0427696742,0.987668931,0.150601596,0.269820452,-0.156556964,0.950098336],"scale":[1.10654306,1.10654306,1.10654306],"shapeName":"/levels/johnson_valley/art/shapes/rocks/s_rocks_desert_collection_02.dae","useInstanceRenderData":true}
{"class":"TSStatic","persistentId":"3daa9a79-41ed-422f-80c7-8c6ea56686af","__parent":"trail_022","position":[178.884811,-35.3397255,172.984131],"isRenderEnabled":false,"rotationMatrix":[0.408619046,-0.689478517,-0.598038316,0.860270023,0.509838641,-5.96046448e-08,0.30490309,-0.514474452,0.801467478],"shapeName":"/levels/johnson_valley/art/shapes/rocks/s_rocks_desert_low_tiny.dae","useInstanceRenderData":true}
{"class":"TSStatic","persistentId":"13d588cc-7d0c-4a9d-9f2e-ac44d4bcb4cd","__parent":"trail_022","position":[178.045258,-37.7947426,172.955475],"isRenderEnabled":false,"rotationMatrix":[0.861634612,-0.19304432,-0.469382286,0.188488737,0.980407536,-0.0572107248,0.471230149,-0.0391785391,0.881139696],"shapeName":"/levels/johnson_valley/art/shapes/rocks/s_rocks_desert_low_tiny.dae","useInstanceRenderData":true}
{"class":"TSStatic","persistentId":"f116645a-7b8d-4c96-9e42-2765e3302740","__parent":"trail_022","position":[184.525726,-35.2332115,170.810516],"isRenderEnabled":false,"rotationMatrix":[0.797082186,-0.481116414,-0.364947975,0.560588479,0.814212561,0.15099144,0.224500775,-0.324938208,0.918702662],"shapeName":"/levels/johnson_valley/art/shapes/rocks/s_rocks_desert_collection_03.dae","useInstanceRenderData":true}
{"class":"TSStatic","persistentId":"306e5588-0957-4e07-be04-40f4017b27ca","__parent":"trail_022","position":[156.157578,-28.5212708,184.908203],"isRenderEnabled":false,"shapeName":"/levels/johnson_valley/art/shapes/rocks/s_rocks_desert_large_02.dae","useInstanceRenderData":true}
{"class":"TSStatic","persistentId":"137d8e4c-95bc-4980-8005-2eac71ea8f51","__parent":"trail_022","position":[154.862518,-24.7207031,185.734268],"isRenderEnabled":false,"rotationMatrix":[0.764422476,0.630158782,-0.136228293,-0.615789294,0.77622205,0.135214135,0.190949798,-0.019472789,0.981406629],"shapeName":"/levels/johnson_valley/art/shapes/rocks/s_rocks_desert_low_tiny.dae","useInstanceRenderData":true}
{"class":"TSStatic","persistentId":"4a588de9-8d21-49b0-ad02-a98ba3bf9611","__parent":"trail_022","position":[152.015778,-24.1528759,186.654755],"isRenderEnabled":false,"rotationMatrix":[0.966245711,0.0230411664,-0.25658977,0.0393030606,0.971149266,0.235211328,0.254606485,-0.237356707,0.937463224],"shapeName":"/levels/johnson_valley/art/shapes/rocks/s_rocks_desert_collection_03.dae","useInstanceRenderData":true}
{"class":"TSStatic","persistentId":"e5d31109-d4e4-49a6-96f6-2a509fa6b6c4","__parent":"trail_022","position":[162.010117,-22.0532322,184.722],"isRenderEnabled":false,"rotationMatrix":[0.966120958,0.0987929031,-0.238432869,-7.4505806e-09,0.923837364,0.382785171,0.258089662,-0.36981675,0.892538667],"shapeName":"/levels/johnson_valley/art/shapes/rocks/s_rocks_desert_collection_02.dae","useInstanceRenderData":true}
{"class":"TSStatic","persistentId":"31e36752-1bc1-48ca-a0bf-3fb4cb42606f","__parent":"trail_022","position":[159.410599,-27.0609818,184.085815],"isRenderEnabled":false,"rotationMatrix":[0.845345259,1.86264515e-09,-0.534220338,0.0490633175,0.995773673,0.0776373297,0.531962514,-0.0918409675,0.841772556],"shapeName":"/levels/johnson_valley/art/shapes/rocks/s_rocks_desert_collection_03.dae","useInstanceRenderData":true}
{"class":"TSStatic","persistentId":"26f0a24c-8196-4932-b435-3a18788501b0","__parent":"trail_022","position":[163.950134,-26.9996433,182.368073],"isRenderEnabled":false,"rotationMatrix":[0.944274664,0.0992542952,-0.313837469,0.0148112997,0.93967557,0.341746181,0.328825176,-0.327350587,0.885841727],"scale":[0.892211914,0.892211914,0.892211914],"shapeName":"/levels/johnson_valley/art/shapes/rocks/s_rocks_desert_collection_03.dae","useInstanceRenderData":true}
{"class":"TSStatic","persistentId":"4ab3152d-a81f-494a-ac6f-9ce13b73ce6a","__parent":"trail_022","position":[162.636658,-39.0659485,179.317215],"isRenderEnabled":false,"rotationMatrix":[0.887143672,0,0.461493313,0,1,0,-0.461493313,0,0.887143672],"shapeName":"/levels/johnson_valley/art/shapes/rocks/s_rocks_desert_large_05.dae","useInstanceRenderData":true}
{"class":"TSStatic","persistentId":"6a38590d-3d86-4f74-959c-d643cfbbd832","__parent":"trail_022","position":[182.189285,-41.7384796,171.283005],"isRenderEnabled":false,"rotationMatrix":[0.917657077,0,-0.397373199,0,1,0,0.397373199,0,0.917657077],"shapeName":"/levels/johnson_valley/art/shapes/rocks/s_rocks_desert_medium_03.dae","useInstanceRenderData":true}
{"class":"TSStatic","persistentId":"35813778-6c4b-4bc5-9631-931e604bd0e3","__parent":"trail_022","position":[183.533615,-41.8574829,170.833832],"isRenderEnabled":false,"shapeName":"/levels/johnson_valley/art/shapes/rocks/s_rocks_desert_small_01.dae","useInstanceRenderData":true}
{"class":"TSStatic","persistentId":"8cddab2b-e69f-4226-b76d-aab01ac1f656","__parent":"trail_022","position":[182.136322,-42.9948235,171.0867],"isRenderEnabled":false,"rotationMatrix":[0.72152096,0,-0.692392528,0,1,0,0.692392528,0,0.72152096],"shapeName":"/levels/johnson_valley/art/shapes/rocks/s_rocks_desert_small_03.dae","useInstanceRenderData":true}
{"class":"TSStatic","persistentId":"fbde3c5c-accb-4098-afcc-440a650fa182","__parent":"trail_022","position":[12.6709652,-134.615479,160.874451],"isRenderEnabled":false,"shapeName":"/levels/johnson_valley/art/shapes/rocks/s_rocks_desert_large_05.dae","useInstanceRenderData":true}
{"class":"TSStatic","persistentId":"5039c610-81a9-4359-915d-4d4de9e3ae9e","__parent":"trail_022","position":[5.93588924,-134.304611,160.896439],"isRenderEnabled":false,"shapeName":"/levels/johnson_valley/art/shapes/rocks/s_rocks_desert_low_flat_01.dae","useInstanceRenderData":true}
{"class":"TSStatic","persistentId":"1c6d1369-c546-4f73-8443-165ce255fb29","__parent":"trail_022","position":[7.53421926,-130.330109,160.604202],"isRenderEnabled":false,"rotationMatrix":[0.819782734,0,-0.572674632,0,1,0,0.572674632,0,0.819782734],"shapeName":"/levels/johnson_valley/art/shapes/rocks/s_rocks_desert_medium_02.dae","useInstanceRenderData":true}
{"class":"TSStatic","persistentId":"8cb7555e-a3c1-4c50-b6ca-718f617fb6c1","__parent":"trail_022","position":[11.566721,-132.659988,160.792877],"isRenderEnabled":false,"shapeName":"/levels/johnson_valley/art/shapes/rocks/s_rocks_desert_medium_04.dae","useInstanceRenderData":true}
{"class":"TSStatic","persistentId":"8d05de92-f9dd-468d-9fc2-f72e33162bac","__parent":"trail_022","position":[7.43095255,-135.625519,160.702942],"isRenderEnabled":false,"rotationMatrix":[-0.141696215,0,0.989910245,0,1,0,-0.989910245,0,-0.141696215],"shapeName":"/levels/johnson_valley/art/shapes/rocks/s_rocks_desert_large_04.dae","useInstanceRenderData":true}
{"class":"TSStatic","persistentId":"c4d2bcde-6387-43ba-9213-97d5a8512684","__parent":"trail_022","position":[16.5322056,-138.00264,162.160721],"isRenderEnabled":false,"shapeName":"/levels/johnson_valley/art/shapes/rocks/s_rocks_desert_large_04.dae","useInstanceRenderData":true}
{"class":"TSStatic","persistentId":"418e2e82-88a1-481c-b521-731da1b02337","__parent":"trail_022","position":[12.8158684,-143.905624,162.550354],"isRenderEnabled":false,"rotationMatrix":[0.803137004,-0.580460131,0.13430196,0.572510779,0.814288735,0.0957362205,-0.164931625,0,0.986304998],"shapeName":"/levels/johnson_valley/art/shapes/rocks/s_rocks_desert_huge_sheet_3.dae","useInstanceRenderData":true}
{"class":"TSStatic","persistentId":"845b63ac-b928-48db-b963-c0b95be06d4b","__parent":"trail_022","position":[22.880127,-141.22522,162.556702],"isRenderEnabled":false,"shapeName":"/levels/johnson_valley/art/shapes/rocks/s_rocks_desert_large_04.dae","useInstanceRenderData":true}
{"class":"TSStatic","persistentId":"5666c0e6-ecb6-4123-959e-8b3af1e2c710","__parent":"trail_022","position":[20.2136497,-140.878143,163.009583],"isRenderEnabled":false,"rotationMatrix":[1,0,0,0,0.98959887,-0.143854246,0,0.143854246,0.98959887],"shapeName":"/levels/johnson_valley/art/shapes/rocks/s_rocks_desert_medium_03.dae","useInstanceRenderData":true}
{"class":"TSStatic","persistentId":"5face775-c495-4800-bdb2-4ae64214c11f","__parent":"trail_022","position":[18.3690948,-139.791733,162.855652],"isRenderEnabled":false,"rotationMatrix":[0.183427155,0,0.983033419,0,1,0,-0.983033419,0,0.183427155],"shapeName":"/levels/johnson_valley/art/shapes/rocks/s_rocks_desert_medium_03.dae","useInstanceRenderData":true}
{"class":"TSStatic","persistentId":"707b9e9b-89a2-4c62-98b3-3a79d9151456","__parent":"trail_022","position":[22.4044743,-148.318192,163.665359],"isRenderEnabled":false,"shapeName":"/levels/johnson_valley/art/shapes/rocks/s_rocks_desert_large_04.dae","useInstanceRenderData":true}
{"class":"TSStatic","persistentId":"b181d1d7-8a61-4676-809c-5f6de9579987","__parent":"trail_022","position":[26.0569057,-143.666962,161.860077],"isRenderEnabled":false,"shapeName":"/levels/johnson_valley/art/shapes/rocks/s_rocks_desert_large_02.dae","useInstanceRenderData":true}
{"class":"TSStatic","persistentId":"981639cb-9e07-4286-aa29-741dad736344","__parent":"trail_022","position":[28.9263992,-144.414825,162.660324],"isRenderEnabled":false,"rotationMatrix":[0.928768873,-0.0356315412,0.368942767,-0.0343423299,0.982815027,0.181370422,-0.369065017,-0.181121573,0.911584318],"shapeName":"/levels/johnson_valley/art/shapes/rocks/s_rocks_desert_large_04.dae","useInstanceRenderData":true}
{"class":"TSStatic","persistentId":"f23c3008-a3db-4bcc-bb9e-e62c4f971b73","__parent":"trail_022","position":[35.928936,-147.420731,162.647324],"isRenderEnabled":false,"shapeName":"/levels/johnson_valley/art/shapes/rocks/s_rocks_desert_low_flat_02.dae","useInstanceRenderData":true}
{"class":"TSStatic","persistentId":"92e5f32b-519f-4f2a-95b1-1afbae8b7279","__parent":"trail_022","position":[32.2112427,-145.221817,163.078949],"isRenderEnabled":false,"rotationMatrix":[1,0,0,0,0.966505647,-0.256645441,0,0.256645441,0.966505647],"shapeName":"/levels/johnson_valley/art/shapes/rocks/s_rocks_desert_low_flat_01.dae","useInstanceRenderData":true}
{"class":"TSStatic","persistentId":"82ce7486-fad4-4739-a067-d8cb324d22d9","__parent":"trail_022","position":[43.9913177,-151.169678,162.036652],"isRenderEnabled":false,"shapeName":"/levels/johnson_valley/art/shapes/rocks/s_rocks_desert_large_02.dae","useInstanceRenderData":true}
{"class":"TSStatic","persistentId":"08ca3f8d-e790-415f-8254-5a82b530ebcc","__parent":"trail_022","position":[41.4926758,-148.915482,161.682449],"isRenderEnabled":false,"rotationMatrix":[-0.422078729,0,0.906559348,0,1,0,-0.906559348,0,-0.422078729],"shapeName":"/levels/johnson_valley/art/shapes/rocks/s_rocks_desert_large_04.dae","useInstanceRenderData":true}
{"class":"TSStatic","persistentId":"29b67930-5c56-4ea9-8009-f1848b23b990","__parent":"trail_022","position":[42.0433884,-146.544983,160.991013],"isRenderEnabled":false,"rotationMatrix":[-0.487478495,-0.846031368,0.215861738,0.857486904,-0.510476828,-0.0642677099,0.164564818,0.153769463,0.974306643],"shapeName":"/levels/johnson_valley/art/shapes/rocks/s_rocks_desert_huge_sheet_2.dae","useInstanceRenderData":true}
{"class":"TSStatic","persistentId":"ee27dac7-25c9-4ce4-aaab-ffc57bf527e8","__parent":"trail_022","position":[41.5751495,-158.329773,162.790405],"isRenderEnabled":false,"shapeName":"/levels/johnson_valley/art/shapes/rocks/s_rocks_desert_large_06.dae","useInstanceRenderData":true}
{"class":"TSStatic","persistentId":"ed883a3a-caf6-480d-9970-542563d68c18","__parent":"trail_022","position":[38.9318962,-157.330978,162.960663],"isRenderEnabled":false,"shapeName":"/levels/johnson_valley/art/shapes/rocks/s_rocks_desert_low_flat_01.dae","useInstanceRenderData":true}
{"class":"TSStatic","persistentId":"27ea3141-c10c-46f9-93cb-e29141549d1d","__parent":"trail_022","position":[43.5333824,-157.246887,162.765381],"isRenderEnabled":false,"rotationMatrix":[-0.0155063868,0,0.999879599,0,1,0,-0.999879599,0,-0.0155063868],"shapeName":"/levels/johnson_valley/art/shapes/rocks/s_rocks_desert_medium_02.dae","useInstanceRenderData":true}
{"class":"TSStatic","persistentId":"4a9d1282-0737-4f43-8490-6214d2f85c08","__parent":"trail_022","position":[40.2814751,-150.639359,163.056122],"isRenderEnabled":false,"shapeName":"/levels/johnson_valley/art/shapes/rocks/s_rocks_desert_medium_04.dae","useInstanceRenderData":true}
{"class":"TSStatic","persistentId":"55a9d7a3-2da4-4e16-b1d0-354c1189c1bd","__parent":"trail_022","position":[45.4502602,-159.05394,162.615753],"isRenderEnabled":false,"shapeName":"/levels/johnson_valley/art/shapes/rocks/s_rocks_desert_medium_04.dae","useInstanceRenderData":true}
{"class":"TSStatic","persistentId":"c332e41a-9201-45e1-806e-d1de83e44d09","__parent":"trail_022","position":[48.602047,-155.820084,162.743301],"isRenderEnabled":false,"shapeName":"/levels/johnson_valley/art/shapes/rocks/s_rocks_desert_medium_03.dae","useInstanceRenderData":true}
{"class":"TSStatic","persistentId":"846e3774-20e6-4ed5-b6f9-a27ba14a4bb5","__parent":"trail_022","position":[46.5538635,-160.401154,162.454788],"isRenderEnabled":false,"rotationMatrix":[0.990536749,0,-0.137247816,0,1,0,0.137247816,0,0.990536749],"shapeName":"/levels/johnson_valley/art/shapes/rocks/s_rocks_desert_low_tiny.dae","useInstanceRenderData":true}
{"class":"TSStatic","persistentId":"41032c5b-7f3e-453e-ad31-1060d524d994","__parent":"trail_022","position":[46.3676491,-160.473999,162.778122],"isRenderEnabled":false,"shapeName":"/levels/johnson_valley/art/shapes/rocks/s_rocks_desert_large_07.dae","useInstanceRenderData":true}
{"class":"TSStatic","persistentId":"5f6ba8c9-a33a-48aa-82cc-fe76964bba1a","__parent":"trail_022","position":[53.9198608,-156.39238,161.746948],"isRenderEnabled":false,"rotationMatrix":[-0.062061429,-0.977302194,0.202556282,2.98023224e-08,0.202947378,0.979189754,-0.998072505,0.0607696772,-0.0125952959],"shapeName":"/levels/johnson_valley/art/shapes/rocks/s_rocks_desert_large_07.dae","useInstanceRenderData":true}
{"class":"TSStatic","persistentId":"5bca5e92-55da-46a1-828c-1b0b3f0e4122","__parent":"trail_022","position":[49.3387337,-154.614395,163.994843],"isRenderEnabled":false,"rotationMatrix":[0.991826534,-9.31322575e-10,-0.127593368,-0.019239191,0.988566577,-0.149552763,0.126134545,0.150785208,0.980486572],"shapeName":"/levels/johnson_valley/art/shapes/rocks/s_rocks_desert_large_06.dae","useInstanceRenderData":true}
{"class":"TSStatic","persistentId":"a425d843-e17e-43f0-a0bc-332361d2a091","__parent":"trail_022","position":[46.9919624,-162.755219,162.876297],"isRenderEnabled":false,"rotationMatrix":[-0.478353977,-0.778115928,0.407080144,-0.851896584,0.523710489,1.49011612e-08,-0.213192195,-0.346790016,-0.913393259],"shapeName":"/levels/johnson_valley/art/shapes/rocks/s_rocks_desert_large_06.dae","useInstanceRenderData":true}
{"class":"TSStatic","persistentId":"ccc8f4b7-fcd4-492b-a790-6af0f9504721","__parent":"trail_022","position":[43.056797,-160.207794,162.743958],"isRenderEnabled":false,"shapeName":"/levels/johnson_valley/art/shapes/rocks/s_rocks_desert_large_05.dae","useInstanceRenderData":true}
{"class":"TSStatic","persistentId":"03784f46-280f-42f7-8250-2fa68fed543d","__parent":"trail_022","position":[63.8700638,-160.824295,162.580109],"isRenderEnabled":false,"shapeName":"/levels/johnson_valley/art/shapes/rocks/s_rocks_desert_large_03.dae","useInstanceRenderData":true}
{"class":"TSStatic","persistentId":"31298b9d-80b1-4bb7-9c47-dd65c17259b1","__parent":"trail_022","position":[60.3387527,-163.098953,161.964859],"isRenderEnabled":false,"rotationMatrix":[0.971470475,0.235529691,0.0277640019,-0.237160444,0.964790523,0.113728546,0,-0.117068447,0.993123829],"shapeName":"/levels/johnson_valley/art/shapes/rocks/s_rocks_desert_huge_sheet_3.dae","useInstanceRenderData":true}
{"class":"TSStatic","persistentId":"1b92147f-d312-4438-ae62-17696f0bba50","__parent":"trail_022","position":[57.1625519,-153.443939,161.2659],"isRenderEnabled":false,"rotationMatrix":[0.982508659,0.185516551,0.0161349326,-0.181605652,0.973738313,-0.137306601,-0.0411838442,0.131974727,0.990397155],"shapeName":"/levels/johnson_valley/art/shapes/rocks/s_rocks_desert_huge_sheet_1.dae","useInstanceRenderData":true}
{"class":"TSStatic","persistentId":"52cc6b27-6e33-458c-aac7-40a1b4ec12e6","__parent":"trail_022","position":[54.1195908,-161.908737,161.722931],"isRenderEnabled":false,"shapeName":"/levels/johnson_valley/art/shapes/rocks/s_rocks_desert_medium_01.dae","useInstanceRenderData":true}
{"class":"TSStatic","persistentId":"047c093d-5cb2-4c57-aa62-2cdeea71006c","__parent":"trail_022","position":[58.586853,-156.036179,162.143387],"isRenderEnabled":false,"shapeName":"/levels/johnson_valley/art/shapes/rocks/s_rocks_desert_medium_03.dae","useInstanceRenderData":true}
{"class":"TSStatic","persistentId":"1406dccc-c3e9-413d-bbd4-880ed2bc31a4","__parent":"trail_022","position":[49.6329727,-157.031403,162.26474],"isRenderEnabled":false,"shapeName":"/levels/johnson_valley/art/shapes/rocks/s_rocks_desert_medium_05.dae","useInstanceRenderData":true}
{"class":"TSStatic","persistentId":"21f4ea1a-d214-4e43-989a-350a4f06598b","__parent":"trail_022","position":[50.3399544,-160.952759,162.077164],"isRenderEnabled":false,"rotationMatrix":[0.295707047,0,0.955278695,0,1,0,-0.955278695,0,0.295707047],"shapeName":"/levels/johnson_valley/art/shapes/rocks/s_rocks_desert_medium_04.dae","useInstanceRenderData":true}
{"class":"TSStatic","persistentId":"26a68829-5fda-468a-a960-2c69c44accb5","__parent":"trail_022","position":[56.979248,-157.938599,161.761963],"isRenderEnabled":false,"shapeName":"/levels/johnson_valley/art/shapes/rocks/s_rocks_desert_medium_03.dae","useInstanceRenderData":true}
{"class":"TSStatic","persistentId":"dd8873ca-6956-4bee-bca0-5dd9bf094580","__parent":"trail_022","position":[56.412735,-161.449509,161.683914],"isRenderEnabled":false,"shapeName":"/levels/johnson_valley/art/shapes/rocks/s_rocks_desert_large_05.dae","useInstanceRenderData":true}
{"class":"TSStatic","persistentId":"148cf557-f709-4deb-a9b1-f084c2f69f2f","__parent":"trail_022","position":[61.2100487,-154.816391,162.737442],"isRenderEnabled":false,"rotationMatrix":[0.879383445,-0.476114303,0,0.476114303,0.879383445,0,0,0,1],"shapeName":"/levels/johnson_valley/art/shapes/rocks/s_rocks_desert_large_06.dae","useInstanceRenderData":true}
{"class":"TSStatic","persistentId":"b97f519f-064b-4cad-8a49-219e9242bfab","__parent":"trail_022","position":[65.2558899,-158.517532,163.718872],"isRenderEnabled":false,"shapeName":"/levels/johnson_valley/art/shapes/rocks/s_rocks_desert_medium_01.dae","useInstanceRenderData":true}
{"class":"TSStatic","persistentId":"3be216d0-0898-4824-a9bb-633d44813275","__parent":"trail_022","position":[66.3330078,-152.668594,164.274521],"isRenderEnabled":false,"shapeName":"/levels/johnson_valley/art/shapes/rocks/s_rocks_desert_medium_02.dae","useInstanceRenderData":true}
{"class":"TSStatic","persistentId":"7a56cc6e-3227-4cfe-8a07-4ce558ad65c7","__parent":"trail_022","position":[62.0644913,-159.200607,162.103989],"isRenderEnabled":false,"rotationMatrix":[-0.512650847,0.133071005,0.848222435,0.783380747,0.476856112,0.398651421,-0.351431072,0.868850052,-0.348706007],"shapeName":"/levels/johnson_valley/art/shapes/rocks/s_rocks_desert_large_06.dae","useInstanceRenderData":true}
{"class":"TSStatic","persistentId":"13479d86-bbe2-4380-b944-8a9fa67b4ea3","__parent":"trail_022","position":[60.3274231,-156.79744,162.467987],"isRenderEnabled":false,"shapeName":"/levels/johnson_valley/art/shapes/rocks/s_rocks_desert_medium_03.dae","useInstanceRenderData":true}
{"class":"TSStatic","persistentId":"41f15c5c-ed93-4c21-b4bb-71a15b6cd1fa","__parent":"trail_022","position":[74.9397736,-154.715591,164.551453],"isRenderEnabled":false,"shapeName":"/levels/johnson_valley/art/shapes/rocks/s_rocks_desert_large_06.dae","useInstanceRenderData":true}
{"class":"TSStatic","persistentId":"545b6435-f5ce-4cb4-8521-07f3b380bb8b","__parent":"trail_022","position":[72.3090897,-154.919434,163.586487],"isRenderEnabled":false,"shapeName":"/levels/johnson_valley/art/shapes/rocks/s_rocks_desert_large_05.dae","useInstanceRenderData":true}
{"class":"TSStatic","persistentId":"dfca5fb5-2ea1-4781-bc7f-ade7a7f0d1f4","__parent":"trail_022","position":[72.9651489,-157.389023,163.544357],"isRenderEnabled":false,"rotationMatrix":[0.989643097,0.140189037,0.0308802091,-0.143549815,0.96647352,0.212890461,9.31322575e-10,-0.215118423,0.976587951],"shapeName":"/levels/johnson_valley/art/shapes/rocks/s_rocks_desert_huge_sheet_3.dae","useInstanceRenderData":true}
{"class":"TSStatic","persistentId":"20294ca5-a0f6-45bf-bb07-7939e2e04ade","__parent":"trail_022","position":[71.1260757,-148.616257,165.227707],"isRenderEnabled":false,"shapeName":"/levels/johnson_valley/art/shapes/rocks/s_rocks_desert_large_02.dae","useInstanceRenderData":true}
{"class":"TSStatic","persistentId":"8eef4026-f7ed-474f-90ad-8787483c29cb","__parent":"trail_022","position":[86.5852585,-149.883865,163.382294],"isRenderEnabled":false,"rotationMatrix":[-0.294747233,0.890835226,0.345741272,-0.933003604,-0.346463323,0.0973024294,0.206467032,-0.293898195,0.933271229],"shapeName":"/levels/johnson_valley/art/shapes/rocks/s_rocks_desert_huge_sheet_2.dae","useInstanceRenderData":true}
