{"class":"TSStatic","persistentId":"15459003-4137-4158-96bc-bc257b4dec01","__parent":"trail_006","position":[-138.607605,133.983871,192.370377],"isRenderEnabled":false,"rotationMatrix":[0.874777794,-0.0299678817,-0.483596623,-0.037348792,0.99094516,-0.128967836,0.483082652,0.130879954,0.865737557],"shapeName":"/levels/johnson_valley/art/shapes/rocks/s_rocks_desert_low_small.dae","useInstanceRenderData":true}
{"class":"TSStatic","persistentId":"0a441762-58ef-4cb6-a212-d262e50e9866","__parent":"trail_006","position":[-139.717102,139.675568,192.489182],"isRenderEnabled":false,"rotationMatrix":[0.926972091,0.189383209,-0.323815942,-0.164260447,0.980972111,0.103499576,0.337255478,-0.0427510589,0.940441966],"shapeName":"/levels/johnson_valley/art/shapes/rocks/s_rocks_desert_low_tiny.dae","useInstanceRenderData":true}
{"class":"TSStatic","persistentId":"ee92fbb9-3ea6-4da5-b970-008041d0ca79","__parent":"trail_006","position":[-467.478149,260.871887,164.769012],"isRenderEnabled":false,"rotationMatrix":[0.466421425,-0.88456279,0,0.88456279,0.466421425,0,0,0,1],"shapeName":"/levels/johnson_valley/art/shapes/rocks/s_rocks_desert_large_04.dae","useInstanceRenderData":true}
{"class":"TSStatic","persistentId":"aab990f4-6615-499f-b4ee-ff6ce59345eb","__parent":"trail_006","position":[-502.143524,143.340683,221.347809],"isRenderEnabled":false,"rotationMatrix":[0.447992623,-0.873026133,0.192687869,0.887462258,0.460337818,0.0223698094,-0.108231001,0.160981596,0.981005073],"shapeName":"/levels/johnson_valley/art/shapes/rocks/s_rocks_desert_large_03.dae","useInstanceRenderData":true}
{"class":"TSStatic","persistentId":"12220122-6001-41b8-b03b-0e7120b923b1","__parent":"trail_006","position":[-340.995972,118.644638,220.705811],"isRenderEnabled":false,"rotationMatrix":[0.466421247,-0.877666712,-0.110238798,0.88456285,0.462784946,0.0581278466,0,-0.124625191,0.992203891],"shapeName":"/levels/johnson_valley/art/shapes/rocks/s_rocks_desert_large_07.dae","useInstanceRenderData":true}
{"class":"TSStatic","persistentId":"06a33e7a-ca1d-419a-848c-faccfdcf45b8","__parent":"trail_006","position":[-456.83078,256.736511,165.830368],"isRenderEnabled":false,"rotationMatrix":[0.466421425,-0.88456279,0,0.88456279,0.466421425,0,0,0,1],"shapeName":"/levels/johnson_valley/art/shapes/rocks/s_rocks_desert_large_05.dae","useInstanceRenderData":true}
{"class":"TSStatic","persistentId":"46ca8ca1-f463-45a2-a03a-bced2d2ff3e8","__parent":"trail_006","position":[-466.123077,254.863113,166.591202],"isRenderEnabled":false,"rotationMatrix":[0.466421425,-0.88456279,0,0.88456279,0.466421425,0,0,0,1],"shapeName":"/levels/johnson_valley/art/shapes/rocks/s_rocks_desert_medium_01.dae","useInstanceRenderData":true}
{"class":"TSStatic","persistentId":"8135ff17-8eb3-413b-8ea3-35ff6453bb89","__parent":"trail_006","position":[-463.147797,263.264069,165.353058],"isRenderEnabled":false,"rotationMatrix":[0.466421425,-0.88456279,0,0.88456279,0.466421425,0,0,0,1],"shapeName":"/levels/johnson_valley/art/shapes/rocks/s_rocks_desert_medium_02.dae","useInstanceRenderData":true}
{"class":"TSStatic","persistentId":"7733a1e9-67a4-4e7f-8a32-09a938ca3204","__parent":"trail_006","position":[-468.063049,258.15448,165.67038],"isRenderEnabled":false,"rotationMatrix":[0.466421425,-0.88456279,0,0.88456279,0.466421425,0,0,0,1],"shapeName":"/levels/johnson_valley/art/shapes/rocks/s_rocks_desert_medium_03.dae","useInstanceRenderData":true}
{"class":"TSStatic","persistentId":"17b80109-948d-4b2f-a04b-72504532bb2f","__parent":"trail_006","position":[-464.763184,264.334839,164.996384],"isRenderEnabled":false,"rotationMatrix":[0.466421425,-0.88456279,0,0.88456279,0.466421425,0,0,0,1],"shapeName":"/levels/johnson_valley/art/shapes/rocks/s_rocks_desert_medium_04.dae","useInstanceRenderData":true}
{"class":"TSStatic","persistentId":"afbcdd90-b014-4aeb-b137-3bd92b4a7d8c","__parent":"trail_006","position":[-473.17453,274.4729,162.134201],"isRenderEnabled":false,"rotationMatrix":[0.466421425,-0.88456279,0,0.88456279,0.466421425,0,0,0,1],"shapeName":"/levels/johnson_valley/art/shapes/rocks/s_rocks_desert_medium_05.dae","useInstanceRenderData":true}
{"class":"TSStatic","persistentId":"78cd83bf-9326-4071-aa67-96da500f4419","__parent":"trail_006","position":[-460.683594,247.943893,167.828873],"isRenderEnabled":false,"rotationMatrix":[-0.469542861,0.652673841,-0.594597995,-0.786183238,-0.615555406,-0.0548440814,-0.401803195,0.441711277,0.802150488],"shapeName":"/levels/johnson_valley/art/shapes/rocks/s_rocks_desert_huge_sheet_2.dae","useInstanceRenderData":true}
{"class":"TSStatic","persistentId":"85fcceb7-5394-46aa-bc3f-102bc27965ff","__parent":"trail_006","position":[-453.137604,247.305252,170.809433],"isRenderEnabled":false,"rotationMatrix":[-0.541406035,-0.817988873,0.194356322,0.740536571,-0.35449183,0.570913017,-0.398102701,0.453023493,0.797674179],"shapeName":"/levels/johnson_valley/art/shapes/rocks/s_rocks_desert_huge_sheet_3.dae","useInstanceRenderData":true}
{"class":"TSStatic","persistentId":"531c92e4-8e55-488b-b59d-51b55ac15c2f","__parent":"trail_006","position":[-478.234924,272.52124,161.610001],"isRenderEnabled":false,"rotationMatrix":[0.589983642,-0.807102144,0.0224775672,0.807272136,0.590174437,0.00239113718,-0.0151955774,0.0167347845,0.999744475],"shapeName":"/levels/johnson_valley/art/shapes/rocks/s_rocks_desert_huge_sheet_1.dae","useInstanceRenderData":true}
{"class":"TSStatic","persistentId":"21cb9234-92d0-4bae-8d6b-ede178b34f72","__parent":"trail_006","position":[-471.496796,265.754486,163.834],"isRenderEnabled":false,"rotationMatrix":[0.466421425,-0.88456279,0,0.88456279,0.466421425,0,0,0,1],"shapeName":"/levels/johnson_valley/art/shapes/rocks/s_rocks_desert_large_06.dae","useInstanceRenderData":true}
{"class":"TSStatic","persistentId":"2e67b55b-f13c-4c4b-94e9-5c247b4bbaa0","__parent":"trail_006","position":[-474.073975,279.062897,159.340897],"isRenderEnabled":false,"rotationMatrix":[0.436618567,-0.884562612,-0.164052218,0.828041911,0.466421366,-0.311123133,0.35172537,0,0.936103225],"shapeName":"/levels/johnson_valley/art/shapes/rocks/s_rocks_desert_large_02.dae","useInstanceRenderData":true}
{"class":"TSStatic","persistentId":"4cf2d2ee-9947-4034-82d3-2ac354290e4f","__parent":"trail_006","position":[-142.889191,140.963974,192.363693],"isRenderEnabled":false,"rotationMatrix":[0.9627707,0.268510222,0.0312217232,-0.268369138,0.963276803,-0.00870295428,-0.0324119963,1.39698386e-09,0.999474585],"shapeName":"/levels/johnson_valley/art/shapes/rocks/s_rocks_desert_large_02.dae","useInstanceRenderData":true}
{"class":"TSStatic","persistentId":"31910d61-b5dd-42d6-ae50-0f78bc3864db","__parent":"trail_006","position":[-141.072479,135.84111,193.729675],"isRenderEnabled":false,"rotationMatrix":[0.759183288,0.645146012,0.0861819237,-0.641028881,0.764059305,-0.0727691278,-0.112794816,0,0.993618309],"shapeName":"/levels/johnson_valley/art/shapes/rocks/s_rocks_desert_large_06.dae","useInstanceRenderData":true}
{"class":"TSStatic","persistentId":"81e6a822-d103-40ff-b24d-0246611fad90","__parent":"trail_006","position":[-141.856262,138.540115,192.454422],"isRenderEnabled":false,"rotationMatrix":[0.860441148,-0.509549975,0,0.509549975,0.860441148,0,0,0,1],"shapeName":"/levels/johnson_valley/art/shapes/rocks/s_rocks_desert_large_03.dae","useInstanceRenderData":true}
{"class":"TSStatic","persistentId":"f95f875d-1bf3-482b-8eb1-96afb68f1a5e","__parent":"trail_006","position":[-144.235107,137.9841,193.813736],"isRenderEnabled":false,"rotationMatrix":[0.971676648,0.23631452,0,-0.23631452,0.971676648,0,0,0,1],"shapeName":"/levels/johnson_valley/art/shapes/rocks/s_rocks_desert_large_03.dae","useInstanceRenderData":true}
{"class":"TSStatic","persistentId":"22891342-085d-4034-afe9-d1c42ccbc4fe","__parent":"trail_006","position":[-144.51062,141.650391,194.659775],"isRenderEnabled":false,"rotationMatrix":[0.992478549,-0.122418471,0,0.122418471,0.992478549,0,0,0,1],"shapeName":"/levels/johnson_valley/art/shapes/rocks/s_rocks_desert_large_06.dae","useInstanceRenderData":true}
{"class":"TSStatic","persistentId":"878a607d-2827-4580-abd4-d1c19150cb82","__parent":"trail_006","position":[-146.526352,141.376114,195.087128],"isRenderEnabled":false,"rotationMatrix":[-0.982691765,0.178476974,0.0496324115,-0.178249761,-0.983944297,0.00900278986,0.0504423119,-4.65661287e-10,0.998726964],"shapeName":"/levels/johnson_valley/art/shapes/rocks/s_rocks_desert_large_03.dae","useInstanceRenderData":true}
{"class":"TSStatic","persistentId":"1833dd0e-e811-41a5-9422-dcde36d39195","__parent":"trail_006","position":[-146.011383,138.999115,194.536346],"isRenderEnabled":false,"rotationMatrix":[0.755148411,-0.648189723,0.0979859978,0.624182761,0.756618738,0.194741368,-0.200367346,-0.0858975276,0.975948036],"shapeName":"/levels/johnson_valley/art/shapes/rocks/s_rocks_desert_large_03.dae","useInstanceRenderData":true}
{"class":"TSStatic","persistentId":"c78bf94b-983a-45db-8066-a5b7fc94f66d","__parent":"trail_006","position":[-146.666138,137.149872,195.918823],"isRenderEnabled":false,"rotationMatrix":[0.999999404,0.00106433232,0,-0.00106433232,0.999999404,0,0,0,1],"shapeName":"/levels/johnson_valley/art/shapes/rocks/s_rocks_desert_large_03.dae","useInstanceRenderData":true}
{"class":"TSStatic","persistentId":"2d6a4818-6584-4f3e-9056-de1338b9585c","__parent":"trail_006","position":[-148.483597,141.402084,196.856094],"isRenderEnabled":false,"rotationMatrix":[0.835244536,-0.1224185,0.536078632,0.103024282,0.992478549,0.0661232769,-0.540141284,3.7252903e-09,0.841574371],"shapeName":"/levels/johnson_valley/art/shapes/rocks/s_rocks_desert_large_06.dae","useInstanceRenderData":true}
{"class":"TSStatic","persistentId":"1ae30d42-7db9-4c08-b397-71f384e9f816","__parent":"trail_006","position":[-147.875793,138.16452,196.758682],"isRenderEnabled":false,"rotationMatrix":[0.992478549,-0.0980957076,0.073236078,0.1224185,0.795287251,-0.59374404,3.7252903e-09,0.598243713,0.801314294],"shapeName":"/levels/johnson_valley/art/shapes/rocks/s_rocks_desert_large_06.dae","useInstanceRenderData":true}
{"class":"TSStatic","persistentId":"830c362a-0b0a-471f-97eb-8156a115db19","__parent":"trail_006","position":[-148.610474,138.951324,196.067657],"isRenderEnabled":false,"rotationMatrix":[0.915611744,0.402063727,0,-0.402063727,0.915611744,0,0,0,1],"shapeName":"/levels/johnson_valley/art/shapes/rocks/s_rocks_desert_large_03.dae","useInstanceRenderData":true}
{"class":"TSStatic","persistentId":"1ae9791a-d7a1-4b0f-ba0d-46b815e135f5","__parent":"trail_006","position":[-149.113739,138.244888,197.155518],"isRenderEnabled":false,"rotationMatrix":[-0.664455533,0.74355948,0.0749552399,-0.74709034,-0.663423777,-0.0415344536,0.0188437514,-0.0835961252,0.996321559],"shapeName":"/levels/johnson_valley/art/shapes/rocks/s_rocks_desert_large_03.dae","useInstanceRenderData":true}
{"class":"TSStatic","persistentId":"4723e471-733c-48c7-928a-379478e829a3","__parent":"trail_006","position":[-149.547989,140.423538,196.734314],"isRenderEnabled":false,"rotationMatrix":[-0.642606854,-0.755212665,0.129268676,0.765405416,-0.625077963,0.153076008,-0.0348019451,0.197310612,0.979723096],"shapeName":"/levels/johnson_valley/art/shapes/rocks/s_rocks_desert_large_03.dae","useInstanceRenderData":true}
{"class":"TSStatic","persistentId":"d796e14e-c429-4468-82d0-8ce7b37df9f9","__parent":"trail_006","position":[-152.39325,138.627609,199.429718],"isRenderEnabled":false,"rotationMatrix":[0.948904634,0.176470339,-0.261607051,-0.174784839,0.984152853,0.029890826,0.262736142,0.0173614118,0.964711487],"shapeName":"/levels/johnson_valley/art/shapes/rocks/s_rocks_desert_low_flat_02.dae","useInstanceRenderData":true}
{"class":"TSStatic","persistentId":"f9f60683-2af0-401d-889c-aa7c9a464466","__parent":"trail_006","position":[-159.813629,132.829391,199.462509],"isRenderEnabled":false,"rotationMatrix":[0.300558209,-0.809279323,0.504709423,0.952131271,0.285535276,-0.109157965,-0.0557730049,0.513357997,0.856360257],"shapeName":"/levels/johnson_valley/art/shapes/rocks/s_rocks_desert_huge_sheet_2.dae","useInstanceRenderData":true}
{"class":"TSStatic","persistentId":"e2a98c83-e7ba-498c-80b3-4c19d80d894d","__parent":"trail_006","position":[-156.33783,134.278061,199.988449],"isRenderEnabled":false,"rotationMatrix":[0.747228503,-0.604723334,0.275607049,0.654950142,0.740399241,-0.151159748,-0.112649404,0.293459773,0.949311018],"shapeName":"/levels/johnson_valley/art/shapes/rocks/s_rocks_desert_large_04.dae","useInstanceRenderData":true}
{"class":"TSStatic","persistentId":"532367b3-4734-49eb-8af5-107c90e6570a","__parent":"trail_006","position":[-154.317657,133.895874,199.350159],"isRenderEnabled":false,"rotationMatrix":[-0.87318933,-0.484996855,0.0481463298,0.484828651,-0.854272246,0.187509283,-0.0498113334,0.187073871,0.981082141],"shapeName":"/levels/johnson_valley/art/shapes/rocks/s_rocks_desert_large_04.dae","useInstanceRenderData":true}
{"class":"TSStatic","persistentId":"d9555516-e130-4767-852b-f85d966b6453","__parent":"trail_006","position":[-159.156647,130.582489,201.960144],"isRenderEnabled":false,"rotationMatrix":[0.551434636,0.832039893,0.0602436662,-0.796180904,0.546474934,-0.259732455,-0.249029458,0.0952605829,0.963799655],"shapeName":"/levels/johnson_valley/art/shapes/rocks/s_rocks_desert_large_06.dae","useInstanceRenderData":true}
{"class":"TSStatic","persistentId":"8c318cb1-865c-4c1b-a00f-a35da831711a","__parent":"trail_006","position":[-167.21254,133.346283,203.506302],"isRenderEnabled":false,"rotationMatrix":[0.224531054,0.974467099,0,-0.974467099,0.224531054,0,0,0,1],"shapeName":"/levels/johnson_valley/art/shapes/rocks/s_rocks_desert_large_03.dae","useInstanceRenderData":true}
{"class":"TSStatic","persistentId":"b1064c1e-eda2-4eb8-a35f-cd9dde413781","__parent":"trail_006","position":[-166.846786,135.734695,203.506302],"isRenderEnabled":false,"rotationMatrix":[-0.470992446,-0.865098834,0.172540456,0.882137299,-0.461895227,0.0921231359,0,0.19559367,0.980684996],"shapeName":"/levels/johnson_valley/art/shapes/rocks/s_rocks_desert_large_03.dae","useInstanceRenderData":true}
{"class":"TSStatic","persistentId":"c1756c5d-4ab9-4cc7-8391-90c639365513","__parent":"trail_006","position":[-164.33847,141.259705,201.593979],"isRenderEnabled":false,"rotationMatrix":[0.410288095,-0.845767856,0.341087401,0.900175571,0.315671444,-0.300059676,0.146109179,0.430149436,0.890855551],"shapeName":"/levels/johnson_valley/art/shapes/rocks/s_rocks_desert_huge_sheet_2.dae","useInstanceRenderData":true}
{"class":"TSStatic","persistentId":"a85a7c08-5c14-4195-a12a-6a3fe2094447","__parent":"trail_006","position":[-162.506378,131.438629,202.836761],"isRenderEnabled":false,"rotationMatrix":[0.677567959,-0.735460401,0,0.735460401,0.677567959,0,0,0,1],"shapeName":"/levels/johnson_valley/art/shapes/rocks/s_rocks_desert_medium_01.dae","useInstanceRenderData":true}
{"class":"TSStatic","persistentId":"79f61246-59a4-4ba6-aad8-adbfa6e2f6cd","__parent":"trail_006","position":[-170.337891,131.28772,205.534409],"isRenderEnabled":false,"rotationMatrix":[-0.0554066896,-0.998237669,-0.0212495178,0.932042897,-0.0593417883,0.357455552,-0.358086586,0,0.933688402],"shapeName":"/levels/johnson_valley/art/shapes/rocks/s_rocks_desert_medium_02.dae","useInstanceRenderData":true}
{"class":"TSStatic","persistentId":"73ec47ac-1818-4d1e-bc5f-fc39919a1b64","__parent":"trail_006","position":[-161.993149,132.926849,202.15831],"isRenderEnabled":false,"rotationMatrix":[-0.560668111,-0.827143848,-0.0385425314,0.820262492,-0.548433781,-0.162453026,0.113233961,-0.122697115,0.985963225],"shapeName":"/levels/johnson_valley/art/shapes/rocks/s_rocks_desert_medium_03.dae","useInstanceRenderData":true}
{"class":"TSStatic","persistentId":"29416641-68f4-437f-8026-aac2e3a16d50","__parent":"trail_006","position":[-162.641891,135.785019,202.52356],"isRenderEnabled":false,"rotationMatrix":[0.677567959,-0.735460401,0,0.735460401,0.677567959,0,0,0,1],"shapeName":"/levels/johnson_valley/art/shapes/rocks/s_rocks_desert_medium_04.dae","useInstanceRenderData":true}
{"class":"TSStatic","persistentId":"1120503c-73a0-4791-93a1-3b5bdeaba26a","__parent":"trail_006","position":[-169.006485,129.451416,205.156509],"isRenderEnabled":false,"rotationMatrix":[0.677567959,-0.735460401,0,0.735460401,0.677567959,0,0,0,1],"shapeName":"/levels/johnson_valley/art/shapes/rocks/s_rocks_desert_large_07.dae","useInstanceRenderData":true}
{"class":"TSStatic","persistentId":"6ac4fd34-49af-4568-91ab-9ee1dfcad61e","__parent":"trail_006","position":[-169.113174,133.776688,205.307983],"isRenderEnabled":false,"rotationMatrix":[0.677567959,-0.735460401,0,0.735460401,0.677567959,0,0,0,1],"shapeName":"/levels/johnson_valley/art/shapes/rocks/s_rocks_desert_large_06.dae","useInstanceRenderData":true}
{"class":"TSStatic","persistentId":"9f8d2cef-f1ce-4978-a5e4-6f285aa45a16","__parent":"trail_006","position":[-167.261642,130.077393,204.600677],"isRenderEnabled":false,"rotationMatrix":[0.677567959,-0.735460401,0,0.735460401,0.677567959,0,0,0,1],"shapeName":"/levels/johnson_valley/art/shapes/rocks/s_rocks_desert_medium_05.dae","useInstanceRenderData":true}
{"class":"TSStatic","persistentId":"5f5283f3-779b-4df3-9ea8-4cc16c720e83","__parent":"trail_006","position":[-163.917099,134.403259,202.98967],"isRenderEnabled":false,"rotationMatrix":[0.677567959,-0.735460401,0,0.735460401,0.677567959,0,0,0,1],"shapeName":"/levels/johnson_valley/art/shapes/rocks/s_rocks_desert_medium_02.dae","useInstanceRenderData":true}
{"class":"TSStatic","persistentId":"802d5572-4773-4d7e-a45f-9d6ff8c797c5","__parent":"trail_006","position":[-159.965363,133.001511,201.540024],"isRenderEnabled":false,"rotationMatrix":[0.677567959,-0.735460401,0,0.735460401,0.677567959,0,0,0,1],"shapeName":"/levels/johnson_valley/art/shapes/rocks/s_rocks_desert_medium_03.dae","useInstanceRenderData":true}
{"class":"TSStatic","persistentId":"66b6146b-7ee8-4e54-b8fb-66493bc4fdee","__parent":"trail_006","position":[-165.768784,133.02269,203.441254],"isRenderEnabled":false,"rotationMatrix":[-0.47731173,-0.870996952,0.116354808,0.767763734,-0.348952413,0.537374675,-0.427449286,0.345828056,0.835278451],"shapeName":"/levels/johnson_valley/art/shapes/rocks/s_rocks_desert_medium_04.dae","useInstanceRenderData":true}
{"class":"TSStatic","persistentId":"7a1517ac-12eb-4194-aca8-b58e9d5d3c07","__parent":"trail_006","position":[-166.341141,131.205521,203.972351],"isRenderEnabled":false,"rotationMatrix":[-0.429181814,-0.869329154,-0.245093331,0.754905164,-0.494234562,0.431104898,-0.495905399,0,0.868376613],"shapeName":"/levels/johnson_valley/art/shapes/rocks/s_rocks_desert_medium_02.dae","useInstanceRenderData":true}
{"class":"TSStatic","persistentId":"cec95c79-0dd1-4233-aaf0-8b17ef5286d4","__parent":"trail_006","position":[-165.72168,130.267838,204.600677],"isRenderEnabled":false,"rotationMatrix":[-0.353735805,-0.916360021,-0.187498376,0.809653401,-0.400355697,0.429158598,-0.468329728,0,0.883553803],"shapeName":"/levels/johnson_valley/art/shapes/rocks/s_rocks_desert_medium_05.dae","useInstanceRenderData":true}
{"class":"TSStatic","persistentId":"96124e31-4165-4c5c-ac4e-60a5006af45a","__parent":"trail_006","position":[-165.629974,129.308975,203.623459],"isRenderEnabled":false,"rotationMatrix":[0.677567959,-0.735460401,0,0.735460401,0.677567959,0,0,0,1],"shapeName":"/levels/johnson_valley/art/shapes/rocks/s_rocks_desert_medium_02.dae","useInstanceRenderData":true}
{"class":"TSStatic","persistentId":"6e26de14-556e-4dde-9df3-b7e819350b19","__parent":"trail_006","position":[-170.11171,129.591187,205.247803],"isRenderEnabled":false,"rotationMatrix":[-0.681137204,0.732156098,0,-0.732156098,-0.681137204,0,0,0,1],"shapeName":"/levels/johnson_valley/art/shapes/rocks/s_rocks_desert_large_03.dae","useInstanceRenderData":true}
{"class":"TSStatic","persistentId":"59480214-9aaa-472a-8967-2d067b99562f","__parent":"trail_006","position":[-173.611267,130.703659,207.204544],"isRenderEnabled":false,"rotationMatrix":[-0.892460108,-0.451128453,0,0.451128453,-0.892460108,0,0,0,1],"shapeName":"/levels/johnson_valley/art/shapes/rocks/s_rocks_desert_large_03.dae","useInstanceRenderData":true}
{"class":"TSStatic","persistentId":"227e1691-afb5-4f57-993b-72795b1e3258","__parent":"trail_006","position":[-170.936005,131.640839,206.64093],"isRenderEnabled":false,"rotationMatrix":[-0.824275136,-0.02974841,-0.565407753,-0.225656152,-0.89861834,0.376250893,-0.519278526,0.437721878,0.733995438],"shapeName":"/levels/johnson_valley/art/shapes/rocks/s_rocks_desert_medium_02.dae","useInstanceRenderData":true}
{"class":"TSStatic","persistentId":"6154992a-8ebb-4db0-8f53-68f32f56ea3a","__parent":"trail_006","position":[-177.519669,129.913101,207.804077],"isRenderEnabled":false,"rotationMatrix":[0.988240719,-0.121572219,0.0927388743,0.109141864,0.985617399,0.129020929,-0.107090406,-0.117382035,0.987295866],"shapeName":"/levels/johnson_valley/art/shapes/rocks/s_rocks_desert_huge_sheet_2.dae","useInstanceRenderData":true}
{"class":"TSStatic","persistentId":"c3e17c3b-6ed0-4a42-a602-5828184890a2","__parent":"trail_006","position":[-177.810623,130.861465,210.198135],"isRenderEnabled":false,"rotationMatrix":[0.992478549,-0.122418471,0,0.122418471,0.992478549,0,0,0,1],"shapeName":"/levels/johnson_valley/art/shapes/rocks/s_rocks_desert_large_05.dae","useInstanceRenderData":true}
{"class":"TSStatic","persistentId":"ae979282-94a0-4663-9fec-dcb2c1cbbd78","__parent":"trail_006","position":[-185.037277,127.354446,215.684738],"isRenderEnabled":false,"rotationMatrix":[0.677567959,-0.735460401,0,0.735460401,0.677567959,0,0,0,1],"shapeName":"/levels/johnson_valley/art/shapes/rocks/s_rocks_desert_large_06.dae","useInstanceRenderData":true}
{"class":"TSStatic","persistentId":"a6ac5752-a503-4c63-ba5e-b7e40ec839b0","__parent":"trail_006","position":[-185.711411,121.884773,215.213516],"isRenderEnabled":false,"rotationMatrix":[-0.309004188,-0.948062003,0.0754616261,0.920996487,-0.318084955,-0.224915594,0.237237185,0,0.971451759],"scale":[0.753759742,0.753759742,0.753759742],"shapeName":"/levels/johnson_valley/art/shapes/rocks/s_rocks_desert_large_06.dae","useInstanceRenderData":true}
{"class":"TSStatic","persistentId":"abef1a04-b4ba-4639-8aee-a44a5d64eff7","__parent":"trail_006","position":[-186.421585,122.928658,213.985596],"isRenderEnabled":false,"rotationMatrix":[0.994846821,-0.0677153692,0.0754615664,0.0831406787,0.970824718,-0.224915579,-0.0580297112,0.230030462,0.971451759],"scale":[0.753759742,0.753759742,0.753759742],"shapeName":"/levels/johnson_valley/art/shapes/rocks/s_rocks_desert_large_06.dae","useInstanceRenderData":true}
{"class":"TSStatic","persistentId":"8873e687-1435-44bb-9030-9089f36dadd1","__parent":"trail_006","position":[-197.535675,120.161324,214.226364],"isRenderEnabled":false,"rotationMatrix":[0.769862056,-0.638210475,0,0.638210475,0.769862056,0,0,0,1],"shapeName":"/levels/johnson_valley/art/shapes/rocks/s_rocks_desert_medium_02.dae","useInstanceRenderData":true}
{"class":"TSStatic","persistentId":"f3155e77-a513-40e6-b7b4-dbd10f203003","__parent":"trail_006","position":[-194.502167,123.486946,214.13118],"isRenderEnabled":false,"rotationMatrix":[0.913182914,0.407550097,0,-0.407550097,0.913182914,0,0,0,1],"shapeName":"/levels/johnson_valley/art/shapes/rocks/s_rocks_desert_medium_01.dae","useInstanceRenderData":true}
{"class":"TSStatic","persistentId":"aae93fac-0146-417b-a04b-3c07a820fb33","__parent":"trail_006","position":[-194.036514,120.850105,213.940628],"isRenderEnabled":false,"rotationMatrix":[0.992478549,-0.122418471,0,0.122418471,0.992478549,0,0,0,1],"shapeName":"/levels/johnson_valley/art/shapes/rocks/s_rocks_desert_medium_03.dae","useInstanceRenderData":true}
{"class":"TSStatic","persistentId":"3f89cb5f-9488-40af-9cfd-3ba50968f7e2","__parent":"trail_006","position":[-200.010864,122.55368,214.287674],"isRenderEnabled":false,"rotationMatrix":[0.982080221,-0.0895313025,-0.165838912,0.121135935,0.973982513,0.191530973,0.144376174,-0.208187848,0.967374444],"shapeName":"/levels/johnson_valley/art/shapes/rocks/s_rocks_desert_large_07.dae","useInstanceRenderData":true}
{"class":"TSStatic","persistentId":"5a717c6d-e8f1-48c5-b69f-dc34efc1add1","__parent":"trail_006","position":[-196.381607,119.107986,214.299576],"isRenderEnabled":false,"rotationMatrix":[0.992478549,-0.122418471,0,0.122418471,0.992478549,0,0,0,1],"shapeName":"/levels/johnson_valley/art/shapes/rocks/s_rocks_desert_large_06.dae","useInstanceRenderData":true}
{"class":"TSStatic","persistentId":"25ec00e8-903e-4a94-9856-f1c7dbe6ae41","__parent":"trail_006","position":[-196.732849,123.819199,213.895889],"isRenderEnabled":false,"rotationMatrix":[0.636445284,-0.571443021,-0.518064082,-0.748018682,-0.621123552,-0.23382546,-0.188163698,0.536338687,-0.822761297],"shapeName":"/levels/johnson_valley/art/shapes/rocks/s_rocks_desert_medium_02.dae","useInstanceRenderData":true}
{"class":"TSStatic","persistentId":"9d499f5e-c6cc-4ede-b87e-6ea44153a0a0","__parent":"trail_006","position":[-200.621231,117.992981,215.152039],"isRenderEnabled":false,"rotationMatrix":[0.992478549,-0.122418471,0,0.122418471,0.992478549,0,0,0,1],"shapeName":"/levels/johnson_valley/art/shapes/rocks/s_rocks_desert_medium_04.dae","useInstanceRenderData":true}
{"class":"TSStatic","persistentId":"6417f850-cfef-404a-96ed-527031d2187a","__parent":"trail_006","position":[-205.26152,120.33812,214.689178],"isRenderEnabled":false,"rotationMatrix":[0.992478549,-0.122418471,0,0.122418471,0.992478549,0,0,0,1],"shapeName":"/levels/johnson_valley/art/shapes/rocks/s_rocks_desert_medium_05.dae","useInstanceRenderData":true}
{"class":"TSStatic","persistentId":"70b13226-d864-4314-8ead-217f66d88a0c","__parent":"trail_006","position":[-200.176575,119.205139,214.363129],"isRenderEnabled":false,"rotationMatrix":[0.992478549,-0.122418471,0,0.122418471,0.992478549,0,0,0,1],"shapeName":"/levels/johnson_valley/art/shapes/rocks/s_rocks_desert_medium_03.dae","useInstanceRenderData":true}
{"class":"TSStatic","persistentId":"63e8542e-dfd9-4f43-a522-2b8568ad5889","__parent":"trail_006","position":[-204.310776,117.209396,214.271545],"isRenderEnabled":false,"rotationMatrix":[-0.465273142,-0.600553036,-0.650274336,0.481250167,-0.788196683,0.383593649,-0.742912471,-0.134468764,0.655743241],"shapeName":"/levels/johnson_valley/art/shapes/rocks/s_rocks_desert_medium_02.dae","useInstanceRenderData":true}
{"class":"TSStatic","persistentId":"30b6a87d-afee-4db9-9c35-661e4197d410","__parent":"trail_006","position":[-203.22905,120.670197,214.576508],"isRenderEnabled":false,"rotationMatrix":[-0.0829188824,-0.608311176,-0.789355338,-0.265486717,0.776942372,-0.57085669,0.960542142,0.162228554,-0.22592175],"shapeName":"/levels/johnson_valley/art/shapes/rocks/s_rocks_desert_medium_02.dae","useInstanceRenderData":true}
{"class":"TSStatic","persistentId":"47b5f60c-ad99-48ea-a163-d132a7bffc8d","__parent":"trail_006","position":[-200.31897,124.063293,214.237991],"isRenderEnabled":false,"rotationMatrix":[0.992478549,-0.106264614,0.0607792735,0.1224185,0.861514807,-0.492753446,1.86264515e-09,0.496487737,0.86804378],"shapeName":"/levels/johnson_valley/art/shapes/rocks/s_rocks_desert_medium_03.dae","useInstanceRenderData":true}
{"class":"TSStatic","persistentId":"ffade77f-ea63-4942-8fbf-292e54bd47d5","__parent":"trail_006","position":[-206.80719,121.729858,214.399734],"isRenderEnabled":false,"rotationMatrix":[0.756690025,0.653670728,-0.0116139278,-0.642538011,0.740288734,-0.197781876,-0.120686524,0.157121971,0.980177283],"shapeName":"/levels/johnson_valley/art/shapes/rocks/s_rocks_desert_large_07.dae","useInstanceRenderData":true}
{"class":"TSStatic","persistentId":"574b4dc5-92a2-4f68-9181-f7628962af37","__parent":"trail_006","position":[-207.52298,120.674652,214.395782],"isRenderEnabled":false,"rotationMatrix":[-0.599123955,-0.134049773,-0.789355755,0.6359092,0.519367099,-0.570857048,0.486488819,-0.843972087,-0.225922227],"shapeName":"/levels/johnson_valley/art/shapes/rocks/s_rocks_desert_medium_02.dae","useInstanceRenderData":true}
{"class":"TSStatic","persistentId":"e6659020-42c9-4ef9-8638-94c33a3f8716","__parent":"trail_006","position":[-209.244797,119.290161,214.465378],"isRenderEnabled":false,"rotationMatrix":[0.964496315,-0.117057778,0.236736923,0.178885683,0.949017704,-0.259548336,-0.194285363,0.29268226,0.936263978],"shapeName":"/levels/johnson_valley/art/shapes/rocks/s_rocks_desert_large_03.dae","useInstanceRenderData":true}
{"class":"TSStatic","persistentId":"aebf2aed-92f7-4d1e-865e-a0d43d1c941b","__parent":"trail_006","position":[-206.924469,114.548973,214.282776],"isRenderEnabled":false,"rotationMatrix":[0.992478549,-0.119922936,-0.0245922394,0.122418493,0.972246408,0.199375719,0,-0.200886667,0.979614496],"shapeName":"/levels/johnson_valley/art/shapes/rocks/s_rocks_desert_large_05.dae","useInstanceRenderData":true}
{"class":"TSStatic","persistentId":"d1b8b6c6-ea8d-4969-999c-8fc8e7e72189","__parent":"trail_006","position":[-206.877701,116.708031,213.6548],"isRenderEnabled":false,"rotationMatrix":[0.900503814,-0.280198425,-0.332538337,0.433681458,0.522710562,0.733957887,-0.0318325162,-0.805147529,0.59221971],"shapeName":"/levels/johnson_valley/art/shapes/rocks/s_rocks_desert_large_06.dae","useInstanceRenderData":true}
{"class":"TSStatic","persistentId":"020a68c4-9241-4796-a79c-6914fd349c76","__parent":"trail_006","position":[-213.381348,116.406738,214.189774],"isRenderEnabled":false,"rotationMatrix":[0.982251763,-0.0855216384,0.166935712,0.121157154,0.96870929,-0.216617763,-0.143186688,0.232998639,0.961878002],"shapeName":"/levels/johnson_valley/art/shapes/rocks/s_rocks_desert_large_07.dae","useInstanceRenderData":true}
{"class":"TSStatic","persistentId":"2a57e6e4-3861-4609-b4a4-6915347db9cf","__parent":"trail_006","position":[-206.531097,119.44384,214.173203],"isRenderEnabled":false,"rotationMatrix":[-0.474609852,-0.401995182,-0.78303659,0.714269757,0.343965054,-0.609513879,0.514358997,-0.848580241,0.123883307],"shapeName":"/levels/johnson_valley/art/shapes/rocks/s_rocks_desert_medium_02.dae","useInstanceRenderData":true}
{"class":"TSStatic","persistentId":"f616e805-3425-44c8-af81-0c30f1e42500","__parent":"trail_006","position":[-218.618881,110.380836,215.033646],"isRenderEnabled":false,"rotationMatrix":[0.257819891,-0.958580673,0.121045679,0.96237725,0.265901625,0.0559138507,-0.085784182,0.102075905,0.991070926],"shapeName":"/levels/johnson_valley/art/shapes/rocks/s_rocks_desert_low_flat_02.dae","useInstanceRenderData":true}
{"class":"TSStatic","persistentId":"085de30f-31ef-487f-8cc4-f29227ed496c","__parent":"trail_006","position":[-220.878052,114.430229,213.972549],"isRenderEnabled":false,"rotationMatrix":[0.964026093,-0.122418523,0.235939533,0.118909016,0.992478549,0.0291022472,-0.237727582,-9.31322575e-10,0.971331894],"shapeName":"/levels/johnson_valley/art/shapes/rocks/s_rocks_desert_large_02.dae","useInstanceRenderData":true}
{"class":"TSStatic","persistentId":"abf9426c-72d6-4209-91b1-1d5cde6a9d98","__parent":"trail_006","position":[-218.509323,118.338921,215.947815],"isRenderEnabled":false,"rotationMatrix":[0.992478549,-0.122418471,0,0.122418471,0.992478549,0,0,0,1],"shapeName":"/levels/johnson_valley/art/shapes/rocks/s_rocks_desert_large_03.dae","useInstanceRenderData":true}
{"class":"TSStatic","persistentId":"6c615de8-fbf8-42f7-a73f-e8e644e18373","__parent":"trail_006","position":[-217.007248,117.620827,214.681473],"isRenderEnabled":false,"rotationMatrix":[0.839049101,0.544055879,0,-0.544055879,0.839049101,0,0,0,1],"shapeName":"/levels/johnson_valley/art/shapes/rocks/s_rocks_desert_large_04.dae","useInstanceRenderData":true}
{"class":"TSStatic","persistentId":"77d41dcd-51cd-4fb1-a942-7bbe2540acc9","__parent":"trail_006","position":[-219.307877,116.494476,214.431564],"isRenderEnabled":false,"rotationMatrix":[0.259958148,-0.943970978,0.203324914,0.9656201,0.254129887,-0.0547379106,7.4505806e-09,0.210564151,0.97758007],"shapeName":"/levels/johnson_valley/art/shapes/rocks/s_rocks_desert_large_03.dae","useInstanceRenderData":true}
{"class":"TSStatic","persistentId":"13e70636-8e4d-4a48-b028-c7289c0f5f41","__parent":"trail_006","position":[-218.80365,120.675911,216.693695],"isRenderEnabled":false,"rotationMatrix":[0.964496315,-0.117057778,0.236736923,0.178885683,0.949017704,-0.259548336,-0.194285363,0.29268226,0.936263978],"shapeName":"/levels/johnson_valley/art/shapes/rocks/s_rocks_desert_large_03.dae","useInstanceRenderData":true}
{"class":"TSStatic","persistentId":"ab6578f1-89fa-4156-9c56-13cfd676bc73","__parent":"trail_006","position":[-220.914413,116.544487,215.05101],"isRenderEnabled":false,"rotationMatrix":[-0.295374393,-0.949494243,0.105900079,-0.384767205,0.219683945,0.896489382,-0.874475956,0.224053115,-0.430223227],"shapeName":"/levels/johnson_valley/art/shapes/rocks/s_rocks_desert_large_02.dae","useInstanceRenderData":true}
{"class":"TSStatic","persistentId":"1e758d25-53b4-4bb9-ba1b-60fd156fbb43","__parent":"trail_006","position":[-247.566086,112.61795,224.167633],"isRenderEnabled":false,"rotationMatrix":[0.992478549,-0.122418471,0,0.122418471,0.992478549,0,0,0,1],"shapeName":"/levels/johnson_valley/art/shapes/rocks/s_rocks_desert_large_05.dae","useInstanceRenderData":true}
{"class":"TSStatic","persistentId":"ad7f4323-0c41-46ef-abbb-36c19deb4265","__parent":"trail_006","position":[-245.008926,118.359642,223.16803],"isRenderEnabled":false,"rotationMatrix":[0.992478549,-0.122418471,0,0.122418471,0.992478549,0,0,0,1],"shapeName":"/levels/johnson_valley/art/shapes/rocks/s_rocks_desert_large_06.dae","useInstanceRenderData":true}
{"class":"TSStatic","persistentId":"6e9fdb52-1f86-4399-be6d-ccb0b754f5f7","__parent":"trail_006","position":[-244.79335,121.107918,223.259018],"isRenderEnabled":false,"rotationMatrix":[0.992478549,-0.122418471,0,0.122418471,0.992478549,0,0,0,1],"shapeName":"/levels/johnson_valley/art/shapes/rocks/s_rocks_desert_large_02.dae","useInstanceRenderData":true}
{"class":"TSStatic","persistentId":"cfe35ada-dd6c-46b3-970d-ec27c613db87","__parent":"trail_006","position":[-242.562149,121.071907,222.851089],"isRenderEnabled":false,"rotationMatrix":[0.992478549,-0.122418471,0,0.122418471,0.992478549,0,0,0,1],"shapeName":"/levels/johnson_valley/art/shapes/rocks/s_rocks_desert_large_03.dae","useInstanceRenderData":true}
{"class":"TSStatic","persistentId":"1ab23df8-63fe-4bfa-b006-c5c477f39aac","__parent":"trail_006","position":[-221.368332,111.510193,214.857178],"isRenderEnabled":false,"rotationMatrix":[0.976240098,-0.1224185,0.17879875,0.120415546,0.992478549,0.0220541488,-0.180153772,0,0.983638465],"shapeName":"/levels/johnson_valley/art/shapes/rocks/s_rocks_desert_large_03.dae","useInstanceRenderData":true}
{"class":"TSStatic","persistentId":"2da7dd3d-f56a-4974-8632-29a146e0619f","__parent":"trail_006","position":[-218.462753,113.385597,213.641556],"isRenderEnabled":false,"rotationMatrix":[0.988357842,-0.11480128,0.0998472273,0.121910281,0.990190983,-0.0682622418,-0.0910312384,0.0796399191,0.992658436],"shapeName":"/levels/johnson_valley/art/shapes/rocks/s_rocks_desert_large_03.dae","useInstanceRenderData":true}
{"class":"TSStatic","persistentId":"e5c656ad-08cf-42eb-b99a-fdcdfbe89a0d","__parent":"trail_006","position":[-223.260193,114.388298,215.200699],"isRenderEnabled":false,"rotationMatrix":[0.968271971,0.249898806,0,-0.249898806,0.968271971,0,0,0,1],"shapeName":"/levels/johnson_valley/art/shapes/rocks/s_rocks_desert_large_02.dae","useInstanceRenderData":true}
{"class":"TSStatic","persistentId":"f8174d21-adfc-4d86-964d-3471a7c81b39","__parent":"trail_006","position":[-223.504654,110.797424,215.946152],"isRenderEnabled":false,"rotationMatrix":[0.957280457,0.152970403,-0.245385766,-0.165283412,0.98578155,-0.0302674118,0.237266749,0.069532603,0.968952894],"shapeName":"/levels/johnson_valley/art/shapes/rocks/s_rocks_desert_large_05.dae","useInstanceRenderData":true}
{"class":"TSStatic","persistentId":"1bbbfca3-24fb-4b36-8698-df0e18d3bde8","__parent":"trail_006","position":[-225.60231,110.801949,216.36525],"isRenderEnabled":false,"rotationMatrix":[0.854333043,-0.423842549,-0.300786614,0.410838902,0.905213118,-0.108630493,0.318318248,-0.0307682157,0.947484493],"shapeName":"/levels/johnson_valley/art/shapes/rocks/s_rocks_desert_large_02.dae","useInstanceRenderData":true}
{"class":"TSStatic","persistentId":"6bde65f8-0f22-4815-84c8-c054891f332a","__parent":"trail_006","position":[-226.599136,115.116913,217.46077],"isRenderEnabled":false,"rotationMatrix":[0.762455523,-0.527297735,-0.374991655,0.588428736,0.806096554,0.0629289448,0.269097209,-0.268636346,0.924889863],"shapeName":"/levels/johnson_valley/art/shapes/rocks/s_rocks_desert_large_03.dae","useInstanceRenderData":true}
{"class":"TSStatic","persistentId":"26bbeb21-f734-44b2-bc79-fb0a2f4331e0","__parent":"trail_006","position":[-226.587204,109.672073,218.500351],"isRenderEnabled":false,"rotationMatrix":[0.565208375,0.82494849,0,-0.82494849,0.565208375,0,0,0,1],"shapeName":"/levels/johnson_valley/art/shapes/rocks/s_rocks_desert_large_06.dae","useInstanceRenderData":true}
{"class":"TSStatic","persistentId":"0497349b-9ebb-4b93-bd13-3e278b42c9fc","__parent":"trail_006","position":[-227.297379,111.955925,217.191879],"isRenderEnabled":false,"rotationMatrix":[0.97520566,-0.11923255,0.186433673,0.0711530894,0.966648638,0.246023729,-0.209549874,-0.226658419,0.95116502],"shapeName":"/levels/johnson_valley/art/shapes/rocks/s_rocks_desert_large_05.dae","useInstanceRenderData":true}
{"class":"TSStatic","persistentId":"5fc12b89-2752-4e1e-8dbd-299664676dd5","__parent":"trail_006","position":[-228.262329,113.315231,217.841522],"isRenderEnabled":false,"rotationMatrix":[0.967942119,-0.122418538,0.219321176,0.119392067,0.992478549,0.027052436,-0.220983282,-9.31322575e-10,0.975277603],"shapeName":"/levels/johnson_valley/art/shapes/rocks/s_rocks_desert_large_03.dae","useInstanceRenderData":true}
{"class":"TSStatic","persistentId":"cee139a5-7e63-46a6-833f-e2dd5e330cbe","__parent":"trail_006","position":[-229.127502,118.085899,219.29628],"isRenderEnabled":false,"rotationMatrix":[0.973831475,0.227271289,0,-0.227271289,0.973831475,0,0,0,1],"shapeName":"/levels/johnson_valley/art/shapes/rocks/s_rocks_desert_large_03.dae","useInstanceRenderData":true}
{"class":"TSStatic","persistentId":"c5bc8171-ba90-45d3-97b6-5059f316f819","__parent":"trail_006","position":[-225.474915,117.775047,217.433701],"isRenderEnabled":false,"rotationMatrix":[0.763570905,0.55802089,0.324918687,-0.350418389,0.780737162,-0.517355263,-0.542371154,0.281179965,0.791688979],"shapeName":"/levels/johnson_valley/art/shapes/rocks/s_rocks_desert_large_05.dae","useInstanceRenderData":true}
{"class":"TSStatic","persistentId":"d426384d-0083-4a04-914e-bd95ce1bcbfe","__parent":"trail_006","position":[-223.696945,119.330803,216.371887],"isRenderEnabled":false,"rotationMatrix":[-0.99977839,-0.0031932476,-0.0208109282,-0.0111307725,-0.758848429,0.65117228,-0.0178716928,0.651259542,0.758644581],"shapeName":"/levels/johnson_valley/art/shapes/rocks/s_rocks_desert_large_05.dae","useInstanceRenderData":true}
{"class":"TSStatic","persistentId":"66744784-fa1b-40f5-84b0-64a7c14e5c5d","__parent":"trail_006","position":[-229.403656,114.796753,218.422043],"isRenderEnabled":false,"rotationMatrix":[0.968790889,0.0365759432,0.245166242,-0.067951493,0.990352571,0.120765842,-0.238383889,-0.133656248,0.961929917],"shapeName":"/levels/johnson_valley/art/shapes/rocks/s_rocks_desert_large_05.dae","useInstanceRenderData":true}
{"class":"TSStatic","persistentId":"fc38c2bd-bc07-4845-a8ef-b291a5d4bbe5","__parent":"trail_006","position":[-228.373611,117.012924,218.294556],"isRenderEnabled":false,"rotationMatrix":[-0.184832454,-0.980548263,0.0660411716,0.982732534,-0.184992671,0.00373511203,0.00855468959,0.0655911937,0.997809887],"shapeName":"/levels/johnson_valley/art/shapes/rocks/s_rocks_desert_large_05.dae","useInstanceRenderData":true}
