{"class":"TSStatic","persistentId":"000e705b-4a06-40f3-be67-d13ee1513a65","__parent":"clutter","position":[993.926392,1368.84631,142.141846],"annotation":"OBSTACLES","instanceColor":[0.313726008,0.31764701,0.313726008,0.00800000038],"isRenderEnabled":false,"rotationMatrix":[-0.760047555,0.64986676,0,-0.64986676,-0.760047555,0,0,0,1],"shapeName":"/levels/italy/art/shapes/buildings/italy_clutter_metal_bin.DAE","useInstanceRenderData":true}
{"name":"electric_box_small2","class":"TSStatic","persistentId":"002159d0-a883-4b15-91a1-0e3a82df4c89","__parent":"clutter","position":[952.346191,1270.53137,147.133881],"annotation":"OBSTACLES","isRenderEnabled":false,"shapeName":"/levels/italy/art/shapes/buildings/electric_box_big.DAE"}
{"class":"TSStatic","persistentId":"003dbc0d-28d1-4f5c-a5c8-591db270564c","__parent":"clutter","position":[823.916565,1325.45874,144.223679],"annotation":"OBSTACLES","isRenderEnabled":false,"rotationMatrix":[-0.314786732,0.949162662,0,-0.949162662,-0.314786732,0,0,0,1],"shapeName":"/levels/italy/art/shapes/buildings/italy_clutter_metal_chair.DAE"}
{"class":"TSStatic","persistentId":"003ffee4-f82a-4e94-a54c-fb902b3490a1","__parent":"clutter","position":[177.276718,-821.960632,266.800964],"annotation":"OBSTACLES","isRenderEnabled":false,"rotationMatrix":[0.149566576,-0.988751709,0,0.988751709,0.149566576,0,0,0,1],"shapeName":"/levels/italy/art/shapes/buildings/electric_box_small.DAE"}
{"class":"TSStatic","persistentId":"004bd69c-0967-4e73-b5cd-b0c87283e425","__parent":"clutter","position":[827.35553,1328.94373,144.100006],"annotation":"OBSTACLES","instanceColor":[0.482353002,0.505882025,0.607842982,0.00800000038],"isRenderEnabled":false,"rotationMatrix":[-0.975254416,-0.221085742,0,0.221085742,-0.975254416,0,0,0,1],"shapeName":"/levels/italy/art/shapes/buildings/italy_clutter_metal_bin_small.DAE","useInstanceRenderData":true}
{"class":"TSStatic","persistentId":"008db10f-462b-4c92-8e9c-a94bde96b4d0","__parent":"clutter","position":[1266.63892,1222.86987,158.807465],"annotation":"OBSTACLES","isRenderEnabled":false,"rotationMatrix":[-2.98023224e-08,-0.99999994,0,0.99999994,-2.98023224e-08,0,0,0,1],"shapeName":"/levels/italy/art/shapes/buildings/electric_box_small.DAE"}
{"class":"TSStatic","persistentId":"009d2eb8-a208-4bc4-8b87-446cc04a168c","__parent":"clutter","position":[342.43866,-762.805176,232.018417],"annotation":"OBSTACLES","isRenderEnabled":false,"rotationMatrix":[-0.866024971,-0.49999997,0,0.49999997,-0.866024971,0,0,0,1],"shapeName":"/levels/italy/art/shapes/buildings/italy_clutter_fire_hydrant.DAE"}
{"class":"TSStatic","persistentId":"00d4380a-ae1f-4318-b1e7-e2a0341b0e32","__parent":"clutter","position":[393.768982,1290.71277,168.847992],"annotation":"OBSTACLES","isRenderEnabled":false,"rotationMatrix":[-0.258818924,-0.965925694,0,0.965925694,-0.258818924,0,0,0,1],"shapeName":"/levels/italy/art/shapes/buildings/electric_box_big.DAE"}
{"class":"TSStatic","persistentId":"00e9394d-ab04-41d5-8934-5a043a15a3c0","__parent":"clutter","position":[224.794403,-978.698303,265.221802],"annotation":"OBSTACLES","isRenderEnabled":false,"shapeName":"/levels/italy/art/shapes/buildings/italy_clutter_keg_table.DAE"}
{"class":"TSStatic","persistentId":"0117fc75-06c7-4e3f-b0a1-4611495d9116","__parent":"clutter","position":[87.7146454,-260.763397,193.34642],"annotation":"OBSTACLES","isRenderEnabled":false,"rotationMatrix":[-5.96046448e-08,0.999999881,0,-0.999999881,-5.96046448e-08,0,0,0,1],"scale":[1,0.707385242,1],"shapeName":"/levels/italy/art/shapes/buildings/electric_box_big.DAE"}
{"class":"TSStatic","persistentId":"01190333-51b0-4ae0-823e-6027c1b6433c","__parent":"clutter","position":[1347.68713,1354.16931,141.699097],"annotation":"OBSTACLES","isRenderEnabled":false,"rotationMatrix":[-1.34110465e-07,-1,0,1,-1.34110465e-07,0,0,0,1],"shapeName":"/levels/italy/art/shapes/buildings/electric_box_small.DAE"}
{"class":"TSStatic","persistentId":"01305ddc-951f-47fe-b58a-2999afa137e1","__parent":"clutter","position":[-1045.37634,739.644348,378.104919],"annotation":"OBSTACLES","isRenderEnabled":false,"rotationMatrix":[0.28043893,-0.959519506,-0.0259815492,0.959230006,0.279159516,0.0441145785,-0.0350758061,-0.0372937322,0.998688161],"shapeName":"/levels/italy/art/shapes/buildings/italy_clutter_pwood_bench.DAE"}
{"class":"TSStatic","persistentId":"01371611-c4cb-4ec0-9e41-ca0b6a228e28","__parent":"clutter","position":[1207.20776,1228.79626,150.886047],"annotation":"OBSTACLES","isRenderEnabled":false,"rotationMatrix":[0.984941065,0.0911330134,0.146921158,-0.0921328366,0.995746672,0,-0.146296248,-0.0135362614,0.9891482],"shapeName":"/levels/italy/art/shapes/buildings/italy_clutter_CBB_b.DAE"}
{"class":"TSStatic","persistentId":"019209ad-742f-423d-86a4-7892a3683a36","__parent":"clutter","position":[991.880554,-679.766541,160.461166],"annotation":"OBSTACLES","isRenderEnabled":false,"rotationMatrix":[-0.96379137,-0.0284847319,0.265131831,0.0295419227,-0.999563575,-1.87195837e-07,0.265016109,0.0078323232,0.964212179],"shapeName":"/levels/italy/art/shapes/buildings/italy_clutter_concrete_bag.DAE"}
{"class":"TSStatic","persistentId":"01cbd2e8-6d18-4209-9985-8236253b3d11","__parent":"clutter","position":[-1635.06738,670.086548,138.650421],"annotation":"OBSTACLES","isRenderEnabled":false,"rotationMatrix":[-4.47034836e-08,0.999999762,0,-0.999999762,-4.47034836e-08,0,0,0,1],"shapeName":"/levels/italy/art/shapes/buildings/italy_clutter_wood_bin.DAE"}
{"class":"TSStatic","persistentId":"01e62a3a-c12a-4410-bfe5-e2f3167e457c","__parent":"clutter","position":[380.915131,-849.522949,254.479675],"annotation":"OBSTACLES","isRenderEnabled":false,"rotationMatrix":[-0.383640528,0.923130155,-0.0254826378,-0.921100855,-0.384485692,-0.0611824431,-0.0662771314,0,0.997801244],"shapeName":"/levels/italy/art/shapes/buildings/italy_clutter_metal_chair.DAE"}
{"class":"TSStatic","persistentId":"01f91e62-e867-4d3a-8035-b17d0bd9f059","__parent":"clutter","position":[1113.19373,-640.74353,146.099991],"annotation":"OBSTACLES","isRenderEnabled":false,"shapeName":"/levels/italy/art/shapes/buildings/italy_clutter_pwood_bench.DAE"}
{"class":"TSStatic","persistentId":"0217029c-4ff9-424b-ad29-97e435f9a338","__parent":"clutter","position":[866.858521,1305.89417,144.150009],"annotation":"OBSTACLES","isRenderEnabled":false,"rotationMatrix":[-0.0394094735,0.999222815,0,-0.999222815,-0.0394094735,0,0,0,1],"shapeName":"/levels/italy/art/shapes/buildings/italy_clutter_plastic_chair_b.DAE"}
{"class":"TSStatic","persistentId":"021d3f55-fd70-48bd-9e97-7b8b23f60b45","__parent":"clutter","position":[-1722.45996,1510.62,142.779999],"annotation":"OBSTACLES","instanceColor":[0.925490022,0.243137002,0.266667008,0.800999999],"isRenderEnabled":false,"shapeName":"/levels/italy/art/shapes/buildings/italy_clutter_plastic_chair_a.DAE","useInstanceRenderData":true}
{"class":"TSStatic","persistentId":"02213055-c52e-4b3e-9235-4feb31132163","__parent":"clutter","position":[364.708527,-764.976868,230.761337],"annotation":"OBSTACLES","isRenderEnabled":false,"shapeName":"/levels/italy/art/shapes/buildings/italy_panettone.DAE"}
{"class":"TSStatic","persistentId":"028be719-7831-4588-9985-7356fbb7b976","__parent":"clutter","position":[1152.96045,-757.817078,146.147461],"annotation":"OBSTACLES","isRenderEnabled":false,"rotationMatrix":[-0.968191683,0.25020802,0,-0.25020802,-0.968191683,0,0,0,1],"shapeName":"/levels/italy/art/shapes/buildings/italy_clutter_wood_bin.DAE"}
{"class":"TSStatic","persistentId":"02ae5f6c-bb0d-4524-812e-f6c657785308","__parent":"clutter","position":[549.18457,1384.22913,151.370132],"annotation":"OBSTACLES","isRenderEnabled":false,"rotationMatrix":[0.110660844,-0.9797014,0.167148888,0.99385798,0.109084576,-0.018611148,0,0.168181807,0.98575598],"shapeName":"/levels/italy/art/shapes/buildings/italy_clutter_CBB_a.DAE"}
{"class":"TSStatic","persistentId":"02ca49d8-cb3b-43e9-b62b-84b14313270c","__parent":"clutter","position":[1276.42834,1202.82593,158.107056],"annotation":"OBSTACLES","isRenderEnabled":false,"rotationMatrix":[-2.98023224e-08,-0.999999821,0,0.999999821,-2.98023224e-08,0,0,0,1],"shapeName":"/levels/italy/art/shapes/buildings/italy_clutter_bin.DAE"}
{"class":"TSStatic","persistentId":"02e32097-92f2-4b7b-85ac-bd9a2930ebab","__parent":"clutter","position":[-1778.02197,1247.01611,145.616531],"annotation":"OBSTACLES","isRenderEnabled":false,"rotationMatrix":[0.297746539,0.951529086,-0.0770651251,-0.95182842,0.302095562,0.052543059,0.0732772946,0.0577082485,0.995640635],"shapeName":"/levels/italy/art/shapes/buildings/italy_clutter_plastic_chair_b.DAE"}
{"class":"TSStatic","persistentId":"02ee315e-29df-49bc-9556-56273aadecb7","__parent":"clutter","position":[930.736572,1327.8446,144.123398],"annotation":"OBSTACLES","isRenderEnabled":false,"shapeName":"/levels/italy/art/shapes/buildings/italy_clutter_keg_table.DAE"}
{"class":"TSStatic","persistentId":"03004a46-702f-4891-a168-4cd16bb80567","__parent":"clutter","position":[169.849625,1445.14307,187.41861],"annotation":"OBSTACLES","isRenderEnabled":false,"rotationMatrix":[-0.261951625,-0.965080678,0,0.965080678,-0.261951625,0,0,0,1],"shapeName":"/levels/italy/art/shapes/buildings/italy_clutter_CBB_a.DAE"}
{"class":"TSStatic","persistentId":"0301356d-3287-4f49-b0eb-e1917bb14cf8","__parent":"clutter","position":[-1638.61548,720.922974,138.706528],"annotation":"OBSTACLES","isRenderEnabled":false,"rotationMatrix":[-0.99417299,-0.107796565,0,0.107796565,-0.99417299,0,0,0,1],"shapeName":"/levels/italy/art/shapes/buildings/italy_clutter_pwood_table.DAE"}
{"class":"TSStatic","persistentId":"0303cac8-6aa3-47ab-a7c0-a0a0b0365547","__parent":"clutter","position":[-964.920471,872.582336,385.120605],"annotation":"OBSTACLES","isRenderEnabled":false,"rotationMatrix":[-0.955255926,0.295779526,0,-0.295779526,-0.955255926,0,0,0,1],"shapeName":"/levels/italy/art/shapes/buildings/italy_clutter_metal_chair.DAE"}
{"class":"TSStatic","persistentId":"0320c803-0be9-41f8-a503-53d07e0dc3d3","__parent":"clutter","position":[717.743469,1381.48047,145.209427],"annotation":"OBSTACLES","isRenderEnabled":false,"rotationMatrix":[0.866025448,-0.5,0,0.5,0.866025448,0,0,0,1],"shapeName":"/levels/italy/art/shapes/buildings/italy_clutter_fire_hydrant.DAE"}
{"class":"TSStatic","persistentId":"03728252-5e5a-48b5-92d5-46bd4b8a5400","__parent":"clutter","position":[1098.84241,-742.041992,146.332748],"annotation":"OBSTACLES","instanceColor":[0.305882007,0.282353014,0.274509996,0.00800000038],"isRenderEnabled":false,"rotationMatrix":[0.675587833,-0.737279177,0,0.737279177,0.675587833,0,0,0,1],"shapeName":"/levels/italy/art/shapes/buildings/italy_clutter_ptable.DAE","useInstanceRenderData":true}
{"class":"TSStatic","persistentId":"0380836c-e70d-41c1-8ad0-45ad901f1f67","__parent":"clutter","position":[877.477356,1368.65027,140.139236],"annotation":"OBSTACLES","isRenderEnabled":false,"rotationMatrix":[-0.750582457,-0.660776854,0,0.660776854,-0.750582457,0,0,0,1],"shapeName":"/levels/italy/art/shapes/buildings/italy_clutter_round_mtable.DAE"}
{"class":"TSStatic","persistentId":"0397100e-4a9f-414c-b741-2915384aea65","__parent":"clutter","position":[1314.40063,1270.11072,149.315491],"annotation":"OBSTACLES","isRenderEnabled":false,"rotationMatrix":[0.993734717,0.111766003,0,-0.111766003,0.993734717,0,0,0,1],"shapeName":"/levels/italy/art/shapes/buildings/electric_box_small.DAE"}
{"class":"TSStatic","persistentId":"03a4c499-26bf-44cb-b528-02695c1308ee","__parent":"clutter","position":[1207.51575,-827.897156,145.747467],"annotation":"OBSTACLES","isRenderEnabled":false,"rotationMatrix":[0.866025388,-0.5,0,0.5,0.866025388,0,0,0,1],"shapeName":"/levels/italy/art/shapes/buildings/electric_box_big.DAE"}
{"class":"TSStatic","persistentId":"03f6ece1-a060-4a79-b05e-c8a0f871dccf","__parent":"clutter","position":[-1042.58594,906.338501,395.088806],"annotation":"OBSTACLES","instanceColor":[0.494118005,0.560783982,0.678430974,0.00800000038],"isRenderEnabled":false,"rotationMatrix":[-0.499999881,0.86602509,0,-0.86602509,-0.499999881,0,0,0,1],"shapeName":"/levels/italy/art/shapes/buildings/italy_clutter_metal_bin_small.DAE","useInstanceRenderData":true}
{"class":"TSStatic","persistentId":"04013e26-e22b-4287-842c-a228260a5975","__parent":"clutter","position":[650.409973,1291.69885,151.025482],"annotation":"OBSTACLES","isRenderEnabled":false,"rotationMatrix":[-5.96046448e-08,-0.999999881,0,0.999999881,-5.96046448e-08,0,0,0,1],"shapeName":"/levels/italy/art/shapes/buildings/italy_clutter_bin.DAE"}
{"class":"TSStatic","persistentId":"04315b72-b953-46ae-a38b-4a17f23949d3","__parent":"clutter","position":[289.201935,-881.885437,248.400803],"annotation":"OBSTACLES","instanceColor":[0.301961005,0.305882007,0.301961005,0.00800000038],"isRenderEnabled":false,"rotationMatrix":[-0.965301573,0.261136949,0,-0.261136949,-0.965301573,0,0,0,1],"shapeName":"/levels/italy/art/shapes/buildings/italy_clutter_trashbag.DAE","useInstanceRenderData":true}
{"class":"TSStatic","persistentId":"0433c625-0cfb-48e9-9fbe-e2f5775ea9e4","__parent":"clutter","position":[1120.23755,-430.66983,141.257217],"annotation":"OBSTACLES","isRenderEnabled":false,"rotationMatrix":[-1,2.38418551e-07,0,-2.38418551e-07,-1,0,0,0,1],"shapeName":"/levels/italy/art/shapes/buildings/electric_box_small.DAE"}
{"class":"TSStatic","persistentId":"0449282c-798e-4261-aabd-fdd79501d094","__parent":"clutter","position":[1152.75891,-776.543091,147.085983],"annotation":"OBSTACLES","isRenderEnabled":false,"rotationMatrix":[0.947786152,0.318906665,0,-0.318906665,0.947786152,0,0,0,1],"shapeName":"/levels/italy/art/shapes/buildings/italy_clutter_stool.DAE"}
{"class":"TSStatic","persistentId":"048e3ebf-6ec0-4b49-84e7-4f2c1f4c19ae","__parent":"clutter","position":[-1721.76001,1510.62,142.839996],"annotation":"OBSTACLES","instanceColor":[0.925490022,0.243137002,0.266667008,0.800999999],"isRenderEnabled":false,"rotationMatrix":[0.998345137,0,0.0575097725,0,1,0,-0.0575097725,0,0.998345137],"shapeName":"/levels/italy/art/shapes/buildings/italy_clutter_plastic_chair_a.DAE","useInstanceRenderData":true}
{"class":"TSStatic","persistentId":"04a28d00-e8c7-4cbb-86bf-83a8f381d64b","__parent":"clutter","position":[169.416641,-974.736145,276.784454],"annotation":"OBSTACLES","isRenderEnabled":false,"rotationMatrix":[0.737984896,-0.67438364,-0.0241950396,0.67458111,0.738201022,0,0.0178608038,-0.0163215175,0.999707222],"shapeName":"/levels/italy/art/shapes/buildings/electric_box_small.DAE"}
{"class":"TSStatic","persistentId":"04ab7458-d0ce-470c-9a00-9db6bab0172a","__parent":"clutter","position":[407.670166,-891.259277,261.90033],"annotation":"OBSTACLES","isRenderEnabled":false,"rotationMatrix":[0.931901813,-0.359787434,-0.0459572747,0.361800522,0.931042016,0.0475523248,0.0256794244,-0.0609414652,0.997810781],"shapeName":"/levels/italy/art/shapes/buildings/electric_box_big.DAE"}
{"class":"TSStatic","persistentId":"04bd5438-a6c6-4e13-b159-0394d03dab69","__parent":"clutter","position":[873.921265,1352.9563,140.150009],"annotation":"OBSTACLES","isRenderEnabled":false,"rotationMatrix":[0.999837756,-0.0180163514,0,0.0180163514,0.999837756,0,0,0,1],"shapeName":"/levels/italy/art/shapes/buildings/italy_clutter_stool.DAE"}
{"class":"TSStatic","persistentId":"05382645-915b-47e1-96cd-282d1dbe779d","__parent":"clutter","position":[1086.30566,1110.55505,157.251648],"annotation":"OBSTACLES","instanceColor":[0.270588011,0.274509996,0.270588011,0.00800000038],"isRenderEnabled":false,"rotationMatrix":[-0.985554457,-0.16936028,0,0.16936028,-0.985554457,0,0,0,1],"scale":[1.20000005,1.20000005,1.20000005],"shapeName":"/levels/italy/art/shapes/buildings/italy_clutter_trashbag.DAE","useInstanceRenderData":true}
{"class":"TSStatic","persistentId":"054aa736-b173-4534-8223-7cb5b157b03a","__parent":"clutter","position":[579.090881,1349.9281,155.998535],"annotation":"OBSTACLES","isRenderEnabled":false,"rotationMatrix":[-0.967989862,0.250989795,0,-0.250989795,-0.967989862,0,0,0,1],"shapeName":"/levels/italy/art/shapes/buildings/italy_clutter_metalbench.DAE"}
{"class":"TSStatic","persistentId":"0553a00f-f98a-4cb3-94b5-f4a05e5c23e5","__parent":"clutter","position":[1160.71265,-804.074036,147.048798],"annotation":"OBSTACLES","isRenderEnabled":false,"rotationMatrix":[-0.258818865,-0.965925217,0,0.965925217,-0.258818865,0,0,0,1],"shapeName":"/levels/italy/art/shapes/buildings/italy_clutter_fire_hydrant.DAE"}
{"name":"electric_box_big11","class":"TSStatic","persistentId":"055a2888-cbce-4592-adbf-41dd85d7f6f7","__parent":"clutter","position":[863.081177,1324.54932,144.0755],"annotation":"OBSTACLES","isRenderEnabled":false,"rotationMatrix":[-1,2.68220901e-07,0,-2.68220901e-07,-1,0,0,0,1],"shapeName":"/levels/italy/art/shapes/buildings/electric_box_big.DAE"}
{"class":"TSStatic","persistentId":"056dd0c9-98ce-4932-9376-ee8497841fc8","__parent":"clutter","position":[1069.12512,1126.85803,155.003052],"annotation":"OBSTACLES","instanceColor":[0.223528996,0.223528996,0.223528996,0.00800000038],"isRenderEnabled":false,"shapeName":"/levels/italy/art/shapes/buildings/italy_clutter_trashbag.DAE","useInstanceRenderData":true}
{"class":"TSStatic","persistentId":"05847215-1ad4-4870-af97-7d1d44b6c600","__parent":"clutter","position":[153.624924,-301.305511,193.213226],"annotation":"OBSTACLES","isRenderEnabled":false,"rotationMatrix":[0.211478353,-0.977382779,0,0.97738272,0.211478338,0,0,0,1],"shapeName":"/levels/italy/art/shapes/buildings/italy_clutter_pallet.DAE"}
{"class":"TSStatic","persistentId":"059ea085-cbe9-49a9-86dd-a400ff26b278","__parent":"clutter","position":[1139.83557,-516.971619,140.110413],"annotation":"OBSTACLES","isRenderEnabled":false,"rotationMatrix":[0.995940804,0,-0.0900109932,0,1,0,0.0900109932,0,0.995940804],"shapeName":"/levels/italy/art/shapes/buildings/electric_box_small.DAE"}
{"class":"TSStatic","persistentId":"062ee519-cb9f-41d2-99d3-dca02b94bef6","__parent":"clutter","position":[178.045898,-941.039124,273.233002],"annotation":"OBSTACLES","isRenderEnabled":false,"rotationMatrix":[-0.829442561,0.558591545,0,-0.558591545,-0.829442561,0,0,0,1],"shapeName":"/levels/italy/art/shapes/buildings/italy_clutter_CBB_a.DAE"}
{"class":"TSStatic","persistentId":"0637ad18-41b7-407b-8dd7-ef65b669c737","__parent":"clutter","position":[-1047.47412,743.035767,378.082642],"annotation":"OBSTACLES","isRenderEnabled":false,"shapeName":"/levels/italy/art/shapes/buildings/italy_clutter_wood_bin.DAE"}
{"class":"TSStatic","persistentId":"063dd962-72bd-4203-b819-0df31a9050e3","__parent":"clutter","position":[1090.797,-577.819763,146.566757],"annotation":"OBSTACLES","isRenderEnabled":false,"rotationMatrix":[0.094158344,-0.995557308,0,0.995557308,0.094158344,0,0,0,1],"shapeName":"/levels/italy/art/shapes/buildings/electric_box_small.DAE"}
{"class":"TSStatic","persistentId":"0667e6e7-8bdc-4bf6-bc6a-fdf602a8873e","__parent":"clutter","position":[754.677124,925.320618,177.366287],"annotation":"OBSTACLES","instanceColor":[0.280000001,0.219999999,0.180000007,0.00800000038],"isRenderEnabled":false,"rotationMatrix":[0.923378289,-0.375918984,-0.0778270438,0.374590844,0.926652312,-0.0315724164,0.0839872882,-1.30385125e-08,0.996466815],"shapeName":"/levels/italy/art/shapes/buildings/italy_clutter_sorting_bin.DAE","useInstanceRenderData":true}
{"class":"TSStatic","persistentId":"06cc415b-aa30-45fb-8179-4abf5db3ea14","__parent":"clutter","position":[-1015.23169,961.032715,395.204102],"annotation":"OBSTACLES","isRenderEnabled":false,"rotationMatrix":[-0.298282027,-0.954366565,0.0146109201,0.953988373,-0.298584223,-0.0274560265,0.0305656996,0.00574902166,0.999516249],"shapeName":"/levels/italy/art/shapes/buildings/italy_clutter_metal_chair.DAE"}
{"class":"TSStatic","persistentId":"06d91cf5-02a8-4bae-919c-222b3aaee746","__parent":"clutter","position":[1046.13562,1107.24023,156.121536],"annotation":"OBSTACLES","isRenderEnabled":false,"rotationMatrix":[-0.695531368,-0.718495548,0,0.718495548,-0.695531368,0,0,0,1],"shapeName":"/levels/italy/art/shapes/buildings/italy_clutter_CBB_b.DAE"}
{"class":"TSStatic","persistentId":"070a95e6-89df-4eba-8610-d4b20e24cfde","__parent":"clutter","position":[1069.27563,-657.817078,147.504242],"annotation":"OBSTACLES","isRenderEnabled":false,"rotationMatrix":[0.707106829,0.707106769,0,-0.707106769,0.707106829,0,0,0,1],"shapeName":"/levels/italy/art/shapes/buildings/electric_box_small.DAE"}
{"class":"TSStatic","persistentId":"07471e1b-aa87-4e46-922e-922748fa8751","__parent":"clutter","position":[186.308182,-969.427002,269.851105],"annotation":"OBSTACLES","instanceColor":[0.280000001,0.219999999,0.180000007,0.00800000038],"isRenderEnabled":false,"rotationMatrix":[0.6771999,-0.735798776,0,0.735798776,0.6771999,0,0,0,1],"shapeName":"/levels/italy/art/shapes/buildings/italy_clutter_sorting_bin.DAE","useInstanceRenderData":true}
{"class":"TSStatic","persistentId":"0767610a-b2b1-495e-969c-395b9c679ddf","__parent":"clutter","position":[992.325439,1306.00916,144.129333],"annotation":"OBSTACLES","instanceColor":[0.439215988,0.380391985,0.305882007,0.00800000038],"isRenderEnabled":false,"rotationMatrix":[-0.258819073,0.965925694,0,-0.965925694,-0.258819073,0,0,0,1],"shapeName":"/levels/italy/art/shapes/buildings/italy_clutter_plastic_chair_b.DAE","useInstanceRenderData":true}
{"class":"TSStatic","persistentId":"07749b8f-1ddd-4170-a84d-4ee8f6459704","__parent":"clutter","position":[230.726685,-922.580872,252.706665],"annotation":"OBSTACLES","isRenderEnabled":false,"rotationMatrix":[-0.904735982,0.42206642,0.0575551391,-0.422767222,-0.906238377,0,0.0521586724,-0.0243324265,0.998342276],"scale":[1,0.719716728,1],"shapeName":"/levels/italy/art/shapes/buildings/electric_box_big.DAE"}
{"class":"TSStatic","persistentId":"0790d273-4f58-4371-a9b3-da56fbc99c9c","__parent":"clutter","position":[118.017365,-412.27475,197.177826],"annotation":"OBSTACLES","isRenderEnabled":false,"rotationMatrix":[-0.456060022,0.889949083,0,-0.889949083,-0.456060022,0,0,0,1],"shapeName":"/levels/italy/art/shapes/buildings/italy_clutter_plastic_chair_a.DAE"}
{"class":"TSStatic","persistentId":"079dfe12-dde3-4ab6-89e7-bf93f63b8927","__parent":"clutter","position":[728.931641,1351.26685,145.644577],"annotation":"OBSTACLES","isRenderEnabled":false,"rotationMatrix":[-0.70710659,-0.70710665,0,0.70710665,-0.70710659,0,0,0,1],"shapeName":"/levels/italy/art/shapes/buildings/italy_clutter_bin.DAE"}
{"class":"TSStatic","persistentId":"07ae1039-1305-4887-a7ff-0abf8ea04174","__parent":"clutter","position":[1133.06519,-655.504883,146.052216],"annotation":"OBSTACLES","isRenderEnabled":false,"scale":[0.807648003,0.807648003,0.807648003],"shapeName":"/levels/italy/art/shapes/buildings/electric_box_big.DAE"}
{"class":"TSStatic","persistentId":"07c7a65a-fc93-472d-9820-8f70cb1d234f","__parent":"clutter","position":[655.212463,1258.45972,150.698563],"annotation":"OBSTACLES","isRenderEnabled":false,"rotationMatrix":[1.34031438e-07,-0.99941045,0.0343225077,0.999887049,0.000515302178,0.015000781,-0.0150096342,0.0343186259,0.999298215],"shapeName":"/levels/italy/art/shapes/buildings/electric_box_big.DAE"}
{"class":"TSStatic","persistentId":"080dcede-e06b-4385-bf3a-6fe9a1454fa6","__parent":"clutter","position":[993.363403,1305.87781,144.129257],"annotation":"OBSTACLES","instanceColor":[0.439215988,0.380391985,0.305882007,0.00800000038],"isRenderEnabled":false,"rotationMatrix":[-0.266412884,-0.963858724,0,0.963858724,-0.266412884,0,0,0,1],"shapeName":"/levels/italy/art/shapes/buildings/italy_clutter_plastic_chair_b.DAE","useInstanceRenderData":true}
{"class":"TSStatic","persistentId":"08356cb9-6388-4834-8552-7bd9409a07cb","__parent":"clutter","position":[647.77832,1452.91235,139.169174],"annotation":"OBSTACLES","isRenderEnabled":false,"rotationMatrix":[-0.00325535261,-0.999994695,0,0.999994695,-0.00325535261,0,0,0,1],"shapeName":"/levels/italy/art/shapes/buildings/italy_clutter_concbag_pile.DAE"}
{"class":"TSStatic","persistentId":"08674792-9f91-4895-bfa7-1bfd54b70242","__parent":"clutter","position":[207.310501,-944.135071,259.744476],"annotation":"OBSTACLES","isRenderEnabled":false,"rotationMatrix":[0.614878774,-0.788621604,0,0.788621604,0.614878774,0,0,0,1],"shapeName":"/levels/italy/art/shapes/buildings/electric_box_small.DAE"}
{"class":"TSStatic","persistentId":"08d58122-4ce7-43d5-9dd6-808ed00644b4","__parent":"clutter","position":[618.600525,1242.14722,156.24411],"annotation":"OBSTACLES","isRenderEnabled":false,"rotationMatrix":[0.984477282,-0.175513312,0,0.175513312,0.984477282,0,0,0,1],"shapeName":"/levels/italy/art/shapes/buildings/italy_clutter_pallet.DAE"}
{"class":"TSStatic","persistentId":"08d7b414-9ba2-4af9-9beb-8e06b55c4f21","__parent":"clutter","position":[1035.82678,-578.166992,152.275314],"annotation":"OBSTACLES","isRenderEnabled":false,"rotationMatrix":[-0.0725859478,0.997362196,0,-0.997362196,-0.0725859478,0,0,0,1],"shapeName":"/levels/italy/art/shapes/buildings/electric_box_big.DAE"}
{"class":"TSStatic","persistentId":"08e639ba-05d2-4a40-b5ae-31735c2a1e19","__parent":"clutter","position":[189.420929,-909.699097,276.307251],"annotation":"OBSTACLES","isRenderEnabled":false,"rotationMatrix":[0.879669964,0.47558409,0,-0.47558409,0.879669964,0,0,0,1],"shapeName":"/levels/italy/art/shapes/buildings/italy_clutter_bin.DAE"}
{"class":"TSStatic","persistentId":"08e968f4-d441-425c-ba89-c8c5e73bf541","__parent":"clutter","position":[1123.06067,1160.58533,155.130569],"annotation":"OBSTACLES","instanceColor":[0.280000001,0.219999999,0.180000007,0.00800000038],"isRenderEnabled":false,"rotationMatrix":[-0.00801646709,-0.999967813,0,0.999967813,-0.00801646709,0,0,0,1],"shapeName":"/levels/italy/art/shapes/buildings/italy_clutter_sorting_bin.DAE","useInstanceRenderData":true}
{"class":"TSStatic","persistentId":"091b4791-a4b8-4462-b684-51bb38160fd5","__parent":"clutter","position":[1495.25586,1505.4425,138.5923],"annotation":"OBSTACLES","isRenderEnabled":false,"rotationMatrix":[-2.98023224e-08,-0.999999881,0,0.999999881,-2.98023224e-08,0,0,0,1],"shapeName":"/levels/italy/art/shapes/buildings/italy_clutter_pwood_table.DAE"}
{"class":"TSStatic","persistentId":"0934e8b3-4c6f-4b40-81ee-4f84017020b2","__parent":"clutter","position":[1371.48145,1311.20471,144.045609],"annotation":"OBSTACLES","isRenderEnabled":false,"rotationMatrix":[0.953622043,0.301006079,0,-0.301006079,0.953622043,0,0,0,1],"shapeName":"/levels/italy/art/shapes/buildings/italy_clutter_sorting_bin.DAE","useInstanceRenderData":true}
{"class":"TSStatic","persistentId":"093ccd5b-302a-4fec-9064-071587c58e59","__parent":"clutter","position":[1203.96948,1264.79883,146.956406],"annotation":"OBSTACLES","isRenderEnabled":false,"rotationMatrix":[0.997337222,0,0.0729295611,0,1,0,-0.0729295611,0,0.997337222],"scale":[0.916903317,0.73301661,0.916903317],"shapeName":"/levels/italy/art/shapes/buildings/electric_box_big.DAE"}
{"class":"TSStatic","persistentId":"09528aaa-3444-44e8-8698-86573ece8e4b","__parent":"clutter","position":[667.697266,1372.23694,143.153198],"annotation":"OBSTACLES","isRenderEnabled":false,"rotationMatrix":[8.94069672e-08,0.99999994,0,-0.99999994,8.94069672e-08,0,0,0,1],"shapeName":"/levels/italy/art/shapes/buildings/italy_clutter_bin.DAE"}
{"class":"TSStatic","persistentId":"0954aa88-90c1-4dd4-b3ee-0e70e6c63dba","__parent":"clutter","position":[1093.23999,-737.87323,146.600006],"annotation":"OBSTACLES","instanceColor":[0.305882007,0.305882007,0.305882007,0.00800000038],"isRenderEnabled":false,"rotationMatrix":[0.405336171,-0.914167821,0,0.914167821,0.405336171,0,0,0,1],"shapeName":"/levels/italy/art/shapes/buildings/italy_clutter_metal_bin_small.DAE","useInstanceRenderData":true}
{"class":"TSStatic","persistentId":"09d7e370-08de-4d5f-b5b6-0da1f079dfe6","__parent":"clutter","position":[352.980469,1442.5144,158.013916],"annotation":"OBSTACLES","instanceColor":[0.239216,0.239216,0.239216,0.00800000038],"isRenderEnabled":false,"rotationMatrix":[0.996625721,0.082073614,0,-0.082073614,0.996625721,0,0,0,1],"shapeName":"/levels/italy/art/shapes/buildings/italy_clutter_dumpster.DAE","useInstanceRenderData":true}
{"class":"TSStatic","persistentId":"09ee5959-0a9f-4056-9f74-3d948a418f5a","__parent":"clutter","position":[-961.50354,870.987854,385.116394],"annotation":"OBSTACLES","isRenderEnabled":false,"rotationMatrix":[-2.08616257e-07,-1,0,1,-2.08616257e-07,0,0,0,1],"shapeName":"/levels/italy/art/shapes/buildings/italy_clutter_metal_chair.DAE"}
{"class":"TSStatic","persistentId":"0a488398-b0a8-4720-a1f2-6d1086168213","__parent":"clutter","position":[1129.74561,-499.715057,138.753937],"annotation":"OBSTACLES","isRenderEnabled":false,"rotationMatrix":[0.997883916,0.0650205538,4.44089051e-16,3.8755279e-09,-5.94785377e-08,1,0.0650205538,-0.997883916,-5.96046661e-08],"shapeName":"/levels/italy/art/shapes/buildings/b_sewer_pipe_4m.DAE"}
{"class":"TSStatic","persistentId":"0a4adbe1-35c8-4dff-b9b8-a2ae7e121668","__parent":"clutter","position":[738.296509,1369.20581,145.861847],"annotation":"OBSTACLES","instanceColor":[0.427451015,0.568627,0.427451015,0.00800000038],"isRenderEnabled":false,"rotationMatrix":[-0.0792587548,0.996854067,0,-0.996854067,-0.0792587548,0,0,0,1],"shapeName":"/levels/italy/art/shapes/buildings/italy_clutter_metal_bin_small.DAE","useInstanceRenderData":true}
{"class":"TSStatic","persistentId":"0a8a67a7-84a0-4e6b-9cf8-8678924e0647","__parent":"clutter","position":[698.180298,1389.44885,144.885269],"annotation":"OBSTACLES","instanceColor":[0.450980008,0.400000006,0.270588011,0.00800000038],"isRenderEnabled":false,"rotationMatrix":[-0.259765953,-0.96567148,1.3387762e-09,0.963923037,-0.259295553,0.0601547398,-0.0580897108,0.0156261493,0.998189151],"shapeName":"/levels/italy/art/shapes/buildings/italy_clutter_plastic_chair_b.DAE","useInstanceRenderData":true}
{"class":"TSStatic","persistentId":"0ab349d6-65b4-4be5-965c-39ffee0c6bc4","__parent":"clutter","position":[867.682922,1305.92029,144.150009],"annotation":"OBSTACLES","isRenderEnabled":false,"rotationMatrix":[-0.216373011,-0.976310372,0,0.976310372,-0.216373011,0,0,0,1],"shapeName":"/levels/italy/art/shapes/buildings/italy_clutter_plastic_chair_b.DAE"}
{"class":"TSStatic","persistentId":"0ac3323c-5b49-4f5d-ad60-9bba8de39495","__parent":"clutter","position":[1292.15942,1350.69067,141.137375],"annotation":"OBSTACLES","isRenderEnabled":false,"rotationMatrix":[-5.96046448e-08,-0.999999881,0,0.999999881,-5.96046448e-08,0,0,0,1],"shapeName":"/levels/italy/art/shapes/buildings/italy_clutter_metalbench.DAE"}
{"class":"TSStatic","persistentId":"0b251408-c6dc-4f68-bac1-5dc6cf8adadd","__parent":"clutter","position":[1181.1864,1139.54834,156.204193],"annotation":"OBSTACLES","isRenderEnabled":false,"rotationMatrix":[-2.98023224e-08,1,0,-1,-2.98023224e-08,0,0,0,1],"shapeName":"/levels/italy/art/shapes/buildings/electric_box_small.DAE"}
{"class":"TSStatic","persistentId":"0b27db0f-c1df-4107-9a04-0963afe99c1c","__parent":"clutter","position":[916.995056,1282.71997,147.235245],"annotation":"OBSTACLES","isRenderEnabled":false,"shapeName":"/levels/italy/art/shapes/buildings/italy_clutter_pwood_bench.DAE"}
{"class":"TSStatic","persistentId":"0b594f90-f300-4994-9f21-811530fe6962","__parent":"clutter","position":[893.567261,1207.4447,149.697266],"annotation":"OBSTACLES","instanceColor":[0.231372997,0.231372997,0.231372997,0.00800000038],"isRenderEnabled":false,"rotationMatrix":[-0.764719188,0.644363582,0,-0.644363582,-0.764719188,0,0,0,1],"shapeName":"/levels/italy/art/shapes/buildings/italy_clutter_dumpster.DAE","useInstanceRenderData":true}
{"class":"TSStatic","persistentId":"0bad6450-ee06-4150-82f5-cf4b4094a06b","__parent":"clutter","position":[-1163.18091,730.852844,370.993225],"annotation":"OBSTACLES","instanceColor":[0.300000012,0.300000012,0.300000012,0.00800000038],"isRenderEnabled":false,"rotationMatrix":[-0.559619486,-0.827040613,-0.0531982519,0.816435635,-0.539142787,-0.206781045,0.142334953,-0.159151718,0.976939797],"shapeName":"/levels/italy/art/shapes/buildings/italy_clutter_trashbag.DAE","useInstanceRenderData":true}
{"class":"TSStatic","persistentId":"0bb61658-2975-4f78-b04e-f4809ff20605","__parent":"clutter","position":[158.766663,-318.848694,192.600174],"annotation":"OBSTACLES","isRenderEnabled":false,"rotationMatrix":[0.0847373754,-0.996403337,0,0.996403337,0.0847373754,0,0,0,1],"shapeName":"/levels/italy/art/shapes/buildings/italy_clutter_pallet.DAE"}
{"class":"TSStatic","persistentId":"0c1fdb38-4b87-4768-b014-fa5d876197d4","__parent":"clutter","position":[1266.63892,1222.86987,158.322281],"annotation":"OBSTACLES","isRenderEnabled":false,"rotationMatrix":[0,0.999999881,0,-0.999999881,0,0,0,0,1],"shapeName":"/levels/italy/art/shapes/buildings/electric_box_small.DAE"}
{"class":"TSStatic","persistentId":"0c2692b2-39c1-4a82-a8c7-827de9e8fdb5","__parent":"clutter","position":[381.479095,-851.479248,254.594513],"annotation":"OBSTACLES","isRenderEnabled":false,"rotationMatrix":[0.997051716,0,0.0767331645,0,1,0,-0.0767331645,0,0.997051716],"shapeName":"/levels/italy/art/shapes/buildings/italy_panettone.DAE"}
{"class":"TSStatic","persistentId":"0c63bd88-83ed-48cd-a76b-5525163878b9","__parent":"clutter","position":[940.835083,1193.08484,150.142944],"annotation":"OBSTACLES","instanceColor":[0.270588011,0.274509996,0.270588011,0.00800000038],"isRenderEnabled":false,"rotationMatrix":[0.0269035082,-0.999638081,0,0.99963814,0.0269035082,0,0,0,1],"shapeName":"/levels/italy/art/shapes/buildings/italy_clutter_trashbag.DAE","useInstanceRenderData":true}
{"class":"TSStatic","persistentId":"0cd7526c-d78b-4cb3-bb09-6cd1f2366e6e","__parent":"clutter","position":[231.033005,-970.987976,265.011414],"annotation":"OBSTACLES","isRenderEnabled":false,"rotationMatrix":[0.992397845,0.123069428,0,-0.123069428,0.992397845,0,0,0,1],"shapeName":"/levels/italy/art/shapes/buildings/italy_clutter_ptable.DAE"}
{"class":"TSStatic","persistentId":"0cf69990-15b2-46b2-b3b9-1fedcfbb69be","__parent":"clutter","position":[1151.41602,1246.45142,148.127853],"annotation":"OBSTACLES","isRenderEnabled":false,"rotationMatrix":[0.999999583,-1.49011612e-08,0,1.49011612e-08,0.999999583,0,0,0,1],"shapeName":"/levels/italy/art/shapes/buildings/italy_clutter_bench_wplant.DAE"}
{"class":"TSStatic","persistentId":"0d041a82-7037-4374-86ec-8689cb4387a4","__parent":"clutter","position":[321.094604,-790.499695,235.354309],"annotation":"OBSTACLES","isRenderEnabled":false,"rotationMatrix":[-0.693956256,-0.720017195,0,0.720017254,-0.693956316,0,0,0,1],"shapeName":"/levels/italy/art/shapes/buildings/italy_clutter_plastic_chair_b.DAE"}
{"class":"TSStatic","persistentId":"0d45f850-0821-4a9a-9ca8-793675c6cae7","__parent":"clutter","position":[173.600006,-316.800018,192.100006],"annotation":"OBSTACLES","isRenderEnabled":false,"rotationMatrix":[-0.112592012,-0.993641317,0,0.993641317,-0.112592019,0,0,0,1],"shapeName":"/levels/italy/art/shapes/buildings/italy_clutter_concbag_pile.DAE"}
{"class":"TSStatic","persistentId":"0d5578b6-a028-4dfd-91b0-d49184faa992","__parent":"clutter","position":[318.152649,-791.771301,235.351852],"annotation":"OBSTACLES","isRenderEnabled":false,"shapeName":"/levels/italy/art/shapes/buildings/italy_clutter_plastic_chair_b.DAE"}
{"class":"TSStatic","persistentId":"0d82a019-ce97-4191-8d54-9d626a7e916a","__parent":"clutter","position":[1343.05835,1272.91345,148.173828],"annotation":"OBSTACLES","isRenderEnabled":false,"rotationMatrix":[-0.999999821,-1.63912773e-07,0,1.63912773e-07,-0.999999821,0,0,0,1],"shapeName":"/levels/italy/art/shapes/buildings/italy_clutter_plastic_chair_a.DAE"}
{"class":"TSStatic","persistentId":"0d9ed609-37e4-4738-936a-67e4f357fd92","__parent":"clutter","position":[306.264008,-753.202515,254.428864],"annotation":"OBSTACLES","isRenderEnabled":false,"rotationMatrix":[0.91567111,0.401928604,0,-0.401928604,0.91567111,0,0,0,1],"shapeName":"/levels/italy/art/shapes/buildings/electric_box_small.DAE"}
{"class":"TSStatic","persistentId":"0da0f58a-7f53-49e0-8492-126044b8e29a","__parent":"clutter","position":[1138.41492,-530.782532,140.100006],"annotation":"OBSTACLES","isRenderEnabled":false,"rotationMatrix":[0.0184539445,-0.99982214,0.00377862668,0.999822736,0.0184399951,-0.00369449938,0.00362416543,0.00384613499,0.999986112],"shapeName":"/levels/italy/art/shapes/buildings/italy_clutter_pwood_bench.DAE"}
{"class":"TSStatic","persistentId":"0db11f97-f2b1-43cc-8119-aaf08196d726","__parent":"clutter","position":[153.65947,-301.279236,193.013168],"annotation":"OBSTACLES","isRenderEnabled":false,"rotationMatrix":[0.10170421,-0.994814694,0,0.994814694,0.10170421,0,0,0,1],"shapeName":"/levels/italy/art/shapes/buildings/italy_clutter_pallet.DAE"}
{"class":"TSStatic","persistentId":"0db7da3b-d25f-44e9-a9bf-bc9a084cdb4b","__parent":"clutter","position":[117.726379,-408.458282,197.149994],"annotation":"OBSTACLES","instanceColor":[0.270588011,0.266667008,0.266667008,0.00800000038],"isRenderEnabled":false,"rotationMatrix":[0.410560519,-0.911833405,0,0.911833405,0.410560519,0,0,0,1],"shapeName":"/levels/italy/art/shapes/buildings/italy_clutter_metal_bin.DAE","useInstanceRenderData":true}
{"class":"TSStatic","persistentId":"0dc2bc5f-2057-4e81-b65a-515629f885f7","__parent":"clutter","position":[1130.7749,1099.15686,158.31131],"annotation":"OBSTACLES","isRenderEnabled":false,"rotationMatrix":[0.00133099966,-0.987361729,0.158476308,0.99985379,0.00401181541,0.0165974852,-0.0170234777,0.158431128,0.987223029],"scale":[1,0.610644519,1],"shapeName":"/levels/italy/art/shapes/buildings/electric_box_big.DAE"}
{"name":"electric_box_big9","class":"TSStatic","persistentId":"0e238d16-b5f8-4050-adc6-1d465f7aa268","__parent":"clutter","position":[918.328369,1324.52161,144.131683],"annotation":"OBSTACLES","isRenderEnabled":false,"rotationMatrix":[-1,1.78813906e-07,0,-1.78813906e-07,-1,0,0,0,1],"shapeName":"/levels/italy/art/shapes/buildings/electric_box_big.DAE"}
{"class":"TSStatic","persistentId":"0e25ffb0-35c3-4442-9152-07ae73eee895","__parent":"clutter","position":[143.430511,-256.541962,193.909439],"annotation":"OBSTACLES","isRenderEnabled":false,"rotationMatrix":[0.180158079,-0.983196378,0.0294626839,0.98363775,0.180077255,-0.00539624505,9.77888259e-09,0.0299527813,0.999551356],"shapeName":"/levels/italy/art/shapes/buildings/italy_clutter_pallet.DAE"}
{"class":"TSStatic","persistentId":"0e2856f4-a5ca-4088-b269-e2191e2d8f44","__parent":"clutter","position":[-1784.1908,1356.01074,138.316315],"annotation":"OBSTACLES","isRenderEnabled":false,"rotationMatrix":[-0.465597361,-0.884996295,0,0.884996295,-0.465597361,0,0,0,1],"shapeName":"/levels/italy/art/shapes/buildings/italy_clutter_pallet.DAE"}
{"class":"TSStatic","persistentId":"0e4c1617-944a-499a-ada7-e84d5b613d99","__parent":"clutter","position":[1365.26306,1248.76965,154.862228],"annotation":"OBSTACLES","instanceColor":[0.254902005,0.254902005,0.254902005,0.00800000038],"isRenderEnabled":false,"scale":[1.20000005,1.20000005,1.20000005],"shapeName":"/levels/italy/art/shapes/buildings/italy_clutter_trashbag.DAE","useInstanceRenderData":true}
{"class":"TSStatic","persistentId":"0e658e23-1f3e-414f-a1f7-a42c2b230750","__parent":"clutter","position":[1146.56384,1083.67078,159.981567],"annotation":"OBSTACLES","isRenderEnabled":false,"rotationMatrix":[0.167673692,-0.985842526,0,0.985842526,0.167673692,0,0,0,1],"shapeName":"/levels/italy/art/shapes/buildings/italy_clutter_round_ptable.DAE"}
{"class":"TSStatic","persistentId":"0e6d2c7c-1c29-460e-9b9c-a1b898ff1dfd","__parent":"clutter","position":[-1162.83643,730.280884,371.019348],"annotation":"OBSTACLES","instanceColor":[0.300000012,0.300000012,0.300000012,0.00800000038],"isRenderEnabled":false,"rotationMatrix":[-0.438728452,0.898619831,0,-0.898619831,-0.438728452,0,0,0,1],"shapeName":"/levels/italy/art/shapes/buildings/italy_clutter_trashbag.DAE","useInstanceRenderData":true}
{"class":"TSStatic","persistentId":"0e718c5c-7685-43a0-aed8-d123b01a7246","__parent":"clutter","position":[887.750427,1316.93787,144.021606],"annotation":"OBSTACLES","isRenderEnabled":false,"shapeName":"/levels/italy/art/shapes/buildings/italy_clutter_fire_hydrant.DAE"}
