{"class":"TSStatic","persistentId":"3e1f6cab-25c6-4357-910c-093f464bc82c","__parent":"radio_mast","position":[-1249.13013,-1110.78943,589.605286],"annotation":"OBSTACLES","isRenderEnabled":false,"rotationMatrix":[0.757716238,0.650997758,-0.0454779454,-0.651018679,0.758885026,0.016386291,0.0451799668,0.0171908252,0.998830914],"shapeName":"/levels/italy/art/shapes/buildings/italy_clutter_pallet.DAE"}
{"class":"TSStatic","persistentId":"4d1035e9-c46b-4b6f-bd82-ddb724eaff8e","__parent":"radio_mast","position":[-1246.83362,-1110.61755,589.864502],"annotation":"OBSTACLES","isRenderEnabled":false,"rotationMatrix":[-0.0105059594,0,0.999945462,0,1,0,-0.999945462,0,-0.0105059594],"shapeName":"/levels/italy/art/shapes/buildings/italy_clutter_metal_drum.DAE"}
{"class":"TSStatic","persistentId":"5504d88a-955f-41b9-a245-0f64987727e7","__parent":"radio_mast","position":[-1252.39099,-1112.57336,589.429688],"annotation":"BUILDINGS","isRenderEnabled":false,"shapeName":"/levels/italy/art/shapes/buildings/italy_bld_radio_generator.dae"}
{"class":"TSStatic","persistentId":"68f07a06-9693-43b2-81ef-1a2ddb672055","__parent":"radio_mast","position":[-1257.00488,-1111.17529,589.554138],"annotation":"OBSTACLES","isRenderEnabled":false,"shapeName":"/levels/italy/art/shapes/buildings/italy_clutter_metal_drum.DAE"}
{"class":"TSStatic","persistentId":"7c860e19-6173-448a-a5be-50b25cae2246","__parent":"radio_mast","position":[-1258.32971,-1098.33325,589.470276],"annotation":"POLE","isRenderEnabled":false,"rotationMatrix":[0.959481537,0.281771958,0,-0.281771958,0.959481537,0,0,0,1],"shapeName":"/levels/italy/art/shapes/buildings/italy_bld_antenna.dae"}
{"class":"TSStatic","persistentId":"9eef9afd-8947-4d2e-bf76-a48d86a41afc","__parent":"radio_mast","position":[-1248.08667,-1112.07861,589.554138],"annotation":"OBSTACLES","isRenderEnabled":false,"shapeName":"/levels/italy/art/shapes/buildings/italy_clutter_metal_drum.DAE"}
{"class":"TSStatic","persistentId":"a0df347c-71b5-44f4-a48b-12df66448067","__parent":"radio_mast","position":[-1256.38391,-1112.35803,589.554138],"annotation":"OBSTACLES","isRenderEnabled":false,"shapeName":"/levels/italy/art/shapes/buildings/italy_clutter_metal_drum.DAE"}
{"class":"TSStatic","persistentId":"cead0a49-96e7-4fa1-801f-256bf42b7b35","__parent":"radio_mast","position":[-1256.84106,-1112.21826,589.864502],"annotation":"OBSTACLES","isRenderEnabled":false,"rotationMatrix":[-0.0105059594,0,0.999945462,0,1,0,-0.999945462,0,-0.0105059594],"shapeName":"/levels/italy/art/shapes/buildings/italy_clutter_metal_drum.DAE"}
{"class":"TSStatic","persistentId":"e0b40454-53c3-4ba1-9ea4-c2949a34b39e","__parent":"radio_mast","position":[-1249.13013,-1110.78943,589.813965],"annotation":"OBSTACLES","isRenderEnabled":false,"rotationMatrix":[0.681345224,-0.730548322,-0.0454779305,0.731715083,0.681413651,0.0163863003,0.0190182962,-0.0444416143,0.998831153],"shapeName":"/levels/italy/art/shapes/buildings/italy_clutter_pallet.DAE"}
{"class":"TSStatic","persistentId":"ea878c61-0d9b-4ec8-88fe-a42131bc735b","__parent":"radio_mast","position":[-1258.81799,-1111.66882,589.554138],"annotation":"OBSTACLES","isRenderEnabled":false,"shapeName":"/levels/italy/art/shapes/buildings/italy_clutter_metal_drum.DAE"}
