{"class":"TSStatic","persistentId":"60a8a402-6f83-44f6-a239-b5a7aeea5c03","__parent":"trail_003","position":[154.74881,241.220474,139.938126],"isRenderEnabled":false,"rotationMatrix":[-0.179174066,0.977233112,-0.113633156,-0.975703299,-0.191310883,-0.106787227,-0.126095235,0.091738753,0.98776716],"shapeName":"/levels/johnson_valley/art/shapes/rocks/s_rocks_desert_low_tiny.dae","useInstanceRenderData":true}
{"class":"TSStatic","persistentId":"df0fcab4-0506-4093-bbe4-fc44de3d8283","__parent":"trail_003","position":[159.604523,252.115341,138.267441],"isRenderEnabled":false,"rotationMatrix":[0.253488421,-0.153928846,0.955012798,0.910887003,0.370307922,-0.182089925,-0.325619936,0.916066527,0.234080553],"scale":[1.41685796,1.41685796,1.41685796],"shapeName":"/levels/johnson_valley/art/shapes/rocks/s_rocks_desert_medium_05.dae","useInstanceRenderData":true}
{"class":"TSStatic","persistentId":"381194b8-4071-4136-ac94-a1796d595d2d","__parent":"trail_003","position":[161.705917,249.438385,137.667114],"isRenderEnabled":false,"rotationMatrix":[-0.585775137,0.808148861,0.0613398515,-0.807612419,-0.588386774,0.0395319834,0.0680392981,-0.0263819788,0.997333765],"shapeName":"/levels/johnson_valley/art/shapes/rocks/s_rocks_desert_large_03.dae","useInstanceRenderData":true}
{"class":"TSStatic","persistentId":"87821890-0a35-4ce5-95c0-7a4ec179b7f0","__parent":"trail_003","position":[155.460876,245.053284,137.373886],"isRenderEnabled":false,"rotationMatrix":[0.860126793,-0.508930922,-0.0342230983,0.510080338,0.858188629,0.0577089712,0,-0.0670935586,0.997746706],"shapeName":"/levels/johnson_valley/art/shapes/rocks/s_rocks_desert_large_02.dae","useInstanceRenderData":true}
{"class":"TSStatic","persistentId":"630bd265-5df8-4698-a45b-86f2d75e54f6","__parent":"trail_003","position":[146.067017,243.590775,140.65361],"isRenderEnabled":false,"rotationMatrix":[0.891419291,-0.427918911,-0.149187952,0.444841027,0.88910377,0.107753783,0.0865336955,-0.162418723,0.98292017],"shapeName":"/levels/johnson_valley/art/shapes/rocks/s_rocks_desert_low_flat_01.dae","useInstanceRenderData":true}
{"class":"TSStatic","persistentId":"dfba927b-a795-40e3-b324-5fd5e8f32fed","__parent":"trail_003","position":[163.238052,155.625717,147.903625],"isRenderEnabled":false,"shapeName":"/levels/johnson_valley/art/shapes/rocks/s_rocks_desert_medium_04.dae","useInstanceRenderData":true}
{"class":"TSStatic","persistentId":"f6535983-4c07-44e7-acef-a81e0eeeabaa","__parent":"trail_003","position":[159.646545,153.626282,147.670319],"isRenderEnabled":false,"rotationMatrix":[0.687649727,0,0.726042509,0,1,0,-0.726042509,0,0.687649727],"shapeName":"/levels/johnson_valley/art/shapes/rocks/s_rocks_desert_medium_05.dae","useInstanceRenderData":true}
{"class":"TSStatic","persistentId":"ddec4164-2dca-43a2-8359-7857bb758228","__parent":"trail_003","position":[143.270813,237.780899,139.399826],"isRenderEnabled":false,"rotationMatrix":[0.924996138,-0.170467839,0.339592338,0.16002433,0.985363245,0.0587494522,-0.344636679,-1.86264515e-09,0.938736141],"shapeName":"/levels/johnson_valley/art/shapes/rocks/s_rocks_desert_large_04.dae","useInstanceRenderData":true}
{"class":"TSStatic","persistentId":"510d8d06-7e4a-4b64-8d3a-14b39a1a60cd","__parent":"trail_003","position":[146.299835,237.666763,138.75853],"isRenderEnabled":false,"rotationMatrix":[0.59898448,-0.765472472,0.235094845,0.798095405,0.546748281,-0.253199726,0.0652796626,0.339290828,0.938413739],"scale":[0.698669434,0.698669434,0.698669434],"shapeName":"/levels/johnson_valley/art/shapes/rocks/s_rocks_desert_huge_sheet_2.dae","useInstanceRenderData":true}
{"class":"TSStatic","persistentId":"6775661f-6233-4f22-ab4b-6d8f8a9c3f4f","__parent":"trail_003","position":[143.889694,234.562881,139.674789],"isRenderEnabled":false,"rotationMatrix":[1,0,0,0,0.965264142,-0.261276007,0,0.261276007,0.965264142],"shapeName":"/levels/johnson_valley/art/shapes/rocks/s_rocks_desert_large_02.dae","useInstanceRenderData":true}
{"class":"TSStatic","persistentId":"47485894-6e8b-48b5-b351-3fc5cb0763f8","__parent":"trail_003","position":[144.869629,232.807922,140.139664],"isRenderEnabled":false,"rotationMatrix":[0.0820296407,-0.996544302,0.0130627155,0.984144151,0.0830632448,0.156718865,-0.157262325,0,0.987556875],"scale":[1.3890748,1.3890748,1.3890748],"shapeName":"/levels/johnson_valley/art/shapes/rocks/s_rocks_desert_large_05.dae","useInstanceRenderData":true}
{"class":"TSStatic","persistentId":"9a8fe870-c1f5-4992-b2ae-3263352a2a33","__parent":"trail_003","position":[156.785568,238.67601,140.797379],"isRenderEnabled":false,"rotationMatrix":[0.971167386,0,-0.238398716,0,1,0,0.238398716,0,0.971167386],"scale":[0.732153296,0.732153296,0.732153296],"shapeName":"/levels/johnson_valley/art/shapes/rocks/s_rocks_desert_huge_sheet_1.dae","useInstanceRenderData":true}
{"class":"TSStatic","persistentId":"54289c68-ab15-402f-a098-fcb0a10b6eb6","__parent":"trail_003","position":[159.549805,157.193222,147.472031],"isRenderEnabled":false,"rotationMatrix":[0.0320881605,0,0.999485075,0,1,0,-0.999485075,0,0.0320881605],"shapeName":"/levels/johnson_valley/art/shapes/rocks/s_rocks_desert_medium_02.dae","useInstanceRenderData":true}
{"class":"TSStatic","persistentId":"0b6aed08-65c9-4fc6-ae72-a3c7d93f0454","__parent":"trail_003","position":[157.612778,243.744659,139.447235],"isRenderEnabled":false,"rotationMatrix":[-0.327109218,0.944958448,0.00726136565,-0.897690535,-0.313128948,0.310002565,0.295213312,0.094886288,0.950707972],"shapeName":"/levels/johnson_valley/art/shapes/rocks/s_rocks_desert_large_07.dae","useInstanceRenderData":true}
{"class":"TSStatic","persistentId":"af5ff930-2406-482f-920a-1781bd9ca2ee","__parent":"trail_003","position":[150.723328,247.456833,138.693817],"isRenderEnabled":false,"rotationMatrix":[0.961001873,-0.114119619,0.251897097,0.1482853,0.981507719,-0.121054135,-0.233424306,0.153685868,0.960152984],"scale":[1.23297119,1.23297119,1.23297119],"shapeName":"/levels/johnson_valley/art/shapes/rocks/s_rocks_desert_large_05.dae","useInstanceRenderData":true}
{"class":"TSStatic","persistentId":"13f95b38-2308-498d-a373-d138ed698513","__parent":"trail_003","position":[160.587769,247.093231,138.689972],"isRenderEnabled":false,"rotationMatrix":[0.920742512,0.388559937,0.0354178138,-0.390170813,0.916941166,0.083580561,0,-0.0907751694,0.995871425],"shapeName":"/levels/johnson_valley/art/shapes/rocks/s_rocks_desert_large_02.dae","useInstanceRenderData":true}
{"class":"TSStatic","persistentId":"8c156069-8494-4f6c-9e80-3fcfb2e0e273","__parent":"trail_003","position":[158.630356,242.896637,138.878677],"isRenderEnabled":false,"rotationMatrix":[-0.36180079,-0.930403531,-0.0587324761,0.930178106,-0.356074095,-0.0893303007,0.0622001179,-0.0869514346,0.994268894],"scale":[1.51068115,1.51068115,1.51068115],"shapeName":"/levels/johnson_valley/art/shapes/rocks/s_rocks_desert_large_05.dae","useInstanceRenderData":true}
{"class":"TSStatic","persistentId":"469343d0-1a16-4988-8bf7-76a59270b874","__parent":"trail_003","position":[144.143936,232.428757,143.031937],"isRenderEnabled":false,"rotationMatrix":[0.590260267,-0.806856215,0.0240016803,0.785096586,0.580746651,0.215306625,-0.187660336,-0.108243331,0.976251483],"scale":[0.704968214,0.704968214,0.704968214],"shapeName":"/levels/johnson_valley/art/shapes/rocks/s_rocks_desert_large_02.dae","useInstanceRenderData":true}
{"class":"TSStatic","persistentId":"435c60bb-2a80-45ac-84dc-dad766fd01e2","__parent":"trail_003","position":[145.992523,239.661346,139.291901],"isRenderEnabled":false,"rotationMatrix":[-0.823715925,-0.483111501,-0.29680723,0.4480865,-0.875405192,0.181337669,-0.347433031,0.0163754523,0.93756175],"scale":[0.996984839,0.996984839,0.996984839],"shapeName":"/levels/johnson_valley/art/shapes/rocks/s_rocks_desert_large_05.dae","useInstanceRenderData":true}
{"class":"TSStatic","persistentId":"fa485d5b-39eb-4231-96ba-430732564e7b","__parent":"trail_003","position":[143.240906,239.983414,139.291901],"isRenderEnabled":false,"rotationMatrix":[0.735782385,0.523845553,0.429197192,-0.643428564,0.738438845,0.201761648,-0.211243987,-0.424610376,0.880387425],"scale":[1.22047126,1.22047126,1.22047126],"shapeName":"/levels/johnson_valley/art/shapes/rocks/s_rocks_desert_large_05.dae","useInstanceRenderData":true}
{"class":"TSStatic","persistentId":"49294267-4299-48da-8834-20bf87b44478","__parent":"trail_003","position":[152.02269,218.743668,141.12709],"isRenderEnabled":false,"rotationMatrix":[-0.540066242,0.838628888,-0.0709311441,-0.829743505,-0.544659257,-0.121955916,-0.140908986,-0.00700957701,0.989997745],"shapeName":"/levels/johnson_valley/art/shapes/rocks/s_rocks_desert_low_flat_01.dae","useInstanceRenderData":true}
{"class":"TSStatic","persistentId":"114d8818-0e33-42c9-9bba-564abf5a8acc","__parent":"trail_003","position":[152.764771,247.476746,137.6371],"isRenderEnabled":false,"rotationMatrix":[-0.376099944,-0.926569641,0.00416481681,0.925887644,-0.375989079,-0.0369342119,0.0357880443,-0.0100348042,0.999309003],"scale":[0.88823247,0.88823247,0.88823247],"shapeName":"/levels/johnson_valley/art/shapes/rocks/s_rocks_desert_large_02.dae","useInstanceRenderData":true}
{"class":"TSStatic","persistentId":"ac061ab0-8088-4953-9a7b-afaba6483b68","__parent":"trail_003","position":[154.811356,242.647812,138.382401],"isRenderEnabled":false,"rotationMatrix":[0.877705276,0.471356332,0.0863525346,0.478995085,-0.868248582,-0.12926504,0.0140455291,0.154819041,-0.987843752],"scale":[0.88823247,0.88823247,0.88823247],"shapeName":"/levels/johnson_valley/art/shapes/rocks/s_rocks_desert_large_02.dae","useInstanceRenderData":true}
{"class":"TSStatic","persistentId":"f0f2dc88-748f-4f7f-a941-828befa66780","__parent":"trail_003","position":[158.93335,250.09877,136.742706],"isRenderEnabled":false,"rotationMatrix":[0.127834141,-0.990017772,-0.0593599938,0.977971911,0.11586833,0.173625872,-0.165014699,-0.0802477449,0.98302108],"shapeName":"/levels/johnson_valley/art/shapes/rocks/s_rocks_desert_large_02.dae","useInstanceRenderData":true}
{"class":"TSStatic","persistentId":"5504e15f-c8c3-4908-aa52-b2a18b801e08","__parent":"trail_003","position":[163.908615,189.937347,140.950897],"isRenderEnabled":false,"rotationMatrix":[0.991129696,0.0249900185,0.130527258,0.127198413,0.106166959,-0.986178994,-0.0385023095,0.994034171,0.102046549],"shapeName":"/levels/johnson_valley/art/shapes/rocks/s_rocks_desert_large_02.dae","useInstanceRenderData":true}
{"class":"TSStatic","persistentId":"42528c75-9617-4518-9015-b5bf737d0edf","__parent":"trail_003","position":[157.606232,213.86644,140.489792],"isRenderEnabled":false,"rotationMatrix":[-0.992879748,0.0957059488,-0.0709311366,-0.0865954831,-0.988751173,-0.121955894,-0.08180511,-0.114945166,0.989997745],"shapeName":"/levels/johnson_valley/art/shapes/rocks/s_rocks_desert_low_flat_01.dae","useInstanceRenderData":true}
{"class":"TSStatic","persistentId":"a76cf694-4325-425a-8f7f-5b0b667eb989","__parent":"trail_003","position":[165.520844,201.744308,140.601852],"isRenderEnabled":false,"rotationMatrix":[-0.492845535,-0.856756806,-0.151894927,0.853683472,-0.509880185,0.106055543,-0.168311924,-0.0774011761,0.982690275],"scale":[0.732153296,0.732153296,0.732153296],"shapeName":"/levels/johnson_valley/art/shapes/rocks/s_rocks_desert_huge_sheet_1.dae","useInstanceRenderData":true}
{"class":"TSStatic","persistentId":"0e970d75-cc4a-4c40-bb48-da6d22c5e036","__parent":"trail_003","position":[167.952591,202.763504,141.345078],"isRenderEnabled":false,"rotationMatrix":[0.263564765,0.964352548,0.0236242041,-0.928047121,0.246808589,0.278952241,0.263177574,-0.0954463929,0.960014343],"scale":[0.704968214,0.704968214,0.704968214],"shapeName":"/levels/johnson_valley/art/shapes/rocks/s_rocks_desert_large_02.dae","useInstanceRenderData":true}
{"class":"TSStatic","persistentId":"37e6f1b9-79ed-4078-907a-91d621a6f0e1","__parent":"trail_003","position":[155.383667,202.009155,141.163528],"isRenderEnabled":false,"rotationMatrix":[0.837825298,-0.507511377,0.201198891,0.529461145,0.845206022,-0.0727853179,-0.133115128,0.167508394,0.976842523],"shapeName":"/levels/johnson_valley/art/shapes/rocks/s_rocks_desert_huge_sheet_3.dae","useInstanceRenderData":true}
{"class":"TSStatic","persistentId":"f46d3533-25bc-4652-88b0-f2151a34f777","__parent":"trail_003","position":[172.850418,204.051514,139.674347],"isRenderEnabled":false,"rotationMatrix":[-0.150029421,-0.948896289,-0.277645767,0.200667113,-0.304204583,0.931231737,-0.968103349,0.083997637,0.236051798],"scale":[1.51068115,1.51068115,1.51068115],"shapeName":"/levels/johnson_valley/art/shapes/rocks/s_rocks_desert_large_05.dae","useInstanceRenderData":true}
{"class":"TSStatic","persistentId":"158316ed-1ea0-423f-9271-72247abd1c33","__parent":"trail_003","position":[176.081894,203.15004,139.410355],"isRenderEnabled":false,"rotationMatrix":[0.94466567,-0.328034639,-3.7252903e-09,0.316640079,0.911851943,-0.261276007,0.0857075751,0.246818483,0.965264142],"shapeName":"/levels/johnson_valley/art/shapes/rocks/s_rocks_desert_large_02.dae","useInstanceRenderData":true}
{"class":"TSStatic","persistentId":"1c2a731f-ea04-465f-ac96-a698b973245a","__parent":"trail_003","position":[168.333542,205.222488,139.723709],"isRenderEnabled":false,"rotationMatrix":[-0.150029421,-0.986245871,0.0693588257,0.200667143,0.0383169651,0.978910029,-0.968103409,0.160783112,0.192158222],"scale":[1.00438237,1.00438237,1.00438237],"shapeName":"/levels/johnson_valley/art/shapes/rocks/s_rocks_desert_large_05.dae","useInstanceRenderData":true}
{"class":"TSStatic","persistentId":"bdba1ecf-aafa-4207-b747-dc4142835b0e","__parent":"trail_003","position":[162.03421,203.830643,140.017548],"isRenderEnabled":false,"rotationMatrix":[-0.997272968,-0.0428364836,0.0600988232,0.0671730042,-0.18952179,0.979576111,-0.0305715539,0.980941653,0.191882372],"scale":[1.00438237,1.00438237,1.00438237],"shapeName":"/levels/johnson_valley/art/shapes/rocks/s_rocks_desert_large_05.dae","useInstanceRenderData":true}
{"class":"TSStatic","persistentId":"df189dcc-54bd-4ee0-b1eb-ae5853eacc08","__parent":"trail_003","position":[161.515335,200.937363,139.721466],"isRenderEnabled":false,"rotationMatrix":[0.0820296407,-0.996544302,0.0130627155,0.984144151,0.0830632448,0.156718865,-0.157262325,0,0.987556875],"scale":[1.3890748,1.3890748,1.3890748],"shapeName":"/levels/johnson_valley/art/shapes/rocks/s_rocks_desert_large_05.dae","useInstanceRenderData":true}
{"class":"TSStatic","persistentId":"e79f9473-8160-4435-9acb-4c6340447e7b","__parent":"trail_003","position":[163.656418,174.687378,144.33374],"isRenderEnabled":false,"rotationMatrix":[-0.304282427,-0.952288747,0.0236242712,0.916727781,-0.285999537,0.278952211,-0.258886546,0.106537312,0.960014343],"scale":[0.704968214,0.704968214,0.704968214],"shapeName":"/levels/johnson_valley/art/shapes/rocks/s_rocks_desert_large_02.dae","useInstanceRenderData":true}
{"class":"TSStatic","persistentId":"d8f50742-0e0e-4757-b4e2-6c3bfa161a6e","__parent":"trail_003","position":[162.760956,169.96405,143.4673],"isRenderEnabled":false,"rotationMatrix":[-0.36180079,-0.930403531,-0.0587324761,0.930178106,-0.356074095,-0.0893303007,0.0622001179,-0.0869514346,0.994268894],"scale":[1.51068115,1.51068115,1.51068115],"shapeName":"/levels/johnson_valley/art/shapes/rocks/s_rocks_desert_large_05.dae","useInstanceRenderData":true}
{"class":"TSStatic","persistentId":"7ff088c8-7704-4a56-a611-5a6fe737c43f","__parent":"trail_003","position":[158.393341,193.056183,142.417755],"isRenderEnabled":false,"rotationMatrix":[-0.540066242,0.838628888,-0.0709311441,-0.829743505,-0.544659257,-0.121955916,-0.140908986,-0.00700957701,0.989997745],"shapeName":"/levels/johnson_valley/art/shapes/rocks/s_rocks_desert_low_flat_01.dae","useInstanceRenderData":true}
{"class":"TSStatic","persistentId":"b368ae79-69a8-4696-af04-9ddcce01eb20","__parent":"trail_003","position":[157.820755,185.125443,142.385529],"isRenderEnabled":false,"rotationMatrix":[0.961001873,-0.114119619,0.251897097,0.1482853,0.981507719,-0.121054135,-0.233424306,0.153685868,0.960152984],"scale":[1.23297119,1.23297119,1.23297119],"shapeName":"/levels/johnson_valley/art/shapes/rocks/s_rocks_desert_large_05.dae","useInstanceRenderData":true}
{"class":"TSStatic","persistentId":"966ed889-f3cf-4a7e-8c2d-7314730ac006","__parent":"trail_003","position":[167.157333,193.510071,141.482925],"isRenderEnabled":false,"rotationMatrix":[-0.660477161,-0.663594663,0.351301163,0.703655064,-0.71029377,-0.0187844858,0.261992186,0.23478809,0.936074078],"scale":[0.95854497,0.95854497,0.95854497],"shapeName":"/levels/johnson_valley/art/shapes/rocks/s_rocks_desert_large_05.dae","useInstanceRenderData":true}
{"class":"TSStatic","persistentId":"4aff0490-97c9-48a5-868f-3d182e6d181b","__parent":"trail_003","position":[157.501251,172.355972,143.036194],"isRenderEnabled":false,"rotationMatrix":[0.696591437,-0.717079103,0.0236242861,0.684197485,0.67383945,0.278952301,-0.215949774,-0.178152144,0.960014343],"scale":[0.704968214,0.704968214,0.704968214],"shapeName":"/levels/johnson_valley/art/shapes/rocks/s_rocks_desert_large_02.dae","useInstanceRenderData":true}
{"class":"TSStatic","persistentId":"841162e0-f47d-4f7d-bd6e-8c26762ec7fc","__parent":"trail_003","position":[162.541824,167.077515,143.343796],"isRenderEnabled":false,"rotationMatrix":[-0.157276869,-0.00204607844,0.987552643,-0.982721686,0.0991369486,-0.156301945,-0.0975832939,-0.995071888,-0.0176029205],"scale":[1.51068115,1.51068115,1.51068115],"shapeName":"/levels/johnson_valley/art/shapes/rocks/s_rocks_desert_large_05.dae","useInstanceRenderData":true}
{"class":"TSStatic","persistentId":"e7546117-1874-4a0b-ad8a-95e55d011af9","__parent":"trail_003","position":[153.385574,157.936081,147.286942],"isRenderEnabled":false,"rotationMatrix":[0.95886296,0,0.283869326,0,1,0,-0.283869326,0,0.95886296],"shapeName":"/levels/johnson_valley/art/shapes/rocks/s_rocks_desert_medium_05.dae","useInstanceRenderData":true}
{"class":"TSStatic","persistentId":"b434c037-5bfa-4c95-be0c-1c1f0cb4cf9d","__parent":"trail_003","position":[153.616974,159.225632,147.100296],"isRenderEnabled":false,"shapeName":"/levels/johnson_valley/art/shapes/rocks/s_rocks_desert_medium_04.dae","useInstanceRenderData":true}
{"class":"TSStatic","persistentId":"1404a0cf-b838-4783-abc9-7d1f8ccf8472","__parent":"trail_003","position":[150.559448,158.698624,148.804733],"isRenderEnabled":false,"rotationMatrix":[-0.0525074005,0,0.998620331,0,1,0,-0.998620331,0,-0.0525074005],"shapeName":"/levels/johnson_valley/art/shapes/rocks/s_rocks_desert_medium_02.dae","useInstanceRenderData":true}
{"class":"TSStatic","persistentId":"91873c9c-5f8e-4132-a8c8-edddd3c3b456","__parent":"trail_003","position":[154.280746,148.120132,148.647461],"isRenderEnabled":false,"rotationMatrix":[0.302437007,0.0838133395,-0.949477315,0.786784172,0.540351868,0.298312813,0.538054347,-0.837254524,0.0974794626],"shapeName":"/levels/johnson_valley/art/shapes/rocks/s_rocks_desert_medium_02.dae","useInstanceRenderData":true}
{"class":"TSStatic","persistentId":"fa11ab5c-ea4f-4a30-99fa-810d84342312","__parent":"trail_003","position":[150.071594,158.470886,149.679779],"isRenderEnabled":false,"rotationMatrix":[0.69765389,0.700014591,0.152507961,-0.683865547,0.714128613,-0.149493754,-0.213558108,-7.4505806e-09,0.97693038],"shapeName":"/levels/johnson_valley/art/shapes/rocks/s_rocks_desert_medium_01.dae","useInstanceRenderData":true}
{"class":"TSStatic","persistentId":"31c4f493-2550-4cb9-bd8f-7846ca21eecc","__parent":"trail_003","position":[145.179672,104.181908,149.640121],"isRenderEnabled":false,"rotationMatrix":[0.985536635,-0.169462681,0,0.169462681,0.985536635,0,0,0,1],"shapeName":"/levels/johnson_valley/art/shapes/rocks/s_rocks_desert_large_02.dae","useInstanceRenderData":true}
{"class":"TSStatic","persistentId":"0d5422cc-aef4-48bd-9e85-c66d88d043f0","__parent":"trail_003","position":[155.027039,149.880157,148.790085],"isRenderEnabled":false,"shapeName":"/levels/johnson_valley/art/shapes/rocks/s_rocks_desert_medium_03.dae","useInstanceRenderData":true}
{"class":"TSStatic","persistentId":"618f698f-c4ab-4961-a66b-97c6d91f3e3e","__parent":"trail_003","position":[150.640244,151.681763,148.465927],"isRenderEnabled":false,"rotationMatrix":[0.877471387,0.479264617,0.018691849,-0.467455685,0.863275409,-0.190370128,-0.107373863,0.158306733,0.981534421],"shapeName":"/levels/johnson_valley/art/shapes/rocks/s_rocks_desert_low_flat_01.dae","useInstanceRenderData":true}
{"class":"TSStatic","persistentId":"e93deb76-e589-47e9-9a45-e0ee4245fc85","__parent":"trail_003","position":[150.590881,156.285538,147.94046],"isRenderEnabled":false,"rotationMatrix":[-0.347024202,-0.930403292,-0.117996678,0.932097375,-0.356073737,0.0663728267,-0.103769064,-0.0869514197,0.990793347],"scale":[1.51068115,1.51068115,1.51068115],"shapeName":"/levels/johnson_valley/art/shapes/rocks/s_rocks_desert_large_05.dae","useInstanceRenderData":true}
{"class":"TSStatic","persistentId":"02ccef4e-2405-4ea2-b4bd-d773a3d704cc","__parent":"trail_003","position":[151.977798,158.727112,147.354584],"isRenderEnabled":false,"rotationMatrix":[0.545343041,0.830891132,0.11054942,-0.832105517,0.552532554,-0.0480458885,-0.101003051,-0.0657872707,0.992708623],"scale":[0.704968214,0.704968214,0.704968214],"shapeName":"/levels/johnson_valley/art/shapes/rocks/s_rocks_desert_large_02.dae","useInstanceRenderData":true}
{"class":"TSStatic","persistentId":"172d97df-9cbe-409c-a96e-0ba51062363b","__parent":"trail_003","position":[156.03035,150.827805,147.194382],"isRenderEnabled":false,"rotationMatrix":[-0.736627817,0.663026333,-0.133328244,-0.673089147,-0.737928271,0.0491293594,-0.0658125877,0.125931799,0.989853442],"scale":[1.09074712,1.09074712,1.09074712],"shapeName":"/levels/johnson_valley/art/shapes/rocks/s_rocks_desert_large_05.dae","useInstanceRenderData":true}
{"class":"TSStatic","persistentId":"23d76f35-6d6d-4155-8740-d01164bb6f6d","__parent":"trail_003","position":[154.167908,146.558044,149.746078],"isRenderEnabled":false,"rotationMatrix":[0.00297152996,-0.0319503546,0.999484777,0.995703459,0.0925970078,-2.98023224e-08,-0.0925490558,0.99519074,0.0320883989],"shapeName":"/levels/johnson_valley/art/shapes/rocks/s_rocks_desert_medium_02.dae","useInstanceRenderData":true}
{"class":"TSStatic","persistentId":"390f09d2-2bd8-4497-871e-f5844e19b74d","__parent":"trail_003","position":[156.231918,147.533936,147.831055],"isRenderEnabled":false,"rotationMatrix":[-0.895045161,-0.12118043,0.429197311,0.225784406,-0.953055382,0.201761678,0.38459903,0.277491748,0.880387366],"scale":[1.22047126,1.22047126,1.22047126],"shapeName":"/levels/johnson_valley/art/shapes/rocks/s_rocks_desert_large_05.dae","useInstanceRenderData":true}
{"class":"TSStatic","persistentId":"ceaa1b37-68ad-44fb-b727-26865579f581","__parent":"trail_003","position":[143.000504,146.756531,149.710037],"isRenderEnabled":false,"rotationMatrix":[0.998782098,0,0.0493392758,0.00314665586,0.997964263,-0.0636982396,-0.0492388345,0.0637759194,0.996748805],"shapeName":"/levels/johnson_valley/art/shapes/rocks/s_rocks_desert_huge_sheet_3.dae","useInstanceRenderData":true}
{"class":"TSStatic","persistentId":"e32f4925-898d-4b82-a743-71b3eaaf61ca","__parent":"trail_003","position":[148.53714,140.544754,148.483215],"isRenderEnabled":false,"rotationMatrix":[0.920742512,0.381783605,0.0804642439,-0.390170753,0.900950134,0.189883113,3.7252903e-09,-0.206228256,0.978503883],"shapeName":"/levels/johnson_valley/art/shapes/rocks/s_rocks_desert_large_02.dae","useInstanceRenderData":true}
{"class":"TSStatic","persistentId":"af1df735-572c-4cc4-9c69-4fbb363d3dcc","__parent":"trail_003","position":[145.82753,106.60508,149.085403],"isRenderEnabled":false,"rotationMatrix":[-0.932013273,-0.361892253,0.0196225718,-0.328581423,0.866589487,0.375575423,-0.152922571,0.343593717,-0.926584005],"shapeName":"/levels/johnson_valley/art/shapes/rocks/s_rocks_desert_large_02.dae","useInstanceRenderData":true}
{"class":"TSStatic","persistentId":"c05888e9-2925-4f65-8fc2-a906e3059ab1","__parent":"trail_003","position":[147.380936,111.383728,149.912704],"isRenderEnabled":false,"rotationMatrix":[-0.0752723217,-0.990802407,0.112450249,0.997070789,-0.0732504129,0.0220115297,-0.0135720596,0.113777697,0.993413508],"scale":[0.726843119,0.726843119,0.726843119],"shapeName":"/levels/johnson_valley/art/shapes/rocks/s_rocks_desert_huge_sheet_3.dae","useInstanceRenderData":true}
{"class":"TSStatic","persistentId":"08c610da-18f6-45c2-bb1a-2bfe176a10f2","__parent":"trail_003","position":[146.487137,107.892738,149.288803],"isRenderEnabled":false,"rotationMatrix":[0.145137727,-0.989411592,0,0.989411592,0.145137727,0,0,0,1],"scale":[0.758874536,0.758874536,0.758874536],"shapeName":"/levels/johnson_valley/art/shapes/rocks/s_rocks_desert_large_02.dae","useInstanceRenderData":true}
{"class":"TSStatic","persistentId":"e8667ccf-e8ea-4f92-bcc2-e512b687ca71","__parent":"trail_003","position":[136.097565,106.49231,149.621338],"isRenderEnabled":false,"rotationMatrix":[-0.347024202,-0.930403292,-0.117996678,0.932097375,-0.356073737,0.0663728267,-0.103769064,-0.0869514197,0.990793347],"scale":[1.51068115,1.51068115,1.51068115],"shapeName":"/levels/johnson_valley/art/shapes/rocks/s_rocks_desert_large_05.dae","useInstanceRenderData":true}
{"class":"TSStatic","persistentId":"0c1dd686-de0b-4b22-a7f6-aeaa879b16c2","__parent":"trail_003","position":[135.224274,101.696732,148.892853],"isRenderEnabled":false,"rotationMatrix":[-0.153677464,0.987677336,0.0296253413,-0.96914494,-0.156505942,0.190433204,0.192723021,0.000553958118,0.981253028],"scale":[1.51068115,1.51068115,1.51068115],"shapeName":"/levels/johnson_valley/art/shapes/rocks/s_rocks_desert_large_05.dae","useInstanceRenderData":true}
{"class":"TSStatic","persistentId":"e9b8c39e-b16c-4aff-92cb-f816cf0ce56c","__parent":"trail_003","position":[151.044861,78.947258,151.412704],"isRenderEnabled":false,"rotationMatrix":[0.985536635,-0.169462681,0,0.169462681,0.985536635,0,0,0,1],"shapeName":"/levels/johnson_valley/art/shapes/rocks/s_rocks_desert_large_02.dae","useInstanceRenderData":true}
{"class":"TSStatic","persistentId":"2530dc92-6fd8-4cd4-82d1-fbb36454c85a","__parent":"trail_003","position":[149.693878,88.5956345,150.859634],"isRenderEnabled":false,"rotationMatrix":[-0.975573063,-0.0701994523,0.208158761,0.213031292,-0.0710090399,0.974461854,-0.0536255762,0.995002687,0.0842286348],"shapeName":"/levels/johnson_valley/art/shapes/rocks/s_rocks_desert_large_02.dae","useInstanceRenderData":true}
{"class":"TSStatic","persistentId":"1f79c373-3cd2-4608-bb27-ab90333ea63e","__parent":"trail_003","position":[149.423218,87.2012177,150.904114],"isRenderEnabled":false,"rotationMatrix":[-0.555734038,-0.828680456,-0.0666937009,0.831359923,-0.553942919,-0.0445823334,0,-0.080222398,0.996776998],"shapeName":"/levels/johnson_valley/art/shapes/rocks/s_rocks_desert_large_02.dae","useInstanceRenderData":true}
{"class":"TSStatic","persistentId":"2401a447-748c-452c-af36-60c93695f023","__parent":"trail_003","position":[151.910858,88.498642,151.446671],"isRenderEnabled":false,"rotationMatrix":[-0.943788886,-0.330549687,0,0.330549687,-0.943788886,0,0,0,1],"shapeName":"/levels/johnson_valley/art/shapes/rocks/s_rocks_desert_large_02.dae","useInstanceRenderData":true}
{"class":"TSStatic","persistentId":"aae1c968-c990-409e-8595-afaa05d02bc5","__parent":"trail_003","position":[147.740356,86.7685776,150.347916],"isRenderEnabled":false,"rotationMatrix":[0.74252826,0.669814706,0,-0.669814706,0.74252826,0,0,0,1],"shapeName":"/levels/johnson_valley/art/shapes/rocks/s_rocks_desert_large_02.dae","useInstanceRenderData":true}
{"class":"TSStatic","persistentId":"8f75000c-e7e9-496a-8ee9-31e3cf2abae5","__parent":"trail_003","position":[157.008057,86.670845,152.220535],"isRenderEnabled":false,"rotationMatrix":[-0.999865651,-0.0160328597,-0.00336582377,0.0163823478,-0.978535175,-0.205426693,0,-0.20545426,0.978666723],"shapeName":"/levels/johnson_valley/art/shapes/rocks/s_rocks_desert_huge_sheet_2.dae","useInstanceRenderData":true}
{"class":"TSStatic","persistentId":"97d1d161-bc16-4f81-93ec-3fbe7b1f42dd","__parent":"trail_003","position":[153.378845,90.0673523,152.006317],"isRenderEnabled":false,"rotationMatrix":[0.980930328,-0.142451644,0.132224306,0.146956027,0.988829374,-0.0249065291,-0.127199307,0.0438627303,0.990906835],"shapeName":"/levels/johnson_valley/art/shapes/rocks/s_rocks_desert_huge_sheet_3.dae","useInstanceRenderData":true}
{"class":"TSStatic","persistentId":"3f08c2ff-f9fa-416a-9685-a9a38c6965d5","__parent":"trail_003","position":[-36.7388878,39.5649567,202.821594],"isRenderEnabled":false,"rotationMatrix":[1,0,0,0,0.982532501,-0.186091065,0,0.186091065,0.982532501],"shapeName":"/levels/johnson_valley/art/shapes/rocks/s_rocks_desert_huge_sheet_3.dae","useInstanceRenderData":true}
{"class":"TSStatic","persistentId":"3deebefe-89c9-46c9-8e70-f82213c15f9a","__parent":"trail_003","position":[94.8978043,-12.184454,187.975754],"isRenderEnabled":false,"rotationMatrix":[0.916048527,-0.0270210505,-0.40015614,0.0651436374,0.9945032,0.0819735155,0.395741582,-0.101159342,0.91277343],"shapeName":"/levels/johnson_valley/art/shapes/rocks/s_rocks_desert_low_flat_02.dae","useInstanceRenderData":true}
{"class":"TSStatic","persistentId":"8081ddcb-4fb4-4d5d-baa6-fca7a8a60014","__parent":"trail_003","position":[160.776306,87.100296,154.090912],"isRenderEnabled":false,"rotationMatrix":[-0.936719775,0.347157687,-0.0451545492,-0.346755058,-0.937807441,-0.0167153217,-0.048149094,9.31322575e-10,0.998840153],"scale":[0.71812129,0.71812129,0.71812129],"shapeName":"/levels/johnson_valley/art/shapes/rocks/s_rocks_desert_huge_sheet_3.dae","useInstanceRenderData":true}
{"class":"TSStatic","persistentId":"c253cb24-a3da-415a-95ed-92e8e85c052a","__parent":"trail_003","position":[153.29451,87.0873871,152.520279],"isRenderEnabled":false,"rotationMatrix":[0.917618036,-0.345196784,-0.197018847,0.11910671,-0.234090924,0.964891553,-0.379197598,-0.908868194,-0.173690915],"shapeName":"/levels/johnson_valley/art/shapes/rocks/s_rocks_desert_large_02.dae","useInstanceRenderData":true}
{"class":"TSStatic","persistentId":"bc81002b-3c4a-47d4-99c5-1f36e9d5d4b6","__parent":"trail_003","position":[153.817245,88.0382004,151.951355],"isRenderEnabled":false,"rotationMatrix":[-0.206341624,0.978480279,0,-0.978480279,-0.206341624,0,0,0,1],"shapeName":"/levels/johnson_valley/art/shapes/rocks/s_rocks_desert_large_02.dae","useInstanceRenderData":true}
{"class":"TSStatic","persistentId":"f3244094-6452-416d-9ecb-007680c405e7","__parent":"trail_003","position":[165.776245,74.036377,153.949661],"isRenderEnabled":false,"rotationMatrix":[-0.20634234,0.978467345,-0.00503207417,-0.978480339,-0.206339598,0.00106116431,0,0.00514274649,0.999986768],"shapeName":"/levels/johnson_valley/art/shapes/rocks/s_rocks_desert_large_02.dae","useInstanceRenderData":true}
{"class":"TSStatic","persistentId":"1ee5e8f4-629a-4ecc-b7f4-e7ac4b54f703","__parent":"trail_003","position":[158.319565,72.0177994,154.315598],"isRenderEnabled":false,"rotationMatrix":[-0.102007866,0.992768645,-0.0632857084,-0.00926136971,-0.0645626783,-0.997870803,-0.994740605,-0.101204515,0.0157802105],"shapeName":"/levels/johnson_valley/art/shapes/rocks/s_rocks_desert_large_02.dae","useInstanceRenderData":true}
{"class":"TSStatic","persistentId":"255055a2-5667-4d62-baac-38338821642d","__parent":"trail_003","position":[159.43187,70.8429337,154.86528],"isRenderEnabled":false,"rotationMatrix":[0.0318440795,0.996068239,0.0826698691,0.999483347,-0.0320994854,0.00175793469,0.00440466776,0.0825711563,-0.996575713],"shapeName":"/levels/johnson_valley/art/shapes/rocks/s_rocks_desert_large_02.dae","useInstanceRenderData":true}
{"class":"TSStatic","persistentId":"a0c614d5-6650-4eeb-a1f7-463363d13411","__parent":"trail_003","position":[166.599442,56.5929909,157.257141],"isRenderEnabled":false,"rotationMatrix":[-0.224966526,0.969041944,0.101723082,-0.962038875,-0.20435214,-0.180890098,-0.154502779,-0.13855578,0.978228569],"shapeName":"/levels/johnson_valley/art/shapes/rocks/s_rocks_desert_large_02.dae","useInstanceRenderData":true}
{"class":"TSStatic","persistentId":"06ec4067-6219-4439-a14d-d887b2b70a46","__parent":"trail_003","position":[168.212097,54.9135666,156.592758],"isRenderEnabled":false,"rotationMatrix":[-0.946417093,0.232275218,0.224373505,-0.226010531,-0.972650409,0.0535818562,0.230682656,0,0.973029017],"shapeName":"/levels/johnson_valley/art/shapes/rocks/s_rocks_desert_large_02.dae","useInstanceRenderData":true}
{"class":"TSStatic","persistentId":"03abd814-885c-43da-9c8d-1771c7cdb8f3","__parent":"trail_003","position":[166.828232,51.5886269,160.533203],"isRenderEnabled":false,"rotationMatrix":[0.388392329,-0.909552455,0.147873133,0.873527646,0.312305152,-0.373384207,0.293430716,0.274190873,0.915815413],"shapeName":"/levels/johnson_valley/art/shapes/rocks/s_rocks_desert_low_flat_02.dae","useInstanceRenderData":true}
{"class":"TSStatic","persistentId":"5494763f-978f-495a-9d91-1ff5f90821f6","__parent":"trail_003","position":[169.474548,51.5907173,158.44751],"isRenderEnabled":false,"rotationMatrix":[-0.232423663,-0.972614408,0,0.972614408,-0.232423663,0,0,0,1],"shapeName":"/levels/johnson_valley/art/shapes/rocks/s_rocks_desert_large_02.dae","useInstanceRenderData":true}
{"class":"TSStatic","persistentId":"46201cb9-aed2-4839-990f-a85b3b36b867","__parent":"trail_003","position":[169.636703,48.0134239,158.44751],"isRenderEnabled":false,"rotationMatrix":[-0.970884562,-0.00722848205,0.239439517,0.00701820338,-0.999974132,-0.00173082913,0.239445776,0,0.970909715],"shapeName":"/levels/johnson_valley/art/shapes/rocks/s_rocks_desert_large_02.dae","useInstanceRenderData":true}
{"class":"TSStatic","persistentId":"d8cf7db9-812b-49ef-8553-7401abfb288d","__parent":"trail_003","position":[164.48703,58.5653,156.737961],"isRenderEnabled":false,"rotationMatrix":[-0.88962996,-0.445210159,0.101723135,0.423529983,-0.887638569,-0.180890173,0.170827419,-0.117842436,0.978228569],"shapeName":"/levels/johnson_valley/art/shapes/rocks/s_rocks_desert_large_02.dae","useInstanceRenderData":true}
{"class":"TSStatic","persistentId":"021a3731-9c46-433d-8b4e-c1971d2cc2b6","__parent":"trail_003","position":[172.597,47.7306404,157.403671],"isRenderEnabled":false,"rotationMatrix":[0.967572331,-0.118757471,-0.22293593,0.0638639629,0.968925476,-0.238966137,0.244387314,0.216979444,0.945089817],"shapeName":"/levels/johnson_valley/art/shapes/rocks/s_rocks_desert_low_flat_02.dae","useInstanceRenderData":true}
{"class":"TSStatic","persistentId":"910de033-881b-4252-b9bc-e321ce9df957","__parent":"trail_003","position":[170.418976,45.5842819,157.457901],"isRenderEnabled":false,"rotationMatrix":[0.748504043,-0.656526387,-0.0933542624,0.663130343,0.741049767,0.105373032,0,-0.140778169,0.990041137],"shapeName":"/levels/johnson_valley/art/shapes/rocks/s_rocks_desert_large_02.dae","useInstanceRenderData":true}
{"class":"TSStatic","persistentId":"72a2d167-9298-47fd-a109-d51cfb7b32ed","__parent":"trail_003","position":[171.398483,42.6779938,158.493362],"isRenderEnabled":false,"rotationMatrix":[0.0655362606,-0.993473828,-0.0933542848,0.992877662,0.0555952787,0.105373032,-0.0994952619,-0.0995951369,0.990041137],"shapeName":"/levels/johnson_valley/art/shapes/rocks/s_rocks_desert_large_02.dae","useInstanceRenderData":true}
{"class":"TSStatic","persistentId":"8362f448-9cba-47b8-9120-0e161a8020bb","__parent":"trail_003","position":[177.889816,39.6332016,157.69902],"isRenderEnabled":false,"rotationMatrix":[0.546068549,-0.837740719,0,0.837740719,0.546068549,0,0,0,1],"shapeName":"/levels/johnson_valley/art/shapes/rocks/s_rocks_desert_large_02.dae","useInstanceRenderData":true}
{"class":"TSStatic","persistentId":"f266bcc0-860a-4379-8547-02a4d1504657","__parent":"trail_003","position":[175.327499,38.4952202,160.029907],"isRenderEnabled":false,"rotationMatrix":[0.631512344,0.771786213,-0.0744200721,-0.775365949,0.628596783,-0.060612943,0,0.0959805995,0.995383203],"shapeName":"/levels/johnson_valley/art/shapes/rocks/s_rocks_desert_large_02.dae","useInstanceRenderData":true}
{"class":"TSStatic","persistentId":"dfc03cd0-2ece-49cd-a2c3-50c8754d704e","__parent":"trail_003","position":[174.426666,40.9853172,157.483246],"isRenderEnabled":false,"rotationMatrix":[0.519004285,0.820550621,0.239439502,-0.844904959,0.534913659,-0.00173082203,-0.129499689,-0.201405317,0.970909715],"shapeName":"/levels/johnson_valley/art/shapes/rocks/s_rocks_desert_large_02.dae","useInstanceRenderData":true}
{"class":"TSStatic","persistentId":"5db77b14-d3de-4dfa-98ca-57a48b38b358","__parent":"trail_003","position":[173.165787,39.2422028,159.599045],"isRenderEnabled":false,"rotationMatrix":[-0.864081383,0.490729123,0.11202085,-0.456399709,-0.857687712,0.23679398,0.212280571,0.153482959,0.965080261],"shapeName":"/levels/johnson_valley/art/shapes/rocks/s_rocks_desert_large_02.dae","useInstanceRenderData":true}
{"class":"TSStatic","persistentId":"d5872a5a-2c6c-462c-b1f7-e9c64445c683","__parent":"trail_003","position":[175.970413,36.6211243,158.172638],"isRenderEnabled":false,"rotationMatrix":[0.0760960579,-0.99431926,-0.0744200721,0.994895518,0.0806767344,-0.0606129169,0.0662725642,-0.0694278032,0.995383203],"shapeName":"/levels/johnson_valley/art/shapes/rocks/s_rocks_desert_large_02.dae","useInstanceRenderData":true}
{"class":"TSStatic","persistentId":"8271073c-2029-42de-8a52-539041d12345","__parent":"trail_003","position":[173.608154,36.2506828,158.618408],"isRenderEnabled":false,"rotationMatrix":[0.0880280137,0.98979938,0.11202085,-0.969739795,0.0594447851,0.23679401,0.227719426,-0.129475608,0.965080261],"scale":[1.38917232,1.38917232,1.38917232],"shapeName":"/levels/johnson_valley/art/shapes/rocks/s_rocks_desert_large_02.dae","useInstanceRenderData":true}
{"class":"TSStatic","persistentId":"ddae3fdd-15b2-486e-b8f1-48258d467d45","__parent":"trail_003","position":[168.320679,41.1922607,160.214493],"isRenderEnabled":false,"rotationMatrix":[0.278385699,-0.946899831,0.160878807,0.960469306,0.274452686,-0.0466296524,0,0.167500198,0.98587203],"shapeName":"/levels/johnson_valley/art/shapes/rocks/s_rocks_desert_huge_sheet_3.dae","useInstanceRenderData":true}
{"class":"TSStatic","persistentId":"947066fd-088d-4229-891c-60a997589454","__parent":"trail_003","position":[178.639755,52.6266098,154.935974],"isRenderEnabled":false,"rotationMatrix":[-0.946417093,0.232275218,0.224373505,-0.226010531,-0.972650409,0.0535818562,0.230682656,0,0.973029017],"shapeName":"/levels/johnson_valley/art/shapes/rocks/s_rocks_desert_large_02.dae","useInstanceRenderData":true}
{"class":"TSStatic","persistentId":"7d618124-9df9-409d-85a4-bc4c22738507","__parent":"trail_003","position":[176.557785,55.5528488,156.07399],"isRenderEnabled":false,"rotationMatrix":[0.755069911,-0.655644476,0,0.655644476,0.755069911,0,0,0,1],"shapeName":"/levels/johnson_valley/art/shapes/rocks/s_rocks_desert_large_02.dae","useInstanceRenderData":true}
{"class":"TSStatic","persistentId":"a9d89bcf-a98f-4420-bf74-acac550bb36b","__parent":"trail_003","position":[188.691559,34.2315292,158.047424],"isRenderEnabled":false,"rotationMatrix":[0.485793531,-0.86529386,-0.123576634,0.838586807,0.50126493,-0.213320494,0.246529549,7.4505806e-09,0.969135284],"shapeName":"/levels/johnson_valley/art/shapes/rocks/s_rocks_desert_large_02.dae","useInstanceRenderData":true}
{"class":"TSStatic","persistentId":"82f377a7-3324-4a78-8171-0ec41648773d","__parent":"trail_003","position":[191.279129,32.329689,159.798355],"isRenderEnabled":false,"rotationMatrix":[-0.808485389,0.583792806,-0.0744200945,-0.580666542,-0.811882615,-0.0606129467,-0.0958057344,-0.00579140335,0.995383203],"shapeName":"/levels/johnson_valley/art/shapes/rocks/s_rocks_desert_large_02.dae","useInstanceRenderData":true}
