{"class":"TSStatic","persistentId":"a86a28f3-1dc1-4c7f-950d-de38f58c0508","__parent":"trail_002","position":[-365.352509,221.913422,196.43924],"isRenderEnabled":false,"rotationMatrix":[0.0976278186,-0.994182706,-0.0454923213,0.778079867,0.104748189,-0.619370222,0.620532393,0.0250711143,0.783779919],"shapeName":"/levels/johnson_valley/art/shapes/rocks/s_rocks_desert_medium_05.dae","useInstanceRenderData":true}
{"class":"TSStatic","persistentId":"2c197e4a-afd2-475a-b923-e2fa6b697106","__parent":"trail_002","position":[-347.396423,211.616913,204.638535],"isRenderEnabled":false,"rotationMatrix":[-0.92349267,0.00149160717,-0.3836146,-0.0209850371,-0.998692155,0.0466349944,-0.38304311,0.0511172116,0.922315061],"shapeName":"/levels/johnson_valley/art/shapes/rocks/s_rocks_desert_low_tiny.dae","useInstanceRenderData":true}
{"class":"TSStatic","persistentId":"caf3968f-e52a-41bb-a70a-b2ff42e24253","__parent":"trail_002","position":[-346.064514,199.792969,209.817902],"isRenderEnabled":false,"rotationMatrix":[-0.967335224,-0.251557559,-0.0313329436,0.220923811,-0.897173762,0.382455677,-0.124320701,0.363040596,0.923442423],"shapeName":"/levels/johnson_valley/art/shapes/rocks/s_rocks_desert_low_small.dae","useInstanceRenderData":true}
{"class":"TSStatic","persistentId":"5cde89e9-bf88-4773-bb5c-8ee8fb5f9b15","__parent":"trail_002","position":[-348.64682,207.343964,205.08522],"isRenderEnabled":false,"rotationMatrix":[-0.231477261,-0.931150615,0.281737685,0.92003876,-0.11542058,0.374441057,-0.316142678,0.345884413,0.88341254],"shapeName":"/levels/johnson_valley/art/shapes/rocks/s_rocks_desert_low_small.dae","useInstanceRenderData":true}
{"class":"TSStatic","persistentId":"2694f6f9-628d-48fa-9a38-5523cc2b9918","__parent":"trail_002","position":[-325.369141,211.12886,203.06131],"isRenderEnabled":false,"rotationMatrix":[-0.0691111088,-0.952317834,0.297178537,0.952276111,-0.151754379,-0.264842749,0.297312409,0.264692485,0.91735667],"shapeName":"/levels/johnson_valley/art/shapes/rocks/s_rocks_desert_low_small.dae","useInstanceRenderData":true}
{"class":"TSStatic","persistentId":"371d61a1-3a57-4408-a0e7-44ddb0246df4","__parent":"trail_002","position":[-315.506317,208.506607,201.031418],"isRenderEnabled":false,"rotationMatrix":[-0.177567005,-0.922851682,0.341781259,0.96477592,-0.231744647,-0.124505423,0.194106102,0.307634264,0.931495547],"shapeName":"/levels/johnson_valley/art/shapes/rocks/s_rocks_desert_low_small.dae","useInstanceRenderData":true}
{"class":"TSStatic","persistentId":"e47a32d1-3239-4edd-8946-f8fe16e22379","__parent":"trail_002","position":[-306.653259,207.89238,200.11734],"isRenderEnabled":false,"rotationMatrix":[-0.168588996,-0.983473778,-0.0660134628,0.985501647,-0.166880846,-0.0306268074,0.019104287,-0.0702196956,0.997348607],"shapeName":"/levels/johnson_valley/art/shapes/rocks/s_rocks_desert_low_small.dae","useInstanceRenderData":true}
{"class":"TSStatic","persistentId":"bf2ea888-69cc-4417-a682-4a1303c7d1aa","__parent":"trail_002","position":[-294.903687,207.706467,199.786774],"isRenderEnabled":false,"rotationMatrix":[0.367504001,-0.927236974,0.0719211698,0.928519905,0.361418068,-0.0850177258,0.0528379381,0.0980245918,0.993780315],"shapeName":"/levels/johnson_valley/art/shapes/rocks/s_rocks_desert_low_small.dae","useInstanceRenderData":true}
{"class":"TSStatic","persistentId":"f4672c87-7676-4c92-954b-a4e60fd88a5b","__parent":"trail_002","position":[-351.066803,210.747086,202.885727],"isRenderEnabled":false,"rotationMatrix":[-0.92349267,0.00149160717,-0.3836146,-0.0209850371,-0.998692155,0.0466349944,-0.38304311,0.0511172116,0.922315061],"shapeName":"/levels/johnson_valley/art/shapes/rocks/s_rocks_desert_low_tiny.dae","useInstanceRenderData":true}
{"class":"TSStatic","persistentId":"1623aaa8-e4e2-4ed3-b399-0b2f12b8a422","__parent":"trail_002","position":[-356.118652,211.668976,201.113541],"isRenderEnabled":false,"rotationMatrix":[-0.832322836,-0.516824067,0.200327933,0.5530352,-0.749991059,0.362857044,-0.0372890905,0.412802637,0.910056829],"shapeName":"/levels/johnson_valley/art/shapes/rocks/s_rocks_desert_low_tiny.dae","useInstanceRenderData":true}
{"class":"TSStatic","persistentId":"fa759235-f049-4c2d-ad78-60d1880691f6","__parent":"trail_002","position":[-313.994263,194.703369,208.902832],"isRenderEnabled":false,"rotationMatrix":[-0.981144071,0.176525474,-0.0787088796,-0.193082511,-0.91350174,0.358097523,-0.00868736207,0.366542548,0.930360734],"shapeName":"/levels/johnson_valley/art/shapes/rocks/s_rocks_desert_low_small.dae","useInstanceRenderData":true}
{"class":"TSStatic","persistentId":"762e7b73-6672-4726-a62c-b30d60b7eea4","__parent":"trail_002","position":[-320.46817,171.688797,216.169388],"isRenderEnabled":false,"rotationMatrix":[0.336834788,0.920937538,-0.196002275,-0.941559672,0.328817844,-0.0731082931,-0.0028790459,0.209173203,0.977874398],"shapeName":"/levels/johnson_valley/art/shapes/rocks/s_rocks_desert_low_small.dae","useInstanceRenderData":true}
{"class":"TSStatic","persistentId":"961ec914-70b2-40f4-9f84-6dd831d2bed5","__parent":"trail_002","position":[-335.233124,170.604263,214.327271],"isRenderEnabled":false,"rotationMatrix":[0.347690403,0.920937479,-0.176027656,-0.935694516,0.328817487,-0.12788713,-0.0598950423,0.209173203,0.976042628],"shapeName":"/levels/johnson_valley/art/shapes/rocks/s_rocks_desert_low_small.dae","useInstanceRenderData":true}
{"class":"TSStatic","persistentId":"f1d3a0b6-e939-490b-85aa-2e72355b8fbe","__parent":"trail_002","position":[-350.634186,170.162766,213.062042],"isRenderEnabled":false,"rotationMatrix":[0.703879237,0.64326632,-0.301268101,-0.701694846,0.695587099,-0.154217184,0.110355511,0.319948554,0.940985978],"shapeName":"/levels/johnson_valley/art/shapes/rocks/s_rocks_desert_low_small.dae","useInstanceRenderData":true}
{"class":"TSStatic","persistentId":"01e6b8fd-64fe-4316-a8eb-0084ac3d9be1","__parent":"trail_002","position":[-356.246521,174.160522,215.143845],"isRenderEnabled":false,"rotationMatrix":[0.932348013,0.0553737208,-0.357296675,-0.090219833,0.992573678,-0.0815954655,0.350125045,0.10831061,0.930419981],"shapeName":"/levels/johnson_valley/art/shapes/rocks/s_rocks_desert_low_small.dae","useInstanceRenderData":true}
{"class":"TSStatic","persistentId":"a58fd672-1ac9-48f1-b11e-dec8e2a8d746","__parent":"trail_002","position":[-345.435699,186.680237,211.684158],"isRenderEnabled":false,"rotationMatrix":[0.997386992,0.0511838011,0.0509839542,-0.0499464907,0.998432517,-0.0252547748,-0.0521966778,0.0226423144,0.998380125],"shapeName":"/levels/johnson_valley/art/shapes/rocks/s_rocks_desert_low_small.dae","useInstanceRenderData":true}
{"class":"TSStatic","persistentId":"6dd99493-21e7-41c9-8a4a-73865d595c8d","__parent":"trail_002","position":[-348.980927,180.536774,211.980118],"isRenderEnabled":false,"rotationMatrix":[0.609455466,-0.792727053,-0.0121608693,0.792743027,0.609110117,0.0233083349,-0.0110698398,-0.0238458347,0.999654353],"shapeName":"/levels/johnson_valley/art/shapes/rocks/s_rocks_desert_low_small.dae","useInstanceRenderData":true}
{"class":"TSStatic","persistentId":"61a7b87c-4146-4d20-b36d-dd976eb1a096","__parent":"trail_002","position":[-360.199097,217.242722,198.710403],"isRenderEnabled":false,"rotationMatrix":[-0.706298232,-0.703826785,0.0759676546,0.690984726,-0.662097216,0.290117055,-0.153894171,0.257401556,0.953971207],"shapeName":"/levels/johnson_valley/art/shapes/rocks/s_rocks_desert_low_small.dae","useInstanceRenderData":true}
{"class":"TSStatic","persistentId":"a59f1aba-f74d-4d18-846f-f10aebcc1419","__parent":"trail_002","position":[-369.132263,221.326706,193.498993],"isRenderEnabled":false,"rotationMatrix":[0.920192719,-0.391465724,0,0.391465724,0.920192719,0,0,0,1],"shapeName":"/levels/johnson_valley/art/shapes/rocks/s_rocks_desert_large_02.dae","useInstanceRenderData":true}
{"class":"TSStatic","persistentId":"bb27307b-ff0d-423b-89ed-adb666f18e5c","__parent":"trail_002","position":[-358.854858,222.98822,197.227386],"isRenderEnabled":false,"rotationMatrix":[0.797690749,-1.49011612e-08,-0.603066683,-0.267134011,0.896541715,-0.35334444,0.540674448,0.442959189,0.715162992],"shapeName":"/levels/johnson_valley/art/shapes/rocks/s_rocks_desert_large_03.dae","useInstanceRenderData":true}
{"class":"TSStatic","persistentId":"c6348008-dcd3-41e9-89d3-b7c6a4298879","__parent":"trail_002","position":[-373.150085,222.618164,194.037277],"isRenderEnabled":false,"rotationMatrix":[0.447801709,-0.894133151,0,-0.733162105,-0.367184639,0.572407126,-0.511807978,-0.256325066,-0.819970489],"shapeName":"/levels/johnson_valley/art/shapes/rocks/s_rocks_desert_large_04.dae","useInstanceRenderData":true}
{"class":"TSStatic","persistentId":"39099569-38c8-4a01-9335-a54c4e720319","__parent":"trail_002","position":[-365.703217,230.145752,194.641663],"isRenderEnabled":false,"shapeName":"/levels/johnson_valley/art/shapes/rocks/s_rocks_desert_large_07.dae","useInstanceRenderData":true}
{"class":"TSStatic","persistentId":"7328505b-7773-4a8d-9d6a-2b48f74f86a3","__parent":"trail_002","position":[-366.360138,224.806915,194.172058],"isRenderEnabled":false,"rotationMatrix":[-0.548744917,-0.815495968,0.18397519,0.765864968,-0.402161837,0.501715064,-0.335158736,0.416213304,0.845242739],"shapeName":"/levels/johnson_valley/art/shapes/rocks/s_rocks_desert_huge_sheet_3.dae","useInstanceRenderData":true}
{"class":"TSStatic","persistentId":"3229329f-65b4-47c5-a047-13446af1ba43","__parent":"trail_002","position":[-375.273102,234.053925,190.5811],"isRenderEnabled":false,"rotationMatrix":[0.543172121,-0.828706861,0.134941518,0.570610881,0.482242286,0.664714813,-0.615928113,-0.284055531,0.734809577],"shapeName":"/levels/johnson_valley/art/shapes/rocks/s_rocks_desert_huge_sheet_3.dae","useInstanceRenderData":true}
{"class":"TSStatic","persistentId":"b2c1f6f6-4575-4f48-8f5d-43c5efa357e7","__parent":"trail_002","position":[-386.520111,230.967422,189.908829],"isRenderEnabled":false,"rotationMatrix":[-0.900669575,-0.429401934,-0.0663903579,0.343007088,-0.796453357,0.498003483,-0.266720533,0.425764382,0.864629865],"shapeName":"/levels/johnson_valley/art/shapes/rocks/s_rocks_desert_huge_sheet_3.dae","useInstanceRenderData":true}
{"class":"TSStatic","persistentId":"6ce93cf9-a460-4824-9d6c-c84f9fc2ff64","__parent":"trail_002","position":[-402.332336,242.036942,180.273849],"isRenderEnabled":false,"rotationMatrix":[0.642974615,-0.765802026,0.011449948,0.654444337,0.5571208,0.511193931,-0.397852242,-0.32119137,0.859389186],"shapeName":"/levels/johnson_valley/art/shapes/rocks/s_rocks_desert_huge_sheet_3.dae","useInstanceRenderData":true}
{"class":"TSStatic","persistentId":"b80ae8dc-5339-4f59-b3f3-6bc6143b1817","__parent":"trail_002","position":[-404.31778,229.271332,182.33139],"isRenderEnabled":false,"rotationMatrix":[-0.77159214,-0.63601476,0.0114498585,0.551172674,-0.659461737,0.511193931,-0.31757611,0.400744021,0.859389126],"shapeName":"/levels/johnson_valley/art/shapes/rocks/s_rocks_desert_huge_sheet_3.dae","useInstanceRenderData":true}
{"class":"TSStatic","persistentId":"edcba7ae-5146-4d75-ac32-a6205462fc19","__parent":"trail_002","position":[-402.885803,223.793945,186.144852],"isRenderEnabled":false,"rotationMatrix":[-0.992588282,0.120983779,0.0114498716,-0.0981752872,-0.853839755,0.511193871,0.0716225207,0.506281018,0.859389186],"shapeName":"/levels/johnson_valley/art/shapes/rocks/s_rocks_desert_huge_sheet_3.dae","useInstanceRenderData":true}
{"class":"TSStatic","persistentId":"38d8cc83-50ac-4321-af41-8a1a104eb37c","__parent":"trail_002","position":[-373.519775,227.898987,191.86087],"isRenderEnabled":false,"rotationMatrix":[-0.648274302,-0.760510683,-0.0369381681,0.718738317,-0.627236962,0.299982786,-0.251309067,0.167922169,0.953229189],"shapeName":"/levels/johnson_valley/art/shapes/rocks/s_rocks_desert_low_small.dae","useInstanceRenderData":true}
{"class":"TSStatic","persistentId":"0a68be66-014d-43a7-920e-5f3525a38705","__parent":"trail_002","position":[-371.80954,220.83873,195.312073],"isRenderEnabled":false,"rotationMatrix":[-0.966545582,0.236390203,-0.099554792,-0.253008574,-0.814844847,0.521551669,0.04216801,0.529291213,0.847391784],"shapeName":"/levels/johnson_valley/art/shapes/rocks/s_rocks_desert_low_small.dae","useInstanceRenderData":true}
{"class":"TSStatic","persistentId":"de4f5103-e92b-449f-8ee7-a1e02e3ccf9a","__parent":"trail_002","position":[-390.401489,238.021149,184.962326],"isRenderEnabled":false,"rotationMatrix":[-0.118109941,-0.99237895,-0.0351333916,0.870568395,-0.120501995,0.477064192,-0.477662057,0.0257599205,0.87816596],"shapeName":"/levels/johnson_valley/art/shapes/rocks/s_rocks_desert_low_small.dae","useInstanceRenderData":true}
{"class":"TSStatic","persistentId":"48cc6257-4206-4504-bead-4ead877a8aad","__parent":"trail_002","position":[-381.885315,236.290375,189.046646],"isRenderEnabled":false,"rotationMatrix":[-0.907481909,-0.398815513,-0.131998718,0.366577744,-0.905239344,0.214856774,-0.205178559,0.146590769,0.967684329],"shapeName":"/levels/johnson_valley/art/shapes/rocks/s_rocks_desert_low_small.dae","useInstanceRenderData":true}
{"class":"TSStatic","persistentId":"fb3e5900-9bee-4992-bc18-8f755e6a65d2","__parent":"trail_002","position":[-400.82724,236.024323,180.488449],"isRenderEnabled":false,"rotationMatrix":[-0.12233758,-0.992379069,-0.0147623271,0.938419342,-0.120502472,0.323803663,-0.323114812,0.0257600099,0.946009159],"shapeName":"/levels/johnson_valley/art/shapes/rocks/s_rocks_desert_low_small.dae","useInstanceRenderData":true}
{"class":"TSStatic","persistentId":"8ffec2e2-de8e-4e1f-9a5e-414add496df0","__parent":"trail_002","position":[-413.598907,244.159836,177.026642],"isRenderEnabled":false,"rotationMatrix":[-0.122455835,-0.992463529,0.0045180209,0.987718761,-0.121422768,0.0983251333,-0.0970355272,0.0165030435,0.995144069],"shapeName":"/levels/johnson_valley/art/shapes/rocks/s_rocks_desert_low_small.dae","useInstanceRenderData":true}
{"class":"TSStatic","persistentId":"1c445b66-9271-4d1c-833b-f91f10c77114","__parent":"trail_002","position":[-420.174133,246.873352,176.655914],"isRenderEnabled":false,"rotationMatrix":[0.183242977,-0.98301059,-0.0106193144,0.982951343,0.183044195,0.01737874,-0.0151396748,-0.0136228008,0.999792576],"shapeName":"/levels/johnson_valley/art/shapes/rocks/s_rocks_desert_low_small.dae","useInstanceRenderData":true}
{"class":"TSStatic","persistentId":"745dc982-c577-48f5-822a-6fe86c4fab43","__parent":"trail_002","position":[-407.148407,238.19313,178.556946],"isRenderEnabled":false,"rotationMatrix":[-0.0603142977,-0.990425527,0.124173671,0.985771477,-0.0395483971,0.163371533,-0.156896472,0.132260561,0.978718877],"shapeName":"/levels/johnson_valley/art/shapes/rocks/s_rocks_desert_low_small.dae","useInstanceRenderData":true}
{"class":"TSStatic","persistentId":"8616b998-5cce-4c1d-ab9c-1490e52dff3e","__parent":"trail_002","position":[-428.408661,253.211151,174.967651],"isRenderEnabled":false,"rotationMatrix":[0.947215617,-0.266430765,0.178317845,0.198812321,0.924495935,0.325239807,-0.251507998,-0.272620469,0.928666711],"shapeName":"/levels/johnson_valley/art/shapes/rocks/s_rocks_desert_huge_sheet_3.dae","useInstanceRenderData":true}
{"class":"TSStatic","persistentId":"e06f4ef3-cebd-4611-bd9b-cf5afcc81f05","__parent":"trail_002","position":[-429.795471,247.130051,175.905777],"isRenderEnabled":false,"rotationMatrix":[-0.563105106,0,0.826385438,0,1,0,-0.826385438,0,-0.563105106],"shapeName":"/levels/johnson_valley/art/shapes/rocks/s_rocks_desert_large_05.dae","useInstanceRenderData":true}
{"class":"TSStatic","persistentId":"2165de88-8f86-43d5-91cd-9fb0b7a2ea90","__parent":"trail_002","position":[-434.194427,254.759628,174.696808],"isRenderEnabled":false,"rotationMatrix":[-0.666020632,-0.65244472,0.361569434,-2.98023224e-08,0.484720826,0.874668896,-0.745933414,0.582547486,-0.322834134],"shapeName":"/levels/johnson_valley/art/shapes/rocks/s_rocks_desert_medium_01.dae","useInstanceRenderData":true}
{"class":"TSStatic","persistentId":"967bddac-278d-40b9-805f-58831dcabca8","__parent":"trail_002","position":[-454.228485,260.67923,167.233688],"isRenderEnabled":false,"rotationMatrix":[-0.232130408,-2.98023224e-08,-0.972684979,0.968520761,0.0924338102,-0.231136382,0.0899091959,-0.995719016,-0.0214569569],"shapeName":"/levels/johnson_valley/art/shapes/rocks/s_rocks_desert_medium_02.dae","useInstanceRenderData":true}
{"class":"TSStatic","persistentId":"e1c56db0-4d25-4474-a632-3cf975f656e8","__parent":"trail_002","position":[-454.784668,254.243317,167.09877],"isRenderEnabled":false,"rotationMatrix":[0.927274823,0,-0.374381304,0,1,0,0.374381304,0,0.927274823],"shapeName":"/levels/johnson_valley/art/shapes/rocks/s_rocks_desert_medium_03.dae","useInstanceRenderData":true}
{"class":"TSStatic","persistentId":"6e9a52dd-3895-48af-a596-e9e514518a6c","__parent":"trail_002","position":[-455.830261,257.357666,167.488968],"isRenderEnabled":false,"shapeName":"/levels/johnson_valley/art/shapes/rocks/s_rocks_desert_medium_04.dae","useInstanceRenderData":true}
{"class":"TSStatic","persistentId":"2a655fe9-19a7-44ab-8556-52a30b71efb2","__parent":"trail_002","position":[-456.800568,261.009064,166.521133],"isRenderEnabled":false,"rotationMatrix":[-0.110712647,0,0.993852496,0,1,0,-0.993852496,0,-0.110712647],"shapeName":"/levels/johnson_valley/art/shapes/rocks/s_rocks_desert_medium_05.dae","useInstanceRenderData":true}
{"class":"TSStatic","persistentId":"b804e9f7-d16c-4fe0-a8e5-1af04d3b008a","__parent":"trail_002","position":[-436.929565,251.509979,173.108124],"isRenderEnabled":false,"rotationMatrix":[0.488831103,-0.677651107,0.549393296,0,0.629764974,0.776785672,-0.872378349,-0.379716933,0.307848692],"shapeName":"/levels/johnson_valley/art/shapes/rocks/s_rocks_desert_large_06.dae","useInstanceRenderData":true}
{"class":"TSStatic","persistentId":"d7461545-3887-433b-adbc-cb42830cf6c7","__parent":"trail_002","position":[-447.221832,251.479401,169.848145],"isRenderEnabled":false,"shapeName":"/levels/johnson_valley/art/shapes/rocks/s_rocks_desert_large_07.dae","useInstanceRenderData":true}
{"class":"TSStatic","persistentId":"36a5f230-c257-46c9-b9ce-1eac82873db4","__parent":"trail_002","position":[-443.541351,255.058823,171.494919],"isRenderEnabled":false,"shapeName":"/levels/johnson_valley/art/shapes/rocks/s_rocks_desert_large_03.dae","useInstanceRenderData":true}
{"class":"TSStatic","persistentId":"bc14e4a0-d311-4efa-b59f-65848b90157b","__parent":"trail_002","position":[-422.774323,252.110626,175.72168],"isRenderEnabled":false,"rotationMatrix":[0.954274714,0,0.298931062,0,1,0,-0.298931062,0,0.954274714],"shapeName":"/levels/johnson_valley/art/shapes/rocks/s_rocks_desert_large_02.dae","useInstanceRenderData":true}
{"class":"TSStatic","persistentId":"50863b70-d6a4-4313-bbbb-0c452ca73c83","__parent":"trail_002","position":[-422.871704,250.614471,175.213959],"isRenderEnabled":false,"rotationMatrix":[0.318760455,-0.943862915,0.0866881013,-0.2502186,0.00441747904,0.968179584,-0.914211571,-0.330308557,-0.234764099],"shapeName":"/levels/johnson_valley/art/shapes/rocks/s_rocks_desert_large_02.dae","useInstanceRenderData":true}
{"class":"TSStatic","persistentId":"5ce91f23-12ff-4d4a-98c3-9709e32386dd","__parent":"trail_002","position":[-425.868225,248.86145,176.286148],"isRenderEnabled":false,"rotationMatrix":[0.857569277,0,0.514368474,0,1,0,-0.514368474,0,0.857569277],"shapeName":"/levels/johnson_valley/art/shapes/rocks/s_rocks_desert_medium_02.dae","useInstanceRenderData":true}
{"class":"TSStatic","persistentId":"49523ea7-d620-4146-844a-ef1766252811","__parent":"trail_002","position":[-449.538147,252.305786,167.758499],"isRenderEnabled":false,"rotationMatrix":[0.622997522,-0.74335444,0.24351263,0.76642561,0.642333269,7.4505806e-09,-0.156416267,0.186634243,0.969897747],"shapeName":"/levels/johnson_valley/art/shapes/rocks/s_rocks_desert_huge_sheet_2.dae","useInstanceRenderData":true}
{"class":"TSStatic","persistentId":"ac86afea-2b57-4b8a-98a8-7157037ddd15","__parent":"trail_002","position":[-438.984955,255.470703,172.870514],"isRenderEnabled":false,"shapeName":"/levels/johnson_valley/art/shapes/rocks/s_rocks_desert_large_07.dae","useInstanceRenderData":true}
{"class":"TSStatic","persistentId":"6f3bb4a7-b762-4426-9cc4-b08c9a93bd3b","__parent":"trail_002","position":[-444.550049,249.294434,172.553192],"isRenderEnabled":false,"shapeName":"/levels/johnson_valley/art/shapes/rocks/s_rocks_desert_large_06.dae","useInstanceRenderData":true}
{"class":"TSStatic","persistentId":"04d307c8-b5c4-4cd0-ab79-46466b167865","__parent":"trail_002","position":[-445.417664,252.890564,169.519806],"isRenderEnabled":false,"rotationMatrix":[-0.109188676,0.992452979,0.0558121949,-0.883699179,-0.122626066,0.451706499,0.455141485,0,0.890419126],"shapeName":"/levels/johnson_valley/art/shapes/rocks/s_rocks_desert_large_05.dae","useInstanceRenderData":true}
{"class":"TSStatic","persistentId":"4c8e142a-8d87-4962-a017-6a45af88117c","__parent":"trail_002","position":[-444.881653,250.718338,171.163589],"isRenderEnabled":false,"rotationMatrix":[0.346972525,0,-0.93787545,0,1,0,0.93787545,0,0.346972525],"shapeName":"/levels/johnson_valley/art/shapes/rocks/s_rocks_desert_medium_01.dae","useInstanceRenderData":true}
{"class":"TSStatic","persistentId":"333481c4-6abe-4d82-bd4e-e54abf99f8b9","__parent":"trail_002","position":[-447.476288,254.790588,169.672073],"isRenderEnabled":false,"rotationMatrix":[0.720019817,0.453972042,-0.524862826,-0.366849601,0.891015947,0.267417192,0.589061081,0,0.808088541],"shapeName":"/levels/johnson_valley/art/shapes/rocks/s_rocks_desert_medium_02.dae","useInstanceRenderData":true}
{"class":"TSStatic","persistentId":"56c896ac-f6e9-42ed-a7ca-2ba2051b4960","__parent":"trail_002","position":[-446.304657,251.056793,171.021164],"isRenderEnabled":false,"rotationMatrix":[1,0,0,0,0.76880002,0.639489233,0,-0.639489233,0.76880002],"shapeName":"/levels/johnson_valley/art/shapes/rocks/s_rocks_desert_medium_04.dae","useInstanceRenderData":true}
{"class":"TSStatic","persistentId":"266021ae-e283-488a-9150-3b713efb79ab","__parent":"trail_002","position":[-444.290253,253.221146,171.263535],"isRenderEnabled":false,"rotationMatrix":[1,0,0,0,0.438913882,-0.898528993,0,0.898528993,0.438913882],"shapeName":"/levels/johnson_valley/art/shapes/rocks/s_rocks_desert_medium_05.dae","useInstanceRenderData":true}
{"class":"TSStatic","persistentId":"1c5ec2b6-2989-4b4e-95a6-5fb46fcab3d9","__parent":"trail_002","position":[-439.105957,250.59906,173.390701],"isRenderEnabled":false,"rotationMatrix":[-0.995779991,0.0389568657,0.0831021294,1.86264515e-09,0.905447423,-0.424458504,-0.0917801782,-0.422666967,-0.901626587],"shapeName":"/levels/johnson_valley/art/shapes/rocks/s_rocks_desert_large_06.dae","useInstanceRenderData":true}
{"class":"TSStatic","persistentId":"dd247da3-27a8-46e2-a72f-8695f1afcc69","__parent":"trail_002","position":[-298.898651,198.50737,202.146317],"isRenderEnabled":false,"rotationMatrix":[-0.640093327,-0.606080532,0.472172856,0.683842182,-0.729569077,-0.00943472981,0.350200891,0.316852599,0.881455481],"shapeName":"/levels/johnson_valley/art/shapes/rocks/s_rocks_desert_huge_sheet_2.dae","useInstanceRenderData":true}
{"class":"TSStatic","persistentId":"f15e9d9d-3706-4602-b10a-243c46914573","__parent":"trail_002","position":[-291.95459,201.809097,202.037125],"isRenderEnabled":false,"rotationMatrix":[-0.798196197,-0.600957274,0.0416409671,0.464093655,-0.569396734,0.678531587,-0.384058237,0.560926378,0.733390093],"shapeName":"/levels/johnson_valley/art/shapes/rocks/s_rocks_desert_huge_sheet_3.dae","useInstanceRenderData":true}
{"class":"TSStatic","persistentId":"80ad02a9-311c-47db-81cf-4f4ec152323d","__parent":"trail_002","position":[-305.854736,201.461655,201.988815],"isRenderEnabled":false,"rotationMatrix":[0.314418793,-0.783932626,0.53534162,0.94917351,0.250998914,-0.189919412,0.0145137906,0.567846298,0.82300669],"shapeName":"/levels/johnson_valley/art/shapes/rocks/s_rocks_desert_huge_sheet_2.dae","useInstanceRenderData":true}
{"class":"TSStatic","persistentId":"7840bf8f-aa86-479f-bffd-39254679bdb4","__parent":"trail_002","position":[-292.735962,194.962128,204.763626],"isRenderEnabled":false,"rotationMatrix":[0.640749693,-0.504306793,0.578890681,0.637433171,0.769709945,-0.0350069702,-0.427923679,0.391434878,0.814653337],"shapeName":"/levels/johnson_valley/art/shapes/rocks/s_rocks_desert_huge_sheet_2.dae","useInstanceRenderData":true}
{"class":"TSStatic","persistentId":"0560f7c0-4dc3-4529-b77c-a9a9cce4ce7a","__parent":"trail_002","position":[-297.470795,193.429413,205.856049],"isRenderEnabled":false,"rotationMatrix":[-0.377043009,0.881493807,-0.284265012,-0.664710402,-0.0438065529,0.745815396,0.644979,0.470158726,0.602455556],"shapeName":"/levels/johnson_valley/art/shapes/rocks/s_rocks_desert_huge_sheet_3.dae","useInstanceRenderData":true}
{"class":"TSStatic","persistentId":"4f94174d-0b5b-4e3d-ab51-ab740638d1b4","__parent":"trail_002","position":[-295.68338,201.346802,201.783524],"isRenderEnabled":false,"rotationMatrix":[-0.973992467,-0.121402033,-0.191311434,0.126509845,-0.991856813,-0.0146682421,-0.187972799,-0.0384895392,0.981419802],"shapeName":"/levels/johnson_valley/art/shapes/rocks/s_rocks_desert_large_07.dae","useInstanceRenderData":true}
{"class":"TSStatic","persistentId":"2c877de6-4ed2-4949-9393-d656ff46783c","__parent":"trail_002","position":[-298.522156,203.303009,202.509613],"isRenderEnabled":false,"rotationMatrix":[0.779686809,-0.605498552,0.159562618,0.526058793,0.771623135,0.357575178,-0.339633375,-0.194857419,0.920152068],"shapeName":"/levels/johnson_valley/art/shapes/rocks/s_rocks_desert_large_06.dae","useInstanceRenderData":true}
{"class":"TSStatic","persistentId":"4b89469f-99c3-4348-8618-718e5444c6ba","__parent":"trail_002","position":[-300.154236,187.200577,211.137634],"isRenderEnabled":false,"shapeName":"/levels/johnson_valley/art/shapes/rocks/s_rocks_desert_large_03.dae","useInstanceRenderData":true}
{"class":"TSStatic","persistentId":"6f17186e-0ac6-4c26-954a-b469cf8f13b8","__parent":"trail_002","position":[-298.788696,188.229462,208.597321],"isRenderEnabled":false,"rotationMatrix":[0.668336928,-0.722961903,0.175077662,0.724850893,0.580095887,-0.371591687,0.167084619,0.375253618,0.911738753],"shapeName":"/levels/johnson_valley/art/shapes/rocks/s_rocks_desert_large_04.dae","useInstanceRenderData":true}
{"class":"TSStatic","persistentId":"f9aab825-b656-4001-9807-a4442a1b4f61","__parent":"trail_002","position":[-293.603546,185.988968,208.352554],"isRenderEnabled":false,"rotationMatrix":[-0.333107114,-0.938446879,0.0914209113,0.88581109,-0.344690204,-0.310689658,0.32307753,-0.022511214,0.946104765],"shapeName":"/levels/johnson_valley/art/shapes/rocks/s_rocks_desert_large_03.dae","useInstanceRenderData":true}
{"class":"TSStatic","persistentId":"99790eae-dac1-470a-b5de-7b1dc6823907","__parent":"trail_002","position":[-294.915619,191.975006,207.113068],"isRenderEnabled":false,"rotationMatrix":[0.916914821,0,-0.399082869,0.387744844,-0.236671209,0.890865028,-0.0944514275,-0.971589744,-0.217007279],"shapeName":"/levels/johnson_valley/art/shapes/rocks/s_rocks_desert_medium_01.dae","useInstanceRenderData":true}
{"class":"TSStatic","persistentId":"90a8e5b8-8fe9-430a-a653-80fbc5b58dce","__parent":"trail_002","position":[-294.218811,199.278122,203.039948],"isRenderEnabled":false,"rotationMatrix":[0.814748049,-0.265152067,-0.515635431,0.449077278,0.851110816,0.271918952,0.366762996,-0.453105628,0.812514663],"shapeName":"/levels/johnson_valley/art/shapes/rocks/s_rocks_desert_medium_02.dae","useInstanceRenderData":true}
{"class":"TSStatic","persistentId":"e0cf4ef5-8a39-42fc-92dc-5282d04993ff","__parent":"trail_002","position":[-297.545868,192.617996,207.360504],"isRenderEnabled":false,"rotationMatrix":[0.443348348,0.19612053,-0.874630928,0.128401011,0.951810777,0.278513014,0.887105227,-0.235781789,0.396801651],"shapeName":"/levels/johnson_valley/art/shapes/rocks/s_rocks_desert_medium_03.dae","useInstanceRenderData":true}
{"class":"TSStatic","persistentId":"77fecb80-51c3-4a98-a11a-435684e3d74d","__parent":"trail_002","position":[-297.385895,206.153824,200.671127],"isRenderEnabled":false,"shapeName":"/levels/johnson_valley/art/shapes/rocks/s_rocks_desert_medium_04.dae","useInstanceRenderData":true}
{"class":"TSStatic","persistentId":"ce15abea-0fb9-40a0-9464-c66d8edf43b3","__parent":"trail_002","position":[-297.248291,195.511902,205.176208],"isRenderEnabled":false,"rotationMatrix":[-0.234954953,0.61897409,0.749444485,-0.972006083,-0.149619341,-0.181157053,2.98023224e-08,-0.771028459,0.636800587],"shapeName":"/levels/johnson_valley/art/shapes/rocks/s_rocks_desert_medium_05.dae","useInstanceRenderData":true}
{"class":"TSStatic","persistentId":"2a1030a0-6e4e-4e7a-9630-c1eea2304649","__parent":"trail_002","position":[-294.795685,197.280258,203.174347],"isRenderEnabled":false,"rotationMatrix":[0.713414073,0.573869824,-0.402136654,0.642781019,-0.764454842,0.049415186,-0.279057294,-0.293739259,-0.914245486],"shapeName":"/levels/johnson_valley/art/shapes/rocks/s_rocks_desert_large_06.dae","useInstanceRenderData":true}
{"class":"TSStatic","persistentId":"74ce53cc-1d07-4dc7-84c4-d74578601090","__parent":"trail_002","position":[-297.565247,178.710297,210.647949],"isRenderEnabled":false,"rotationMatrix":[0.942214668,-0.289019972,0.169407666,0.235801369,0.931351066,0.277458072,-0.237968922,-0.221478522,0.945683897],"shapeName":"/levels/johnson_valley/art/shapes/rocks/s_rocks_desert_large_03.dae","useInstanceRenderData":true}
{"class":"TSStatic","persistentId":"5cb158d9-28d8-4ab6-a4f1-405a58ad4513","__parent":"trail_002","position":[-298.881927,182.408157,210.274124],"isRenderEnabled":false,"rotationMatrix":[-0.494583726,0.863428116,0.0993929654,-0.869074702,-0.49001658,-0.0677724853,-0.00981247053,-0.119899072,0.992737591],"shapeName":"/levels/johnson_valley/art/shapes/rocks/s_rocks_desert_large_03.dae","useInstanceRenderData":true}
{"class":"TSStatic","persistentId":"d36e0ec3-d076-4e35-b58e-f6d87c4d3e6f","__parent":"trail_002","position":[-290.308655,177.886627,209.911484],"isRenderEnabled":false,"rotationMatrix":[-0.898087502,0.428439617,0.0993929803,-0.43568182,-0.897546053,-0.0677725077,0.0601733178,-0.104169324,0.992737591],"shapeName":"/levels/johnson_valley/art/shapes/rocks/s_rocks_desert_large_03.dae","useInstanceRenderData":true}
{"class":"TSStatic","persistentId":"0bae63b0-84fb-48f5-994d-3906bc05ce57","__parent":"trail_002","position":[-295.477356,178.360672,210.845963],"isRenderEnabled":false,"rotationMatrix":[0.101640224,0.159427732,0.981963634,-0.0293555334,-0.986165285,0.163148373,0.994388223,-0.0454085208,-0.095554471],"shapeName":"/levels/johnson_valley/art/shapes/rocks/s_rocks_desert_large_03.dae","useInstanceRenderData":true}
{"class":"TSStatic","persistentId":"fe78fc29-e2a3-4f11-ba10-53a0694a1e78","__parent":"trail_002","position":[-294.018951,175.476852,211.039841],"isRenderEnabled":false,"rotationMatrix":[0.101640403,0.910091937,0.401749164,-0.0293554664,-0.400921226,0.9156425,0.994388223,-0.104860067,-0.0140340328],"shapeName":"/levels/johnson_valley/art/shapes/rocks/s_rocks_desert_large_03.dae","useInstanceRenderData":true}
{"class":"TSStatic","persistentId":"c2337ea7-8c9b-4205-bbf6-638062fb034c","__parent":"trail_002","position":[-290.055359,164.779068,213.769928],"isRenderEnabled":false,"rotationMatrix":[0.740839481,-0.378025532,0.555205822,0.447815478,-0.338091373,-0.827740908,0.500617743,0.861852884,-0.0811855793],"shapeName":"/levels/johnson_valley/art/shapes/rocks/s_rocks_desert_large_03.dae","useInstanceRenderData":true}
{"class":"TSStatic","persistentId":"cd96b77c-ede6-4603-adfb-0344e16dd551","__parent":"trail_002","position":[-294.984283,167.79895,212.767197],"isRenderEnabled":false,"rotationMatrix":[-0.692643404,-0.454397649,0.560150206,0.56015414,-0.828125834,0.0208669901,0.454392821,0.328223795,0.828128219],"shapeName":"/levels/johnson_valley/art/shapes/rocks/s_rocks_desert_huge_sheet_2.dae","useInstanceRenderData":true}
{"class":"TSStatic","persistentId":"d4686cea-c33a-4307-bb0a-7b27f9431c45","__parent":"trail_002","position":[-282.279144,150.199844,216.329453],"isRenderEnabled":false,"rotationMatrix":[0.864599168,0.502462268,-7.4505806e-09,-0.48222208,0.829771399,0.28096506,0.141174346,-0.242922157,0.959717989],"shapeName":"/levels/johnson_valley/art/shapes/rocks/s_rocks_desert_low_flat_02.dae","useInstanceRenderData":true}
{"class":"TSStatic","persistentId":"e9b817a8-8b42-431f-abdb-08308f6492f9","__parent":"trail_002","position":[-302.657867,167.539185,215.924103],"isRenderEnabled":false,"rotationMatrix":[-0.908091903,0.205583364,0.364834547,-0.233094484,-0.971910238,-0.0325151272,0.347901881,-0.114567652,0.930504441],"shapeName":"/levels/johnson_valley/art/shapes/rocks/s_rocks_desert_huge_sheet_2.dae","useInstanceRenderData":true}
{"class":"TSStatic","persistentId":"c1d7aba3-751a-4ef3-9c9a-0d2f3d4f2f2a","__parent":"trail_002","position":[-282.640839,172.71875,211.566223],"isRenderEnabled":false,"rotationMatrix":[0.674942851,0.641364276,0.364834726,-0.67918855,0.733243465,-0.0325151384,-0.288366735,-0.225845575,0.930504382],"shapeName":"/levels/johnson_valley/art/shapes/rocks/s_rocks_desert_huge_sheet_2.dae","useInstanceRenderData":true}
{"class":"TSStatic","persistentId":"a13bbb75-6622-40f3-94f3-78c04711e04c","__parent":"trail_002","position":[-288.218231,181.305771,210.64328],"isRenderEnabled":false,"rotationMatrix":[-0.644294143,-0.228015676,-0.729995608,0.249474391,-0.964968801,0.0812239498,-0.722943425,-0.129783094,0.678608179],"shapeName":"/levels/johnson_valley/art/shapes/rocks/s_rocks_desert_huge_sheet_2.dae","useInstanceRenderData":true}
{"class":"TSStatic","persistentId":"785fdac4-9abc-436c-a5d2-ea64696dd091","__parent":"trail_002","position":[-268.70343,156.525909,214.184601],"isRenderEnabled":false,"rotationMatrix":[-0.644294143,-0.228015676,-0.729995608,0.249474391,-0.964968801,0.0812239498,-0.722943425,-0.129783094,0.678608179],"shapeName":"/levels/johnson_valley/art/shapes/rocks/s_rocks_desert_huge_sheet_2.dae","useInstanceRenderData":true}
{"class":"TSStatic","persistentId":"c0b18f66-ff9f-498b-b68f-4150b36926b9","__parent":"trail_002","position":[-270.504059,163.761734,214.725388],"isRenderEnabled":false,"rotationMatrix":[-0.820441723,-0.170180216,-0.545815051,0.17812781,-0.983241558,0.0388130844,-0.54327327,-0.0653809682,0.837006271],"shapeName":"/levels/johnson_valley/art/shapes/rocks/s_rocks_desert_huge_sheet_2.dae","useInstanceRenderData":true}
{"class":"TSStatic","persistentId":"b088153d-ab64-49cd-a786-4ab2c442aa3a","__parent":"trail_002","position":[-269.170441,145.921341,215.764023],"isRenderEnabled":false,"rotationMatrix":[0.917039156,0,0.398797274,0,1,0,-0.398797274,0,0.917039156],"shapeName":"/levels/johnson_valley/art/shapes/rocks/s_rocks_desert_low_flat_02.dae","useInstanceRenderData":true}
{"class":"TSStatic","persistentId":"85b6bec9-c258-45db-b4ad-8dd3d88c573b","__parent":"trail_002","position":[-274.029602,158.973083,213.246231],"isRenderEnabled":false,"rotationMatrix":[0.850817919,0.516454756,-0.0968679413,-0.496920764,0.850744724,0.171181932,0.170817584,-0.0975089818,0.980465889],"shapeName":"/levels/johnson_valley/art/shapes/rocks/s_rocks_desert_large_02.dae","useInstanceRenderData":true}
{"class":"TSStatic","persistentId":"f5fbfa90-5eab-4689-956d-698ac8b48a74","__parent":"trail_002","position":[-276.767029,159.220444,213.00148],"isRenderEnabled":false,"rotationMatrix":[0.955732882,0.272899687,0.110001825,-0.294235706,0.886429548,0.35730657,0,-0.373856097,0.927486718],"shapeName":"/levels/johnson_valley/art/shapes/rocks/s_rocks_desert_large_03.dae","useInstanceRenderData":true}
{"class":"TSStatic","persistentId":"83342d69-09d7-4dd3-a1b3-cb55f35dc439","__parent":"trail_002","position":[-291.242126,157.715195,218.947876],"isRenderEnabled":false,"shapeName":"/levels/johnson_valley/art/shapes/rocks/s_rocks_desert_large_04.dae","useInstanceRenderData":true}
{"class":"TSStatic","persistentId":"99b6dafb-aeb1-45b1-a9d8-d4af5e34ac2e","__parent":"trail_002","position":[-276.446838,164.133881,213.873383],"isRenderEnabled":false,"shapeName":"/levels/johnson_valley/art/shapes/rocks/s_rocks_desert_large_07.dae","useInstanceRenderData":true}
{"class":"TSStatic","persistentId":"1c7fcc66-96ec-4a3e-b35b-65762e9fed39","__parent":"trail_002","position":[-278.809845,159.791733,213.4207],"isRenderEnabled":false,"rotationMatrix":[0.989506841,0,-0.144486159,0,1,0,0.144486159,0,0.989506841],"shapeName":"/levels/johnson_valley/art/shapes/rocks/s_rocks_desert_large_05.dae","useInstanceRenderData":true}
{"class":"TSStatic","persistentId":"1798d81a-e618-4516-bab1-cbbbc539d7b3","__parent":"trail_002","position":[-282.820465,163.89267,213.346817],"isRenderEnabled":false,"rotationMatrix":[0.993635297,0,-0.112645045,0,1,0,0.112645045,0,0.993635297],"shapeName":"/levels/johnson_valley/art/shapes/rocks/s_rocks_desert_large_06.dae","useInstanceRenderData":true}
{"class":"TSStatic","persistentId":"21adee4b-a4b9-429f-8d18-22ac3cf9645a","__parent":"trail_002","position":[-277.618958,157.414368,214.101913],"isRenderEnabled":false,"rotationMatrix":[0.0684219003,0.792401969,0.606150031,-0.997656643,0.0543450117,0.0415714383,0,-0.607573926,0.794263184],"shapeName":"/levels/johnson_valley/art/shapes/rocks/s_rocks_desert_medium_01.dae","useInstanceRenderData":true}
{"class":"TSStatic","persistentId":"0a4da48b-a3e3-4f78-9a47-d6086dd94808","__parent":"trail_002","position":[-271.204926,159.631805,215.487122],"isRenderEnabled":false,"rotationMatrix":[0.742896974,0,-0.669405699,0,1,0,0.669405699,0,0.742896974],"shapeName":"/levels/johnson_valley/art/shapes/rocks/s_rocks_desert_medium_02.dae","useInstanceRenderData":true}
{"class":"TSStatic","persistentId":"4d36f5cf-d18d-4f78-bd96-4645e7af4b24","__parent":"trail_002","position":[-281.325165,161.880096,213.342133],"isRenderEnabled":false,"shapeName":"/levels/johnson_valley/art/shapes/rocks/s_rocks_desert_medium_03.dae","useInstanceRenderData":true}
{"class":"TSStatic","persistentId":"da55ca7d-79fe-4d35-a9d5-bf70030784cf","__parent":"trail_002","position":[-277.791656,166.178955,213.415131],"isRenderEnabled":false,"shapeName":"/levels/johnson_valley/art/shapes/rocks/s_rocks_desert_medium_04.dae","useInstanceRenderData":true}
{"class":"TSStatic","persistentId":"e901d492-a6c7-4eba-9f02-66999e0caeed","__parent":"trail_002","position":[-280.010559,168.048828,213.26384],"isRenderEnabled":false,"rotationMatrix":[0.55733335,0,-0.830288768,0,1,0,0.830288768,0,0.55733335],"shapeName":"/levels/johnson_valley/art/shapes/rocks/s_rocks_desert_medium_05.dae","useInstanceRenderData":true}
{"class":"TSStatic","persistentId":"26068487-f9a3-48b5-88c9-266b29e5e318","__parent":"trail_002","position":[-276.429443,155.298355,214.181503],"isRenderEnabled":false,"rotationMatrix":[0.742897034,-0.329562128,-0.582660198,0,0.870414019,-0.492320478,0.669405818,0.365743399,0.646627963],"shapeName":"/levels/johnson_valley/art/shapes/rocks/s_rocks_desert_medium_02.dae","useInstanceRenderData":true}
{"class":"TSStatic","persistentId":"5d363af5-a888-460c-8b38-c1cffdd30c09","__parent":"trail_002","position":[-278.971741,161.79744,212.777817],"isRenderEnabled":false,"rotationMatrix":[-0.0485684872,0.994078934,-0.0972070992,0.127025783,0.102678597,0.986571074,0.990710139,0.0355680287,-0.131260872],"shapeName":"/levels/johnson_valley/art/shapes/rocks/s_rocks_desert_medium_01.dae","useInstanceRenderData":true}
{"class":"TSStatic","persistentId":"b2ad5112-7fea-4769-a962-bae07c98a430","__parent":"trail_002","position":[-274.856384,164.541229,214.977585],"isRenderEnabled":false,"rotationMatrix":[0.250737607,0.311804056,0.91646558,0.198775992,-0.943118572,0.266488492,0.947427571,0.115352616,-0.298454642],"shapeName":"/levels/johnson_valley/art/shapes/rocks/s_rocks_desert_medium_01.dae","useInstanceRenderData":true}
