{"class":"TSStatic","persistentId":"75ca550f-5fc9-4d0f-b69a-42ed269bda02","__parent":"hazardousWasteDropOff","position":[-545.175415,2183.19751,79.3027725],"decalType":"None","isRenderEnabled":false,"rotationMatrix":[0.973664284,-0.227986649,0,0.227986649,0.973664284,0,0,0,1],"shapeName":"/levels/west_coast_usa/art/shapes/objects/guardrail1.dae","useInstanceRenderData":true}
{"class":"TSStatic","persistentId":"8cd7c15b-9278-4fd0-8760-3cbe7a5b004b","__parent":"hazardousWasteDropOff","position":[-545.982544,2183.53174,78.3490448],"decalType":"None","isRenderEnabled":false,"rotationMatrix":[0.973664284,-0.227986649,0,0.227986649,0.973664284,0,0,0,1],"shapeName":"/levels/west_coast_usa/art/shapes/objects/guardrailpost.dae","useInstanceRenderData":true}
{"class":"TSStatic","persistentId":"41961ef8-568a-4dec-8d19-44df93eb835d","__parent":"hazardousWasteDropOff","position":[-547.122681,2183.65356,79.2967072],"decalType":"None","isRenderEnabled":false,"rotationMatrix":[0.97365433,-0.227984264,0.00451501878,0.227986589,0.973664284,0,-0.00439611217,0.00102936383,0.999989808],"shapeName":"/levels/west_coast_usa/art/shapes/objects/guardrail1.dae","useInstanceRenderData":true}
{"class":"TSStatic","persistentId":"9b0d2ee3-e8c1-4131-a562-e1ad4caff238","__parent":"hazardousWasteDropOff","position":[-547.929871,2183.98779,78.3490448],"decalType":"None","isRenderEnabled":false,"rotationMatrix":[0.973664284,-0.227986649,0,0.227986649,0.973664284,0,0,0,1],"shapeName":"/levels/west_coast_usa/art/shapes/objects/guardrailpost.dae","useInstanceRenderData":true}
{"class":"TSStatic","persistentId":"797d89bc-9096-458b-9b03-8495fdda628b","__parent":"hazardousWasteDropOff","position":[-549.070007,2184.10938,79.2771683],"decalType":"None","isRenderEnabled":false,"rotationMatrix":[0.973548949,-0.227959692,0.0153889656,0.227986693,0.973664284,0,-0.0149836857,0.00350847864,0.999881566],"shapeName":"/levels/west_coast_usa/art/shapes/objects/guardrail1.dae","useInstanceRenderData":true}
{"class":"TSStatic","persistentId":"dacf1b09-ff85-47b9-9d48-7770368bd73d","__parent":"hazardousWasteDropOff","position":[-549.877197,2184.44385,78.3490448],"decalType":"None","isRenderEnabled":false,"rotationMatrix":[0.973664284,-0.227986649,0,0.227986649,0.973664284,0,0,0,1],"shapeName":"/levels/west_coast_usa/art/shapes/objects/guardrailpost.dae","useInstanceRenderData":true}
{"class":"TSStatic","persistentId":"9d15b4a8-9d2d-4032-a72e-e1164fc06923","__parent":"hazardousWasteDropOff","position":[-551.017273,2184.56543,79.2608948],"decalType":"None","isRenderEnabled":false,"rotationMatrix":[0.973664284,-0.227986649,0,0.227986649,0.973664284,0,0,0,1],"shapeName":"/levels/west_coast_usa/art/shapes/objects/guardrail1.dae","useInstanceRenderData":true}
{"class":"TSStatic","persistentId":"13f78f7d-996c-44bf-8728-1d608fc2626f","__parent":"hazardousWasteDropOff","position":[-551.824463,2184.8999,78.3490448],"decalType":"None","isRenderEnabled":false,"rotationMatrix":[0.973664284,-0.227986649,0,0.227986649,0.973664284,0,0,0,1],"shapeName":"/levels/west_coast_usa/art/shapes/objects/guardrailpost.dae","useInstanceRenderData":true}
{"class":"TSStatic","persistentId":"934e77b0-3c0e-4d3e-a85f-47d073494011","__parent":"hazardousWasteDropOff","position":[-552.9646,2185.02148,79.2821808],"decalType":"None","isRenderEnabled":false,"rotationMatrix":[0.973559022,-0.227962062,-0.0147002237,0.227986708,0.973664224,-1.16415322e-10,0.0143130822,-0.00335145462,0.999891937],"shapeName":"/levels/west_coast_usa/art/shapes/objects/guardrail1.dae","useInstanceRenderData":true}
{"class":"TSStatic","persistentId":"a31c62e6-beb9-4a39-9611-e093b695ddf7","__parent":"hazardousWasteDropOff","position":[-553.77179,2185.35596,78.3490448],"decalType":"None","isRenderEnabled":false,"rotationMatrix":[0.973664284,-0.227986649,0,0.227986649,0.973664284,0,0,0,1],"shapeName":"/levels/west_coast_usa/art/shapes/objects/guardrailpost.dae","useInstanceRenderData":true}
{"class":"TSStatic","persistentId":"fd03c850-bf66-4d96-b4ff-b8792c4b9ff4","__parent":"hazardousWasteDropOff","position":[-554.911865,2185.47754,79.3027725],"decalType":"None","isRenderEnabled":false,"rotationMatrix":[0.973664284,-0.227986649,0,0.227986649,0.973664284,0,0,0,1],"shapeName":"/levels/west_coast_usa/art/shapes/objects/guardrail1.dae","useInstanceRenderData":true}
{"class":"TSStatic","persistentId":"3b8f0f23-1f2d-4fc6-801f-78587e21a26a","__parent":"hazardousWasteDropOff","position":[-555.719055,2185.81177,78.3490448],"decalType":"None","isRenderEnabled":false,"rotationMatrix":[0.973664284,-0.227986649,0,0.227986649,0.973664284,0,0,0,1],"shapeName":"/levels/west_coast_usa/art/shapes/objects/guardrailpost.dae","useInstanceRenderData":true}
{"class":"TSStatic","persistentId":"9790b992-878b-47ad-b056-f10be0cea7d0","__parent":"hazardousWasteDropOff","position":[-544.225037,2183.12012,78.3490448],"decalType":"None","isRenderEnabled":false,"rotationMatrix":[0.973664284,-0.227986649,0,0.227986649,0.973664284,0,0,0,1],"shapeName":"/levels/west_coast_usa/art/shapes/objects/guardrailpost.dae","useInstanceRenderData":true}
{"class":"TSStatic","persistentId":"799074c6-b6eb-47dc-a674-ba13e168279d","__parent":"hazardousWasteDropOff","position":[-535.374084,2181.29053,79.3055801],"decalType":"None","isRenderEnabled":false,"rotationMatrix":[0.998746157,-0.0500610135,0,0.0500273816,0.998075187,-0.0366499871,0.00183473527,0.0366040319,0.999328136],"shapeName":"/levels/west_coast_usa/art/shapes/objects/guardrail1.dae","useInstanceRenderData":true}
{"class":"TSStatic","persistentId":"c39ada57-db79-4ea4-8736-2722080988e5","__parent":"hazardousWasteDropOff","position":[-536.216248,2181.50464,78.3490448],"decalType":"None","isRenderEnabled":false,"rotationMatrix":[0.991157055,0.132694185,0,-0.132694185,0.991157055,0,0,0,1],"shapeName":"/levels/west_coast_usa/art/shapes/objects/guardrailpost.dae","useInstanceRenderData":true}
{"class":"TSStatic","persistentId":"a717af7e-1cb5-48c7-8c37-79a98032586a","__parent":"hazardousWasteDropOff","position":[-533.363464,2181.2478,79.3027725],"decalType":"None","isRenderEnabled":false,"rotationMatrix":[0.999890447,0.0148031162,0,-0.0148031162,0.999890447,0,0,0,1],"shapeName":"/levels/west_coast_usa/art/shapes/objects/guardrail1.dae","useInstanceRenderData":true}
{"class":"TSStatic","persistentId":"070141f8-3fe0-4a61-a42a-a8dd73722c45","__parent":"hazardousWasteDropOff","position":[-534.230713,2181.37402,78.3516464],"decalType":"None","isRenderEnabled":false,"rotationMatrix":[0.996841371,-0.0794181228,0,0.0794181228,0.996841371,0,0,0,1],"shapeName":"/levels/west_coast_usa/art/shapes/objects/guardrailpost.dae","useInstanceRenderData":true}
{"class":"TSStatic","persistentId":"fed333ba-2b35-4edd-a789-bed4ef691a72","__parent":"hazardousWasteDropOff","position":[-531.362061,2181.29883,79.3027725],"decalType":"None","isRenderEnabled":false,"rotationMatrix":[0.999494731,0.0317846946,0,-0.0317846946,0.999494731,0,0,0,1],"shapeName":"/levels/west_coast_usa/art/shapes/objects/guardrail1.dae","useInstanceRenderData":true}
{"class":"TSStatic","persistentId":"86d92bb5-fbdb-4df7-aba0-2bcd06406d98","__parent":"hazardousWasteDropOff","position":[-532.228271,2181.41284,78.3490448],"decalType":"None","isRenderEnabled":false,"rotationMatrix":[0.999494731,0.0317846946,0,-0.0317846946,0.999494731,0,0,0,1],"shapeName":"/levels/west_coast_usa/art/shapes/objects/guardrailpost.dae","useInstanceRenderData":true}
{"class":"TSStatic","persistentId":"1caf3266-70ef-4db4-8092-ce2cb88ee120","__parent":"hazardousWasteDropOff","position":[-529.363098,2181.3623,79.3027725],"decalType":"None","isRenderEnabled":false,"rotationMatrix":[0.999494731,0.0317846946,0,-0.0317846946,0.999494731,0,0,0,1],"shapeName":"/levels/west_coast_usa/art/shapes/objects/guardrail1.dae","useInstanceRenderData":true}
{"class":"TSStatic","persistentId":"d90575a1-198d-413e-9ad6-c9f473b06111","__parent":"hazardousWasteDropOff","position":[-530.229309,2181.47632,78.3490448],"decalType":"None","isRenderEnabled":false,"rotationMatrix":[0.999494731,0.0317846946,0,-0.0317846946,0.999494731,0,0,0,1],"shapeName":"/levels/west_coast_usa/art/shapes/objects/guardrailpost.dae","useInstanceRenderData":true}
{"class":"TSStatic","persistentId":"2843f85f-4e36-4201-b21c-a8adb000d2c1","__parent":"hazardousWasteDropOff","position":[-527.364136,2181.42578,79.3027725],"decalType":"None","isRenderEnabled":false,"rotationMatrix":[0.999494731,0.0317846946,0,-0.0317846946,0.999494731,0,0,0,1],"shapeName":"/levels/west_coast_usa/art/shapes/objects/guardrail1.dae","useInstanceRenderData":true}
{"class":"TSStatic","persistentId":"7c8e2376-52d0-443f-a8e7-d998a57e1d85","__parent":"hazardousWasteDropOff","position":[-528.230347,2181.54004,78.3490448],"decalType":"None","isRenderEnabled":false,"rotationMatrix":[0.999494731,0.0317846946,0,-0.0317846946,0.999494731,0,0,0,1],"shapeName":"/levels/west_coast_usa/art/shapes/objects/guardrailpost.dae","useInstanceRenderData":true}
{"class":"TSStatic","persistentId":"879ac76b-50b4-4b74-874b-e3207fa14163","__parent":"hazardousWasteDropOff","position":[-526.414856,2181.59766,78.3490448],"decalType":"None","isRenderEnabled":false,"rotationMatrix":[0.999494731,0.0317846946,0,-0.0317846946,0.999494731,0,0,0,1],"shapeName":"/levels/west_coast_usa/art/shapes/objects/guardrailpost.dae","useInstanceRenderData":true}
{"class":"TSStatic","persistentId":"3925044e-b2c9-4b17-8d24-21ea95131f2f","__parent":"hazardousWasteDropOff","position":[-559.780212,2186.61743,79.3027725],"decalType":"None","isRenderEnabled":false,"rotationMatrix":[0.973664284,-0.227986649,0,0.227986649,0.973664284,0,0,0,1],"shapeName":"/levels/west_coast_usa/art/shapes/objects/guardrail1.dae","useInstanceRenderData":true}
{"class":"TSStatic","persistentId":"7846de12-4f13-4d92-a92a-0ff9f5aedec1","__parent":"hazardousWasteDropOff","position":[-560.587402,2186.95166,78.3490448],"decalType":"None","isRenderEnabled":false,"rotationMatrix":[0.973664284,-0.227986649,0,0.227986649,0.973664284,0,0,0,1],"shapeName":"/levels/west_coast_usa/art/shapes/objects/guardrailpost.dae","useInstanceRenderData":true}
{"class":"TSStatic","persistentId":"6f6490a3-0611-41b2-8c99-a5a797585f7e","__parent":"hazardousWasteDropOff","position":[-561.727539,2187.07349,79.2910233],"decalType":"None","isRenderEnabled":false,"rotationMatrix":[0.973575234,-0.227965862,0.0135203563,0.227986693,0.973664224,2.32830644e-10,-0.0131642874,0.00308246072,0.999908566],"shapeName":"/levels/west_coast_usa/art/shapes/objects/guardrail1.dae","useInstanceRenderData":true}
{"class":"TSStatic","persistentId":"501a7f82-5fa2-41d4-a884-52c0f649b358","__parent":"hazardousWasteDropOff","position":[-562.534729,2187.40771,78.3490448],"decalType":"None","isRenderEnabled":false,"rotationMatrix":[0.973664284,-0.227986649,0,0.227986649,0.973664284,0,0,0,1],"shapeName":"/levels/west_coast_usa/art/shapes/objects/guardrailpost.dae","useInstanceRenderData":true}
{"class":"TSStatic","persistentId":"f3f533a1-6f79-4a36-a6b4-5e9fc93d41fb","__parent":"hazardousWasteDropOff","position":[-563.674805,2187.52954,79.2755127],"decalType":"None","isRenderEnabled":false,"rotationMatrix":[0.973664284,-0.227986649,0,0.227986649,0.973664284,0,0,0,1],"shapeName":"/levels/west_coast_usa/art/shapes/objects/guardrail1.dae","useInstanceRenderData":true}
{"class":"TSStatic","persistentId":"5475bb0d-b35e-4dc0-8d88-cfe6a9e12452","__parent":"hazardousWasteDropOff","position":[-564.481995,2187.86377,78.3490448],"decalType":"None","isRenderEnabled":false,"rotationMatrix":[0.973664284,-0.227986649,0,0.227986649,0.973664284,0,0,0,1],"shapeName":"/levels/west_coast_usa/art/shapes/objects/guardrailpost.dae","useInstanceRenderData":true}
{"class":"TSStatic","persistentId":"5e10cf59-2c93-4568-872c-4f202a90e065","__parent":"hazardousWasteDropOff","position":[-565.622253,2187.9856,79.2879562],"decalType":"None","isRenderEnabled":false,"rotationMatrix":[0.973627985,-0.227978215,-0.00862893462,0.227986708,0.973664224,0,0.00840168446,-0.00196728203,0.999962747],"shapeName":"/levels/west_coast_usa/art/shapes/objects/guardrail1.dae","useInstanceRenderData":true}
{"class":"TSStatic","persistentId":"b7e843de-90e5-43b1-be65-cb4d123c97e0","__parent":"hazardousWasteDropOff","position":[-566.429321,2188.31982,78.3490448],"decalType":"None","isRenderEnabled":false,"rotationMatrix":[0.973664284,-0.227986649,0,0.227986649,0.973664284,0,0,0,1],"shapeName":"/levels/west_coast_usa/art/shapes/objects/guardrailpost.dae","useInstanceRenderData":true}
{"class":"TSStatic","persistentId":"9d65ec6b-ccaa-4ddb-a324-d1710868239f","__parent":"hazardousWasteDropOff","position":[-567.569458,2188.44165,79.3027725],"decalType":"None","isRenderEnabled":false,"rotationMatrix":[0.973664284,-0.227986649,0,0.227986649,0.973664284,0,0,0,1],"shapeName":"/levels/west_coast_usa/art/shapes/objects/guardrail1.dae","useInstanceRenderData":true}
{"class":"TSStatic","persistentId":"20be88e4-4f71-422b-8535-45b5d3a6b615","__parent":"hazardousWasteDropOff","position":[-568.376587,2188.77588,78.3490448],"decalType":"None","isRenderEnabled":false,"rotationMatrix":[0.973664284,-0.227986649,0,0.227986649,0.973664284,0,0,0,1],"shapeName":"/levels/west_coast_usa/art/shapes/objects/guardrailpost.dae","useInstanceRenderData":true}
{"class":"TSStatic","persistentId":"0d9e3305-890c-45f2-a2cf-3c944f14ffb7","__parent":"hazardousWasteDropOff","position":[-569.516724,2188.89771,79.3027725],"decalType":"None","isRenderEnabled":false,"rotationMatrix":[0.973664284,-0.227986649,0,0.227986649,0.973664284,0,0,0,1],"shapeName":"/levels/west_coast_usa/art/shapes/objects/guardrail1.dae","useInstanceRenderData":true}
{"class":"TSStatic","persistentId":"1f3dcd1e-edf6-4671-8b63-23f4b63a154a","__parent":"hazardousWasteDropOff","position":[-570.323914,2189.23193,78.3490448],"decalType":"None","isRenderEnabled":false,"rotationMatrix":[0.973664284,-0.227986649,0,0.227986649,0.973664284,0,0,0,1],"shapeName":"/levels/west_coast_usa/art/shapes/objects/guardrailpost.dae","useInstanceRenderData":true}
{"class":"TSStatic","persistentId":"95676ce3-bc0d-4bab-85a3-3676eb98823a","__parent":"hazardousWasteDropOff","position":[-571.449524,2189.40698,79.3027725],"decalType":"None","isRenderEnabled":false,"rotationMatrix":[0.96185112,-0.273573458,0,0.273573458,0.96185112,0,0,0,1],"shapeName":"/levels/west_coast_usa/art/shapes/objects/guardrail1.dae","useInstanceRenderData":true}
{"class":"TSStatic","persistentId":"50859050-aa21-4e18-a96f-5af49686debd","__parent":"hazardousWasteDropOff","position":[-572.272705,2189.68188,78.3330841],"decalType":"None","isRenderEnabled":false,"rotationMatrix":[0.973664284,-0.227986604,-1.86264515e-09,0.227116317,0.969947517,-0.0872926116,0.0199015513,0.0849936903,0.99618274],"shapeName":"/levels/west_coast_usa/art/shapes/objects/guardrailpost.dae","useInstanceRenderData":true}
{"class":"TSStatic","persistentId":"5bc8d157-5638-44c9-9feb-ee18034f4608","__parent":"hazardousWasteDropOff","position":[-573.370483,2189.97412,79.2892075],"decalType":"None","isRenderEnabled":false,"rotationMatrix":[0.957181513,-0.288984954,0.0170675181,0.288425803,0.946961701,-0.141682938,0.0247819424,0.140539005,0.989764929],"shapeName":"/levels/west_coast_usa/art/shapes/objects/guardrail1.dae","useInstanceRenderData":true}
{"class":"TSStatic","persistentId":"e0b66716-ad2a-4fe5-94e6-ba25b0db7a72","__parent":"hazardousWasteDropOff","position":[-574.219666,2190.13892,78.3220825],"decalType":"None","isRenderEnabled":false,"rotationMatrix":[0.973642349,-0.228078797,-0.000820254907,0.222829208,0.951987445,-0.209921673,0.0486595482,0.204205856,0.977717876],"shapeName":"/levels/west_coast_usa/art/shapes/objects/guardrailpost.dae","useInstanceRenderData":true}
{"class":"TSStatic","persistentId":"2b7af197-2151-48bc-8bbc-caa6ae8f22e1","__parent":"hazardousWasteDropOff","position":[-575.319031,2190.43506,79.2841949],"decalType":"None","isRenderEnabled":false,"rotationMatrix":[0.980002165,-0.198849738,-0.00738754123,0.192680925,0.95756346,-0.214350939,0.0496976562,0.208640933,0.976728797],"shapeName":"/levels/west_coast_usa/art/shapes/objects/guardrail1.dae","useInstanceRenderData":true}
{"class":"TSStatic","persistentId":"9b968696-e6a2-4c88-a679-80e397d4c2f0","__parent":"hazardousWasteDropOff","position":[-576.165039,2190.60352,78.3346176],"decalType":"None","isRenderEnabled":false,"rotationMatrix":[0.973664224,-0.227986738,1.86264515e-09,0.225032821,0.961048961,-0.160452962,0.0365811363,0.15622732,0.9870435],"shapeName":"/levels/west_coast_usa/art/shapes/objects/guardrailpost.dae","useInstanceRenderData":true}
{"class":"TSStatic","persistentId":"41cffc6d-595a-416f-ad5e-d1e1b18f8bf7","__parent":"hazardousWasteDropOff","position":[-577.294617,2190.89917,79.3001556],"decalType":"None","isRenderEnabled":false,"rotationMatrix":[0.967514515,-0.25276491,-0.00506011955,0.250141889,0.959993899,-0.125860274,0.036670737,0.120505899,0.992035091],"shapeName":"/levels/west_coast_usa/art/shapes/objects/guardrail1.dae","useInstanceRenderData":true}
{"class":"TSStatic","persistentId":"af743ab2-644b-4927-8ec1-49556d218cbd","__parent":"hazardousWasteDropOff","position":[-578.065125,2191.2417,78.3458099],"decalType":"None","isRenderEnabled":false,"rotationMatrix":[0.958769798,-0.284151435,0.00429103663,0.284153521,0.958778799,0.000124721875,-0.00414959481,0.00109973375,0.999990761],"shapeName":"/levels/west_coast_usa/art/shapes/objects/guardrailpost.dae","useInstanceRenderData":true}
{"class":"TSStatic","persistentId":"3f9b24dc-2359-4b3d-bf5b-4ce9e4932ce4","__parent":"hazardousWasteDropOff","position":[-579.157166,2191.54736,79.3027725],"decalType":"None","isRenderEnabled":false,"rotationMatrix":[0.919297457,-0.393563449,0,0.393563449,0.919297457,0,0,0,1],"shapeName":"/levels/west_coast_usa/art/shapes/objects/guardrail1.dae","useInstanceRenderData":true}
{"class":"TSStatic","persistentId":"37c3a342-52a2-487f-9928-2458938de330","__parent":"hazardousWasteDropOff","position":[-579.888855,2192.00293,78.3490448],"decalType":"None","isRenderEnabled":false,"rotationMatrix":[0.891644001,-0.452737272,0,0.452737272,0.891644001,0,0,0,1],"shapeName":"/levels/west_coast_usa/art/shapes/objects/guardrailpost.dae","useInstanceRenderData":true}
{"class":"TSStatic","persistentId":"6f14a025-c3a9-4625-b430-19e748f11884","__parent":"hazardousWasteDropOff","position":[-580.961792,2192.40234,79.3027725],"decalType":"None","isRenderEnabled":false,"rotationMatrix":[0.887801111,-0.460227311,0,0.460227311,0.887801111,0,0,0,1],"shapeName":"/levels/west_coast_usa/art/shapes/objects/guardrail1.dae","useInstanceRenderData":true}
{"class":"TSStatic","persistentId":"6995ab12-4dc6-4b44-8c77-933128ab0ccb","__parent":"hazardousWasteDropOff","position":[-581.662048,2192.92456,78.3490448],"decalType":"None","isRenderEnabled":false,"rotationMatrix":[0.887801111,-0.460227311,0,0.460227311,0.887801111,0,0,0,1],"shapeName":"/levels/west_coast_usa/art/shapes/objects/guardrailpost.dae","useInstanceRenderData":true}
{"class":"TSStatic","persistentId":"85e6a9c2-6067-4abf-a871-6023eac41c62","__parent":"hazardousWasteDropOff","position":[-582.736755,2193.32959,79.3027725],"decalType":"None","isRenderEnabled":false,"rotationMatrix":[0.881480098,-0.472221255,0,0.472221255,0.881480098,0,0,0,1],"shapeName":"/levels/west_coast_usa/art/shapes/objects/guardrail1.dae","useInstanceRenderData":true}
{"class":"TSStatic","persistentId":"772ef993-05f5-4566-9d7a-5521cafd01e9","__parent":"hazardousWasteDropOff","position":[-583.429871,2193.86157,78.3490448],"decalType":"None","isRenderEnabled":false,"rotationMatrix":[0.881480098,-0.472221255,0,0.472221255,0.881480098,0,0,0,1],"shapeName":"/levels/west_coast_usa/art/shapes/objects/guardrailpost.dae","useInstanceRenderData":true}
{"class":"TSStatic","persistentId":"1ef1c861-a9cb-4249-8528-0dfaf425b168","__parent":"hazardousWasteDropOff","position":[-584.499695,2194.27417,79.3027725],"decalType":"None","isRenderEnabled":false,"rotationMatrix":[0.881480098,-0.472221255,0,0.472221255,0.881480098,0,0,0,1],"shapeName":"/levels/west_coast_usa/art/shapes/objects/guardrail1.dae","useInstanceRenderData":true}
{"class":"TSStatic","persistentId":"5e502d06-bdaa-47d9-a911-62ecc9e192f3","__parent":"hazardousWasteDropOff","position":[-585.192871,2194.80591,78.3490448],"decalType":"None","isRenderEnabled":false,"rotationMatrix":[0.881480098,-0.472221255,0,0.472221255,0.881480098,0,0,0,1],"shapeName":"/levels/west_coast_usa/art/shapes/objects/guardrailpost.dae","useInstanceRenderData":true}
{"class":"TSStatic","persistentId":"bdb0e9b8-4fef-4a24-90f0-31a9098142aa","__parent":"hazardousWasteDropOff","position":[-586.262695,2195.21875,79.3027725],"decalType":"None","isRenderEnabled":false,"rotationMatrix":[0.881480098,-0.472221255,0,0.472221255,0.881480098,0,0,0,1],"shapeName":"/levels/west_coast_usa/art/shapes/objects/guardrail1.dae","useInstanceRenderData":true}
{"class":"TSStatic","persistentId":"eefb1a0c-26ce-4378-a609-12f7b07a1b6a","__parent":"hazardousWasteDropOff","position":[-586.955811,2195.75049,78.3490448],"decalType":"None","isRenderEnabled":false,"rotationMatrix":[0.881480098,-0.472221255,0,0.472221255,0.881480098,0,0,0,1],"shapeName":"/levels/west_coast_usa/art/shapes/objects/guardrailpost.dae","useInstanceRenderData":true}
{"class":"TSStatic","persistentId":"b5dc038a-2099-49c4-bd77-4be6568a82df","__parent":"hazardousWasteDropOff","position":[-558.908813,2186.55884,78.3490448],"decalType":"None","isRenderEnabled":false,"rotationMatrix":[0.973664284,-0.227986649,0,0.227986649,0.973664284,0,0,0,1],"shapeName":"/levels/west_coast_usa/art/shapes/objects/guardrailpost.dae","useInstanceRenderData":true}
{"class":"TSStatic","persistentId":"e5e31053-1fe0-44ce-be9b-e81a0e3f5ba7","__parent":"hazardousWasteDropOff","position":[-540.017151,2173.97705,79.3027725],"decalType":"None","isRenderEnabled":false,"rotationMatrix":[0.227986276,0.973664463,0,-0.973664463,0.227986276,0,0,0,1],"shapeName":"/levels/west_coast_usa/art/shapes/objects/guardrail1.dae","useInstanceRenderData":true}
{"class":"TSStatic","persistentId":"d0dee863-bb0f-4a8f-8778-d2e182a1026c","__parent":"hazardousWasteDropOff","position":[-539.950623,2174.88086,78.3490448],"decalType":"None","isRenderEnabled":false,"rotationMatrix":[0.227986276,0.973664463,0,-0.973664463,0.227986276,0,0,0,1],"shapeName":"/levels/west_coast_usa/art/shapes/objects/guardrailpost.dae","useInstanceRenderData":true}
{"class":"TSStatic","persistentId":"eebfab95-f721-4578-9b3a-5f00f21f3c67","__parent":"hazardousWasteDropOff","position":[-540.377258,2173.05908,78.3490448],"decalType":"None","isRenderEnabled":false,"rotationMatrix":[0.227986276,0.973664463,0,-0.973664463,0.227986276,0,0,0,1],"shapeName":"/levels/west_coast_usa/art/shapes/objects/guardrailpost.dae","useInstanceRenderData":true}
{"class":"TSStatic","persistentId":"12bd7d22-6e30-45d8-a9af-20f1dc7982ac","__parent":"hazardousWasteDropOff","position":[-540.473145,2172.02979,79.3027725],"decalType":"None","isRenderEnabled":false,"rotationMatrix":[0.227986276,0.973664463,0,-0.973664463,0.227986276,0,0,0,1],"shapeName":"/levels/west_coast_usa/art/shapes/objects/guardrail1.dae","useInstanceRenderData":true}
{"class":"TSStatic","persistentId":"a12193e0-0f7c-4864-9993-f90746a47715","__parent":"hazardousWasteDropOff","position":[-540.821777,2171.16064,78.3490448],"decalType":"None","isRenderEnabled":false,"rotationMatrix":[0.227986276,0.973664463,0,-0.973664463,0.227986276,0,0,0,1],"shapeName":"/levels/west_coast_usa/art/shapes/objects/guardrailpost.dae","useInstanceRenderData":true}
{"class":"TSStatic","persistentId":"bfb9822f-4acc-49b9-8129-ffb59b669572","__parent":"hazardousWasteDropOff","position":[-570.420288,2181.9502,78.3490448],"decalType":"None","isRenderEnabled":false,"rotationMatrix":[0.227986872,0.973664045,0,-0.973664045,0.227986872,0,0,0,1],"shapeName":"/levels/west_coast_usa/art/shapes/objects/guardrailpost.dae","useInstanceRenderData":true}
{"class":"TSStatic","persistentId":"1f4f2bb7-eec7-48a4-aed4-e4f6db728ba9","__parent":"hazardousWasteDropOff","position":[-570.486816,2181.04639,79.3027725],"decalType":"None","isRenderEnabled":false,"rotationMatrix":[0.227986872,0.973664045,0,-0.973664045,0.227986872,0,0,0,1],"shapeName":"/levels/west_coast_usa/art/shapes/objects/guardrail1.dae","useInstanceRenderData":true}
{"class":"TSStatic","persistentId":"4d1963cc-3f44-46ba-b17b-3781d2c53371","__parent":"hazardousWasteDropOff","position":[-570.846924,2180.12842,78.3490448],"decalType":"None","isRenderEnabled":false,"rotationMatrix":[0.227986872,0.973664045,0,-0.973664045,0.227986872,0,0,0,1],"shapeName":"/levels/west_coast_usa/art/shapes/objects/guardrailpost.dae","useInstanceRenderData":true}
{"class":"TSStatic","persistentId":"2e43cfa1-27c8-47d9-bea9-e22a96fa82fb","__parent":"hazardousWasteDropOff","position":[-570.94281,2179.09912,79.3027725],"decalType":"None","isRenderEnabled":false,"rotationMatrix":[0.227986872,0.973664045,0,-0.973664045,0.227986872,0,0,0,1],"shapeName":"/levels/west_coast_usa/art/shapes/objects/guardrail1.dae","useInstanceRenderData":true}
{"class":"TSStatic","persistentId":"211e5634-ba81-4acb-9c2a-2897686c3475","__parent":"hazardousWasteDropOff","position":[-571.291443,2178.22998,78.3490448],"decalType":"None","isRenderEnabled":false,"rotationMatrix":[0.227986872,0.973664045,0,-0.973664045,0.227986872,0,0,0,1],"shapeName":"/levels/west_coast_usa/art/shapes/objects/guardrailpost.dae","useInstanceRenderData":true}
{"class":"TSStatic","persistentId":"c6f3808a-2259-4eb0-aef6-10e769941d3e","__parent":"hazardousWasteDropOff","position":[-581.420044,2181.42651,79.3027725],"decalType":"None","isRenderEnabled":false,"rotationMatrix":[-0.224009871,-0.974586785,0,0.974586785,-0.224009871,0,0,0,1],"shapeName":"/levels/west_coast_usa/art/shapes/objects/guardrail1.dae","useInstanceRenderData":true}
{"class":"TSStatic","persistentId":"edf93c94-a22f-4887-b673-6a0cf90de0a9","__parent":"hazardousWasteDropOff","position":[-581.07489,2182.29712,78.3490448],"decalType":"None","isRenderEnabled":false,"rotationMatrix":[-0.224009871,-0.974586785,0,0.974586785,-0.224009871,0,0,0,1],"shapeName":"/levels/west_coast_usa/art/shapes/objects/guardrailpost.dae","useInstanceRenderData":true}
{"class":"TSStatic","persistentId":"fd3b27e1-a657-4e0b-91bc-7d457402e549","__parent":"hazardousWasteDropOff","position":[-550.480164,2176.32104,79.3027725],"decalType":"None","isRenderEnabled":false,"rotationMatrix":[-0.220474601,-0.975392878,0,0.975392878,-0.220474601,0,0,0,1],"shapeName":"/levels/west_coast_usa/art/shapes/objects/guardrail1.dae","useInstanceRenderData":true}
{"class":"TSStatic","persistentId":"ca60b761-6d90-485b-95ff-47504747864b","__parent":"hazardousWasteDropOff","position":[-550.138306,2177.19312,78.3490448],"decalType":"None","isRenderEnabled":false,"rotationMatrix":[-0.220474601,-0.975392878,0,0.975392878,-0.220474601,0,0,0,1],"shapeName":"/levels/west_coast_usa/art/shapes/objects/guardrailpost.dae","useInstanceRenderData":true}
{"class":"TSStatic","persistentId":"03969d93-7c62-4d48-b1eb-f6fca1b0a76a","__parent":"hazardousWasteDropOff","position":[-570.457214,2182.1394,78.7018204],"decalType":"None","isRenderEnabled":false,"rotationMatrix":[0.975391746,-0.220478758,0,0.220478758,0.975391746,0,0,0,1],"shapeName":"/levels/west_coast_usa/art/shapes/objects/bollard_yellow.dae","useInstanceRenderData":true}
{"class":"TSStatic","persistentId":"caceccc2-dcd5-4e2c-a54e-efddc4e96f07","__parent":"hazardousWasteDropOff","position":[-571.429993,2177.97461,78.5237274],"decalType":"None","isRenderEnabled":false,"rotationMatrix":[0.975391746,-0.220478758,0,0.220478758,0.975391746,0,0,0,1],"shapeName":"/levels/west_coast_usa/art/shapes/objects/bollard_yellow.dae","useInstanceRenderData":true}
{"class":"TSStatic","persistentId":"085ba494-f495-4917-8695-85efacbb1456","__parent":"hazardousWasteDropOff","position":[-581.524719,2180.23975,78.5049667],"decalType":"None","isRenderEnabled":false,"rotationMatrix":[0.975391746,-0.220478758,0,0.220478758,0.975391746,0,0,0,1],"shapeName":"/levels/west_coast_usa/art/shapes/objects/bollard_yellow.dae","useInstanceRenderData":true}
{"class":"TSStatic","persistentId":"76986c89-680d-4c94-ac5f-0f14d3c37521","__parent":"hazardousWasteDropOff","position":[-580.55127,2184.45337,78.7018204],"decalType":"None","isRenderEnabled":false,"rotationMatrix":[0.975391746,-0.220478758,0,0.220478758,0.975391746,0,0,0,1],"shapeName":"/levels/west_coast_usa/art/shapes/objects/bollard_yellow.dae","useInstanceRenderData":true}
{"class":"TSStatic","persistentId":"97a4824f-d848-4f0f-9743-c9b46829ef50","__parent":"hazardousWasteDropOff","position":[-550.968506,2173.18018,78.5915451],"decalType":"None","isRenderEnabled":false,"rotationMatrix":[0.975391746,-0.220478758,0,0.220478758,0.975391746,0,0,0,1],"shapeName":"/levels/west_coast_usa/art/shapes/objects/bollard_yellow.dae","useInstanceRenderData":true}
{"class":"TSStatic","persistentId":"f26f9a58-3706-465a-bfa6-acc7b825170b","__parent":"hazardousWasteDropOff","position":[-550.088257,2177.44971,78.7018204],"decalType":"None","isRenderEnabled":false,"rotationMatrix":[0.975391746,-0.220478758,0,0.220478758,0.975391746,0,0,0,1],"shapeName":"/levels/west_coast_usa/art/shapes/objects/bollard_yellow.dae","useInstanceRenderData":true}
{"class":"TSStatic","persistentId":"50065c2c-b9d8-409e-8400-2d39315bacc4","__parent":"hazardousWasteDropOff","position":[-540.906067,2170.80298,78.5373154],"decalType":"None","isRenderEnabled":false,"rotationMatrix":[0.975391746,-0.220478758,0,0.220478758,0.975391746,0,0,0,1],"shapeName":"/levels/west_coast_usa/art/shapes/objects/bollard_yellow.dae","useInstanceRenderData":true}
{"class":"TSStatic","persistentId":"e07a5afa-6bf2-4e6b-952d-04a9f90ac3b2","__parent":"hazardousWasteDropOff","position":[-539.948853,2175.12085,78.7018204],"decalType":"None","isRenderEnabled":false,"rotationMatrix":[0.975391746,-0.220478758,0,0.220478758,0.975391746,0,0,0,1],"shapeName":"/levels/west_coast_usa/art/shapes/objects/bollard_yellow.dae","useInstanceRenderData":true}
{"class":"TSStatic","persistentId":"8c5b4545-e3f7-456d-a445-52fa2d3723ba","__parent":"hazardousWasteDropOff","position":[-526.618347,2181.85596,78.4967499],"decalType":"None","isRenderEnabled":false,"rotationMatrix":[0.975391746,-0.220478758,0,0.220478758,0.975391746,0,0,0,1],"shapeName":"/levels/west_coast_usa/art/shapes/objects/bollard_yellow.dae","useInstanceRenderData":true}
{"class":"TSStatic","persistentId":"eb3771c4-34f9-4eeb-ad92-93c56b59c887","__parent":"hazardousWasteDropOff","position":[-555.887329,2185.96411,78.4967499],"decalType":"None","isRenderEnabled":false,"rotationMatrix":[0.975391746,-0.220478758,0,0.220478758,0.975391746,0,0,0,1],"shapeName":"/levels/west_coast_usa/art/shapes/objects/bollard_yellow.dae","useInstanceRenderData":true}
{"class":"TSStatic","persistentId":"8a08f565-9039-4fe9-9c02-0465f61689bc","__parent":"hazardousWasteDropOff","position":[-558.717773,2186.604,78.4967499],"decalType":"None","isRenderEnabled":false,"rotationMatrix":[0.975391746,-0.220478758,0,0.220478758,0.975391746,0,0,0,1],"shapeName":"/levels/west_coast_usa/art/shapes/objects/bollard_yellow.dae","useInstanceRenderData":true}
{"class":"TSStatic","persistentId":"82c9b591-af25-48a3-bd5f-1121066e3d76","__parent":"hazardousWasteDropOff","position":[-586.645996,2195.66016,78.4967499],"decalType":"None","isRenderEnabled":false,"rotationMatrix":[0.975391746,-0.220478758,0,0.220478758,0.975391746,0,0,0,1],"shapeName":"/levels/west_coast_usa/art/shapes/objects/bollard_yellow.dae","useInstanceRenderData":true}
{"class":"TSStatic","persistentId":"8411ab04-6bd1-4cd3-912c-557de0bfdff2","__parent":"hazardousWasteDropOff","position":[-542.976318,2171.28638,78.3490448],"decalType":"None","isRenderEnabled":false,"rotationMatrix":[0.973664284,-0.227986544,0,0.227986544,0.973664284,0,0,0,1],"shapeName":"/levels/west_coast_usa/art/shapes/objects/guardrailpost.dae","useInstanceRenderData":true}
{"class":"TSStatic","persistentId":"2a725bac-b7f0-4b60-8e30-429bfc5eb5c8","__parent":"hazardousWasteDropOff","position":[-542.107178,2170.93774,79.3027725],"decalType":"None","isRenderEnabled":false,"rotationMatrix":[0.973664284,-0.227986544,0,0.227986544,0.973664284,0,0,0,1],"shapeName":"/levels/west_coast_usa/art/shapes/objects/guardrail1.dae","useInstanceRenderData":true}
{"class":"TSStatic","persistentId":"29340a9b-34ca-45f9-9983-d8712a509894","__parent":"hazardousWasteDropOff","position":[-544.923645,2171.74243,78.3490448],"decalType":"None","isRenderEnabled":false,"rotationMatrix":[0.973664284,-0.227986544,0,0.227986544,0.973664284,0,0,0,1],"shapeName":"/levels/west_coast_usa/art/shapes/objects/guardrailpost.dae","useInstanceRenderData":true}
{"class":"TSStatic","persistentId":"59c84710-822e-4195-bb04-84a1c7a8a303","__parent":"hazardousWasteDropOff","position":[-544.054504,2171.3938,79.3027725],"decalType":"None","isRenderEnabled":false,"rotationMatrix":[0.973664284,-0.227986544,0,0.227986544,0.973664284,0,0,0,1],"shapeName":"/levels/west_coast_usa/art/shapes/objects/guardrail1.dae","useInstanceRenderData":true}
{"class":"TSStatic","persistentId":"6a18d924-7ad6-4ac6-bbc4-9f6ab1dd7355","__parent":"hazardousWasteDropOff","position":[-546.870972,2172.19849,78.3490448],"decalType":"None","isRenderEnabled":false,"rotationMatrix":[0.973664284,-0.227986544,0,0.227986544,0.973664284,0,0,0,1],"shapeName":"/levels/west_coast_usa/art/shapes/objects/guardrailpost.dae","useInstanceRenderData":true}
{"class":"TSStatic","persistentId":"6913cc88-247b-469d-a95e-a008487b4d49","__parent":"hazardousWasteDropOff","position":[-546.00177,2171.84985,79.2951813],"decalType":"None","isRenderEnabled":false,"rotationMatrix":[0.973623395,-0.227977023,0.00916119199,0.227986589,0.973664284,-1.16415322e-10,-0.00891992543,0.00208862824,0.999958038],"shapeName":"/levels/west_coast_usa/art/shapes/objects/guardrail1.dae","useInstanceRenderData":true}
{"class":"TSStatic","persistentId":"5ad3477d-7f7a-4469-a12b-f0a975bce8da","__parent":"hazardousWasteDropOff","position":[-548.818298,2172.65454,78.3490448],"decalType":"None","isRenderEnabled":false,"rotationMatrix":[0.973664284,-0.227986544,0,0.227986544,0.973664284,0,0,0,1],"shapeName":"/levels/west_coast_usa/art/shapes/objects/guardrailpost.dae","useInstanceRenderData":true}
{"class":"TSStatic","persistentId":"6a923ca3-aa81-445a-9b61-25ad402ad76f","__parent":"hazardousWasteDropOff","position":[-547.949158,2172.30591,79.2871628],"decalType":"None","isRenderEnabled":false,"rotationMatrix":[0.973664284,-0.227986544,0,0.227986544,0.973664284,0,0,0,1],"shapeName":"/levels/west_coast_usa/art/shapes/objects/guardrail1.dae","useInstanceRenderData":true}
{"class":"TSStatic","persistentId":"d039deb8-e7b9-4b8a-8ca8-edfa8f6a04a6","__parent":"hazardousWasteDropOff","position":[-550.765625,2173.1106,78.3490448],"decalType":"None","isRenderEnabled":false,"rotationMatrix":[0.973664284,-0.227986544,0,0.227986544,0.973664284,0,0,0,1],"shapeName":"/levels/west_coast_usa/art/shapes/objects/guardrailpost.dae","useInstanceRenderData":true}
{"class":"TSStatic","persistentId":"7986c47e-5230-4e37-9e60-039538dcf839","__parent":"hazardousWasteDropOff","position":[-549.896484,2172.76196,79.3027725],"decalType":"None","isRenderEnabled":false,"rotationMatrix":[0.973545432,-0.227958739,-0.0156257674,0.227986574,0.973664284,0,0.0152142523,-0.00356246461,0.99987793],"shapeName":"/levels/west_coast_usa/art/shapes/objects/guardrail1.dae","useInstanceRenderData":true}
{"class":"TSStatic","persistentId":"aa02c7d9-fb73-46ab-a18a-b3cfc6ad3e0a","__parent":"hazardousWasteDropOff","position":[-541.231628,2170.87769,78.3490448],"decalType":"None","isRenderEnabled":false,"rotationMatrix":[0.973664284,-0.227986544,0,0.227986544,0.973664284,0,0,0,1],"shapeName":"/levels/west_coast_usa/art/shapes/objects/guardrailpost.dae","useInstanceRenderData":true}
{"class":"TSStatic","persistentId":"bff2e37f-75b0-46e0-8cfc-37b8a577f94b","__parent":"hazardousWasteDropOff","position":[-575.421875,2178.79492,78.3490448],"decalType":"None","isRenderEnabled":false,"rotationMatrix":[0.9749403,-0.222466633,0,0.222466633,0.9749403,0,0,0,1],"shapeName":"/levels/west_coast_usa/art/shapes/objects/guardrailpost.dae","useInstanceRenderData":true}
{"class":"TSStatic","persistentId":"42e43d90-7ac7-4c22-b3e2-246aa10b202c","__parent":"hazardousWasteDropOff","position":[-574.550293,2178.45117,79.2798843],"decalType":"None","isRenderEnabled":false,"rotationMatrix":[0.974738717,-0.222420678,0.0203335807,0.222466663,0.9749403,4.65661287e-10,-0.019824028,0.00452354318,0.999793231],"shapeName":"/levels/west_coast_usa/art/shapes/objects/guardrail1.dae","useInstanceRenderData":true}
{"class":"TSStatic","persistentId":"0ae8b4a4-5e51-4443-bd45-c246628471da","__parent":"hazardousWasteDropOff","position":[-573.471985,2178.34985,78.3490448],"decalType":"None","isRenderEnabled":false,"rotationMatrix":[0.9749403,-0.222466633,0,0.222466633,0.9749403,0,0,0,1],"shapeName":"/levels/west_coast_usa/art/shapes/objects/guardrailpost.dae","useInstanceRenderData":true}
{"class":"TSStatic","persistentId":"ae5bb5bf-5a3f-4750-be92-019787efcaeb","__parent":"hazardousWasteDropOff","position":[-572.600891,2178.0061,79.3027725],"decalType":"None","isRenderEnabled":false,"rotationMatrix":[0.9749403,-0.222466633,0,0.222466633,0.9749403,0,0,0,1],"shapeName":"/levels/west_coast_usa/art/shapes/objects/guardrail1.dae","useInstanceRenderData":true}
{"class":"TSStatic","persistentId":"984837ce-6ef0-413d-bedf-b48a1b11e4e2","__parent":"hazardousWasteDropOff","position":[-571.725037,2177.95117,78.3490448],"decalType":"None","isRenderEnabled":false,"rotationMatrix":[0.9749403,-0.222466633,0,0.222466633,0.9749403,0,0,0,1],"shapeName":"/levels/west_coast_usa/art/shapes/objects/guardrailpost.dae","useInstanceRenderData":true}
{"class":"TSStatic","persistentId":"84ca9f6a-b8cd-4183-9c77-329861004c6e","__parent":"hazardousWasteDropOff","position":[-576.500671,2178.89624,79.2563629],"decalType":"None","isRenderEnabled":false,"rotationMatrix":[0.9749403,-0.222466633,0,0.222466633,0.9749403,0,0,0,1],"shapeName":"/levels/west_coast_usa/art/shapes/objects/guardrail1.dae","useInstanceRenderData":true}
{"class":"TSStatic","persistentId":"1aee5b7a-05f4-4810-b191-4530107ce129","__parent":"hazardousWasteDropOff","position":[-577.371765,2179.23999,78.3490448],"decalType":"None","isRenderEnabled":false,"rotationMatrix":[0.9749403,-0.222466633,0,0.222466633,0.9749403,0,0,0,1],"shapeName":"/levels/west_coast_usa/art/shapes/objects/guardrailpost.dae","useInstanceRenderData":true}
{"class":"TSStatic","persistentId":"4fb9fd13-afa7-4107-a14a-631a2c6a2052","__parent":"hazardousWasteDropOff","position":[-578.450928,2179.34131,79.2807312],"decalType":"None","isRenderEnabled":false,"rotationMatrix":[0.974775791,-0.222429037,-0.0183710996,0.222466588,0.9749403,0,0.0179107245,-0.00408695638,0.999831259],"shapeName":"/levels/west_coast_usa/art/shapes/objects/guardrail1.dae","useInstanceRenderData":true}
{"class":"TSStatic","persistentId":"33b7e4ba-dad3-4e67-afe0-5d3fbc11dc49","__parent":"hazardousWasteDropOff","position":[-579.321655,2179.68506,78.3490448],"decalType":"None","isRenderEnabled":false,"rotationMatrix":[0.9749403,-0.222466633,0,0.222466633,0.9749403,0,0,0,1],"shapeName":"/levels/west_coast_usa/art/shapes/objects/guardrailpost.dae","useInstanceRenderData":true}
{"class":"TSStatic","persistentId":"03545b44-f30e-49e7-a7ea-2a5130c71564","__parent":"hazardousWasteDropOff","position":[-580.400391,2179.78613,79.3027725],"decalType":"None","isRenderEnabled":false,"rotationMatrix":[0.9749403,-0.222466633,0,0.222466633,0.9749403,0,0,0,1],"shapeName":"/levels/west_coast_usa/art/shapes/objects/guardrail1.dae","useInstanceRenderData":true}
{"class":"TSStatic","persistentId":"d41bac2a-ea9d-48d2-85fb-f5db38ed9aad","__parent":"hazardousWasteDropOff","position":[-581.271484,2180.12988,78.3490448],"decalType":"None","isRenderEnabled":false,"rotationMatrix":[0.9749403,-0.222466633,0,0.222466633,0.9749403,0,0,0,1],"shapeName":"/levels/west_coast_usa/art/shapes/objects/guardrailpost.dae","useInstanceRenderData":true}
