name=New Car Shop
slots=5
chance=0.7
rpchance=0
shopid=4
models=list_new_all
slotp0=551.38250732422,-755.53741455078,60.71411895752
slotr0=-0.0005224421315696,-0.0058179214691182,0.99998290531118,0.00026063272278749
camp0=553.22515869141,-759.63580322266,62.986450195313
camr0=0.19414053857327,0.032070983201265,-0.15979927778244,0.96733915805817
slotp1=554.50012207031,-755.66839599609,60.709072113037
slotr1=-0.00034081133064712,-0.0042541142753591,0.99999089291876,2.095029104511e-05
camp1=556.32659912109,-759.70007324219,63.134742736816
camr1=0.2100967168808,0.034837767481804,-0.1598314344883,0.96389806270599
slotp2=557.41412353516,-755.62158203125,60.710117340088
slotr2=-0.00014401919567581,-0.0039119385094407,0.99999215416322,-0.00060630650790044
camp2=558.99377441406,-759.70202636719,63.192520141602
camr2=0.21695849299431,0.029958982020617,-0.13346715271473,0.96654945611954
slotp3=560.42315673828,-755.52868652344,60.708709716797
slotr3=-0.00016385516208203,-0.0037289629902122,0.9999104235068,0.012853518932677
camp3=562.1669921875,-759.55828857422,63.170337677002
camr3=0.21415732800961,0.033806204795837,-0.1522172242403,0.96427363157272
slotp4=563.37762451172,-755.42840576172,60.707912445068
slotr4=-0.00038374246303509,-0.0035633120627134,0.99993557669004,0.0107702376218
camp4=565.10388183594,-759.44213867188,63.216194152832
camr4=0.21908134222031,0.034273609519005,-0.15071451663971,0.96338659524918
