name=Scrapyard
slots=3
chance=0.8
rpchance=0
shopid=5
models=scrap_all
slotp0=585.95611572266,-146.06167602539,53.686408996582
slotr0=-0.00086791324901741,-0.0010883710986264,0.94068876044223,-0.33926791500613
camp0=584.84887695313,-150.38362121582,56.043212890625
camr0=0.20283773541451,-0.035623382776976,0.16926968097687,0.9638130068779
slotp1=583.58410644531,-144.09046936035,53.686656951904
slotr1=-0.0012168285397898,-0.0010001908406178,0.94479943165967,-0.32764546827653
camp1=582.71331787109,-148.5209197998,55.951320648193
camr1=0.19421100616455,-0.028490824624896,0.14232312142849,0.97016203403473
slotp2=581.21044921875,-142.15188598633,53.688674926758
slotr2=0.00020582830876691,-0.0011181469655677,0.94761124521654,-0.31942391163035
camp2=580.49786376953,-146.65016174316,55.876625061035
camr2=0.18693313002586,-0.023926282301545,0.12468314915895,0.9741342663765