name=Used Car Shop
slots=4
chance=0.9
rpchance=0.3
shopid=3
models=used_all
slotp0=-773.69897460938,555.10711669922,25.208372116089
slotr0=-0.0019473278980667,-0.0036213790321383,0.94954584123101,-0.31360132163123
slotp1=-771.16534423828,553.37017822266,25.208026885986
slotr1=-0.0014602389770711,-0.0036076687891677,0.94681523422943,-0.32175419913204
slotp2=-766.07147216797,549.20129394531,25.209794998169
slotr2=-0.0018672412058973,-0.0041141892607396,0.94594748197594,-0.32428837197836
slotp3=-763.53790283203,547.13854980469,25.210103988647
slotr3=-0.00160072715466,-0.0041709842656348,0.94745795592368,-0.31984912430669
camp0=-774.63616943359,550.78985595703,27.650648117065
camr0=0.21212193369865,-0.033207576721907,0.1510586887598,0.96492624282837
camp1=-772.40411376953,549.0888671875,27.514198303223
camr1=0.1969528645277,-0.037376627326012,0.18266196548939,0.96252125501633
camp2=-767.53118896484,545.03167724609,27.560121536255
camr2=0.20034874975681,-0.043554279953241,0.20791772007942,0.95641702413559
camp3=-765.04821777344,543.01745605469,27.601720809937
camr3=0.20431414246559,-0.045885626226664,0.21426737308502,0.95406478643417
