name=Bianco Auto Scrapyard
slots=5
chance=0.8
rpchance=0
shopid=7
models=list_scrap_all
slotp0=-1809.8013916016,1508.4575195313,143.23315429688
slotr0=0.0025891027703255,-0.0022959976791118,0.70283422564667,0.7113452580858
slotp1=-1809.861328125,1511.4415283203,143.22941589355
slotr1=0.0047184213393226,-0.0031601512354924,0.69582317040824,0.71819068879181
slotp2=-1810.0616455078,1514.3411865234,143.22868347168
slotr2=0.00039748891267281,-0.0042200902223333,0.69627784527586,0.71775984494751
slotp3=-1810.1422119141,1517.2611083984,143.22761535645
slotr3=0.0025366012378917,-0.0019360876572272,0.69352079715489,0.72042953932525
slotp4=-1810.2510986328,1520.1442871094,143.22839355469
slotr4=0.0017594165705707,-0.0060218856436801,0.7013914789919,0.71274864752182