name=Garage Usato Garantito
slots=5
chance=0.9
rpchance=0.2
shopid=9
models=list_used_all
slotp0=227.88555908203,-335.75366210938,192.23112487793
slotr0=0.0044235811587728,-0.0014046467694758,0.0013641603568801,0.9999882989134
slotp1=224.80876159668,-335.81820678711,192.23344421387
slotr1=0.0028682562823014,0.00016550926216205,-0.00067623659962133,0.99999564419884
slotp2=221.85021972656,-335.87808227539,192.23063659668
slotr2=0.0039414090785532,-0.0015216194426267,-0.002764993098614,0.9999872523097
slotp3=218.95719909668,-336.01077270508,192.23342895508
slotr3=0.0042161084897938,-0.00059080512960558,0.0074701403530176,0.99996303550762
slotp4=216.07360839844,-336.03201293945,192.22709655762
slotr4=0.0029469325172073,-0.00096732036054516,0.0070105839392178,0.99997061536472
