name=Claudio Motors
slots=6
chance=0.7
dchance=0
rpchance=0
shopid=6
models=new_all
slotp0=-1107.9929199219,947.96044921875,383.97164916992
slotr0=0.0043276542335631,0.00369827104259,-0.7073797143544,0.70681081904568
slotp1=-1107.9442138672,944.82879638672,383.9651184082
slotr1=0.0026911551375516,0.0024858573542947,-0.70538123429961,0.70881865981025
slotp2=-1107.7934570313,941.55328369141,383.96655273438
slotr2=0.0027956760796018,0.0024031432308154,-0.7098238027197,0.70436963179172
slotp3=-1107.7385253906,938.42456054688,383.96502685547
slotr3=0.0026919728138021,0.0024706920166319,-0.70667332065258,0.70753054127803
slotp4=-1107.7615966797,935.16680908203,383.96646118164
slotr4=0.0026107981987557,0.0023746526651409,-0.7168639380613,0.69720415881199
slotp5=-1107.7707519531,932.08203125,383.96466064453
slotr5=0.00242185297422,0.001880749531965,-0.70756354718341,0.70664306697695