name=Temeraria Auto
slots=6
chance=0.9
dchance=0.3
rpchance=0.7
shopid=8
models=used_all
slotp0=915.83074951172,1304.2651367188,144.28686523438
slotr0=0.027145853127466,-0.0022319246603485,-0.69655385751686,0.71698733932244
slotp1=915.83929443359,1301.2521972656,144.3486328125
slotr1=0.003045959963261,0.0021940494264659,-0.70762766675763,0.7065755398499
slotp2=915.82336425781,1297.9489746094,144.34857177734
slotr2=0.0025599055901221,0.0020641384285752,-0.71162082542983,0.70255603835601
slotp3=915.86242675781,1294.7957763672,144.34809875488
slotr3=0.003217822782528,0.0019261439776482,-0.70749639940853,0.7067069975668
slotp4=915.86456298828,1291.6116943359,144.35223388672
slotr4=0.0039745295559484,0.0027252907566644,-0.70681082956028,0.7073861937594
slotp5=915.86334228516,1288.7290039063,144.34915161133
slotr5=0.0027677667391095,0.0020655984810582,-0.71395690728424,0.70018112464655
