name=New Car Shop
slots=5
chance=0.7
rpchance=0
shopid=1
models=list_new_all
slotp0=-809.82904052734,-135.27842712402,296.84014892578
slotr0=0.0030195300350944,-0.0044971101883625,0.79615106486364,0.60507366522996
camp0=-805.90307617188,-137.25805664063,298.81729125977
camr0=0.1438989341259,0.083446733653545,-0.49466302990913,0.85301703214645
slotp1=-808.48980712891,-130.46528625488,296.82257080078
slotr1=-0.0020591345820029,-0.002938413974088,0.79541885852035,0.60604947421665
camp1=-804.58197021484,-132.46055603027,298.81381225586
camr1=0.14540919661522,0.083938360214233,-0.49284192919731,0.85376650094986
slotp2=-807.16265869141,-125.64483642578,296.83483886719
slotr2=0.0034723356938514,-0.0054626919924033,0.7954801701488,0.60594504765784
camp2=-803.23175048828,-127.61531066895,298.81381225586
camr2=0.14388573169708,0.083665773272514,-0.49565941095352,0.852419257164
slotp3=-805.83636474609,-120.82448577881,296.82476806641
slotr3=0.0034576713507743,-0.0044816834397327,0.79550292794515,0.60592330426637
camp3=-801.91857910156,-122.78488922119,298.84783935547
camr3=0.14785739779472,0.086016781628132,-0.495441198349,0.8516321182251
slotp4=-804.50823974609,-116.00479125977,296.80920410156
slotr4=0.0046553285357728,-0.0064758269101433,0.79550978787762,0.60588824792445
camp4=-800.55853271484,-117.96599578857,298.75772094727
camr4=0.14097069203854,0.08230085670948,-0.49741896986961,0.85201412439346