name=West Rock Motors
chance=0.9
rpchance=0.4
dchance=0.4
shopid=0
models=used_all
slots=4
slotp0=824.29364013672,-0.1175025672017,147.83654785156
slotr0=0.0019109094749717,0.034539506349485,-0.82961584485164,0.55832066827696
slotp1=825.71472167969,-3.5963778495789,147.83418644531
slotr1=0.0033082890440838,0.0027348922892865,-0.82524905499833,0.56475266903957
slotp2=826.95849609375,-6.9461436271667,147.83628845215
slotr2=0.0027869357604591,0.0029588866532912,-0.82071921700846,0.57131728908887
slotp3=827.56097412109,-10.998514175415,147.83543395996
slotr3=0.0033683123225928,0.0022886268196966,-0.6751874490874,0.73763495392656
