name=Used Car Shop
slots=7
chance=0.8
dchance=0.4
rpchance=0.4
shopid=10
models=used_all
slotp0=836.33557128906,-549.62078857422,165.37117004395
slotr0=0.0026823164759841,-0.0035862820341727,0.71326134061076,0.70088387322697
slotp1=836.33551025391,-546.81640625,165.36885070801
slotr1=0.0020906153918671,-0.0033079205398218,0.70561489035445,0.70858472570262
slotp2=836.47680664063,-544.13757324219,165.3702545166
slotr2=0.0025246561771806,-0.0023796950705483,0.70515566056668,0.70904404484724
slotp3=836.42053222656,-541.43286132813,165.36976623535
slotr3=0.0028399209064295,-0.0028489761026262,0.70588022520244,0.70831979066843
slotp4=836.42236328125,-538.75817871094,165.36882019043
slotr4=0.0023121147586046,-0.0027612109779271,0.7069326216998,0.70727172869834
slotp5=836.45745849609,-536.08367919922,165.37022399902
slotr5=0.0021480446986088,-0.0037482884440136,0.707300814252,0.70689949384348
slotp6=836.40411376953,-533.37750244141,165.36787414551
slotr6=0.0020726274933056,-0.002914619440758,0.70398128426981,0.7102095188088