name=Scrapyard
slots=4
chance=0.8
rpchance=0.0
shopid=14
models=scrap_all
slotp0=-122.21952819824,-48.674217224121,119.99590301514
slotr0=0.0033757438612756,-0.002469638111005,0.46609438925772,0.88472511298338
slotp1=-124.069480896,-46.194660186768,119.9965133667
slotr1=0.0037602339865049,-0.0023115624471635,0.46690935544226,0.88429416549014
slotp2=-126.93681335449,-42.37809753418,120.0044631958
slotr2=0.0042494245224213,-0.0028061153017149,0.46256678730495,0.8865698141661
slotp3=-128.96325683594,-39.497287750244,119.99584960938
slotr3=0.0032830937665048,-0.0021696704729256,0.46771948222215,0.88386820271758