name=Used Car Shop
slots=7
chance=0.8
rpchance=0.3
shopid=13
models=list_used_all
slotp0=-696.41662597656,799.83734130859,75.070495605469
slotr0=0.002932543057619,0.00020886617371735,-0.0031115695858317,0.99999083730845
slotp1=-699.14453125,799.88928222656,75.072174072266
slotr1=0.0031035196222976,-0.00060760542931969,0.0059990584673428,0.99997700487516
slotp2=-701.82165527344,799.93103027344,75.073020935059
slotr2=0.0041023444362646,-0.00027326138580252,0.002522572237556,0.99998836629615
slotp3=-704.54193115234,799.99914550781,75.071304321289
slotr3=0.0030573283615585,-0.000291948143114,-0.0035194456952474,0.99998909044628
slotp4=-707.24639892578,799.96435546875,75.072952270508
slotr4=0.0038498238252045,-0.00098803667163771,-0.00083651751614412,0.99999175140523
slotp5=-709.92095947266,800.04437255859,75.073684692383
slotr5=0.004026025050822,-0.00038639556628026,0.0022943034390785,0.9999891889378
slotp6=-712.57373046875,800.13885498047,75.072288513184
slotr6=0.003782751612851,-0.00030598855786202,0.0037217334001142,0.99998587283108