name=New Car Shop
slots=6
chance=0.8
dchance=0
rpchance=0
shopid=12
models=new_all
slotp0=-814.96771240234,913.61102294922,75.073554992676
slotr0=-0.00048203057863401,-0.003542369463929,0.99997366893769,-0.00631511649925
slotp1=-812.27410888672,913.51226806641,75.073837280273
slotr1=-0.00059687256118851,-0.0033576023926969,0.99999418161894,-8.353198646048e-05
slotp2=-809.51013183594,913.50146484375,75.073394775391
slotr2=-0.00062661210904431,-0.0032580803632731,0.99995872468194,-0.0084582032419858
slotp3=-806.81756591797,913.43377685547,75.074562072754
slotr3=-0.00060302200477246,-0.0034538822738561,0.99998187924852,0.0048936935229681
slotp4=-804.14556884766,913.40051269531,75.074066162109
slotr4=-0.00068299742667007,-0.0036521622175575,0.99999285361078,0.00069853634611931
slotp5=-801.47265625,913.3740234375,75.076751708984
slotr5=-0.00047548575186792,-0.0038612896234113,0.99998390465565,-0.0041297439860907
