name=Mixed Car Shop
slots=7
chance=0.8
dchance=0.3
rpchance=0.5
shopid=11
models=mixed_all
slotp0=-420.43273925781,160.22689819336,100.31179046631
slotr0=-0.0031989149799333,-0.0054095409965835,0.83713746235474,0.54695646346983
slotp1=-419.37670898438,162.70903015137,100.34254455566
slotr1=-0.0059028147157683,-0.0078396998305109,0.83971390197797,0.54294038227961
slotp2=-418.19757080078,165.16804504395,100.39240264893
slotr2=-0.0035636675419184,-0.0074749759555328,0.84172344891333,0.53984540431273
slotp3=-417.0224609375,167.68838500977,100.42110443115
slotr3=-0.0028209158135798,-0.0042366618430039,0.83922747206001,0.54375669491986
slotp4=-415.89630126953,170.0676574707,100.44811248779
slotr4=-0.0050854954469578,-0.0037545192760489,0.84065135290343,0.5415397900272
slotp5=-414.83981323242,172.59690856934,100.48078155518
slotr5=-0.010940306525786,-0.00073850171702703,0.84286865983165,0.53800760829372
slotp6=-413.74588012695,175.06758117676,100.52696228027
slotr6=-0.011490696210064,0.00339374692983,0.8432711684043,0.53735480170967
