{"class":"TSStatic","persistentId":"91774251-ff9c-4331-a078-febe5c355097","__parent":"trail_004","position":[-757.467041,410.958679,131.113693],"isRenderEnabled":false,"shapeName":"/levels/johnson_valley/art/shapes/rocks/s_rocks_desert_tiny_01.dae","useInstanceRenderData":true}
{"class":"TSStatic","persistentId":"06582b72-018e-4060-9d03-e5996e93f196","__parent":"trail_004","position":[-757.102478,410.994751,130.935028],"isRenderEnabled":false,"shapeName":"/levels/johnson_valley/art/shapes/rocks/s_rocks_desert_tiny_02.dae","useInstanceRenderData":true}
{"class":"TSStatic","persistentId":"b1880944-fa56-41c9-abcf-0176a2dfe06e","__parent":"trail_004","position":[-756.660583,411.058594,130.808212],"isRenderEnabled":false,"shapeName":"/levels/johnson_valley/art/shapes/rocks/s_rocks_desert_tiny_03.dae","useInstanceRenderData":true}
{"class":"TSStatic","persistentId":"8002d528-6ac1-4cbe-88f2-2d7ad7e9fbfa","__parent":"trail_004","position":[-756.353271,411.105682,130.711212],"isRenderEnabled":false,"shapeName":"/levels/johnson_valley/art/shapes/rocks/s_rocks_desert_tiny_04.dae","useInstanceRenderData":true}
{"class":"TSStatic","persistentId":"a317b7f7-5370-49e2-8304-23dbf9ef3cfa","__parent":"trail_004","position":[-756.110107,411.139954,130.630646],"isRenderEnabled":false,"shapeName":"/levels/johnson_valley/art/shapes/rocks/s_rocks_desert_tiny_05.dae","useInstanceRenderData":true}
{"class":"TSStatic","persistentId":"89995947-cece-4a0b-a16b-155ad5744266","__parent":"trail_004","position":[-756.274292,412.024658,130.640808],"isRenderEnabled":false,"shapeName":"/levels/johnson_valley/art/shapes/rocks/s_rocks_desert_tiny_02.dae","useInstanceRenderData":true}
{"class":"TSStatic","persistentId":"b90b4215-2fbe-4709-882a-d58d57157d4e","__parent":"trail_004","position":[-756.509094,411.902466,130.71228],"isRenderEnabled":false,"shapeName":"/levels/johnson_valley/art/shapes/rocks/s_rocks_desert_tiny_04.dae","useInstanceRenderData":true}
{"class":"TSStatic","persistentId":"b4adb1bc-4460-4804-9324-aefcee170a05","__parent":"trail_004","position":[-756.679565,411.765442,130.769623],"isRenderEnabled":false,"shapeName":"/levels/johnson_valley/art/shapes/rocks/s_rocks_desert_tiny_07.dae","useInstanceRenderData":true}
{"class":"TSStatic","persistentId":"5d5ca8aa-9739-4092-84ec-4bf86156cb6e","__parent":"trail_004","position":[-756.651733,411.788544,130.758591],"isRenderEnabled":false,"shapeName":"/levels/johnson_valley/art/shapes/rocks/s_rocks_desert_tiny_07.dae","useInstanceRenderData":true}
{"class":"TSStatic","persistentId":"3bc77122-d035-4ad2-9ea6-40c0ed15c1da","__parent":"trail_004","position":[-756.760559,411.715118,130.80098],"isRenderEnabled":false,"shapeName":"/levels/johnson_valley/art/shapes/rocks/s_rocks_desert_tiny_06.dae","useInstanceRenderData":true}
{"class":"TSStatic","persistentId":"1662ccc2-ac0d-4e06-b393-ce1e12438cc2","__parent":"trail_004","position":[-756.822021,411.388092,130.769653],"isRenderEnabled":false,"rotationMatrix":[0.312318683,-0.949977517,0,0.949977517,0.312318683,0,0,0,1],"shapeName":"/levels/johnson_valley/art/shapes/rocks/s_rocks_desert_tiny_02.dae","useInstanceRenderData":true}
{"class":"TSStatic","persistentId":"615035c2-3a24-4e80-ba0f-67ce54ba01f5","__parent":"trail_004","position":[-757.646362,411.325989,131.047409],"isRenderEnabled":false,"rotationMatrix":[0.0637952685,0.997900605,-0.0111490265,-0.983001947,0.0647621155,0.171792537,0.17215392,-7.4505806e-09,0.98507005],"shapeName":"/levels/johnson_valley/art/shapes/rocks/s_rocks_desert_small_08.dae","useInstanceRenderData":true}
{"class":"TSStatic","persistentId":"35ba8d84-1561-4cdd-a8ec-5610c60ae1f2","__parent":"trail_004","position":[-757.451355,411.700104,131.007309],"isRenderEnabled":false,"rotationMatrix":[0.785524845,0.573273242,-0.233041912,-0.549597323,0.81936425,0.163049191,0.284417957,7.4505806e-09,0.958700418],"shapeName":"/levels/johnson_valley/art/shapes/rocks/s_rocks_desert_tiny_02.dae","useInstanceRenderData":true}
{"class":"TSStatic","persistentId":"ba29c74f-d375-469d-8284-c49911daf177","__parent":"trail_004","position":[-757.075867,411.699615,130.913513],"isRenderEnabled":false,"rotationMatrix":[0.913816631,0.406127036,0,-0.406127036,0.913816631,0,0,0,1],"shapeName":"/levels/johnson_valley/art/shapes/rocks/s_rocks_desert_tiny_04.dae","useInstanceRenderData":true}
{"class":"TSStatic","persistentId":"e6a83df3-2a34-4a0c-8c14-f4a087644c6f","__parent":"trail_004","position":[-756.374878,412.936554,130.610947],"isRenderEnabled":false,"shapeName":"/levels/johnson_valley/art/shapes/rocks/s_rocks_desert_tiny_03.dae","useInstanceRenderData":true}
{"class":"TSStatic","persistentId":"f7022b6d-6d07-4afb-b97d-6aa23e36507b","__parent":"trail_004","position":[-756.420837,412.786163,130.636246],"isRenderEnabled":false,"shapeName":"/levels/johnson_valley/art/shapes/rocks/s_rocks_desert_tiny_05.dae","useInstanceRenderData":true}
{"class":"TSStatic","persistentId":"b3f8cd6e-7d29-4580-b5ee-e15d4eb6ac71","__parent":"trail_004","position":[-756.481262,412.582397,130.669449],"isRenderEnabled":false,"shapeName":"/levels/johnson_valley/art/shapes/rocks/s_rocks_desert_tiny_07.dae","useInstanceRenderData":true}
{"class":"TSStatic","persistentId":"6f436307-0898-484f-b322-1ed5b0edb688","__parent":"trail_004","position":[-756.632385,412.515137,130.639389],"isRenderEnabled":false,"shapeName":"/levels/johnson_valley/art/shapes/rocks/s_rocks_desert_small_09.dae","useInstanceRenderData":true}
{"class":"TSStatic","persistentId":"6082ecd9-bf7c-4d2b-84eb-950cc1f5573a","__parent":"trail_004","position":[-756.94342,412.516693,130.810135],"isRenderEnabled":false,"shapeName":"/levels/johnson_valley/art/shapes/rocks/s_rocks_desert_tiny_02.dae","useInstanceRenderData":true}
{"class":"TSStatic","persistentId":"3942c844-e8f7-4109-b334-4257fc82c833","__parent":"trail_004","position":[-757.282654,412.543518,130.917938],"isRenderEnabled":false,"shapeName":"/levels/johnson_valley/art/shapes/rocks/s_rocks_desert_tiny_03.dae","useInstanceRenderData":true}
{"class":"TSStatic","persistentId":"6cdd200e-1c60-4004-b2f9-316f3da022a7","__parent":"trail_004","position":[-757.685303,412.71814,131.030319],"isRenderEnabled":false,"shapeName":"/levels/johnson_valley/art/shapes/rocks/s_rocks_desert_tiny_05.dae","useInstanceRenderData":true}
{"class":"TSStatic","persistentId":"e4b6bc96-6969-4edf-8243-374b9abdd14f","__parent":"trail_004","position":[-757.759644,412.90564,131.024033],"isRenderEnabled":false,"shapeName":"/levels/johnson_valley/art/shapes/rocks/s_rocks_desert_tiny_06.dae","useInstanceRenderData":true}
{"class":"TSStatic","persistentId":"ec999927-d438-4ab2-b529-2cef327f8a4b","__parent":"trail_004","position":[-757.747986,413.092285,130.981155],"isRenderEnabled":false,"shapeName":"/levels/johnson_valley/art/shapes/rocks/s_rocks_desert_tiny_07.dae","useInstanceRenderData":true}
{"class":"TSStatic","persistentId":"b8d92188-9729-4f92-9e93-4c25b7387e9c","__parent":"trail_004","position":[-757.741394,413.219208,130.882294],"isRenderEnabled":false,"rotationMatrix":[0.664213777,0.747542739,0,-0.747542739,0.664213777,0,0,0,1],"shapeName":"/levels/johnson_valley/art/shapes/rocks/s_rocks_desert_tiny_02.dae","useInstanceRenderData":true}
{"class":"TSStatic","persistentId":"42f95f5a-3f34-4fa6-a305-59eb3f88e4e6","__parent":"trail_004","position":[-756.435181,413.185883,130.600555],"isRenderEnabled":false,"shapeName":"/levels/johnson_valley/art/shapes/rocks/s_rocks_desert_tiny_07.dae","useInstanceRenderData":true}
{"class":"TSStatic","persistentId":"66892f69-db60-4405-9802-1b2d9323a31f","__parent":"trail_004","position":[-756.40863,413.206146,130.592422],"isRenderEnabled":false,"shapeName":"/levels/johnson_valley/art/shapes/rocks/s_rocks_desert_tiny_06.dae","useInstanceRenderData":true}
{"class":"TSStatic","persistentId":"0a293f8f-4d19-466e-bfb5-7cb5f3a70044","__parent":"trail_004","position":[-757.740906,413.782074,130.823914],"isRenderEnabled":false,"rotationMatrix":[-0.0533063412,0.998578012,0,-0.998578012,-0.0533063412,0,0,0,1],"shapeName":"/levels/johnson_valley/art/shapes/rocks/s_rocks_desert_tiny_02.dae","useInstanceRenderData":true}
{"class":"TSStatic","persistentId":"a64e319e-d72f-42c6-9bea-6910bfdac1d7","__parent":"trail_004","position":[-757.586548,413.82019,130.752289],"isRenderEnabled":false,"shapeName":"/levels/johnson_valley/art/shapes/rocks/s_rocks_desert_tiny_02.dae","useInstanceRenderData":true}
{"class":"TSStatic","persistentId":"6064ccf5-b9ef-42d3-9b80-c329697fd19a","__parent":"trail_004","position":[-757.283813,413.899139,130.726776],"isRenderEnabled":false,"shapeName":"/levels/johnson_valley/art/shapes/rocks/s_rocks_desert_tiny_05.dae","useInstanceRenderData":true}
{"class":"TSStatic","persistentId":"9a40bd94-50fa-4d59-891a-bdee93ca7706","__parent":"trail_004","position":[-756.958557,413.935364,130.635651],"isRenderEnabled":false,"shapeName":"/levels/johnson_valley/art/shapes/rocks/s_rocks_desert_tiny_06.dae","useInstanceRenderData":true}
{"class":"TSStatic","persistentId":"a3336034-863b-4995-9cee-04d34a7f3628","__parent":"trail_004","position":[-756.760437,413.94101,130.582428],"isRenderEnabled":false,"shapeName":"/levels/johnson_valley/art/shapes/rocks/s_rocks_desert_tiny_07.dae","useInstanceRenderData":true}
{"class":"TSStatic","persistentId":"c95878d9-c078-4687-b79e-84e77378b427","__parent":"trail_004","position":[-756.580505,414.064117,130.520477],"isRenderEnabled":false,"shapeName":"/levels/johnson_valley/art/shapes/rocks/s_rocks_desert_tiny_06.dae","useInstanceRenderData":true}
{"class":"TSStatic","persistentId":"d9a63810-269b-4f44-a7cb-0999eeb20324","__parent":"trail_004","position":[-756.522156,414.359314,130.513458],"isRenderEnabled":false,"rotationMatrix":[0.581256509,0.813720465,0,-0.813720465,0.581256509,0,0,0,1],"shapeName":"/levels/johnson_valley/art/shapes/rocks/s_rocks_desert_tiny_02.dae","useInstanceRenderData":true}
{"class":"TSStatic","persistentId":"8a056b51-ed04-4faa-aecc-ef4102044ec2","__parent":"trail_004","position":[-756.615967,414.727722,130.447388],"isRenderEnabled":false,"shapeName":"/levels/johnson_valley/art/shapes/rocks/s_rocks_desert_tiny_05.dae","useInstanceRenderData":true}
{"class":"TSStatic","persistentId":"f9754e03-a7f2-478f-8a7b-1a1bddc64bec","__parent":"trail_004","position":[-757.988525,414.138092,130.83902],"isRenderEnabled":false,"shapeName":"/levels/johnson_valley/art/shapes/rocks/s_rocks_desert_tiny_07.dae","useInstanceRenderData":true}
{"class":"TSStatic","persistentId":"de0242d1-6ecd-4ae6-b660-34cb5f925905","__parent":"trail_004","position":[-757.976562,414.267273,130.815628],"isRenderEnabled":false,"shapeName":"/levels/johnson_valley/art/shapes/rocks/s_rocks_desert_tiny_06.dae","useInstanceRenderData":true}
{"class":"TSStatic","persistentId":"641673f9-f09d-4353-a959-5256c2842f9e","__parent":"trail_004","position":[-757.958313,414.504883,130.773209],"isRenderEnabled":false,"shapeName":"/levels/johnson_valley/art/shapes/rocks/s_rocks_desert_tiny_05.dae","useInstanceRenderData":true}
{"class":"TSStatic","persistentId":"6b3ee63d-3297-4293-a29d-1ccdb6c7138c","__parent":"trail_004","position":[-757.864136,414.751801,130.649765],"isRenderEnabled":false,"shapeName":"/levels/johnson_valley/art/shapes/rocks/s_rocks_desert_tiny_01.dae","useInstanceRenderData":true}
{"class":"TSStatic","persistentId":"a5be2854-43d0-40ab-85e2-fadb7e53a217","__parent":"trail_004","position":[-767.222351,416.693085,132.641327],"isRenderEnabled":false,"rotationMatrix":[0.269438922,0.919085205,-0.287550181,-0.963017523,0.257147312,-0.0804525688,0,0.298592925,0.954380572],"shapeName":"/levels/johnson_valley/art/shapes/rocks/s_rocks_desert_tiny_02.dae","useInstanceRenderData":true}
{"class":"TSStatic","persistentId":"6abbcb57-f905-4876-941c-402ae9106d53","__parent":"trail_004","position":[-767.208801,417.035187,132.481339],"isRenderEnabled":false,"shapeName":"/levels/johnson_valley/art/shapes/rocks/s_rocks_desert_tiny_06.dae","useInstanceRenderData":true}
{"class":"TSStatic","persistentId":"e079cbff-1a56-4f4b-978d-0ba51ccb77e5","__parent":"trail_004","position":[-767.197998,417.186035,132.399826],"isRenderEnabled":false,"shapeName":"/levels/johnson_valley/art/shapes/rocks/s_rocks_desert_tiny_07.dae","useInstanceRenderData":true}
{"class":"TSStatic","persistentId":"fcec25ab-b99a-49b2-b069-3a1752f25394","__parent":"trail_004","position":[-767.212524,417.362579,132.305679],"isRenderEnabled":false,"shapeName":"/levels/johnson_valley/art/shapes/rocks/s_rocks_desert_tiny_03.dae","useInstanceRenderData":true}
{"class":"TSStatic","persistentId":"e58f49a2-c678-4aae-bdba-d00e87f70e83","__parent":"trail_004","position":[-767.218872,417.610168,132.172913],"isRenderEnabled":false,"shapeName":"/levels/johnson_valley/art/shapes/rocks/s_rocks_desert_tiny_01.dae","useInstanceRenderData":true}
{"class":"TSStatic","persistentId":"dd46da6e-9432-4691-871d-e8ff336b9523","__parent":"trail_004","position":[-767.227417,417.900818,132.130508],"isRenderEnabled":false,"shapeName":"/levels/johnson_valley/art/shapes/rocks/s_rocks_desert_tiny_05.dae","useInstanceRenderData":true}
{"class":"TSStatic","persistentId":"ebec4a29-1b06-4901-92c0-923f52982f35","__parent":"trail_004","position":[-767.686462,416.61203,132.503891],"isRenderEnabled":false,"shapeName":"/levels/johnson_valley/art/shapes/rocks/s_rocks_desert_small_08.dae","useInstanceRenderData":true}
{"class":"TSStatic","persistentId":"d408889d-0a34-405b-acd6-5c9e15b3b5e5","__parent":"trail_004","position":[-767.978088,416.946228,132.508423],"isRenderEnabled":false,"rotationMatrix":[0.203605592,-0.971023858,0.125128955,0.979052961,0.201935887,-0.0260220282,0,0.127806097,0.991799176],"shapeName":"/levels/johnson_valley/art/shapes/rocks/s_rocks_desert_tiny_02.dae","useInstanceRenderData":true}
{"class":"TSStatic","persistentId":"b1ee7e1a-77be-4bed-a11f-32c344f217b0","__parent":"trail_004","position":[-767.696777,417.114685,132.434586],"isRenderEnabled":false,"shapeName":"/levels/johnson_valley/art/shapes/rocks/s_rocks_desert_small_09.dae","useInstanceRenderData":true}
{"class":"TSStatic","persistentId":"6d9366b3-9a87-43e1-8c4b-aed52555881d","__parent":"trail_004","position":[-767.906677,417.37738,132.246262],"isRenderEnabled":false,"rotationMatrix":[0.907394826,-0.420279235,0,0.420279235,0.907394826,0,0,0,1],"shapeName":"/levels/johnson_valley/art/shapes/rocks/s_rocks_desert_tiny_02.dae","useInstanceRenderData":true}
{"class":"TSStatic","persistentId":"21086242-0c8c-4e0e-b2c9-9a9dcdc0101c","__parent":"trail_004","position":[-767.986206,417.624329,132.188583],"isRenderEnabled":false,"shapeName":"/levels/johnson_valley/art/shapes/rocks/s_rocks_desert_tiny_06.dae","useInstanceRenderData":true}
{"class":"TSStatic","persistentId":"4c3332ca-1a16-4101-a0da-0bb68920559d","__parent":"trail_004","position":[-767.906067,417.796631,132.14801],"isRenderEnabled":false,"shapeName":"/levels/johnson_valley/art/shapes/rocks/s_rocks_desert_tiny_07.dae","useInstanceRenderData":true}
{"class":"TSStatic","persistentId":"5b9ee439-e8b4-4175-baf9-f386b9d91cc2","__parent":"trail_004","position":[-767.83197,417.959778,132.147888],"isRenderEnabled":false,"shapeName":"/levels/johnson_valley/art/shapes/rocks/s_rocks_desert_tiny_05.dae","useInstanceRenderData":true}
{"class":"TSStatic","persistentId":"75b25022-5bd2-4ef3-ae5e-c62b32ab379f","__parent":"trail_004","position":[-767.55249,417.973419,132.148605],"isRenderEnabled":false,"shapeName":"/levels/johnson_valley/art/shapes/rocks/s_rocks_desert_tiny_02.dae","useInstanceRenderData":true}
{"class":"TSStatic","persistentId":"3fbd5789-b489-4812-9dc5-3b4e2f3ded1d","__parent":"trail_004","position":[-768.549438,416.697784,132.636597],"isRenderEnabled":false,"rotationMatrix":[0.279662609,0.960098505,0,-0.960098505,0.279662609,0,0,0,1],"shapeName":"/levels/johnson_valley/art/shapes/rocks/s_rocks_desert_small_08.dae","useInstanceRenderData":true}
{"class":"TSStatic","persistentId":"879f7a17-d8c0-4e36-a8ad-204efe233f12","__parent":"trail_004","position":[-768.542908,417.161926,132.401321],"isRenderEnabled":false,"shapeName":"/levels/johnson_valley/art/shapes/rocks/s_rocks_desert_tiny_01.dae","useInstanceRenderData":true}
{"class":"TSStatic","persistentId":"105e7ad7-b1e6-489a-b2d6-3674fc3b2c8a","__parent":"trail_004","position":[-768.518372,417.430664,132.307999],"isRenderEnabled":false,"shapeName":"/levels/johnson_valley/art/shapes/rocks/s_rocks_desert_tiny_03.dae","useInstanceRenderData":true}
{"class":"TSStatic","persistentId":"88f45b87-b643-4710-b7f3-618dcb0a852d","__parent":"trail_004","position":[-768.512207,417.702026,132.215759],"isRenderEnabled":false,"shapeName":"/levels/johnson_valley/art/shapes/rocks/s_rocks_desert_tiny_05.dae","useInstanceRenderData":true}
{"class":"TSStatic","persistentId":"f0adb945-ba73-4efb-b517-6f4eb6c1d3a2","__parent":"trail_004","position":[-768.46283,417.926422,132.163513],"isRenderEnabled":false,"shapeName":"/levels/johnson_valley/art/shapes/rocks/s_rocks_desert_tiny_03.dae","useInstanceRenderData":true}
{"class":"TSStatic","persistentId":"dc20d573-260c-4e5b-8299-aea4eb0977ba","__parent":"trail_004","position":[-768.808777,417.977631,132.191452],"isRenderEnabled":false,"shapeName":"/levels/johnson_valley/art/shapes/rocks/s_rocks_desert_tiny_03.dae","useInstanceRenderData":true}
{"class":"TSStatic","persistentId":"33f6f2ef-1726-46d6-95c2-ca6613ace03b","__parent":"trail_004","position":[-769.110718,417.806396,132.26384],"isRenderEnabled":false,"shapeName":"/levels/johnson_valley/art/shapes/rocks/s_rocks_desert_tiny_01.dae","useInstanceRenderData":true}
{"class":"TSStatic","persistentId":"4820e2f4-2636-424b-965d-fd649839f7e9","__parent":"trail_004","position":[-769.368774,417.484375,132.395325],"isRenderEnabled":false,"shapeName":"/levels/johnson_valley/art/shapes/rocks/s_rocks_desert_tiny_03.dae","useInstanceRenderData":true}
{"class":"TSStatic","persistentId":"093902c5-5b92-49e6-ae9d-1f0d4b60420f","__parent":"trail_004","position":[-769.421265,417.268341,132.487579],"isRenderEnabled":false,"shapeName":"/levels/johnson_valley/art/shapes/rocks/s_rocks_desert_tiny_05.dae","useInstanceRenderData":true}
{"class":"TSStatic","persistentId":"157df43a-3f97-4dd6-8426-be2a3b1bb3d6","__parent":"trail_004","position":[-769.018311,416.437866,132.780518],"isRenderEnabled":false,"shapeName":"/levels/johnson_valley/art/shapes/rocks/s_rocks_desert_tiny_01.dae","useInstanceRenderData":true}
{"class":"TSStatic","persistentId":"5342c79c-61f9-4709-b36f-2b3354b2b010","__parent":"trail_004","position":[-769.257385,416.615265,132.71434],"isRenderEnabled":false,"shapeName":"/levels/johnson_valley/art/shapes/rocks/s_rocks_desert_tiny_03.dae","useInstanceRenderData":true}
{"class":"TSStatic","persistentId":"c6221c34-9359-406a-9c99-d1a92e9d5502","__parent":"trail_004","position":[-769.40509,416.965179,132.531418],"isRenderEnabled":false,"rotationMatrix":[0.132226944,-0.991219401,0,0.991219401,0.132226944,0,0,0,1],"shapeName":"/levels/johnson_valley/art/shapes/rocks/s_rocks_desert_tiny_02.dae","useInstanceRenderData":true}
{"class":"TSStatic","persistentId":"c9ae3b42-5614-41d0-b261-c2ab4761d540","__parent":"trail_004","position":[-769.617493,418.023529,132.286575],"isRenderEnabled":false,"rotationMatrix":[0.0478543043,0.998854339,0,-0.998854339,0.0478543043,0,0,0,1],"shapeName":"/levels/johnson_valley/art/shapes/rocks/s_rocks_desert_tiny_04.dae","useInstanceRenderData":true}
{"class":"TSStatic","persistentId":"cd2537ee-9c49-4410-b933-af78f6157490","__parent":"trail_004","position":[-769.685852,417.771423,132.403229],"isRenderEnabled":false,"shapeName":"/levels/johnson_valley/art/shapes/rocks/s_rocks_desert_tiny_05.dae","useInstanceRenderData":true}
{"class":"TSStatic","persistentId":"499803b5-6b65-48f4-856e-a756d8d76c1f","__parent":"trail_004","position":[-769.715454,417.527496,132.507523],"isRenderEnabled":false,"shapeName":"/levels/johnson_valley/art/shapes/rocks/s_rocks_desert_tiny_03.dae","useInstanceRenderData":true}
{"class":"TSStatic","persistentId":"2777677b-3caf-4aad-b7d5-9afc20a50924","__parent":"trail_004","position":[-769.783752,417.295898,132.522339],"isRenderEnabled":false,"rotationMatrix":[0.302333653,0.953202248,0,-0.953202248,0.302333653,0,0,0,1],"shapeName":"/levels/johnson_valley/art/shapes/rocks/s_rocks_desert_tiny_02.dae","useInstanceRenderData":true}
{"class":"TSStatic","persistentId":"dd3ef1e9-0cb0-44f3-96a2-3819565ecd9f","__parent":"trail_004","position":[-769.845825,417.044647,132.668808],"isRenderEnabled":false,"rotationMatrix":[0.393139243,0.919479012,0,-0.919479012,0.393139243,0,0,0,1],"shapeName":"/levels/johnson_valley/art/shapes/rocks/s_rocks_desert_small_09.dae","useInstanceRenderData":true}
{"class":"TSStatic","persistentId":"7ad7abe6-7a05-4a84-92a0-d99eb3793668","__parent":"trail_004","position":[-769.845032,416.64978,132.706573],"isRenderEnabled":false,"rotationMatrix":[0.29414618,0.9557603,0,-0.9557603,0.29414618,0,0,0,1],"shapeName":"/levels/johnson_valley/art/shapes/rocks/s_rocks_desert_small_08.dae","useInstanceRenderData":true}
{"class":"TSStatic","persistentId":"c9b85ad7-0abb-43e6-b077-54bc20418cf6","__parent":"trail_004","position":[-770.080261,416.685059,132.979767],"isRenderEnabled":false,"shapeName":"/levels/johnson_valley/art/shapes/rocks/s_rocks_desert_tiny_03.dae","useInstanceRenderData":true}
{"class":"TSStatic","persistentId":"8a194ade-cbc6-4e76-b2cc-002fe1b9de7e","__parent":"trail_004","position":[-770.381226,416.845764,133.02623],"isRenderEnabled":false,"shapeName":"/levels/johnson_valley/art/shapes/rocks/s_rocks_desert_tiny_06.dae","useInstanceRenderData":true}
{"class":"TSStatic","persistentId":"3cc2e0f2-1ddd-4634-a168-bba49356f2d6","__parent":"trail_004","position":[-770.521851,417.015167,133.02446],"isRenderEnabled":false,"shapeName":"/levels/johnson_valley/art/shapes/rocks/s_rocks_desert_tiny_07.dae","useInstanceRenderData":true}
{"class":"TSStatic","persistentId":"7554558b-cd79-4c2e-be70-7db1806f1383","__parent":"trail_004","position":[-770.593567,417.121521,132.928955],"isRenderEnabled":false,"rotationMatrix":[0.904112875,-0.427293777,0,0.427293777,0.904112875,0,0,0,1],"shapeName":"/levels/johnson_valley/art/shapes/rocks/s_rocks_desert_tiny_04.dae","useInstanceRenderData":true}
{"class":"TSStatic","persistentId":"c3480a7b-bac4-4bcd-83ac-62b1280f7097","__parent":"trail_004","position":[-770.487366,417.221344,132.897369],"isRenderEnabled":false,"rotationMatrix":[0.49527353,0.868736923,0,-0.868736923,0.49527353,0,0,0,1],"shapeName":"/levels/johnson_valley/art/shapes/rocks/s_rocks_desert_tiny_02.dae","useInstanceRenderData":true}
{"class":"TSStatic","persistentId":"77056479-c27d-4ea2-9536-6804698daced","__parent":"trail_004","position":[-770.170532,417.355408,132.737885],"isRenderEnabled":false,"shapeName":"/levels/johnson_valley/art/shapes/rocks/s_rocks_desert_small_09.dae","useInstanceRenderData":true}
{"class":"TSStatic","persistentId":"61c7dad3-187e-4760-8ad2-e8da966f6219","__parent":"trail_004","position":[-770.34198,417.626953,132.674469],"isRenderEnabled":false,"shapeName":"/levels/johnson_valley/art/shapes/rocks/s_rocks_desert_tiny_04.dae","useInstanceRenderData":true}
{"class":"TSStatic","persistentId":"9fbf5973-5302-4e80-95fc-f7d605cf65cd","__parent":"trail_004","position":[-770.565979,417.820404,132.65329],"isRenderEnabled":false,"shapeName":"/levels/johnson_valley/art/shapes/rocks/s_rocks_desert_tiny_05.dae","useInstanceRenderData":true}
{"class":"TSStatic","persistentId":"06fbeb21-dd85-48f8-a08a-081118c10b34","__parent":"trail_004","position":[-770.669556,418.011688,132.606659],"isRenderEnabled":false,"shapeName":"/levels/johnson_valley/art/shapes/rocks/s_rocks_desert_tiny_06.dae","useInstanceRenderData":true}
{"class":"TSStatic","persistentId":"95edd916-07b5-475c-8bc3-99f2861c381a","__parent":"trail_004","position":[-755.104492,412.741302,130.351913],"isRenderEnabled":false,"shapeName":"/levels/johnson_valley/art/shapes/rocks/s_rocks_desert_small_06.dae","useInstanceRenderData":true}
{"class":"TSStatic","persistentId":"6de3e048-10e2-411d-8e9a-727ad8db6e41","__parent":"trail_004","position":[-759.641968,413.306976,131.243286],"isRenderEnabled":false,"shapeName":"/levels/johnson_valley/art/shapes/rocks/s_rocks_desert_medium_03.dae","useInstanceRenderData":true}
{"class":"TSStatic","persistentId":"76681cf6-7cbc-46fc-b534-90a305f5db96","__parent":"trail_004","position":[-757.987671,409.258911,130.956299],"isRenderEnabled":false,"shapeName":"/levels/johnson_valley/art/shapes/rocks/s_rocks_desert_medium_02.dae","useInstanceRenderData":true}
{"class":"TSStatic","persistentId":"aad7f578-ab1a-40f2-a654-54ac05a4766e","__parent":"trail_004","position":[-764.784119,412.29364,132.54425],"isRenderEnabled":false,"rotationMatrix":[0.999671876,0,0.0256160423,-0.00305343629,0.992870271,0.119161054,-0.0254334062,-0.11920017,0.992544413],"shapeName":"/levels/johnson_valley/art/shapes/rocks/s_rocks_desert_low_flat_02.dae","useInstanceRenderData":true}
{"class":"TSStatic","persistentId":"121c9aa6-3b02-42ed-bac3-3ed74dfeeec3","__parent":"trail_004","position":[-769.1745,414.203217,132.213959],"isRenderEnabled":false,"shapeName":"/levels/johnson_valley/art/shapes/rocks/s_rocks_desert_large_05.dae","useInstanceRenderData":true}
{"class":"TSStatic","persistentId":"204fec83-4c88-4dc0-950b-a8f66f2a372b","__parent":"trail_004","position":[-764.7146,417.032532,130.714645],"isRenderEnabled":false,"rotationMatrix":[0.907623053,0.392100096,-0.14992635,-0.410240173,0.90421629,-0.118726127,0.0890133381,0.169264376,0.981542766],"shapeName":"/levels/johnson_valley/art/shapes/rocks/s_rocks_desert_large_03.dae","useInstanceRenderData":true}
{"class":"TSStatic","persistentId":"ebcb8226-f8d2-4262-a37f-e3b11bffe244","__parent":"trail_004","position":[-60.1595573,107.125458,182.138565],"isRenderEnabled":false,"rotationMatrix":[0.726137519,-0.657337248,-0.201573595,0.642230928,0.753148496,-0.142501816,0.245486602,-0.0259808898,0.969051778],"shapeName":"/levels/johnson_valley/art/shapes/rocks/s_rocks_desert_low_tiny.dae","useInstanceRenderData":true}
{"class":"TSStatic","persistentId":"aa33ba5a-6052-479d-b70d-3683a8f06e99","__parent":"trail_004","position":[111.161285,188.100128,144.169861],"isRenderEnabled":false,"shapeName":"/levels/johnson_valley/art/shapes/rocks/s_rocks_desert_large_06.dae","useInstanceRenderData":true}
{"class":"TSStatic","persistentId":"b57d8f93-f7e9-46c8-9bb5-1ac1fa66c3a3","__parent":"trail_004","position":[147.301086,218.92337,140.947342],"isRenderEnabled":false,"shapeName":"/levels/johnson_valley/art/shapes/rocks/s_rocks_desert_huge_sheet_3.dae","useInstanceRenderData":true}
{"class":"TSStatic","persistentId":"9660ae85-ac48-49a7-8993-24c2b6da00ad","__parent":"trail_004","position":[141.738342,217.573822,140.048096],"isRenderEnabled":false,"rotationMatrix":[0.9207412,0.382851303,0.0752366558,-0.390173912,0.903461158,0.177545175,0,-0.192828521,0.981232464],"shapeName":"/levels/johnson_valley/art/shapes/rocks/s_rocks_desert_large_02.dae","useInstanceRenderData":true}
{"class":"TSStatic","persistentId":"a1830e6c-f487-4e4d-847d-a8a00f559a15","__parent":"trail_004","position":[142.988937,219.359589,139.547989],"isRenderEnabled":false,"rotationMatrix":[0.570793748,-0.784329176,-0.242945164,0.818332911,0.567645609,0.090054512,0.0672744215,-0.25021255,0.96585083],"shapeName":"/levels/johnson_valley/art/shapes/rocks/s_rocks_desert_large_02.dae","useInstanceRenderData":true}
{"class":"TSStatic","persistentId":"2815d7f2-02eb-46f5-9c2e-3ca7077fe9c6","__parent":"trail_004","position":[129.167236,220.265976,141.44487],"isRenderEnabled":false,"rotationMatrix":[0.978323221,0.138968855,-0.153529644,-0.126710117,0.988118768,0.0869819075,0.163793296,-0.0656426698,0.984308302],"shapeName":"/levels/johnson_valley/art/shapes/rocks/s_rocks_desert_huge_sheet_2.dae","useInstanceRenderData":true}
{"class":"TSStatic","persistentId":"e0d84685-7dae-4641-bfce-9e9d776be81e","__parent":"trail_004","position":[132.453049,226.996002,141.714127],"isRenderEnabled":false,"rotationMatrix":[0.976098299,0,0.217329398,0,1,0,-0.217329398,0,0.976098299],"shapeName":"/levels/johnson_valley/art/shapes/rocks/s_rocks_desert_large_02.dae","useInstanceRenderData":true}
{"class":"TSStatic","persistentId":"0fcccdfe-74fb-4e87-8c82-26b2f02661a0","__parent":"trail_004","position":[136.46315,225.448608,140.792206],"isRenderEnabled":false,"rotationMatrix":[-0.21628356,-0.97313875,-0.0788866505,0.976089299,-0.213725567,-0.0396446586,0.0217196792,-0.0855748653,0.996095002],"shapeName":"/levels/johnson_valley/art/shapes/rocks/s_rocks_desert_large_02.dae","useInstanceRenderData":true}
{"class":"TSStatic","persistentId":"d05756e4-9074-4c3d-9f59-eb0c555daa63","__parent":"trail_004","position":[141.28302,221.057053,140.4543],"isRenderEnabled":false,"shapeName":"/levels/johnson_valley/art/shapes/rocks/s_rocks_desert_medium_01.dae","useInstanceRenderData":true}
{"class":"TSStatic","persistentId":"c75eec62-bc6d-4b60-a0f6-73c7902bac0c","__parent":"trail_004","position":[134.819061,221.164948,142.324219],"isRenderEnabled":false,"shapeName":"/levels/johnson_valley/art/shapes/rocks/s_rocks_desert_medium_02.dae","useInstanceRenderData":true}
{"class":"TSStatic","persistentId":"4d5b31aa-e4cc-4854-9686-f4b5b4b3239c","__parent":"trail_004","position":[140.311325,224.79155,141.337906],"isRenderEnabled":false,"shapeName":"/levels/johnson_valley/art/shapes/rocks/s_rocks_desert_medium_03.dae","useInstanceRenderData":true}
{"class":"TSStatic","persistentId":"6250cd9d-fcee-4663-a806-4c72417d287f","__parent":"trail_004","position":[137.41655,217.437363,141.912155],"isRenderEnabled":false,"shapeName":"/levels/johnson_valley/art/shapes/rocks/s_rocks_desert_medium_04.dae","useInstanceRenderData":true}
{"class":"TSStatic","persistentId":"0527fd0c-aa88-4b5f-b50a-f4cba96de973","__parent":"trail_004","position":[144.436523,229.014694,141.316406],"isRenderEnabled":false,"shapeName":"/levels/johnson_valley/art/shapes/rocks/s_rocks_desert_medium_05.dae","useInstanceRenderData":true}
{"class":"TSStatic","persistentId":"295801a5-28fd-4228-a236-85643bbf6bfa","__parent":"trail_004","position":[140.697357,223.484009,140.570572],"isRenderEnabled":false,"rotationMatrix":[0.0534802079,0,0.998568892,0,1,0,-0.998568892,0,0.0534802079],"shapeName":"/levels/johnson_valley/art/shapes/rocks/s_rocks_desert_medium_01.dae","useInstanceRenderData":true}
{"class":"TSStatic","persistentId":"22a9f14d-1680-47d0-9be8-3a2b789c0ede","__parent":"trail_004","position":[140.111801,226.09787,141.443054],"isRenderEnabled":false,"rotationMatrix":[-0.00283193588,0.218446553,0.975844741,-0.999915898,-0.012963295,0,0.0126502216,-0.975762725,0.218464971],"shapeName":"/levels/johnson_valley/art/shapes/rocks/s_rocks_desert_medium_01.dae","useInstanceRenderData":true}
{"class":"TSStatic","persistentId":"9520ae1b-59ad-48bc-8668-159061e9eee9","__parent":"trail_004","position":[141.095947,226.331955,140.003021],"isRenderEnabled":false,"rotationMatrix":[0.398053229,-0.16707322,-0.902020276,0.0433068573,0.985601723,-0.163443416,0.916339815,0.02599556,0.399557352],"shapeName":"/levels/johnson_valley/art/shapes/rocks/s_rocks_desert_large_02.dae","useInstanceRenderData":true}
{"class":"TSStatic","persistentId":"4cc7db22-0de8-4803-a563-fa8649565f0c","__parent":"trail_004","position":[135.849487,213.888077,140.797119],"isRenderEnabled":false,"rotationMatrix":[0.978779078,0,0.20491831,0,1,0,-0.20491831,0,0.978779078],"shapeName":"/levels/johnson_valley/art/shapes/rocks/s_rocks_desert_large_02.dae","useInstanceRenderData":true}
{"class":"TSStatic","persistentId":"c30dcb28-c6f1-4d9d-b292-41720aa81236","__parent":"trail_004","position":[138.073151,213.442612,141.272507],"isRenderEnabled":false,"rotationMatrix":[0.581250072,0.781976223,0.225081533,-0.808280587,0.52289027,0.270681351,0.0939733982,-0.339262575,0.935986042],"shapeName":"/levels/johnson_valley/art/shapes/rocks/s_rocks_desert_large_02.dae","useInstanceRenderData":true}
{"class":"TSStatic","persistentId":"876e30d1-2e30-49d8-a2d1-e39b741f90eb","__parent":"trail_004","position":[124.637947,197.781479,143.520416],"isRenderEnabled":false,"rotationMatrix":[0.749692678,0.645379186,0.146447092,-0.661786199,0.731106162,0.165899992,0,-0.221290678,0.975207925],"shapeName":"/levels/johnson_valley/art/shapes/rocks/s_rocks_desert_large_07.dae","useInstanceRenderData":true}
{"class":"TSStatic","persistentId":"42e42548-9a4d-413a-bf0f-6a54db457864","__parent":"trail_004","position":[123.336411,200.711426,142.565994],"isRenderEnabled":false,"rotationMatrix":[1,0,0,0,0.998765886,0.0496660322,0,-0.0496660322,0.998765886],"shapeName":"/levels/johnson_valley/art/shapes/rocks/s_rocks_desert_large_05.dae","useInstanceRenderData":true}
{"class":"TSStatic","persistentId":"857364b1-20b8-4c89-8e3f-fd59aaff8dcf","__parent":"trail_004","position":[117.823502,205.233902,139.700546],"isRenderEnabled":false,"rotationMatrix":[0.404668093,-0.551257372,0.729629636,0.246804327,0.834106207,0.493309766,-0.880529165,-0.0195510685,0.473588824],"shapeName":"/levels/johnson_valley/art/shapes/rocks/s_rocks_desert_huge_sheet_2.dae","useInstanceRenderData":true}
{"class":"TSStatic","persistentId":"e151fb56-4089-44fa-9d7d-2d855797dc69","__parent":"trail_004","position":[101.652161,194.754242,144.21524],"isRenderEnabled":false,"shapeName":"/levels/johnson_valley/art/shapes/rocks/s_rocks_desert_large_05.dae","useInstanceRenderData":true}
{"class":"TSStatic","persistentId":"d0d65c08-ca7b-4abd-9e6f-0889209fd9f2","__parent":"trail_004","position":[101.558113,192.474228,143.683289],"isRenderEnabled":false,"rotationMatrix":[0.629293799,0.777167618,0,-0.777167618,0.629293799,0,0,0,1],"shapeName":"/levels/johnson_valley/art/shapes/rocks/s_rocks_desert_large_05.dae","useInstanceRenderData":true}
{"class":"TSStatic","persistentId":"b664c5f6-a123-4713-973a-1da4d289ac21","__parent":"trail_004","position":[100.890434,190.515686,144.17099],"isRenderEnabled":false,"rotationMatrix":[0.580234528,-0.814449549,0,0.814449549,0.580234528,0,0,0,1],"shapeName":"/levels/johnson_valley/art/shapes/rocks/s_rocks_desert_medium_01.dae","useInstanceRenderData":true}
{"class":"TSStatic","persistentId":"60a1fc16-6f75-4497-928a-e9314b6861ba","__parent":"trail_004","position":[99.8719101,193.092621,144.006683],"isRenderEnabled":false,"rotationMatrix":[0.183538139,0.979892135,-0.0782680362,-0.954414487,0.15856719,-0.252883911,-0.235388085,0.12111406,0.964325607],"shapeName":"/levels/johnson_valley/art/shapes/rocks/s_rocks_desert_large_04.dae","useInstanceRenderData":true}
{"class":"TSStatic","persistentId":"e0724e44-ad8e-4895-a0c3-09af5af91224","__parent":"trail_004","position":[101.519203,196.532806,143.681488],"isRenderEnabled":false,"rotationMatrix":[-0.485131383,0.874441028,0,-0.874441028,-0.485131383,0,0,0,1],"shapeName":"/levels/johnson_valley/art/shapes/rocks/s_rocks_desert_large_05.dae","useInstanceRenderData":true}
{"class":"TSStatic","persistentId":"9fa013bd-2f4e-4dce-84bd-7c34856e24c3","__parent":"trail_004","position":[101.652863,199.039108,143.337769],"isRenderEnabled":false,"rotationMatrix":[-0.411484122,-0.908411264,0.0739587694,0.856100798,-0.357395768,0.373309284,-0.312685788,0.216926962,0.924754143],"shapeName":"/levels/johnson_valley/art/shapes/rocks/s_rocks_desert_large_05.dae","useInstanceRenderData":true}
{"class":"TSStatic","persistentId":"571f0265-cd41-41a8-850a-5515db6349be","__parent":"trail_004","position":[100.804207,195.683624,145.04567],"isRenderEnabled":false,"rotationMatrix":[-0.372123241,-0.925286233,-0.0732751042,0.915089428,-0.35251534,-0.195815817,0.155355096,-0.139920935,0.977899253],"shapeName":"/levels/johnson_valley/art/shapes/rocks/s_rocks_desert_medium_03.dae","useInstanceRenderData":true}
{"class":"TSStatic","persistentId":"d2d78206-cda9-4666-b3b2-43d78a345320","__parent":"trail_004","position":[100.357841,194.174881,144.879456],"isRenderEnabled":false,"rotationMatrix":[0.46688962,-0.8812747,-0.0732751712,0.859714746,0.471748829,-0.195815876,0.207135022,0.0284287184,0.977899253],"shapeName":"/levels/johnson_valley/art/shapes/rocks/s_rocks_desert_medium_03.dae","useInstanceRenderData":true}
{"class":"TSStatic","persistentId":"510a6d22-dc11-4ac0-95c0-4eeac86d0427","__parent":"trail_004","position":[89.5604706,182.29097,143.591309],"isRenderEnabled":false,"rotationMatrix":[-0.54049468,-0.835419118,-0.0997051299,0.821557581,-0.549614072,0.151552916,-0.181409478,-7.4505806e-09,0.983407676],"shapeName":"/levels/johnson_valley/art/shapes/rocks/s_rocks_desert_huge_sheet_2.dae","useInstanceRenderData":true}
{"class":"TSStatic","persistentId":"72286e92-07e3-4c74-b641-7cc11dea246f","__parent":"trail_004","position":[93.9085388,177.991226,144.32048],"isRenderEnabled":false,"rotationMatrix":[-0.855346203,-0.505054653,0.115343392,0.504593909,-0.86263442,-0.0353301242,0.11734274,0.0279820859,0.992697179],"shapeName":"/levels/johnson_valley/art/shapes/rocks/s_rocks_desert_huge_sheet_3.dae","useInstanceRenderData":true}
{"class":"TSStatic","persistentId":"59824dd9-5174-45bc-90f8-4497e5117b0b","__parent":"trail_004","position":[127.802185,207.204529,142.375534],"isRenderEnabled":false,"rotationMatrix":[0.82365036,0.509063601,0.249908626,-0.487134129,0.86072892,-0.147804201,-0.290345311,-7.4505806e-09,0.956921935],"shapeName":"/levels/johnson_valley/art/shapes/rocks/s_rocks_desert_medium_04.dae","useInstanceRenderData":true}
{"class":"TSStatic","persistentId":"ffe526ea-85ae-4693-8f57-304178ef611d","__parent":"trail_004","position":[130.764038,208.721207,142.449371],"isRenderEnabled":false,"shapeName":"/levels/johnson_valley/art/shapes/rocks/s_rocks_desert_medium_01.dae","useInstanceRenderData":true}
{"class":"TSStatic","persistentId":"1b0686ff-8fd2-4347-9e4e-ee6c85081269","__parent":"trail_004","position":[122.855423,207.095367,142.368958],"isRenderEnabled":false,"rotationMatrix":[0.610657692,0.791894794,0,0.295721531,-0.22804153,-0.927656412,-0.734606147,0.566480637,-0.373435616],"shapeName":"/levels/johnson_valley/art/shapes/rocks/s_rocks_desert_medium_05.dae","useInstanceRenderData":true}
{"class":"TSStatic","persistentId":"3204aab5-8c01-4c45-a8ff-900ced94e50c","__parent":"trail_004","position":[129.349014,212.838104,141.921738],"isRenderEnabled":false,"shapeName":"/levels/johnson_valley/art/shapes/rocks/s_rocks_desert_medium_04.dae","useInstanceRenderData":true}
{"class":"TSStatic","persistentId":"222dc891-b7ed-4f46-b2cd-8ce04427ec1d","__parent":"trail_004","position":[125.757797,204.71521,142.588547],"isRenderEnabled":false,"shapeName":"/levels/johnson_valley/art/shapes/rocks/s_rocks_desert_medium_05.dae","useInstanceRenderData":true}
{"class":"TSStatic","persistentId":"573cee9c-be0e-4d66-b5d2-58fb891257e6","__parent":"trail_004","position":[95.8608856,171.255249,143.582626],"isRenderEnabled":false,"rotationMatrix":[0.979596555,-0.0275914334,0.199071214,0,0.990531087,0.137288451,-0.200974211,-0.134487301,0.970320821],"shapeName":"/levels/johnson_valley/art/shapes/rocks/s_rocks_desert_large_02.dae","useInstanceRenderData":true}
{"class":"TSStatic","persistentId":"44f718c2-d65f-4087-bcd2-63ed48792946","__parent":"trail_004","position":[98.7369537,170.019089,143.83699],"isRenderEnabled":false,"rotationMatrix":[0.0117371678,0.97841543,0.20631355,-0.996640503,0.0281716585,-0.0769018978,-0.0810541883,-0.20471786,0.975459278],"shapeName":"/levels/johnson_valley/art/shapes/rocks/s_rocks_desert_large_02.dae","useInstanceRenderData":true}
{"class":"TSStatic","persistentId":"5cd38d10-ac5d-4787-89fa-c4fd0b640f8c","__parent":"trail_004","position":[96.77668,169.056778,145.081589],"isRenderEnabled":false,"rotationMatrix":[0.795124114,0.550973058,0.253390014,-0.552807212,0.830301702,-0.0707350299,-0.249363258,-0.083832629,0.964774609],"shapeName":"/levels/johnson_valley/art/shapes/rocks/s_rocks_desert_large_05.dae","useInstanceRenderData":true}
