{"name":"splash23","class":"ParticleEmitterNode","persistentId":"00d31545-e95c-4bc3-8c08-eee282211c14","__parent":"waterfall_spashes","position":[413.011749,659.6698,163.790604],"dataBlock":"lightExampleEmitterNodeData1","emitter":"BNGP_23","rotationMatrix":[0.930607021,-0.156746879,-0.330757201,-0.237417534,0.429260671,-0.871417046,0.278572947,0.889475226,0.362258255]}
{"name":"splash28","class":"ParticleEmitterNode","persistentId":"0274cab6-359f-43b7-953e-e6a947dfcb92","__parent":"waterfall_spashes","position":[416.855133,690.284546,159.023727],"dataBlock":"lightExampleEmitterNodeData1","emitter":"BNGP_23","rotationMatrix":[0.979228258,-0.157253012,0.127997622,0.193816751,0.540527582,-0.818697095,0.0595562607,0.826499879,0.559777915]}
{"name":"splash47","class":"ParticleEmitterNode","persistentId":"02cdb4c7-4b5e-4784-b73b-7a93e2f7169f","__parent":"waterfall_spashes","position":[370.006989,51.4099236,181.578781],"dataBlock":"lightExampleEmitterNodeData1","emitter":"BNGP_23","rotationMatrix":[0.736102939,0.590841413,0.33024025,-0.283487678,0.712153971,-0.64223963,-0.614643753,0.379136086,0.691714466],"velocity":0.5}
{"name":"splash27","class":"ParticleEmitterNode","persistentId":"03840b61-02f9-4eaa-9df3-9202237c1dc0","__parent":"waterfall_spashes","position":[398.222046,690.291504,159.327805],"dataBlock":"lightExampleEmitterNodeData1","emitter":"BNGP_23","rotationMatrix":[0.631305695,-0.775524616,0.00374649884,0.335454345,0.268710047,-0.902920187,0.699230254,0.57127589,0.4297916]}
{"name":"splash17","class":"ParticleEmitterNode","persistentId":"05dea099-1a0c-4d29-9f18-96bad5b38baf","__parent":"waterfall_spashes","position":[415.607361,689.531555,158.844116],"dataBlock":"lightExampleEmitterNodeData1","emitter":"BNGP_23","rotationMatrix":[0.957007527,0.0794019997,0.278983474,0.193816751,0.540527582,-0.818697095,-0.215804487,0.837571383,0.501899421]}
{"name":"splash5","class":"ParticleEmitterNode","persistentId":"20f62f58-d6d4-4910-8beb-b444dcae153b","__parent":"waterfall_spashes","position":[203.550003,694.199646,161.244675],"dataBlock":"lightExampleEmitterNodeData1","emitter":"BNGP_23","rotationMatrix":[0.702504814,-0.000491438259,-0.711678803,0,0.999999762,-0.000690533896,0.711678982,0.000485103432,0.702504754],"velocity":3}
{"name":"splash7","class":"ParticleEmitterNode","persistentId":"24cbd1bd-0c2f-40f2-9e89-97250a025033","__parent":"waterfall_spashes","position":[204.758499,682.417419,163.919113],"dataBlock":"lightExampleEmitterNodeData1","emitter":"BNGP_23","rotationMatrix":[0.00166152045,-0.00069053279,-0.99999845,0,0.999999762,-0.000690533896,0.999998689,1.14714567e-06,0.00166148879],"velocity":4}
{"name":"splash3","class":"ParticleEmitterNode","persistentId":"3689874c-30ae-4052-9a70-d590f1be0b81","__parent":"waterfall_spashes","position":[208.413208,683.584473,161.598877],"dataBlock":"lightExampleEmitterNodeData1","emitter":"BNGP_23","rotationMatrix":[1,0,0,0,0.999999762,-0.000690533896,0,0.000690533896,0.999999762]}
{"name":"splash26","class":"ParticleEmitterNode","persistentId":"37d73f5b-fd7f-4359-b058-5a5c42fdc64b","__parent":"waterfall_spashes","position":[406.190643,686.10614,159.010956],"dataBlock":"lightExampleEmitterNodeData1","emitter":"BNGP_23","rotationMatrix":[1,0,0,0,0.797831655,-0.602879941,0,0.602879941,0.797831655]}
{"name":"splash6","class":"ParticleEmitterNode","persistentId":"7b5b7f26-e882-4d09-b9c2-465eb50cdffe","__parent":"waterfall_spashes","position":[202.546356,689.15509,163.510605],"dataBlock":"lightExampleEmitterNodeData1","emitter":"BNGP_23","rotationMatrix":[0.432626247,-0.000622566673,-0.901572883,0,0.999999762,-0.000690533896,0.901573062,0.000298743107,0.432626039],"velocity":3}
{"name":"splash","class":"ParticleEmitterNode","persistentId":"7fafb6f6-dfe5-474e-ba17-2cc8824d38ec","__parent":"waterfall_spashes","position":[206.505737,688.03064,161.097458],"dataBlock":"lightExampleEmitterNodeData1","emitter":"BNGP_23","rotationMatrix":[0.590684295,-0.000557193707,-0.806902468,0,0.999999762,-0.000690533896,0.806902647,0.000407887535,0.590684175]}
{"name":"splash4","class":"ParticleEmitterNode","persistentId":"81e07a42-18f2-44d5-9d21-ac33312199a4","__parent":"waterfall_spashes","position":[209.283752,685.260437,161.221832],"dataBlock":"lightExampleEmitterNodeData1","emitter":"BNGP_23","rotationMatrix":[0.713414907,-0.000483885931,-0.700741529,0,0.999999762,-0.000690533896,0.700741649,0.000492637395,0.713414848]}
{"name":"splash20","class":"ParticleEmitterNode","persistentId":"8ea19661-79db-4e74-b5e8-443e8218d5bc","__parent":"waterfall_spashes","position":[415.793243,668.142517,161.903702],"dataBlock":"lightExampleEmitterNodeData1","emitter":"BNGP_23","rotationMatrix":[0.809916735,0.525622547,0.260299236,-0.164086387,0.62910682,-0.75980252,-0.563125432,0.572665811,0.595771313],"velocity":0.5}
{"name":"splash25","class":"ParticleEmitterNode","persistentId":"986b96fb-cf1f-43b2-9655-bc36f9e77ff7","__parent":"waterfall_spashes","position":[413.302002,688.781982,159.050995],"dataBlock":"lightExampleEmitterNodeData1","emitter":"BNGP_23","rotationMatrix":[1,0,0,0,0.797831655,-0.602879941,0,0.602879941,0.797831655]}
{"name":"splash22","class":"ParticleEmitterNode","persistentId":"a0dad124-d1b2-4720-8fc6-a2af6e4ffe8e","__parent":"waterfall_spashes","position":[419.46347,638.085083,166.784698],"dataBlock":"lightExampleEmitterNodeData1","emitter":"BNGP_23","rotationMatrix":[0.981969297,0.177467704,-0.0651244074,-0.164086387,0.62910682,-0.75980252,-0.09387023,0.756789684,0.64688319],"velocity":0.5}
{"name":"splash1","class":"ParticleEmitterNode","persistentId":"a5aced3a-d8b7-425a-991a-69fc6d607348","__parent":"waterfall_spashes","position":[206.384979,690.190247,160.651627],"dataBlock":"lightExampleEmitterNodeData1","emitter":"BNGP_23","rotationMatrix":[1,0,0,0,0.999999762,-0.000690533896,0,0.000690533896,0.999999762]}
{"name":"splash18","class":"ParticleEmitterNode","persistentId":"af2bf3b0-68c5-4f14-83e6-7d7e4cf0ed7b","__parent":"waterfall_spashes","position":[412.729645,672.813354,161.233261],"dataBlock":"lightExampleEmitterNodeData1","emitter":"BNGP_23","rotationMatrix":[0.985477984,0.138657764,-0.0980162174,-0.164086387,0.62910682,-0.75980252,-0.0436899029,0.764852345,0.642722368]}
{"name":"splash2","class":"ParticleEmitterNode","persistentId":"b49dfd57-b920-40b3-abeb-03436af53e13","__parent":"waterfall_spashes","position":[203.324234,685.910889,163.663116],"dataBlock":"lightExampleEmitterNodeData1","emitter":"BNGP_23","rotationMatrix":[0.524320543,-0.110041797,-0.844380915,-0.0873260349,0.97943759,-0.181868136,0.847031593,0.169093594,0.503929913]}
{"name":"splash46","class":"ParticleEmitterNode","persistentId":"b59a511b-8f98-4430-9eda-e1c5a8c3e930","__parent":"waterfall_spashes","position":[370.452728,52.9524536,181.524643],"dataBlock":"lightExampleEmitterNodeData1","emitter":"BNGP_23","rotationMatrix":[0.736102939,0.590841413,0.33024025,-0.283487678,0.712153971,-0.64223963,-0.614643753,0.379136086,0.691714466],"velocity":0.5}
{"name":"splash13","class":"ParticleEmitterNode","persistentId":"be97829a-b659-44e5-ab13-344ca5ce2b88","__parent":"waterfall_spashes","position":[460.334259,847.056152,155.588898],"dataBlock":"lightExampleEmitterNodeData1","emitter":"BNGP_23","rotationMatrix":[0.949227691,-0.314112335,0.0173322782,0.143737197,0.384038597,-0.912060201,0.279833049,0.86824429,0.409689605],"velocity":5}
{"name":"splash8","class":"ParticleEmitterNode","persistentId":"caad4731-b54f-4237-b14d-fa0ec52bfcb8","__parent":"waterfall_spashes","position":[196.61795,693.291199,165.303711],"dataBlock":"lightExampleEmitterNodeData1","emitter":"BNGP_23","rotationMatrix":[0.340659887,0.124171071,-0.931951046,-0.209438652,0.976355433,0.0535305068,0.916562557,0.176950797,0.358611226],"velocity":4}
{"name":"splash11","class":"ParticleEmitterNode","persistentId":"ce476d4b-b2e2-4990-a78f-9e426dd2199a","__parent":"waterfall_spashes","position":[455.085541,850.308594,155.557587],"dataBlock":"lightExampleEmitterNodeData1","emitter":"BNGP_23","rotationMatrix":[1,0,0,0,-0.0550947934,-0.998481333,0,0.998481333,-0.0550947934],"velocity":5}
{"name":"splash12","class":"ParticleEmitterNode","persistentId":"d4442bc1-04a7-48cc-b68c-3ff5a079627d","__parent":"waterfall_spashes","position":[456.695526,857.813782,149.672546],"dataBlock":"lightExampleEmitterNodeData1","emitter":"BNGP_23","rotationMatrix":[0.949227691,-0.314112335,0.0173322782,0.22944203,0.653561532,-0.721258461,0.215228364,0.688615501,0.692449152],"velocity":5}
{"name":"splash43","class":"ParticleEmitterNode","persistentId":"e1ff9a1b-bab9-4c18-9bac-be7b3405d196","__parent":"waterfall_spashes","position":[357.838531,53.4932137,181.487274],"dataBlock":"lightExampleEmitterNodeData1","emitter":"BNGP_23","rotationMatrix":[0.981969297,0.177467704,-0.0651244074,-0.164086387,0.62910682,-0.75980252,-0.09387023,0.756789684,0.64688319],"velocity":0.5}
{"name":"splash15","class":"ParticleEmitterNode","persistentId":"ed0805d7-6d57-4e02-b6b5-d1862c25173d","__parent":"waterfall_spashes","position":[451.638611,858.757385,149.101028],"dataBlock":"lightExampleEmitterNodeData1","emitter":"BNGP_23","rotationMatrix":[0.888950765,-0.449761063,-0.0864966959,0.333956003,0.76576376,-0.549617469,0.313432515,0.459696859,0.830926418],"velocity":2}
{"name":"splash24","class":"ParticleEmitterNode","persistentId":"ef0ec6a1-dd26-4f03-9d3e-065b57423261","__parent":"waterfall_spashes","position":[413.178192,649.630371,165.493851],"dataBlock":"lightExampleEmitterNodeData1","emitter":"BNGP_23","rotationMatrix":[0.930607021,-0.156746879,-0.330757201,-0.136836961,0.689144433,-0.711586595,0.339478493,0.707467794,0.619873464],"velocity":0.5}
{"name":"splash10","class":"ParticleEmitterNode","persistentId":"f1f1c97a-2c36-4992-8604-b161fd2cd109","__parent":"waterfall_spashes","position":[445.16864,851.598755,155.402756],"dataBlock":"lightExampleEmitterNodeData1","emitter":"BNGP_23","rotationMatrix":[1,0,0,0,-0.0550947934,-0.998481333,0,0.998481333,-0.0550947934],"velocity":5}
{"name":"splash16","class":"ParticleEmitterNode","persistentId":"f66a41aa-82af-43fe-8a67-041de0d30d37","__parent":"waterfall_spashes","position":[409.582916,686.970337,159.262177],"dataBlock":"lightExampleEmitterNodeData1","emitter":"BNGP_23","rotationMatrix":[0.957007527,0.0794019997,0.278983474,0.193816751,0.540527582,-0.818697095,-0.215804487,0.837571383,0.501899421]}
{"name":"splash21","class":"ParticleEmitterNode","persistentId":"f6a2b048-f74d-4dfa-856e-84b19cbac11f","__parent":"waterfall_spashes","position":[415.40036,661.186035,163.617203],"dataBlock":"lightExampleEmitterNodeData1","emitter":"BNGP_23","rotationMatrix":[0.809916735,0.525622547,0.260299236,-0.164086387,0.62910682,-0.75980252,-0.563125432,0.572665811,0.595771313],"velocity":0.5}
{"name":"splash19","class":"ParticleEmitterNode","persistentId":"f78738cb-8bab-404f-a7cb-2da1023e3767","__parent":"waterfall_spashes","position":[416.61145,675.397583,160.800064],"dataBlock":"lightExampleEmitterNodeData1","emitter":"BNGP_23","rotationMatrix":[0.940300941,0.33257556,0.0723014101,-0.164086387,0.62910682,-0.75980252,-0.298177153,0.702579856,0.646120548]}
{"name":"splash9","class":"ParticleEmitterNode","persistentId":"fafdc07d-6c1e-47f8-8f28-728814f122b4","__parent":"waterfall_spashes","position":[451.746155,852.878052,154.218674],"dataBlock":"lightExampleEmitterNodeData1","emitter":"BNGP_23","rotationMatrix":[1,0,0,0,-0.0550947934,-0.998481333,0,0.998481333,-0.0550947934],"velocity":5}
{"name":"splash14","class":"ParticleEmitterNode","persistentId":"fb233e59-7cc6-4aff-a069-ad47226707d7","__parent":"waterfall_spashes","position":[447.791504,858.737305,148.919205],"dataBlock":"lightExampleEmitterNodeData1","emitter":"BNGP_23","rotationMatrix":[0.949227691,-0.314112335,0.0173322782,0.193816751,0.540527582,-0.818697095,0.247794226,0.780489385,0.573963702],"velocity":5}
