models=nascarToyota,nascarFusion,nascarChevySS,nascar,nascarToyota,nascarFusion,nascarChevySS,nascar,nascarToyota,nascarFusion,nascarChevySS,nascar
configs=vehicles/nascarToyota/superspeedway.pc,vehicles/nascarFusion/superspeedway.pc,vehicles/nascarChevySS/superspeedway.pc,vehicles/nascar/superspeedway.pc,vehicles/nascarToyota/speedway.pc,vehicles/nascarFusion/speedway.pc,vehicles/nascarChevySS/speedway.pc,vehicles/nascar/speedway.pc,vehicles/nascarToyota/road_course.pc,vehicles/nascarFusion/road_course.pc,vehicles/nascarChevySS/road_course.pc,vehicles/nascar/road_course.pc
waypoints=tr_wp1,tr_wp2,tr_wp3,tr_wp4,tr_wp5,tr_wp6,tr_wp7,tr_wp8,tr_wp9
triggers=speedwaycp_mid,speedwaycp_last,speedwaycp_start
laps=3,7
opcount=9
risk=1.8
aispd=115.0
aispdmode=set
scount=10
spos1=150.20115661621,-323.85241699219,10.930646896362
srot1=0.094989344808795,0.095569877889439,0.69779535899938,0.70350910425659
spos2=144.38493347168,-328.01333618164,11.979548454285
srot2=0.092975379716556,0.096966323216669,0.71705740338707,0.68394575163254
spos3=138.81817626953,-323.88525390625,10.85155582428
srot3=0.095702903190051,0.094513875581001,0.70609700327625,0.69522306032521
spos4=133.06010437012,-327.61929321289,11.828399658203
srot4=0.095209390874514,0.094502841748303,0.71640103607149,0.6846706801861
spos5=126.00862121582,-323.41293334961,10.721892356873
srot5=0.096992242990874,0.091842942962766,0.71567921427376,0.68553675385352
spos6=119.61125183105,-327.20834350586,11.765243530273
srot6=0.099114064840954,0.091512323048034,0.72030247874239,0.6804162226157
spos7=112.98683166504,-322.26165771484,10.514252662659
srot7=0.10083621854343,0.090131577750696,0.71894080330425,0.68178624000949
spos8=106.83000946045,-326.10891723633,11.614864349365
srot8=0.099784670314728,0.088806818221304,0.72198753559786,0.67888906829387
spos9=100.60245513916,-321.66561889648,10.542798042297
srot9=0.10087759905837,0.087806235957143,0.72684441242452,0.67365493768139
spos10=93.86767578125,-325.28872680664,11.638693809509
srot10=0.10158693555877,0.086833646761272,0.73010287576604,0.67014162914422


