{"class":"TSStatic","persistentId":"f39af0d0-60a8-4c7d-a2ba-c90aee0c6b6a","__parent":"speedCamera_007","position":[308.979919,1903.89856,77.4571838],"isRenderEnabled":false,"rotationMatrix":[0.357514322,-0.933906794,-0.00139218848,0.93390727,0.357515335,-0.000553236168,0.00101439981,-0.00110238465,0.999998868],"scale":[0.849926591,0.849926591,0.849926591],"shapeName":"/levels/west_coast_usa/art/shapes/objects/s_sign_speedcam.dae","useInstanceRenderData":true}
{"class":"TSStatic","persistentId":"4a5711a5-9983-4e73-bb33-8e5078331a5b","__parent":"speedCamera_007","position":[402.308777,1814.19324,72.4549026],"isRenderEnabled":false,"rotationMatrix":[-0.980675578,-0.195641801,0,0.195641801,-0.980675578,0,0,0,1],"shapeName":"/levels/west_coast_usa/art/shapes/objects/s_camera_pole.dae","useInstanceRenderData":true}
{"class":"TSStatic","persistentId":"37e9f393-8642-4eaa-9fb2-27a767ffcb38","__parent":"speedCamera_007","position":[402.308777,1814.19324,77.4427643],"isRenderEnabled":false,"rotationMatrix":[-0.980675578,-0.195641801,0,0.195641801,-0.980675578,0,0,0,1],"shapeName":"/levels/west_coast_usa/art/shapes/objects/s_camera_speed1.dae","useInstanceRenderData":true}
{"class":"TSStatic","persistentId":"cec82857-3d8c-4754-8e2f-3da82a926f94","__parent":"speedCamera_007","position":[402.308777,1814.19324,76.6427689],"isRenderEnabled":false,"rotationMatrix":[-0.980675578,-0.195641801,0,0.195641801,-0.980675578,0,0,0,1],"shapeName":"/levels/west_coast_usa/art/shapes/objects/s_camera_elbow.dae","useInstanceRenderData":true}
{"class":"TSStatic","persistentId":"82e45f20-dd9a-459b-9b84-663c68242234","__parent":"speedCamera_007","position":[402.768524,1814.28479,76.8427658],"isRenderEnabled":false,"rotationMatrix":[-0.980675578,-0.195641801,0,0.195641801,-0.980675578,0,0,0,1],"shapeName":"/levels/west_coast_usa/art/shapes/objects/s_camera_light2.dae","useInstanceRenderData":true}
{"name":"speedTrapLight7","class":"SpotLight","persistentId":"979857bb-69be-43e8-b2a7-248978f72ecf","__parent":"speedCamera_007","position":[402.08139,1814.40527,77.5000916],"brightness":2.5,"color":[0.706376135,0.956328213,0.990281641,1],"flareScale":5,"flareType":"BNG_Sunflare_3","isEnabled":false,"outerAngle":60,"range":50,"rotationMatrix":[0.958849788,0.278822631,-0.0535255671,-0.283269316,0.952213824,-0.114224866,0.0191193018,0.124686643,0.992011964],"shadowDarkenColor":[0,0,0,0]}
{"name":"speedTrapTrigger7","class":"BeamNGTrigger","persistentId":"68bbd35b-d35c-4c78-bc0a-515479b535cf","__parent":"speedCamera_007","position":[393.014526,1848.005,76.2989044],"luaFunction":"onBeamNGTrigger","rotationMatrix":[-0.967342138,-0.253474087,0,0.253474087,-0.967342138,0,0,0,1],"scale":[11.5505304,9.5470953,8.0629158],"speedLimit":"15.6464","speedTrapLightName":"speedTrapLight7","speedTrapType":"speed"}
