{"class":"TSStatic","persistentId":"105cbf06-2786-4622-8440-b3b6cacf87e0","__parent":"career_garage_exterior_props","position":[875.041321,-523.135376,163.383621],"annotation":"OBSTACLES","decalType":"None","instanceColor":[1,0.768627524,0.215686291,1],"isRenderEnabled":false,"rotationMatrix":[0.807526886,-0.589830756,0,0.589830756,0.807526886,0,0,0,1],"scale":[0.873144507,0.873144507,0.873144507],"shapeName":"/levels/west_coast_usa/art/shapes/objects/bollard_yellow.dae","useInstanceRenderData":true}
{"class":"TSStatic","persistentId":"b65ca966-40d5-4cd5-901d-c521c53060e1","__parent":"career_garage_exterior_props","position":[875.042664,-523.131775,164.692398],"annotation":"POLE","isRenderEnabled":false,"rotationMatrix":[-0.413926959,0.910310209,-8.74227837e-08,0.910310209,0.41392678,-8.74227979e-08,-4.33952252e-08,-1.15768493e-07,-1.00000024],"shapeName":"/levels/west_coast_usa/art/shapes/objects/pole_fence1.dae","useInstanceRenderData":true}
{"class":"TSStatic","persistentId":"28b18e95-73ed-419c-8233-c0b5a0ffc728","__parent":"career_garage_exterior_props","position":[875.072754,-523.143372,165.839859],"isRenderEnabled":false,"rotationMatrix":[0.745614886,0.666377187,0,-0.666377187,0.745614886,0,0,0,1],"scale":[0.761328101,0.761328101,0.761328101],"shapeName":"/levels/west_coast_usa/art/shapes/objects/sign_stop.dae","useInstanceRenderData":true}
{"class":"TSStatic","persistentId":"1dd990f8-11c1-474c-8eed-b1cc1b0de3f9","__parent":"career_garage_exterior_props","position":[896.65564,-547.845398,163.326065],"annotation":"OBSTACLES","decalType":"None","instanceColor":[1,0.768627524,0.215686291,1],"isRenderEnabled":false,"rotationMatrix":[-0.93074429,-0.365079403,0.0208177809,0.364149153,-0.930554748,-0.0382675044,0.0333427489,-0.0280364621,0.999050677],"shapeName":"/levels/west_coast_usa/art/shapes/objects/bollard_yellow.dae","useInstanceRenderData":true}
{"class":"TSStatic","persistentId":"3e9b0a30-a52e-478f-9d79-fd1ce0488ff9","__parent":"career_garage_exterior_props","position":[897.339111,-542.576416,163.326065],"annotation":"OBSTACLES","decalType":"None","instanceColor":[1,0.768627524,0.215686291,1],"isRenderEnabled":false,"rotationMatrix":[-0.459765911,-0.887848198,0.0184972268,0.887392581,-0.460126281,-0.0286251027,0.0339257866,0.00325346552,0.999419034],"shapeName":"/levels/west_coast_usa/art/shapes/objects/bollard_yellow.dae","useInstanceRenderData":true}
{"class":"TSStatic","persistentId":"96232394-8129-4d1d-8486-ae1e881766a9","__parent":"career_garage_exterior_props","position":[918.459656,-532.301636,163.326126],"annotation":"OBSTACLES","decalType":"None","instanceColor":[1,0.768627524,0.215686291,1],"isRenderEnabled":false,"rotationMatrix":[-0.522870541,0.852247119,0.0167635437,-0.852144241,-0.523098111,0.0147759886,0.0213617738,-0.00655902643,0.999750316],"shapeName":"/levels/west_coast_usa/art/shapes/objects/bollard_yellow.dae","useInstanceRenderData":true}
{"class":"TSStatic","persistentId":"cca5699e-7d0c-4341-904c-96b710ed9b95","__parent":"career_garage_exterior_props","position":[913.264893,-531.596313,163.32608],"annotation":"OBSTACLES","decalType":"None","instanceColor":[1,0.768627524,0.215686291,1],"isRenderEnabled":false,"rotationMatrix":[-0.687141418,0.726122499,0.024141565,-0.726389647,-0.685997009,-0.042025689,-0.0139547586,-0.0464137755,0.998824835],"shapeName":"/levels/west_coast_usa/art/shapes/objects/bollard_yellow.dae","useInstanceRenderData":true}
{"class":"TSStatic","persistentId":"4f9a37dd-edff-433c-941d-a6ef1b8c660e","__parent":"career_garage_exterior_props","collisionType":"Visible Mesh Final","decalType":"Visible Mesh Final","isRenderEnabled":false,"shapeName":"/levels/west_coast_usa/art/shapes/buildings/garage_curbs.dae","useInstanceRenderData":true}
{"class":"TSStatic","persistentId":"a0966f5f-6fbb-4a79-9df4-9a0cfb32af94","__parent":"career_garage_exterior_props","position":[930.245361,-515.710266,163.06076],"annotation":"OBSTACLES","decalType":"None","instanceColor":[1,0.768627524,0.215686291,1],"isRenderEnabled":false,"rotationMatrix":[0.959733367,0.278829873,0.034142904,-0.277085006,0.959633946,-0.0482344106,-0.0462138876,0.0368316844,0.998252332],"shapeName":"/levels/west_coast_usa/art/shapes/objects/bollard_yellow.dae","useInstanceRenderData":true}
{"class":"TSStatic","persistentId":"2d6c9f3c-b6db-47c8-9a35-ab9514e9029d","__parent":"career_garage_exterior_props","position":[931.472168,-506.832733,162.905182],"annotation":"OBSTACLES","decalType":"None","instanceColor":[1,0.768627524,0.215686291,1],"isRenderEnabled":false,"rotationMatrix":[0.960285544,0.279019058,0,-0.279019058,0.960285544,0,0,0,1],"shapeName":"/levels/west_coast_usa/art/shapes/objects/bollard_yellow.dae","useInstanceRenderData":true}
{"class":"TSStatic","persistentId":"418e762c-0f05-409f-a744-18e2b3652beb","__parent":"career_garage_exterior_props","position":[930.299988,-507.757355,162.900635],"annotation":"OBSTACLES","decalType":"None","instanceColor":[1,0.768627524,0.215686291,1],"isRenderEnabled":false,"rotationMatrix":[0.960285544,0.279019058,0,-0.279019058,0.960285544,0,0,0,1],"shapeName":"/levels/west_coast_usa/art/shapes/objects/bollard_yellow.dae","useInstanceRenderData":true}
{"class":"TSStatic","persistentId":"533a4c5d-2147-4545-8a5e-971e0b640bbd","__parent":"career_garage_exterior_props","position":[930.954834,-505.54303,162.821198],"annotation":"OBSTACLES","decalType":"None","instanceColor":[1,0.768627524,0.215686291,1],"isRenderEnabled":false,"rotationMatrix":[0.960285544,0.279019058,0,-0.279019058,0.960285544,0,0,0,1],"shapeName":"/levels/west_coast_usa/art/shapes/objects/bollard_yellow.dae","useInstanceRenderData":true}
{"class":"TSStatic","persistentId":"7292be88-96b6-4ad4-b6b0-8984f6d133a9","__parent":"career_garage_exterior_props","position":[884.638611,-521.353699,163.198181],"annotation":"OBSTACLES","decalType":"None","instanceColor":[1,0.768627524,0.215686291,1],"isRenderEnabled":false,"rotationMatrix":[-0.459765911,-0.887848198,0.0184972268,0.887392581,-0.460126281,-0.0286251027,0.0339257866,0.00325346552,0.999419034],"shapeName":"/levels/west_coast_usa/art/shapes/objects/bollard_yellow.dae","useInstanceRenderData":true}
{"class":"TSStatic","persistentId":"9a98538b-f5eb-4d31-a945-fa2f9bad0412","__parent":"career_garage_exterior_props","position":[885.169067,-517.204956,163.194412],"annotation":"OBSTACLES","decalType":"None","instanceColor":[1,0.768627524,0.215686291,1],"isRenderEnabled":false,"rotationMatrix":[-0.459765911,-0.887848198,0.0184972268,0.887392581,-0.460126281,-0.0286251027,0.0339257866,0.00325346552,0.999419034],"shapeName":"/levels/west_coast_usa/art/shapes/objects/bollard_yellow.dae","useInstanceRenderData":true}
{"class":"TSStatic","persistentId":"8a5bbad3-9594-432b-b188-4346bdaae3e1","__parent":"career_garage_exterior_props","position":[886.201416,-509.599854,163.287048],"annotation":"OBSTACLES","decalType":"None","instanceColor":[1,0.768627524,0.215686291,1],"isRenderEnabled":false,"rotationMatrix":[-0.459765911,-0.887848198,0.0184972268,0.887392581,-0.460126281,-0.0286251027,0.0339257866,0.00325346552,0.999419034],"shapeName":"/levels/west_coast_usa/art/shapes/objects/bollard_yellow.dae","useInstanceRenderData":true}
{"class":"TSStatic","persistentId":"759a0f78-8241-43ee-9017-1edb6c74248e","__parent":"career_garage_exterior_props","position":[887.378235,-500.817352,163.311325],"annotation":"OBSTACLES","decalType":"None","instanceColor":[1,0.768627524,0.215686291,1],"isRenderEnabled":false,"rotationMatrix":[-0.459765911,-0.887848198,0.0184972268,0.887392581,-0.460126281,-0.0286251027,0.0339257866,0.00325346552,0.999419034],"shapeName":"/levels/west_coast_usa/art/shapes/objects/bollard_yellow.dae","useInstanceRenderData":true}
{"class":"TSStatic","persistentId":"6654087d-4839-4a2b-bd80-813a28fa4ab9","__parent":"career_garage_exterior_props","position":[885.031372,-518.321106,163.194412],"annotation":"OBSTACLES","decalType":"None","instanceColor":[1,0.768627524,0.215686291,1],"isRenderEnabled":false,"rotationMatrix":[-0.459765911,-0.887848198,0.0184972268,0.887392581,-0.460126281,-0.0286251027,0.0339257866,0.00325346552,0.999419034],"shapeName":"/levels/west_coast_usa/art/shapes/objects/bollard_yellow.dae","useInstanceRenderData":true}
{"class":"TSStatic","persistentId":"38dddba6-017a-42ee-b61f-7eb572033ec5","__parent":"career_garage_exterior_props","position":[885.604004,-514.193176,163.194412],"annotation":"OBSTACLES","decalType":"None","instanceColor":[1,0.768627524,0.215686291,1],"isRenderEnabled":false,"rotationMatrix":[-0.459765911,-0.887848198,0.0184972268,0.887392581,-0.460126281,-0.0286251027,0.0339257866,0.00325346552,0.999419034],"shapeName":"/levels/west_coast_usa/art/shapes/objects/bollard_yellow.dae","useInstanceRenderData":true}
{"class":"TSStatic","persistentId":"93840afd-29b8-487b-9ce5-a8863b08cf55","__parent":"career_garage_exterior_props","position":[885.787292,-512.586182,163.194412],"annotation":"OBSTACLES","decalType":"None","instanceColor":[1,0.768627524,0.215686291,1],"isRenderEnabled":false,"rotationMatrix":[-0.459765911,-0.887848198,0.0184972268,0.887392581,-0.460126281,-0.0286251027,0.0339257866,0.00325346552,0.999419034],"shapeName":"/levels/west_coast_usa/art/shapes/objects/bollard_yellow.dae","useInstanceRenderData":true}
{"class":"TSStatic","persistentId":"6eb22e84-88e7-4e70-a82d-e20d81a6938f","__parent":"career_garage_exterior_props","position":[886.361267,-508.431458,163.287048],"annotation":"OBSTACLES","decalType":"None","instanceColor":[1,0.768627524,0.215686291,1],"isRenderEnabled":false,"rotationMatrix":[-0.459765911,-0.887848198,0.0184972268,0.887392581,-0.460126281,-0.0286251027,0.0339257866,0.00325346552,0.999419034],"shapeName":"/levels/west_coast_usa/art/shapes/objects/bollard_yellow.dae","useInstanceRenderData":true}
{"class":"TSStatic","persistentId":"754ed050-aca2-4650-b7ce-3abacbb62a4c","__parent":"career_garage_exterior_props","position":[886.774963,-505.445343,163.287048],"annotation":"OBSTACLES","decalType":"None","instanceColor":[1,0.768627524,0.215686291,1],"isRenderEnabled":false,"rotationMatrix":[-0.459765911,-0.887848198,0.0184972268,0.887392581,-0.460126281,-0.0286251027,0.0339257866,0.00325346552,0.999419034],"shapeName":"/levels/west_coast_usa/art/shapes/objects/bollard_yellow.dae","useInstanceRenderData":true}
{"class":"TSStatic","persistentId":"9bb5ca22-d06e-4725-86ab-1d5cd81f4569","__parent":"career_garage_exterior_props","position":[886.955444,-503.834656,163.285248],"annotation":"OBSTACLES","decalType":"None","instanceColor":[1,0.768627524,0.215686291,1],"isRenderEnabled":false,"rotationMatrix":[-0.459765911,-0.887848198,0.0184972268,0.887392581,-0.460126281,-0.0286251027,0.0339257866,0.00325346552,0.999419034],"shapeName":"/levels/west_coast_usa/art/shapes/objects/bollard_yellow.dae","useInstanceRenderData":true}
{"class":"TSStatic","persistentId":"a4c95910-2cd9-4af8-b621-65b5c22456d0","__parent":"career_garage_exterior_props","position":[928.804077,-529.744385,165.951782],"isRenderEnabled":false,"rotationMatrix":[-0.719371915,-0.694625676,0,0.694625676,-0.719371915,0,0,0,1],"scale":[0.761328101,0.761328101,0.761328101],"shapeName":"/levels/west_coast_usa/art/shapes/objects/sign_stop.dae","useInstanceRenderData":true}
{"class":"TSStatic","persistentId":"536bf8fc-bf56-4197-b872-344031a60849","__parent":"career_garage_exterior_props","position":[928.835754,-529.75116,163.857239],"annotation":"OBSTACLES","decalType":"None","instanceColor":[1,0.768627524,0.215686291,1],"isRenderEnabled":false,"rotationMatrix":[-0.829665422,0.558261156,0,-0.558261156,-0.829665422,0,0,0,1],"scale":[0.873144507,0.873144507,0.873144507],"shapeName":"/levels/west_coast_usa/art/shapes/objects/bollard_yellow.dae","useInstanceRenderData":true}
{"class":"TSStatic","persistentId":"d3ec5f4a-7ab0-4955-8e4c-aaa4aaa65258","__parent":"career_garage_exterior_props","position":[928.834534,-529.754761,164.804321],"annotation":"POLE","isRenderEnabled":false,"rotationMatrix":[0.448712528,-0.893676341,-8.74228121e-08,-0.893676341,-0.448713064,-8.74228263e-08,3.88999624e-08,1.17355405e-07,-1.00000048],"shapeName":"/levels/west_coast_usa/art/shapes/objects/pole_fence1.dae","useInstanceRenderData":true}
{"class":"TSStatic","persistentId":"6ff2aa09-c832-4259-bb6b-c1a7208c9505","__parent":"career_garage_exterior_props","position":[895.37207,-501.749237,162.833984],"annotation":"OBSTACLES","decalType":"None","instanceColor":[1,0.768627524,0.215686291,1],"isRenderEnabled":false,"rotationMatrix":[-0.461163998,-0.887127459,0.0182651989,0.887208998,-0.460692167,0.0249762852,-0.013742514,0.027723195,0.999521196],"shapeName":"/levels/west_coast_usa/art/shapes/objects/bollard_yellow.dae","useInstanceRenderData":true}
{"class":"TSStatic","persistentId":"dd8e3695-ff26-4403-9229-c9091724184d","__parent":"career_garage_exterior_props","position":[884.331116,-522.478943,163.198181],"annotation":"OBSTACLES","decalType":"None","instanceColor":[1,0.768627524,0.215686291,1],"isRenderEnabled":false,"rotationMatrix":[-0.459765911,-0.887848198,0.0184972268,0.887392581,-0.460126281,-0.0286251027,0.0339257866,0.00325346552,0.999419034],"shapeName":"/levels/west_coast_usa/art/shapes/objects/bollard_yellow.dae","useInstanceRenderData":true}
{"class":"TSStatic","persistentId":"5579c369-1465-4d43-bd45-4149f55a7445","__parent":"career_garage_exterior_props","position":[934.054688,-503.218781,163.118591],"annotation":"OBSTACLES","decalType":"None","instanceColor":[1,0.768627524,0.215686291,1],"isRenderEnabled":false,"rotationMatrix":[0.955418646,0.282127649,0.0870588049,-0.283548027,0.958949089,0.00414690096,-0.0823150054,-0.0286473818,0.996194541],"shapeName":"/levels/west_coast_usa/art/shapes/objects/bollard_yellow.dae","useInstanceRenderData":true}
{"class":"TSStatic","persistentId":"60871ec9-519c-4a4a-80f4-f1653909e2e5","__parent":"career_garage_exterior_props","position":[933.60553,-504.381287,163.123123],"annotation":"OBSTACLES","decalType":"None","instanceColor":[1,0.768627524,0.215686291,1],"isRenderEnabled":false,"rotationMatrix":[0.960285544,0.279019058,0,-0.279019058,0.960285544,0,0,0,1],"shapeName":"/levels/west_coast_usa/art/shapes/objects/bollard_yellow.dae","useInstanceRenderData":true}
