id=0
list=barnfind_all
slotp=147.20706176758,-21.306827545166,171.5085144043
slotr=0.0073849564638867,-0.0017153755805838,-0.72169572069029,0.69216891481918