id=1
list=barnfind_all
slotp=-805.10968017578,-82.646697998047,296.83309936523
slotr=-0.00058915111721207,-0.0038996549590411,0.99018364987899,-0.13971680322881