club=utahPureDragRaceClub
opsp=-880.21215820313,-918.36120605469,135.77862548828
opsr=-0.00087274717782023,-0.023726537893826,0.66299334733663,0.74824869602246
pspos=-880.17474365234,-922.35980224609,135.53439331055
psrot=-0.009457606770757,-0.017942647609448,0.66318667734975,0.74817915371703
psscl=3.5,6.2,10
cname=Pure Drag Race Club
hours=0,0
restricted=1