club=utahHighwayRaceClub
opsp=802.915,-656.194,148.231
opsr=0.000,0.001,-0.865,0.500
pspos=798.91265869141,-649.89001464844,148.05644226074
psrot=-0.025845524059239,0.0061294766979579,0.8771995641456,-0.47939061637069
psscl=3.5,6.2,10
cname=Highway Race Club
hours=0,0
restricted=1
id=1