hours=18,23
id=0
pspos=-526.84436035156,253.58360290527,298.68795776367
psrot=-0.0007577449325884,-0.0034713656247275,0.99511232622907,-0.098685528981153
slots=4
slotp1=-529.96484375,254.6494140625,298.6891784668
slotr1=-0.0012919310894324,-0.0040941937400127,0.99463223558064,-0.10338415950009
slotp2=-533.17138671875,255.29808044434,298.68884277344
slotr2=-0.0006662195166846,-0.0036171617485829,0.99527150054739,-0.097062415437599
slotp3=-536.30944824219,255.95388793945,298.68966674805
slotr3=-0.00060180032381093,-0.004185296603149,0.99526409552193,-0.097115916788304
slotp4=-539.53985595703,256.62100219727,298.69226074219
slotr4=-0.00061926157679603,-0.0047590524990505,0.99516800778098,-0.098069384741851