club=utahNightRaceClub
opsp=802.915,-656.194,148.231
opsr=0.000,0.001,-0.865,0.500
pspos=798.91265869141,-649.89001464844,148.05644226074
psrot=-0.025845524059239,0.0061294766979579,0.8771995641456,-0.47939061637069
psscl=3.5,5.8,10
cname=High Stakes Drag Club
hours=20,7