club=utahOffroadRaceClub
opsp=688.94592285156,294.14837646484,143.1449432373
opsr=-0.065312106586863,0.0063943766556368,0.9680920063189,-0.24184976324531
pspos=693.78619384766,292.59509277344,143.34703063965
psrot=-0.023846672043023,-0.010276400379084,0.96106107051127,-0.27511334132582
psscl=3.5,6.2,10
cname=Offroad Racing Club
hours=0,0
restricted=1