hours=9,14
id=1
pspos=904.64508056641,757.41046142578,236.25680541992
psrot=0.0025994779165978,-0.0034063333750951,0.76727208182168,0.64130740839673
slots=4
slotp1=905.16381835938,760.51898193359,236.25604248047
slotr1=0.0017224606582888,-0.0037466408679055,0.76319290153606,0.64615755884804
slotp2=905.73345947266,763.63171386719,236.2572479248
slotr2=0.0022909636387294,-0.0037154972245588,0.76902561241356,0.63920306164624
slotp3=906.35858154297,766.89996337891,236.25630187988
slotr3=0.002738157667129,-0.0030015186046582,0.76161966944281,0.64801155274924
slotp4=906.96148681641,770.10711669922,236.25550842285
slotr4=0.0026003737368765,-0.0026564472935754,0.76459444067923,0.64450098729685