{"class":"TSStatic","persistentId":"fa875034-5e1e-4b69-a9d1-9218e485f09c","__parent":"speedCamera_004","position":[-431.657379,673.97467,74.9806137],"isRenderEnabled":false,"rotationMatrix":[0.954767525,0.297353238,-1.58018469e-08,-0.297353238,0.954767525,-3.27156591e-09,1.41142804e-08,7.82231346e-09,1],"scale":[1,1,0.819519043],"shapeName":"/levels/west_coast_usa/art/shapes/objects/pole_traffic1.dae","useInstanceRenderData":true}
{"class":"TSStatic","persistentId":"d714f3c9-36c1-4566-b299-d3a52faa5b75","__parent":"speedCamera_004","position":[-431.704834,674.035583,77.4460526],"isRenderEnabled":false,"rotationMatrix":[-0.953543186,-0.301256061,1.40175906e-08,0.301256061,-0.953543186,-2.85287296e-08,2.19608332e-08,-2.29804922e-08,1],"scale":[0.882788062,0.882788062,0.882788062],"shapeName":"/levels/west_coast_usa/art/shapes/objects/s_sign_speedcam.dae","useInstanceRenderData":true}
{"class":"TSStatic","persistentId":"0c0153b9-a555-48cb-8682-2c555a411db4","__parent":"speedCamera_004","position":[-408.525421,650.606628,72.5941238],"isRenderEnabled":false,"rotationMatrix":[-0.865235329,-0.501366675,0,0.501366675,-0.865235329,0,0,0,1],"shapeName":"/levels/west_coast_usa/art/shapes/objects/s_camera_pole.dae","useInstanceRenderData":true}
{"class":"TSStatic","persistentId":"1a5d002c-6c9b-4bab-867f-3026a6275993","__parent":"speedCamera_004","position":[-408.525421,650.606628,77.5819855],"isRenderEnabled":false,"rotationMatrix":[-0.865235329,-0.501366675,0,0.501366675,-0.865235329,0,0,0,1],"shapeName":"/levels/west_coast_usa/art/shapes/objects/s_camera_speed1.dae","useInstanceRenderData":true}
{"class":"TSStatic","persistentId":"794f1fdb-61c0-42be-b8e5-5a15dabe1dba","__parent":"speedCamera_004","position":[-408.525421,650.606628,76.7819901],"isRenderEnabled":false,"rotationMatrix":[-0.865235329,-0.501366675,0,0.501366675,-0.865235329,0,0,0,1],"shapeName":"/levels/west_coast_usa/art/shapes/objects/s_camera_elbow.dae","useInstanceRenderData":true}
{"class":"TSStatic","persistentId":"3cac09c4-dffe-4f8a-9ffc-69ad9e8316dc","__parent":"speedCamera_004","position":[-408.120026,650.841614,76.981987],"isRenderEnabled":false,"rotationMatrix":[-0.865235329,-0.501366675,0,0.501366675,-0.865235329,0,0,0,1],"shapeName":"/levels/west_coast_usa/art/shapes/objects/s_camera_light2.dae","useInstanceRenderData":true}
{"name":"speedTrapLight4","class":"SpotLight","persistentId":"8fb59cf0-a12e-45b6-be9e-372a89c8ab2a","__parent":"speedCamera_004","position":[-408.827911,650.734802,77.6441422],"brightness":2.5,"color":[0.706376135,0.956328213,0.990281641,1],"flareScale":5,"flareType":"BNG_Sunflare_3","isEnabled":false,"outerAngle":60,"range":50,"rotationMatrix":[0.817757785,0.573068142,-0.0535255745,-0.575137973,0.8100425,-0.114224933,-0.0221007019,0.124192916,0.992011905],"shadowDarkenColor":[0,0,0,0]}
{"name":"speedTrapTrigger4","class":"BeamNGTrigger","persistentId":"dbe59e36-13ff-48fc-b7b5-fade5654269b","__parent":"speedCamera_004","position":[-423.745789,672.791504,77.971817],"luaFunction":"onBeamNGTrigger","rotationMatrix":[-0.648235559,-0.761440158,0,0.761440158,-0.648235559,0,0,0,1],"scale":[9.5470953,9.5470953,8.0629158],"speedLimit":"15.6464","speedTrapLightName":"speedTrapLight4","speedTrapType":"speed"}
