{"class":"TSStatic","persistentId":"5c8742be-8592-4b07-879c-3b95e5e1dc65","__parent":"steel_factory","position":[-990.602051,-343.043945,104.104904],"isRenderEnabled":false,"rotationMatrix":[-0.702055335,0.712014556,-0.0123773962,0.655905962,0.653304935,0.378126919,0.27731812,0.257347703,-0.925670862],"scale":[0.391992211,0.391992211,0.391992211],"shapeName":"/levels/west_coast_usa/art/shapes/objects/light_city.dae","useInstanceRenderData":true}
{"class":"TSStatic","persistentId":"0c5b546a-a402-4c9d-9def-f01ab1916088","__parent":"steel_factory","position":[-988.958679,-344.633148,104.105164],"isRenderEnabled":false,"rotationMatrix":[-0.710995674,0.702930093,-0.0193469375,0.641800523,0.65991658,0.390643239,0.287362278,0.265328765,-0.92033875],"scale":[0.391992211,0.391992211,0.391992211],"shapeName":"/levels/west_coast_usa/art/shapes/objects/light_city.dae","useInstanceRenderData":true}
{"class":"TSStatic","persistentId":"5177a7bd-dd6a-4dd3-b380-2b077bfdff0e","__parent":"steel_factory","position":[-990.321411,-344.419312,103.256668],"isRenderEnabled":false,"rotationMatrix":[-0.720070124,0.693901718,0,-0.693901718,-0.720070124,0,0,0,1],"scale":[0.699999988,0.699999988,0.506005824],"shapeName":"/levels/west_coast_usa/art/shapes/buildings/s_quarry_distributor_02.dae","useInstanceRenderData":true}
{"class":"TSStatic","persistentId":"7b99a9a7-dd1a-4bc3-bf6c-50eb7c51f736","__parent":"steel_factory","position":[-1265.05811,-743.126709,119.12899],"collisionType":"None","decalType":"None","isRenderEnabled":false,"rotationMatrix":[-0.734322071,0.678800941,0,-0.678800941,-0.734322071,0,0,0,1],"scale":[1.70000005,1,1.5],"shapeName":"/levels/west_coast_usa/art/shapes/buildings/steel_factory/s_steel_factory_brand.dae","useInstanceRenderData":true}
{"class":"TSStatic","persistentId":"64ee9d00-b507-45c1-b2dc-34473bddb936","__parent":"steel_factory","position":[-1282.2699,-858.023804,119.921753],"collisionType":"None","decalType":"None","isRenderEnabled":false,"rotationMatrix":[0.678801477,0.734321773,0,-0.734321773,0.678801477,0,0,0,1],"scale":[2,1,2],"shapeName":"/levels/west_coast_usa/art/shapes/buildings/steel_factory/s_steel_factory_brand.dae","useInstanceRenderData":true}
{"class":"TSStatic","persistentId":"33c56fdf-7ef7-4322-8331-4044a09e6f29","__parent":"steel_factory","position":[-989.747681,-343.826935,106.824867],"collisionType":"Visible Mesh Final","isRenderEnabled":false,"rotationMatrix":[-0.720069885,0.693902135,0,-0.693902135,-0.720069885,0,0,0,1],"scale":[1.10000002,1,1],"shapeName":"/levels/west_coast_usa/art/shapes/buildings/steel_factory/s_steel_factory_brand.dae","useInstanceRenderData":true}
{"class":"TSStatic","persistentId":"76f74ac0-e2f1-4485-8f6d-446cfd702235","__parent":"steel_factory","collisionType":"Visible Mesh Final","decalType":"Visible Mesh Final","isRenderEnabled":false,"shapeName":"/levels/west_coast_usa/art/shapes/buildings/steel_factory/s_backdrop_modified.dae","useInstanceRenderData":true}
{"name":"interiors","class":"SimGroup","persistentId":"00e47365-4da7-4a6a-89ae-5bae1806f994","__parent":"steel_factory"}
{"name":"exteriors","class":"SimGroup","persistentId":"a18b9d93-70fe-446a-9d60-ee8b6e9a4487","__parent":"steel_factory"}
{"name":"lights","mapTo":"lights","class":"SimGroup","persistentId":"7543df28-c706-49fa-9a80-5a173496ed01","__parent":"steel_factory","translucentBlendOp":"None"}
{"name":"Steel_factory_decalroads","class":"SimGroup","persistentId":"cba1622b-8243-4650-8510-fe096fb34bdb","__parent":"steel_factory"}
{"name":"zones","class":"SimGroup","persistentId":"cb49990b-b400-43b9-8270-4a91e636ac42","__parent":"steel_factory"}
{"name":"cranes","class":"SimGroup","persistentId":"c21fa060-842e-48dd-bce5-14c51b6d6c92","__parent":"steel_factory"}
{"name":"grounds","class":"SimGroup","persistentId":"53f950ec-9d51-4035-ac4b-56eeb85f049d","__parent":"steel_factory"}
{"name":"Electric_stuff_1","class":"SimGroup","persistentId":"afdd8e50-4a42-4a4e-b709-630db662efa7","__parent":"steel_factory"}
{"class":"TSStatic","persistentId":"72497aec-0ffa-417a-8644-65918b2863d8","__parent":"steel_factory","position":[-1397.75647,-882.630188,98.4736023],"annotation":"OBSTACLES","isRenderEnabled":false,"rotationMatrix":[0.678800821,0.734322429,-3.25841341e-07,0.734322429,-0.678800702,1.42108547e-14,-2.21181352e-07,-2.39272595e-07,-0.999999881],"scale":[0.699999988,0.699999988,0.699999988],"shapeName":"/levels/west_coast_usa/art/shapes/objects/sign_truss1.dae","useInstanceRenderData":true}
{"class":"TSStatic","persistentId":"1b29f12e-b336-4b83-af33-2d4023205460","__parent":"steel_factory","position":[-1387.14673,-871.152649,98.4736023],"annotation":"OBSTACLES","isRenderEnabled":false,"rotationMatrix":[0.678800821,0.734322429,-3.25841341e-07,0.734322429,-0.678800702,1.42108547e-14,-2.21181352e-07,-2.39272595e-07,-0.999999881],"scale":[0.699999988,0.699999988,0.699999988],"shapeName":"/levels/west_coast_usa/art/shapes/objects/sign_truss1.dae","useInstanceRenderData":true}
{"class":"TSStatic","persistentId":"8b69a944-a231-461a-8656-4103d12b6988","__parent":"steel_factory","position":[-1381.40845,-864.944946,98.4736023],"annotation":"OBSTACLES","isRenderEnabled":false,"rotationMatrix":[0.678800821,0.734322429,-3.25841341e-07,0.734322429,-0.678800702,1.42108547e-14,-2.21181352e-07,-2.39272595e-07,-0.999999881],"scale":[0.699999988,0.699999988,0.699999988],"shapeName":"/levels/west_coast_usa/art/shapes/objects/sign_truss1.dae","useInstanceRenderData":true}
{"class":"TSStatic","persistentId":"17727e3a-c4b1-4edb-905a-ad97c244c1db","__parent":"steel_factory","position":[-1375.67688,-858.744629,98.4736023],"annotation":"OBSTACLES","isRenderEnabled":false,"rotationMatrix":[0.678800821,0.734322429,-3.25841341e-07,0.734322429,-0.678800702,1.42108547e-14,-2.21181352e-07,-2.39272595e-07,-0.999999881],"scale":[0.699999988,0.699999988,0.699999988],"shapeName":"/levels/west_coast_usa/art/shapes/objects/sign_truss1.dae","useInstanceRenderData":true}
{"name":"storages","class":"SimGroup","persistentId":"0294691e-c984-4200-ab92-9180604db567","__parent":"steel_factory"}
{"name":"sewers_water","class":"SimGroup","persistentId":"5d391b04-251c-4221-8cce-cfdf3e6388f4","__parent":"steel_factory"}
{"name":"machinery","class":"SimGroup","persistentId":"c6f94270-784a-48f2-883c-7ee451f410fe","__parent":"steel_factory"}
{"name":"props","class":"SimGroup","persistentId":"018788f5-b31e-41be-8e9b-45d7a0ba01a0","__parent":"steel_factory"}
{"name":"steelfactory_ai_roads","class":"SimGroup","persistentId":"c533c60d-5c2e-4ab7-a7e6-583818b1289b","__parent":"steel_factory"}
