{"class":"TSStatic","persistentId":"58c4f42f-0823-40a6-891b-825c8d1eb1cb","__parent":"trail_015_rocks","position":[-969.11908,93.7667847,175.684525],"isRenderEnabled":false,"rotationMatrix":[0.815565169,0.527851701,0.237120211,-0.550669551,0.833870053,0.0377325453,-0.177810252,-0.161348253,0.970747232],"shapeName":"/levels/johnson_valley/art/shapes/rocks/s_rocks_desert_collection_03.dae","useInstanceRenderData":true}
{"class":"TSStatic","persistentId":"e419f729-a46b-4401-900e-663639be836f","__parent":"trail_015_rocks","position":[-964.432373,95.2947006,177.773224],"isRenderEnabled":false,"rotationMatrix":[0.954498291,0,0.298216373,-0.0232007559,0.996969104,0.0742584392,-0.297312528,-0.0777984038,0.95160532],"shapeName":"/levels/johnson_valley/art/shapes/rocks/s_rocks_desert_collection_02.dae","useInstanceRenderData":true}
{"class":"TSStatic","persistentId":"677ab586-8f72-4ff2-a96b-0176f10c94cf","__parent":"trail_015_rocks","position":[-972.257751,98.2145615,175.72406],"isRenderEnabled":false,"rotationMatrix":[1,0,0,0,0.983445942,0.181201622,0,-0.181201622,0.983445942],"shapeName":"/levels/johnson_valley/art/shapes/rocks/s_rocks_desert_collection_03.dae","useInstanceRenderData":true}
{"class":"TSStatic","persistentId":"a7b110bb-a4aa-410a-aba7-f58e01ca7639","__parent":"trail_015_rocks","position":[-974.197815,93.2106247,174.737717],"isRenderEnabled":false,"rotationMatrix":[0.998066068,4.65661287e-10,0.062161956,-0.00927366689,0.988809228,0.148897022,-0.0614663176,-0.149185538,0.986896932],"shapeName":"/levels/johnson_valley/art/shapes/rocks/s_rocks_desert_collection_01.dae","useInstanceRenderData":true}
{"class":"TSStatic","persistentId":"c4089a0d-add6-4e6e-b89f-9e1e35c868e9","__parent":"trail_015_rocks","position":[-978.083252,95.7887344,174.481979],"isRenderEnabled":false,"rotationMatrix":[0.962937713,0,-0.269723892,0,1,0,0.269723892,0,0.962937713],"shapeName":"/levels/johnson_valley/art/shapes/rocks/s_rocks_desert_large_04.dae","useInstanceRenderData":true}
{"class":"TSStatic","persistentId":"48b7fb78-cd9d-4f3f-ab3d-5fd7624adbfa","__parent":"trail_015_rocks","position":[-983.638672,96.5261765,173.438187],"isRenderEnabled":false,"shapeName":"/levels/johnson_valley/art/shapes/rocks/s_rocks_desert_medium_02.dae","useInstanceRenderData":true}
{"class":"TSStatic","persistentId":"338dd711-144a-422b-a786-94838f1a0ed6","__parent":"trail_015_rocks","position":[-982.157043,95.6071396,173.597214],"isRenderEnabled":false,"shapeName":"/levels/johnson_valley/art/shapes/rocks/s_rocks_desert_medium_01.dae","useInstanceRenderData":true}
{"class":"TSStatic","persistentId":"d9f99cea-b7b3-4323-be53-d0d3e93bc8f8","__parent":"trail_015_rocks","position":[-981.011292,92.3990402,173.007004],"isRenderEnabled":false,"rotationMatrix":[0.930259466,0.119605787,-0.346859902,-0.366902351,0.303253531,-0.87944293,0,0.945373774,0.325988114],"shapeName":"/levels/johnson_valley/art/shapes/rocks/s_rocks_desert_medium_03.dae","useInstanceRenderData":true}
{"class":"TSStatic","persistentId":"708401b1-4b0f-43b4-aed0-eb00dc065b52","__parent":"trail_015_rocks","position":[-981.061951,91.2468185,172.918152],"isRenderEnabled":false,"rotationMatrix":[0.977625072,0.190457478,0.0893036723,-0.210354939,0.885151625,0.415038973,-3.7252903e-09,-0.424537987,0.905410111],"shapeName":"/levels/johnson_valley/art/shapes/rocks/s_rocks_desert_small_03.dae","useInstanceRenderData":true}
{"class":"TSStatic","persistentId":"4eccd2c9-d99a-4af2-9f21-d74584186d89","__parent":"trail_015_rocks","position":[-1088.27856,-92.7448502,150.921738],"isRenderEnabled":false,"rotationMatrix":[0.767578065,0.525144696,0.367487252,-0.413143396,0.843710005,-0.342733026,-0.490037084,0.111249372,0.864573419],"shapeName":"/levels/johnson_valley/art/shapes/rocks/s_rocks_desert_collection_03.dae","useInstanceRenderData":true}
{"class":"TSStatic","persistentId":"6979a37c-76c2-4c09-b663-dd0550e11be0","__parent":"trail_015_rocks","position":[-1085.06348,-95.8663177,153.304581],"isRenderEnabled":false,"rotationMatrix":[0.932935536,0.245487213,0.263376683,-0.0427442119,0.801857948,-0.595983863,-0.357497126,0.544756651,0.758574963],"shapeName":"/levels/johnson_valley/art/shapes/rocks/s_rocks_desert_collection_02.dae","useInstanceRenderData":true}
{"class":"TSStatic","persistentId":"7b9e1abb-ccb7-4f88-a8d1-d234c2e2d6b1","__parent":"trail_015_rocks","position":[-1087.18396,-94.8791275,152.131378],"isRenderEnabled":false,"shapeName":"/levels/johnson_valley/art/shapes/rocks/s_rocks_desert_medium_02.dae","useInstanceRenderData":true}
{"class":"TSStatic","persistentId":"203f933a-1f20-47c2-85bf-34a4d726e050","__parent":"trail_015_rocks","position":[-1090.25171,-93.0412216,150.465942],"isRenderEnabled":false,"scale":[1.24765635,1.24765635,1.24765635],"shapeName":"/levels/johnson_valley/art/shapes/rocks/s_rocks_desert_medium_04.dae","useInstanceRenderData":true}
{"class":"TSStatic","persistentId":"3d226269-aff0-4d08-82ad-39dfb502f5c0","__parent":"trail_015_rocks","position":[-1096.67004,-97.2878723,148.76709],"isRenderEnabled":false,"rotationMatrix":[0.957660437,-0.130605921,0.256570846,0.155639425,0.984591067,-0.0797295943,-0.242204189,0.116286419,0.963231325],"shapeName":"/levels/johnson_valley/art/shapes/rocks/s_rocks_desert_collection_03.dae","useInstanceRenderData":true}
{"class":"TSStatic","persistentId":"12c6e956-52c3-4441-a922-5a15d6c2bad0","__parent":"trail_015_rocks","position":[-1175.26575,-72.8793259,130.61235],"isRenderEnabled":false,"shapeName":"/levels/johnson_valley/art/shapes/rocks/s_rocks_desert_collection_03.dae","useInstanceRenderData":true}
{"class":"TSStatic","persistentId":"59cb8588-9fc6-4fb9-8d12-f41b82f5ec00","__parent":"trail_015_rocks","position":[-1176.49597,-80.4834213,131.563293],"isRenderEnabled":false,"rotationMatrix":[0.855716467,-0.516956508,0.0224764757,0.509826839,0.834896207,-0.207424432,0.0884639025,0.188955605,0.977992773],"shapeName":"/levels/johnson_valley/art/shapes/rocks/s_rocks_desert_collection_01.dae","useInstanceRenderData":true}
{"class":"TSStatic","persistentId":"aaf04a0f-fb46-47ff-acc9-7961dc1c4e04","__parent":"trail_015_rocks","position":[-1163.34863,-82.6129684,131.411148],"isRenderEnabled":false,"rotationMatrix":[-0.999999762,0,-3.2584137e-07,0,1,0,3.2584137e-07,0,-0.999999762],"shapeName":"/levels/johnson_valley/art/shapes/rocks/s_rocks_desert_large_06.dae","useInstanceRenderData":true}
{"class":"TSStatic","persistentId":"adb15457-47b2-4401-9a6b-5e219486331c","__parent":"trail_015_rocks","position":[-1161.56482,-80.7938919,131.411148],"isRenderEnabled":false,"rotationMatrix":[0.375878274,-0.926668942,1.22476649e-07,-0.926668942,-0.375877976,-3.01947125e-07,3.2584137e-07,0,-0.999999762],"shapeName":"/levels/johnson_valley/art/shapes/rocks/s_rocks_desert_large_06.dae","useInstanceRenderData":true}
{"class":"TSStatic","persistentId":"27374d4e-63f1-4b1f-9bb8-5a7e79e0bd2d","__parent":"trail_015_rocks","position":[-1161.4447,-82.2202988,132.279099],"isRenderEnabled":false,"shapeName":"/levels/johnson_valley/art/shapes/rocks/s_rocks_desert_medium_04.dae","useInstanceRenderData":true}
{"class":"TSStatic","persistentId":"2f95a0c9-cd4e-4746-ba00-c217f80e2ef9","__parent":"trail_015_rocks","position":[-1150.85498,-86.4072113,133.768646],"isRenderEnabled":false,"rotationMatrix":[-0.999999762,0,-3.2584137e-07,0,1,0,3.2584137e-07,0,-0.999999762],"shapeName":"/levels/johnson_valley/art/shapes/rocks/s_rocks_desert_large_06.dae","useInstanceRenderData":true}
{"class":"TSStatic","persistentId":"331c0b60-1d56-4d3f-a319-5f4e2e39b385","__parent":"trail_015_rocks","position":[-1151.72485,-88.3707352,134.207764],"isRenderEnabled":false,"rotationMatrix":[-0.999999762,0,-3.2584137e-07,0,1,0,3.2584137e-07,0,-0.999999762],"shapeName":"/levels/johnson_valley/art/shapes/rocks/s_rocks_desert_medium_02.dae","useInstanceRenderData":true}
{"class":"TSStatic","persistentId":"20ad33ca-dfc8-4347-9014-0ba1b179333e","__parent":"trail_015_rocks","position":[-1153.3894,-88.8911667,134.426636],"isRenderEnabled":false,"rotationMatrix":[0.275940716,-0.961174667,8.99129162e-08,-0.961174667,-0.275940776,-3.13190526e-07,3.25841427e-07,2.84217094e-14,-1],"shapeName":"/levels/johnson_valley/art/shapes/rocks/s_rocks_desert_medium_02.dae","useInstanceRenderData":true}
{"class":"TSStatic","persistentId":"0d5b8dfe-a38c-4a5f-806d-8c97e085462b","__parent":"trail_015_rocks","position":[-1143.01672,-91.4156799,138.049606],"isRenderEnabled":false,"shapeName":"/levels/johnson_valley/art/shapes/rocks/s_rocks_desert_medium_04.dae","useInstanceRenderData":true}
{"class":"TSStatic","persistentId":"354db816-a394-45d4-bb89-d1c9404b8cff","__parent":"trail_015_rocks","position":[-1143.25879,-92.7441559,137.791718],"isRenderEnabled":false,"shapeName":"/levels/johnson_valley/art/shapes/rocks/s_rocks_desert_medium_05.dae","useInstanceRenderData":true}
{"class":"TSStatic","persistentId":"829338df-f038-4f49-a84e-b74e44f9ebcd","__parent":"trail_015_rocks","position":[-1138.87537,-94.517189,138.893417],"isRenderEnabled":false,"rotationMatrix":[-0.048748374,0.998811126,0,-0.978376269,-0.0477510691,-0.201245338,-0.20100607,-0.00981037319,0.979540884],"shapeName":"/levels/johnson_valley/art/shapes/rocks/s_rocks_desert_low_small.dae","useInstanceRenderData":true}
{"class":"TSStatic","persistentId":"f4d3ddb3-101c-4f83-9c25-cb77982cb14d","__parent":"trail_015_rocks","position":[-1136.90454,-99.1425476,139.481003],"isRenderEnabled":false,"rotationMatrix":[-0.0398179293,0.998268723,-0.0432856381,-0.982486963,-0.0470064878,-0.180303574,-0.182026178,0.0353482291,0.982658088],"shapeName":"/levels/johnson_valley/art/shapes/rocks/s_rocks_desert_low_small.dae","useInstanceRenderData":true}
{"class":"TSStatic","persistentId":"b312c245-51ee-4dca-bd44-b81b9c2a2686","__parent":"trail_015_rocks","position":[-1134.83667,-103.59346,139.953308],"isRenderEnabled":false,"rotationMatrix":[0.989199936,-4.65661287e-10,0.146572396,-0.00737868529,0.99873203,0.0497978888,-0.146386549,-0.0503415801,0.987945676],"shapeName":"/levels/johnson_valley/art/shapes/rocks/s_rocks_desert_collection_01.dae","useInstanceRenderData":true}
{"class":"TSStatic","persistentId":"c9c7f0a0-7b88-4361-a292-10ca394a0e4b","__parent":"trail_015_rocks","position":[-1144.40015,-98.2666321,138.402817],"isRenderEnabled":false,"rotationMatrix":[0.414609075,0.909684777,-0.0239326023,-0.905197382,0.409580231,-0.113408677,-0.0933638364,0.0686839893,0.993260145],"shapeName":"/levels/johnson_valley/art/shapes/rocks/s_rocks_desert_collection_03.dae","useInstanceRenderData":true}
{"class":"TSStatic","persistentId":"ae33c9c3-fd89-4823-8e99-5ec53a557f9f","__parent":"trail_015_rocks","position":[-1131.75232,-92.2213669,140.877075],"isRenderEnabled":false,"rotationMatrix":[0.978491008,0,0.206289321,-0.025070101,0.992587924,0.118914858,-0.204760283,-0.121528819,0.971238375],"shapeName":"/levels/johnson_valley/art/shapes/rocks/s_rocks_desert_collection_03.dae","useInstanceRenderData":true}
{"class":"TSStatic","persistentId":"fa7e58ad-6722-4204-9387-1a0c91e2f98d","__parent":"trail_015_rocks","position":[-1148.27197,-94.5332947,137.466324],"isRenderEnabled":false,"rotationMatrix":[0.996037304,0,0.0889363959,0.00514309993,0.99832648,-0.057599809,-0.0887875631,0.0578289665,0.994370461],"shapeName":"/levels/johnson_valley/art/shapes/rocks/s_rocks_desert_collection_03.dae","useInstanceRenderData":true}
{"class":"TSStatic","persistentId":"a4b67d0d-9ed5-40f5-bd21-5c97066b1a05","__parent":"trail_015_rocks","position":[-1023.38593,174.271286,152.572601],"isRenderEnabled":false,"rotationMatrix":[-0.954470992,0,0.298303485,0,1,0,-0.298303485,0,-0.954470992],"shapeName":"/levels/johnson_valley/art/shapes/rocks/s_rocks_desert_large_06.dae","useInstanceRenderData":true}
{"class":"TSStatic","persistentId":"c7f09166-41f1-48ba-9068-e79d81ef51a7","__parent":"trail_015_rocks","position":[-1023.50464,176.781876,152.698013],"isRenderEnabled":false,"rotationMatrix":[-0.396687627,-0.916889071,-0.0441918783,-0.917938232,0.395944238,0.0248480849,-0.00528542697,0.0504223518,-0.998713732],"shapeName":"/levels/johnson_valley/art/shapes/rocks/s_rocks_desert_medium_01.dae","useInstanceRenderData":true}
{"class":"TSStatic","persistentId":"5793a070-d694-4905-b145-34b7b310e48b","__parent":"trail_015_rocks","position":[-1022.95905,171.985367,153.209137],"isRenderEnabled":false,"rotationMatrix":[-0.997036815,-0.0769272745,2.32830644e-10,0.0768840015,-0.996475935,0.0335386693,-0.00258003804,0.0334392861,0.999437392],"shapeName":"/levels/johnson_valley/art/shapes/rocks/s_rocks_desert_medium_03.dae","useInstanceRenderData":true}
{"class":"TSStatic","persistentId":"8e10429b-7a38-4c0b-9d5a-f70ed368e9ce","__parent":"trail_015_rocks","position":[-1020.93024,174.792007,152.977951],"isRenderEnabled":false,"shapeName":"/levels/johnson_valley/art/shapes/rocks/s_rocks_desert_small_04.dae","useInstanceRenderData":true}
{"class":"TSStatic","persistentId":"c2028215-6e81-49ef-88ac-49347327f9a6","__parent":"trail_015_rocks","position":[-1021.48346,179.611374,152.682373],"isRenderEnabled":false,"shapeName":"/levels/johnson_valley/art/shapes/rocks/s_rocks_desert_small_06.dae","useInstanceRenderData":true}
{"class":"TSStatic","persistentId":"372325df-221e-455a-a9b7-ac136107ec20","__parent":"trail_015_rocks","position":[-1013.58301,202.211594,147.329865],"isRenderEnabled":false,"shapeName":"/levels/johnson_valley/art/shapes/rocks/s_rocks_desert_collection_02.dae","useInstanceRenderData":true}
{"class":"TSStatic","persistentId":"a5d3cf0f-3f42-4282-86e6-2ba026dd03ad","__parent":"trail_015_rocks","position":[-1004.47638,209.06308,145.403503],"isRenderEnabled":false,"rotationMatrix":[0.986323237,-0.00244030938,-0.164804474,-0.00634901877,0.998585761,-0.052784007,0.164700225,0.0531084426,0.984912872],"shapeName":"/levels/johnson_valley/art/shapes/rocks/s_rocks_desert_collection_03.dae","useInstanceRenderData":true}
{"class":"TSStatic","persistentId":"20586dc8-6f7d-45ae-9de5-1e6059b523b0","__parent":"trail_015_rocks","position":[-999.712708,221.736374,143.752808],"isRenderEnabled":false,"rotationMatrix":[0.980472863,0.0109461043,-0.196349397,0.00951124541,0.994641662,0.102943875,0.196424142,-0.102801211,0.97511512],"shapeName":"/levels/johnson_valley/art/shapes/rocks/s_rocks_desert_collection_03.dae","useInstanceRenderData":true}
{"class":"DecalRoad","persistentId":"601cfc86-b024-4d69-907b-9873206b7dc2","__parent":"trail_015_rocks","position":[-996.548523,241.566635,140.231934],"distanceFade":[150,50],"improvedSpline":true,"material":"m_dirt_tiretracks","nodes":[[-996.548523,241.566635,140.231934,3.5],[-995.652161,232.339798,142.058853,3.5]],"renderPriority":4,"startEndFade":[2,10],"textureLength":16}
{"class":"DecalRoad","persistentId":"4e194439-9ac7-41cb-b814-0901c3ac62cd","__parent":"trail_015_rocks","position":[-997.8974,242.030121,140.214493],"distanceFade":[150,50],"improvedSpline":true,"material":"m_dirt_tiretracks","nodes":[[-997.8974,242.030121,140.214493,3.5],[-999.065186,251.138214,137.584793,3.5],[-999.89856,262.115356,135.394135,3.5],[-1000.79779,267.159424,134.088074,3.5],[-1003.27948,271.942688,132.583466,3.5],[-1009.2005,278.444183,130.56192,3.5],[-1012.83936,284.25058,129.394897,3.5],[-1014.24585,285.967163,129.02623,3.5],[-1019.49988,291.358276,128.29715,3.5],[-1027.5415,297.071075,127.386711,3.5],[-1032.9165,304.87677,125.725342,3.5],[-1033.39514,310.288605,124.910126,3.5],[-1029.98608,314.789948,124.744789,3.5]],"renderPriority":4,"startEndFade":[2,5],"textureLength":16}
{"class":"TSStatic","persistentId":"1d040293-a2cd-4f5a-8349-37560fa0d283","__parent":"trail_015_rocks","position":[-1082.02759,169.385376,138.467667],"isRenderEnabled":false,"rotationMatrix":[-0.445519567,0.826773465,-0.343450397,-0.781552851,-0.546288848,-0.301237106,-0.436677903,0.134217635,0.889549375],"shapeName":"/levels/johnson_valley/art/shapes/rocks/s_rocks_desert_low_flat_02.dae","useInstanceRenderData":true}
{"class":"TSStatic","persistentId":"8ae56c81-d509-43ce-946b-404f05f095a0","__parent":"trail_015_rocks","position":[-1076.38416,170.03627,140.325714],"isRenderEnabled":false,"rotationMatrix":[-0.960963488,0,-0.276674569,0,1,0,0.276674569,0,-0.960963488],"shapeName":"/levels/johnson_valley/art/shapes/rocks/s_rocks_desert_medium_02.dae","useInstanceRenderData":true}
{"class":"TSStatic","persistentId":"54a0686c-a4d4-4d68-97b2-c01fc8afbbbb","__parent":"trail_015_rocks","position":[-1076.48413,167.686966,140.205536],"isRenderEnabled":false,"rotationMatrix":[-0.965409517,-1.86264515e-09,-0.260737568,0.0335253328,0.991699278,-0.124131262,0.258573264,-0.128578842,-0.957395911],"shapeName":"/levels/johnson_valley/art/shapes/rocks/s_rocks_desert_large_06.dae","useInstanceRenderData":true}
{"class":"TSStatic","persistentId":"39b54d3e-5a7b-4dea-8594-a89945473752","__parent":"trail_015_rocks","position":[-1077.97888,165.270493,140.492874],"isRenderEnabled":false,"rotationMatrix":[0.525188923,0.850985587,3.87430191e-07,0.104870677,-0.0647207499,-0.99237752,-0.844498992,0.521185637,-0.123234034],"shapeName":"/levels/johnson_valley/art/shapes/rocks/s_rocks_desert_large_04.dae","useInstanceRenderData":true}
{"class":"TSStatic","persistentId":"ba43f39e-d7bb-4ae1-8a5e-0125e308444b","__parent":"trail_015_rocks","position":[-1074.43872,171.321243,140.690506],"isRenderEnabled":false,"rotationMatrix":[-0.847460747,-0.50274682,-0.170456782,0.510213733,-0.86004734,0,-0.146600947,-0.086969398,0.985365152],"shapeName":"/levels/johnson_valley/art/shapes/rocks/s_rocks_desert_large_07.dae","useInstanceRenderData":true}
{"class":"TSStatic","persistentId":"5c48a0ec-5d3a-4e71-80ba-69989fe66252","__parent":"trail_015_rocks","position":[-1074.99377,167.575394,140.798615],"isRenderEnabled":false,"rotationMatrix":[-0.266999006,-0.963696837,-1.49011612e-08,0.919686317,-0.254805565,-0.298749506,0.287903965,-0.0797658265,0.954331577],"shapeName":"/levels/johnson_valley/art/shapes/rocks/s_rocks_desert_large_03.dae","useInstanceRenderData":true}
{"class":"TSStatic","persistentId":"3f47cd21-eaea-4469-b42b-051884d736a8","__parent":"trail_015_rocks","position":[-1076.28711,166.10614,141.582748],"isRenderEnabled":false,"shapeName":"/levels/johnson_valley/art/shapes/rocks/s_rocks_desert_small_02.dae","useInstanceRenderData":true}
{"class":"TSStatic","persistentId":"340c3702-5ea2-479d-ab8f-502e8cb19faa","__parent":"trail_015_rocks","position":[-1076.47815,164.374741,141.734055],"isRenderEnabled":false,"rotationMatrix":[0.680070341,0.688039243,-0.253192425,-0.725450218,0.681438088,-0.0967685059,0.105954424,0.249487877,0.962563992],"shapeName":"/levels/johnson_valley/art/shapes/rocks/s_rocks_desert_medium_05.dae","useInstanceRenderData":true}
{"class":"TSStatic","persistentId":"6c5a12b1-8d28-4220-9005-4c1e411628f9","__parent":"trail_015_rocks","position":[-1073.11316,167.019089,141.649002],"isRenderEnabled":false,"rotationMatrix":[-0.942433357,0,-0.334393829,0,1,0,0.334393829,0,-0.942433357],"shapeName":"/levels/johnson_valley/art/shapes/rocks/s_rocks_desert_medium_01.dae","useInstanceRenderData":true}
{"class":"TSStatic","persistentId":"c0e62ad1-2f3c-4e9f-8202-6b53a7fac646","__parent":"trail_015_rocks","position":[-1078.74023,169.060043,140.165024],"isRenderEnabled":false,"rotationMatrix":[0.786275566,-0.325509161,0.525180459,0.408178359,0.91174233,-0.0460035801,-0.463854641,0.250538796,0.849746525],"shapeName":"/levels/johnson_valley/art/shapes/rocks/s_rocks_desert_low_tiny.dae","useInstanceRenderData":true}
{"class":"TSStatic","persistentId":"7f373fe1-7c60-4f7f-aa8a-f15da802143e","__parent":"trail_015_rocks","position":[-1075.95752,172.130127,140.171936],"isRenderEnabled":false,"rotationMatrix":[0.385457516,-0.922725558,5.96046448e-08,0.83646667,0.349423945,0.422168672,-0.389545858,-0.162728012,0.906517267],"shapeName":"/levels/johnson_valley/art/shapes/rocks/s_rocks_desert_medium_04.dae","useInstanceRenderData":true}
{"class":"TSStatic","persistentId":"7dd92024-32db-4fef-b67e-9d4efd554ae3","__parent":"trail_015_rocks","position":[-1068.94031,163.18959,143.310165],"isRenderEnabled":false,"rotationMatrix":[-0.0257848501,-0.99483031,0.098222509,0.978234828,-0.00487327576,0.207443267,-0.20589219,0.101433605,0.973303437],"shapeName":"/levels/johnson_valley/art/shapes/rocks/s_rocks_desert_low_tiny.dae","useInstanceRenderData":true}
{"class":"TSStatic","persistentId":"c775818e-5306-4284-bd2b-587523afa6ec","__parent":"trail_015_rocks","position":[-1057.3667,163.52243,146.644867],"isRenderEnabled":false,"rotationMatrix":[-0.0680593252,-0.997681081,-4.47034836e-08,0.955118835,-0.0651558638,0.288967878,-0.288297832,0.0196669698,0.95733881],"shapeName":"/levels/johnson_valley/art/shapes/rocks/s_rocks_desert_low_tiny.dae","useInstanceRenderData":true}
{"class":"TSStatic","persistentId":"8233a95d-e5c5-4479-9eaf-db662cc4802d","__parent":"trail_015_rocks","position":[-997.058838,222.713501,142.994827],"isRenderEnabled":false,"rotationMatrix":[0.347143352,0.930371284,-0.117901176,0.919612288,-0.362353086,-0.151701406,-0.183860511,-0.0557612516,-0.981369257],"shapeName":"/levels/johnson_valley/art/shapes/rocks/s_rocks_desert_small_01.dae","useInstanceRenderData":true}
{"class":"TSStatic","persistentId":"92b7e503-02ef-4937-ab2c-b0435d315602","__parent":"trail_015_rocks","position":[-998.096191,222.852249,143.099335],"isRenderEnabled":false,"rotationMatrix":[0.0298566222,0.328019798,0.944198906,0.13643913,0.93444103,-0.328944206,-0.990198433,0.138646841,-0.0168554783],"shapeName":"/levels/johnson_valley/art/shapes/rocks/s_rocks_desert_medium_05.dae","useInstanceRenderData":true}
{"class":"TSStatic","persistentId":"034c6c6d-6fcc-4171-b9a3-9ae3a539bc80","__parent":"trail_015_rocks","position":[-999.855347,213.166031,144.128983],"isRenderEnabled":false,"rotationMatrix":[-0.999953508,-0.00962251332,0,0.00962251332,-0.999953508,0,0,0,1],"shapeName":"/levels/johnson_valley/art/shapes/rocks/s_rocks_desert_medium_03.dae","useInstanceRenderData":true}
{"class":"TSStatic","persistentId":"02181072-720d-47eb-8553-251f0d9fc083","__parent":"trail_015_rocks","position":[-999.047913,214.455902,143.970078],"isRenderEnabled":false,"rotationMatrix":[0.984965026,-0.1727539,0,0.1727539,0.984965026,0,0,0,1],"shapeName":"/levels/johnson_valley/art/shapes/rocks/s_rocks_desert_small_01.dae","useInstanceRenderData":true}
{"class":"TSStatic","persistentId":"c4d9e5e9-5e43-4145-94e8-cc8c6660c343","__parent":"trail_015_rocks","position":[-997.787903,212.992218,144.018265],"isRenderEnabled":false,"rotationMatrix":[0.99798131,0,-0.0635078475,0,1,0,0.0635078475,0,0.99798131],"shapeName":"/levels/johnson_valley/art/shapes/rocks/s_rocks_desert_small_02.dae","useInstanceRenderData":true}
{"class":"TSStatic","persistentId":"cd969b90-e29d-49d4-9f52-2d795d05cc61","__parent":"trail_015_rocks","position":[-1020.73566,187.64415,151.844696],"isRenderEnabled":false,"rotationMatrix":[-0.679360032,0.729245126,-0.081679374,0.724030912,0.684252501,0.0870501474,0.119370222,0,-0.992849827],"shapeName":"/levels/johnson_valley/art/shapes/rocks/s_rocks_desert_medium_04.dae","useInstanceRenderData":true}
{"class":"TSStatic","persistentId":"42c94d4f-54b9-48a2-9296-e094fc8eef1d","__parent":"trail_015_rocks","position":[-1022.67865,185.864532,152.112427],"isRenderEnabled":false,"rotationMatrix":[0.29009819,0,0.956996739,0,1,0,-0.956996739,0,0.29009819],"shapeName":"/levels/johnson_valley/art/shapes/rocks/s_rocks_desert_medium_01.dae","useInstanceRenderData":true}
{"class":"TSStatic","persistentId":"d6d54767-5e64-4bb5-ad36-8701f7697498","__parent":"trail_015_rocks","position":[-1023.55554,163.559845,155.918198],"isRenderEnabled":false,"rotationMatrix":[0.984670341,0.0227592736,0.172934562,2.79396772e-09,-0.991450667,0.130481139,0.174425751,-0.128480896,-0.976252079],"shapeName":"/levels/johnson_valley/art/shapes/rocks/s_rocks_desert_large_05.dae","useInstanceRenderData":true}
{"class":"TSStatic","persistentId":"11a9acca-6a7f-4dce-ba0b-6305a515bb1d","__parent":"trail_015_rocks","position":[-1003.29163,201.120758,145.14006],"isRenderEnabled":false,"rotationMatrix":[-0.0114574432,0.473351955,0.880798757,-0.938545346,-0.308975935,0.153838724,0.344965518,-0.824907064,0.447802484],"shapeName":"/levels/johnson_valley/art/shapes/rocks/s_rocks_desert_medium_01.dae","useInstanceRenderData":true}
{"class":"TSStatic","persistentId":"e6bc61c0-02da-4631-85e1-5d7f51a0d897","__parent":"trail_015_rocks","position":[-1004.80194,200.969452,145.40094],"isRenderEnabled":false,"rotationMatrix":[0.574996829,0.105546504,-0.811318994,-0.180543691,0.98356694,7.4505806e-09,0.797986507,0.146478534,0.584603667],"shapeName":"/levels/johnson_valley/art/shapes/rocks/s_rocks_desert_medium_05.dae","useInstanceRenderData":true}
{"class":"TSStatic","persistentId":"921adb26-ec16-4b7b-b0e7-449321a54dc0","__parent":"trail_015_rocks","position":[-1005.50275,200.404037,145.62915],"isRenderEnabled":false,"rotationMatrix":[-0.765726686,0.643166363,2.98023224e-08,-0.587536514,-0.699496269,0.406824499,0.261655807,0.311516315,0.913506329],"shapeName":"/levels/johnson_valley/art/shapes/rocks/s_rocks_desert_small_01.dae","useInstanceRenderData":true}
{"class":"TSStatic","persistentId":"fdfed212-d43d-4773-a828-3985583a295f","__parent":"trail_015_rocks","position":[-1001.89014,207.601212,143.988342],"isRenderEnabled":false,"rotationMatrix":[0.951872945,0.306366652,-0.00879783183,0.306492954,-0.951480746,0.0273233633,-4.65661287e-10,-0.0287048426,-0.999588013],"shapeName":"/levels/johnson_valley/art/shapes/rocks/s_rocks_desert_large_06.dae","useInstanceRenderData":true}
{"class":"TSStatic","persistentId":"f293a2f4-4505-4525-a7bb-d8498d7aab6b","__parent":"trail_015_rocks","position":[-997.613586,207.331436,145.090973],"isRenderEnabled":false,"rotationMatrix":[0.938316882,-0.345776558,0,0.345776558,0.938316882,0,0,0,1],"shapeName":"/levels/johnson_valley/art/shapes/rocks/s_rocks_desert_large_07.dae","useInstanceRenderData":true}
{"class":"TSStatic","persistentId":"51cbbed9-4cc1-4e50-ace4-e17e512e3163","__parent":"trail_015_rocks","position":[-1000.12061,207.312866,144.401627],"isRenderEnabled":false,"rotationMatrix":[0.115888238,0.546339035,-0.829507887,-0.0755932182,0.837564111,0.541084111,0.99038142,-5.96046448e-08,0.138363361],"shapeName":"/levels/johnson_valley/art/shapes/rocks/s_rocks_desert_medium_04.dae","useInstanceRenderData":true}
{"class":"TSStatic","persistentId":"4ef8122f-de23-41f2-81af-b253763b510a","__parent":"trail_015_rocks","position":[-999.648987,206.256531,144.53624],"isRenderEnabled":false,"rotationMatrix":[-0.997716069,-0.0321667679,-0.0593934096,-0.0213239342,0.984354198,-0.174905866,0.0640903115,-0.173239917,-0.982791901],"shapeName":"/levels/johnson_valley/art/shapes/rocks/s_rocks_desert_small_01.dae","useInstanceRenderData":true}
{"class":"TSStatic","persistentId":"362b5744-5151-421d-8820-9c8395bbc484","__parent":"trail_015_rocks","position":[-1017.96716,188.324188,151.140015],"isRenderEnabled":false,"rotationMatrix":[1,0,0,0,0.764655292,0.644439459,0,-0.644439459,0.764655292],"shapeName":"/levels/johnson_valley/art/shapes/rocks/s_rocks_desert_medium_02.dae","useInstanceRenderData":true}
{"class":"TSStatic","persistentId":"232f56e2-a73c-46fd-8f36-da71c536b41a","__parent":"trail_015_rocks","position":[-1016.80865,192.12886,149.874649],"isRenderEnabled":false,"rotationMatrix":[0.0749770403,-0.952876687,0.29394716,-0.993400216,-0.0970338583,-0.0611628965,0.0868034214,-0.287421316,-0.953863144],"shapeName":"/levels/johnson_valley/art/shapes/rocks/s_rocks_desert_medium_04.dae","useInstanceRenderData":true}
{"class":"TSStatic","persistentId":"878f820a-ec28-4825-81d1-1ffb8e13811f","__parent":"trail_015_rocks","position":[-1003.36743,205.817642,144.965607],"isRenderEnabled":false,"rotationMatrix":[-0.186164975,-0.982518256,-7.4505806e-09,0.9662202,-0.183076859,0.181386054,-0.178215146,0.0337677523,0.983411968],"shapeName":"/levels/johnson_valley/art/shapes/rocks/s_rocks_desert_medium_04.dae","useInstanceRenderData":true}
{"class":"TSStatic","persistentId":"d58b78b2-2cf6-4b97-bf6e-2ef0b2dcd1a9","__parent":"trail_015_rocks","position":[-1001.78259,204.681519,144.900757],"isRenderEnabled":false,"rotationMatrix":[0.925859392,0,0.377868265,0,1,0,-0.377868265,0,0.925859392],"shapeName":"/levels/johnson_valley/art/shapes/rocks/s_rocks_desert_small_06.dae","useInstanceRenderData":true}
{"class":"TSStatic","persistentId":"42e23948-ae92-46e4-ad47-0d30a4bb6d70","__parent":"trail_015_rocks","position":[-996.537109,232.117645,141.970139],"isRenderEnabled":false,"rotationMatrix":[0.0491706133,-0.990711033,0.126781493,0.997187197,0.0558834076,0.0499441996,-0.0565652438,0.123969115,0.990672529],"shapeName":"/levels/johnson_valley/art/shapes/rocks/s_rocks_desert_low_flat_01.dae","useInstanceRenderData":true}
{"class":"TSStatic","persistentId":"524686de-fbb8-4478-a6ae-5e36b9db7ac9","__parent":"trail_015_rocks","position":[-1028.16138,152.702957,156.151108],"isRenderEnabled":false,"rotationMatrix":[0.987483323,0.157723278,0,-0.157723278,0.987483323,0,0,0,1],"shapeName":"/levels/johnson_valley/art/shapes/rocks/s_rocks_desert_large_07.dae","useInstanceRenderData":true}
{"class":"TSStatic","persistentId":"b3b03a2f-5175-4ffa-a902-c011a0d59da0","__parent":"trail_015_rocks","position":[-1020.95013,165.354156,155.559387],"isRenderEnabled":false,"rotationMatrix":[0.267327607,-0.929119468,-0.255485058,0.844057322,0.0978739262,0.527245224,-0.464868665,-0.356591225,0.810394824],"shapeName":"/levels/johnson_valley/art/shapes/rocks/s_rocks_desert_large_06.dae","useInstanceRenderData":true}
{"class":"TSStatic","persistentId":"0e1ffd35-fc46-448e-9cc3-68e7f4ffaa82","__parent":"trail_015_rocks","position":[-999.130859,241.736008,139.215469],"isRenderEnabled":false,"rotationMatrix":[-0.999948263,0,0.0101451008,0,1,0,-0.0101451008,0,-0.999948263],"shapeName":"/levels/johnson_valley/art/shapes/rocks/s_rocks_desert_large_06.dae","useInstanceRenderData":true}
{"class":"TSStatic","persistentId":"7a7d822c-5cb0-49c9-b03c-8cea09071c6e","__parent":"trail_015_rocks","position":[-997.070679,241.149094,139.646683],"isRenderEnabled":false,"rotationMatrix":[1,0,0,0,-0.996224284,0.0868161544,0,-0.0868161544,-0.996224284],"shapeName":"/levels/johnson_valley/art/shapes/rocks/s_rocks_desert_medium_02.dae","useInstanceRenderData":true}
{"class":"TSStatic","persistentId":"a389dc4f-8c8d-4348-be67-d4dc1f9cd1db","__parent":"trail_015_rocks","position":[-997.678833,241.954315,140.218185],"isRenderEnabled":false,"rotationMatrix":[0.065690279,0.902146935,-0.426398277,0.987778664,-0.119321465,-0.100277469,-0.141343519,-0.414599895,-0.898959756],"scale":[0.81640625,0.81640625,0.81640625],"shapeName":"/levels/johnson_valley/art/shapes/rocks/s_rocks_desert_small_08.dae","useInstanceRenderData":true}
{"class":"TSStatic","persistentId":"e8bca329-2a1f-4b10-8d96-8ff1481498fd","__parent":"trail_015_rocks","position":[-995.190063,240.542236,139.31633],"isRenderEnabled":false,"rotationMatrix":[0.951890111,-0.286156386,0.109634653,-0.302245408,-0.935708404,0.181926683,0.0505265892,-0.206310794,-0.977180958],"shapeName":"/levels/johnson_valley/art/shapes/rocks/s_rocks_desert_large_06.dae","useInstanceRenderData":true}
{"class":"TSStatic","persistentId":"d1b4e797-77f9-4473-a376-5313d775e301","__parent":"trail_015_rocks","position":[-995.61438,235.323425,140.575256],"isRenderEnabled":false,"rotationMatrix":[0.690120339,-0.723694503,2.35809637e-07,-0.723694503,-0.690120101,2.24869737e-07,0,-3.25841341e-07,-0.999999762],"shapeName":"/levels/johnson_valley/art/shapes/rocks/s_rocks_desert_large_06.dae","useInstanceRenderData":true}
{"class":"TSStatic","persistentId":"1b75613e-5b59-424a-98cb-12c2dfbfe075","__parent":"trail_015_rocks","position":[-998.102905,234.740982,140.515244],"isRenderEnabled":false,"rotationMatrix":[-0.2001369,0.974735141,0.0991788283,0.978299379,0.193270683,0.0746763498,0.0536213145,0.111972108,-0.992263317],"shapeName":"/levels/johnson_valley/art/shapes/rocks/s_rocks_desert_large_06.dae","useInstanceRenderData":true}
{"class":"TSStatic","persistentId":"9e1995c6-ddfb-43b6-ac0a-f2cf2425bb94","__parent":"trail_015_rocks","position":[-997.400696,236.009842,140.689072],"isRenderEnabled":false,"rotationMatrix":[-0.844120622,0.44566673,-0.298063338,0.526782393,0.792879641,-0.306336731,0.0998042971,-0.415599614,-0.904055476],"shapeName":"/levels/johnson_valley/art/shapes/rocks/s_rocks_desert_medium_02.dae","useInstanceRenderData":true}
{"class":"TSStatic","persistentId":"7c8dda61-2385-4489-b79a-7cd0a21dc6eb","__parent":"trail_015_rocks","position":[-996.454834,219.971954,143.14151],"isRenderEnabled":false,"rotationMatrix":[0.89973408,0.424922854,-0.0995948389,-0.430675536,0.901388764,-0.0449099168,0.0706904158,0.0833000466,0.994014084],"shapeName":"/levels/johnson_valley/art/shapes/rocks/s_rocks_desert_low_tiny.dae","useInstanceRenderData":true}
{"class":"TSStatic","persistentId":"1a1e624a-5530-4ac8-9cfb-5ce384ab0416","__parent":"trail_015_rocks","position":[-1015.05499,194.09137,147.950729],"isRenderEnabled":false,"rotationMatrix":[-0.161548138,-0.252279222,-0.954074264,-0.986218274,0.0762645006,0.146824688,0.0357212722,0.964644551,-0.261122704],"shapeName":"/levels/johnson_valley/art/shapes/rocks/s_rocks_desert_large_05.dae","useInstanceRenderData":true}
{"class":"TSStatic","persistentId":"3c3cff4b-d537-49c0-ba1c-f46019396508","__parent":"trail_015_rocks","position":[-1016.52728,195.612244,147.847168],"isRenderEnabled":false,"rotationMatrix":[0.081817925,0.993992031,-0.0727016553,0.99462682,-0.0860769749,-0.0575163141,-0.0634286925,-0.0676051602,-0.995693922],"shapeName":"/levels/johnson_valley/art/shapes/rocks/s_rocks_desert_medium_02.dae","useInstanceRenderData":true}
{"class":"TSStatic","persistentId":"bc4561c1-e18e-4cba-8e5d-70bb3b0d8c3e","__parent":"trail_015_rocks","position":[-1016.92554,190.650513,150.087051],"isRenderEnabled":false,"rotationMatrix":[0.869749188,0.487441272,-0.0770545155,0.493494064,-0.859081626,0.135803238,-3.7252903e-09,-0.1561407,-0.987734795],"shapeName":"/levels/johnson_valley/art/shapes/rocks/s_rocks_desert_medium_02.dae","useInstanceRenderData":true}
{"class":"TSStatic","persistentId":"d4f9df38-20d3-43ed-83b6-946b5999d2de","__parent":"trail_015_rocks","position":[-1021.68225,181.980164,152.564072],"isRenderEnabled":false,"rotationMatrix":[0.96833545,0.247499362,-0.0327194221,-0.248686776,0.96778661,-0.0392927378,0.0219404921,0.0461854413,0.998691916],"shapeName":"/levels/johnson_valley/art/shapes/rocks/s_rocks_desert_low_tiny.dae","useInstanceRenderData":true}
{"class":"TSStatic","persistentId":"a85f3f8d-2fa4-4ecf-8dc8-73fa8a411ea1","__parent":"trail_015_rocks","position":[-1020.99976,175.472214,152.976776],"isRenderEnabled":false,"rotationMatrix":[0.96833545,0.247499377,-0.0327194221,-0.24912411,0.966474712,-0.0621595681,0.0162380375,0.0683425069,0.997529745],"shapeName":"/levels/johnson_valley/art/shapes/rocks/s_rocks_desert_low_tiny.dae","useInstanceRenderData":true}
{"class":"TSStatic","persistentId":"69454381-edb6-45f5-a164-cb1264f1a8af","__parent":"trail_015_rocks","position":[-1023.98004,157.505905,156.776886],"isRenderEnabled":false,"rotationMatrix":[1,0,0,0,-0.999999762,-3.25841313e-07,0,3.25841313e-07,-0.999999762],"shapeName":"/levels/johnson_valley/art/shapes/rocks/s_rocks_desert_large_06.dae","useInstanceRenderData":true}
{"class":"TSStatic","persistentId":"201830a6-da88-453a-a4d9-da78da7203f4","__parent":"trail_015_rocks","position":[-1022.61774,156.114609,156.776886],"isRenderEnabled":false,"rotationMatrix":[-0.95754385,0.288288206,9.39362153e-08,0.288288206,0.957543671,3.12007302e-07,-1.42108547e-14,3.25841341e-07,-1.00000024],"shapeName":"/levels/johnson_valley/art/shapes/rocks/s_rocks_desert_large_06.dae","useInstanceRenderData":true}
{"class":"TSStatic","persistentId":"e81d2820-4c19-4c3c-bd05-acf7b645f2cc","__parent":"trail_015_rocks","position":[-994.430847,224.678467,142.512939],"isRenderEnabled":false,"rotationMatrix":[0.876987457,0.474041581,-0.0785979182,-0.480155587,0.870842218,-0.105282553,0.0185380839,0.130070701,0.991331398],"shapeName":"/levels/johnson_valley/art/shapes/rocks/s_rocks_desert_low_small.dae","useInstanceRenderData":true}
{"class":"TSStatic","persistentId":"da3a998f-0c51-4bcf-92b6-6bc68a8f266e","__parent":"trail_015_rocks","position":[-998.461121,211.523468,144.197418],"isRenderEnabled":false,"rotationMatrix":[0.905544996,-0.422179788,0.041862525,0.424203664,0.89956522,-0.104084715,0.00628439523,0.112011626,0.993687034],"shapeName":"/levels/johnson_valley/art/shapes/rocks/s_rocks_desert_low_tiny.dae","useInstanceRenderData":true}
{"class":"TSStatic","persistentId":"930d5a5d-b2a6-48dc-bfff-360f95c9b3b9","__parent":"trail_015_rocks","position":[-1000.237,204.559784,143.927963],"isRenderEnabled":false,"rotationMatrix":[1,0,0,0,-0.999555111,0.029818492,0,-0.029818492,-0.999555111],"shapeName":"/levels/johnson_valley/art/shapes/rocks/s_rocks_desert_large_06.dae","useInstanceRenderData":true}
{"class":"TSStatic","persistentId":"6c6cf587-8e24-4d26-a3e0-ed5830194fd6","__parent":"trail_015_rocks","position":[-1001.82495,203.137497,144.176529],"isRenderEnabled":false,"rotationMatrix":[-0.974428177,-0.206520662,-0.0885388851,-0.206347004,0.978414655,-0.0112101426,0.0889428705,0.00734625477,-0.996009707],"shapeName":"/levels/johnson_valley/art/shapes/rocks/s_rocks_desert_medium_02.dae","useInstanceRenderData":true}
{"class":"TSStatic","persistentId":"aa9b1ea8-d8e7-42a4-b6ae-02112fc23a04","__parent":"trail_015_rocks","position":[-1013.22076,196.187515,146.409851],"isRenderEnabled":false,"rotationMatrix":[0.997618437,-0.013392536,-0.0676618963,-0.0128692761,-0.99988389,0.00816342793,-0.0677633733,-0.00727322605,-0.997674942],"shapeName":"/levels/johnson_valley/art/shapes/rocks/s_rocks_desert_large_06.dae","useInstanceRenderData":true}
{"class":"TSStatic","persistentId":"e99c6ba2-1bb7-46b8-bd79-347363253f0e","__parent":"trail_015_rocks","position":[-1012.6817,198.478729,146.284149],"isRenderEnabled":false,"rotationMatrix":[0.994006097,0.00710337423,-0.10909377,0.0334881842,-0.969701171,0.241987303,-0.104069442,-0.244190201,-0.964126706],"shapeName":"/levels/johnson_valley/art/shapes/rocks/s_rocks_desert_medium_02.dae","useInstanceRenderData":true}
{"class":"TSStatic","persistentId":"ae428ef2-61dc-41db-aff3-697a1c6d6e4a","__parent":"trail_015_rocks","position":[-1011.62964,197.684921,146.653137],"isRenderEnabled":false,"rotationMatrix":[0.902619898,-0.360417396,-0.235322416,-0.298597485,-0.918062449,0.260771811,-0.310027242,-0.165111169,-0.936281204],"shapeName":"/levels/johnson_valley/art/shapes/rocks/s_rocks_desert_medium_04.dae","useInstanceRenderData":true}
{"class":"TSStatic","persistentId":"9955841e-02e7-4600-babb-0cb6bda6c833","__parent":"trail_015_rocks","position":[-1019.64789,185.959427,151.354889],"isRenderEnabled":false,"rotationMatrix":[0.697467387,-0.690762162,-0.190753371,-0.690396428,-0.719050169,0.079494141,-0.192072809,0.0762508884,-0.97841382],"shapeName":"/levels/johnson_valley/art/shapes/rocks/s_rocks_desert_large_06.dae","useInstanceRenderData":true}
{"class":"TSStatic","persistentId":"15d08498-b6f2-422b-8f76-547ef8a12664","__parent":"trail_015_rocks","position":[-1021.40802,189.708084,151.731705],"isRenderEnabled":false,"rotationMatrix":[0.989196241,0.00346705411,0.146556243,1.16415322e-10,-0.999720454,0.0236501973,0.146597251,-0.0233946871,-0.988919735],"scale":[1.0484376,1.0484376,1.0484376],"shapeName":"/levels/johnson_valley/art/shapes/rocks/s_rocks_desert_medium_02.dae","useInstanceRenderData":true}
{"class":"TSStatic","persistentId":"be3e2955-65ca-492f-9bca-1a0ae0fc2520","__parent":"trail_015_rocks","position":[-1024.57263,185.139282,151.977219],"isRenderEnabled":false,"rotationMatrix":[-0.450251341,-0.0950965732,-0.887823462,0.0426569432,-0.99546802,0.0849935412,-0.89188242,0.000396620482,0.452267289],"shapeName":"/levels/johnson_valley/art/shapes/rocks/s_rocks_desert_large_06.dae","useInstanceRenderData":true}
