{"name":"Wind_Generic_01","class":"SFXSpace","persistentId":"d73ec08d-04a6-40d2-bad5-27be7cdb9a15","__parent":"Amb_2D","position":[-563.137817,122.005264,250],"locked":true,"rotationMatrix":[-0.997822046,-0.0659501478,-6.76664058e-10,0.0659499615,-0.997821987,-0.000690532383,4.5539804e-05,-0.00068903045,0.999999821],"scale":[1000,1000,1000],"soundAmbience":"Amb_ATT_Generic"}
{"name":"Wind_Generic_02","class":"SFXSpace","persistentId":"0c3a5f2a-aba7-4f26-bb34-22e699357485","__parent":"Amb_2D","position":[-512.233521,-861.012207,250],"locked":true,"rotationMatrix":[-0.997822046,-0.0659501478,-6.76664058e-10,0.0659499615,-0.997821987,-0.000690532383,4.5539804e-05,-0.00068903045,0.999999821],"scale":[1000,1000,1000],"soundAmbience":"Amb_ATT_Generic"}
{"name":"Wind_Generic_03","class":"SFXSpace","persistentId":"5a1c0b99-ce83-47b4-9a3b-16c7d96ec5b2","__parent":"Amb_2D","position":[54.4956665,320.606293,250],"locked":true,"rotationMatrix":[-0.99659735,-0.0824137479,-6.60747901e-10,0.0824135393,-0.99659729,-0.000690532615,5.69084805e-05,-0.000688184984,0.999999821],"scale":[378.853302,982.76825,1000],"soundAmbience":"Amb_ATT_Generic"}
{"name":"Wind_Generic_04","class":"SFXSpace","persistentId":"b275c4a4-6960-44e2-899a-0eff7550a399","__parent":"Amb_2D","position":[236.855759,700.403748,250],"locked":true,"rotationMatrix":[-0.99659735,-0.0824137479,-6.60747901e-10,0.0824135393,-0.99659729,-0.000690532615,5.69084805e-05,-0.000688184984,0.999999821],"scale":[54.6745605,256.364777,1000],"soundAmbience":"Amb_ATT_Generic"}
{"name":"Wind_Generic_05","class":"SFXSpace","persistentId":"e167d2dd-733b-4829-a0a8-a5fdce90ec64","__parent":"Amb_2D","position":[308.13562,361.383301,250],"locked":true,"rotationMatrix":[-0.95682168,0.290671557,-1.49248081e-09,-0.290671617,-0.95682168,-0.000690532441,-0.000200719689,-0.000660718128,0.999999821],"scale":[378.853302,823.615784,1000],"soundAmbience":"Amb_ATT_Generic"}
{"name":"Wind_Generic_06","class":"SFXSpace","persistentId":"4f09cf25-976a-4c4b-a006-f605cc17e592","__parent":"Amb_2D","position":[749.148193,258.928467,250],"locked":true,"rotationMatrix":[-0.995384097,0.0959612802,-1.1332304e-09,-0.0959613919,-0.995384097,-0.000690532266,-6.62656021e-05,-0.000687346677,0.999999821],"scale":[686.196594,862.477173,1000],"soundAmbience":"Amb_ATT_Generic"}
{"name":"Wind_Generic_07","class":"SFXSpace","persistentId":"17400600-b924-4d6c-80cd-0b88f2191963","__parent":"Amb_2D","position":[460.359741,-540.22229,250],"locked":true,"rotationMatrix":[-0.997822046,-0.0659501478,-6.76664058e-10,0.0659499615,-0.997821987,-0.000690532383,4.5539804e-05,-0.00068903045,0.999999821],"scale":[1000,1000,1000],"soundAmbience":"Amb_ATT_Generic"}
{"name":"Wind_Generic_08","class":"SFXSpace","persistentId":"6b4876b7-b245-4edd-83c0-97f854e4f6d1","__parent":"Amb_2D","position":[1331.9126,-230.021851,250],"locked":true,"rotationMatrix":[-0.997822046,-0.0659501478,-6.76664058e-10,0.0659499615,-0.997821987,-0.000690532383,4.5539804e-05,-0.00068903045,0.999999821],"scale":[1000,1000,1000],"soundAmbience":"Amb_ATT_Generic"}
{"name":"Wind_Mountains_01","class":"SFXSpace","persistentId":"e471a1fb-e334-43c7-be1e-4eec0f3aad5d","__parent":"Amb_2D","position":[-455.636749,876.318909,250],"locked":true,"rotationMatrix":[-0.997822046,-0.0659501478,-6.76664058e-10,0.0659499615,-0.997821987,-0.000690532383,4.5539804e-05,-0.00068903045,0.999999821],"scale":[556.681641,494.707001,1000],"soundAmbience":"Amb_ATT_Mountain"}
{"name":"Wind_Mountains_02","class":"SFXSpace","persistentId":"364169b6-2de0-4287-8714-8647ec082d53","__parent":"Amb_2D","position":[66.0959702,1012.74799,250],"locked":true,"rotationMatrix":[-0.997134089,-0.0756428689,-5.76619641e-10,0.0756427199,-0.997134089,-0.000690531917,5.22330483e-05,-0.000688555301,0.999999821],"scale":[556.681641,399.475464,1000],"soundAmbience":"Amb_ATT_Mountain"}
{"name":"Wind_Mountains_03","class":"SFXSpace","persistentId":"0834fae2-5379-494f-953b-604611f28a60","__parent":"Amb_2D","position":[469.27417,880.429199,250],"locked":true,"rotationMatrix":[-0.959493399,0.281727701,-1.50794222e-09,-0.281727731,-0.959493458,-0.000690531451,-0.00019454342,-0.000662562437,0.999999821],"scale":[393.774506,267.93634,1000],"soundAmbience":"Amb_ATT_Mountain"}
{"name":"Wind_Mountains_04","class":"SFXSpace","persistentId":"92326ca2-4bf6-49eb-86bf-455a8a4ae72b","__parent":"Amb_2D","position":[832.992126,814.556335,250],"locked":true,"rotationMatrix":[-0.99607724,0.0884841233,-1.42972567e-09,-0.0884841979,-0.996077299,-0.00069053116,-6.11023497e-05,-0.000687823805,0.999999821],"scale":[416.084259,267.93634,1000],"soundAmbience":"Amb_ATT_Mountain"}
