{"class":"Zone","persistentId":"2002a1d6-7b20-4308-a661-0a114ca718c1","__parent":"north_mine","position":[279.645844,707.836853,181.747421],"ambientLightColor":[0.400000006,0.400000006,0.400000006,1],"rotationMatrix":[1,0,0,0,0.99998951,-0.00458046887,0,0.00458046887,0.99998951],"scale":[9.15632534,6.16298914,4.77654648],"useAmbientLightColor":true,"zoneGroup":22}
{"class":"Zone","persistentId":"26f05054-d02b-4fe1-8fe9-eeb9c8614a0a","__parent":"north_mine","position":[266.799774,751.598938,185.061066],"ambientLightColor":[0.400000006,0.400000006,0.400000006,1],"rotationMatrix":[1,0,0,0,0.999990225,-0.00442156056,0,0.00442156056,0.999990225],"scale":[18.9521027,24.959137,25.9290199],"useAmbientLightColor":true,"zoneGroup":22}
{"class":"Zone","persistentId":"2f9bad20-3356-4a01-a645-9137be732ea3","__parent":"north_mine","position":[350.133667,876.00238,219.860657],"ambientLightColor":[0.400000006,0.400000006,0.400000006,1],"rotationMatrix":[1,0,0,0,0.999991655,-0.00408524368,0,0.00408524368,0.999991655],"scale":[98.1957474,33.61269,37.3912849],"useAmbientLightColor":true,"zoneGroup":22}
{"class":"Zone","persistentId":"3dea67aa-a613-4494-a239-19eaf7619acf","__parent":"north_mine","position":[284.20816,849.056519,215.246017],"ambientLightColor":[0.400000006,0.400000006,0.400000006,1],"rotationMatrix":[1,0,0,0,0.999991179,-0.00420034211,0,0.00420034211,0.999991179],"scale":[140.812729,20.3316002,25.9290199],"useAmbientLightColor":true,"zoneGroup":22}
{"class":"Zone","persistentId":"8159ccea-98c6-4e0f-b01e-d3b29968de30","__parent":"north_mine","position":[162.087585,907.4021,252.339844],"ambientLightColor":[0.400000006,0.400000006,0.400000006,1],"rotationMatrix":[1,0,0,0,0.999991894,-0.00402646,0,0.00402646,0.999991894],"scale":[72.3608093,30.2353001,15.9894524],"useAmbientLightColor":true,"zoneGroup":22}
{"class":"Zone","persistentId":"8ad29b95-1fd0-4d07-834a-c055c61dbccb","__parent":"north_mine","position":[266.799774,776.536682,192.824326],"ambientLightColor":[0.400000006,0.400000006,0.400000006,1],"rotationMatrix":[1,0,0,0,0.999990463,-0.00436730776,0,0.00436730776,0.999990463],"scale":[18.9521027,24.959137,25.9290199],"useAmbientLightColor":true,"zoneGroup":22}
{"class":"Zone","persistentId":"8d1cee6e-de9e-4c35-a560-14d783bac98b","__parent":"north_mine","position":[260.597565,801.448059,201.828079],"ambientLightColor":[0.400000006,0.400000006,0.400000006,1],"rotationMatrix":[1,0,0,0,0.999990702,-0.00431237044,0,0.00431237044,0.999990702],"scale":[18.9521027,24.959137,25.9290199],"useAmbientLightColor":true,"zoneGroup":22}
{"class":"Zone","persistentId":"8f07e6c8-2551-43aa-b8d5-4e495fb0cdd6","__parent":"north_mine","position":[283.877441,907.666077,225.779343],"ambientLightColor":[0.400000006,0.400000006,0.400000006,1],"rotationMatrix":[1,0,0,0,0.999991894,-0.00402646,0,0.00402646,0.999991894],"scale":[218.498886,30.2353001,37.3912849],"useAmbientLightColor":true,"zoneGroup":22}
{"class":"Zone","persistentId":"ba0cf40a-1cbd-4736-994a-a9c8aee01540","__parent":"north_mine","position":[272.337433,715.22168,177.086609],"ambientLightColor":[0.400000006,0.400000006,0.400000006,1],"rotationMatrix":[1,0,0,0,0.999989748,-0.00452811969,0,0.00452811969,0.999989748],"scale":[18.9521027,8.6793108,16.9406528],"useAmbientLightColor":true,"zoneGroup":22}
{"class":"Zone","persistentId":"e4fd645b-e7b3-42ab-883d-0a57057d156a","__parent":"north_mine","position":[114.231689,890.805298,267.004578],"ambientLightColor":[0.400000006,0.400000006,0.400000006,1],"rotationMatrix":[1,0,0,0,0.999991894,-0.00402646,0,0.00402646,0.999991894],"scale":[77.295929,30.2353001,13.3822746],"useAmbientLightColor":true,"zoneGroup":22}
{"class":"Zone","persistentId":"e52d1f31-3f15-479b-9cba-fec3f179cc01","__parent":"north_mine","position":[267.019531,826.391235,209.180786],"ambientLightColor":[0.400000006,0.400000006,0.400000006,1],"rotationMatrix":[1,0,0,0,0.99999094,-0.00425672485,0,0.00425672485,0.99999094],"scale":[44.5069923,24.959137,25.9290199],"useAmbientLightColor":true,"zoneGroup":22}
{"class":"Zone","persistentId":"ed1201e0-61b0-4672-b4c5-acf6fb553fef","__parent":"north_mine","position":[272.337433,729.357849,175.371933],"ambientLightColor":[0.400000006,0.400000006,0.400000006,1],"rotationMatrix":[1,0,0,0,0.999989986,-0.00447515771,0,0.00447515771,0.999989986],"scale":[18.9521027,19.6651306,25.9290199],"useAmbientLightColor":true,"zoneGroup":22}
{"class":"Zone","persistentId":"ef0d90e2-2236-410c-af3f-272ddc332f1b","__parent":"north_mine","position":[371.927063,854.008545,222.225281],"ambientLightColor":[0.400000006,0.400000006,0.400000006,1],"rotationMatrix":[1,0,0,0,0.999991417,-0.00414319243,0,0.00414319243,0.999991417],"scale":[14.5221195,10.5305395,25.9290199],"useAmbientLightColor":true,"zoneGroup":22}
{"class":"Portal","persistentId":"18f17277-c05f-40aa-afad-2f37b3c4e587","__parent":"north_mine","position":[141.894943,898.291931,260.315094],"rotationMatrix":[0,0.999999762,-0.000690102577,0,0.000690102577,0.999999762,1,0,0],"scale":[7.78320742,0.0811340436,12.7056551]}
{"class":"Portal","persistentId":"1aa38921-6611-44b2-9b4b-925c7cd05a76","__parent":"north_mine","position":[368.656647,859.245117,231.38765],"rotationMatrix":[1,0,0,0,0.999991894,-0.00402646,0,0.00402646,0.999991894],"scale":[7.21991205,0.151959211,6.93048143]}
{"class":"Portal","persistentId":"1cc47382-e5f0-42cc-8e9d-5c1f79987102","__parent":"north_mine","position":[272.906738,838.860107,216.925629],"rotationMatrix":[1,0,0,0,0.999991417,-0.00414319243,0,0.00414319243,0.999991417],"scale":[41.5604057,0.153863475,8.273036]}
{"class":"Portal","persistentId":"295f9deb-0f7f-4dee-a487-47c400c060b9","__parent":"north_mine","position":[261.882019,788.997192,203.141159],"rotationMatrix":[1,0,0,0,0.99999094,-0.00425672485,0,0.00425672485,0.99999094],"scale":[4.61136913,0.153863475,4.07649755]}
{"class":"Portal","persistentId":"3741967b-3079-499c-b1fe-f694c00910b6","__parent":"north_mine","position":[75.5722961,883.236328,270.091705],"rotationMatrix":[1.25169754e-06,-0.999999702,0.000690534303,0.99999994,1.25169754e-06,-4.07453626e-10,-4.07453626e-10,0.000690534303,0.999999762],"scale":[6.44878531,0.0811340436,6.44878531]}
{"class":"Portal","persistentId":"3aedbf98-2ec9-41e5-8e63-be32d2ad3914","__parent":"north_mine","position":[189.543701,908.289368,244.408295],"rotationMatrix":[0,0.999999762,-0.000690102577,0,0.000690102577,0.999999762,1,0,0],"scale":[7.78320742,0.1916565,12.7056551]}
{"class":"Portal","persistentId":"3e1358c7-8b04-4b2e-9e97-3b8910d9a547","__parent":"north_mine","position":[273.13327,739.164795,186.444336],"rotationMatrix":[1,0,0,0,0.999990702,-0.00431237044,0,0.00431237044,0.999990702],"scale":[4.61136913,0.153863475,4.07649755]}
{"class":"Portal","persistentId":"52aad946-aad9-4f90-9a91-30edde648f06","__parent":"north_mine","position":[277.433655,719.573853,183.633163],"rotationMatrix":[1,0,0,0,0.999990702,-0.00431237044,0,0.00431237044,0.999990702],"scale":[4.61136913,0.153863475,4.07649755]}
{"class":"Portal","persistentId":"6688885c-8a88-4712-9e8a-16f536a45521","__parent":"north_mine","position":[268.450043,764.066345,195.354034],"rotationMatrix":[1,0,0,0,0.999990702,-0.00431237044,0,0.00431237044,0.999990702],"scale":[4.61136913,0.153863475,4.07649755]}
{"class":"Portal","persistentId":"72e67803-ecc8-4cd4-9fea-af58d40e1eb1","__parent":"north_mine","position":[340.484528,859.218567,224.692856],"rotationMatrix":[1,0,0,0,0.999991417,-0.00414319243,0,0.00414319243,0.999991417],"scale":[12.0029945,0.0768614858,6.93048143]}
{"class":"Portal","persistentId":"86d0c7da-4809-4d74-bdc2-de1ddecfc1ad","__parent":"north_mine","position":[370.786957,848.743774,231.085831],"rotationMatrix":[1,0,0,0,0.999991655,-0.00408524368,0,0.00408524368,0.999991655],"scale":[7.21991205,0.0768614858,6.93048143]}
{"class":"Portal","persistentId":"a5ec6eb4-b532-49ab-9498-0f96b685811e","__parent":"north_mine","position":[278.942108,710.917847,183.272339],"rotationMatrix":[1,0,0,0,0.999990702,-0.00431237044,0,0.00431237044,0.999990702],"scale":[4.61136913,0.153863475,4.07649755]}
{"class":"Portal","persistentId":"aec88671-9b5b-4323-a7ed-8b6bec553bc2","__parent":"north_mine","position":[279.215179,708.979858,184.131104],"rotationMatrix":[1,0,0,0,0.999990463,-0.00436730776,0,0.00436730776,0.999990463],"scale":[5.38497448,4.2997694,0.0816168785]}
{"class":"Portal","persistentId":"c6f78938-c434-405f-8c25-2617d985c73c","__parent":"north_mine","position":[279.522888,704.716614,181.783417],"rotationMatrix":[1,0,0,0,0.999990702,-0.00431237044,0,0.00431237044,0.999990702],"scale":[4.61136913,0.153863475,4.07649755]}
{"class":"Portal","persistentId":"e1bc6138-ba84-41b5-af69-e3b6f1208034","__parent":"north_mine","position":[259.001068,813.893311,211.625305],"rotationMatrix":[1,0,0,0,0.999991179,-0.00420034211,0,0.00420034211,0.999991179],"scale":[13.6792164,0.153863475,6.31336594]}
{"class":"Portal","persistentId":"f9f2ef50-6595-41ee-8d38-80452de9a739","__parent":"north_mine","position":[356.470245,892.67926,232.813599],"rotationMatrix":[1,0,0,0,0.999992132,-0.00396680553,0,0.00396680553,0.999992132],"scale":[15.5750008,0.549664557,12.7056551]}
{"name":"watercave1","class":"WaterBlock","persistentId":"2e9a4d35-bfa4-4f2d-889c-1be7a3e8b523","__parent":"north_mine","position":[120.462807,-445.510376,126.155907],"Foam":[{},{}],"Ripples (texture animation)":[{"rippleDir":[0,1],"rippleSpeed":0.00999999978,"rippleTexScale":[7.13999987,7.13999987]},{"rippleDir":[0.707000017,0.707000017],"rippleSpeed":0.00319999992,"rippleTexScale":[6.25,12.5]},{"rippleDir":[0.5,0.860000014],"rippleSpeed":0.00079999998,"rippleTexScale":[50,50]}],"Waves (vertex undulation)":[{"waveDir":[0,1],"waveMagnitude":0.200000003,"waveSpeed":1},{"waveDir":[0.707000017,0.707000017],"waveMagnitude":0.200000003,"waveSpeed":1},{"waveDir":[0.5,0.860000014],"waveMagnitude":0.200000003,"waveSpeed":1}],"baseColor":[254,81,1,255],"cubemap":"BlackSkyCubemap","depthGradientTex":"core/art/water/depthcolor_ramp.png","foamMaxDepth":1,"foamTex":"core/art/water/foam.dds","fullReflect":false,"overallFoamOpacity":2,"overallRippleMagnitude":0.0500000007,"overallWaveMagnitude":0.0500000007,"rippleTex":"levels/Utah/art/water/ripple4.dds","rotationMatrix":[1,0,0,0,0.999999762,-0.000690533896,0,0.000690533896,0.999999762],"specularColor":[1.40129846e-45,7.17464814e-43,0,1],"specularPower":120,"waterFogDensity":0.0500000007,"waterFogDensityOffset":2,"wetDarkening":0.400000006,"wetDepth":0.5}
{"name":"watercave","class":"WaterBlock","persistentId":"6585b8ea-f620-49e9-aa42-f23cb9375fdf","__parent":"north_mine","position":[266.33255,907.434631,220.198547],"Foam":[{},{}],"Ripples (texture animation)":[{"rippleDir":[0,1],"rippleSpeed":0.00999999978,"rippleTexScale":[7.13999987,7.13999987]},{"rippleDir":[0.707000017,0.707000017],"rippleSpeed":0.0320000015,"rippleTexScale":[6.25,12.5]},{"rippleDir":[0.5,0.860000014],"rippleSpeed":0.00800000038,"rippleTexScale":[50,50]}],"Waves (vertex undulation)":[{"waveDir":[0,1],"waveMagnitude":0.200000003,"waveSpeed":1},{"waveDir":[0.707000017,0.707000017],"waveMagnitude":0.200000003,"waveSpeed":1},{"waveDir":[0.5,0.860000014],"waveMagnitude":0.200000003,"waveSpeed":1}],"baseColor":[254,81,1,255],"cubemap":"BlackSkyCubemap","depthGradientTex":"core/art/water/depthcolor_ramp.png","foamTex":"core/art/water/foam.dds","fullReflect":false,"overallRippleMagnitude":1,"overallWaveMagnitude":0.0500000007,"rippleTex":"levels/Utah/art/water/ripple4.dds","rotationMatrix":[1,0,0,0,0.999999762,-0.000690533896,0,0.000690533896,0.999999762],"specularColor":[1.40129846e-45,7.17464814e-43,0,1],"specularPower":120,"waterFogDensity":0.0500000007,"waterFogDensityOffset":2,"wetDarkening":0.400000006,"wetDepth":0.5}
{"class":"TSStatic","persistentId":"004e56db-8bcd-4942-98fd-9984fac82d35","__parent":"north_mine","position":[196.251144,907.797668,241.859924],"isRenderEnabled":false,"rotationMatrix":[-0.155414075,0.964178443,-0.21495083,-0.96140933,-0.0976246297,0.257216245,0.227017924,0.246630624,0.942142606],"shapeName":"/levels/Utah/art/shapes/buildings/utah_mines_rough_edge.dae"}
{"class":"TSStatic","persistentId":"0079aa82-ebd5-4401-bb1a-ece6c71987fb","__parent":"north_mine","position":[256.110901,899.156494,234.743454],"isRenderEnabled":false,"shapeName":"/levels/Utah/art/shapes/rocks/utah_rock_big_2_d_top.dae"}
{"class":"TSStatic","persistentId":"0099680b-7a1c-4607-b8e5-7fd329005412","__parent":"north_mine","position":[375.478302,877.504395,232.514984],"isRenderEnabled":false,"rotationMatrix":[-0.0992014036,0.908881307,0.405083954,-0.991889119,-0.0578121357,-0.11318215,-0.0794489011,-0.41302529,0.907245338],"shapeName":"/levels/Utah/art/shapes/buildings/utah_mines_rough_edge.dae"}
{"class":"TSStatic","persistentId":"00de9a18-710a-4d22-aaba-51e4fa0b521c","__parent":"north_mine","position":[373.644409,861.96167,223.120316],"isRenderEnabled":false,"shapeName":"/levels/Utah/art/shapes/rocks/utah_rock_big_2_d.dae"}
{"class":"TSStatic","persistentId":"0138c734-d158-41e5-b193-13afa9f3907f","__parent":"north_mine","position":[232.422165,910.11554,233.688751],"isRenderEnabled":false,"rotationMatrix":[-0.999183357,0.0266592242,-0.0303639099,-0.0314846039,-0.98467648,0.171525314,-0.0253258981,0.172341257,0.984711766],"shapeName":"/levels/Utah/art/shapes/rocks/utah_rock_big_2_b_top.dae"}
{"class":"TSStatic","persistentId":"014a3e54-c386-40b9-94be-2e051dd7d8eb","__parent":"north_mine","position":[382.355194,895.258667,227.699707],"isRenderEnabled":false,"rotationMatrix":[-0.977382481,0.211487442,0,-0.211487442,-0.977382481,0,0,0,1],"shapeName":"/levels/Utah/art/shapes/rocks/utah_rock_big_2_b.dae"}
{"class":"TSStatic","persistentId":"01767936-9d67-4c4c-bbe4-851db30b61dc","__parent":"north_mine","position":[193.906326,911.19989,242.710205],"isRenderEnabled":false,"rotationMatrix":[-0.138848096,0.902978063,0.406634778,-0.936018646,-0.25375542,0.243885085,0.323410064,-0.346753478,0.880435348],"shapeName":"/levels/Utah/art/shapes/buildings/utah_mines_rough_edge.dae"}
{"class":"TSStatic","persistentId":"019e42fe-d200-48a7-a9ea-d36f73e3863d","__parent":"north_mine","position":[357.304047,868.610168,228.400345],"isRenderEnabled":false,"rotationMatrix":[0.746757746,-0.665095925,0,0.665095925,0.746757746,0,0,0,1],"scale":[1.4607507,1,1],"shapeName":"/levels/utah/art/shapes/buildings/utah_mines_supports.dae"}
{"class":"TSStatic","persistentId":"021382ee-2f7c-4019-b754-1e92c85802fc","__parent":"north_mine","position":[380.51001,864.250305,226.887634],"isRenderEnabled":false,"rotationMatrix":[0.686073363,0.727532625,0,-0.727532625,0.686073363,0,0,0,1],"shapeName":"/levels/Utah/art/shapes/rocks/utah_rock_big_2_b.dae"}
{"class":"TSStatic","persistentId":"02c06067-0535-4e80-b1c5-f0e49f224504","__parent":"north_mine","position":[363.860748,892.393372,239.125595],"isRenderEnabled":false,"rotationMatrix":[0.794405222,-0.607390583,-4.38300205e-08,-1.49011612e-08,-4.47034836e-08,0.999999464,-0.607390761,-0.794405282,-5.01978192e-08],"shapeName":"/levels/Utah/art/shapes/rocks/utah_rock_big_2_b.dae"}
{"class":"TSStatic","persistentId":"0319dd4f-3379-4247-bb1b-761cf3e6174d","__parent":"north_mine","position":[397.353394,863.516602,224.837891],"isRenderEnabled":false,"rotationMatrix":[0.891434669,0.453148693,0,-0.453148693,0.891434669,0,0,0,1],"shapeName":"/levels/Utah/art/shapes/rocks/utah_rock_big_2_b.dae"}
{"class":"TSStatic","persistentId":"049b3e7b-84bd-41c0-91e4-76a9db7ec2e3","__parent":"north_mine","position":[273.316833,751.330261,189.840561],"isRenderEnabled":false,"rotationMatrix":[0.818465531,-0.00385715906,0.574528515,-0.244488537,0.902583539,0.354344636,-0.519926548,-0.430487007,0.737792373],"shapeName":"/levels/Utah/art/shapes/buildings/utah_mines_rough_edge.dae"}
{"class":"TSStatic","persistentId":"04d99dc0-8a3e-4ccc-9675-ccdbdd315404","__parent":"north_mine","position":[384.90152,887.451416,236.897064],"isRenderEnabled":false,"rotationMatrix":[-0.996110022,-0.0862148926,0.0180747285,0.0808699727,-0.976347268,-0.200509548,0.034935154,-0.198266938,0.97952342],"scale":[1.24995756,1.24995756,1.24995756],"shapeName":"/levels/Utah/art/shapes/buildings/utah_mines_rough_edge.dae"}
{"class":"TSStatic","persistentId":"050af9f4-8db7-4709-a1a2-d0f178fb6565","__parent":"north_mine","position":[270.442444,911.273254,218.802597],"isRenderEnabled":false,"rotationMatrix":[-0.0433560796,-0.778350353,-0.626331151,0.99710536,-0.0729045644,0.0215778463,-0.0624575093,-0.623582602,0.779258013],"shapeName":"/levels/Utah/art/shapes/buildings/utah_mines_rough_edge.dae"}
{"class":"TSStatic","persistentId":"0575e667-73a7-4ad0-9a0a-a2178d0c3c7f","__parent":"north_mine","position":[306.953033,902.508728,235.023514],"decalType":"None","isRenderEnabled":false,"rotationMatrix":[0.140757129,0.989868581,0.0186515804,-0.989633203,0.140131474,0.0314144045,0.0284825657,-0.0228800736,0.999332249],"shapeName":"/levels/utah/art/shapes/buildings/utah_mines_tracks.dae"}
{"class":"TSStatic","persistentId":"060d85ef-4a85-43fb-8396-02242dcbcb93","__parent":"north_mine","position":[366.61496,876.405518,231.500351],"isRenderEnabled":false,"rotationMatrix":[0.975693166,-0.173596933,-0.133722112,0.200410843,0.953706324,0.224220023,0.0886090919,-0.245568424,0.965317667],"scale":[0.940868378,0.861059546,1],"shapeName":"/levels/Utah/art/shapes/buildings/utah_mines_rough_edge.dae"}
{"class":"TSStatic","persistentId":"072b87cc-3403-47d2-89d4-942416e50465","__parent":"north_mine","position":[242.66066,908.011047,235.560944],"isRenderEnabled":false,"rotationMatrix":[-0.142297447,-0.9233706,0.356564909,0.988251209,-0.152830929,-0.00138521567,0.0557732247,0.352178693,0.934269428],"shapeName":"/levels/Utah/art/shapes/buildings/utah_mines_rough_edge.dae"}
{"class":"TSStatic","persistentId":"07d40c5b-ab12-4488-abc9-025b3dda9841","__parent":"north_mine","position":[272.304718,837.202698,213.938141],"isRenderEnabled":false,"rotationMatrix":[0.317313224,-0.948320448,0,0.948320448,0.317313224,0,0,0,1],"shapeName":"/levels/utah/art/shapes/buildings/utah_mines_supports.dae"}
{"class":"TSStatic","persistentId":"08130c0e-ac2a-4a1b-8c5b-600f5e092e0c","__parent":"north_mine","position":[355.522552,871.306519,229.079407],"isRenderEnabled":false,"rotationMatrix":[0.847046316,-0.442137063,-0.295005172,0.520158052,0.803686023,0.28900671,0.109311029,-0.398251295,0.910740018],"shapeName":"/levels/Utah/art/shapes/buildings/utah_mines_rough_edge.dae"}
{"class":"TSStatic","persistentId":"085d7203-dd15-4657-b4d0-b79d9603c83f","__parent":"north_mine","position":[280.499084,895.118103,230.90274],"isRenderEnabled":false,"rotationMatrix":[-0.935680747,0.352827668,-0.00379184075,-0.341406107,-0.902572513,0.262307137,0.0891267732,0.246730268,0.964977264],"shapeName":"/levels/Utah/art/shapes/rocks/utah_rock_big_2_b.dae"}
{"class":"TSStatic","persistentId":"0870b726-a94d-4eb0-b041-493f1d825de2","__parent":"north_mine","position":[377.904205,868.672607,231.04245],"isRenderEnabled":false,"rotationMatrix":[-0.553323507,0.785895586,-0.276044667,-0.785400927,-0.602628171,-0.141362801,-0.277449459,0.138587371,0.950689495],"shapeName":"/levels/Utah/art/shapes/buildings/utah_mines_rough_edge.dae"}
{"class":"TSStatic","persistentId":"09390f54-2b19-4f6c-8bf1-bb6e1a507062","__parent":"north_mine","position":[369.39212,855.385315,229.787918],"isRenderEnabled":false,"rotationMatrix":[0.974978745,0.222299188,-0.000153505272,-0.222299278,0.974978507,-0.000673256407,0,0.000690534245,0.999999762],"scale":[1.16388917,1,1],"shapeName":"/levels/utah/art/shapes/buildings/utah_mines_walls.dae"}
{"class":"TSStatic","persistentId":"0946723f-a08b-4b24-b497-22b929af8b03","__parent":"north_mine","position":[207.220901,913.578552,246.409363],"isRenderEnabled":false,"rotationMatrix":[0.964399457,0.264459878,-7.31968157e-08,0.264459878,-0.964399457,2.26903083e-07,-1.05841433e-08,-2.38183191e-07,-0.999999642],"shapeName":"/levels/Utah/art/shapes/rocks/utah_rock_big_2_b_top.dae"}
{"class":"TSStatic","persistentId":"09d05d80-a514-43db-a406-b6ce4a10148f","__parent":"north_mine","position":[345.642365,861.763428,224.747711],"isRenderEnabled":false,"rotationMatrix":[0.406581044,-0.9136042,0.00404609554,0.89758873,0.400271744,0.18469815,-0.170360446,-0.0714630112,0.982786834],"shapeName":"/levels/utah/art/shapes/buildings/utah_mines_walls.dae"}
{"class":"TSStatic","persistentId":"09fe0469-3279-47ed-b9b2-b29ac33c0fb3","__parent":"north_mine","position":[261.715424,919.66626,235.299744],"isRenderEnabled":false,"rotationMatrix":[0.0280925259,-0.98763454,-0.15423961,0.999596238,0.0284358487,-1.9635816e-05,0.00440532481,-0.154176742,0.988033473],"shapeName":"/levels/Utah/art/shapes/buildings/utah_mines_rough_edge.dae"}
{"class":"TSStatic","persistentId":"0a340269-b4eb-486a-95c9-6e7a5697f0c9","__parent":"north_mine","position":[271.593964,748.330017,187.627411],"decalType":"None","isRenderEnabled":false,"rotationMatrix":[-0.985721946,-0.167638645,0.0157941077,0.150062025,-0.917155385,-0.369199693,0.076377742,-0.361558437,0.929215431],"shapeName":"/levels/utah/art/shapes/buildings/utah_mines_tracks.dae"}
{"class":"TSStatic","persistentId":"0bc57fc1-3754-4855-b08f-24a4f0423ea3","__parent":"north_mine","position":[239.452408,902.891418,230.251389],"isRenderEnabled":false,"rotationMatrix":[0.992810667,-0.118945733,0.0133761717,0.118647054,0.992708862,0.0212628897,-0.0158077739,-0.0195229799,0.999684453],"shapeName":"/levels/Utah/art/shapes/rocks/utah_rock_big_2_b.dae"}
{"class":"TSStatic","persistentId":"0d76c5a5-38ee-448e-866a-30eb7c4ffeb2","__parent":"north_mine","position":[277.499146,845.434448,221.345306],"isRenderEnabled":false,"rotationMatrix":[0.75322026,0.643616676,0.135709614,-0.125881821,-0.0614569411,0.990139902,0.64561069,-0.762876689,0.0347290114],"scale":[1.38558459,1.38558459,1.38558459],"shapeName":"/levels/Utah/art/shapes/rocks/utah_rock_big_2_c.dae"}
{"class":"TSStatic","persistentId":"0d87487b-acf8-4de0-bc46-ce574ebd2b89","__parent":"north_mine","position":[396.19809,882.618896,225.688248],"isRenderEnabled":false,"rotationMatrix":[-0.903018057,0.429605573,0,-0.429605573,-0.903018057,0,0,0,1],"shapeName":"/levels/Utah/art/shapes/rocks/utah_rock_big_2_b.dae"}
{"class":"TSStatic","persistentId":"0e87b129-a8c1-4b07-b0eb-6c898728a4b6","__parent":"north_mine","position":[381.152313,890.836914,235.691757],"isRenderEnabled":false,"rotationMatrix":[-0.15787676,-0.910729766,-0.381629646,0.981532574,-0.187008306,0.0402192883,-0.10799554,-0.368232489,0.923439264],"shapeName":"/levels/Utah/art/shapes/buildings/utah_mines_rough_edge.dae"}
{"class":"TSStatic","persistentId":"0ee75ea4-416d-4112-a048-2dea9f278d48","__parent":"north_mine","position":[387.841827,865.81781,226.887634],"isRenderEnabled":false,"rotationMatrix":[-0.814263105,0.580495298,0,-0.580495298,-0.814263105,0,0,0,1],"shapeName":"/levels/Utah/art/shapes/rocks/utah_rock_big_2_b.dae"}
{"class":"TSStatic","persistentId":"0f9682d7-dad6-43ea-9057-8fb3855b0d53","__parent":"north_mine","position":[256.248077,829.416748,213.677841],"isRenderEnabled":false,"rotationMatrix":[0.544245481,-0.669140875,-0.506011426,0.807188392,0.582011461,0.0985372365,0.228569165,-0.462074965,0.856879771],"shapeName":"/levels/Utah/art/shapes/buildings/utah_mines_rough_edge.dae"}
{"class":"TSStatic","persistentId":"0faad564-fa0d-4c6a-9022-2456957596ec","__parent":"north_mine","position":[277.340149,910.829285,213.598648],"isRenderEnabled":false,"rotationMatrix":[0.999810934,-0.0193808936,-0.00214988529,0.0194167159,0.999643266,0.0183675326,0.00179316895,-0.0184060317,0.999828696],"scale":[1.23361945,1.23361945,1.23361945],"shapeName":"/levels/Utah/art/shapes/rocks/utah_rock_big_2_b.dae"}
{"class":"TSStatic","persistentId":"100131d6-2211-458a-8455-393e96b2ba84","__parent":"north_mine","position":[359.714478,859.294922,222.293152],"isRenderEnabled":false,"rotationMatrix":[0.996259511,0.0864199251,0,-0.0864199251,0.996259511,0,0,0,1],"shapeName":"/levels/Utah/art/shapes/rocks/utah_rock_big_2_b.dae"}
{"class":"TSStatic","persistentId":"107dddef-ff2a-462e-93bb-fee732fd2eae","__parent":"north_mine","position":[273.987732,835.815674,220.466095],"isRenderEnabled":false,"rotationMatrix":[0.73548919,0.661621034,0.145998523,0.0303725265,0.183072031,-0.982629776,-0.676856935,0.727148294,0.114552043],"scale":[0.754951537,0.754951537,0.754951537],"shapeName":"/levels/Utah/art/shapes/rocks/utah_rock_big_2_b.dae"}
{"class":"TSStatic","persistentId":"10a5034e-f9ef-4751-991e-bb7805bd1577","__parent":"north_mine","position":[274.704803,826.204773,212.788116],"isRenderEnabled":false,"rotationMatrix":[0.688363314,-0.703945398,0.174956083,0.683734596,0.710235596,0.167507172,-0.242175192,0.00431546103,0.970213592],"shapeName":"/levels/Utah/art/shapes/buildings/utah_mines_rough_edge.dae"}
{"class":"TSStatic","persistentId":"10fa0875-84b9-470d-a67b-6ee5a5bb814d","__parent":"north_mine","position":[298.564301,902.70697,218.992844],"isRenderEnabled":false,"rotationMatrix":[-0.99970293,0.0244179536,0,-0.0244179536,-0.99970293,0,0,0,1],"shapeName":"/levels/Utah/art/shapes/rocks/utah_boulder_1.dae"}
{"class":"TSStatic","persistentId":"11313997-b92d-42a7-995d-02e90c895ff1","__parent":"north_mine","position":[245.061676,820.343872,206.278671],"isRenderEnabled":false,"rotationMatrix":[0.284261376,-0.958747447,0,0.958747447,0.284261376,0,0,0,1],"shapeName":"/levels/Utah/art/shapes/rocks/utah_rock_big_2_b.dae"}
{"class":"TSStatic","persistentId":"12741e93-9bb8-4622-8c63-9f6767f939b8","__parent":"north_mine","position":[291.491791,907.159668,218.441132],"isRenderEnabled":false,"rotationMatrix":[-0.924093723,0.3821657,0,-0.3821657,-0.924093723,0,0,0,1],"shapeName":"/levels/Utah/art/shapes/rocks/utah_boulder_3.dae"}
{"class":"TSStatic","persistentId":"13524c5a-d217-4043-8450-684ced44e0f0","__parent":"north_mine","position":[240.764954,909.292908,220.669235],"isRenderEnabled":false,"rotationMatrix":[0.211529836,0.977371871,0,-0.977371871,0.211529836,0,0,0,1],"shapeName":"/levels/Utah/art/shapes/rocks/utah_rock_big_2_b.dae"}
{"class":"TSStatic","persistentId":"13785fcc-7b72-411f-b373-5fb0ac949dac","__parent":"north_mine","position":[291.140808,898.265076,235.542831],"isRenderEnabled":false,"rotationMatrix":[0.119462043,-0.903878927,0.410771549,0.989322901,0.143156886,0.0272883978,-0.0834699497,0.403125674,0.911330163],"shapeName":"/levels/Utah/art/shapes/buildings/utah_mines_rough_edge.dae"}
{"class":"TSStatic","persistentId":"13dd2277-871e-4594-95cb-a0070a4af8a3","__parent":"north_mine","position":[-444.03067,231.495987,264.070618],"decalType":"None","isRenderEnabled":false,"rotationMatrix":[-0.518479645,-0.85203433,-0.0721696839,0.84542191,-0.498139918,-0.192655429,0.128197774,-0.160901964,0.978605926],"shapeName":"/levels/utah/art/shapes/buildings/utah_mines_tracks.dae"}
{"class":"TSStatic","persistentId":"14b4ffb0-89bf-4bc5-af0d-100fecf8f5ab","__parent":"north_mine","position":[292.731323,908.282532,219.611343],"isRenderEnabled":false,"rotationMatrix":[-0.942472041,0.147417873,-0.300023347,0.154536933,0.987986326,0,0.296419203,-0.0463646576,-0.953931749],"shapeName":"/levels/Utah/art/shapes/rocks/utah_boulder_2.dae"}
{"class":"TSStatic","persistentId":"14fedef5-d865-45a4-af91-0631fc99debf","__parent":"north_mine","position":[357.610107,874.005432,229.480194],"isRenderEnabled":false,"rotationMatrix":[1,0,0,0,0.957897007,0.287110984,0,-0.287110984,0.957897007],"shapeName":"/levels/Utah/art/shapes/rocks/utah_boulder_4.dae"}
{"class":"TSStatic","persistentId":"16330b81-8e54-441c-b008-9782b0e66256","__parent":"north_mine","position":[68.2640228,880.789429,269.080536],"isRenderEnabled":false,"rotationMatrix":[0.742482603,0.66836971,0.0447403938,-0.664897382,0.743449628,-0.07207001,-0.0814315975,0.0237630121,0.996395886],"shapeName":"/levels/Utah/art/shapes/buildings/utah_mines_rough_edge.dae"}
{"class":"TSStatic","persistentId":"1785e197-54e1-46f5-9473-019505b56273","__parent":"north_mine","position":[160.586502,901.868164,251.798141],"isRenderEnabled":false,"rotationMatrix":[-0.183818847,0.982690752,0.0230300818,-0.942323744,-0.182837829,0.280349284,0.279706717,0.0298315454,0.959622324],"shapeName":"/levels/utah/art/shapes/buildings/utah_mines_walls.dae"}
{"class":"TSStatic","persistentId":"17bd32d8-1a30-4f07-8b3d-079f10040bcd","__parent":"north_mine","position":[249.963013,831.985352,214.393707],"isRenderEnabled":false,"rotationMatrix":[-0.893583119,0.299604148,0.334272623,-0.334193975,-0.941183567,-0.0498212315,0.299688667,-0.156236365,0.941151619],"scale":[1.39884686,1.39884686,1.39884686],"shapeName":"/levels/Utah/art/shapes/buildings/utah_mines_rough_edge.dae"}
{"class":"TSStatic","persistentId":"17cfed19-1aea-4afd-b187-c1b92c01d121","__parent":"north_mine","position":[279.163452,898.77771,246.836777],"isRenderEnabled":false,"rotationMatrix":[-0.999445677,-0.03328491,1.40862539e-07,0.0294372682,-0.883914351,0.466722369,-0.0155343395,0.466463327,0.884404123],"scale":[2.20932245,2.20932245,2.20932245],"shapeName":"/levels/Utah/art/shapes/rocks/utah_rock_big_2_c.dae"}
{"class":"TSStatic","persistentId":"17e7339a-490b-4a77-8bc3-fff25d0ea598","__parent":"north_mine","position":[281.69519,850.166138,209.55603],"isRenderEnabled":false,"rotationMatrix":[-0.989139259,-0.146991462,0,0.146991462,-0.989139259,0,0,0,1],"shapeName":"/levels/Utah/art/shapes/rocks/utah_rock_big_2_b.dae"}
{"class":"TSStatic","persistentId":"18423f39-9c9c-4759-8f51-f7a27ad50b51","__parent":"north_mine","position":[179.162674,908.545471,247.081253],"isRenderEnabled":false,"rotationMatrix":[0.0413921885,-0.924364269,-0.379259348,0.93763268,0.167065024,-0.304854542,0.345159352,-0.342985481,0.873626053],"shapeName":"/levels/Utah/art/shapes/buildings/utah_mines_rough_edge.dae"}
{"class":"TSStatic","persistentId":"1852ccbf-f13e-4117-a94a-774cd84d52ab","__parent":"north_mine","position":[186.276489,909.513062,244.848526],"isRenderEnabled":false,"rotationMatrix":[-0.138848096,0.902978063,0.406634778,-0.936018646,-0.25375542,0.243885085,0.323410064,-0.346753478,0.880435348],"shapeName":"/levels/Utah/art/shapes/buildings/utah_mines_rough_edge.dae"}
{"class":"TSStatic","persistentId":"18d4bd70-c895-4f6e-bc1c-05391a2e059f","__parent":"north_mine","position":[294.853119,903.716858,246.663528],"isRenderEnabled":false,"rotationMatrix":[0.994601309,-0.103786133,1.84963156e-13,-0.103786133,-0.994601309,-2.38418394e-07,2.47444447e-08,2.37130848e-07,-0.999999642],"scale":[1.14233446,1.14233446,1.14233446],"shapeName":"/levels/Utah/art/shapes/rocks/utah_rock_big_2_b_top.dae"}
{"class":"TSStatic","persistentId":"191e0110-69f3-46e1-b615-30147cf7df46","__parent":"north_mine","position":[292.000427,892.694153,230.552856],"isRenderEnabled":false,"rotationMatrix":[0.967147291,0.253616244,0.0174634885,-0.24612771,0.951352,-0.185340181,-0.0636192113,0.174952999,0.982519567],"shapeName":"/levels/Utah/art/shapes/rocks/utah_rock_big_2_b.dae"}
{"class":"TSStatic","persistentId":"193d07d7-bb79-4467-82a9-5078b2a732d4","__parent":"north_mine","position":[365.068817,848.038391,219.921143],"isRenderEnabled":false,"rotationMatrix":[0.0570120811,-0.923885942,-0.378399432,0.998102486,0.0615919158,0,0.0233063474,-0.377681375,0.925642192],"shapeName":"/levels/Utah/art/shapes/rocks/utah_rock_big_2_b.dae"}
{"class":"TSStatic","persistentId":"1a9d587f-c72a-4baa-b0be-8a5cb3bd2515","__parent":"north_mine","position":[295.917511,902.339539,221.586014],"isRenderEnabled":false,"rotationMatrix":[-0.035765186,-0.798436701,0.601015031,0.948485315,0.162320614,0.272082567,-0.314797521,0.57978487,0.751499414],"shapeName":"/levels/Utah/art/shapes/buildings/utah_mines_rough_edge.dae"}
{"class":"TSStatic","persistentId":"1b12017d-5bf9-498b-aba0-680050239d6b","__parent":"north_mine","position":[301.477448,897.37384,231.06134],"isRenderEnabled":false,"rotationMatrix":[-0.999499679,0.0294023305,-0.0116621871,-0.0314438604,-0.963613868,0.265441507,-0.0034332436,0.265675366,0.964056015],"shapeName":"/levels/Utah/art/shapes/rocks/utah_rock_big_2_b.dae"}
{"class":"TSStatic","persistentId":"1b9ca4df-5fe6-499b-8a86-25112fa16e4f","__parent":"north_mine","position":[326.47403,902.299622,235.340073],"isRenderEnabled":false,"rotationMatrix":[-0.150908858,-0.909050763,-0.388395011,0.986173391,-0.165647164,0.00451820437,-0.0684421286,-0.382341623,0.921477914],"shapeName":"/levels/Utah/art/shapes/buildings/utah_mines_rough_edge.dae"}
{"class":"TSStatic","persistentId":"1cc1bedf-f049-4ccf-8904-b64bdc00005c","__parent":"north_mine","position":[248.085663,904.329041,236.739578],"isRenderEnabled":false,"rotationMatrix":[0.92571497,-0.355309874,-0.129637733,0.211730167,0.770845354,-0.600805938,0.313403189,0.528726935,0.788813174],"shapeName":"/levels/Utah/art/shapes/buildings/utah_mines_rough_edge.dae"}
{"class":"TSStatic","persistentId":"1deb8f16-add2-4a99-9c38-cc5dcec47159","__parent":"north_mine","position":[158.797699,899.723633,253.607925],"isRenderEnabled":false,"rotationMatrix":[-0.330712914,0.888640821,-0.317705244,-0.923955381,-0.236330226,0.300748795,0.192175299,0.393008024,0.89922297],"shapeName":"/levels/Utah/art/shapes/buildings/utah_mines_rough_edge.dae"}
{"class":"TSStatic","persistentId":"1e5efead-45a0-4b2e-9316-506f3b6f5fd9","__parent":"north_mine","position":[302.018188,902.841064,235.215134],"isRenderEnabled":false,"rotationMatrix":[-0.977560937,0.179976419,-0.109458491,-0.178953916,-0.983671606,-0.0191736277,-0.111121848,0.000844388269,0.993806839],"scale":[0.979046345,0.979046345,0.979046345],"shapeName":"/levels/Utah/art/shapes/buildings/utah_mines_rough_edge.dae"}
{"class":"TSStatic","persistentId":"1e83ad0a-ffdb-4e9f-a623-fffebc1ae677","__parent":"north_mine","position":[272.718781,910.531372,244.542999],"isRenderEnabled":false,"scale":[1.99257767,1.99257767,1.99257767],"shapeName":"/levels/Utah/art/shapes/rocks/utah_rock_big_2_e.dae"}
{"class":"TSStatic","persistentId":"1eaf44af-0bb5-48c7-b256-adeded224551","__parent":"north_mine","position":[270.583435,898.658997,230.884689],"isRenderEnabled":false,"rotationMatrix":[-0.992810607,0.118946396,-0.0133760627,-0.118949987,-0.967984021,0.221037775,0.013343838,0.221039727,0.975173354],"shapeName":"/levels/Utah/art/shapes/rocks/utah_rock_big_2_b.dae"}
{"class":"TSStatic","persistentId":"1f64f1c8-c2b6-4916-9bb8-a2aecfdcb161","__parent":"north_mine","position":[262.023987,825.500488,212.919388],"isRenderEnabled":false,"rotationMatrix":[0.809931815,-0.558343649,0.179594994,0.53479135,0.828763127,0.164752156,-0.240829811,-0.0373947248,0.969838619],"shapeName":"/levels/Utah/art/shapes/buildings/utah_mines_rough_edge.dae"}
{"class":"TSStatic","persistentId":"211e4dd8-3bb2-4074-b4e9-2cde1dc702e8","__parent":"north_mine","position":[248.182022,911.32782,216.146515],"isRenderEnabled":false,"rotationMatrix":[0.870695114,0.486445069,-0.072521016,-0.491738915,0.863717794,-0.110370897,0.0089483643,0.131760851,0.991241217],"shapeName":"/levels/Utah/art/shapes/rocks/utah_rock_big_2_b.dae"}
{"class":"TSStatic","persistentId":"21219fcd-2ca0-4a66-aff0-2368f86ebe34","__parent":"north_mine","position":[302.554413,903.276672,239.36908],"isRenderEnabled":false,"rotationMatrix":[0.105702735,0.994368792,0.00783978403,-0.952842355,0.103537507,-0.285263956,-0.284469336,0.0226831287,0.958416998],"scale":[0.645065427,0.645065427,0.645065427],"shapeName":"/levels/Utah/art/shapes/rocks/utah_rock_big_2_b.dae"}
{"class":"TSStatic","persistentId":"2154a0ae-defb-431c-b8aa-062fc4a79ce6","__parent":"north_mine","position":[276.378174,732.612488,184.600952],"isRenderEnabled":false,"rotationMatrix":[0.926738977,0.152122125,0.343500227,-0.188197047,0.979334891,0.0740202963,-0.325144142,-0.13324441,0.936221421],"shapeName":"/levels/Utah/art/shapes/buildings/utah_mines_rough_edge.dae"}
{"class":"TSStatic","persistentId":"215b7ba5-c457-4879-8ff5-9bba938881c5","__parent":"north_mine","position":[261.591827,904.900269,249.020248],"isRenderEnabled":false,"rotationMatrix":[-0.999446034,-0.0116895773,0.0311647486,0.0321026556,-0.0911772847,0.995317578,-0.00879306812,0.995767176,0.0915009379],"scale":[2.31439066,2.31439066,2.31439066],"shapeName":"/levels/Utah/art/shapes/rocks/utah_rock_big_2_c.dae"}
{"class":"TSStatic","persistentId":"21f47218-098e-4f3b-9ac4-4c3e66c7889c","__parent":"north_mine","position":[101.06797,886.639404,267.503021],"isRenderEnabled":false,"rotationMatrix":[-0.217960194,0.935007155,-0.27973035,-0.975948811,-0.207737103,0.0660650954,0.00366166513,0.287408739,0.957797885],"shapeName":"/levels/Utah/art/shapes/buildings/utah_mines_rough_edge.dae"}
{"class":"TSStatic","persistentId":"2266679e-5dca-4063-814d-3e03613ca10b","__parent":"north_mine","position":[298.574219,903.988586,244.568298],"isRenderEnabled":false,"rotationMatrix":[-0.999999464,0,-1.04308128e-07,0,1,0,1.04308128e-07,0,-0.999999464],"shapeName":"/levels/Utah/art/shapes/rocks/utah_rock_big_2_d_top.dae"}
{"class":"TSStatic","persistentId":"22c1cdb3-5dee-4a41-8bbe-56e75bed9ed0","__parent":"north_mine","position":[272.911377,708.744507,170.615509],"isRenderEnabled":false,"rotationMatrix":[0.00873997714,-0.986333966,-0.16453208,0.99966836,0.012609655,-0.0224896334,0.0242569875,-0.164280966,0.986115396],"shapeName":"/levels/Utah/art/shapes/rocks/utah_rock_big_2_b.dae"}
{"class":"TSStatic","persistentId":"241891fa-28b8-4df1-a2c6-9608b42c3632","__parent":"north_mine","position":[257.014343,916.417603,247.65921],"isRenderEnabled":false,"rotationMatrix":[-0.996729016,0.0709780455,0.0386498123,0.0321026556,-0.0911772847,0.995317578,0.0741690397,0.99330318,0.0885993764],"scale":[2.82556057,2.82556057,2.82556057],"shapeName":"/levels/Utah/art/shapes/rocks/utah_rock_big_2_c.dae"}
{"class":"TSStatic","persistentId":"2598392d-aaf6-4ef2-8a5a-341fe0238ff1","__parent":"north_mine","position":[264.659943,823.625793,207.547272],"isRenderEnabled":false,"rotationMatrix":[0.499637693,0.866234481,0,-0.866234481,0.499637693,0,0,0,1],"scale":[0.743725061,0.743725061,0.743725061],"shapeName":"/levels/Utah/art/shapes/rocks/utah_rock_big_2_b.dae"}
{"class":"TSStatic","persistentId":"26352ea8-5123-44d5-a27e-a2d45f8c363d","__parent":"north_mine","position":[370.622711,872.71991,230.538879],"isRenderEnabled":false,"rotationMatrix":[0.956799805,-0.177162305,0.23053804,0.122434042,0.964690268,0.233201802,-0.263712257,-0.194901705,0.944706142],"shapeName":"/levels/Utah/art/shapes/rocks/utah_boulder_2.dae"}
{"class":"TSStatic","persistentId":"26e00333-0d8c-4898-81d4-511775484c09","__parent":"north_mine","position":[305.8414,904.439148,235.465347],"isRenderEnabled":false,"rotationMatrix":[0.171224698,0.960639954,0.218764782,-0.985231876,0.16711688,0.037285611,-0.000741459662,-0.221918896,0.975066483],"shapeName":"/levels/Utah/art/shapes/buildings/utah_mines_rough_edge.dae"}
{"class":"TSStatic","persistentId":"27a73057-7496-479b-a724-502845cd2ee1","__parent":"north_mine","position":[261.489014,911.258667,246.634216],"isRenderEnabled":false,"rotationMatrix":[-0.999016464,0.0443950929,-4.67847983e-13,0.0443950929,0.999016464,-2.38417272e-07,-1.05841433e-08,-2.38183191e-07,-0.999999642],"scale":[1.40192878,1.40192878,1.40192878],"shapeName":"/levels/Utah/art/shapes/rocks/utah_rock_big_2_b_top.dae"}
{"class":"TSStatic","persistentId":"27c261c7-bcff-48f5-a766-50fbca742f98","__parent":"north_mine","position":[262.684265,841.050293,209.55603],"isRenderEnabled":false,"rotationMatrix":[0.941500366,-0.33701396,0,0.33701396,0.941500366,0,0,0,1],"shapeName":"/levels/Utah/art/shapes/rocks/utah_rock_big_2_b.dae"}
{"class":"TSStatic","persistentId":"284ba40b-2045-4b69-a142-074ee751dc69","__parent":"north_mine","position":[243.165604,910.424866,244.401123],"isRenderEnabled":false,"rotationMatrix":[0.210946038,0.977501154,-3.10862447e-13,0.977501154,-0.210946038,-2.38417243e-07,-2.33053527e-07,5.02926909e-08,-0.999999642],"scale":[1.40192878,1.40192878,1.40192878],"shapeName":"/levels/Utah/art/shapes/rocks/utah_rock_big_2_b_top.dae"}
