{"class":"TSStatic","persistentId":"fdf8c123-7ccb-4d8f-83a2-a46867ff7b08","__parent":"prop","position":[1385.01697,1383.68701,118.261002],"annotation":"SIDEWALK","isRenderEnabled":false,"rotationMatrix":[-0.987614691,-0.156742439,0.00699951965,0.156893611,-0.986956894,0.0360619314,0.00125578954,0.0367134772,0.999324977],"scale":[0.800000012,1,1],"shapeName":"/levels/johnson_valley/art/shapes/building/s_rumblestrip.dae","useInstanceRenderData":true}
{"class":"TSStatic","persistentId":"168eaf57-0c26-4035-9cef-ecca4057444a","__parent":"prop","position":[-906.853149,-826.576538,170.141449],"annotation":"OBSTACLES","isRenderEnabled":false,"shapeName":"/levels/johnson_valley/art/shapes/misc/antenna.dae","useInstanceRenderData":true}
{"class":"TSStatic","persistentId":"3d04061f-9c50-4ab5-ab6f-7db25f62d812","__parent":"prop","annotation":"OBSTACLES","isRenderEnabled":false,"shapeName":"/levels/johnson_valley/art/shapes/misc/s_fences_wire.dae","useInstanceRenderData":true}
{"class":"TSStatic","persistentId":"38d53bdf-18ac-4382-9da0-450beb69c681","__parent":"prop","position":[1400.64783,1352.66516,118.015167],"annotation":"OBSTACLES","isRenderEnabled":false,"rotationMatrix":[0.104105294,0.994566321,0,-0.994566321,0.104105294,0,0,0,1],"shapeName":"/levels/johnson_valley/art/shapes/building/s_mascot.dae","useInstanceRenderData":true}
{"class":"TSStatic","persistentId":"92b9b4f5-36c8-4d09-b20d-10a159b9833a","__parent":"prop","position":[1379.92334,1379.41211,118.420914],"annotation":"OBSTACLES","isRenderEnabled":false,"rotationMatrix":[0.995931745,-0.0901105404,0,0.0901105404,0.995931745,0,0,0,1],"shapeName":"/levels/johnson_valley/art/shapes/building/s_mascot.dae","useInstanceRenderData":true}
{"class":"TSStatic","persistentId":"ea121cd0-c1c1-49ee-ad7e-f0cba29a0422","__parent":"prop","position":[1384.27515,1376.93994,118.501236],"annotation":"SPEED_BUMP","isRenderEnabled":false,"rotationMatrix":[0.989719033,0.142870352,-0.00665985933,-0.142867103,0.989741385,0.000961358717,0.00672888802,0,0.99997735],"scale":[0.850861073,1,1],"shapeName":"/levels/johnson_valley/art/shapes/building/s_roadside.dae","useInstanceRenderData":true}
{"class":"TSStatic","persistentId":"ec947cdd-d71c-4456-af3c-4bd5399e692a","__parent":"prop","position":[1399.86621,1348.61316,118.149971],"annotation":"SIDEWALK","isRenderEnabled":false,"rotationMatrix":[0.054240644,0.998478353,0.00996373221,-0.997918069,0.0538560748,0.0354894437,0.034898825,-0.0118679656,0.999320388],"shapeName":"/levels/johnson_valley/art/shapes/building/s_rumblestrip.dae","useInstanceRenderData":true}
{"class":"TSStatic","persistentId":"b9f4fd38-48bc-4b74-9174-8ae18b597d6c","__parent":"prop","position":[1389.46228,1381.14783,118.47934],"annotation":"OBSTACLES","isRenderEnabled":false,"rotationMatrix":[0.991776049,0.127985477,0,-0.127985477,0.991776049,0,0,0,1],"shapeName":"/levels/johnson_valley/art/shapes/building/s_board.dae","useInstanceRenderData":true}
{"class":"TSStatic","persistentId":"4f0e680f-b0bb-4796-9b3a-1441b5d4349d","__parent":"prop","position":[1389.05676,1377.6355,118.463387],"annotation":"SPEED_BUMP","isRenderEnabled":false,"rotationMatrix":[0.989719033,0.142870352,-0.00665985933,-0.142867103,0.989741385,0.000961358717,0.00672888802,0,0.99997735],"scale":[0.850861073,1,1],"shapeName":"/levels/johnson_valley/art/shapes/building/s_roadside.dae","useInstanceRenderData":true}
{"class":"TSStatic","persistentId":"6963af27-0ee5-484f-a869-3bc9c0506858","__parent":"prop","position":[1393.83154,1378.34631,118.431213],"annotation":"SPEED_BUMP","isRenderEnabled":false,"rotationMatrix":[0.988674164,0.149930879,-0.00664362637,-0.149927095,0.988696456,0.00106779067,0.00672862446,-5.96374739e-05,0.99997735],"scale":[0.850861073,1,1],"shapeName":"/levels/johnson_valley/art/shapes/building/s_roadside.dae","useInstanceRenderData":true}
{"name":"p_woodfence","class":"Prefab","persistentId":"5945a90c-60b6-4956-aabc-27ac881e56dc","__parent":"prop","position":[1344.81897,-1316.24609,123.48381],"annotation":"OBSTACLES","fileName":"/levels/johnson_valley/art/prefabs/p_woodfence.prefab"}
{"class":"TSStatic","persistentId":"de664f60-39cf-4f70-8b7e-30172de1e463","__parent":"prop","position":[3149.93408,-5607.91553,82.3124008],"annotation":"OBSTACLES","decalType":"None","isRenderEnabled":false,"rotationMatrix":[-0.115296721,-0.992089808,0.0496413931,0.993293107,-0.11558485,-0.00296403281,0.00867838599,0.0489667132,0.998762727],"shapeName":"/levels/johnson_valley/art/shapes/building/s_motorhome_01.dae","useInstanceRenderData":true}
{"class":"TSStatic","persistentId":"6293b14a-7a86-48fc-851c-1d6b2598f8a9","__parent":"prop","position":[3179.93896,-5611.45654,82.2440033],"annotation":"OBSTACLES","decalType":"None","isRenderEnabled":false,"rotationMatrix":[-0.09793365,-0.99483496,0.0266866647,0.995192111,-0.0979303122,0.00143706426,0.00118379388,0.0266990978,0.999642789],"shapeName":"/levels/johnson_valley/art/shapes/building/s_truck.dae","useInstanceRenderData":true}
{"name":"map_boundery","class":"SimGroup","persistentId":"f9b660c1-f0b1-420f-b470-7899ae06a052","__parent":"prop"}
