{"name":"Good","class":"SimGroup","persistentId":"4dda011c-168f-447e-8455-1c8a6db65ff7","__parent":"CameraBookmarks"}
{"internalName":"NewCamera_37","class":"CameraBookmark","persistentId":"0368188a-c77f-481e-a44e-315c07a9b55b","__parent":"CameraBookmarks","position":[374.152374,-847.502747,301.755524],"dataBlock":"CameraBookmarkMarker","rotationMatrix":[-0.96503365,0.26212579,2.23517418e-08,-0.153557405,-0.565331817,-0.810444295,-0.212438345,-0.782106102,0.585815668]}
{"internalName":"NewCamera_28","class":"CameraBookmark","persistentId":"04719fef-4515-4342-8b2a-20712f396836","__parent":"CameraBookmarks","position":[1008.18994,394.278961,200.881226],"dataBlock":"CameraBookmarkMarker","rotationMatrix":[-0.224935532,0.974373639,-1.49011612e-08,-0.845520675,-0.195189595,-0.496986747,-0.484250844,-0.111789927,0.867758155]}
{"internalName":"NewCamera_55","class":"CameraBookmark","persistentId":"04dd59e4-7c2b-4a5e-b974-663fadec63af","__parent":"CameraBookmarks","position":[119.636932,1396.14844,198.05751],"dataBlock":"CameraBookmarkMarker","rotationMatrix":[-0.610553265,-0.791975498,5.96046448e-08,0.539034605,-0.41555512,-0.732636452,0.580230057,-0.447313339,0.680620313]}
{"internalName":"NewCamera_51","class":"CameraBookmark","persistentId":"0a9b1ddb-0e8a-4054-9780-c023889bd211","__parent":"CameraBookmarks","position":[-31.7011337,-1225.59998,468.891296],"dataBlock":"CameraBookmarkMarker","rotationMatrix":[0.672702312,0.739913225,-8.94069672e-08,-0.000145167112,0.000131905079,-0.99999994,-0.739913225,0.672702253,0.000196158886]}
{"internalName":"NewCamera_43","class":"CameraBookmark","persistentId":"1382ba34-b2fa-475b-839a-c0f45cce2fa2","__parent":"CameraBookmarks","position":[-976.407776,1666.36804,155.405426],"dataBlock":"CameraBookmarkMarker","rotationMatrix":[-0.561840892,0.827245116,5.96046448e-08,-0.735028028,-0.499209642,-0.458828121,-0.379563332,-0.257788509,0.888525009]}
{"internalName":"NewCamera_36","class":"CameraBookmark","persistentId":"14b5a4df-a9c0-4ccb-a869-749a861e3b1e","__parent":"CameraBookmarks","position":[-828.94104,-995.477173,473.873108],"dataBlock":"CameraBookmarkMarker","rotationMatrix":[-0.301647067,0.953419507,0,-0.915306032,-0.289588571,-0.279916316,-0.266877711,-0.0844359919,0.960024416]}
{"internalName":"NewCamera_29","class":"CameraBookmark","persistentId":"14e06b47-3d31-4309-9ccc-39ae505696b3","__parent":"CameraBookmarks","position":[-373.077393,-925.714172,320.083466],"dataBlock":"CameraBookmarkMarker","rotationMatrix":[0.411323249,-0.911489487,8.94069672e-08,0.000178843737,8.05854797e-05,-0.99999994,0.911489487,0.411323249,0.000196158886]}
{"internalName":"NewCamera_20","class":"CameraBookmark","persistentId":"175eab7f-ff16-4f70-8c6d-8a5da567e7f3","__parent":"CameraBookmarks","position":[1090.42749,-797.165344,163.092834],"dataBlock":"CameraBookmarkMarker","rotationMatrix":[0.863587558,-0.504198909,4.47034836e-08,0.34123531,0.584464788,-0.736178875,0.371180594,0.635754943,0.676787019]}
{"internalName":"NewCamera_27","class":"CameraBookmark","persistentId":"1ad18417-13f8-44cb-998e-a31a80f639b3","__parent":"CameraBookmarks","position":[399.240356,1196.95337,177.530701],"dataBlock":"CameraBookmarkMarker","rotationMatrix":[-0.152417302,0.988316298,1.49011612e-08,-0.895085931,-0.138039351,-0.4239887,-0.419034898,-0.0646231771,0.905667484]}
{"internalName":"NewCamera_13","class":"CameraBookmark","persistentId":"1e998cea-9fe9-4093-b798-86b14253dd0f","__parent":"CameraBookmarks","position":[699.893982,329.946014,183.936005],"dataBlock":"CameraBookmarkMarker","rotationMatrix":[0.620067954,-0.784548104,-1.54972076e-06,0.58114332,0.459308267,-0.671794891,0.527056098,0.41655758,0.740737259]}
{"internalName":"NewCamera_6","class":"CameraBookmark","persistentId":"23ca5503-7fdd-4728-8486-4bb09de357e0","__parent":"CameraBookmarks","position":[-1049.06006,1711.81995,191.492004],"dataBlock":"CameraBookmarkMarker","observer":false,"rotationMatrix":[0.981767416,-0.190086126,5.96046448e-08,0.0080794394,0.041728735,-0.999096394,0.189914346,0.98088026,0.0425037146]}
{"internalName":"NewCamera_50","class":"CameraBookmark","persistentId":"2c868bae-b2eb-4a4d-8382-77b8fed45ad2","__parent":"CameraBookmarks","position":[1663.93323,1623.62158,179.797195],"dataBlock":"CameraBookmarkMarker","rotationMatrix":[0.946942329,0.321403533,1.16415322e-08,-0.321289569,0.946606636,-0.0266251843,-0.00855743885,0.0252125096,0.999645472]}
{"internalName":"NewCamera_56","class":"CameraBookmark","persistentId":"31934297-c699-47c3-a11e-c551582ed04f","__parent":"CameraBookmarks","position":[473.448578,1888.44006,278.973053],"dataBlock":"CameraBookmarkMarker","rotationMatrix":[0.133466244,0.991053402,-5.96046448e-08,-0.748361409,0.100782573,-0.655589938,-0.649724603,0.0874991715,0.755117118]}
{"internalName":"NewCamera_23","class":"CameraBookmark","persistentId":"31cee652-d2bb-491c-a691-b4a3c84bc671","__parent":"CameraBookmarks","position":[946.136841,-5.64832401,238.440155],"dataBlock":"CameraBookmarkMarker","rotationMatrix":[-0.672385216,0.740201354,-8.94069672e-08,-0.467991352,-0.425114751,-0.774765432,-0.573482513,-0.52094084,0.632248759]}
{"internalName":"NewCamera_15","class":"CameraBookmark","persistentId":"331da8e9-0809-4748-916b-c5b31ad62bff","__parent":"CameraBookmarks","position":[-1695.9198,986.531982,176.33606],"dataBlock":"CameraBookmarkMarker","rotationMatrix":[-0.120545506,0.992707729,2.98023224e-07,-0.264794081,-0.0321538448,-0.963768721,-0.956740677,-0.116178155,0.266739249]}
{"internalName":"NewCamera_8","class":"CameraBookmark","persistentId":"34d9ab31-4313-4fee-acda-06ff93c3dfde","__parent":"CameraBookmarks","position":[892.737,1436.31006,139.666],"dataBlock":"CameraBookmarkMarker","observer":false,"rotationMatrix":[-0.461344481,-0.887221038,8.56816769e-08,0.883289874,-0.459300399,-0.0940329507,0.083428055,-0.0433815196,0.99556911]}
{"internalName":"NewCamera_18","class":"CameraBookmark","persistentId":"3a7f26bc-7467-4c4e-8ff7-9074e50341ad","__parent":"CameraBookmarks","position":[-1715.68787,1485.02124,187.48053],"dataBlock":"CameraBookmarkMarker","rotationMatrix":[-0.274301052,-0.961643934,0,0.123008579,-0.0350872278,-0.991785228,0.953744173,-0.272047698,0.127914786]}
{"internalName":"NewCamera_35","class":"CameraBookmark","persistentId":"400cf9fa-ece2-4b25-a450-ba09add712e9","__parent":"CameraBookmarks","position":[310.03009,876.302917,178.602905],"dataBlock":"CameraBookmarkMarker","rotationMatrix":[0.717443466,0.696616709,-5.96046448e-08,-0.65308553,0.672610879,-0.347956777,-0.242392451,0.249639347,0.93751061]}
{"internalName":"NewCamera_42","class":"CameraBookmark","persistentId":"41d024a1-4b9c-4380-bf97-fc858c61a467","__parent":"CameraBookmarks","position":[-1205.86218,1667.50171,172.689362],"dataBlock":"CameraBookmarkMarker","rotationMatrix":[-0.926332116,0.376707494,7.4505806e-09,-0.358329892,-0.881141186,-0.308528215,-0.1162249,-0.285799652,0.951215208]}
{"internalName":"NewCamera_34","class":"CameraBookmark","persistentId":"41e5424a-934c-419e-872a-0ba71b50a181","__parent":"CameraBookmarks","position":[-848.322449,-20.3076591,280.451752],"dataBlock":"CameraBookmarkMarker","rotationMatrix":[-0.953018188,-0.302913517,-1.11758709e-08,0.29579559,-0.930623889,-0.215509266,0.065280661,-0.205384225,0.976501822]}
{"internalName":"NewCamera_5","class":"CameraBookmark","persistentId":"4394553a-e2dd-4856-89cb-51ceaffdc075","__parent":"CameraBookmarks","position":[511.739014,-737.674988,332.424011],"dataBlock":"CameraBookmarkMarker","observer":false,"rotationMatrix":[0.290220857,0.956959605,1.07288361e-06,-0.627275467,0.190237164,-0.755205452,-0.722701371,0.219175637,0.655488133]}
{"internalName":"NewCamera_44","class":"CameraBookmark","persistentId":"44095196-83ca-4d20-a767-fedfea870faa","__parent":"CameraBookmarks","position":[-663.547058,-239.720184,266.768921],"dataBlock":"CameraBookmarkMarker","rotationMatrix":[-0.954045773,-0.299660206,-2.23517418e-08,0.263661802,-0.839435577,-0.475215882,0.142403305,-0.453377813,0.879869223]}
{"internalName":"NewCamera_19","class":"CameraBookmark","persistentId":"50c33728-5fa8-430e-b6d1-ccc79e59f23d","__parent":"CameraBookmarks","position":[-1717.41663,1378.3949,169.756699],"dataBlock":"CameraBookmarkMarker","rotationMatrix":[-0.103130817,-0.994667768,-1.49011612e-07,0.545942664,-0.0566052198,-0.835908175,0.831450939,-0.0862079561,0.548869312]}
{"internalName":"NewCamera_21","class":"CameraBookmark","persistentId":"563e7c99-bf2d-4c68-aa26-dbe09ba31691","__parent":"CameraBookmarks","position":[-1073.81006,789.435364,382.866974],"dataBlock":"CameraBookmarkMarker","rotationMatrix":[-0.0440990925,-0.999027014,-1.1920929e-07,0.470020145,-0.0207474232,-0.882411718,0.881553233,-0.0389136374,0.470477939]}
{"internalName":"NewCamera_22","class":"CameraBookmark","persistentId":"5f007955-6bef-440c-850c-dcd5d867e9fa","__parent":"CameraBookmarks","position":[693.089783,209.007614,183.370865],"dataBlock":"CameraBookmarkMarker","rotationMatrix":[-0.99887526,-0.0474219099,1.21071935e-08,0.0385668799,-0.81235683,-0.581884563,0.0275940821,-0.581229866,0.813271463]}
{"internalName":"NewCamera_38","class":"CameraBookmark","persistentId":"5fc4523f-8730-440d-84ff-4e0299791c42","__parent":"CameraBookmarks","position":[1504.19739,1087.40222,252.11731],"dataBlock":"CameraBookmarkMarker","rotationMatrix":[-0.635260344,0.772298098,7.4505806e-09,-0.761258602,-0.626179695,-0.168476686,-0.130114198,-0.107026562,0.985705614]}
{"internalName":"NewCamera_41","class":"CameraBookmark","persistentId":"6213767f-1b3d-4f27-a370-71ed926249db","__parent":"CameraBookmarks","position":[677.238831,782.92157,202.714966],"dataBlock":"CameraBookmarkMarker","rotationMatrix":[0.996303737,-0.0859001428,1.11758709e-08,0.0523625761,0.60732168,-0.792728603,0.0680954903,0.789798439,0.609574795]}
{"internalName":"NewCamera_45","class":"CameraBookmark","persistentId":"64b7663b-7959-4f94-bfa5-c11fc2d00e17","__parent":"CameraBookmarks","position":[-170.42131,-1409.93396,407.476196],"dataBlock":"CameraBookmarkMarker","rotationMatrix":[-0.998932362,-0.0462035611,-3.7252903e-09,9.06549394e-06,-0.000195980072,-1.00000012,0.0462035611,-0.998932123,0.000195980072]}
{"internalName":"NewCamera_11","class":"CameraBookmark","persistentId":"675e3ec8-0175-483f-8230-61585d677a25","__parent":"CameraBookmarks","position":[952.892029,-1018.04999,269.738007],"dataBlock":"CameraBookmarkMarker","observer":false,"rotationMatrix":[-0.369509339,-0.929227054,7.07805157e-08,0.928765953,-0.369325995,-0.0314979404,0.0292687621,-0.0116387168,0.999503791]}
{"internalName":"NewCamera_46","class":"CameraBookmark","persistentId":"6cd7ddab-c82e-4e27-bba2-826169103786","__parent":"CameraBookmarks","position":[718.222168,-706.513855,193.584457],"dataBlock":"CameraBookmarkMarker","rotationMatrix":[-0.905375838,0.424609959,-2.98023224e-08,-0.255732775,-0.545286894,-0.798286974,-0.338960707,-0.722750127,0.6022771]}
{"name":"thin_asphalt_line","internalName":"NewCamera_30","class":"CameraBookmark","persistentId":"7075a4d1-786f-456c-af92-b505f3741717","__parent":"CameraBookmarks","position":[1210.87476,389.937378,236.636902],"dataBlock":"CameraBookmarkMarker","rotationMatrix":[-0.999720693,0.0236515608,1.55996531e-08,-0.0225691516,-0.953968525,-0.299057722,-0.00707316492,-0.298974037,0.954235017]}
{"internalName":"NewCamera_25","class":"CameraBookmark","persistentId":"789e8f8a-3a43-46ce-8df4-d3ac78d11403","__parent":"CameraBookmarks","position":[1001.98761,1275.82056,163.532486],"dataBlock":"CameraBookmarkMarker","rotationMatrix":[-0.993672371,0.112318613,2.60770321e-08,-0.0550126955,-0.486692071,-0.871839762,-0.0979238153,-0.866322994,0.489791274]}
{"internalName":"NewCamera_16","class":"CameraBookmark","persistentId":"7de49599-fb12-4927-aeac-2fbd446d7cb0","__parent":"CameraBookmarks","position":[-144.09491,791.569153,216.408661],"dataBlock":"CameraBookmarkMarker","rotationMatrix":[-0.86887753,-0.495027632,-7.4505806e-09,0.48478505,-0.850899577,-0.202370182,0.100178815,-0.175834849,0.979309082]}
{"name":"road_example","internalName":"NewCamera_31","class":"CameraBookmark","persistentId":"851b054c-4afb-4bfe-bc2b-76c0ae79eabc","__parent":"CameraBookmarks","position":[1733.70703,1291.05786,218.597397],"dataBlock":"CameraBookmarkMarker","rotationMatrix":[0.919106126,0.394010007,-5.21540642e-08,-0.370992362,0.865412831,-0.336786777,-0.132697314,0.309542805,0.941580951]}
{"internalName":"NewCamera_4","class":"CameraBookmark","persistentId":"930e74f4-41dd-43eb-a28f-438ff3c05791","__parent":"CameraBookmarks","position":[1604.75,-1008.07001,170.063004],"dataBlock":"CameraBookmarkMarker","observer":false,"rotationMatrix":[0.0697520971,0.997564375,1.63912773e-07,-0.95617038,0.0668578148,-0.285076082,-0.284381747,0.0198845118,0.958504915]}
{"internalName":"NewCamera_48","class":"CameraBookmark","persistentId":"9ab50368-b6f5-41e9-8d31-6a76b8773b64","__parent":"CameraBookmarks","position":[1155.021,1362.54651,148.039688],"dataBlock":"CameraBookmarkMarker","rotationMatrix":[-0.70870471,0.705505133,-2.98023224e-08,-0.571704149,-0.574296951,-0.585949779,-0.413390636,-0.415265411,0.810347319]}
{"internalName":"NewCamera_26","class":"CameraBookmark","persistentId":"9d2f1c9b-19a3-41dc-b6b8-96795fe6139a","__parent":"CameraBookmarks","position":[986.263062,1225.12793,158.839066],"dataBlock":"CameraBookmarkMarker","rotationMatrix":[0.947057843,-0.321062893,3.7252903e-08,0.239306659,0.705896735,-0.666664958,0.214041352,0.631370306,0.745357513]}
{"internalName":"NewCamera_52","class":"CameraBookmark","persistentId":"9dc0aaef-0376-478c-ae9e-4c7c54c2e36d","__parent":"CameraBookmarks","position":[362.96228,1303.83179,169.476471],"dataBlock":"CameraBookmarkMarker","rotationMatrix":[0.310621321,-0.950533688,7.4505806e-09,0.936227858,0.30594635,-0.172841609,0.164291769,0.0536882877,0.984949648]}
{"internalName":"NewCamera_53","class":"CameraBookmark","persistentId":"9e832a38-be4f-4031-adf7-ecf40f47eaaa","__parent":"CameraBookmarks","position":[843.838013,1268.75134,156.746643],"dataBlock":"CameraBookmarkMarker","rotationMatrix":[-0.0746320486,-0.997211099,-4.65661287e-10,0.997186422,-0.0746301413,0.00703762937,-0.00701800268,0.000525231939,0.999975264]}
{"internalName":"NewCamera_0","class":"CameraBookmark","persistentId":"aa399a5d-e9f8-11e6-96ae-bcd60d6fa220","__parent":"CameraBookmarks","position":[-2118.71997,1795.38,362.596985],"dataBlock":"CameraBookmarkMarker","observer":false,"rotationMatrix":[-0.533890486,-0.845553756,1.5348196e-06,0.7662642,-0.483827114,-0.422789335,0.357491791,-0.22572197,0.906228006]}
{"internalName":"NewCamera_1","class":"CameraBookmark","persistentId":"aa399a5e-e9f8-11e6-96ae-bcd60d6fa220","__parent":"CameraBookmarks","position":[1505.39001,807.719971,156.824005],"dataBlock":"CameraBookmarkMarker","observer":false,"rotationMatrix":[0.0142356157,0.999898791,-1.63912773e-07,-0.910271049,0.0129594803,-0.413810104,-0.413768172,0.00589102507,0.910363197]}
{"internalName":"NewCamera_2","class":"CameraBookmark","persistentId":"aa399a5f-e9f8-11e6-96ae-bcd60d6fa220","__parent":"CameraBookmarks","position":[-52.1269989,-607.692993,382.018005],"dataBlock":"CameraBookmarkMarker","rotationMatrix":[0.578424811,-0.815735698,1.49011612e-06,0.597200871,0.423464119,-0.681196928,0.555675983,0.394022107,0.732100248]}
{"name":"building_test","internalName":"NewCamera_3","class":"CameraBookmark","persistentId":"aa399a60-e9f8-11e6-96ae-bcd60d6fa220","__parent":"CameraBookmarks","position":[-293.688995,-1278.16003,289.569],"dataBlock":"CameraBookmarkMarker","observer":false,"rotationMatrix":[-0.868084669,0.496416241,2.04890966e-07,-0.494450301,-0.864646792,-0.0889095739,-0.0441359803,-0.0771811381,0.996039689]}
{"internalName":"NewCamera_12","class":"CameraBookmark","persistentId":"ab2467ca-0517-4499-a9a6-17b37e4a06a2","__parent":"CameraBookmarks","position":[708.307983,286.177002,205.503998],"dataBlock":"CameraBookmarkMarker","observer":false,"rotationMatrix":[0.997972727,0.0636425912,2.98023224e-08,-0.0512285978,0.803310513,-0.593352973,-0.037762545,0.592150152,0.804942369]}
{"internalName":"NewCamera_9","class":"CameraBookmark","persistentId":"b8c349f4-1437-4ca6-a8ef-3a4deca18483","__parent":"CameraBookmarks","position":[-709.648987,1679.02002,191.876007],"dataBlock":"CameraBookmarkMarker","observer":false,"rotationMatrix":[0.0917913914,0.995778322,6.55651093e-07,-0.762333751,0.0702727437,-0.643357635,-0.64064157,0.0590541661,0.765565813]}
{"internalName":"NewCamera_7","class":"CameraBookmark","persistentId":"bda37c2e-f31e-445f-aa19-d7db3080ebfa","__parent":"CameraBookmarks","position":[1179.64001,9.58012962,273.585999],"dataBlock":"CameraBookmarkMarker","observer":false,"rotationMatrix":[0.897294462,-0.441432476,-1.63912773e-07,0.376680911,0.765674889,-0.521395743,0.23016113,0.46784544,0.853314996]}
{"internalName":"NewCamera_58","class":"CameraBookmark","persistentId":"c22004b0-2ecc-4f8c-b522-c50d92c75f41","__parent":"CameraBookmarks","position":[1265.06238,933.914917,167.590363],"dataBlock":"CameraBookmarkMarker","rotationMatrix":[-0.538339853,-0.8427279,0,0.790703416,-0.505106211,-0.345913142,0.291510671,-0.186218768,0.938266516]}
{"internalName":"NewCamera_17","class":"CameraBookmark","persistentId":"cdcf2184-ea0f-44ce-87c1-0ff434e44c51","__parent":"CameraBookmarks","position":[118.915657,-121.027092,209.511383],"dataBlock":"CameraBookmarkMarker","rotationMatrix":[-0.0674307346,0.997723937,1.1920929e-07,-0.291494399,-0.019700408,-0.956369519,-0.954192817,-0.064488858,0.292159438]}
{"internalName":"NewCamera_57","class":"CameraBookmark","persistentId":"db9b2ad3-ed2e-49d7-a58e-a8a585b1c48c","__parent":"CameraBookmarks","position":[-593.127502,1211.76135,181.430542],"dataBlock":"CameraBookmarkMarker","rotationMatrix":[-0.882662058,0.470008016,-5.96046448e-08,-9.22232866e-05,-0.000173330307,-0.999999881,-0.470007986,-0.882662058,0.000196397305]}
{"internalName":"NewCamera_54","class":"CameraBookmark","persistentId":"e1d28f78-d24c-4116-bd6f-88e8d9b72f2a","__parent":"CameraBookmarks","position":[-774.665039,-912.349304,496.269958],"dataBlock":"CameraBookmarkMarker","rotationMatrix":[0.977960587,0.208789736,-2.23517418e-08,-0.0458186567,0.214612126,-0.975624084,-0.203700274,0.954121828,0.219448686]}
{"internalName":"NewCamera_24","class":"CameraBookmark","persistentId":"e27b4d79-4c9e-442d-b67d-04a2f501b897","__parent":"CameraBookmarks","position":[644.773132,1287.14294,209.637985],"dataBlock":"CameraBookmarkMarker","rotationMatrix":[-0.999853849,0.0170995183,4.09781933e-08,-3.39839607e-06,-0.0001963377,-0.99999994,-0.0170995165,-0.99985379,0.0001963377]}
{"internalName":"NewCamera_47","class":"CameraBookmark","persistentId":"edf3ef93-d8ca-45ae-9a8c-b054c40d6746","__parent":"CameraBookmarks","position":[-349.121246,-1078.45935,359.947845],"dataBlock":"CameraBookmarkMarker","rotationMatrix":[-0.978407621,0.206685781,-2.60770321e-08,-0.183757365,-0.869869351,-0.457778454,-0.0946163088,-0.447893798,0.889066339]}
{"internalName":"NewCamera_14","class":"CameraBookmark","persistentId":"f1ae9bbd-8645-4b93-b592-31eb73ec120c","__parent":"CameraBookmarks","position":[-1015.15778,-1671.66333,189.275162],"dataBlock":"CameraBookmarkMarker","rotationMatrix":[0.424641311,-0.905361652,-2.98023224e-08,0.302031845,0.141661882,-0.94271338,0.853496671,0.400315017,0.333603561]}
{"internalName":"NewCamera_33","class":"CameraBookmark","persistentId":"f20dac71-facd-429d-8cf0-536396dbbbd4","__parent":"CameraBookmarks","position":[297.989075,32.7361794,217.909912],"dataBlock":"CameraBookmarkMarker","rotationMatrix":[-0.516025782,-0.856573105,-2.23517418e-08,0.832521558,-0.501536369,-0.23530671,0.201557368,-0.121424347,0.971921146]}
{"internalName":"NewCamera_32","class":"CameraBookmark","persistentId":"f82fc147-b3e9-46e2-821f-4763abdcfaf3","__parent":"CameraBookmarks","position":[-695.190186,661.141846,274.061981],"dataBlock":"CameraBookmarkMarker","rotationMatrix":[-0.841564417,0.540156245,-4.47034836e-08,-0.444741786,-0.692908525,-0.567522645,-0.30655098,-0.477607012,0.823357761]}
