{"class":"TSStatic","persistentId":"e5e3ae3f-2011-4cff-865a-ef0a266d1bd4","__parent":"police_stations","position":[-1057.64111,940.852905,391.495209],"isRenderEnabled":false,"rotationMatrix":[-1.1920929e-07,0.999999821,0,-0.999999821,-1.1920929e-07,0,0,0,1],"shapeName":"/levels/italy/art/shapes/buildings/italy_wall_concrete_high.dae","useInstanceRenderData":true}
{"class":"TSStatic","persistentId":"04419090-a452-4f5e-adfa-6bcefa696792","__parent":"police_stations","position":[-1057.64587,942.561279,391.495209],"isRenderEnabled":false,"rotationMatrix":[-1.1920929e-07,0.999999821,0,-0.999999821,-1.1920929e-07,0,0,0,1],"shapeName":"/levels/italy/art/shapes/buildings/italy_wall_concrete_high.dae","useInstanceRenderData":true}
{"class":"TSStatic","persistentId":"1484583b-0bb6-434b-9674-cd512f5fd737","__parent":"police_stations","position":[1090.13306,-693.013367,146.131744],"annotation":"OBSTACLES","isRenderEnabled":false,"rotationMatrix":[0.109956212,0.993909717,-0.00721752085,-0.991775393,0.110192835,0.0651001334,0.0654989779,-2.094388e-09,0.997852743],"shapeName":"/levels/italy/art/shapes/buildings/italy_barrier_polizia.dae"}
{"class":"TSStatic","persistentId":"1822788b-4a72-45b1-ab33-1acad178a300","__parent":"police_stations","position":[-1072.97705,944.891357,387.796021],"annotation":"BUILDINGS","isRenderEnabled":false,"shapeName":"/levels/italy/art/shapes/buildings/town_polizia_12x12.dae"}
{"class":"TSStatic","persistentId":"27181214-4d45-491b-a3da-766ff70f4c63","__parent":"police_stations","position":[1092.41284,-697.284424,146.071381],"annotation":"OBSTACLES","isRenderEnabled":false,"rotationMatrix":[0.981626868,0.190809995,0,-0.190809995,0.981626868,0,0,0,1],"shapeName":"/levels/italy/art/shapes/buildings/italy_barrier_polizia.dae"}
{"class":"TSStatic","persistentId":"28dcfebe-a5d7-497a-905d-14afd02fa2b2","__parent":"police_stations","position":[1168.57556,1162.70776,154.336258],"annotation":"OBSTACLES","isRenderEnabled":false,"rotationMatrix":[-0.0503853746,0.99871093,0.00614750804,-0.996667802,-0.0506757237,0.0639175996,0.0641467795,-0.00290649501,0.997936368],"shapeName":"/levels/italy/art/shapes/buildings/italy_barrier_polizia.dae"}
{"class":"TSStatic","persistentId":"3160b612-1961-49b7-a0be-bc97bca386b2","__parent":"police_stations","position":[-1061.21741,951.948303,391.039551],"annotation":"OBSTACLES","isRenderEnabled":false,"rotationMatrix":[0.0351185389,0.999380708,0.00203658314,-0.997704506,0.03517754,-0.0578585491,-0.057894364,-2.61926425e-10,0.998322785],"shapeName":"/levels/italy/art/shapes/buildings/italy_barrier_polizia.dae"}
{"class":"TSStatic","persistentId":"346dfc52-ffb7-4575-8ca9-85d96a06ac34","__parent":"police_stations","position":[1170.80591,1158.55371,154.314087],"annotation":"OBSTACLES","isRenderEnabled":false,"rotationMatrix":[1,0,0,0,0.998359144,-0.057261277,0,0.057261277,0.998359144],"shapeName":"/levels/italy/art/shapes/buildings/italy_barrier_polizia.dae"}
{"class":"TSStatic","persistentId":"42e1aa2a-b7d8-4b8f-aaa2-740eb6a7827c","__parent":"police_stations","position":[1092.35681,-694.757996,146.071381],"annotation":"OBSTACLES","isRenderEnabled":false,"shapeName":"/levels/italy/art/shapes/buildings/italy_barrier_polizia.dae"}
{"class":"TSStatic","persistentId":"600dbfec-3907-4ce0-95ec-081c740b88c2","__parent":"police_stations","position":[1170.67957,1160.98218,154.219238],"annotation":"OBSTACLES","isRenderEnabled":false,"shapeName":"/levels/italy/art/shapes/buildings/italy_barrier_polizia.dae"}
{"class":"TSStatic","persistentId":"791dfcb8-cf7b-4d95-9d3d-6c67ac3ba3f4","__parent":"police_stations","position":[1093.56787,-702.562439,146.071381],"annotation":"OBSTACLES","isRenderEnabled":false,"rotationMatrix":[0.373422891,0.927660704,0,-0.927660704,0.373422891,0,0,0,1],"shapeName":"/levels/italy/art/shapes/buildings/italy_barrier_polizia.dae"}
{"class":"TSStatic","persistentId":"890f4a77-08c3-4d5c-9d02-18cf07f39326","__parent":"police_stations","position":[-1059.07239,952.245544,391.194855],"annotation":"OBSTACLES","isRenderEnabled":false,"rotationMatrix":[0.191919878,0.981410325,0,-0.981410325,0.191919878,0,0,0,1],"shapeName":"/levels/italy/art/shapes/buildings/italy_barrier_polizia.dae"}
{"class":"TSStatic","persistentId":"a8dcc16f-b3ed-4d65-bab8-4a7ad37f2c07","__parent":"police_stations","position":[1087.83203,-692.985779,146.223816],"annotation":"OBSTACLES","isRenderEnabled":false,"rotationMatrix":[0.109956212,0.993909717,-0.00721752085,-0.991775393,0.110192835,0.0651001334,0.0654989779,-2.094388e-09,0.997852743],"shapeName":"/levels/italy/art/shapes/buildings/italy_barrier_polizia.dae"}
{"class":"TSStatic","persistentId":"c1b1d8e6-2834-4565-afb4-7f1c4d3e736c","__parent":"police_stations","position":[1154.07483,1155.86292,151.651932],"annotation":"BUILDINGS","isRenderEnabled":false,"shapeName":"/levels/italy/art/shapes/buildings/town_polizia_12x12.dae"}
{"class":"TSStatic","persistentId":"cbf37a8d-340b-470f-a79a-adee1ac22f19","__parent":"police_stations","position":[1076.04382,-699.651978,143.268036],"annotation":"BUILDINGS","isRenderEnabled":false,"shapeName":"/levels/italy/art/shapes/buildings/town_polizia_12x12.dae"}
{"class":"TSStatic","persistentId":"f93bd600-4539-4d3a-80c9-f6bd446d6a48","__parent":"police_stations","position":[1166.10254,1162.95752,154.523041],"annotation":"OBSTACLES","isRenderEnabled":false,"rotationMatrix":[-0.0503853746,0.99871093,0.00614750804,-0.996667802,-0.0506757237,0.0639175996,0.0641467795,-0.00290649501,0.997936368],"shapeName":"/levels/italy/art/shapes/buildings/italy_barrier_polizia.dae"}
