{"name":"Signs","class":"SimGroup","persistentId":"1e0fcfae-93bd-4afe-8d9b-b86461a0e5e4","__parent":"buildings"}
{"class":"TSStatic","persistentId":"2aac626b-6d43-4baa-933b-176f71fb4da3","__parent":"buildings","position":[-859.807983,59.9530983,247.330002],"collisionType":"Visible Mesh Final","isRenderEnabled":false,"shapeName":"/levels/Utah/art/shapes/buildings/ut_bridge_tiny_topcanyon.dae"}
{"class":"TSStatic","persistentId":"3015a4d9-8847-4421-a1e3-948c1f76d153","__parent":"buildings","position":[-676.867981,-910.492004,134.419998],"collisionType":"Visible Mesh Final","isRenderEnabled":false,"shapeName":"/levels/Utah/art/shapes/buildings/ut_highway_bridge.dae"}
{"class":"TSStatic","persistentId":"6868e83e-dbc4-4bd4-95ac-142127c48479","__parent":"buildings","position":[893.134338,-609.449951,149.634003],"isRenderEnabled":false,"rotationMatrix":[0.487544596,-0.873096347,0,0.873096347,0.487544596,0,0,0,1],"shapeName":"/levels/Utah/art/shapes/buildings/ut_tunnel_entrance.dae"}
{"class":"TSStatic","persistentId":"7b01a2f2-282c-4b1c-9b36-a387974383d0","__parent":"buildings","position":[166.677994,471.092987,159.550003],"isRenderEnabled":false,"rotationMatrix":[0.996816039,0.0797357485,-2.2664095e-05,-0.0797357485,0.996815979,-0.000283357396,-1.78260962e-09,0.000284262351,0.99999994],"scale":[1.14769995,1,1],"shapeName":"/levels/Utah/art/shapes/buildings/ut_bridge_tiny_north.dae"}
{"class":"TSStatic","persistentId":"87f3c2c1-be80-40b7-92ef-5d9e8d8f1f5d","__parent":"buildings","position":[-561.934998,-751.638977,149.25],"isRenderEnabled":false,"rotationMatrix":[0.890607417,0.454757571,-0.00374313258,-0.452242672,0.886489213,0.0980483219,0.0479064658,-0.0856297538,0.995174587],"shapeName":"/levels/Utah/art/shapes/buildings/ut_bridge_massive.dae"}
{"class":"TSStatic","persistentId":"90fba14b-8a60-4d78-8767-640f442a795f","__parent":"buildings","position":[-893.018982,-6.8181901,293.299988],"isRenderEnabled":false,"rotationMatrix":[0.406428814,0.913682461,0,-0.913682461,0.406428814,0,0,0,1],"shapeName":"/levels/Utah/art/shapes/buildings/ut_bridge_destroyed.dae"}
{"class":"TSStatic","persistentId":"ad052673-f07a-4c88-a9f2-c4574c338f64","__parent":"buildings","position":[618.807007,755.346985,175.550003],"isRenderEnabled":false,"rotationMatrix":[0.99999994,-2.55795385e-13,0.000443685043,-6.23347546e-07,0.999999106,0.00140493305,-0.000443684577,-0.0014049334,0.999999046],"shapeName":"/levels/Utah/art/shapes/buildings/ut_bridge_small_north.dae"}
{"class":"TSStatic","persistentId":"c2e05f61-8243-41f4-b0a1-a549408656fc","__parent":"buildings","position":[-821.755005,-219.664993,266.5],"isRenderEnabled":false,"shapeName":"/levels/Utah/art/shapes/buildings/ut_bridge_upward.dae"}
{"class":"TSStatic","persistentId":"d2454f9b-ad13-48e4-a337-ba7fc95dfc56","__parent":"buildings","position":[-980.213013,-947.379028,136.431],"isRenderEnabled":false,"rotationMatrix":[-0.44605732,0.895004332,0,-0.895004332,-0.44605732,0,0,0,1],"shapeName":"/levels/Utah/art/shapes/buildings/ut_tunnel_entrance.dae"}
{"class":"TSStatic","persistentId":"ed8c3a23-cac2-49c6-86e1-90199dbed3f1","__parent":"buildings","position":[722.720154,-356.107788,142.979996],"isRenderEnabled":false,"rotationMatrix":[0.685263276,-0.728295445,0,0.728295445,0.685263276,0,0,0,1],"scale":[1,0.980000019,1],"shapeName":"/levels/Utah/art/shapes/buildings/ut_bridge_big.dae"}
