{"name":"rockclump1","class":"SimGroup","persistentId":"696c40b2-ea91-44db-9545-ccc6cd73200d","__parent":"Rocks"}
{"class":"TSStatic","persistentId":"0513ae26-1aa8-41a3-a1e6-5b0581ae0650","__parent":"Rocks","position":[195.322357,-248.239319,31.4956169],"isRenderEnabled":false,"rotationMatrix":[-0.859832585,-0.506827652,0.0617211871,-0.344054788,0.485841423,-0.8034814,0.377241135,-0.712096334,-0.592120469],"shapeName":"/levels/hirochi_raceway/art/shapes/rocks/eca_rock_big_wide.dae"}
{"class":"TSStatic","persistentId":"3282e865-d686-4bbb-bc77-bdf7aeb9620d","__parent":"Rocks","position":[185.020706,-252.522995,29.5561333],"isRenderEnabled":false,"rotationMatrix":[0.410868704,0.90367949,-0.120641343,-0.728062749,0.245581239,-0.640012622,-0.548737586,0.350796074,0.758836031],"shapeName":"/levels/hirochi_raceway/art/shapes/rocks/eca_rock_medium_2.dae"}
{"class":"TSStatic","persistentId":"477eb1d4-e8c0-42b6-af57-6d5076b3da5b","__parent":"Rocks","position":[177.785309,-260.830414,30.8867512],"isRenderEnabled":false,"rotationMatrix":[0.751409173,0.65983659,-6.33299351e-08,-0.48930487,0.557210803,-0.670892656,-0.442679524,0.504114807,0.741554618],"shapeName":"/levels/hirochi_raceway/art/shapes/rocks/eca_rock_big_narrow.dae"}
{"class":"TSStatic","persistentId":"50c4f7d7-78d2-4cd3-8671-efe87ddc544a","__parent":"Rocks","position":[187.631531,-250.722809,29.6880417],"isRenderEnabled":false,"rotationMatrix":[1,0,0,0,0.807912588,-0.58930254,0,0.58930254,0.807912588],"shapeName":"/levels/hirochi_raceway/art/shapes/rocks/eca_rock_medium_1.dae"}
{"class":"TSStatic","persistentId":"5cbc461a-fc3f-4617-97e4-b71e880a1cc0","__parent":"Rocks","position":[192.338593,-251.671616,33.3500671],"isRenderEnabled":false,"rotationMatrix":[0.846932232,0.527609944,0.0658324659,-0.315812945,0.598786235,-0.736014783,-0.427748501,0.602563441,0.673757255],"shapeName":"/levels/hirochi_raceway/art/shapes/rocks/eca_rock_big_narrow.dae"}
{"class":"TSStatic","persistentId":"5e990580-33e2-4351-ab0f-b8920873bb4f","__parent":"Rocks","position":[176.898575,-257.359192,29.1660786],"isRenderEnabled":false,"rotationMatrix":[1,0,0,0,-0.188333854,0.982104659,0,-0.982104659,-0.188333854],"shapeName":"/levels/hirochi_raceway/art/shapes/rocks/eca_rock_small_4.dae"}
{"class":"TSStatic","persistentId":"71f46d5e-4ab9-4a60-8908-768c1bb8ab69","__parent":"Rocks","position":[208.564377,-232.169983,28.7945251],"isRenderEnabled":false,"rotationMatrix":[-0.619329453,-0.782236397,-0.0673577413,0.53960681,-0.486403823,0.687195241,-0.570311546,0.389254034,0.72334528],"shapeName":"/levels/hirochi_raceway/art/shapes/rocks/eca_rock_big_wide.dae"}
{"class":"TSStatic","persistentId":"74a05a9d-19f9-46ba-9d2e-e3e3ae4d16bd","__parent":"Rocks","position":[205.716721,-239.413193,30.2832203],"isRenderEnabled":false,"rotationMatrix":[0.616255462,0.787523448,-0.0058929855,-0.557745814,0.431142271,-0.709251165,-0.556011498,0.440367222,0.704931796],"shapeName":"/levels/hirochi_raceway/art/shapes/rocks/eca_rock_big_wide.dae"}
{"class":"TSStatic","persistentId":"7a57ade4-3ddc-4330-96d3-ca3d5e784ba7","__parent":"Rocks","position":[198.645844,-242.676773,28.5921459],"isRenderEnabled":false,"rotationMatrix":[-0.450561792,0.892745972,0,-0.892745972,-0.450561792,0,0,0,1],"shapeName":"/levels/hirochi_raceway/art/shapes/rocks/eca_rock_small.dae"}
{"class":"TSStatic","persistentId":"9179cd53-1bac-4cd5-8d46-5c391e2ca2c0","__parent":"Rocks","position":[-568.630676,-61.6282158,25.4136124],"isRenderEnabled":false,"rotationMatrix":[0.855826676,0.517262161,0,-0.517262161,0.855826676,0,0,0,1],"shapeName":"/levels/hirochi_raceway/art/shapes/rocks/eca_rock_medium_2.dae"}
{"class":"TSStatic","persistentId":"92f95298-070e-49e8-bd12-c806ec4d3fd6","__parent":"Rocks","position":[-169.711823,-162.517487,38.0320778],"isRenderEnabled":false,"rotationMatrix":[0.918558419,-0.39488709,-0.0177808888,0.298321575,0.663019717,0.68659234,-0.259337425,-0.635979116,0.726825655],"shapeName":"/levels/hirochi_raceway/art/shapes/rocks/eca_rock_big_wide.dae"}
{"class":"TSStatic","persistentId":"9ddfdba3-34f3-4e99-afbf-bb9687eb097b","__parent":"Rocks","position":[197.326721,-243.992935,28.6214523],"isRenderEnabled":false,"rotationMatrix":[0.950916648,0,-0.309450507,0,1,0,0.309450507,0,0.950916648],"shapeName":"/levels/hirochi_raceway/art/shapes/rocks/eca_rock_small_2.dae"}
{"class":"TSStatic","persistentId":"a0161405-5287-49fc-a4eb-5ace30e97fd6","__parent":"Rocks","position":[189.188614,-248.694901,29.0713367],"isRenderEnabled":false,"rotationMatrix":[0.789439678,0.613828361,0,-0.613828361,0.789439678,0,0,0,1],"shapeName":"/levels/hirochi_raceway/art/shapes/rocks/eca_rock_small_3.dae"}
{"class":"TSStatic","persistentId":"a104e0a0-060d-4643-a98c-7a235a9a8f23","__parent":"Rocks","position":[-572.887634,-64.1461792,25.2741585],"isRenderEnabled":false,"rotationMatrix":[0.796924651,0.369999677,0.477504939,-0.31738621,0.929031909,-0.190172911,-0.513981462,-2.8636002e-08,0.857801259],"shapeName":"/levels/hirochi_raceway/art/shapes/rocks/eca_rock_medium_1.dae"}
{"class":"TSStatic","persistentId":"ab160336-cb70-4a9c-bf69-f390638214ef","__parent":"Rocks","position":[-571.36438,-60.3885002,25.230072],"isRenderEnabled":false,"rotationMatrix":[0.546050251,0.837752223,-1.92667358e-08,-0.836991191,0.545554221,-0.0426178537,-0.0357031822,0.0232714918,0.999091268],"shapeName":"/levels/hirochi_raceway/art/shapes/rocks/eca_rock_small.dae"}
{"class":"TSStatic","persistentId":"b29982e0-17c6-481e-b614-89c0d47225b2","__parent":"Rocks","position":[182.96489,-256.949341,31.4882488],"isRenderEnabled":false,"rotationMatrix":[-0.777089775,-0.629365146,-0.00520968158,-0.432773858,0.540328324,-0.721630335,0.456984997,-0.558517873,-0.692258298],"shapeName":"/levels/hirochi_raceway/art/shapes/rocks/eca_rock_big_wide.dae"}
{"class":"TSStatic","persistentId":"b4298fc4-428e-4eed-b632-98db62b29b2f","__parent":"Rocks","position":[188.918015,-254.193619,33.4032822],"isRenderEnabled":false,"rotationMatrix":[0.812142968,0.583056748,0.0216208249,-0.375066966,0.550100207,-0.746132195,-0.446932197,0.597856641,0.665446222],"shapeName":"/levels/hirochi_raceway/art/shapes/rocks/eca_rock_big_wide.dae"}
{"class":"TSStatic","persistentId":"ede5a529-708c-4ed0-83ca-3c394dcb90d3","__parent":"Rocks","position":[177.989227,-256.549316,29.3070297],"isRenderEnabled":false,"rotationMatrix":[-0.0820581093,0,0.996627808,0,1,0,-0.996627808,0,-0.0820581093],"shapeName":"/levels/hirochi_raceway/art/shapes/rocks/eca_rock_small_5.dae"}
