{"class":"TSStatic","persistentId":"7997b847-2435-432a-98c1-ca71924484c3","__parent":"detailBollards","position":[534.333618,1605.64844,74.610611],"annotation":"OBSTACLES","decalType":"None","instanceColor":[1,0.768627524,0.215686291,1],"isRenderEnabled":false,"rotationMatrix":[-1.1920929e-07,0.99999994,-1.86264515e-09,-0.999737322,-1.1920929e-07,0.0229189266,0.0229189266,5.58793545e-09,0.999737322],"shapeName":"/levels/west_coast_usa/art/shapes/objects/bollard_yellow.dae","useInstanceRenderData":true}
{"class":"TSStatic","persistentId":"fe61932b-4f52-4720-b024-5f5c32e4b0bc","__parent":"detailBollards","position":[538.821167,1605.61182,74.5784073],"annotation":"OBSTACLES","decalType":"None","instanceColor":[1,0.768627524,0.215686291,1],"isRenderEnabled":false,"rotationMatrix":[-1.1920929e-07,0.999658167,0.0261457339,-0.999681056,0.000660300255,-0.0252480935,-0.0252567269,-0.0261373948,0.999339223],"shapeName":"/levels/west_coast_usa/art/shapes/objects/bollard_yellow.dae","useInstanceRenderData":true}
{"class":"TSStatic","persistentId":"a76b7e77-277b-40f4-8b61-85ebf12e2645","__parent":"detailBollards","position":[539.680176,1595.52942,74.6572495],"annotation":"OBSTACLES","decalType":"None","instanceColor":[1,0.768627524,0.215686291,1],"isRenderEnabled":false,"rotationMatrix":[-0.000193953514,0.999973178,0.00733957347,-0.999652386,-2.38418579e-07,-0.0263695102,-0.0263687968,-0.00734213181,0.999625325],"shapeName":"/levels/west_coast_usa/art/shapes/objects/bollard_yellow.dae","useInstanceRenderData":true}
{"class":"TSStatic","persistentId":"76b3ff8e-c324-4ec3-8340-f7eb26cb443a","__parent":"detailBollards","position":[539.680176,1597.08435,74.6572495],"annotation":"OBSTACLES","decalType":"None","instanceColor":[1,0.768627524,0.215686291,1],"isRenderEnabled":false,"rotationMatrix":[-2.38418579e-07,1,0,-0.999916196,-2.38418579e-07,-0.0129501056,-0.0129501056,-3.7252903e-09,0.999916136],"shapeName":"/levels/west_coast_usa/art/shapes/objects/bollard_yellow.dae","useInstanceRenderData":true}
{"class":"TSStatic","persistentId":"9c065efd-7b15-4004-9333-7b83b3b33838","__parent":"detailBollards","position":[538.864929,1594.8324,74.6013718],"annotation":"OBSTACLES","decalType":"None","instanceColor":[1,0.768627524,0.215686291,1],"isRenderEnabled":false,"rotationMatrix":[-0.00654029846,0.99610883,-0.0878875554,-0.999275386,-0.00321495533,0.0379246771,0.0374945551,0.0880719125,0.995408177],"shapeName":"/levels/west_coast_usa/art/shapes/objects/bollard_yellow.dae","useInstanceRenderData":true}
{"class":"TSStatic","persistentId":"66c67cb6-4532-40ba-b692-ff3d09d75bba","__parent":"detailBollards","position":[490.374023,1606.77637,74.6410217],"annotation":"OBSTACLES","decalType":"None","instanceColor":[1,0.768627524,0.215686291,1],"isRenderEnabled":false,"rotationMatrix":[0.000512182713,0.999824107,0.0187452901,-0.999627054,1.1920929e-07,0.0273077637,0.0273029599,-0.0187522843,0.99945128],"shapeName":"/levels/west_coast_usa/art/shapes/objects/bollard_yellow.dae","useInstanceRenderData":true}
{"class":"TSStatic","persistentId":"2f87e33f-7ac6-4a2d-b1ca-f827660cc31a","__parent":"detailBollards","position":[490.023102,1602.40088,74.6243362],"annotation":"OBSTACLES","decalType":"None","instanceColor":[1,0.768627524,0.215686291,1],"isRenderEnabled":false,"rotationMatrix":[-4.76837158e-07,0.999030292,-0.0440307185,-0.999476016,0.00142490864,0.0323398337,0.0323712155,0.0440076515,0.998506606],"shapeName":"/levels/west_coast_usa/art/shapes/objects/bollard_yellow.dae","useInstanceRenderData":true}
{"class":"TSStatic","persistentId":"8964d4ad-1bbe-4deb-8647-9031d5621068","__parent":"detailBollards","position":[480.241516,1601.99988,74.6175308],"annotation":"OBSTACLES","decalType":"None","instanceColor":[1,0.768627524,0.215686291,1],"isRenderEnabled":false,"rotationMatrix":[0.000580072403,0.999852657,0.0171465687,-0.999426723,-7.15255737e-07,0.0338522494,0.0338472798,-0.0171563737,0.999279737],"shapeName":"/levels/west_coast_usa/art/shapes/objects/bollard_yellow.dae","useInstanceRenderData":true}
{"class":"TSStatic","persistentId":"6fd30715-df24-4b86-93f7-0f6a097219f2","__parent":"detailBollards","position":[504.322968,1604.08777,74.6157761],"annotation":"OBSTACLES","decalType":"None","instanceColor":[1,0.768627524,0.215686291,1],"isRenderEnabled":false,"rotationMatrix":[-0.000987529755,0.999971986,0.00743897445,-0.998730898,-0.00136089325,0.0503491163,0.0503578186,-0.00737981871,0.998703957],"shapeName":"/levels/west_coast_usa/art/shapes/objects/bollard_yellow.dae","useInstanceRenderData":true}
{"class":"TSStatic","persistentId":"a05c57dc-d0e0-492c-9e72-a9f3cfcb0eb4","__parent":"detailBollards","position":[558.332031,1626.6416,74.6684647],"annotation":"OBSTACLES","decalType":"None","instanceColor":[1,0.768627524,0.215686291,1],"isRenderEnabled":false,"rotationMatrix":[-1.1920929e-07,0.999658167,0.0261457339,-0.999681056,0.000660300255,-0.0252480935,-0.0252567269,-0.0261373948,0.999339223],"shapeName":"/levels/west_coast_usa/art/shapes/objects/bollard_yellow.dae","useInstanceRenderData":true}
{"class":"TSStatic","persistentId":"eda5213e-6e21-4b96-be56-9fffeeb74503","__parent":"detailBollards","position":[558.275879,1594.49292,74.6684647],"annotation":"OBSTACLES","decalType":"None","instanceColor":[1,0.768627524,0.215686291,1],"isRenderEnabled":false,"rotationMatrix":[-8.79764557e-05,0.999999762,-0.000583816087,-0.99998033,-8.42809677e-05,0.00625261292,0.00625256263,0.000584355788,0.999980271],"shapeName":"/levels/west_coast_usa/art/shapes/objects/bollard_yellow.dae","useInstanceRenderData":true}
{"class":"TSStatic","persistentId":"4780e392-31ae-4257-94af-98d59aff440d","__parent":"detailBollards","position":[568.625916,1594.40283,74.6416855],"annotation":"OBSTACLES","decalType":"None","instanceColor":[1,0.768627524,0.215686291,1],"isRenderEnabled":false,"rotationMatrix":[-0.000105381012,0.999937296,-0.0112110525,-0.999980569,-3.52859497e-05,0.00625308789,0.00625229999,0.0112114921,0.999917626],"shapeName":"/levels/west_coast_usa/art/shapes/objects/bollard_yellow.dae","useInstanceRenderData":true}
{"class":"TSStatic","persistentId":"4075cafb-4585-4bb3-8ccf-807befdaa77d","__parent":"detailBollards","position":[574.971008,1594.354,74.6417313],"annotation":"OBSTACLES","decalType":"None","instanceColor":[1,0.768627524,0.215686291,1],"isRenderEnabled":false,"rotationMatrix":[-4.67300415e-05,0.999998271,-0.00180441653,-0.99998039,-3.55243683e-05,0.00625308789,0.00625301385,0.00180467381,0.99997884],"shapeName":"/levels/west_coast_usa/art/shapes/objects/bollard_yellow.dae","useInstanceRenderData":true}
{"class":"TSStatic","persistentId":"50843279-2fa1-4865-9f9e-d4a52cd8c837","__parent":"detailBollards","position":[584.772522,1594.39001,74.6416855],"annotation":"OBSTACLES","decalType":"None","instanceColor":[1,0.768627524,0.215686291,1],"isRenderEnabled":false,"rotationMatrix":[-0.000105381012,0.999937296,-0.0112110525,-0.999980569,-3.52859497e-05,0.00625308789,0.00625229999,0.0112114921,0.999917626],"shapeName":"/levels/west_coast_usa/art/shapes/objects/bollard_yellow.dae","useInstanceRenderData":true}
{"class":"TSStatic","persistentId":"6f8ca4c2-f283-44ea-bb76-818a45e1afe8","__parent":"detailBollards","position":[591.007629,1594.35315,74.6441269],"annotation":"OBSTACLES","decalType":"None","instanceColor":[1,0.768627524,0.215686291,1],"isRenderEnabled":false,"rotationMatrix":[-4.67300415e-05,0.999998271,-0.00180441653,-0.99998039,-3.55243683e-05,0.00625308789,0.00625301385,0.00180467381,0.99997884],"shapeName":"/levels/west_coast_usa/art/shapes/objects/bollard_yellow.dae","useInstanceRenderData":true}
{"class":"TSStatic","persistentId":"575b926d-6dc8-4565-b647-463c6ae8c285","__parent":"detailBollards","position":[607.013184,1594.39001,74.6440887],"annotation":"OBSTACLES","decalType":"None","instanceColor":[1,0.768627524,0.215686291,1],"isRenderEnabled":false,"rotationMatrix":[-0.000105381012,0.999937296,-0.0112110525,-0.999980569,-3.52859497e-05,0.00625308789,0.00625229999,0.0112114921,0.999917626],"shapeName":"/levels/west_coast_usa/art/shapes/objects/bollard_yellow.dae","useInstanceRenderData":true}
{"class":"TSStatic","persistentId":"d952b4ff-5635-4e47-8b8d-b26082fda148","__parent":"detailBollards","position":[600.778076,1594.39001,74.6416855],"annotation":"OBSTACLES","decalType":"None","instanceColor":[1,0.768627524,0.215686291,1],"isRenderEnabled":false,"rotationMatrix":[-0.000105381012,0.999937296,-0.0112110525,-0.999980569,-3.52859497e-05,0.00625308789,0.00625229999,0.0112114921,0.999917626],"shapeName":"/levels/west_coast_usa/art/shapes/objects/bollard_yellow.dae","useInstanceRenderData":true}
{"class":"TSStatic","persistentId":"f7254386-01ee-405c-8538-9a6ee9dd908b","__parent":"detailBollards","position":[622.978882,1594.3512,74.644104],"annotation":"OBSTACLES","decalType":"None","instanceColor":[1,0.768627524,0.215686291,1],"isRenderEnabled":false,"rotationMatrix":[-4.67300415e-05,0.999998271,-0.00180441653,-0.99998039,-3.55243683e-05,0.00625308789,0.00625301385,0.00180467381,0.99997884],"shapeName":"/levels/west_coast_usa/art/shapes/objects/bollard_yellow.dae","useInstanceRenderData":true}
{"class":"TSStatic","persistentId":"02f55c69-1367-414f-99da-4f80fe312370","__parent":"detailBollards","position":[616.743774,1594.39001,74.6416855],"annotation":"OBSTACLES","decalType":"None","instanceColor":[1,0.768627524,0.215686291,1],"isRenderEnabled":false,"rotationMatrix":[-0.000105381012,0.999937296,-0.0112110525,-0.999980569,-3.52859497e-05,0.00625308789,0.00625229999,0.0112114921,0.999917626],"shapeName":"/levels/west_coast_usa/art/shapes/objects/bollard_yellow.dae","useInstanceRenderData":true}
{"class":"TSStatic","persistentId":"4ec71e76-c702-4710-a796-d90bcd8e64b5","__parent":"detailBollards","position":[622.9552,1626.67981,74.6443405],"annotation":"OBSTACLES","decalType":"None","instanceColor":[1,0.768627524,0.215686291,1],"isRenderEnabled":false,"rotationMatrix":[-0.000242233276,0.999453068,-0.0330671035,-0.99998045,-3.55243683e-05,0.00625309348,0.0062485002,0.0330679715,0.999433577],"shapeName":"/levels/west_coast_usa/art/shapes/objects/bollard_yellow.dae","useInstanceRenderData":true}
{"class":"TSStatic","persistentId":"c28588e6-ce47-4be9-8268-0b859cbf66e0","__parent":"detailBollards","position":[616.720093,1626.68237,74.6416855],"annotation":"OBSTACLES","decalType":"None","instanceColor":[1,0.768627524,0.215686291,1],"isRenderEnabled":false,"rotationMatrix":[-0.000105381012,0.999937296,-0.0112110525,-0.999980569,-3.52859497e-05,0.00625308789,0.00625229999,0.0112114921,0.999917626],"shapeName":"/levels/west_coast_usa/art/shapes/objects/bollard_yellow.dae","useInstanceRenderData":true}
{"class":"TSStatic","persistentId":"0ed4f3a7-ae26-4924-96b2-6964086630b5","__parent":"detailBollards","position":[607.024353,1626.69666,74.6439209],"annotation":"OBSTACLES","decalType":"None","instanceColor":[1,0.768627524,0.215686291,1],"isRenderEnabled":false,"rotationMatrix":[-0.000105381012,0.999937296,-0.0112110525,-0.999980569,-3.52859497e-05,0.00625308789,0.00625229999,0.0112114921,0.999917626],"shapeName":"/levels/west_coast_usa/art/shapes/objects/bollard_yellow.dae","useInstanceRenderData":true}
{"class":"TSStatic","persistentId":"ee4bdff1-5926-4919-baf4-f4d2cfe8d228","__parent":"detailBollards","position":[600.789246,1626.68237,74.6416855],"annotation":"OBSTACLES","decalType":"None","instanceColor":[1,0.768627524,0.215686291,1],"isRenderEnabled":false,"rotationMatrix":[-0.000105381012,0.999937296,-0.0112110525,-0.999980569,-3.52859497e-05,0.00625308789,0.00625229999,0.0112114921,0.999917626],"shapeName":"/levels/west_coast_usa/art/shapes/objects/bollard_yellow.dae","useInstanceRenderData":true}
{"class":"TSStatic","persistentId":"0417efc1-6de6-4fa4-8ecc-94495b16a89a","__parent":"detailBollards","position":[590.972473,1626.69666,74.6439209],"annotation":"OBSTACLES","decalType":"None","instanceColor":[1,0.768627524,0.215686291,1],"isRenderEnabled":false,"rotationMatrix":[-0.000105381012,0.999937296,-0.0112110525,-0.999980569,-3.52859497e-05,0.00625308789,0.00625229999,0.0112114921,0.999917626],"shapeName":"/levels/west_coast_usa/art/shapes/objects/bollard_yellow.dae","useInstanceRenderData":true}
{"class":"TSStatic","persistentId":"27ca36b6-dea3-4d20-9887-b08dcc5c9ce4","__parent":"detailBollards","position":[584.737366,1626.68237,74.6416855],"annotation":"OBSTACLES","decalType":"None","instanceColor":[1,0.768627524,0.215686291,1],"isRenderEnabled":false,"rotationMatrix":[-0.000105381012,0.999937296,-0.0112110525,-0.999980569,-3.52859497e-05,0.00625308789,0.00625229999,0.0112114921,0.999917626],"shapeName":"/levels/west_coast_usa/art/shapes/objects/bollard_yellow.dae","useInstanceRenderData":true}
{"class":"TSStatic","persistentId":"7ba5257a-5952-4319-a699-69437f795f60","__parent":"detailBollards","position":[574.965881,1626.67334,74.6443787],"annotation":"OBSTACLES","decalType":"None","instanceColor":[1,0.768627524,0.215686291,1],"isRenderEnabled":false,"rotationMatrix":[-0.000242233276,0.999453068,-0.0330671035,-0.99998045,-3.55243683e-05,0.00625309348,0.0062485002,0.0330679715,0.999433577],"shapeName":"/levels/west_coast_usa/art/shapes/objects/bollard_yellow.dae","useInstanceRenderData":true}
{"class":"TSStatic","persistentId":"4458c34d-cb35-4860-8dd1-01ed44b28b42","__parent":"detailBollards","position":[568.730774,1626.68237,74.6416855],"annotation":"OBSTACLES","decalType":"None","instanceColor":[1,0.768627524,0.215686291,1],"isRenderEnabled":false,"rotationMatrix":[-0.000105381012,0.999937296,-0.0112110525,-0.999980569,-3.52859497e-05,0.00625308789,0.00625229999,0.0112114921,0.999917626],"shapeName":"/levels/west_coast_usa/art/shapes/objects/bollard_yellow.dae","useInstanceRenderData":true}
{"class":"TSStatic","persistentId":"ea09fe58-56b8-464d-8653-a9809dbfe301","__parent":"detailBollards","position":[643.387695,1594.42224,74.6440887],"annotation":"OBSTACLES","decalType":"None","instanceColor":[1,0.768627524,0.215686291,1],"isRenderEnabled":false,"rotationMatrix":[-0.000105381012,0.999937296,-0.0112110525,-0.999980569,-3.52859497e-05,0.00625308789,0.00625229999,0.0112114921,0.999917626],"shapeName":"/levels/west_coast_usa/art/shapes/objects/bollard_yellow.dae","useInstanceRenderData":true}
{"class":"TSStatic","persistentId":"ea94d6af-80e0-4216-bae3-1406d6ddfb90","__parent":"detailBollards","position":[653.016418,1606.59131,74.6611938],"annotation":"OBSTACLES","decalType":"None","instanceColor":[1,0.768627524,0.215686291,1],"isRenderEnabled":false,"rotationMatrix":[-0.000105381012,0.999937296,-0.0112110525,-0.999980569,-3.52859497e-05,0.00625308789,0.00625229999,0.0112114921,0.999917626],"shapeName":"/levels/west_coast_usa/art/shapes/objects/bollard_yellow.dae","useInstanceRenderData":true}
{"class":"TSStatic","persistentId":"d831bca6-a8bd-4852-8487-550f4368c551","__parent":"detailBollards","position":[653.016418,1605.70007,74.6611938],"annotation":"OBSTACLES","decalType":"None","instanceColor":[1,0.768627524,0.215686291,1],"isRenderEnabled":false,"rotationMatrix":[-0.000105381012,0.999937296,-0.0112110525,-0.999980569,-3.52859497e-05,0.00625308789,0.00625229999,0.0112114921,0.999917626],"shapeName":"/levels/west_coast_usa/art/shapes/objects/bollard_yellow.dae","useInstanceRenderData":true}
{"class":"TSStatic","persistentId":"bb0b9b1e-1d04-43aa-82a4-800a151ec8f8","__parent":"detailBollards","position":[653.016296,1616.06042,74.6440887],"annotation":"OBSTACLES","decalType":"None","instanceColor":[1,0.768627524,0.215686291,1],"isRenderEnabled":false,"rotationMatrix":[-0.000105381012,0.999937296,-0.0112110525,-0.999980569,-3.52859497e-05,0.00625308789,0.00625229999,0.0112114921,0.999917626],"shapeName":"/levels/west_coast_usa/art/shapes/objects/bollard_yellow.dae","useInstanceRenderData":true}
{"class":"TSStatic","persistentId":"5d59e3b5-0f9b-4c71-8bf8-171e5aab8e5f","__parent":"detailBollards","position":[558.154358,1613.65308,74.6360016],"annotation":"OBSTACLES","decalType":"None","instanceColor":[1,0.768627524,0.215686291,1],"isRenderEnabled":false,"rotationMatrix":[0.000968635082,0.999925137,-0.0121980831,-0.999680996,0.000660419464,-0.0252480898,-0.0252381414,0.0122186486,0.999606788],"shapeName":"/levels/west_coast_usa/art/shapes/objects/bollard_yellow.dae","useInstanceRenderData":true}
{"class":"TSStatic","persistentId":"774ab2b7-0b4c-41a4-acb3-63f5e4d3b45d","__parent":"detailBollards","position":[558.154419,1607.34497,74.6386337],"annotation":"OBSTACLES","decalType":"None","instanceColor":[1,0.768627524,0.215686291,1],"isRenderEnabled":false,"rotationMatrix":[-1.1920929e-07,0.999658167,0.0261457339,-0.999681056,0.000660300255,-0.0252480935,-0.0252567269,-0.0261373948,0.999339223],"shapeName":"/levels/west_coast_usa/art/shapes/objects/bollard_yellow.dae","useInstanceRenderData":true}
{"class":"TSStatic","persistentId":"a250fa82-9d3d-4ce2-8ccf-f42e9a6a5a37","__parent":"detailBollards","position":[461.931458,1629.48315,74.6410217],"annotation":"OBSTACLES","decalType":"None","instanceColor":[1,0.768627524,0.215686291,1],"isRenderEnabled":false,"rotationMatrix":[0.000512182713,0.999824107,0.0187452901,-0.999627054,1.1920929e-07,0.0273077637,0.0273029599,-0.0187522843,0.99945128],"shapeName":"/levels/west_coast_usa/art/shapes/objects/bollard_yellow.dae","useInstanceRenderData":true}
{"class":"TSStatic","persistentId":"b0976200-5faa-4edd-b18e-cdc7bd7cd189","__parent":"detailBollards","position":[461.276093,1629.51978,74.6410217],"annotation":"OBSTACLES","decalType":"None","instanceColor":[1,0.768627524,0.215686291,1],"isRenderEnabled":false,"rotationMatrix":[0.000512182713,0.999824107,0.0187452901,-0.999627054,1.1920929e-07,0.0273077637,0.0273029599,-0.0187522843,0.99945128],"shapeName":"/levels/west_coast_usa/art/shapes/objects/bollard_yellow.dae","useInstanceRenderData":true}
{"class":"TSStatic","persistentId":"6a97d968-7339-47a6-b003-d36ac75f0779","__parent":"detailBollards","position":[652.566467,1606.17236,74.6587143],"annotation":"OBSTACLES","decalType":"None","instanceColor":[1,0.768627524,0.215686291,1],"isRenderEnabled":false,"rotationMatrix":[-0.000105381012,0.999937296,-0.0112110525,-0.999980569,-3.52859497e-05,0.00625308789,0.00625229999,0.0112114921,0.999917626],"shapeName":"/levels/west_coast_usa/art/shapes/objects/bollard_yellow.dae","useInstanceRenderData":true}
{"class":"TSStatic","persistentId":"71874d15-cf42-4c07-bc91-28d865b2d039","__parent":"detailBollards","position":[652.565369,1616.40662,74.5391235],"annotation":"OBSTACLES","decalType":"None","instanceColor":[1,0.768627524,0.215686291,1],"isRenderEnabled":false,"rotationMatrix":[-0.000105381012,0.999937296,-0.0112110525,-0.999980569,-3.52859497e-05,0.00625308789,0.00625229999,0.0112114921,0.999917626],"shapeName":"/levels/west_coast_usa/art/shapes/objects/bollard_yellow.dae","useInstanceRenderData":true}
{"class":"TSStatic","persistentId":"356c44bb-f6fe-4bd4-8991-209c370d0539","__parent":"detailBollards","position":[549.920471,1637.46973,74.6111145],"annotation":"OBSTACLES","decalType":"None","instanceColor":[1,0.768627524,0.215686291,1],"isRenderEnabled":false,"rotationMatrix":[-1.1920929e-07,0.999658167,0.0261457339,-0.999681056,0.000660300255,-0.0252480935,-0.0252567269,-0.0261373948,0.999339223],"shapeName":"/levels/west_coast_usa/art/shapes/objects/bollard_yellow.dae","useInstanceRenderData":true}
{"class":"TSStatic","persistentId":"bf089421-755d-47e0-a8d8-d15fd08647ac","__parent":"detailBollards","position":[652.357178,1637.79114,74.5754166],"annotation":"OBSTACLES","decalType":"None","instanceColor":[1,0.768627524,0.215686291,1],"isRenderEnabled":false,"rotationMatrix":[-0.000105381012,0.999937296,-0.0112110525,-0.999980569,-3.52859497e-05,0.00625308789,0.00625229999,0.0112114921,0.999917626],"shapeName":"/levels/west_coast_usa/art/shapes/objects/bollard_yellow.dae","useInstanceRenderData":true}
{"class":"TSStatic","persistentId":"6148db71-8c0c-4a06-bbdb-3a8f4bd03a17","__parent":"detailBollards","position":[462.180969,1739.38257,74.5811386],"annotation":"OBSTACLES","decalType":"None","instanceColor":[1,0.768627524,0.215686291,1],"isRenderEnabled":false,"rotationMatrix":[0.000477015972,0.999948382,-0.0101364534,-0.99738574,-0.0002566576,-0.0722594187,-0.0722583011,0.0101444125,0.997334361],"shapeName":"/levels/west_coast_usa/art/shapes/objects/bollard_yellow.dae","useInstanceRenderData":true}
{"class":"TSStatic","persistentId":"fff777f7-6721-48a2-b056-962157c02ffd","__parent":"detailBollards","position":[462.180969,1740.09216,74.5598984],"annotation":"OBSTACLES","decalType":"None","instanceColor":[1,0.768627524,0.215686291,1],"isRenderEnabled":false,"rotationMatrix":[-0.000141263008,0.999725759,-0.0234302506,-0.999999583,-0.00011408329,0.00116379745,0.00116081256,0.0234303996,0.999724805],"shapeName":"/levels/west_coast_usa/art/shapes/objects/bollard_yellow.dae","useInstanceRenderData":true}
{"class":"TSStatic","persistentId":"426730db-c019-4a1a-8276-0f3250ecc45d","__parent":"detailBollards","position":[482.758484,1601.99988,74.6175308],"annotation":"OBSTACLES","decalType":"None","instanceColor":[1,0.768627524,0.215686291,1],"isRenderEnabled":false,"rotationMatrix":[-5.96046448e-07,0.999837279,-0.018060986,-1.00000036,-5.96046448e-07,4.65661287e-09,0,0.018060986,0.999836862],"shapeName":"/levels/west_coast_usa/art/shapes/objects/bollard_yellow.dae","useInstanceRenderData":true}
{"class":"TSStatic","persistentId":"30e52751-3069-46d2-81d2-0bdc7351360d","__parent":"detailBollards","position":[485.241516,1601.99988,74.6175308],"annotation":"OBSTACLES","decalType":"None","instanceColor":[1,0.768627524,0.215686291,1],"isRenderEnabled":false,"rotationMatrix":[-4.76837158e-07,1.00000024,1.49011612e-08,-0.998578846,-4.76837158e-07,0.0532995462,0.0532995462,-1.86264515e-09,0.998578548],"shapeName":"/levels/west_coast_usa/art/shapes/objects/bollard_yellow.dae","useInstanceRenderData":true}
{"class":"TSStatic","persistentId":"fd442c47-ef1c-45a0-b82f-2d9d604e9372","__parent":"detailBollards","position":[487.758484,1601.99988,74.6175308],"annotation":"OBSTACLES","decalType":"None","instanceColor":[1,0.768627524,0.215686291,1],"isRenderEnabled":false,"rotationMatrix":[-5.96046448e-07,0.999833524,-0.0182618983,-1.00000024,-5.96046448e-07,4.65661287e-09,0,0.0182618983,0.999833226],"shapeName":"/levels/west_coast_usa/art/shapes/objects/bollard_yellow.dae","useInstanceRenderData":true}
