{"class":"TSStatic","persistentId":"04f2dfbd-e21a-4bce-af27-026610dc403e","__parent":"wave_breakers","position":[982.401245,1660.53418,70.7440872],"isRenderEnabled":false,"rotationMatrix":[-0.953413367,-3.2584137e-07,0.30166629,3.10661562e-07,-0.999999762,-9.82953665e-08,0.30166629,7.10542736e-15,0.953413546],"scale":[2.19941425,2.19941425,2.19941425],"shapeName":"/levels/west_coast_usa/art/shapes/rocksJV/s_rocks_desert_low_small_lowc.dae","useInstanceRenderData":true}
{"class":"TSStatic","persistentId":"5e38a95d-ca22-406e-8ea0-597765a201d8","__parent":"wave_breakers","position":[982.484985,1728.00806,70.717598],"isRenderEnabled":false,"rotationMatrix":[0.953413546,0,-0.301666319,0,1,0,0.301666319,0,0.953413546],"scale":[2.19941425,2.19941425,2.19941425],"shapeName":"/levels/west_coast_usa/art/shapes/rocksJV/s_rocks_desert_low_small_lowc.dae","useInstanceRenderData":true}
{"class":"TSStatic","persistentId":"52d6cc2f-c5ee-4149-a18a-c2d4f7d62e0d","__parent":"wave_breakers","position":[982.401245,1706.14282,70.7440872],"isRenderEnabled":false,"rotationMatrix":[-0.953413367,-3.2584137e-07,0.30166629,3.10661562e-07,-0.999999762,-9.82953665e-08,0.30166629,7.10542736e-15,0.953413546],"scale":[2.19941425,2.19941425,2.19941425],"shapeName":"/levels/west_coast_usa/art/shapes/rocksJV/s_rocks_desert_low_small_lowc.dae","useInstanceRenderData":true}
{"class":"TSStatic","persistentId":"a3be74d0-4ebe-4dcd-b324-0b4b85c9efbf","__parent":"wave_breakers","position":[982.484985,1681.85791,70.717598],"isRenderEnabled":false,"rotationMatrix":[0.953413546,0,-0.301666319,0,1,0,0.301666319,0,0.953413546],"scale":[2.19941425,2.19941425,2.19941425],"shapeName":"/levels/west_coast_usa/art/shapes/rocksJV/s_rocks_desert_low_small_lowc.dae","useInstanceRenderData":true}
{"class":"TSStatic","persistentId":"a90ab783-1ba8-4229-88f3-76f42cb44a9b","__parent":"wave_breakers","position":[982.152832,1750.01172,70.7613602],"isRenderEnabled":false,"rotationMatrix":[-0.952731133,-0.0378327407,0.301450282,0.0383753441,-0.999255061,-0.00412395736,0.301381677,0.00763923628,0.953472972],"scale":[2.19941425,2.19941425,2.19941425],"shapeName":"/levels/west_coast_usa/art/shapes/rocksJV/s_rocks_desert_low_small_lowc.dae","useInstanceRenderData":true}
{"class":"TSStatic","persistentId":"4e829a55-64f5-476f-bd4f-e2fa52b14f74","__parent":"wave_breakers","position":[982.484985,1637.92041,70.717598],"isRenderEnabled":false,"rotationMatrix":[0.953413546,0,-0.301666319,0,1,0,0.301666319,0,0.953413546],"scale":[2.19941425,2.19941425,2.19941425],"shapeName":"/levels/west_coast_usa/art/shapes/rocksJV/s_rocks_desert_low_small_lowc.dae","useInstanceRenderData":true}
{"class":"TSStatic","persistentId":"2e1e9930-3f21-4671-b81e-096b10cce708","__parent":"wave_breakers","position":[982.485046,1544.77625,70.7175903],"isRenderEnabled":false,"rotationMatrix":[0.953413546,0,-0.301666319,0,1,0,0.301666319,0,0.953413546],"scale":[2.19941425,2.19941425,2.19941425],"shapeName":"/levels/west_coast_usa/art/shapes/rocksJV/s_rocks_desert_low_small_lowc.dae","useInstanceRenderData":true}
{"class":"TSStatic","persistentId":"293a0efd-88c5-4433-ba3d-d466a8f649e7","__parent":"wave_breakers","position":[982.401306,1567.39001,70.7440796],"isRenderEnabled":false,"rotationMatrix":[-0.953413367,-3.2584137e-07,0.30166629,3.10661562e-07,-0.999999762,-9.82953665e-08,0.30166629,7.10542736e-15,0.953413546],"scale":[2.19941425,2.19941425,2.19941425],"shapeName":"/levels/west_coast_usa/art/shapes/rocksJV/s_rocks_desert_low_small_lowc.dae","useInstanceRenderData":true}
{"class":"TSStatic","persistentId":"5436f9b5-343b-4db8-aeb2-3adc0da778f4","__parent":"wave_breakers","position":[982.485046,1588.71375,70.7175903],"isRenderEnabled":false,"rotationMatrix":[0.953413546,0,-0.301666319,0,1,0,0.301666319,0,0.953413546],"scale":[2.19941425,2.19941425,2.19941425],"shapeName":"/levels/west_coast_usa/art/shapes/rocksJV/s_rocks_desert_low_small_lowc.dae","useInstanceRenderData":true}
{"class":"TSStatic","persistentId":"69963ac3-22f5-4ee8-9208-32ecc546cb1c","__parent":"wave_breakers","position":[982.401306,1612.99866,70.7440796],"isRenderEnabled":false,"rotationMatrix":[-0.953413367,-3.2584137e-07,0.30166629,3.10661562e-07,-0.999999762,-9.82953665e-08,0.30166629,7.10542736e-15,0.953413546],"scale":[2.19941425,2.19941425,2.19941425],"shapeName":"/levels/west_coast_usa/art/shapes/rocksJV/s_rocks_desert_low_small_lowc.dae","useInstanceRenderData":true}
{"class":"TSStatic","persistentId":"0cd6e70b-21f2-4d5a-93a1-d900837160fc","__parent":"wave_breakers","position":[982.485046,1498.60571,70.7175903],"isRenderEnabled":false,"rotationMatrix":[0.953413546,0,-0.301666319,0,1,0,0.301666319,0,0.953413546],"scale":[2.19941425,2.19941425,2.19941425],"shapeName":"/levels/west_coast_usa/art/shapes/rocksJV/s_rocks_desert_low_small_lowc.dae","useInstanceRenderData":true}
{"class":"TSStatic","persistentId":"5c8cefb8-c6d3-44bf-b8df-e1a7d81bc992","__parent":"wave_breakers","position":[982.401306,1519.76465,70.744072],"isRenderEnabled":false,"rotationMatrix":[-0.953413367,-3.2584137e-07,0.30166629,3.10661562e-07,-0.999999762,-9.82953665e-08,0.30166629,7.10542736e-15,0.953413546],"scale":[2.19941425,2.19941425,2.19941425],"shapeName":"/levels/west_coast_usa/art/shapes/rocksJV/s_rocks_desert_low_small_lowc.dae","useInstanceRenderData":true}
{"class":"TSStatic","persistentId":"5c105245-5b61-4fd1-9b69-c0127790e27d","__parent":"wave_breakers","position":[981.245117,1773.39075,70.6764984],"isRenderEnabled":false,"rotationMatrix":[0.950959265,0.0692741275,-0.301459014,-0.0724904239,0.997368991,0.000518901274,0.300701797,0.0213594399,0.953478992],"scale":[2.19941425,2.19941425,2.19941425],"shapeName":"/levels/west_coast_usa/art/shapes/rocksJV/s_rocks_desert_low_small_lowc.dae","useInstanceRenderData":true}
{"class":"TSStatic","persistentId":"ed8ac71d-e742-43eb-9177-ea5806ba1465","__parent":"wave_breakers","position":[978.405884,1795.24841,70.544075],"isRenderEnabled":false,"rotationMatrix":[0.951971233,0.150311917,-0.266752958,-0.150745481,0.988390505,0.0189745128,0.266508162,0.0221486203,0.963578165],"scale":[2.19941425,2.19941425,2.19941425],"shapeName":"/levels/west_coast_usa/art/shapes/rocksJV/s_rocks_desert_low_small_lowc.dae","useInstanceRenderData":true}
{"class":"TSStatic","persistentId":"3c7e24ec-4c43-44d9-b660-691f480ed8fa","__parent":"wave_breakers","position":[975.028809,1817.30347,70.9201355],"isRenderEnabled":false,"rotationMatrix":[-0.951970935,-0.150312215,0.266752928,0.150745779,-0.988390207,-0.0189745948,0.266508132,0.0221486129,0.963578165],"scale":[2.19941425,2.19941425,2.19941425],"shapeName":"/levels/west_coast_usa/art/shapes/rocksJV/s_rocks_desert_low_small_lowc.dae","useInstanceRenderData":true}
{"class":"TSStatic","persistentId":"408d6c67-86a1-441f-a55c-96366612f8f6","__parent":"wave_breakers","position":[972.340698,1839.74316,70.7090454],"isRenderEnabled":false,"rotationMatrix":[0.949713707,0.164166257,-0.266633272,-0.167489216,0.985819101,0.0103941821,0.264558554,0.0347867049,0.963742018],"scale":[2.19941425,2.19941425,2.19941425],"shapeName":"/levels/west_coast_usa/art/shapes/rocksJV/s_rocks_desert_low_small_lowc.dae","useInstanceRenderData":true}
{"class":"TSStatic","persistentId":"6b8ec87b-8a2d-438f-8fa6-ebcc0376da74","__parent":"wave_breakers","position":[968.455444,1862.53687,70.904274],"isRenderEnabled":false,"rotationMatrix":[-0.949713826,-0.164166614,0.266633272,0.168976888,-0.985607624,-0.00496629812,0.263611078,0.0403383002,0.963785291],"scale":[2.19941425,2.19941425,2.19941425],"shapeName":"/levels/west_coast_usa/art/shapes/rocksJV/s_rocks_desert_low_small_lowc.dae","useInstanceRenderData":true}
{"class":"TSStatic","persistentId":"a5fa902c-e043-4353-a708-49f083a41bf6","__parent":"wave_breakers","position":[964.657166,1884.45996,70.8731842],"isRenderEnabled":false,"rotationMatrix":[-0.943064809,-0.199299991,0.266285151,0.208702922,-0.977952361,0.00718958676,0.258981377,0.0623547435,0.963867486],"scale":[2.19941425,2.19941425,2.19941425],"shapeName":"/levels/west_coast_usa/art/shapes/rocksJV/s_rocks_desert_low_small_lowc.dae","useInstanceRenderData":true}
{"class":"TSStatic","persistentId":"aaf55227-cb80-46be-ae22-13f1379509ee","__parent":"wave_breakers","position":[960.174927,1903.6842,70.3865356],"isRenderEnabled":false,"rotationMatrix":[0.901150346,0.308185458,-0.304876626,-0.334247768,0.941799581,-0.0359443054,0.276055157,0.134295553,0.951713324],"scale":[2.19941425,2.19941425,2.19941425],"shapeName":"/levels/west_coast_usa/art/shapes/rocksJV/s_rocks_desert_low_small_lowc.dae","useInstanceRenderData":true}
{"class":"TSStatic","persistentId":"f78a27b4-c9e0-481b-abc3-5d88adbe6809","__parent":"wave_breakers","position":[812.546875,2117.63599,70.7440948],"isRenderEnabled":false,"rotationMatrix":[-0.502500534,-0.820018947,0.273973852,0.852643549,-0.522492647,-1.71363354e-07,0.143149525,0.233601987,0.961737156],"scale":[2.19941425,2.19941425,2.19941425],"shapeName":"/levels/west_coast_usa/art/shapes/rocksJV/s_rocks_desert_low_small_lowc.dae","useInstanceRenderData":true}
{"class":"TSStatic","persistentId":"7f364024-a736-4522-b317-740d9371ae7f","__parent":"wave_breakers","position":[793.574036,2128.68652,70.7440948],"isRenderEnabled":false,"rotationMatrix":[0.462575614,0.843185782,-0.273973972,-0.876731992,0.480979323,2.90572643e-07,0.131776094,0.240201592,0.961737096],"scale":[2.19941425,2.19941425,2.19941425],"shapeName":"/levels/west_coast_usa/art/shapes/rocksJV/s_rocks_desert_low_small_lowc.dae","useInstanceRenderData":true}
{"class":"TSStatic","persistentId":"bd6aa0e6-b932-4608-aabe-9407f5fd8cb6","__parent":"wave_breakers","position":[753.031982,2149.22168,70.7440948],"isRenderEnabled":false,"rotationMatrix":[0.381450713,0.882855415,-0.273973972,-0.917979956,0.39662689,2.98023224e-07,0.108665705,0.251502484,0.961737096],"scale":[2.19941425,2.19941425,2.19941425],"shapeName":"/levels/west_coast_usa/art/shapes/rocksJV/s_rocks_desert_low_small_lowc.dae","useInstanceRenderData":true}
{"class":"TSStatic","persistentId":"5b50499f-72bf-478e-a05a-312c8a62b250","__parent":"wave_breakers","position":[774.146667,2139.27051,70.7440948],"isRenderEnabled":false,"rotationMatrix":[-0.436635375,-0.856906056,0.273973882,0.890998125,-0.45400703,-2.23517418e-07,0.124386251,0.244110122,0.961737156],"scale":[2.19941425,2.19941425,2.19941425],"shapeName":"/levels/west_coast_usa/art/shapes/rocksJV/s_rocks_desert_low_small_lowc.dae","useInstanceRenderData":true}
{"class":"TSStatic","persistentId":"5fc810a2-d2f3-4178-a864-f409d3b99fd5","__parent":"wave_breakers","position":[710.379211,2164.80762,70.8367081],"isRenderEnabled":false,"rotationMatrix":[0.284732401,0.910196066,-0.300783277,-0.954391479,0.298557937,2.98023224e-07,0.0898015052,0.28706491,0.953692496],"scale":[2.19941425,2.19941425,2.19941425],"shapeName":"/levels/west_coast_usa/art/shapes/rocksJV/s_rocks_desert_low_small_lowc.dae","useInstanceRenderData":true}
{"class":"TSStatic","persistentId":"37aeecc6-ae73-4fd4-82ac-6401577693eb","__parent":"wave_breakers","position":[732.542603,2157.48193,70.6808319],"isRenderEnabled":false,"rotationMatrix":[-0.338153839,-0.880710065,0.331664771,0.93355161,-0.358442783,-2.23517418e-07,0.118883051,0.309626102,0.943397284],"scale":[2.19941425,2.19941425,2.19941425],"shapeName":"/levels/west_coast_usa/art/shapes/rocksJV/s_rocks_desert_low_small_lowc.dae","useInstanceRenderData":true}
{"class":"TSStatic","persistentId":"648e837a-3fd4-496b-b347-8f413ea48785","__parent":"wave_breakers","position":[666.453369,2176.73535,70.8367081],"isRenderEnabled":false,"rotationMatrix":[0.207003295,0.930955946,-0.300783277,-0.976159394,0.217054605,2.98023224e-07,0.0652866662,0.293612391,0.953692496],"scale":[2.19941425,2.19941425,2.19941425],"shapeName":"/levels/west_coast_usa/art/shapes/rocksJV/s_rocks_desert_low_small_lowc.dae","useInstanceRenderData":true}
{"class":"TSStatic","persistentId":"5ba52b85-501d-4117-abd5-288af50e9cad","__parent":"wave_breakers","position":[689.155334,2171.30371,70.6808319],"isRenderEnabled":false,"rotationMatrix":[-0.262719631,-0.906077683,0.331664771,0.960441172,-0.278482676,-2.68220901e-07,0.0923631266,0.318544447,0.943397284],"scale":[2.19941425,2.19941425,2.19941425],"shapeName":"/levels/west_coast_usa/art/shapes/rocksJV/s_rocks_desert_low_small_lowc.dae","useInstanceRenderData":true}
{"class":"TSStatic","persistentId":"7211d9f6-b96e-4af9-8ec9-a2ab055bc3e4","__parent":"wave_breakers","position":[620.276611,2182.80078,70.8367081],"isRenderEnabled":false,"rotationMatrix":[0.0732287765,0.950876892,-0.300783277,-0.997047603,0.0767845511,2.5331974e-07,0.0230957121,0.299895227,0.953692496],"scale":[2.19941425,2.19941425,2.19941425],"shapeName":"/levels/west_coast_usa/art/shapes/rocksJV/s_rocks_desert_low_small_lowc.dae","useInstanceRenderData":true}
{"class":"TSStatic","persistentId":"069bb782-5298-4ab6-b067-6baede68b010","__parent":"wave_breakers","position":[643.518616,2180.63525,70.6808319],"isRenderEnabled":false,"rotationMatrix":[-0.131903529,-0.934130311,0.331664711,0.990177035,-0.139817715,-2.83122063e-07,0.0463729799,0.328406811,0.943397343],"scale":[2.19941425,2.19941425,2.19941425],"shapeName":"/levels/west_coast_usa/art/shapes/rocksJV/s_rocks_desert_low_small_lowc.dae","useInstanceRenderData":true}
{"class":"TSStatic","persistentId":"218ac43c-77b3-4c04-b036-94f846b24b97","__parent":"wave_breakers","position":[574.233154,2186.02002,70.8367081],"isRenderEnabled":false,"rotationMatrix":[0.0736111999,0.955843449,-0.284507871,-0.997047782,0.0767844915,2.5331974e-07,0.0218460411,0.283667862,0.958673716],"scale":[2.19941425,2.19941425,2.19941425],"shapeName":"/levels/west_coast_usa/art/shapes/rocksJV/s_rocks_desert_low_small_lowc.dae","useInstanceRenderData":true}
{"class":"TSStatic","persistentId":"00da14df-a622-4a8d-ba8b-8e31273bc770","__parent":"wave_breakers","position":[597.475159,2184.42578,70.6808319],"isRenderEnabled":false,"rotationMatrix":[-0.0435907841,-0.95623666,0.289329052,0.998962581,-0.0455385447,-3.87430191e-07,0.0131760091,0.289028883,0.957229674],"scale":[2.19941425,2.19941425,2.19941425],"shapeName":"/levels/west_coast_usa/art/shapes/rocksJV/s_rocks_desert_low_small_lowc.dae","useInstanceRenderData":true}
{"class":"TSStatic","persistentId":"e917edbf-4d78-421d-8cd5-43aa46ddef2a","__parent":"wave_breakers","position":[530.309692,2185.22046,70.8367081],"isRenderEnabled":false,"rotationMatrix":[-0.0203706026,0.958456993,-0.284507781,-0.999773979,-0.0212486982,2.5331974e-07,-0.00604522228,0.284443557,0.958673716],"scale":[2.19941425,2.19941425,2.19941425],"shapeName":"/levels/west_coast_usa/art/shapes/rocksJV/s_rocks_desert_low_small_lowc.dae","useInstanceRenderData":true}
{"class":"TSStatic","persistentId":"fe71d374-de0d-4a11-9191-885fc2d3e7e5","__parent":"wave_breakers","position":[553.596069,2185.9104,70.6808319],"isRenderEnabled":false,"rotationMatrix":[0.0502861142,-0.955907822,0.289328992,0.99861908,0.0525328517,-4.61935997e-07,-0.0151987821,0.288929522,0.957229733],"scale":[2.19941425,2.19941425,2.19941425],"shapeName":"/levels/west_coast_usa/art/shapes/rocksJV/s_rocks_desert_low_small_lowc.dae","useInstanceRenderData":true}
{"class":"TSStatic","persistentId":"7040da41-5929-4edc-bf7f-2020fdf3ba62","__parent":"wave_breakers","position":[513.246765,2184.27539,70.6808319],"isRenderEnabled":false,"rotationMatrix":[0.11933887,-0.948853195,0.292294353,0.990960538,0.132004082,0.0239223987,-0.0612829328,0.286797285,0.956029177],"scale":[2.19941425,2.19941425,2.19941425],"shapeName":"/levels/west_coast_usa/art/shapes/rocksJV/s_rocks_desert_low_small_lowc.dae","useInstanceRenderData":true}
