{"name":"PointLight_1","class":"PointLight","persistentId":"159a677b-52f0-41cf-8c79-b332f140547b","__parent":"night_light","position":[-397.8526,364.427979,37.730072],"brightness":0.600000024,"flareScale":0.400000006,"flareType":"vehicleReverseLightFlare","isEnabled":false,"radius":0,"rotationMatrix":[-0.677782178,-0.57849431,-0.453822732,0.735033751,-0.517715931,-0.437829942,0.0183308572,-0.630328536,0.77611196]}
{"name":"SpotLight_1","class":"SpotLight","persistentId":"a63ffe2b-36ba-4133-9671-f260f0b4c3ee","__parent":"night_light","position":[-397.852356,364.428345,37.7298584],"brightness":0.600000024,"innerAngle":85,"isEnabled":false,"outerAngle":100,"range":65,"rotationMatrix":[-0.677782178,-0.57849431,-0.453822732,0.735033751,-0.517715931,-0.437829942,0.0183308572,-0.630328536,0.77611196]}
{"name":"PointLight_2","class":"PointLight","persistentId":"7fa5a106-31e6-4097-adf7-027440e5794c","__parent":"night_light","position":[-399.327728,364.453522,37.7786865],"brightness":0.600000024,"flareScale":0.400000006,"flareType":"vehicleReverseLightFlare","isEnabled":false,"radius":0,"rotationMatrix":[-0.462615848,0.761597753,-0.453822732,-0.628635287,-0.642745972,-0.437829971,-0.62514317,0.0827418417,0.77611196],"shadowDarkenColor":[0,0,0,0]}
{"name":"SpotLight_2","class":"SpotLight","persistentId":"a3ded9c4-3f77-48d0-b8da-5c349f54cf4d","__parent":"night_light","position":[-399.327393,364.453217,37.7784729],"brightness":0.600000024,"innerAngle":85,"isEnabled":false,"outerAngle":100,"range":65,"rotationMatrix":[-0.462615848,0.761597753,-0.453822732,-0.628635287,-0.642745972,-0.437829971,-0.62514317,0.0827418417,0.77611196],"shadowDarkenColor":[0,0,0,0]}
{"name":"PointLight_3","class":"PointLight","persistentId":"fdbcaee9-e5bc-4025-b14a-873c022d537a","__parent":"night_light","position":[-226.687195,263.227905,37.4117508],"brightness":0.600000024,"flareScale":0.400000006,"flareType":"vehicleReverseLightFlare","isEnabled":false,"radius":0,"rotationMatrix":[-0.245629787,0.856569052,-0.453822672,-0.775759101,-0.454425335,-0.437829912,-0.581260264,0.24451296,0.77611202],"shadowDarkenColor":[0,0,0,0]}
{"name":"SpotLight_3","class":"SpotLight","persistentId":"eb4a83df-32e7-49b2-834b-6f8b6eac26a2","__parent":"night_light","position":[-226.686981,263.227478,37.4115372],"brightness":0.600000024,"innerAngle":85,"isEnabled":false,"outerAngle":100,"range":65,"rotationMatrix":[-0.245629787,0.856569052,-0.453822672,-0.775759101,-0.454425335,-0.437829912,-0.581260264,0.24451296,0.77611202],"shadowDarkenColor":[0,0,0,0]}
{"name":"PointLight_4","class":"PointLight","persistentId":"aba6da4f-41e2-4e9f-ae44-cfe3d25fdc4e","__parent":"night_light","position":[-226.052704,264.559814,37.4603653],"brightness":0.600000024,"flareScale":0.400000006,"flareType":"vehicleReverseLightFlare","isEnabled":false,"radius":0,"rotationMatrix":[0.884832144,0.105437033,-0.453822792,-0.324471176,0.838464856,-0.437830031,0.334350944,0.534658492,0.776111901],"shadowDarkenColor":[0,0,0,0]}
{"name":"SpotLight_4","class":"SpotLight","persistentId":"d09b707e-460a-4b72-9677-3b5c1f1aa738","__parent":"night_light","position":[-226.053116,264.559631,37.4601517],"brightness":0.600000024,"innerAngle":85,"isEnabled":false,"outerAngle":100,"range":65,"rotationMatrix":[0.884832144,0.105437033,-0.453822792,-0.324471176,0.838464856,-0.437830031,0.334350944,0.534658492,0.776111901],"shadowDarkenColor":[0,0,0,0]}
{"name":"SpotLight_5","class":"SpotLight","persistentId":"2a534f25-01aa-4f80-94d2-7332ef41850a","__parent":"night_light","position":[-366.62442,254.977249,37.08181],"brightness":0.600000024,"innerAngle":85,"isEnabled":false,"outerAngle":100,"range":65,"rotationMatrix":[-0.245629787,0.856569052,-0.453822672,-0.775759101,-0.454425335,-0.437829912,-0.581260264,0.24451296,0.77611202],"shadowDarkenColor":[0,0,0,0]}
{"name":"PointLight_5","class":"PointLight","persistentId":"eb016168-cdcd-41d4-ab70-67b2e966d62b","__parent":"night_light","position":[-365.990143,256.309601,37.1306381],"brightness":0.600000024,"flareScale":0.400000006,"flareType":"vehicleReverseLightFlare","isEnabled":false,"radius":0,"rotationMatrix":[0.884832144,0.105437033,-0.453822792,-0.324471176,0.838464856,-0.437830031,0.334350944,0.534658492,0.776111901],"shadowDarkenColor":[0,0,0,0]}
{"name":"SpotLight_6","class":"SpotLight","persistentId":"41dcc1d3-2dfc-4ec2-b3b0-208b9e36d329","__parent":"night_light","position":[-365.99057,256.309418,37.1304245],"brightness":0.600000024,"innerAngle":85,"isEnabled":false,"outerAngle":100,"range":65,"rotationMatrix":[0.884832144,0.105437033,-0.453822792,-0.324471176,0.838464856,-0.437830031,0.334350944,0.534658492,0.776111901],"shadowDarkenColor":[0,0,0,0]}
{"name":"PointLight_6","class":"PointLight","persistentId":"fbcb2618-3ff6-4404-848b-b44ca31053c6","__parent":"night_light","position":[-366.624634,254.977676,37.0820236],"brightness":0.600000024,"flareScale":0.400000006,"flareType":"vehicleReverseLightFlare","isEnabled":false,"radius":0,"rotationMatrix":[-0.245629787,0.856569052,-0.453822672,-0.775759101,-0.454425335,-0.437829912,-0.581260264,0.24451296,0.77611202],"shadowDarkenColor":[0,0,0,0]}
{"name":"PointLight_7","class":"PointLight","persistentId":"121ef7da-8fe2-4df8-ac24-16779ef16306","__parent":"night_light","position":[-470.807648,455.501862,41.2333832],"brightness":0.600000024,"flareScale":0.400000006,"flareType":"vehicleReverseLightFlare","isEnabled":false,"radius":0,"rotationMatrix":[0.765775204,-0.455667794,-0.453822792,0.253753662,0.862504482,-0.437830001,0.59092921,0.220120162,0.77611196],"shadowDarkenColor":[0,0,0,0]}
{"name":"SpotLight_7","class":"SpotLight","persistentId":"e134b36e-1844-486e-a840-e3ec502f550d","__parent":"night_light","position":[-470.808105,455.501984,41.2331696],"brightness":0.600000024,"innerAngle":85,"isEnabled":false,"outerAngle":100,"range":65,"rotationMatrix":[0.765775204,-0.455667794,-0.453822792,0.253753662,0.862504482,-0.437830001,0.59092921,0.220120162,0.77611196],"shadowDarkenColor":[0,0,0,0]}
{"name":"PointLight_8","class":"PointLight","persistentId":"e3cff31c-9934-4ee4-80d9-3c9651066ff9","__parent":"night_light","position":[-472.122437,454.83255,41.1847687],"brightness":0.600000024,"flareScale":0.400000006,"flareType":"vehicleReverseLightFlare","isEnabled":false,"radius":0,"rotationMatrix":[0.327295184,0.828808129,-0.453822553,-0.891990364,0.112507343,-0.437830091,-0.311818779,0.548105001,0.77611208],"shadowDarkenColor":[0,0,0,0]}
{"name":"SpotLight_8","class":"SpotLight","persistentId":"e2e2a098-c40d-486b-b180-a0bb8e1e114d","__parent":"night_light","position":[-472.122528,454.832092,41.1845551],"brightness":0.600000024,"innerAngle":85,"isEnabled":false,"outerAngle":100,"range":65,"rotationMatrix":[0.327295184,0.828808129,-0.453822553,-0.891990364,0.112507343,-0.437830091,-0.311818779,0.548105001,0.77611208],"shadowDarkenColor":[0,0,0,0]}
{"name":"SpotLight_9","class":"SpotLight","persistentId":"3ed9c08f-034f-4dc6-91d8-bb4ea378b390","__parent":"night_light","position":[-357.132477,137.630112,37.8199539],"brightness":0.600000024,"innerAngle":85,"isEnabled":false,"outerAngle":100,"range":65,"rotationMatrix":[-0.412232876,-0.790005505,-0.453822643,0.875318587,-0.205236435,-0.437829882,0.252747029,-0.577727437,0.77611208],"shadowDarkenColor":[0,0,0,0]}
{"name":"PointLight_9","class":"PointLight","persistentId":"e858b164-57c0-41e3-88e6-119b643f3348","__parent":"night_light","position":[-357.874207,138.905045,37.771553],"brightness":0.600000024,"flareScale":0.400000006,"flareType":"vehicleReverseLightFlare","isEnabled":false,"radius":0,"rotationMatrix":[0.845777988,-0.280543625,-0.453822374,0.0625653118,0.896878183,-0.437829942,0.529853821,0.341913372,0.776112139],"shadowDarkenColor":[0,0,0,0]}
{"name":"SpotLight_10","class":"SpotLight","persistentId":"5b5068d8-ec32-42c6-a113-d2069be0a34a","__parent":"night_light","position":[-357.874664,138.905106,37.7713394],"brightness":0.600000024,"innerAngle":85,"isEnabled":false,"outerAngle":100,"range":65,"rotationMatrix":[0.845777988,-0.280543625,-0.453822374,0.0625653118,0.896878183,-0.437829942,0.529853821,0.341913372,0.776112139],"shadowDarkenColor":[0,0,0,0]}
{"name":"PointLight_10","class":"PointLight","persistentId":"89d4fd92-75e4-4774-8ed6-f3f6c21bb972","__parent":"night_light","position":[-357.132568,137.629639,37.8201675],"brightness":0.600000024,"flareScale":0.400000006,"flareType":"vehicleReverseLightFlare","isEnabled":false,"radius":0,"rotationMatrix":[-0.412232876,-0.790005505,-0.453822643,0.875318587,-0.205236435,-0.437829882,0.252747029,-0.577727437,0.77611208],"shadowDarkenColor":[0,0,0,0]}
{"name":"PointLight_11","class":"PointLight","persistentId":"a7030265-2267-409a-b59c-2df2290a08de","__parent":"night_light","position":[-100.74958,72.7532806,44.1101723],"brightness":0.600000024,"flareScale":0.400000006,"flareType":"vehicleReverseLightFlare","isEnabled":false,"radius":0,"rotationMatrix":[-0.868788719,-0.198119342,-0.453822821,0.411045551,-0.79959166,-0.437829822,-0.276130348,-0.56692338,0.77611208],"shadowDarkenColor":[0,0,0,0]}
{"name":"SpotLight_11","class":"SpotLight","persistentId":"d9bd54a1-9e51-42f5-9532-fa3c4eec9116","__parent":"night_light","position":[-100.259277,74.1450882,44.0613441],"brightness":0.600000024,"innerAngle":85,"isEnabled":false,"outerAngle":100,"range":65,"rotationMatrix":[0.334551334,-0.825905979,-0.453822434,0.723537385,0.533665299,-0.437829852,0.603795588,-0.181880906,0.776112258],"shadowDarkenColor":[0,0,0,0]}
{"name":"PointLight_12","class":"PointLight","persistentId":"3b184d9c-e50d-411f-ae44-0e54b1e2ba10","__parent":"night_light","position":[-100.259018,74.1447067,44.0615578],"brightness":0.600000024,"flareScale":0.400000006,"flareType":"vehicleReverseLightFlare","isEnabled":false,"radius":0,"rotationMatrix":[0.334551334,-0.825905979,-0.453822434,0.723537385,0.533665299,-0.437829852,0.603795588,-0.181880906,0.776112258],"shadowDarkenColor":[0,0,0,0]}
{"name":"SpotLight_12","class":"SpotLight","persistentId":"e85d3d3b-3153-4917-a81f-c96e9afe34d5","__parent":"night_light","position":[-100.749161,72.7535248,44.1099586],"brightness":0.600000024,"innerAngle":85,"isEnabled":false,"outerAngle":100,"range":65,"rotationMatrix":[-0.868788719,-0.198119342,-0.453822821,0.411045551,-0.79959166,-0.437829822,-0.276130348,-0.56692338,0.77611208],"shadowDarkenColor":[0,0,0,0]}
{"name":"SpotLight_13","class":"SpotLight","persistentId":"c0c9e22a-dc6e-49a7-b4f6-2d2e49ee279c","__parent":"night_light","position":[277.532959,83.8148117,37.4283676],"brightness":0.600000024,"innerAngle":85,"isEnabled":false,"outerAngle":100,"range":65,"rotationMatrix":[0.806027532,-0.379953772,-0.453822255,0.169677526,0.882901251,-0.437829792,0.567035317,0.27589941,0.776112378],"shadowDarkenColor":[0,0,0,0]}
{"name":"PointLight_13","class":"PointLight","persistentId":"1dbdc775-6a99-4b32-82c9-e04f21621889","__parent":"night_light","position":[277.533417,83.8147354,37.4285812],"brightness":0.600000024,"flareScale":0.400000006,"flareType":"vehicleReverseLightFlare","isEnabled":false,"radius":0,"rotationMatrix":[0.806027532,-0.379953772,-0.453822255,0.169677526,0.882901251,-0.437829792,0.567035317,0.27589941,0.776112378],"shadowDarkenColor":[0,0,0,0]}
{"name":"SpotLight_14","class":"SpotLight","persistentId":"8e6cdf14-34bd-42ec-aca6-ea5b3a9805f3","__parent":"night_light","position":[278.116821,82.460022,37.4769821],"brightness":0.600000024,"innerAngle":85,"isEnabled":false,"outerAngle":100,"range":65,"rotationMatrix":[-0.504003525,-0.734863877,-0.453822732,0.844386578,-0.308732986,-0.437829733,0.181635141,-0.603869677,0.77611208],"shadowDarkenColor":[0,0,0,0]}
{"name":"PointLight_14","class":"PointLight","persistentId":"29b28980-9d97-4138-95ad-d34286c0e355","__parent":"night_light","position":[278.116699,82.4595718,37.4771957],"brightness":0.600000024,"flareScale":0.400000006,"flareType":"vehicleReverseLightFlare","isEnabled":false,"radius":0,"rotationMatrix":[-0.504003525,-0.734863877,-0.453822732,0.844386578,-0.308732986,-0.437829733,0.181635141,-0.603869677,0.77611208],"shadowDarkenColor":[0,0,0,0]}
{"name":"PointLight_15","class":"PointLight","persistentId":"07984c0a-9696-4d04-932c-eaf208cbb102","__parent":"night_light","position":[342.123413,-109.48481,45.069355],"brightness":0.600000024,"flareScale":0.400000006,"flareType":"vehicleReverseLightFlare","isEnabled":false,"radius":0,"rotationMatrix":[-0.564956307,-0.689107716,-0.453822255,0.814915836,-0.379759192,-0.437829703,0.129368663,-0.617181659,0.776112437],"shadowDarkenColor":[0,0,0,0]}
{"name":"SpotLight_15","class":"SpotLight","persistentId":"d9bb14ed-5b18-47d9-bed6-7f2cd5a12912","__parent":"night_light","position":[340.667358,-109.720421,45.1177559],"brightness":0.600000024,"innerAngle":85,"isEnabled":false,"outerAngle":100,"range":65,"rotationMatrix":[-0.58985436,0.667919636,-0.453822792,-0.505233526,-0.743669391,-0.437829792,-0.629929245,-0.0289693326,0.77611208],"shadowDarkenColor":[0,0,0,0]}
{"name":"PointLight_16","class":"PointLight","persistentId":"f13ef8f3-418a-481c-98f7-7c5e05b52d3c","__parent":"night_light","position":[340.666931,-109.720192,45.1179695],"brightness":0.600000024,"flareScale":0.400000006,"flareType":"vehicleReverseLightFlare","isEnabled":false,"radius":0,"rotationMatrix":[-0.58985436,0.667919636,-0.453822792,-0.505233526,-0.743669391,-0.437829792,-0.629929245,-0.0289693326,0.77611208],"shadowDarkenColor":[0,0,0,0]}
{"name":"SpotLight_16","class":"SpotLight","persistentId":"0e793c35-dea6-4040-a776-a4aff4e43dcc","__parent":"night_light","position":[342.123596,-109.484383,45.0691414],"brightness":0.600000024,"innerAngle":85,"isEnabled":false,"outerAngle":100,"range":65,"rotationMatrix":[-0.564956307,-0.689107716,-0.453822255,0.814915836,-0.379759192,-0.437829703,0.129368663,-0.617181659,0.776112437],"shadowDarkenColor":[0,0,0,0]}
{"name":"SpotLight_17","class":"SpotLight","persistentId":"936da70f-4c80-4a12-a6e9-6c322863fb0e","__parent":"night_light","position":[139.297287,-226.610199,39.675293],"brightness":0.600000024,"innerAngle":85,"isEnabled":false,"outerAngle":100,"range":65,"rotationMatrix":[-0.58985436,0.667919636,-0.453822792,-0.505233526,-0.743669391,-0.437829792,-0.629929245,-0.0289693326,0.77611208],"shadowDarkenColor":[0,0,0,0]}
{"name":"PointLight_17","class":"PointLight","persistentId":"af668335-08ec-482b-a213-e2f2fd5a30c1","__parent":"night_light","position":[139.29686,-226.60997,39.6755066],"brightness":0.600000024,"flareScale":0.400000006,"flareType":"vehicleReverseLightFlare","isEnabled":false,"radius":0,"rotationMatrix":[-0.58985436,0.667919636,-0.453822792,-0.505233526,-0.743669391,-0.437829792,-0.629929245,-0.0289693326,0.77611208],"shadowDarkenColor":[0,0,0,0]}
{"name":"SpotLight_18","class":"SpotLight","persistentId":"0acbf6bd-62f1-463a-9aa2-dca0d34c4344","__parent":"night_light","position":[140.753525,-226.374161,39.6266785],"brightness":0.600000024,"innerAngle":85,"isEnabled":false,"outerAngle":100,"range":65,"rotationMatrix":[-0.564956307,-0.689107716,-0.453822255,0.814915836,-0.379759192,-0.437829703,0.129368663,-0.617181659,0.776112437],"shadowDarkenColor":[0,0,0,0]}
{"name":"PointLight_18","class":"PointLight","persistentId":"b8c10e7e-1aac-4ed2-8b5a-be9711a87241","__parent":"night_light","position":[140.753342,-226.374588,39.6268921],"brightness":0.600000024,"flareScale":0.400000006,"flareType":"vehicleReverseLightFlare","isEnabled":false,"radius":0,"rotationMatrix":[-0.564956307,-0.689107716,-0.453822255,0.814915836,-0.379759192,-0.437829703,0.129368663,-0.617181659,0.776112437],"shadowDarkenColor":[0,0,0,0]}
{"name":"PointLight_19","class":"PointLight","persistentId":"49a9e4b1-833a-486a-a559-9291935338a5","__parent":"night_light","position":[223.243118,-164.717636,38.4193649],"brightness":0.600000024,"flareScale":0.400000006,"flareType":"vehicleReverseLightFlare","isEnabled":false,"radius":0,"rotationMatrix":[0.879909813,0.140725255,-0.453822792,-0.357730597,0.824823499,-0.437829792,0.312709987,0.547597051,0.77611208],"shadowDarkenColor":[0,0,0,0]}
{"name":"SpotLight_19","class":"SpotLight","persistentId":"726aeaa7-4cab-40b4-bb12-5c20ee744de6","__parent":"night_light","position":[222.662598,-166.07428,38.3705368],"brightness":0.600000024,"innerAngle":85,"isEnabled":false,"outerAngle":100,"range":65,"rotationMatrix":[-0.279675841,0.846065402,-0.453822285,-0.756973386,-0.485073566,-0.437829733,-0.590569854,0.221081018,0.776112437],"shadowDarkenColor":[0,0,0,0]}
{"name":"PointLight_20","class":"PointLight","persistentId":"746b889c-e22d-41d6-a010-bbdbd0aaa953","__parent":"night_light","position":[222.662323,-166.073898,38.3707504],"brightness":0.600000024,"flareScale":0.400000006,"flareType":"vehicleReverseLightFlare","isEnabled":false,"radius":0,"rotationMatrix":[-0.279675841,0.846065402,-0.453822285,-0.756973386,-0.485073566,-0.437829733,-0.590569854,0.221081018,0.776112437],"shadowDarkenColor":[0,0,0,0]}
{"name":"SpotLight_20","class":"SpotLight","persistentId":"fdea1457-39e3-4568-acdc-240e87ab878a","__parent":"night_light","position":[223.242691,-164.71788,38.4191513],"brightness":0.600000024,"innerAngle":85,"isEnabled":false,"outerAngle":100,"range":65,"rotationMatrix":[0.879909813,0.140725255,-0.453822792,-0.357730597,0.824823499,-0.437829792,0.312709987,0.547597051,0.77611208],"shadowDarkenColor":[0,0,0,0]}
{"name":"SpotLight_21","class":"SpotLight","persistentId":"f25cbb35-23c2-4986-a627-e54efc48cfab","__parent":"night_light","position":[-268.903625,83.5180283,37.5255356],"brightness":0.600000024,"innerAngle":85,"isEnabled":false,"outerAngle":100,"range":65,"rotationMatrix":[0.883392632,-0.116887823,-0.453822345,-0.106806695,0.892691076,-0.437829822,0.45630011,0.435246915,0.776112318],"shadowDarkenColor":[0,0,0,0]}
{"name":"PointLight_21","class":"PointLight","persistentId":"2076816a-2986-4b01-a41b-222e5f3bce9b","__parent":"night_light","position":[-268.903168,83.5181122,37.5257492],"brightness":0.600000024,"flareScale":0.400000006,"flareType":"vehicleReverseLightFlare","isEnabled":false,"radius":0,"rotationMatrix":[0.883392632,-0.116887823,-0.453822345,-0.106806695,0.892691076,-0.437829822,0.45630011,0.435246915,0.776112318],"shadowDarkenColor":[0,0,0,0]}
{"name":"SpotLight_22","class":"SpotLight","persistentId":"8945dc83-53bf-4031-b1a0-42fb4994965f","__parent":"night_light","position":[-267.935516,82.4049225,37.5741501],"brightness":0.600000024,"innerAngle":85,"isEnabled":false,"outerAngle":100,"range":65,"rotationMatrix":[-0.256702065,-0.853316307,-0.453822762,0.898280621,-0.0373758078,-0.437829733,0.356645256,-0.520052016,0.776112139],"shadowDarkenColor":[0,0,0,0]}
{"name":"PointLight_22","class":"PointLight","persistentId":"5c191ac3-9ae8-42a3-affa-ab2b6633c9cb","__parent":"night_light","position":[-267.935486,82.4044266,37.5743637],"brightness":0.600000024,"flareScale":0.400000006,"flareType":"vehicleReverseLightFlare","isEnabled":false,"radius":0,"rotationMatrix":[-0.256702065,-0.853316307,-0.453822762,0.898280621,-0.0373758078,-0.437829733,0.356645256,-0.520052016,0.776112139],"shadowDarkenColor":[0,0,0,0]}
{"name":"PointLight_23","class":"PointLight","persistentId":"c08fd552-10b7-4fef-8174-4605ef9790ec","__parent":"night_light","position":[-170.808914,94.7097931,37.5257492],"brightness":0.600000024,"flareScale":0.400000006,"flareType":"vehicleReverseLightFlare","isEnabled":false,"radius":0,"rotationMatrix":[0.544946611,0.705037951,-0.453822345,-0.82547915,0.356215,-0.437829882,-0.147028297,0.61321485,0.776112318],"shadowDarkenColor":[0,0,0,0]}
{"name":"SpotLight_23","class":"SpotLight","persistentId":"ceca11c0-75b6-4c5f-9302-fd5df0939b13","__parent":"night_light","position":[-169.360245,94.9870453,37.5741501],"brightness":0.600000024,"innerAngle":85,"isEnabled":false,"outerAngle":100,"range":65,"rotationMatrix":[0.608780682,-0.650715649,-0.453822732,0.483682215,0.757863224,-0.437829673,0.628838181,0.0470362157,0.776112139],"shadowDarkenColor":[0,0,0,0]}
{"name":"PointLight_24","class":"PointLight","persistentId":"19ef8aeb-c2f0-44cf-833b-ba40ea620440","__parent":"night_light","position":[-169.359818,94.9868011,37.5743637],"brightness":0.600000024,"flareScale":0.400000006,"flareType":"vehicleReverseLightFlare","isEnabled":false,"radius":0,"rotationMatrix":[0.608780682,-0.650715649,-0.453822732,0.483682215,0.757863224,-0.437829673,0.628838181,0.0470362157,0.776112139],"shadowDarkenColor":[0,0,0,0]}
{"name":"SpotLight_24","class":"SpotLight","persistentId":"e347f465-34c1-4153-99fd-656265025096","__parent":"night_light","position":[-170.809082,94.7093277,37.5255356],"brightness":0.600000024,"innerAngle":85,"isEnabled":false,"outerAngle":100,"range":65,"rotationMatrix":[0.544946611,0.705037951,-0.453822345,-0.82547915,0.356215,-0.437829882,-0.147028297,0.61321485,0.776112318],"shadowDarkenColor":[0,0,0,0]}
{"name":"SpotLight_25","class":"SpotLight","persistentId":"62fffd65-b820-4b42-ab39-34b2e16f9293","__parent":"night_light","position":[-107.519737,209.984741,37.3999481],"brightness":0.600000024,"innerAngle":85,"isEnabled":false,"outerAngle":100,"range":65,"rotationMatrix":[-0.838026643,0.302912772,-0.453822702,-0.086368978,-0.894899607,-0.437829643,-0.538750052,-0.327716738,0.776112199],"shadowDarkenColor":[0,0,0,0]}
{"name":"PointLight_25","class":"PointLight","persistentId":"3e31e2c6-a5ad-4524-b663-044977278b70","__parent":"night_light","position":[-107.520226,209.984772,37.4001617],"brightness":0.600000024,"flareScale":0.400000006,"flareType":"vehicleReverseLightFlare","isEnabled":false,"radius":0,"rotationMatrix":[-0.838026643,0.302912772,-0.453822702,-0.086368978,-0.894899607,-0.437829643,-0.538750052,-0.327716738,0.776112199],"shadowDarkenColor":[0,0,0,0]}
{"name":"SpotLight_26","class":"SpotLight","persistentId":"c7b79444-77e3-4065-9eea-88bc809f0110","__parent":"night_light","position":[-106.355453,210.89064,37.3513336],"brightness":0.600000024,"innerAngle":85,"isEnabled":false,"outerAngle":100,"range":65,"rotationMatrix":[-0.164949536,-0.875692189,-0.453822285,0.897191226,0.0579035282,-0.437829822,0.409682065,-0.479385227,0.776112318],"shadowDarkenColor":[0,0,0,0]}
{"name":"PointLight_26","class":"PointLight","persistentId":"003e0d72-b9b1-4f9f-bc7e-6f11ec9ce337","__parent":"night_light","position":[-106.35537,210.890152,37.3515472],"brightness":0.600000024,"flareScale":0.400000006,"flareType":"vehicleReverseLightFlare","isEnabled":false,"radius":0,"rotationMatrix":[-0.164949536,-0.875692189,-0.453822285,0.897191226,0.0579035282,-0.437829822,0.409682065,-0.479385227,0.776112318],"shadowDarkenColor":[0,0,0,0]}
{"name":"PointLight_27","class":"PointLight","persistentId":"779bbf21-2ab5-4bc0-8927-8565ae25da29","__parent":"night_light","position":[63.2861748,269.940613,41.3441467],"brightness":0.600000024,"flareScale":0.400000006,"flareType":"vehicleReverseLightFlare","isEnabled":false,"radius":0,"rotationMatrix":[-0.444961071,0.772045434,-0.453822672,-0.643265188,-0.628104091,-0.437829524,-0.623072326,0.0971111953,0.776112199],"shadowDarkenColor":[0,0,0,0]}
{"name":"SpotLight_27","class":"SpotLight","persistentId":"a860dd7e-f1eb-479a-b2a9-f821d1957d6c","__parent":"night_light","position":[64.7605591,269.881531,41.2953186],"brightness":0.600000024,"innerAngle":85,"isEnabled":false,"outerAngle":100,"range":65,"rotationMatrix":[-0.690920353,-0.562737823,-0.453822285,0.722920418,-0.53450048,-0.437829673,0.00381499529,-0.630582988,0.776112437],"shadowDarkenColor":[0,0,0,0]}
{"name":"PointLight_28","class":"PointLight","persistentId":"0917bcd7-1c7e-4de8-886f-35a36fa15f9f","__parent":"night_light","position":[64.7602997,269.881042,41.2955322],"brightness":0.600000024,"flareScale":0.400000006,"flareType":"vehicleReverseLightFlare","isEnabled":false,"radius":0,"rotationMatrix":[-0.690920353,-0.562737823,-0.453822285,0.722920418,-0.53450048,-0.437829673,0.00381499529,-0.630582988,0.776112437],"shadowDarkenColor":[0,0,0,0]}
{"name":"SpotLight_28","class":"SpotLight","persistentId":"3de7ca35-0919-4800-a9ec-9d1bc008218d","__parent":"night_light","position":[63.2865028,269.940308,41.3439331],"brightness":0.600000024,"innerAngle":85,"isEnabled":false,"outerAngle":100,"range":65,"rotationMatrix":[-0.444961071,0.772045434,-0.453822672,-0.643265188,-0.628104091,-0.437829524,-0.623072326,0.0971111953,0.776112199],"shadowDarkenColor":[0,0,0,0]}
{"name":"SpotLight_29","class":"SpotLight","persistentId":"7a58ce64-ce4d-4f73-8e7a-b8b576bd91c6","__parent":"night_light","position":[163.407684,224.299957,42.2668571],"brightness":0.600000024,"innerAngle":85,"isEnabled":false,"outerAngle":100,"range":65,"rotationMatrix":[-0.885405302,-0.1005136,-0.453822345,0.319801807,-0.840257168,-0.437829733,-0.337319583,-0.532789886,0.776112378],"shadowDarkenColor":[0,0,0,0]}
{"name":"PointLight_29","class":"PointLight","persistentId":"a2eb5035-5a2d-4b16-a465-44ab7e64442d","__parent":"night_light","position":[163.407181,224.299698,42.2670708],"brightness":0.600000024,"flareScale":0.400000006,"flareType":"vehicleReverseLightFlare","isEnabled":false,"radius":0,"rotationMatrix":[-0.885405302,-0.1005136,-0.453822345,0.319801807,-0.840257168,-0.437829733,-0.337319583,-0.532789886,0.776112378],"shadowDarkenColor":[0,0,0,0]}
{"name":"SpotLight_30","class":"SpotLight","persistentId":"876ab155-d8df-4cdc-94f4-4f2847bcc8bd","__parent":"night_light","position":[162.198776,225.145462,42.3154716],"brightness":0.600000024,"innerAngle":85,"isEnabled":false,"outerAngle":100,"range":65,"rotationMatrix":[0.0424222946,0.890081644,-0.453822762,-0.880595565,-0.1812644,-0.437829584,-0.471965939,0.418208092,0.776112199],"shadowDarkenColor":[0,0,0,0]}
{"name":"PointLight_30","class":"PointLight","persistentId":"45fde6fe-da25-4cf6-8b94-609a26223613","__parent":"night_light","position":[162.198654,225.145905,42.3156853],"brightness":0.600000024,"flareScale":0.400000006,"flareType":"vehicleReverseLightFlare","isEnabled":false,"radius":0,"rotationMatrix":[0.0424222946,0.890081644,-0.453822762,-0.880595565,-0.1812644,-0.437829584,-0.471965939,0.418208092,0.776112199],"shadowDarkenColor":[0,0,0,0]}
{"name":"PointLight_31","class":"PointLight","persistentId":"08283791-4c10-41f5-b0ef-704ead381c23","__parent":"night_light","position":[378.337494,-13.8856592,37.889679],"brightness":0.600000024,"flareScale":0.400000006,"flareType":"vehicleReverseLightFlare","isEnabled":false,"radius":0,"rotationMatrix":[0.891073346,-0.00580197573,-0.453822255,-0.217305556,0.872400999,-0.437829614,0.398455262,0.488756418,0.776112437],"shadowDarkenColor":[0,0,0,0]}
{"name":"SpotLight_31","class":"SpotLight","persistentId":"b6637801-c1aa-4548-807c-b61e80522d7c","__parent":"night_light","position":[379.436401,-14.8695097,37.9380798],"brightness":0.600000024,"innerAngle":85,"isEnabled":false,"outerAngle":100,"range":65,"rotationMatrix":[-0.148275495,-0.878669083,-0.453822851,0.8959288,0.0749461055,-0.437829584,0.41871959,-0.471512288,0.776112199],"shadowDarkenColor":[0,0,0,0]}
{"name":"PointLight_32","class":"PointLight","persistentId":"23cf0cb9-989f-4751-a7fe-6b1222ef0c49","__parent":"night_light","position":[379.436462,-14.8699636,37.9382935],"brightness":0.600000024,"flareScale":0.400000006,"flareType":"vehicleReverseLightFlare","isEnabled":false,"radius":0,"rotationMatrix":[-0.148275495,-0.878669083,-0.453822851,0.8959288,0.0749461055,-0.437829584,0.41871959,-0.471512288,0.776112199],"shadowDarkenColor":[0,0,0,0]}
{"name":"SpotLight_32","class":"SpotLight","persistentId":"e06bc100-83af-4154-a659-f01cd04ce01c","__parent":"night_light","position":[378.336975,-13.8858576,37.8894653],"brightness":0.600000024,"innerAngle":85,"isEnabled":false,"outerAngle":100,"range":65,"rotationMatrix":[0.891073346,-0.00580197573,-0.453822255,-0.217305556,0.872400999,-0.437829614,0.398455262,0.488756418,0.776112437],"shadowDarkenColor":[0,0,0,0]}
{"name":"SpotLight_33","class":"SpotLight","persistentId":"99fac3ea-4651-4c2f-b2f0-04df0e387b7e","__parent":"night_light","position":[404.788086,-140.511887,48.0341682],"brightness":0.600000024,"innerAngle":85,"isEnabled":false,"outerAngle":100,"range":65,"rotationMatrix":[0.844459295,-0.284487784,-0.453822732,0.0667504817,0.896576643,-0.437829494,0.531444013,0.339436293,0.776112199],"shadowDarkenColor":[0,0,0,0]}
{"name":"PointLight_33","class":"PointLight","persistentId":"c4547831-e70b-4883-939b-724a532b0ef7","__parent":"night_light","position":[404.788574,-140.511917,48.0343819],"brightness":0.600000024,"flareScale":0.400000006,"flareType":"vehicleReverseLightFlare","isEnabled":false,"radius":0,"rotationMatrix":[0.844459295,-0.284487784,-0.453822732,0.0667504817,0.896576643,-0.437829494,0.531444013,0.339436293,0.776112199],"shadowDarkenColor":[0,0,0,0]}
{"name":"SpotLight_34","class":"SpotLight","persistentId":"e7cb05fe-2b7b-4c8d-8947-87c4dd1a99d2","__parent":"night_light","position":[403.64389,-141.44313,47.9855537],"brightness":0.600000024,"innerAngle":85,"isEnabled":false,"outerAngle":100,"range":65,"rotationMatrix":[0.145733058,0.879094422,-0.453822136,-0.895708025,-0.077537179,-0.437829524,-0.420081735,0.47029838,0.776112556],"shadowDarkenColor":[0,0,0,0]}
{"name":"PointLight_34","class":"PointLight","persistentId":"a236e276-0afa-434e-acf2-08a988762ac5","__parent":"night_light","position":[403.643799,-141.442581,47.9857674],"brightness":0.600000024,"flareScale":0.400000006,"flareType":"vehicleReverseLightFlare","isEnabled":false,"radius":0,"rotationMatrix":[0.145733058,0.879094422,-0.453822136,-0.895708025,-0.077537179,-0.437829524,-0.420081735,0.47029838,0.776112556],"shadowDarkenColor":[0,0,0,0]}
{"name":"PointLight_35","class":"PointLight","persistentId":"c65e822f-a11b-4550-922f-dd060e6fdb72","__parent":"night_light","position":[346.756805,-167.566528,53.6293297],"brightness":0.600000024,"flareScale":0.400000006,"flareType":"vehicleReverseLightFlare","isEnabled":false,"radius":0,"rotationMatrix":[-0.711685896,0.536234796,-0.453822672,-0.346036494,-0.829797387,-0.437829435,-0.611360371,-0.154557884,0.776112318],"shadowDarkenColor":[0,0,0,0]}
{"name":"SpotLight_35","class":"SpotLight","persistentId":"45554939-149b-4d0a-8c62-92bb8c2062f9","__parent":"night_light","position":[348.136688,-167.043732,53.5805016],"brightness":0.600000024,"innerAngle":85,"isEnabled":false,"outerAngle":100,"range":65,"rotationMatrix":[-0.415478826,-0.78830415,-0.453822166,0.874467432,-0.208835483,-0.437829733,0.250368923,-0.578761458,0.776112556],"shadowDarkenColor":[0,0,0,0]}
{"name":"PointLight_36","class":"PointLight","persistentId":"dc4ae04c-9115-4ae1-8f6c-bfc0c1384f92","__parent":"night_light","position":[348.136627,-167.044281,53.5807152],"brightness":0.600000024,"flareScale":0.400000006,"flareType":"vehicleReverseLightFlare","isEnabled":false,"radius":0,"rotationMatrix":[-0.415478826,-0.78830415,-0.453822166,0.874467432,-0.208835483,-0.437829733,0.250368923,-0.578761458,0.776112556],"shadowDarkenColor":[0,0,0,0]}
{"name":"SpotLight_36","class":"SpotLight","persistentId":"fa8a8735-a6d9-4ccc-a35e-b5423617ea81","__parent":"night_light","position":[346.757233,-167.566711,53.6291161],"brightness":0.600000024,"innerAngle":85,"isEnabled":false,"outerAngle":100,"range":65,"rotationMatrix":[-0.711685896,0.536234796,-0.453822672,-0.346036494,-0.829797387,-0.437829435,-0.611360371,-0.154557884,0.776112318],"shadowDarkenColor":[0,0,0,0]}
{"name":"SpotLight_37","class":"SpotLight","persistentId":"3aa19a37-7631-4694-b7a5-c0fe95d2c676","__parent":"night_light","position":[249.407181,-228.443756,61.3265762],"brightness":0.600000024,"innerAngle":85,"isEnabled":false,"outerAngle":100,"range":65,"rotationMatrix":[0.654531717,-0.604676604,-0.453821957,0.427234441,0.791059792,-0.437829912,0.623745859,0.0926851481,0.776112437],"shadowDarkenColor":[0,0,0,0]}
{"name":"PointLight_37","class":"PointLight","persistentId":"a4057ab3-336d-4e48-a9d5-ac37afda7cf6","__parent":"night_light","position":[249.4077,-228.443954,61.3267899],"brightness":0.600000024,"flareScale":0.400000006,"flareType":"vehicleReverseLightFlare","isEnabled":false,"radius":0,"rotationMatrix":[0.654531717,-0.604676604,-0.453821957,0.427234441,0.791059792,-0.437829912,0.623745859,0.0926851481,0.776112437],"shadowDarkenColor":[0,0,0,0]}
{"name":"SpotLight_38","class":"SpotLight","persistentId":"6d581847-4a93-4c50-8bc8-f21bd7b23c3a","__parent":"night_light","position":[249.556824,-229.911407,61.3751907],"brightness":0.600000024,"innerAngle":85,"isEnabled":false,"outerAngle":100,"range":65,"rotationMatrix":[-0.701595545,-0.549370468,-0.453822643,0.712526619,-0.548279524,-0.437829405,-0.00829124451,-0.630540133,0.776112318],"shadowDarkenColor":[0,0,0,0]}
{"name":"PointLight_38","class":"PointLight","persistentId":"3074a1a6-d5aa-46dc-8895-57dbf46c77db","__parent":"night_light","position":[249.556534,-229.911774,61.3754044],"brightness":0.600000024,"flareScale":0.400000006,"flareType":"vehicleReverseLightFlare","isEnabled":false,"radius":0,"rotationMatrix":[-0.701595545,-0.549370468,-0.453822643,0.712526619,-0.548279524,-0.437829405,-0.00829124451,-0.630540133,0.776112318],"shadowDarkenColor":[0,0,0,0]}
{"name":"PointLight_39","class":"PointLight","persistentId":"3741bd57-d8c9-45e1-bedb-45f08227ae76","__parent":"night_light","position":[280.650574,-293.159363,56.7738647],"brightness":0.600000024,"flareScale":0.400000006,"flareType":"vehicleReverseLightFlare","isEnabled":false,"radius":0,"rotationMatrix":[0.814560711,-0.361298293,-0.453821957,0.149308175,0.886573195,-0.437829852,0.560533583,0.288879693,0.776112497],"shadowDarkenColor":[0,0,0,0]}
{"name":"SpotLight_39","class":"SpotLight","persistentId":"53489418-9cca-4e19-9367-76e72e7bc4de","__parent":"night_light","position":[281.264923,-294.500305,56.8222656],"brightness":0.600000024,"innerAngle":85,"isEnabled":false,"outerAngle":100,"range":65,"rotationMatrix":[-0.486952305,-0.746272326,-0.453822732,0.851270556,-0.289212346,-0.437829524,0.195488885,-0.599528015,0.776112258],"shadowDarkenColor":[0,0,0,0]}
{"name":"PointLight_40","class":"PointLight","persistentId":"eb88cfbb-b496-4447-a18d-f225ca23f5b1","__parent":"night_light","position":[281.264771,-294.500732,56.8224792],"brightness":0.600000024,"flareScale":0.400000006,"flareType":"vehicleReverseLightFlare","isEnabled":false,"radius":0,"rotationMatrix":[-0.486952305,-0.746272326,-0.453822732,0.851270556,-0.289212346,-0.437829524,0.195488885,-0.599528015,0.776112258],"shadowDarkenColor":[0,0,0,0]}
{"name":"SpotLight_40","class":"SpotLight","persistentId":"0d019aa9-a1fd-4ad4-9bb6-c002fa377dd8","__parent":"night_light","position":[280.649963,-293.159332,56.7736511],"brightness":0.600000024,"innerAngle":85,"isEnabled":false,"outerAngle":100,"range":65,"rotationMatrix":[0.814560711,-0.361298293,-0.453821957,0.149308175,0.886573195,-0.437829852,0.560533583,0.288879693,0.776112497],"shadowDarkenColor":[0,0,0,0]}
{"name":"SpotLight_41","class":"SpotLight","persistentId":"f428d358-c038-467b-946a-66934d26a41b","__parent":"night_light","position":[319.988403,-412.65329,50.732338],"brightness":0.600000024,"innerAngle":85,"isEnabled":false,"outerAngle":100,"range":65,"rotationMatrix":[-0.820767879,-0.346964985,-0.453822732,0.544513166,-0.715409279,-0.437829494,-0.172757551,-0.606468916,0.776112258],"shadowDarkenColor":[0,0,0,0]}
{"name":"PointLight_41","class":"PointLight","persistentId":"b7793a80-b5e4-459f-af9b-6242658c4dee","__parent":"night_light","position":[319.988037,-412.653534,50.7325516],"brightness":0.600000024,"flareScale":0.400000006,"flareType":"vehicleReverseLightFlare","isEnabled":false,"radius":0,"rotationMatrix":[-0.820767879,-0.346964985,-0.453822732,0.544513166,-0.715409279,-0.437829494,-0.172757551,-0.606468916,0.776112258],"shadowDarkenColor":[0,0,0,0]}
{"name":"SpotLight_42","class":"SpotLight","persistentId":"ca63b05c-44f2-4b50-b70c-ab9c52c7ddf0","__parent":"night_light","position":[320.227417,-411.19751,50.6837234],"brightness":0.600000024,"innerAngle":85,"isEnabled":false,"outerAngle":100,"range":65,"rotationMatrix":[0.473797143,-0.75469321,-0.453821957,0.619088948,0.651946187,-0.437829792,0.626294672,-0.0735136867,0.776112556],"shadowDarkenColor":[0,0,0,0]}
{"name":"PointLight_42","class":"PointLight","persistentId":"b7ea4882-e4be-4b4c-9052-f2fc9840598f","__parent":"night_light","position":[320.227905,-411.197876,50.6839371],"brightness":0.600000024,"flareScale":0.400000006,"flareType":"vehicleReverseLightFlare","isEnabled":false,"radius":0,"rotationMatrix":[0.473797143,-0.75469321,-0.453821957,0.619088948,0.651946187,-0.437829792,0.626294672,-0.0735136867,0.776112556],"shadowDarkenColor":[0,0,0,0]}
{"name":"PointLight_43","class":"PointLight","persistentId":"7dbe98d5-5ad9-42f0-b322-1d80479b02d9","__parent":"night_light","position":[286.680969,-488.835663,52.1569328],"brightness":0.600000024,"flareScale":0.400000006,"flareType":"vehicleReverseLightFlare","isEnabled":false,"radius":0,"rotationMatrix":[0.886541188,-0.089942649,-0.453822732,-0.133931309,0.889026284,-0.437829524,0.442839861,0.448934942,0.776112258],"shadowDarkenColor":[0,0,0,0]}
{"name":"SpotLight_43","class":"SpotLight","persistentId":"a191c3b3-f026-4d26-8572-1323801c9f5d","__parent":"night_light","position":[285.771606,-489.997711,52.1081047],"brightness":0.600000024,"innerAngle":85,"isEnabled":false,"outerAngle":100,"range":65,"rotationMatrix":[-0.0530378819,0.88951242,-0.453821898,-0.856151462,-0.274425745,-0.437829733,-0.513995528,0.365318716,0.776112556],"shadowDarkenColor":[0,0,0,0]}
{"name":"PointLight_44","class":"PointLight","persistentId":"c30f1fc3-26df-4b1e-bf9c-abccfe43095c","__parent":"night_light","position":[285.771362,-489.997162,52.1083183],"brightness":0.600000024,"flareScale":0.400000006,"flareType":"vehicleReverseLightFlare","isEnabled":false,"radius":0,"rotationMatrix":[-0.0530378819,0.88951242,-0.453821898,-0.856151462,-0.274425745,-0.437829733,-0.513995528,0.365318716,0.776112556],"shadowDarkenColor":[0,0,0,0]}
{"name":"SpotLight_44","class":"SpotLight","persistentId":"ddd3a1fb-1657-4ec3-8892-ed3a9c8820e0","__parent":"night_light","position":[286.680542,-488.835693,52.1567192],"brightness":0.600000024,"innerAngle":85,"isEnabled":false,"outerAngle":100,"range":65,"rotationMatrix":[0.886541188,-0.089942649,-0.453822732,-0.133931309,0.889026284,-0.437829524,0.442839861,0.448934942,0.776112258],"shadowDarkenColor":[0,0,0,0]}
{"name":"SpotLight_45","class":"SpotLight","persistentId":"3b0d540f-1885-4b45-9c92-6dccb133b7d9","__parent":"night_light","position":[182.810928,-411.074829,44.1910782],"brightness":0.600000024,"innerAngle":85,"isEnabled":false,"outerAngle":100,"range":65,"rotationMatrix":[-0.63832891,0.621757269,-0.453821868,-0.44798398,-0.779497027,-0.437829852,-0.625976622,-0.0761744976,0.776112556],"shadowDarkenColor":[0,0,0,0]}
{"name":"PointLight_45","class":"PointLight","persistentId":"daf79a95-83d7-4c70-b25e-8c2a09667645","__parent":"night_light","position":[182.810379,-411.074585,44.1912918],"brightness":0.600000024,"flareScale":0.400000006,"flareType":"vehicleReverseLightFlare","isEnabled":false,"radius":0,"rotationMatrix":[-0.63832891,0.621757269,-0.453821868,-0.44798398,-0.779497027,-0.437829852,-0.625976622,-0.0761744976,0.776112556],"shadowDarkenColor":[0,0,0,0]}
{"name":"SpotLight_46","class":"SpotLight","persistentId":"04c61034-3b2e-48c3-afba-59d81875cdae","__parent":"night_light","position":[182.700089,-409.603729,44.2396927],"brightness":0.600000024,"innerAngle":85,"isEnabled":false,"outerAngle":100,"range":65,"rotationMatrix":[0.71586442,0.530644059,-0.453822702,-0.697793603,0.566912234,-0.437829494,0.024946034,0.630101085,0.776112318],"shadowDarkenColor":[0,0,0,0]}
{"name":"PointLight_46","class":"PointLight","persistentId":"2611c268-a8d0-416c-ae66-65ae4018476d","__parent":"night_light","position":[182.700394,-409.603424,44.2399063],"brightness":0.600000024,"flareScale":0.400000006,"flareType":"vehicleReverseLightFlare","isEnabled":false,"radius":0,"rotationMatrix":[0.71586442,0.530644059,-0.453822702,-0.697793603,0.566912234,-0.437829494,0.024946034,0.630101085,0.776112318],"shadowDarkenColor":[0,0,0,0]}
