{"name":"p_port_ppa_fence_8m23","internalName":"p_port_ppa_fence_8m23","class":"Prefab","persistentId":"42d85c08-84e9-4f34-8354-406c33831d7c","__parent":"StaticObjects","position":[416.036346,1860.99133,74.6407089],"annotation":"GUARD_RAIL","filename":"/levels/west_coast_usa/art/prefabs/p_port_ppa_fence_8m.prefab.json","rotationMatrix":[0.0451337695,-0.998980761,0,0.998980761,0.0451337695,0,0,0,1]}
{"name":"p_port_ppa_fence_8m36","internalName":"p_port_ppa_fence_8m36","class":"Prefab","persistentId":"35ee4763-59a0-4bd0-97db-fecd6f9e59e2","__parent":"StaticObjects","position":[-797.973633,917.17041,75.8741913],"annotation":"GUARD_RAIL","filename":"/levels/west_coast_usa/art/prefabs/p_port_ppa_fence_8m.prefab.json","rotationMatrix":[-1,-0.00053278089,0,0.00053278089,-1,0,0,0,1]}
{"class":"TSStatic","persistentId":"d7681762-2c76-44b9-8345-88b584281028","__parent":"StaticObjects","position":[165.12059,70.1356888,120.066536],"decalType":"None","isRenderEnabled":false,"rotationMatrix":[0.807314456,0.59012115,3.30103479e-12,-0.59012115,0.807314456,1.01308024e-05,5.97840062e-06,-8.17874843e-06,0.999999881],"shapeName":"/levels/west_coast_usa/art/shapes/buildings/s_port_ppa_fence_bars_2m.dae","useInstanceRenderData":true}
{"name":"p_port_ppa_fence_8m56","internalName":"p_port_ppa_fence_8m56","class":"Prefab","persistentId":"64d20c68-baa7-43a9-85ae-aee4dcc9d3a7","__parent":"StaticObjects","position":[346.246674,1911.67029,74.6455994],"filename":"/levels/west_coast_usa/art/prefabs/p_port_ppa_fence_8m.prefab.json","rotationMatrix":[0.982417762,-0.186695486,0,0.186695486,0.982417762,0,0,0,0.999999881]}
{"name":"p_port_ppa_fence_8m391212","internalName":"p_port_ppa_fence_8m391212","class":"Prefab","__parent":"StaticObjects","position":[160.281082,66.598175,120.066536],"filename":"/levels/west_coast_usa/art/prefabs/p_port_ppa_fence_8m.prefab.json","rotationMatrix":[-0.807314873,-0.59012109,0,0.59012109,-0.807314873,-1.01308051e-05,5.97840153e-06,-8.17874934e-06,1]}
{"name":"p_port_ppa_fence_8m12","internalName":"p_port_ppa_fence_8m12","class":"Prefab","persistentId":"98dcb5d3-0f3d-49d4-9e74-7c9abb169dfb","__parent":"StaticObjects","position":[461.900024,1765,74.6999969],"annotation":"GUARD_RAIL","filename":"/levels/west_coast_usa/art/prefabs/p_port_ppa_fence_8m.prefab.json","rotationMatrix":[-1.1920929e-07,-0.999999821,0,0.999999821,-1.1920929e-07,0,0,0,1]}
{"name":"p_port_ppa_fence_8m50","internalName":"p_port_ppa_fence_8m50","class":"Prefab","persistentId":"8ecd0e3e-ac8b-47f0-b36e-a5e7bdc9f390","__parent":"StaticObjects","position":[385.474152,1904.20264,74.6455994],"filename":"/levels/west_coast_usa/art/prefabs/p_port_ppa_fence_8m.prefab.json","rotationMatrix":[0.982416749,-0.186701313,0,0.186701313,0.982416749,0,0,0,1]}
{"name":"p_port_ppa_fence_8m391","internalName":"p_port_ppa_fence_8m391","class":"Prefab","__parent":"StaticObjects","position":[320.92569,-198.747253,144.069977],"filename":"/levels/west_coast_usa/art/prefabs/p_port_ppa_fence_8m.prefab.json","rotationMatrix":[3.57627869e-07,-0.99999994,0,0.99999994,3.57627869e-07,-1.01308051e-05,1.01308042e-05,3.18323146e-12,1]}
{"class":"TSStatic","persistentId":"dd5d4555-f0e3-4c1a-b778-e49d2b2a1ce8","__parent":"StaticObjects","position":[165.12059,70.1356888,120.066536],"decalType":"None","isRenderEnabled":false,"rotationMatrix":[0.807314456,0.59012115,3.30103479e-12,-0.59012115,0.807314456,1.01308024e-05,5.97840062e-06,-8.17874843e-06,0.999999881],"shapeName":"/levels/west_coast_usa/art/shapes/buildings/s_port_ppa_fence_post.dae","useInstanceRenderData":true}
{"name":"p_port_ppa_fence_8m6","internalName":"p_port_ppa_fence_8m6","class":"Prefab","persistentId":"f7eb6b6f-7990-46df-8ac2-49e93749e1bb","__parent":"StaticObjects","position":[461.900024,1813,74.6999969],"annotation":"GUARD_RAIL","filename":"/levels/west_coast_usa/art/prefabs/p_port_ppa_fence_8m.prefab.json","rotationMatrix":[-1.1920929e-07,-0.999999821,0,0.999999821,-1.1920929e-07,0,0,0,1]}
{"name":"p_port_ppa_fence_8m33","internalName":"p_port_ppa_fence_8m33","class":"Prefab","persistentId":"0f4eb62a-a4f1-4495-823f-d77c2c6d1ac7","__parent":"StaticObjects","position":[419.209625,1790.75232,74.6288376],"annotation":"GUARD_RAIL","filename":"/levels/west_coast_usa/art/prefabs/p_port_ppa_fence_8m.prefab.json","rotationMatrix":[0.0451331139,-0.99898088,0,0.99898088,0.0451331139,0,0,0,1]}
{"name":"p_port_ppa_fence_8m43","internalName":"p_port_ppa_fence_8m43","class":"Prefab","persistentId":"ad8bccf7-27b3-4a38-8ea4-461d98fdbef5","__parent":"StaticObjects","position":[-861.913025,917.170532,75.8741913],"annotation":"GUARD_RAIL","filename":"/levels/west_coast_usa/art/prefabs/p_port_ppa_fence_8m.prefab.json","rotationMatrix":[-1,-0.00053278089,0,0.00053278089,-1,0,0,0,1]}
{"name":"p_port_ppa_fence_8m15","internalName":"p_port_ppa_fence_8m15","class":"Prefab","persistentId":"0f13898d-b6aa-4a55-a9dc-72388e4daeaa","__parent":"StaticObjects","position":[473,1848.90002,72.0500031],"annotation":"GUARD_RAIL","filename":"/levels/west_coast_usa/art/prefabs/p_port_ppa_fence_8m.prefab.json","rotationMatrix":[-0.999999762,3.37174782e-07,0,-3.37174782e-07,-0.999999762,0,0,0,1]}
{"class":"TSStatic","persistentId":"849447db-4ea5-4c68-bf84-97e808cbaacf","__parent":"StaticObjects","position":[166.735214,71.3159332,120.066536],"decalType":"None","isRenderEnabled":false,"rotationMatrix":[-0.590121031,0.807314634,1.01308024e-05,-0.807314634,-0.590121031,-6.03842985e-13,5.97840062e-06,-8.17874843e-06,0.999999881],"shapeName":"/levels/west_coast_usa/art/shapes/buildings/s_port_ppa_fence_connection.dae","useInstanceRenderData":true}
{"name":"p_port_ppa_fence_8m37","internalName":"p_port_ppa_fence_8m37","class":"Prefab","persistentId":"7780242a-dc6a-404e-9a3f-0a6037bab11d","__parent":"StaticObjects","position":[-793.9729,913.146179,75.8741913],"annotation":"GUARD_RAIL","filename":"/levels/west_coast_usa/art/prefabs/p_port_ppa_fence_8m.prefab.json","rotationMatrix":[-0.00349676609,-0.99999404,0,0.99999404,-0.00349676609,0,0,0,1]}
{"name":"p_port_ppa_fence_8m57","internalName":"p_port_ppa_fence_8m57","class":"Prefab","persistentId":"3e7ae8fe-c8ba-43ad-a66b-71e9591a396d","__parent":"StaticObjects","position":[354.110016,1910.17285,74.6455994],"filename":"/levels/west_coast_usa/art/prefabs/p_port_ppa_fence_8m.prefab.json","rotationMatrix":[0.982417762,-0.186695486,0,0.186695486,0.982417762,0,0,0,0.999999881]}
{"class":"TSStatic","persistentId":"871d656b-1591-472b-97ab-50e300ffad4e","__parent":"StaticObjects","position":[168.349838,72.4961777,120.066536],"decalType":"None","isRenderEnabled":false,"rotationMatrix":[0.807314456,0.59012115,3.30103479e-12,-0.59012115,0.807314456,1.01308024e-05,5.97840062e-06,-8.17874843e-06,0.999999881],"shapeName":"/levels/west_coast_usa/art/shapes/buildings/s_port_ppa_fence_post.dae","useInstanceRenderData":true}
{"name":"p_port_ppa_fence_8m39121111","internalName":"p_port_ppa_fence_8m39121111","class":"Prefab","__parent":"StaticObjects","position":[150.486496,54.1110039,117.643936],"filename":"/levels/west_coast_usa/art/prefabs/p_port_ppa_fence_8m.prefab.json","rotationMatrix":[-0.00355899334,-0.952550352,-0.304360062,0.999992907,-0.00373637676,1.04308128e-07,-0.00113731623,-0.304357946,0.952557087]}
{"name":"p_port_ppa_fence_8m13","internalName":"p_port_ppa_fence_8m13","class":"Prefab","persistentId":"bd785f55-95ca-4943-a967-7ce2e2d2441b","__parent":"StaticObjects","position":[461.900024,1757,74.6999969],"annotation":"GUARD_RAIL","filename":"/levels/west_coast_usa/art/prefabs/p_port_ppa_fence_8m.prefab.json","rotationMatrix":[-1.1920929e-07,-0.999999821,0,0.999999821,-1.1920929e-07,0,0,0,1]}
{"name":"p_port_ppa_fence_8m51","internalName":"p_port_ppa_fence_8m51","class":"Prefab","persistentId":"95ae6ec5-439d-40a4-963f-ef2e060f1ae5","__parent":"StaticObjects","position":[377.610809,1905.70007,74.6455994],"filename":"/levels/west_coast_usa/art/prefabs/p_port_ppa_fence_8m.prefab.json","rotationMatrix":[0.982417762,-0.186695486,0,0.186695486,0.982417762,0,0,0,0.999999881]}
{"name":"p_port_ppa_fence_8m3911","internalName":"p_port_ppa_fence_8m3911","class":"Prefab","__parent":"StaticObjects","position":[320.92569,-206.749588,144.069977],"filename":"/levels/west_coast_usa/art/prefabs/p_port_ppa_fence_8m.prefab.json","rotationMatrix":[3.57627869e-07,-0.99999994,0,0.99999994,3.57627869e-07,-1.01308051e-05,1.01308042e-05,3.18323146e-12,1]}
{"name":"p_port_ppa_fence_8m7","internalName":"p_port_ppa_fence_8m7","class":"Prefab","persistentId":"98b82c95-a254-439b-b93b-0875e91d47fb","__parent":"StaticObjects","position":[461.900024,1805,74.6999969],"annotation":"GUARD_RAIL","filename":"/levels/west_coast_usa/art/prefabs/p_port_ppa_fence_8m.prefab.json","rotationMatrix":[-1.1920929e-07,-0.999999821,0,0.999999821,-1.1920929e-07,0,0,0,1]}
{"class":"TSStatic","persistentId":"a04f002c-c396-43de-8ba3-ebfa71241e34","__parent":"StaticObjects","position":[168.349838,72.4961777,120.066536],"decalType":"None","isRenderEnabled":false,"rotationMatrix":[-0.807314813,-0.590121031,0,0.590121031,-0.807314813,-1.01308042e-05,5.97840062e-06,-8.17874843e-06,0.999999881],"shapeName":"/levels/west_coast_usa/art/shapes/buildings/s_port_ppa_fence_bars_2m.dae","useInstanceRenderData":true}
{"name":"p_port_ppa_fence_8m44","internalName":"p_port_ppa_fence_8m44","class":"Prefab","persistentId":"3f685659-af49-4114-92b4-811f1630ff61","__parent":"StaticObjects","position":[-794.38446,891.806519,74.8660965],"annotation":"GUARD_RAIL","filename":"/levels/west_coast_usa/art/prefabs/p_port_ppa_fence_8m.prefab.json","rotationMatrix":[-1.00000048,-0.00053212943,0,0.00053212943,-1.00000048,0,0,0,1]}
{"name":"p_port_ppa_fence_8m16","internalName":"p_port_ppa_fence_8m16","class":"Prefab","persistentId":"6f17b49b-57e4-44c9-b75f-92a6f02a76b5","__parent":"StaticObjects","position":[465,1848.90002,72.0500031],"annotation":"GUARD_RAIL","filename":"/levels/west_coast_usa/art/prefabs/p_port_ppa_fence_8m.prefab.json","rotationMatrix":[-0.999999762,3.37174782e-07,0,-3.37174782e-07,-0.999999762,0,0,0,1]}
{"name":"p_port_ppa_fence_8m25","internalName":"p_port_ppa_fence_8m25","class":"Prefab","persistentId":"e0ce3c33-8974-4b80-86db-74482ff384ce","__parent":"StaticObjects","position":[415.40387,1874.99048,74.6455994],"annotation":"GUARD_RAIL","filename":"/levels/west_coast_usa/art/prefabs/p_port_ppa_fence_8m.prefab.json","rotationMatrix":[-0.0451331139,0.99898088,0,-0.99898088,-0.0451331139,0,0,0,1]}
{"name":"p_port_ppa_fence_8m38","internalName":"p_port_ppa_fence_8m38","class":"Prefab","persistentId":"98fb7078-daee-4d31-8849-cb37d302bd62","__parent":"StaticObjects","position":[-805.973633,917.170471,75.8741913],"annotation":"GUARD_RAIL","filename":"/levels/west_coast_usa/art/prefabs/p_port_ppa_fence_8m.prefab.json","rotationMatrix":[-1,-0.00053278089,0,0.00053278089,-1,0,0,0,1]}
{"class":"TSStatic","persistentId":"a621831d-0d03-4835-b2da-cf265821b2cd","__parent":"StaticObjects","position":[165.12059,70.1356888,120.066536],"decalType":"None","isRenderEnabled":false,"rotationMatrix":[0.590120971,-0.807314396,-1.01308005e-05,0.807314396,0.590120971,2.09334871e-12,5.97840062e-06,-8.17874843e-06,0.999999881],"shapeName":"/levels/west_coast_usa/art/shapes/buildings/s_port_ppa_fence_connection.dae","useInstanceRenderData":true}
{"name":"p_port_ppa_fence_8m58","internalName":"p_port_ppa_fence_8m58","class":"Prefab","persistentId":"35bd5603-09c8-4dea-a3be-536ce7d22156","__parent":"StaticObjects","position":[314.842682,1917.64758,74.6455994],"filename":"/levels/west_coast_usa/art/prefabs/p_port_ppa_fence_8m.prefab.json","rotationMatrix":[0.982417762,-0.186695486,0,0.186695486,0.982417762,0,0,0,0.999999881]}
{"name":"p_port_ppa_fence_8m17","internalName":"p_port_ppa_fence_8m17","class":"Prefab","persistentId":"ea747a45-623c-4bf1-bdea-49368f8332c5","__parent":"StaticObjects","position":[461.900024,1749,74.6999969],"annotation":"GUARD_RAIL","filename":"/levels/west_coast_usa/art/prefabs/p_port_ppa_fence_8m.prefab.json","rotationMatrix":[-1.1920929e-07,-0.999999821,0,0.999999821,-1.1920929e-07,0,0,0,1]}
{"class":"TSStatic","persistentId":"60a4cc55-ea6d-43bb-b492-ec2b2f63bb26","__parent":"StaticObjects","position":[163.505951,68.955452,120.066536],"decalType":"None","isRenderEnabled":false,"rotationMatrix":[-0.590121031,0.807314634,1.01308024e-05,-0.807314634,-0.590121031,-6.03842985e-13,5.97840062e-06,-8.17874843e-06,0.999999881],"shapeName":"/levels/west_coast_usa/art/shapes/buildings/s_port_ppa_fence_connection.dae","useInstanceRenderData":true}
{"name":"p_port_ppa_fence_8m3912","internalName":"p_port_ppa_fence_8m3912","class":"Prefab","__parent":"StaticObjects","position":[125.565201,127.253113,120.067116],"filename":"/levels/west_coast_usa/art/prefabs/p_port_ppa_fence_8m.prefab.json","rotationMatrix":[-0.807314873,-0.59012109,0,0.59012109,-0.807314873,-1.01308051e-05,5.97840153e-06,-8.17874934e-06,1]}
{"name":"p_port_ppa_fence_8m8","internalName":"p_port_ppa_fence_8m8","class":"Prefab","persistentId":"3068b6fe-55cb-46fd-bdb4-e18b859de016","__parent":"StaticObjects","position":[461.900024,1797,74.6999969],"annotation":"GUARD_RAIL","filename":"/levels/west_coast_usa/art/prefabs/p_port_ppa_fence_8m.prefab.json","rotationMatrix":[-1.1920929e-07,-0.999999821,0,0.999999821,-1.1920929e-07,0,0,0,1]}
{"name":"p_port_ppa_fence_8m31","internalName":"p_port_ppa_fence_8m31","class":"Prefab","persistentId":"7c08e87e-c2e5-4a13-a038-ac2a51dfdc9e","__parent":"StaticObjects","position":[420.046051,1770.95728,74.6295242],"annotation":"GUARD_RAIL","filename":"/levels/west_coast_usa/art/prefabs/p_port_ppa_fence_8m.prefab.json","rotationMatrix":[-0.0451331139,0.99898088,0,-0.99898088,-0.0451331139,0,0,0,1]}
{"name":"p_port_ppa_fence_8m46","internalName":"p_port_ppa_fence_8m46","class":"Prefab","persistentId":"430969d6-ede4-482d-809b-ac0de85030ce","__parent":"StaticObjects","position":[-793.114136,842.852722,78.1216812],"filename":"/levels/west_coast_usa/art/prefabs/p_port_ppa_fence_8m.prefab.json","rotationMatrix":[-1,-0.00053278089,0,0.00053278089,-1,0,0,0,1]}
{"class":"TSStatic","persistentId":"61f6c9a9-dc05-4f10-8df6-0b9d3a1590aa","__parent":"StaticObjects","position":[166.735214,71.3159332,120.066536],"decalType":"None","isRenderEnabled":false,"rotationMatrix":[0.590120375,-0.807315171,-1.01308033e-05,0.807315171,0.590120375,-7.24611603e-12,5.97840062e-06,-8.17874843e-06,0.999999881],"shapeName":"/levels/west_coast_usa/art/shapes/buildings/s_port_ppa_fence_connection.dae","useInstanceRenderData":true}
{"name":"p_port_ppa_fence_8m18","internalName":"p_port_ppa_fence_8m18","class":"Prefab","persistentId":"03a7db28-f41c-4496-a4a2-344b6ab6199e","__parent":"StaticObjects","position":[499.940521,1848.90002,72.0500031],"annotation":"GUARD_RAIL","filename":"/levels/west_coast_usa/art/prefabs/p_port_ppa_fence_8m.prefab.json","rotationMatrix":[-0.999999762,3.37174782e-07,0,-3.37174782e-07,-0.999999762,0,0,0,1],"scale":[0.98525393,1,1]}
{"name":"p_port_ppa_fence_8m26","internalName":"p_port_ppa_fence_8m26","class":"Prefab","persistentId":"ea6ee3bc-0229-4526-b2a8-f08181ca2545","__parent":"StaticObjects","position":[418.214996,1812.76892,74.6295242],"annotation":"GUARD_RAIL","filename":"/levels/west_coast_usa/art/prefabs/p_port_ppa_fence_8m.prefab.json","rotationMatrix":[-0.0451331139,0.99898088,0,-0.99898088,-0.0451331139,0,0,0,1]}
{"name":"p_port_ppa_fence_8m39","internalName":"p_port_ppa_fence_8m39","class":"Prefab","persistentId":"ea4eea85-9252-488e-a211-8a1152bf73d8","__parent":"StaticObjects","position":[-813.973633,917.170532,75.8741913],"annotation":"GUARD_RAIL","filename":"/levels/west_coast_usa/art/prefabs/p_port_ppa_fence_8m.prefab.json","rotationMatrix":[-1,-0.00053278089,0,0.00053278089,-1,0,0,0,1]}
{"name":"p_port_ppa_fence_8m20","internalName":"p_port_ppa_fence_8m20","class":"Prefab","persistentId":"b62202c1-7f2f-4881-91a5-429b1da1b63d","__parent":"StaticObjects","position":[417.121399,1836.97437,74.643074],"annotation":"GUARD_RAIL","filename":"/levels/west_coast_usa/art/prefabs/p_port_ppa_fence_8m.prefab.json","rotationMatrix":[0.0451337695,-0.998980761,0,0.998980761,0.0451337695,0,0,0,1]}
{"name":"p_port_ppa_fence_8m19","internalName":"p_port_ppa_fence_8m19","class":"Prefab","persistentId":"2412dc86-2705-4a49-befe-2085e8e6c253","__parent":"StaticObjects","position":[417.483521,1828.95923,74.6461716],"annotation":"GUARD_RAIL","filename":"/levels/west_coast_usa/art/prefabs/p_port_ppa_fence_8m.prefab.json","rotationMatrix":[0.0451337695,-0.998980761,0,0.998980761,0.0451337695,0,0,0,1]}
{"name":"p_port_ppa_fence_8m53","internalName":"p_port_ppa_fence_8m53","class":"Prefab","persistentId":"922bec2c-0f83-4208-a1c0-29d5e564ba0e","__parent":"StaticObjects","position":[369.816528,1907.18433,74.6455994],"filename":"/levels/west_coast_usa/art/prefabs/p_port_ppa_fence_8m.prefab.json","rotationMatrix":[0.982417762,-0.186695486,0,0.186695486,0.982417762,0,0,0,0.999999881]}
{"name":"p_port_ppa_fence_8m39121","internalName":"p_port_ppa_fence_8m39121","class":"Prefab","__parent":"StaticObjects","position":[119.094666,122.523376,120.067116],"filename":"/levels/west_coast_usa/art/prefabs/p_port_ppa_fence_8m.prefab.json","rotationMatrix":[-0.807314873,-0.59012109,0,0.59012109,-0.807314873,-1.01308051e-05,5.97840153e-06,-8.17874934e-06,1]}
{"class":"TSStatic","persistentId":"81ee1119-dede-428c-9041-4a3b0eb75d3f","__parent":"StaticObjects","position":[165.12059,70.1356888,120.066536],"decalType":"None","isRenderEnabled":false,"rotationMatrix":[-0.807314813,-0.590121031,0,0.590121031,-0.807314813,-1.01308042e-05,5.97840062e-06,-8.17874843e-06,0.999999881],"shapeName":"/levels/west_coast_usa/art/shapes/buildings/s_port_ppa_fence_bars_2m.dae","useInstanceRenderData":true}
{"name":"p_port_ppa_fence_8m9","internalName":"p_port_ppa_fence_8m9","class":"Prefab","persistentId":"c5b653aa-26f6-4566-b699-79c9edc13b4f","__parent":"StaticObjects","position":[461.900024,1789,74.6999969],"annotation":"GUARD_RAIL","filename":"/levels/west_coast_usa/art/prefabs/p_port_ppa_fence_8m.prefab.json","rotationMatrix":[-1.1920929e-07,-0.999999821,0,0.999999821,-1.1920929e-07,0,0,0,1]}
{"name":"p_port_ppa_fence_8m32","internalName":"p_port_ppa_fence_8m32","class":"Prefab","persistentId":"97f7d67c-ac63-47d8-88e1-8cff7c84e842","__parent":"StaticObjects","position":[420.408875,1762.92688,74.6295242],"annotation":"GUARD_RAIL","filename":"/levels/west_coast_usa/art/prefabs/p_port_ppa_fence_8m.prefab.json","rotationMatrix":[-0.0451331139,0.99898088,0,-0.99898088,-0.0451331139,0,0,0,1]}
{"name":"p_port_ppa_fence_8m47","internalName":"p_port_ppa_fence_8m47","class":"Prefab","persistentId":"bea77879-1af5-4b7f-ac65-48bbb573fcce","__parent":"StaticObjects","position":[-785.0755,842.856995,78.1216812],"filename":"/levels/west_coast_usa/art/prefabs/p_port_ppa_fence_8m.prefab.json","rotationMatrix":[-1,-0.00053278089,0,0.00053278089,-1,0,0,0,1]}
{"name":"p_port_ppa_fence_8m2","internalName":"p_port_ppa_fence_8m2","class":"Prefab","persistentId":"a7ff3ec4-e963-4dec-8ae0-c00aa19cab37","__parent":"StaticObjects","position":[481,1848.90002,72.0500031],"annotation":"GUARD_RAIL","filename":"/levels/west_coast_usa/art/prefabs/p_port_ppa_fence_8m.prefab.json","rotationMatrix":[-0.999999762,3.37174782e-07,0,-3.37174782e-07,-0.999999762,0,0,0,1]}
{"name":"p_port_ppa_fence_8m27","internalName":"p_port_ppa_fence_8m27","class":"Prefab","persistentId":"5ca7f362-e957-43da-84f5-122f802b89d7","__parent":"StaticObjects","position":[418.577484,1804.74536,74.6378784],"annotation":"GUARD_RAIL","filename":"/levels/west_coast_usa/art/prefabs/p_port_ppa_fence_8m.prefab.json","rotationMatrix":[-0.0451331139,0.99898088,0,-0.99898088,-0.0451331139,0,0,0,1]}
{"name":"p_port_ppa_fence_8m1","internalName":"p_port_ppa_fence_8m1","class":"Prefab","persistentId":"2827a66b-37e7-495e-8a6c-0a8523a120c5","__parent":"StaticObjects","position":[461.900024,1845,74.6999969],"annotation":"GUARD_RAIL","filename":"/levels/west_coast_usa/art/prefabs/p_port_ppa_fence_8m.prefab.json","rotationMatrix":[-1.1920929e-07,-0.999999821,0,0.999999821,-1.1920929e-07,0,0,0,1]}
{"class":"TSStatic","persistentId":"f76481ed-3e64-4960-a99e-2226a4e6da12","__parent":"StaticObjects","position":[168.351227,72.494278,120.066536],"decalType":"None","isRenderEnabled":false,"rotationMatrix":[0.807314456,0.59012115,3.30103479e-12,-0.59012115,0.807314456,1.01308024e-05,5.97840062e-06,-8.17874843e-06,0.999999881],"shapeName":"/levels/west_coast_usa/art/shapes/buildings/s_port_ppa_fence_bars_2m.dae","useInstanceRenderData":true}
{"name":"p_port_ppa_fence_8m21","internalName":"p_port_ppa_fence_8m21","class":"Prefab","persistentId":"8a3ebfc9-417e-45c3-9fc7-a74c2376efa3","__parent":"StaticObjects","position":[416.760284,1844.96729,74.6394501],"annotation":"GUARD_RAIL","filename":"/levels/west_coast_usa/art/prefabs/p_port_ppa_fence_8m.prefab.json","rotationMatrix":[0.0451337695,-0.998980761,0,0.998980761,0.0451337695,0,0,0,1]}
{"name":"p_port_ppa_fence_8m60","internalName":"p_port_ppa_fence_8m60","class":"Prefab","persistentId":"fac0ed19-6762-49c9-a32a-7a47e15c24d9","__parent":"StaticObjects","position":[306.981323,1919.1416,74.6455994],"filename":"/levels/west_coast_usa/art/prefabs/p_port_ppa_fence_8m.prefab.json","rotationMatrix":[0.982417762,-0.186695486,0,0.186695486,0.982417762,0,0,0,0.999999881]}
{"class":"TSStatic","persistentId":"098d34d1-6cc0-4bb2-b599-aa8911cedc48","__parent":"StaticObjects","position":[168.349838,72.4961777,120.066536],"decalType":"None","isRenderEnabled":false,"rotationMatrix":[0.590120971,-0.807314396,-1.01308005e-05,0.807314396,0.590120971,2.09334871e-12,5.97840062e-06,-8.17874843e-06,0.999999881],"shapeName":"/levels/west_coast_usa/art/shapes/buildings/s_port_ppa_fence_connection.dae","useInstanceRenderData":true}
{"name":"p_port_ppa_fence_8m54","internalName":"p_port_ppa_fence_8m54","class":"Prefab","persistentId":"9c2fc980-9470-483c-8039-795de2677ed1","__parent":"StaticObjects","position":[330.58905,1914.65198,74.6455994],"filename":"/levels/west_coast_usa/art/prefabs/p_port_ppa_fence_8m.prefab.json","rotationMatrix":[0.982417762,-0.186695486,0,0.186695486,0.982417762,0,0,0,0.999999881]}
{"name":"p_port_ppa_fence_8m391211","internalName":"p_port_ppa_fence_8m391211","class":"Prefab","__parent":"StaticObjects","position":[112.627747,117.796257,120.067116],"filename":"/levels/west_coast_usa/art/prefabs/p_port_ppa_fence_8m.prefab.json","rotationMatrix":[-0.807314873,-0.59012109,0,0.59012109,-0.807314873,-1.01308051e-05,5.97840153e-06,-8.17874934e-06,1]}
{"name":"p_port_ppa_fence_8m10","internalName":"p_port_ppa_fence_8m10","class":"Prefab","persistentId":"c2f0ba60-ce7f-4ed4-9a2e-77a4f605a691","__parent":"StaticObjects","position":[461.900024,1781,74.6999969],"annotation":"GUARD_RAIL","filename":"/levels/west_coast_usa/art/prefabs/p_port_ppa_fence_8m.prefab.json","rotationMatrix":[-1.1920929e-07,-0.999999821,0,0.999999821,-1.1920929e-07,0,0,0,1]}
{"name":"p_port_ppa_fence_8m34","internalName":"p_port_ppa_fence_8m34","class":"Prefab","persistentId":"2423e27b-2c85-4020-ae6c-75edaef3f925","__parent":"StaticObjects","position":[420.678192,1756.96423,74.6295242],"annotation":"GUARD_RAIL","filename":"/levels/west_coast_usa/art/prefabs/p_port_ppa_fence_8m.prefab.json","rotationMatrix":[0.0451331139,-0.99898088,0,0.99898088,0.0451331139,0,0,0,1]}
{"name":"p_port_ppa_fence_8m4","internalName":"p_port_ppa_fence_8m4","class":"Prefab","persistentId":"e4461885-618c-4562-9c38-1f0a4b20c959","__parent":"StaticObjects","position":[461.900024,1829,74.6999969],"annotation":"GUARD_RAIL","filename":"/levels/west_coast_usa/art/prefabs/p_port_ppa_fence_8m.prefab.json","rotationMatrix":[-1.1920929e-07,-0.999999821,0,0.999999821,-1.1920929e-07,0,0,0,1]}
{"name":"p_port_ppa_fence_8m28","internalName":"p_port_ppa_fence_8m28","class":"Prefab","persistentId":"921ce7d2-8da2-4f39-b9a2-d490955c1bb6","__parent":"StaticObjects","position":[418.940308,1796.71497,74.6355209],"annotation":"GUARD_RAIL","filename":"/levels/west_coast_usa/art/prefabs/p_port_ppa_fence_8m.prefab.json","rotationMatrix":[-0.0451331139,0.99898088,0,-0.99898088,-0.0451331139,0,0,0,1]}
{"name":"p_port_ppa_fence_8m3","internalName":"p_port_ppa_fence_8m3","class":"Prefab","persistentId":"b8a3fa0f-d772-470a-88bd-3b9844150914","__parent":"StaticObjects","position":[461.900024,1837,74.6999969],"annotation":"GUARD_RAIL","filename":"/levels/west_coast_usa/art/prefabs/p_port_ppa_fence_8m.prefab.json","rotationMatrix":[-1.1920929e-07,-0.999999821,0,0.999999821,-1.1920929e-07,0,0,0,1]}
{"class":"TSStatic","persistentId":"47c752dd-90fd-4c7e-9789-98c24c886427","__parent":"StaticObjects","position":[165.12059,70.1356888,120.066536],"decalType":"None","isRenderEnabled":false,"rotationMatrix":[-0.590121388,0.807314157,1.01308015e-05,-0.807314157,-0.590121388,-6.92409194e-12,5.97840062e-06,-8.17874843e-06,0.999999881],"shapeName":"/levels/west_coast_usa/art/shapes/buildings/s_port_ppa_fence_connection.dae","useInstanceRenderData":true}
{"name":"p_port_ppa_fence_8m22","internalName":"p_port_ppa_fence_8m22","class":"Prefab","persistentId":"6b3ed633-76d9-40f1-b83b-292b16f81aa0","__parent":"StaticObjects","position":[416.398712,1852.97034,74.6376038],"annotation":"GUARD_RAIL","filename":"/levels/west_coast_usa/art/prefabs/p_port_ppa_fence_8m.prefab.json","rotationMatrix":[0.0451337695,-0.998980761,0,0.998980761,0.0451337695,0,0,0,1]}
{"name":"p_port_ppa_fence_8m45","internalName":"p_port_ppa_fence_8m45","class":"Prefab","persistentId":"2224d980-763d-4527-997f-f146853f4436","__parent":"StaticObjects","position":[461.900024,1749,74.6999969],"annotation":"GUARD_RAIL","filename":"/levels/west_coast_usa/art/prefabs/p_port_ppa_fence_8m.prefab.json","rotationMatrix":[-1.1920929e-07,-0.999999821,0,0.999999821,-1.1920929e-07,0,0,0,1]}
{"name":"p_port_ppa_fence_8m14","internalName":"p_port_ppa_fence_8m14","class":"Prefab","persistentId":"62623e41-2dce-435e-a8f6-beb3453492f1","__parent":"StaticObjects","position":[461.900024,1853,74.6999969],"annotation":"GUARD_RAIL","filename":"/levels/west_coast_usa/art/prefabs/p_port_ppa_fence_8m.prefab.json","rotationMatrix":[-1.1920929e-07,-0.999999821,0,0.999999821,-1.1920929e-07,0,0,0,1]}
{"name":"p_port_ppa_fence_8m55","internalName":"p_port_ppa_fence_8m55","class":"Prefab","persistentId":"3b04c284-b441-448d-ab83-5ec4e3f27d72","__parent":"StaticObjects","position":[338.452393,1913.15454,74.6455994],"filename":"/levels/west_coast_usa/art/prefabs/p_port_ppa_fence_8m.prefab.json","rotationMatrix":[0.982417762,-0.186695486,0,0.186695486,0.982417762,0,0,0,0.999999881]}
{"name":"p_port_ppa_fence_8m42","internalName":"p_port_ppa_fence_8m42","class":"Prefab","persistentId":"1104f2ba-444d-40d8-b752-b95ccaeb0848","__parent":"StaticObjects","position":[-817.703979,891.806519,74.8660965],"annotation":"GUARD_RAIL","filename":"/levels/west_coast_usa/art/prefabs/p_port_ppa_fence_8m.prefab.json","rotationMatrix":[0.999999881,0.000532455044,0,-0.000532455044,0.999999881,0,0,0,1]}
{"name":"p_port_ppa_fence_8m24","internalName":"p_port_ppa_fence_8m24","class":"Prefab","persistentId":"bee9857d-2c49-46e1-a516-1333b6db03ab","__parent":"StaticObjects","position":[415.675507,1868.97791,74.6432648],"annotation":"GUARD_RAIL","filename":"/levels/west_coast_usa/art/prefabs/p_port_ppa_fence_8m.prefab.json","rotationMatrix":[0.0451337695,-0.998980761,0,0.998980761,0.0451337695,0,0,0,1]}
{"class":"TSStatic","persistentId":"0993119d-1429-489e-abe3-61c80a38d147","__parent":"StaticObjects","position":[168.349838,72.4961777,120.066536],"decalType":"None","isRenderEnabled":false,"rotationMatrix":[-0.590121388,0.807314157,1.01308015e-05,-0.807314157,-0.590121388,-6.92409194e-12,5.97840062e-06,-8.17874843e-06,0.999999881],"shapeName":"/levels/west_coast_usa/art/shapes/buildings/s_port_ppa_fence_connection.dae","useInstanceRenderData":true}
{"name":"p_port_ppa_fence_8m40","internalName":"p_port_ppa_fence_8m40","class":"Prefab","persistentId":"706abab0-f800-4d96-96ef-7788936f9a13","__parent":"StaticObjects","position":[-793.941711,905.120422,75.8741913],"annotation":"GUARD_RAIL","filename":"/levels/west_coast_usa/art/prefabs/p_port_ppa_fence_8m.prefab.json","rotationMatrix":[0.0127359629,-0.999919176,0,0.999919176,0.0127359629,0,0,0,1]}
{"class":"TSStatic","persistentId":"add05cb4-167d-45a7-a14b-5555e2d73f5f","__parent":"StaticObjects","position":[163.505951,68.955452,120.066536],"decalType":"None","isRenderEnabled":false,"rotationMatrix":[0.590120375,-0.807315171,-1.01308033e-05,0.807315171,0.590120375,-7.24611603e-12,5.97840062e-06,-8.17874843e-06,0.999999881],"shapeName":"/levels/west_coast_usa/art/shapes/buildings/s_port_ppa_fence_connection.dae","useInstanceRenderData":true}
{"name":"p_port_ppa_fence_8m3912111","internalName":"p_port_ppa_fence_8m3912111","class":"Prefab","__parent":"StaticObjects","position":[153.814163,61.8710556,120.066536],"filename":"/levels/west_coast_usa/art/prefabs/p_port_ppa_fence_8m.prefab.json","rotationMatrix":[-0.807314873,-0.59012109,0,0.59012109,-0.807314873,-1.01308051e-05,5.97840153e-06,-8.17874934e-06,1]}
{"name":"p_port_ppa_fence_8m11","internalName":"p_port_ppa_fence_8m11","class":"Prefab","persistentId":"2b890daa-f586-4edc-95e4-cbae0f29eff8","__parent":"StaticObjects","position":[461.900024,1773,74.6999969],"annotation":"GUARD_RAIL","filename":"/levels/west_coast_usa/art/prefabs/p_port_ppa_fence_8m.prefab.json","rotationMatrix":[-1.1920929e-07,-0.999999821,0,0.999999821,-1.1920929e-07,0,0,0,1]}
{"name":"p_port_ppa_fence_8m35","internalName":"p_port_ppa_fence_8m35","class":"Prefab","persistentId":"799cfe63-0b84-4142-bc31-5e20ba794679","__parent":"StaticObjects","position":[412.028595,1874.83289,74.6455994],"annotation":"GUARD_RAIL","filename":"/levels/west_coast_usa/art/prefabs/p_port_ppa_fence_8m.prefab.json","rotationMatrix":[-0.998981118,-0.0451334454,0,0.0451334454,-0.998981118,0,0,0,1],"scale":[0.839485645,1,1]}
{"name":"p_port_ppa_fence_8m3912112","internalName":"p_port_ppa_fence_8m3912112","class":"Prefab","__parent":"StaticObjects","position":[103.800545,115.381035,117.662712],"filename":"/levels/west_coast_usa/art/prefabs/p_port_ppa_fence_8m.prefab.json","rotationMatrix":[-0.952550411,0.00357331801,-0.304360121,-0.00375121972,-0.999993086,-2.20839866e-07,-0.304357976,0.00114151125,0.952557027]}
{"name":"p_port_ppa_fence_8m49","internalName":"p_port_ppa_fence_8m49","class":"Prefab","persistentId":"d3226f77-c18a-41a0-bfe5-fa34be037964","__parent":"StaticObjects","position":[-825.087891,842.835693,78.1216812],"filename":"/levels/west_coast_usa/art/prefabs/p_port_ppa_fence_8m.prefab.json","rotationMatrix":[-1,-0.00053278089,0,0.00053278089,-1,0,0,0,1]}
{"name":"p_port_ppa_fence_8m41","internalName":"p_port_ppa_fence_8m41","class":"Prefab","persistentId":"c7bf3891-d505-45e3-98ba-0d9ce00a0aca","__parent":"StaticObjects","position":[-809.638733,891.806519,74.8660965],"annotation":"GUARD_RAIL","filename":"/levels/west_coast_usa/art/prefabs/p_port_ppa_fence_8m.prefab.json","rotationMatrix":[0.999999881,0.000532455044,0,-0.000532455044,0.999999881,0,0,0,1]}
{"name":"p_port_ppa_fence_8m5","internalName":"p_port_ppa_fence_8m5","class":"Prefab","persistentId":"e4592eb7-98fc-4d8e-99ae-8ea451923675","__parent":"StaticObjects","position":[461.900024,1821,74.6999969],"annotation":"GUARD_RAIL","filename":"/levels/west_coast_usa/art/prefabs/p_port_ppa_fence_8m.prefab.json","rotationMatrix":[-1.1920929e-07,-0.999999821,0,0.999999821,-1.1920929e-07,0,0,0,1]}
{"name":"p_port_ppa_fence_8m29","internalName":"p_port_ppa_fence_8m29","class":"Prefab","persistentId":"58bbf6e3-60bf-463b-a76c-26d100333691","__parent":"StaticObjects","position":[419.683563,1778.98083,74.6204453],"annotation":"GUARD_RAIL","filename":"/levels/west_coast_usa/art/prefabs/p_port_ppa_fence_8m.prefab.json","rotationMatrix":[-0.0451331139,0.99898088,0,-0.99898088,-0.0451331139,0,0,0,1]}
{"name":"p_port_ppa_fence_8m48","internalName":"p_port_ppa_fence_8m48","class":"Prefab","persistentId":"d3a6fe30-f03d-4ac3-a0d2-d03c676ecbbc","__parent":"StaticObjects","position":[-817.049255,842.839966,78.1216812],"filename":"/levels/west_coast_usa/art/prefabs/p_port_ppa_fence_8m.prefab.json","rotationMatrix":[-1,-0.00053278089,0,0.00053278089,-1,0,0,0,1]}
{"name":"p_port_ppa_fence_8m30","internalName":"p_port_ppa_fence_8m30","class":"Prefab","persistentId":"5dd26083-54fd-4ebb-bac9-5ce27321362b","__parent":"StaticObjects","position":[421.349915,1743.37915,74.6207504],"annotation":"GUARD_RAIL","filename":"/levels/west_coast_usa/art/prefabs/p_port_ppa_fence_8m.prefab.json","rotationMatrix":[-0.0451331139,0.998981237,0,-0.998981237,-0.0451331139,0,0,0,1]}
{"class":"TSStatic","persistentId":"cf2c7a6b-4582-4d40-bad1-a3bf76cbd7f4","__parent":"StaticObjects","position":[163.505951,68.955452,120.066536],"decalType":"None","isRenderEnabled":false,"rotationMatrix":[0.807314813,0.590120614,-3.4158518e-12,-0.590120614,0.807314813,1.01308024e-05,5.97840062e-06,-8.17874843e-06,0.999999881],"shapeName":"/levels/west_coast_usa/art/shapes/buildings/s_port_ppa_fence_post.dae","useInstanceRenderData":true}
{"name":"p_port_ppa_fence_8m52","internalName":"p_port_ppa_fence_8m52","class":"Prefab","persistentId":"7ff14152-e89f-4f6a-b162-0609e442ea6e","__parent":"StaticObjects","position":[361.953186,1908.68176,74.6455994],"filename":"/levels/west_coast_usa/art/prefabs/p_port_ppa_fence_8m.prefab.json","rotationMatrix":[0.982417762,-0.186695486,0,0.186695486,0.982417762,0,0,0,0.999999881]}
{"class":"TSStatic","persistentId":"6d2adcc3-7484-4f0d-912a-39bb5a17d00b","__parent":"StaticObjects","position":[166.735214,71.3159332,120.066536],"decalType":"None","isRenderEnabled":false,"rotationMatrix":[-0.807314634,-0.590121329,-3.41585115e-12,0.590121329,-0.807314634,-1.01308042e-05,5.97840062e-06,-8.17874843e-06,0.999999881],"shapeName":"/levels/west_coast_usa/art/shapes/buildings/s_port_ppa_fence_post.dae","useInstanceRenderData":true}
{"name":"p_port_ppa_fence_8m59","internalName":"p_port_ppa_fence_8m59","class":"Prefab","persistentId":"06df357b-1fb1-4503-98aa-ec265fe2c95e","__parent":"StaticObjects","position":[322.706024,1916.15015,74.6455994],"filename":"/levels/west_coast_usa/art/prefabs/p_port_ppa_fence_8m.prefab.json","rotationMatrix":[0.982417762,-0.186695486,0,0.186695486,0.982417762,0,0,0,0.999999881]}
{"class":"TSStatic","__parent":"StaticObjects","position":[721.292847,829.419861,117.263962],"isRenderEnabled":false,"rotationMatrix":[0.92308569,0.384594023,0,-0.383479506,0.920410693,-0.0760740191,-0.0292576235,0.0702228621,0.997101963],"shapeName":"/levels/west_coast_usa/art/shapes/objects/sandbarrel.dae","useInstanceRenderData":true}
{"class":"TSStatic","__parent":"StaticObjects","position":[722.806152,830.229492,117.25238],"isRenderEnabled":false,"rotationMatrix":[0.961527228,0.274709284,-1.49011594e-08,-0.273711681,0.95803535,-0.0851460248,-0.023390403,0.0818702057,0.996368289],"shapeName":"/levels/west_coast_usa/art/shapes/objects/sandbarrel.dae","useInstanceRenderData":true}
{"class":"TSStatic","__parent":"StaticObjects","position":[-703.648804,-391.581116,108.19828],"isRenderEnabled":false,"rotationMatrix":[0.769340396,0.63792932,0.0340823457,-0.638367295,0.769727468,0.0026403768,-0.0245497469,-0.0237884,0.999415517],"shapeName":"/levels/west_coast_usa/art/shapes/objects/guardrail1.dae","useInstanceRenderData":true}
{"class":"TSStatic","__parent":"StaticObjects","position":[-657.779358,-353.012268,112.092667],"isRenderEnabled":false,"rotationMatrix":[0.759522915,0.645295501,0.0819685087,-0.647590399,0.761986375,0.00187077187,-0.0612516925,-0.0545029044,0.996633172],"shapeName":"/levels/west_coast_usa/art/shapes/objects/guardrail1.dae","useInstanceRenderData":true}
{"class":"TSStatic","__parent":"StaticObjects","position":[-710.492493,-397.08429,106.975464],"isRenderEnabled":false,"rotationMatrix":[0.773825645,0.632566512,0.0324589387,-0.63296932,0.77417171,0.00285777356,-0.0233210623,-0.0227569267,0.999468982],"shapeName":"/levels/west_coast_usa/art/shapes/objects/guardrailpost.dae","useInstanceRenderData":true}
{"class":"TSStatic","__parent":"StaticObjects","position":[-663.871765,-358.151001,111.42881],"isRenderEnabled":false,"rotationMatrix":[0.765427709,0.638317287,0.0816794932,-0.640620172,0.767853498,0.00262380578,-0.0610430688,-0.0543338582,0.996655166],"shapeName":"/levels/west_coast_usa/art/shapes/objects/guardrail1.dae","useInstanceRenderData":true}
{"class":"TSStatic","__parent":"StaticObjects","position":[-640.232056,-337.940735,112.84478],"isRenderEnabled":false,"rotationMatrix":[0.756768584,0.651684284,0.0510780104,-0.652594209,0.757706106,0.00152051076,-0.0377112292,-0.0344838835,0.998693526],"shapeName":"/levels/west_coast_usa/art/shapes/objects/guardrailpost.dae","useInstanceRenderData":true}
{"class":"TSStatic","__parent":"StaticObjects","position":[-669.987427,-363.3237,110.777756],"isRenderEnabled":false,"rotationMatrix":[0.758110344,0.647213697,0.0798947513,-0.649391055,0.760452807,0.00168441981,-0.0596660115,-0.0531599037,0.996801853],"shapeName":"/levels/west_coast_usa/art/shapes/objects/guardrail1.dae","useInstanceRenderData":true}
{"class":"TSStatic","__parent":"StaticObjects","position":[-699.049927,-387.74649,108.439682],"isRenderEnabled":false,"rotationMatrix":[0.76783371,0.639201343,0.04304846,-0.639876306,0.768473804,0.00253605563,-0.0314605646,-0.0294929557,0.99906975],"shapeName":"/levels/west_coast_usa/art/shapes/objects/guardrail1.dae","useInstanceRenderData":true}
{"class":"TSStatic","__parent":"StaticObjects","position":[-682.200928,-373.614502,109.607925],"isRenderEnabled":false,"rotationMatrix":[0.76092124,0.645552456,0.0652759597,-0.647029102,0.762462854,0.00196758658,-0.0485003144,-0.0437326133,0.997865319],"shapeName":"/levels/west_coast_usa/art/shapes/objects/guardrail1.dae","useInstanceRenderData":true}
{"class":"TSStatic","__parent":"StaticObjects","position":[-635.016113,-333.523499,114.125046],"isRenderEnabled":false,"rotationMatrix":[0.742384076,0.668190598,0.0488599874,-0.669007659,0.743255377,0.000499704853,-0.0359815545,-0.0330586731,0.998805523],"shapeName":"/levels/west_coast_usa/art/shapes/objects/guardrail1.dae","useInstanceRenderData":true}
{"class":"TSStatic","__parent":"StaticObjects","position":[-709.74884,-396.649658,107.954262],"isRenderEnabled":false,"rotationMatrix":[0.773825645,0.632566512,0.0324589387,-0.63296932,0.77417171,0.00285777356,-0.0233210623,-0.0227569267,0.999468982],"shapeName":"/levels/west_coast_usa/art/shapes/objects/guardrail1.dae","useInstanceRenderData":true}
{"class":"TSStatic","__parent":"StaticObjects","position":[-687.505676,-377.910828,108.233902],"isRenderEnabled":false,"rotationMatrix":[0.763330102,0.643493474,0.0569508187,-0.644632876,0.764489233,0.00217455998,-0.0421389751,-0.0383722708,0.998374641],"shapeName":"/levels/west_coast_usa/art/shapes/objects/guardrailpost.dae","useInstanceRenderData":true}
{"class":"TSStatic","__parent":"StaticObjects","position":[-641.018188,-338.808228,113.72509],"isRenderEnabled":false,"rotationMatrix":[0.749187231,0.65937978,0.0627431646,-0.660721123,0.750630975,0.000843165442,-0.0465409979,-0.0420874283,0.998029351],"shapeName":"/levels/west_coast_usa/art/shapes/objects/guardrail1.dae","useInstanceRenderData":true}
{"class":"TSStatic","__parent":"StaticObjects","position":[-647.097656,-343.999969,113.202286],"isRenderEnabled":false,"rotationMatrix":[0.766880691,0.637906015,0.0704979002,-0.639640152,0.768669903,0.00267373957,-0.0524840206,-0.0471437201,0.997508347],"shapeName":"/levels/west_coast_usa/art/shapes/objects/guardrail1.dae","useInstanceRenderData":true}
{"class":"TSStatic","__parent":"StaticObjects","position":[-699.781433,-388.181366,107.451889],"isRenderEnabled":false,"rotationMatrix":[0.76783371,0.639201343,0.04304846,-0.639876306,0.768473804,0.00253605563,-0.0314605646,-0.0294929557,0.99906975],"shapeName":"/levels/west_coast_usa/art/shapes/objects/guardrailpost.dae","useInstanceRenderData":true}
