{"class":"OcclusionVolume","persistentId":"000e7c26-4aa0-42a9-9493-e7fd9792ed3b","__parent":"ZonesandOcclusion","position":[-25.7884998,332.949005,50.0682983],"rotationMatrix":[-0.769982696,-0.637902498,0.0143862069,0.00869345665,-0.0330326557,-0.999416411,0.638005495,-0.769408286,0.0309802294],"scale":[1,1,1.64709997]}
{"class":"OcclusionVolume","persistentId":"11ed0641-be16-488c-ae5d-1540d1de07d0","__parent":"ZonesandOcclusion","position":[308.691986,245.556,35.9383011],"rotationMatrix":[0.996708393,-0.080988504,0.00363331987,0.0805898234,0.994680226,0.0641597658,-0.00881019421,-0.0636557639,0.99793303],"scale":[5.91729021,305.920013,42.0797997]}
{"class":"OcclusionVolume","persistentId":"24fc0a03-87ed-4190-bdac-ff29713e09bf","__parent":"ZonesandOcclusion","position":[183.561996,-38.3119011,61.6352997],"hidden":true,"rotationMatrix":[-0.972779512,-0.231673688,0.00523041934,-5.93811274e-06,-0.0225460529,-0.999745846,0.231732726,-0.972532272,0.0219308734]}
{"class":"OcclusionVolume","persistentId":"5010b4fd-2e42-47e3-bbe9-a29f809cdba3","__parent":"ZonesandOcclusion","position":[-437.138,254.128006,19.5979996],"rotationMatrix":[-0.786825538,-0.61713171,-0.00740830228,0.607320428,-0.776341438,0.168691158,-0.109856009,0.128231227,0.985641122],"scale":[5.77564001,173.266998,49.8335991]}
{"class":"OcclusionVolume","persistentId":"5be3acf9-3e24-4abe-b7e8-c73b5092deee","__parent":"ZonesandOcclusion","position":[357.453003,503.406006,35.5098],"rotationMatrix":[0.967884243,-0.251069337,0.0128170829,0.251396269,0.966625512,-0.0493461229,-2.18860805e-08,0.0509834997,0.998699486],"scale":[5.91729021,305.920013,42.0797997]}
{"class":"OcclusionVolume","persistentId":"bc7284a6-5bbd-4c79-973c-cd5dfc1b0d8f","__parent":"ZonesandOcclusion","position":[50.5395012,266.569,54.3818016],"rotationMatrix":[-0.793965816,-0.607807994,0.0137089491,-1.87754631e-06,-0.0225465298,-0.999745905,0.607962608,-0.793763936,0.0178999305]}
{"class":"OcclusionVolume","persistentId":"bed45dda-5dc3-497a-a0a5-31c888b76071","__parent":"ZonesandOcclusion","position":[-249.416,89.7427979,26.0844002],"rotationMatrix":[-0.596204996,-0.802779436,-0.00919871125,0.802686453,-0.5958395,-0.0258771349,0.0152926752,-0.0228117611,0.999622822],"scale":[5.77564001,279.571991,49.8335991]}
{"class":"OcclusionVolume","persistentId":"e37c8be5-e1b7-4f1a-9bf2-b50394f2d9f7","__parent":"ZonesandOcclusion","position":[-358.777008,176.367996,31.6805],"rotationMatrix":[-0.589368224,-0.807614148,0.0201232918,0.807746708,-0.589525223,-0.00241704658,0.0138152232,0.0148299914,0.999794602],"scale":[5.77564001,80.299202,49.8335991]}
