{"class":"TSStatic","persistentId":"2d82eb8d-366c-4ef2-b43c-2d23e958c453","__parent":"trail_007_rocks","position":[-440.440918,-236.89743,186.984207],"isRenderEnabled":false,"rotationMatrix":[0.801425934,0.467702299,-0.372788161,-0.528907001,0.845211744,-0.0766448006,0.279238015,0.258595407,0.924745679],"shapeName":"/levels/johnson_valley/art/shapes/rocks/s_rocks_desert_huge_sheet_3.dae","useInstanceRenderData":true}
{"class":"TSStatic","persistentId":"3181ca08-239b-498f-a8c5-8f58cd4d03f3","__parent":"trail_007_rocks","position":[-443.410828,-241.193436,188.709503],"isRenderEnabled":false,"rotationMatrix":[-0.999897003,0,-0.0143390428,0,1,0,0.0143390428,0,-0.999897003],"shapeName":"/levels/johnson_valley/art/shapes/rocks/s_rocks_desert_large_05.dae","useInstanceRenderData":true}
{"class":"TSStatic","persistentId":"3bda8dc2-2695-4fa7-8202-d024be9bb205","__parent":"trail_007_rocks","position":[-432.126617,-221.52742,188.060684],"isRenderEnabled":false,"shapeName":"/levels/johnson_valley/art/shapes/rocks/s_rocks_desert_large_05.dae","useInstanceRenderData":true}
{"class":"TSStatic","persistentId":"bacc52e0-6706-4b20-b87c-376a28ff28e0","__parent":"trail_007_rocks","position":[-436.556274,-218.628937,187.459778],"isRenderEnabled":false,"rotationMatrix":[1,0,0,0,-0.699778438,-0.714359522,0,0.714359522,-0.699778438],"shapeName":"/levels/johnson_valley/art/shapes/rocks/s_rocks_desert_medium_02.dae","useInstanceRenderData":true}
{"class":"TSStatic","persistentId":"82fd3bd5-b946-4611-8a24-64f0aa62361b","__parent":"trail_007_rocks","position":[-465.302521,-129.257812,235.476196],"isRenderEnabled":false,"rotationMatrix":[0.711643338,-0.540258288,-0.449093223,0.604664087,0.796480536,0,0.35769403,-0.271550566,0.89348489],"shapeName":"/levels/johnson_valley/art/shapes/rocks/s_rocks_desert_huge_sheet_2.dae","useInstanceRenderData":true}
{"class":"TSStatic","persistentId":"32023f6f-cc87-4e55-bc65-f2e73b893691","__parent":"trail_007_rocks","position":[-462.186279,-123.677338,236.180069],"isRenderEnabled":false,"rotationMatrix":[0.981662512,-1.62981451e-09,-0.190627232,0.00484354887,0.999677181,0.0249425415,0.19056569,-0.025408471,0.981345594],"scale":[1.24404287,1.24404287,1.24404287],"shapeName":"/levels/johnson_valley/art/shapes/rocks/s_rocks_desert_collection_03.dae","useInstanceRenderData":true}
{"class":"TSStatic","persistentId":"cf5006d8-4acf-4141-b71d-8ea044a6cbee","__parent":"trail_007_rocks","position":[-456.923248,-119.285225,234.18132],"isRenderEnabled":false,"rotationMatrix":[0.9787063,0.00612142403,-0.205174357,0.00513943378,0.998511076,0.054306522,0.205201298,-0.054204613,0.977217615],"shapeName":"/levels/johnson_valley/art/shapes/rocks/s_rocks_desert_collection_02.dae","useInstanceRenderData":true}
{"class":"TSStatic","persistentId":"52e102e0-44d9-43ad-869d-935054bf9a34","__parent":"trail_007_rocks","position":[-491.450836,-268.529449,171.925095],"isRenderEnabled":false,"rotationMatrix":[0.987614453,0.00543217175,-0.156806082,0.011545172,0.994175196,0.107155964,0.156474799,-0.107639134,0.981799066],"shapeName":"/levels/johnson_valley/art/shapes/rocks/s_rocks_desert_collection_03.dae","useInstanceRenderData":true}
{"class":"TSStatic","persistentId":"52a82628-9b37-4bda-ba3f-1136e88ccc1e","__parent":"trail_007_rocks","position":[-490.950043,-250.385742,176.047623],"isRenderEnabled":false,"rotationMatrix":[0.993049622,0.0489888564,-0.107016325,0.00726039521,0.882029235,0.471138716,0.117472082,-0.468641102,0.875543118],"scale":[1.19924307,1.19924307,1.19924307],"shapeName":"/levels/johnson_valley/art/shapes/rocks/s_rocks_desert_collection_03.dae","useInstanceRenderData":true}
{"class":"TSStatic","persistentId":"d9120647-417b-40b2-96bb-4590dacd880f","__parent":"trail_007_rocks","position":[-486.336487,-245.236343,178.028229],"isRenderEnabled":false,"rotationMatrix":[-0.504252195,-0.806131959,-0.30964601,0.862977624,-0.457280993,-0.21485664,0.0316075236,-0.375559568,0.92625916],"shapeName":"/levels/johnson_valley/art/shapes/rocks/s_rocks_desert_collection_02.dae","useInstanceRenderData":true}
{"class":"TSStatic","persistentId":"7f6d9d1a-6648-4715-be46-b5b447ab6c57","__parent":"trail_007_rocks","position":[-469.221527,-232.085953,182.548584],"isRenderEnabled":false,"rotationMatrix":[0.776107669,-0.63045615,-0.0134860761,0.619831741,0.758744359,0.200288713,-0.116040796,-0.16380471,0.97964412],"scale":[1.33332515,1.33332515,1.33332515],"shapeName":"/levels/johnson_valley/art/shapes/rocks/s_rocks_desert_collection_01.dae","useInstanceRenderData":true}
{"class":"TSStatic","persistentId":"30451279-20b0-4398-ab2e-ff5fda777846","__parent":"trail_007_rocks","position":[-472.023926,-228.105301,182.761078],"isRenderEnabled":false,"shapeName":"/levels/johnson_valley/art/shapes/rocks/s_rocks_desert_large_06.dae","useInstanceRenderData":true}
{"class":"TSStatic","persistentId":"d386753d-501c-4dcf-b0bc-57b35120654b","__parent":"trail_007_rocks","position":[-473.780273,-221.189484,182.419571],"isRenderEnabled":false,"rotationMatrix":[1,0,0,0,0.5269894,0.849871814,0,-0.849871814,0.5269894],"shapeName":"/levels/johnson_valley/art/shapes/rocks/s_rocks_desert_medium_02.dae","useInstanceRenderData":true}
{"class":"TSStatic","persistentId":"1d25bde9-638e-4bc5-9a25-eeff9232d0d4","__parent":"trail_007_rocks","position":[-473.878693,-222.812225,182.422073],"isRenderEnabled":false,"rotationMatrix":[1,0,0,0,0.838903964,0.544279456,0,-0.544279456,0.838903964],"shapeName":"/levels/johnson_valley/art/shapes/rocks/s_rocks_desert_small_02.dae","useInstanceRenderData":true}
{"class":"TSStatic","persistentId":"797cab08-f71c-4d80-b2f4-6e07d4f13b03","__parent":"trail_007_rocks","position":[-474.160858,-224.050171,182.615387],"isRenderEnabled":false,"shapeName":"/levels/johnson_valley/art/shapes/rocks/s_rocks_desert_small_03.dae","useInstanceRenderData":true}
{"class":"TSStatic","persistentId":"53ac275e-1e59-415a-a0e3-cbc0926b0c65","__parent":"trail_007_rocks","position":[-475.177917,-222.190765,182.746094],"isRenderEnabled":false,"shapeName":"/levels/johnson_valley/art/shapes/rocks/s_rocks_desert_small_05.dae","useInstanceRenderData":true}
{"class":"TSStatic","persistentId":"1bc93494-34e8-4723-8209-965f92cc3256","__parent":"trail_007_rocks","position":[-477.928345,-221.653885,182.705429],"isRenderEnabled":false,"shapeName":"/levels/johnson_valley/art/shapes/rocks/s_rocks_desert_small_07.dae","useInstanceRenderData":true}
{"class":"TSStatic","persistentId":"983f50d8-7120-4ccf-8c6f-e5efeefc65ca","__parent":"trail_007_rocks","position":[-480.129852,-221.273621,183.098877],"isRenderEnabled":false,"rotationMatrix":[1,0,0,0,0.425204992,0.905096948,0,-0.905096948,0.425204992],"shapeName":"/levels/johnson_valley/art/shapes/rocks/s_rocks_desert_small_04.dae","useInstanceRenderData":true}
{"class":"TSStatic","persistentId":"88b1ccba-a5fb-4830-b7c7-49de8cc19bc7","__parent":"trail_007_rocks","position":[-480.499878,-219.56691,183.297913],"isRenderEnabled":false,"rotationMatrix":[-0.792188764,0,0.610275745,0,1,0,-0.610275745,0,-0.792188764],"shapeName":"/levels/johnson_valley/art/shapes/rocks/s_rocks_desert_small_03.dae","useInstanceRenderData":true}
{"class":"TSStatic","persistentId":"fe2610e2-9217-4bd8-b713-3d754c7e1d1e","__parent":"trail_007_rocks","position":[-483.811401,-216.528488,183.819321],"isRenderEnabled":false,"rotationMatrix":[0.215418994,2.98023224e-08,-0.97652173,0.971822977,-0.0979808569,0.21438247,-0.0956804752,-0.995188296,-0.0211069584],"shapeName":"/levels/johnson_valley/art/shapes/rocks/s_rocks_desert_medium_02.dae","useInstanceRenderData":true}
{"class":"TSStatic","persistentId":"2cb8d186-956f-40e3-ba3f-e26d2fc6a513","__parent":"trail_007_rocks","position":[-497.327789,-270.656281,172.513489],"isRenderEnabled":false,"rotationMatrix":[0.992598414,0.0304009467,-0.117576212,-2.79396772e-09,0.968160272,0.250331104,0.121442914,-0.248478264,0.960994363],"scale":[1.43027353,1.43027353,1.43027353],"shapeName":"/levels/johnson_valley/art/shapes/rocks/s_rocks_desert_collection_03.dae","useInstanceRenderData":true}
{"class":"TSStatic","persistentId":"08ec946a-27a3-45fa-8632-ce1e929cdf31","__parent":"trail_007_rocks","position":[-481.464447,-267.148315,171.955383],"isRenderEnabled":false,"rotationMatrix":[0.966485322,1.86264515e-09,0.256721795,-0.0464054868,0.983526886,0.174703583,-0.252492785,-0.18076174,0.950564325],"scale":[1.3125,1.3125,1.3125],"shapeName":"/levels/johnson_valley/art/shapes/rocks/s_rocks_desert_collection_02.dae","useInstanceRenderData":true}
{"class":"TSStatic","persistentId":"83040745-f33e-4182-aee6-0d4deb16953c","__parent":"trail_007_rocks","position":[-520.139038,-410.344543,130.426254],"isRenderEnabled":false,"rotationMatrix":[-0.783445954,0,-0.621459782,0,1,0,0.621459782,0,-0.783445954],"shapeName":"/levels/johnson_valley/art/shapes/rocks/s_rocks_desert_small_01.dae","useInstanceRenderData":true}
{"class":"TSStatic","persistentId":"84301fb6-f391-44c9-96b9-efdcadd2e7b2","__parent":"trail_007_rocks","position":[-519.784607,-412.239349,130.294647],"isRenderEnabled":false,"shapeName":"/levels/johnson_valley/art/shapes/rocks/s_rocks_desert_small_05.dae","useInstanceRenderData":true}
{"class":"TSStatic","persistentId":"91ca3cb0-91e3-4563-b5cd-45ead8acbe9b","__parent":"trail_007_rocks","position":[-520.468933,-411.279816,130.497803],"isRenderEnabled":false,"shapeName":"/levels/johnson_valley/art/shapes/rocks/s_rocks_desert_small_06.dae","useInstanceRenderData":true}
{"class":"TSStatic","persistentId":"f3171088-a120-4228-b35b-e0bc7766b8ee","__parent":"trail_007_rocks","position":[-514.83667,-415.254761,130.220917],"isRenderEnabled":false,"shapeName":"/levels/johnson_valley/art/shapes/rocks/s_rocks_desert_small_08.dae","useInstanceRenderData":true}
{"class":"TSStatic","persistentId":"d70543ca-84ce-484d-9ee2-33328fea2967","__parent":"trail_007_rocks","position":[-512.035278,-413.715881,130.442245],"isRenderEnabled":false,"rotationMatrix":[0.999254048,-0.00278251758,0.0385174341,3.49245965e-10,0.99740082,0.0720526874,-0.0386178084,-0.0719989389,0.996656835],"scale":[0.951525927,0.951525927,0.951525927],"shapeName":"/levels/johnson_valley/art/shapes/rocks/s_rocks_desert_collection_03.dae","useInstanceRenderData":true}
{"class":"TSStatic","persistentId":"3ac587ab-a653-4ead-b6e8-38b8aece4fad","__parent":"trail_007_rocks","position":[-398.089203,-340.886627,148.974472],"isRenderEnabled":false,"rotationMatrix":[0.397431552,0.900386095,0.177067816,-0.858623385,0.296806931,0.41793713,0.32374984,-0.318135947,0.891053081],"shapeName":"/levels/johnson_valley/art/shapes/rocks/s_rocks_desert_collection_03.dae","useInstanceRenderData":true}
{"class":"TSStatic","persistentId":"14b7f414-bde1-4e20-9fa2-978d4b1dc801","__parent":"trail_007_rocks","position":[-395.374756,-343.234802,147.071899],"isRenderEnabled":false,"rotationMatrix":[0.157173872,-8.94069672e-08,0.987570882,-0.970708609,0.184004188,0.154490113,-0.181717068,-0.982925415,0.0289206505],"shapeName":"/levels/johnson_valley/art/shapes/rocks/s_rocks_desert_medium_04.dae","useInstanceRenderData":true}
{"class":"TSStatic","persistentId":"6602075a-1f21-4028-85b6-18f8064a4f37","__parent":"trail_007_rocks","position":[-396.944336,-342.904724,147.260696],"isRenderEnabled":false,"rotationMatrix":[0.59581548,0,0.803121269,0,1,0,-0.803121269,0,0.59581548],"shapeName":"/levels/johnson_valley/art/shapes/rocks/s_rocks_desert_medium_01.dae","useInstanceRenderData":true}
{"class":"TSStatic","persistentId":"3d67cf61-880b-4bbf-8a14-bf56fe0747b0","__parent":"trail_007_rocks","position":[-392.802338,-340.619446,147.611099],"isRenderEnabled":false,"rotationMatrix":[-0.536714315,-0.838100314,-0.0975975692,-0.821886778,0.545458317,-0.164247632,0.190891415,-0.00793993473,-0.981578827],"shapeName":"/levels/johnson_valley/art/shapes/rocks/s_rocks_desert_large_06.dae","useInstanceRenderData":true}
{"class":"TSStatic","persistentId":"f1ec1633-4b39-4e3f-abb8-5b62badd6f18","__parent":"trail_007_rocks","position":[-395.118073,-339.202881,148.210953],"isRenderEnabled":false,"rotationMatrix":[1,0,0,0,-0.997737527,-0.067225337,0,0.067225337,-0.997737527],"shapeName":"/levels/johnson_valley/art/shapes/rocks/s_rocks_desert_large_07.dae","useInstanceRenderData":true}
{"class":"TSStatic","persistentId":"31abe606-db49-4c05-959f-87a317ac47ff","__parent":"trail_007_rocks","position":[-398.678558,-360.950562,141.13707],"isRenderEnabled":false,"shapeName":"/levels/johnson_valley/art/shapes/rocks/s_rocks_desert_small_02.dae","useInstanceRenderData":true}
{"class":"TSStatic","persistentId":"34f0b8fd-d364-490f-8abc-5c9256f5ac30","__parent":"trail_007_rocks","position":[-396.87085,-361.258636,141.200897],"isRenderEnabled":false,"rotationMatrix":[-0.688434601,0,-0.725298226,0,1,0,0.725298226,0,-0.688434601],"shapeName":"/levels/johnson_valley/art/shapes/rocks/s_rocks_desert_small_01.dae","useInstanceRenderData":true}
{"class":"TSStatic","persistentId":"aacd11e3-74cf-4e4c-ae74-2ad519a2b46b","__parent":"trail_007_rocks","position":[-397.931885,-358.823883,141.578323],"isRenderEnabled":false,"rotationMatrix":[-0.860928059,0,0.508726239,0,1,0,-0.508726239,0,-0.860928059],"shapeName":"/levels/johnson_valley/art/shapes/rocks/s_rocks_desert_small_03.dae","useInstanceRenderData":true}
{"class":"TSStatic","persistentId":"7555917c-804a-4a6a-88db-1ba2de8e49ec","__parent":"trail_007_rocks","position":[-414.039917,-311.964111,160.523575],"isRenderEnabled":false,"rotationMatrix":[0.991696,0.0145195918,-0.127781898,-1.86264515e-09,0.99360621,0.112901382,0.128604174,-0.111963846,0.985355318],"scale":[1.29990244,1.29990244,1.29990244],"shapeName":"/levels/johnson_valley/art/shapes/rocks/s_rocks_desert_collection_01.dae","useInstanceRenderData":true}
{"class":"TSStatic","persistentId":"cf4c88b1-f443-42c0-b19f-a2fade312c81","__parent":"trail_007_rocks","position":[-408.842621,-296.898468,164.174774],"isRenderEnabled":false,"shapeName":"/levels/johnson_valley/art/shapes/rocks/s_rocks_desert_large_06.dae","useInstanceRenderData":true}
{"class":"TSStatic","persistentId":"220d8ede-e8cb-42d9-a079-aa21f1058e92","__parent":"trail_007_rocks","position":[-407.828217,-295.364044,164.526138],"isRenderEnabled":false,"shapeName":"/levels/johnson_valley/art/shapes/rocks/s_rocks_desert_large_05.dae","useInstanceRenderData":true}
{"class":"TSStatic","persistentId":"dcc3652e-2e91-446a-ac2e-fc9b3f44b649","__parent":"trail_007_rocks","position":[-417.141174,-265.524902,176.565063],"isRenderEnabled":false,"rotationMatrix":[0.976937711,9.31322575e-10,-0.213524431,0.0204014927,0.995424986,0.0933429003,0.212547541,-0.0955464244,0.972468197],"shapeName":"/levels/johnson_valley/art/shapes/rocks/s_rocks_desert_collection_03.dae","useInstanceRenderData":true}
{"class":"TSStatic","persistentId":"653277bd-ea3c-4863-a7ef-f673628811a1","__parent":"trail_007_rocks","position":[-411.991272,-259.069763,177.433197],"isRenderEnabled":false,"rotationMatrix":[0.998416543,-0.0209178254,0.0522193834,9.31322575e-10,0.928292274,0.371851444,-0.0562531725,-0.37126261,0.926822305],"shapeName":"/levels/johnson_valley/art/shapes/rocks/s_rocks_desert_collection_03.dae","useInstanceRenderData":true}
{"name":"p_desert_rocks_huge_3_ridge11","class":"Prefab","persistentId":"fa166536-ffd6-4fb8-a928-0820c2ec3d96","__parent":"trail_007_rocks","position":[-452.877502,-245.313766,188.097626],"fileName":"/levels/johnson_valley/art/shapes/rocks/p_desert_rocks_huge_3_ridge.prefab","rotationMatrix":[0.953798771,-0.300446182,0,0.297247916,0.943645418,0.145523041,-0.0437218472,-0.138799697,0.989354849]}
{"class":"TSStatic","persistentId":"6ad1d4e5-e672-4cf7-b69d-f5157cb1ba05","__parent":"trail_007_rocks","position":[-514.387207,-209.631363,196.34642],"isRenderEnabled":false,"rotationMatrix":[0.850909114,0.185627297,-0.491422683,-0.0875681788,-0.872273684,-0.48111403,-0.517962873,0.452417314,-0.725970626],"shapeName":"/levels/johnson_valley/art/shapes/rocks/s_rocks_desert_medium_02.dae","useInstanceRenderData":true}
{"class":"TSStatic","persistentId":"7f1983b4-d813-49a2-9dc8-1ac0d04f9832","__parent":"trail_007_rocks","position":[-515.41095,-207.375488,199.004364],"isRenderEnabled":false,"rotationMatrix":[0.9513551,0.171543464,-0.255922496,0,0.830656767,0.556784749,0.308096528,-0.529700041,0.790249586],"shapeName":"/levels/johnson_valley/art/shapes/rocks/s_rocks_desert_small_01.dae","useInstanceRenderData":true}
{"class":"TSStatic","persistentId":"44fa767d-81a5-4109-b72e-15addfce1fb3","__parent":"trail_007_rocks","position":[-516.960449,-206.829742,198.934113],"isRenderEnabled":false,"rotationMatrix":[1,0,0,0,-0.954883456,-0.296980262,0,0.296980262,-0.954883456],"shapeName":"/levels/johnson_valley/art/shapes/rocks/s_rocks_desert_medium_02.dae","useInstanceRenderData":true}
{"class":"TSStatic","persistentId":"13e0b760-18ee-4274-8d27-c4e117a1dc11","__parent":"trail_007_rocks","position":[-519.615051,-189.291977,209.103958],"isRenderEnabled":false,"rotationMatrix":[0.73807478,-0.580525219,-0.343854666,0.67281872,0.671468258,0.310556382,0.0506016165,-0.460565716,0.88618207],"shapeName":"/levels/johnson_valley/art/shapes/rocks/s_rocks_desert_collection_03.dae","useInstanceRenderData":true}
{"class":"TSStatic","persistentId":"773e47d1-9bd2-445b-8fea-6c812ceff5e2","__parent":"trail_007_rocks","position":[-519.820496,-195.372375,206.010483],"isRenderEnabled":false,"rotationMatrix":[0.990830064,0.0524038151,-0.124537639,0.00897313096,0.894166589,0.447644472,0.134815678,-0.444657087,0.885496914],"shapeName":"/levels/johnson_valley/art/shapes/rocks/s_rocks_desert_low_flat_01.dae","useInstanceRenderData":true}
{"class":"TSStatic","persistentId":"03afcae2-1d95-428c-bfcd-336e9b7c839f","__parent":"trail_007_rocks","position":[-520.754517,-202.467896,203.154892],"isRenderEnabled":false,"rotationMatrix":[-0.202881098,0.950853884,0.23391512,-0.97357291,-0.221455216,0.0557982996,0.10485775,-0.216412991,0.970654547],"shapeName":"/levels/johnson_valley/art/shapes/rocks/s_rocks_desert_low_flat_01.dae","useInstanceRenderData":true}
{"class":"TSStatic","persistentId":"7a911553-a0b0-47a7-a77e-0e7ac1009585","__parent":"trail_007_rocks","position":[-522.293884,-203.604721,201.78746],"isRenderEnabled":false,"rotationMatrix":[-0.7821033,-0.611758351,-0.118601345,-0.623148918,0.767807126,0.148854464,0,0.190325856,-0.981721044],"shapeName":"/levels/johnson_valley/art/shapes/rocks/s_rocks_desert_large_06.dae","useInstanceRenderData":true}
{"class":"TSStatic","persistentId":"c72fbaee-f308-4fb7-9eb3-eff1d2970865","__parent":"trail_007_rocks","position":[-518.450745,-201.384125,202.803528],"isRenderEnabled":false,"shapeName":"/levels/johnson_valley/art/shapes/rocks/s_rocks_desert_small_02.dae","useInstanceRenderData":true}
{"class":"TSStatic","persistentId":"7fb1cff0-7593-47f5-8d33-3f51d3b9f839","__parent":"trail_007_rocks","position":[-519.188232,-200.315445,203.299911],"isRenderEnabled":false,"rotationMatrix":[0.939867854,9.31322575e-10,-0.34153825,0.0308722034,0.995906293,0.0849561915,0.340140104,-0.0903916284,0.936020315],"shapeName":"/levels/johnson_valley/art/shapes/rocks/s_rocks_desert_medium_03.dae","useInstanceRenderData":true}
{"class":"TSStatic","persistentId":"1b1cc3a2-c05e-4461-9dfa-a574000279d7","__parent":"trail_007_rocks","position":[-515.753723,-176.879593,214.122864],"isRenderEnabled":false,"rotationMatrix":[0.990057468,0.0281849802,-0.137810707,0.0195698589,0.942592263,0.333371907,0.139295399,-0.332754284,0.932668924],"shapeName":"/levels/johnson_valley/art/shapes/rocks/s_rocks_desert_collection_03.dae","useInstanceRenderData":true}
{"class":"TSStatic","persistentId":"8350187c-6a3c-4c5e-afea-b4dfb526a853","__parent":"trail_007_rocks","position":[-525.053345,-175.846207,215.269226],"isRenderEnabled":false,"rotationMatrix":[0.972635567,-0.0513266884,0.226595759,-0.0188737698,0.954614639,0.297245175,-0.231568247,-0.29338792,0.927523375],"shapeName":"/levels/johnson_valley/art/shapes/rocks/s_rocks_desert_collection_02.dae","useInstanceRenderData":true}
{"class":"TSStatic","persistentId":"d4cb1fdb-5ccc-4ef4-907c-edc2c11776b7","__parent":"trail_007_rocks","position":[-520.244934,-183.514908,212.027283],"isRenderEnabled":false,"rotationMatrix":[0.999629736,0.01197128,-0.024434926,0,0.89801693,0.439960867,0.0272098724,-0.439797968,0.897684455],"shapeName":"/levels/johnson_valley/art/shapes/rocks/s_rocks_desert_low_tiny.dae","useInstanceRenderData":true}
{"class":"TSStatic","persistentId":"7739b9a7-33ba-4953-b536-20172b62a2b5","__parent":"trail_007_rocks","position":[-521.372314,-186.545059,210.254715],"isRenderEnabled":false,"rotationMatrix":[0.140455008,-0.227018699,0.963708878,0.0327407569,0.973890424,0.224645346,-0.989545465,1.49011612e-08,0.144220531],"shapeName":"/levels/johnson_valley/art/shapes/rocks/s_rocks_desert_medium_05.dae","useInstanceRenderData":true}
{"class":"TSStatic","persistentId":"76659d15-3022-468a-a80e-fae079f847f1","__parent":"trail_007_rocks","position":[-520.503967,-185.024811,211.477982],"isRenderEnabled":false,"rotationMatrix":[1,0,0,0,-0.821865201,-0.569681525,0,0.569681525,-0.821865201],"shapeName":"/levels/johnson_valley/art/shapes/rocks/s_rocks_desert_small_01.dae","useInstanceRenderData":true}
{"class":"TSStatic","persistentId":"0ad7d214-4415-40a8-a3a8-a556e7f25af5","__parent":"trail_007_rocks","position":[-520.118103,-184.053818,211.995377],"isRenderEnabled":false,"rotationMatrix":[-0.999645233,0,0.0266280547,0,1,0,-0.0266280547,0,-0.999645233],"shapeName":"/levels/johnson_valley/art/shapes/rocks/s_rocks_desert_small_02.dae","useInstanceRenderData":true}
{"class":"TSStatic","persistentId":"f1a7d7c4-40b0-4535-a537-6111dc54a644","__parent":"trail_007_rocks","position":[-518.7547,-184.150452,211.5849],"isRenderEnabled":false,"rotationMatrix":[0.182455063,0,-0.98321408,0,1,0,0.98321408,0,0.182455063],"shapeName":"/levels/johnson_valley/art/shapes/rocks/s_rocks_desert_medium_05.dae","useInstanceRenderData":true}
{"class":"TSStatic","persistentId":"16697076-7c3b-4b2f-8cc3-216b852a085a","__parent":"trail_007_rocks","position":[-519.508179,-182.838974,212.462799],"isRenderEnabled":false,"rotationMatrix":[-0.774449348,-0.327377886,0.541342378,0,0.855693817,0.51748246,-0.632635593,0.400764048,-0.662691474],"shapeName":"/levels/johnson_valley/art/shapes/rocks/s_rocks_desert_small_02.dae","useInstanceRenderData":true}
{"class":"TSStatic","persistentId":"acccaacb-9e80-4454-872f-c6868df338bd","__parent":"trail_007_rocks","position":[-521.162048,-182.089417,212.429428],"isRenderEnabled":false,"rotationMatrix":[1,0,0,0,0.139232516,-0.990259647,0,0.990259647,0.139232516],"shapeName":"/levels/johnson_valley/art/shapes/rocks/s_rocks_desert_medium_04.dae","useInstanceRenderData":true}
{"class":"TSStatic","persistentId":"77cba031-8ccd-403e-b263-e862b8c40bf9","__parent":"trail_007_rocks","position":[-519.976685,-180.046936,213.474319],"isRenderEnabled":false,"shapeName":"/levels/johnson_valley/art/shapes/rocks/s_rocks_desert_small_01.dae","useInstanceRenderData":true}
{"class":"TSStatic","persistentId":"5ec9d3fb-c97f-4629-b0eb-ae11b61924b9","__parent":"trail_007_rocks","position":[-518.802368,-178.464996,213.379822],"isRenderEnabled":false,"rotationMatrix":[0.996128142,0.00859629363,-0.0874916092,-0.0154120363,-0.962719679,-0.270062298,-0.0865514055,0.270365089,-0.958859682],"shapeName":"/levels/johnson_valley/art/shapes/rocks/s_rocks_desert_large_06.dae","useInstanceRenderData":true}
{"class":"TSStatic","persistentId":"116172c3-8432-4770-b823-17c7673f6c62","__parent":"trail_007_rocks","position":[-520.789612,-178.737183,214.33226],"isRenderEnabled":false,"rotationMatrix":[-0.236124873,0.97172296,-8.94069672e-08,-0.266456157,-0.0647480488,-0.961670041,-0.934476614,-0.227073938,0.274209857],"shapeName":"/levels/johnson_valley/art/shapes/rocks/s_rocks_desert_medium_03.dae","useInstanceRenderData":true}
{"class":"TSStatic","persistentId":"079132a4-38f1-4781-ba8b-25ec5a663e0f","__parent":"trail_007_rocks","position":[-516.393066,-179.765121,213.044525],"isRenderEnabled":false,"rotationMatrix":[-0.967039585,0.170774981,-0.188864216,-0.219948128,-0.933953047,0.281698376,-0.128283337,0.313953906,0.940731823],"shapeName":"/levels/johnson_valley/art/shapes/rocks/s_rocks_desert_large_05.dae","useInstanceRenderData":true}
{"class":"TSStatic","persistentId":"402a3e3e-44b4-445a-b837-442619fc93d3","__parent":"trail_007_rocks","position":[-430.934998,-229.591476,183.460754],"isRenderEnabled":false,"rotationMatrix":[0.900027156,-0.433379352,0.0461890996,0.149432898,0.207296848,-0.96679759,0.409415334,0.877046227,0.251333952],"shapeName":"/levels/johnson_valley/art/shapes/rocks/s_rocks_desert_large_06.dae","useInstanceRenderData":true}
{"class":"TSStatic","persistentId":"a0484601-f503-4f65-be6f-761101b509c0","__parent":"trail_007_rocks","position":[-438.100342,-224.607071,184.86232],"isRenderEnabled":false,"rotationMatrix":[-0.998791456,0,-0.049152568,0,1,0,0.049152568,0,-0.998791456],"shapeName":"/levels/johnson_valley/art/shapes/rocks/s_rocks_desert_medium_02.dae","useInstanceRenderData":true}
{"class":"TSStatic","persistentId":"dfb6721a-b7b4-4667-9caf-84296ae8a8a0","__parent":"trail_007_rocks","position":[-438.840271,-222.350388,185.776413],"isRenderEnabled":false,"shapeName":"/levels/johnson_valley/art/shapes/rocks/s_rocks_desert_small_01.dae","useInstanceRenderData":true}
{"class":"TSStatic","persistentId":"75d51ab1-ec57-4a06-b3fd-f4ef76153eb0","__parent":"trail_007_rocks","position":[-439.532135,-223.820679,185.763702],"isRenderEnabled":false,"shapeName":"/levels/johnson_valley/art/shapes/rocks/s_rocks_desert_small_02.dae","useInstanceRenderData":true}
{"class":"TSStatic","persistentId":"c6510f23-b233-4d8b-801e-d8a2bbc656f2","__parent":"trail_007_rocks","position":[-442.086029,-225.835861,184.90123],"isRenderEnabled":false,"rotationMatrix":[0.809277117,-0.561450541,0.172753498,0.0632801503,-0.209049821,-0.975855172,0.584008634,0.800669134,-0.133650541],"shapeName":"/levels/johnson_valley/art/shapes/rocks/s_rocks_desert_large_04.dae","useInstanceRenderData":true}
{"class":"TSStatic","persistentId":"9f0644b2-a1a1-4996-88ed-5e66d7b5b4ef","__parent":"trail_007_rocks","position":[-422.284088,-234.790955,185.432144],"isRenderEnabled":false,"rotationMatrix":[0.668849707,-0.741767168,-0.0492072254,0.559404731,0.458609939,0.690465868,-0.489598155,-0.489344627,0.721689284],"scale":[1.34392095,1.34392095,1.34392095],"shapeName":"/levels/johnson_valley/art/shapes/rocks/s_rocks_desert_huge_sheet_3.dae","useInstanceRenderData":true}
{"class":"TSStatic","persistentId":"e4b389fa-0efd-41db-97be-d519aaa6d521","__parent":"trail_007_rocks","position":[-431.634369,-247.971451,183.597076],"isRenderEnabled":false,"rotationMatrix":[0.953214765,0.00464008003,-0.302258343,0.0533615798,0.98159796,0.183352187,0.297546953,-0.190902993,0.935425997],"scale":[1.18867183,1.18867183,1.18867183],"shapeName":"/levels/johnson_valley/art/shapes/rocks/s_rocks_desert_collection_01.dae","useInstanceRenderData":true}
{"class":"TSStatic","persistentId":"b6a769bb-c65c-483f-b991-634cbb059481","__parent":"trail_007_rocks","position":[-497.885712,-289.947144,163.731857],"isRenderEnabled":false,"rotationMatrix":[-0.517225027,-0.855849206,-1.23316099e-07,-0.855849206,0.517225325,-2.04050366e-07,2.38418565e-07,7.10542736e-15,-0.999999762],"shapeName":"/levels/johnson_valley/art/shapes/rocks/s_rocks_desert_large_06.dae","useInstanceRenderData":true}
{"class":"TSStatic","persistentId":"b46ab15e-61ab-4bd3-ba95-fe9487540a79","__parent":"trail_007_rocks","position":[-499.916504,-288.064606,163.731857],"isRenderEnabled":false,"rotationMatrix":[-0.940610886,0.339486659,-2.24259111e-07,0.339486659,0.940610886,8.09399268e-08,2.38418579e-07,3.55271368e-15,-1],"shapeName":"/levels/johnson_valley/art/shapes/rocks/s_rocks_desert_large_06.dae","useInstanceRenderData":true}
{"class":"TSStatic","persistentId":"cfdec0cb-5879-4fa4-9f13-2a78e25c5df2","__parent":"trail_007_rocks","position":[-499.720428,-289.51593,163.468155],"isRenderEnabled":false,"rotationMatrix":[1,0,0,0,0.578579903,-0.815625668,0,0.815625668,0.578579903],"shapeName":"/levels/johnson_valley/art/shapes/rocks/s_rocks_desert_medium_01.dae","useInstanceRenderData":true}
{"class":"TSStatic","persistentId":"ca24723c-e521-4d4f-ad0e-e857435d1d81","__parent":"trail_007_rocks","position":[-501.622528,-290.731384,162.35791],"isRenderEnabled":false,"rotationMatrix":[-0.320988655,-0.947083175,-3.08598857e-07,-0.947083175,0.320988476,1.04591322e-07,2.84217094e-14,3.2584137e-07,-1.00000024],"shapeName":"/levels/johnson_valley/art/shapes/rocks/s_rocks_desert_medium_02.dae","useInstanceRenderData":true}
{"class":"TSStatic","persistentId":"3642e44b-9b5c-47d9-99ef-b5b81e3ad7fc","__parent":"trail_007_rocks","position":[-502.689606,-289.976166,162.910629],"isRenderEnabled":false,"shapeName":"/levels/johnson_valley/art/shapes/rocks/s_rocks_desert_small_01.dae","useInstanceRenderData":true}
{"class":"TSStatic","persistentId":"e20b366f-a551-4941-b1b6-b35126ce70ef","__parent":"trail_007_rocks","position":[-500.184845,-292.540558,161.994156],"isRenderEnabled":false,"rotationMatrix":[-0.745552301,-0.666446805,-2.42931833e-07,-0.666446805,0.74555254,-2.17155971e-07,3.2584137e-07,0,-0.999999762],"scale":[1,1.25195551,1],"shapeName":"/levels/johnson_valley/art/shapes/rocks/s_rocks_desert_large_06.dae","useInstanceRenderData":true}
{"class":"TSStatic","persistentId":"711bbc00-af74-4189-a948-0289557c6e45","__parent":"trail_007_rocks","position":[-501.161041,-293.166687,162.365402],"isRenderEnabled":false,"rotationMatrix":[-0.432166576,0,-0.90179354,0,1,0,0.90179354,0,-0.432166576],"shapeName":"/levels/johnson_valley/art/shapes/rocks/s_rocks_desert_small_01.dae","useInstanceRenderData":true}
{"class":"TSStatic","persistentId":"2293bdb4-6569-49e4-8cb8-e015d56899a1","__parent":"trail_007_rocks","position":[-503.531525,-298.733521,159.598343],"isRenderEnabled":false,"rotationMatrix":[0.671355486,0.520049989,0.528043389,-0.617634594,0.786391377,0.0107748061,-0.409645289,-0.33337158,0.849149048],"shapeName":"/levels/johnson_valley/art/shapes/rocks/s_rocks_desert_huge_sheet_3.dae","useInstanceRenderData":true}
{"class":"TSStatic","persistentId":"acfbf3da-f465-43e9-bf69-3103186f543b","__parent":"trail_007_rocks","position":[-509.064392,-297.418762,158.284607],"decalType":"Visible Mesh","isRenderEnabled":false,"rotationMatrix":[0.954479158,-0.286649704,0.0824707299,0.298277497,0.917270541,-0.263903826,-3.7252903e-09,0.276489884,0.961016834],"shapeName":"/levels/johnson_valley/art/shapes/rocks/s_rocks_desert_large_06.dae","useInstanceRenderData":true}
{"class":"TSStatic","persistentId":"edca9abf-0e42-472f-ab3a-9f63cc39370b","__parent":"trail_007_rocks","position":[-506.631775,-300.934875,157.786057],"isRenderEnabled":false,"rotationMatrix":[0.639639735,-0.768674791,0,0.768674791,0.639639735,0,0,0,1],"shapeName":"/levels/johnson_valley/art/shapes/rocks/s_rocks_desert_medium_01.dae","useInstanceRenderData":true}
{"class":"TSStatic","persistentId":"02d491d1-aecb-4028-acce-c4027926d95c","__parent":"trail_007_rocks","position":[-503.401062,-293.982666,160.80809],"isRenderEnabled":false,"rotationMatrix":[0.959098339,0.283073068,9.22369097e-08,0.283073068,-0.959098339,-3.1251389e-07,0,3.25841341e-07,-1],"shapeName":"/levels/johnson_valley/art/shapes/rocks/s_rocks_desert_medium_02.dae","useInstanceRenderData":true}
{"class":"TSStatic","persistentId":"172c1e0f-e26f-4fd7-9c9d-726385ac7091","__parent":"trail_007_rocks","position":[-504.478821,-293.315308,160.80809],"isRenderEnabled":false,"rotationMatrix":[-0.30095911,-0.953636885,-3.10734322e-07,-0.953636885,0.300959349,9.8064973e-08,-1.42108547e-14,3.25841313e-07,-0.999999762],"shapeName":"/levels/johnson_valley/art/shapes/rocks/s_rocks_desert_medium_02.dae","useInstanceRenderData":true}
{"class":"TSStatic","persistentId":"7b32ed19-1db4-4bb3-b327-0795c560bda1","__parent":"trail_007_rocks","position":[-506.561188,-291.747925,160.491394],"isRenderEnabled":false,"rotationMatrix":[-0.999999762,0,-3.2584137e-07,0,1,0,3.2584137e-07,0,-0.999999762],"shapeName":"/levels/johnson_valley/art/shapes/rocks/s_rocks_desert_large_06.dae","useInstanceRenderData":true}
{"class":"TSStatic","persistentId":"a256eed7-c999-4d61-bc81-8dfa7e56945b","__parent":"trail_007_rocks","position":[-500.588837,-290.141724,163.663834],"isRenderEnabled":false,"rotationMatrix":[0.696246088,0.593247235,0.404102832,-0.648560703,0.761162937,0,-0.30758813,-0.262085199,0.914713562],"shapeName":"/levels/johnson_valley/art/shapes/rocks/s_rocks_desert_low_tiny.dae","useInstanceRenderData":true}
{"class":"TSStatic","persistentId":"925b1890-6a99-445d-843e-46b80e6b1861","__parent":"trail_007_rocks","position":[-502.829895,-292.051239,162.227646],"isRenderEnabled":false,"rotationMatrix":[0.68656373,0.584997177,0.431750417,-0.648560643,0.761162996,-1.49011612e-08,-0.328632414,-0.280016363,0.901993096],"shapeName":"/levels/johnson_valley/art/shapes/rocks/s_rocks_desert_low_tiny.dae","useInstanceRenderData":true}
{"class":"TSStatic","persistentId":"6345a0e7-f30f-4b75-8ad9-ecc746ec6110","__parent":"trail_007_rocks","position":[-505.230316,-295.291473,160.497925],"isRenderEnabled":false,"rotationMatrix":[0.513024211,0.668033898,0.539014637,-0.803209484,0.595086515,0.0269527733,-0.302754939,-0.446769148,0.841865063],"shapeName":"/levels/johnson_valley/art/shapes/rocks/s_rocks_desert_low_tiny.dae","useInstanceRenderData":true}
{"class":"TSStatic","persistentId":"92ca4dcb-0caf-4945-80f0-8085972d419e","__parent":"trail_007_rocks","position":[-489.619751,-277.155548,169.96991],"isRenderEnabled":false,"rotationMatrix":[0.927878141,0.00148000941,0.372880548,0.104078367,-0.961277246,-0.255173802,0.358063966,0.275578976,-0.892102242],"shapeName":"/levels/johnson_valley/art/shapes/rocks/s_rocks_desert_medium_02.dae","useInstanceRenderData":true}
{"class":"TSStatic","persistentId":"2348c816-ce4a-4b1a-9334-2537bd54c9ba","__parent":"trail_007_rocks","position":[-488.185211,-277.177002,170.076584],"isRenderEnabled":false,"shapeName":"/levels/johnson_valley/art/shapes/rocks/s_rocks_desert_medium_03.dae","useInstanceRenderData":true}
{"class":"TSStatic","persistentId":"7ed2f416-99e6-49e0-9ec5-c40b35f94322","__parent":"trail_007_rocks","position":[-489.029633,-275.622223,170.426468],"isRenderEnabled":false,"rotationMatrix":[0.110838473,0,0.993838251,0,1,0,-0.993838251,0,0.110838473],"shapeName":"/levels/johnson_valley/art/shapes/rocks/s_rocks_desert_medium_05.dae","useInstanceRenderData":true}
{"class":"TSStatic","persistentId":"12866747-fa51-4ac5-ba97-d229444519c9","__parent":"trail_007_rocks","position":[-486.487152,-275.772552,169.857147],"isRenderEnabled":false,"rotationMatrix":[1,0,0,0,0.5993644,-0.800476253,0,0.800476253,0.5993644],"shapeName":"/levels/johnson_valley/art/shapes/rocks/s_rocks_desert_large_05.dae","useInstanceRenderData":true}
{"class":"TSStatic","persistentId":"046bd029-24ff-42b4-a50c-2f607eb97759","__parent":"trail_007_rocks","position":[-486.972687,-267.566803,170.980011],"isRenderEnabled":false,"rotationMatrix":[0.73957485,0,0.673074245,0,1,0,-0.673074245,0,0.73957485],"shapeName":"/levels/johnson_valley/art/shapes/rocks/s_rocks_desert_medium_04.dae","useInstanceRenderData":true}
{"class":"TSStatic","persistentId":"bc54a9f5-fba5-477c-b0c4-8a390c0ed5c5","__parent":"trail_007_rocks","position":[-483.574432,-258.198639,173.514801],"isRenderEnabled":false,"rotationMatrix":[0.778413117,0.606689692,-0.161246777,-0.540725112,0.778484941,0.318712175,0.318887621,-0.16089952,0.934035301],"shapeName":"/levels/johnson_valley/art/shapes/rocks/s_rocks_desert_large_06.dae","useInstanceRenderData":true}
{"class":"TSStatic","persistentId":"5cba105e-b963-4ddc-b387-ce1ae05ba263","__parent":"trail_007_rocks","position":[-483.401611,-254.721405,174.176178],"isRenderEnabled":false,"rotationMatrix":[0.850782335,0.426405877,0.307160169,-0.448066384,0.894000292,-7.4505806e-09,-0.274601251,-0.137628168,0.951657832],"shapeName":"/levels/johnson_valley/art/shapes/rocks/s_rocks_desert_medium_02.dae","useInstanceRenderData":true}
{"class":"TSStatic","persistentId":"bcaebcf4-dafd-442c-a945-5ee66cbfaec9","__parent":"trail_007_rocks","position":[-482.385773,-256.600342,174.745316],"isRenderEnabled":false,"rotationMatrix":[0.0538799167,0,-0.998547316,0,1,0,0.998547316,0,0.0538799167],"shapeName":"/levels/johnson_valley/art/shapes/rocks/s_rocks_desert_medium_05.dae","useInstanceRenderData":true}
{"class":"TSStatic","persistentId":"51e0ea0f-40be-49de-8467-1afa67e3be64","__parent":"trail_007_rocks","position":[-482.909821,-257.411835,174.559143],"isRenderEnabled":false,"rotationMatrix":[0.266119838,0.709698081,0.652310193,-0.956210494,0.27988416,0.085593164,-0.121825933,-0.646523952,0.753103673],"shapeName":"/levels/johnson_valley/art/shapes/rocks/s_rocks_desert_small_04.dae","useInstanceRenderData":true}
{"class":"TSStatic","persistentId":"567cf3d4-9b26-4812-b8b7-1a66aa0b27cf","__parent":"trail_007_rocks","position":[-481.945282,-255.482986,174.670593],"isRenderEnabled":false,"shapeName":"/levels/johnson_valley/art/shapes/rocks/s_rocks_desert_medium_03.dae","useInstanceRenderData":true}
{"class":"TSStatic","persistentId":"f60889bf-a9ca-40ae-a9b6-3f8f4dd26e27","__parent":"trail_007_rocks","position":[-486.190918,-262.457001,172.160675],"isRenderEnabled":false,"rotationMatrix":[0.389777005,-0.909849465,-0.1422939,0.918150604,0.371991813,0.13646017,-0.0712260902,-0.183836266,0.980372906],"shapeName":"/levels/johnson_valley/art/shapes/rocks/s_rocks_desert_low_tiny.dae","useInstanceRenderData":true}
{"class":"TSStatic","persistentId":"d4911ef3-42e3-4d6e-854b-964a6e9dd501","__parent":"trail_007_rocks","position":[-487.15332,-260.237671,172.585861],"isRenderEnabled":false,"rotationMatrix":[-0.393696547,0.89536047,0.208163798,-0.918150544,-0.371991634,-0.136460215,-0.044745855,-0.244849682,0.968527973],"shapeName":"/levels/johnson_valley/art/shapes/rocks/s_rocks_desert_low_tiny.dae","useInstanceRenderData":true}
{"class":"TSStatic","persistentId":"8f6e8980-84cc-42c1-9e64-5bed43aba98f","__parent":"trail_007_rocks","position":[-481.025848,-260.640228,173.775772],"isRenderEnabled":false,"rotationMatrix":[0.98588115,-0.0814196765,0.146318898,0.0106962025,0.902661085,0.430219144,-0.167104676,-0.422579855,0.890787423],"shapeName":"/levels/johnson_valley/art/shapes/rocks/s_rocks_desert_collection_03.dae","useInstanceRenderData":true}
{"class":"TSStatic","persistentId":"a2fba734-b05f-4a93-ae09-2339e53acc9e","__parent":"trail_007_rocks","position":[-482.58432,-246.482819,177.492966],"isRenderEnabled":false,"rotationMatrix":[0.984875977,0.0310015101,0.170464814,-0.0841011479,0.94572103,0.313908875,-0.151480496,-0.323497593,0.934025168],"shapeName":"/levels/johnson_valley/art/shapes/rocks/s_rocks_desert_collection_02.dae","useInstanceRenderData":true}
{"class":"TSStatic","persistentId":"1d55b916-e246-422d-aacd-c44ba766d791","__parent":"trail_007_rocks","position":[-479.28067,-240.626038,180.109406],"isRenderEnabled":false,"shapeName":"/levels/johnson_valley/art/shapes/rocks/s_rocks_desert_large_05.dae","useInstanceRenderData":true}
{"class":"TSStatic","persistentId":"2529b515-139a-4bd4-8e42-a9a5fcda55b2","__parent":"trail_007_rocks","position":[-478.904999,-238.586914,181.257294],"isRenderEnabled":false,"shapeName":"/levels/johnson_valley/art/shapes/rocks/s_rocks_desert_large_02.dae","useInstanceRenderData":true}
{"class":"TSStatic","persistentId":"00ea313c-622e-4bf2-ae6f-96bbc052aa8d","__parent":"trail_007_rocks","position":[-473.305389,-237.834625,180.316132],"isRenderEnabled":false,"rotationMatrix":[1,0,0,0,-0.999999762,-3.25841313e-07,0,3.25841313e-07,-0.999999762],"shapeName":"/levels/johnson_valley/art/shapes/rocks/s_rocks_desert_large_06.dae","useInstanceRenderData":true}
