{"class":"TSStatic","persistentId":"5c6fe474-2b95-4b58-967a-a314820ff76f","__parent":"trail_009_rocks","position":[-210.873352,-162.499786,201.55069],"isRenderEnabled":false,"rotationMatrix":[1,0,0,0,0.987330854,0.158675164,0,-0.158675164,0.987330854],"shapeName":"/levels/johnson_valley/art/shapes/rocks/s_rocks_desert_collection_03.dae","useInstanceRenderData":true}
{"class":"TSStatic","persistentId":"3b2740ca-0b24-4c9b-8410-a6660cd1ad07","__parent":"trail_009_rocks","position":[-201.446411,-162.002502,202.765884],"isRenderEnabled":false,"rotationMatrix":[0.603144407,-0.797411978,-0.0187311471,0.792596757,0.596537232,0.126228094,-0.0894819871,-0.0909800157,0.991824389],"shapeName":"/levels/johnson_valley/art/shapes/rocks/s_rocks_desert_collection_01.dae","useInstanceRenderData":true}
{"class":"TSStatic","persistentId":"60224e97-7d50-442b-a629-1a7a5933ffaa","__parent":"trail_009_rocks","position":[-206.325165,-159.979309,201.730408],"isRenderEnabled":false,"rotationMatrix":[0.97000289,0.00360838044,0.243066624,0.0201406255,0.995259225,-0.0951497704,-0.24225764,0.0971910655,0.965331614],"shapeName":"/levels/johnson_valley/art/shapes/rocks/s_rocks_desert_collection_02.dae","useInstanceRenderData":true}
{"class":"TSStatic","persistentId":"d5a34811-8a5b-4451-8065-7775ecef295b","__parent":"trail_009_rocks","position":[-215.064133,-159.935333,200.989594],"isRenderEnabled":false,"rotationMatrix":[0.990282416,-1.39698386e-09,0.139071018,0.0128076132,0.995750308,-0.0911990926,-0.138480008,0.0920940265,0.98607403],"shapeName":"/levels/johnson_valley/art/shapes/rocks/s_rocks_desert_collection_02.dae","useInstanceRenderData":true}
{"class":"TSStatic","persistentId":"0a361f9d-7c2f-411f-a714-a8258d8f437a","__parent":"trail_009_rocks","position":[-191.942505,-155.57193,203.154343],"isRenderEnabled":false,"rotationMatrix":[0.999044657,0.00928069279,0.0427035913,-4.65661287e-10,0.977189183,-0.212370723,-0.0437004343,0.212167829,0.976255655],"shapeName":"/levels/johnson_valley/art/shapes/rocks/s_rocks_desert_collection_02.dae","useInstanceRenderData":true}
{"class":"TSStatic","persistentId":"12338594-9161-440c-bbbc-71375b99fdea","__parent":"trail_009_rocks","position":[-325.174347,-261.590149,184.206894],"isRenderEnabled":false,"shapeName":"/levels/johnson_valley/art/shapes/rocks/s_rocks_desert_large_02.dae","useInstanceRenderData":true}
{"class":"TSStatic","persistentId":"59f5a9f8-56df-4bc5-8f94-ef5818dc7420","__parent":"trail_009_rocks","position":[-327.903381,-261.520569,184.889923],"isRenderEnabled":false,"shapeName":"/levels/johnson_valley/art/shapes/rocks/s_rocks_desert_large_05.dae","useInstanceRenderData":true}
{"class":"TSStatic","persistentId":"c2a39f08-72e9-411b-a87a-04c4b7a808da","__parent":"trail_009_rocks","position":[-326.751862,-261.914795,186.798325],"isRenderEnabled":false,"shapeName":"/levels/johnson_valley/art/shapes/rocks/s_rocks_desert_medium_04.dae","useInstanceRenderData":true}
{"class":"TSStatic","persistentId":"fdb43a3b-564a-421a-a1a4-5fcbe864dc7c","__parent":"trail_009_rocks","position":[-335.091125,-276.987885,185.911804],"isRenderEnabled":false,"rotationMatrix":[0.935403824,0.35358116,0,-0.294536203,0.7791996,0.55325973,0.195622236,-0.517521262,0.833008766],"shapeName":"/levels/johnson_valley/art/shapes/rocks/s_rocks_desert_huge_sheet_3.dae","useInstanceRenderData":true}
{"class":"TSStatic","persistentId":"398fbae8-5a4c-406c-877b-6e2d5ec2c4b0","__parent":"trail_009_rocks","position":[-341.898041,-279.833649,184.878189],"isRenderEnabled":false,"rotationMatrix":[0.99250555,-0.0711986646,0.0993153006,0.0137908068,0.872798085,0.487886548,-0.121419072,-0.482860446,0.86723882],"shapeName":"/levels/johnson_valley/art/shapes/rocks/s_rocks_desert_collection_03.dae","useInstanceRenderData":true}
{"class":"TSStatic","persistentId":"5676b439-3404-43a2-9fd6-6a32e87683e0","__parent":"trail_009_rocks","position":[-196.979919,-129.749786,194.92395],"isRenderEnabled":false,"rotationMatrix":[0.985429943,-0.129671305,-0.110059664,0.144260377,0.980008483,0.137012064,0.0900928676,-0.150893033,0.984436154],"shapeName":"/levels/johnson_valley/art/shapes/rocks/s_rocks_desert_large_05.dae","useInstanceRenderData":true}
{"class":"TSStatic","persistentId":"d8c8f6f0-60b4-43c6-a695-34be7e24196e","__parent":"trail_009_rocks","position":[-190.298859,-129.662399,195.825348],"isRenderEnabled":false,"rotationMatrix":[-0.991513848,-0.129999399,-1.86264515e-09,0.11812,-0.900908828,0.417624772,-0.0542909801,0.414080858,0.908619583],"scale":[1.19291997,1.19291997,1.19291997],"shapeName":"/levels/johnson_valley/art/shapes/rocks/s_rocks_desert_huge_sheet_3.dae","useInstanceRenderData":true}
{"class":"TSStatic","persistentId":"da8e9d79-8139-47a3-ae43-f7c44cdc59b3","__parent":"trail_009_rocks","position":[-188.499603,-116.818275,190.645538],"isRenderEnabled":false,"rotationMatrix":[0.82094115,-0.506604195,0.263453692,-0.380534291,-0.141387343,0.913894594,-0.425733835,-0.850506842,-0.308851004],"shapeName":"/levels/johnson_valley/art/shapes/rocks/s_rocks_desert_large_04.dae","useInstanceRenderData":true}
{"class":"TSStatic","persistentId":"8cf3d679-c0a6-45ab-bd03-64fc1fa494f9","__parent":"trail_009_rocks","position":[-186.287369,-123.180107,192.509995],"isRenderEnabled":false,"rotationMatrix":[0.520503283,-0.853859663,0,0.853859663,0.520503283,0,0,0,1],"shapeName":"/levels/johnson_valley/art/shapes/rocks/s_rocks_desert_large_05.dae","useInstanceRenderData":true}
{"class":"TSStatic","persistentId":"2c13e11d-b9d5-4e71-b37b-828e27704c43","__parent":"trail_009_rocks","position":[-180.199112,-122.33712,191.403229],"isRenderEnabled":false,"rotationMatrix":[0.998036444,0.026047973,0.0569626503,0,0.909426749,-0.41586408,-0.0626357794,0.415047497,0.907641053],"shapeName":"/levels/johnson_valley/art/shapes/rocks/s_rocks_desert_collection_02.dae","useInstanceRenderData":true}
{"class":"TSStatic","persistentId":"0780e8fa-dec6-4fdc-bf23-c772b31a712d","__parent":"trail_009_rocks","position":[-189.881149,-119.85685,191.889465],"isRenderEnabled":false,"rotationMatrix":[1,0,0,0,-0.90705061,0.421020985,0,-0.421020985,-0.90705061],"shapeName":"/levels/johnson_valley/art/shapes/rocks/s_rocks_desert_medium_02.dae","useInstanceRenderData":true}
{"class":"TSStatic","persistentId":"fb60a944-8cdf-4cf3-8b29-8e8b3fa5c626","__parent":"trail_009_rocks","position":[-187.910751,-112.103874,190.719543],"isRenderEnabled":false,"rotationMatrix":[1,0,0,0,-0.783887744,-0.620902359,0,0.620902359,-0.783887744],"scale":[1.16093755,1.16093755,1.16093755],"shapeName":"/levels/johnson_valley/art/shapes/rocks/s_rocks_desert_medium_03.dae","useInstanceRenderData":true}
{"class":"TSStatic","persistentId":"e820edaa-c49d-4ad9-a8db-978a1075f007","__parent":"trail_009_rocks","position":[-184.238434,-107.669693,190.735336],"isRenderEnabled":false,"shapeName":"/levels/johnson_valley/art/shapes/rocks/s_rocks_desert_medium_04.dae","useInstanceRenderData":true}
{"class":"TSStatic","persistentId":"bea625af-161c-4dd4-8508-36b57bc54cd5","__parent":"trail_009_rocks","position":[-185.786331,-107.087234,191.253525],"isRenderEnabled":false,"rotationMatrix":[-0.0738897324,0.477482736,0.875528812,-0.250445247,0.840909123,-0.479738563,-0.965306997,-0.254719764,0.0574486852],"shapeName":"/levels/johnson_valley/art/shapes/rocks/s_rocks_desert_medium_05.dae","useInstanceRenderData":true}
{"class":"TSStatic","persistentId":"b75d060b-792a-4b06-850e-232865d05cb3","__parent":"trail_009_rocks","position":[-178.393311,-95.4099121,192.706131],"isRenderEnabled":false,"rotationMatrix":[-0.304421186,-0.725684762,0.617016733,0.922148466,-0.386836648,2.98023224e-08,0.23868455,0.568980932,0.786950052],"shapeName":"/levels/johnson_valley/art/shapes/rocks/s_rocks_desert_medium_01.dae","useInstanceRenderData":true}
{"class":"TSStatic","persistentId":"e62a1500-2524-4155-b4a0-13def713c395","__parent":"trail_009_rocks","position":[-179.167755,-93.5921326,192.767593],"isRenderEnabled":false,"rotationMatrix":[-0.254374146,0,-0.967105746,0,1,0,0.967105746,0,-0.254374146],"shapeName":"/levels/johnson_valley/art/shapes/rocks/s_rocks_desert_medium_04.dae","useInstanceRenderData":true}
{"class":"TSStatic","persistentId":"d77a8bf7-cff2-40c9-887b-a6a6144f2d11","__parent":"trail_009_rocks","position":[-180.724365,-96.2895889,192.424088],"isRenderEnabled":false,"rotationMatrix":[-0.636152148,0,0.77156353,0,1,0,-0.77156353,0,-0.636152148],"shapeName":"/levels/johnson_valley/art/shapes/rocks/s_rocks_desert_medium_04.dae","useInstanceRenderData":true}
{"class":"TSStatic","persistentId":"ba1d8b4f-f126-40c1-ab5d-1b5d67ccd549","__parent":"trail_009_rocks","position":[-174.430923,-96.2707748,194.095108],"isRenderEnabled":false,"rotationMatrix":[1,0,0,0,-0.998665094,-0.0516486615,0,0.0516486615,-0.998665094],"shapeName":"/levels/johnson_valley/art/shapes/rocks/s_rocks_desert_large_04.dae","useInstanceRenderData":true}
{"class":"TSStatic","persistentId":"4a4ed827-7241-47a4-8554-a21d921a7df9","__parent":"trail_009_rocks","position":[-177.390884,-93.984314,192.914261],"isRenderEnabled":false,"rotationMatrix":[-0.657967806,0.1189605,-0.743590355,0.753045917,0.103940904,-0.649706125,2.98023224e-08,-0.987443447,-0.157972336],"shapeName":"/levels/johnson_valley/art/shapes/rocks/s_rocks_desert_medium_03.dae","useInstanceRenderData":true}
{"class":"TSStatic","persistentId":"eeec473b-3611-44d4-9da5-e494828a4e60","__parent":"trail_009_rocks","position":[-179.75705,-100.027351,192.614227],"isRenderEnabled":false,"rotationMatrix":[1,0,0,0,0.0813986063,0.996681571,0,-0.996681571,0.0813986063],"scale":[1.16899419,1.16899419,1.16899419],"shapeName":"/levels/johnson_valley/art/shapes/rocks/s_rocks_desert_medium_04.dae","useInstanceRenderData":true}
{"class":"TSStatic","persistentId":"f1f6330d-4c1d-4641-8fb8-68bd26f1c4ca","__parent":"trail_009_rocks","position":[-176.38353,-108.192841,191.411987],"isRenderEnabled":false,"rotationMatrix":[0.96687144,-0.0596773326,0.248189807,-0.0199325383,0.951668382,0.30648005,-0.254484296,-0.301273882,0.918951452],"scale":[1.24335933,1.24335933,1.24335933],"shapeName":"/levels/johnson_valley/art/shapes/rocks/s_rocks_desert_collection_03.dae","useInstanceRenderData":true}
{"class":"TSStatic","persistentId":"e80a281e-30db-4f5c-b8ad-1a5761514db3","__parent":"trail_009_rocks","position":[-191.33844,-107.227486,194.928864],"isRenderEnabled":false,"rotationMatrix":[0.636801004,-0.417261481,-0.64836508,0.571269393,0.820086539,0.0333059579,0.517818153,-0.39160043,0.760600686],"shapeName":"/levels/johnson_valley/art/shapes/rocks/s_rocks_desert_collection_03.dae","useInstanceRenderData":true}
{"class":"TSStatic","persistentId":"29517525-a9da-4606-93ec-367e4988bf90","__parent":"trail_009_rocks","position":[-201.0979,-128.450775,193.110977],"isRenderEnabled":false,"rotationMatrix":[0.877210379,0.218782306,0.427359581,-0.0236725286,-0.869342566,0.493641943,0.479522169,-0.44314453,-0.757417202],"shapeName":"/levels/johnson_valley/art/shapes/rocks/s_rocks_desert_medium_02.dae","useInstanceRenderData":true}
{"class":"TSStatic","persistentId":"47e8c860-1306-4d32-9c91-4e1b46c455f7","__parent":"trail_009_rocks","position":[-205.316391,-128.894669,192.842865],"isRenderEnabled":false,"rotationMatrix":[1,0,0,0,0.0936502218,-0.995605052,0,0.995605052,0.0936502218],"shapeName":"/levels/johnson_valley/art/shapes/rocks/s_rocks_desert_large_05.dae","useInstanceRenderData":true}
{"class":"TSStatic","persistentId":"9d53d1f0-d915-41a1-9ba1-73583b10de60","__parent":"trail_009_rocks","position":[-206.403687,-132.4702,193.102295],"isRenderEnabled":false,"rotationMatrix":[1,0,0,0,-0.534167409,0.845378518,0,-0.845378518,-0.534167409],"shapeName":"/levels/johnson_valley/art/shapes/rocks/s_rocks_desert_medium_02.dae","useInstanceRenderData":true}
{"class":"TSStatic","persistentId":"15c5e3c3-56ec-4946-94dd-b5e8be08027b","__parent":"trail_009_rocks","position":[-211.769608,-139.437073,192.950623],"isRenderEnabled":false,"shapeName":"/levels/johnson_valley/art/shapes/rocks/s_rocks_desert_low_tiny.dae","useInstanceRenderData":true}
{"class":"TSStatic","persistentId":"335518ec-2250-4706-9ea5-f86dc9421286","__parent":"trail_009_rocks","position":[-215.592285,-140.410431,194.171967],"isRenderEnabled":false,"rotationMatrix":[0.258060694,-0.962189853,0.087152943,0.916054785,0.215023041,-0.338539362,0.306999147,0.16720058,0.936907411],"shapeName":"/levels/johnson_valley/art/shapes/rocks/s_rocks_desert_low_tiny.dae","useInstanceRenderData":true}
{"class":"TSStatic","persistentId":"6d2924f3-c5c0-4be0-baa8-3ee6c77dad0e","__parent":"trail_009_rocks","position":[-220.840302,-143.966446,196.470505],"isRenderEnabled":false,"rotationMatrix":[0.895010769,0.372915387,-0.24472405,-0.403776526,0.910491168,-0.0892768055,0.189526394,0.178717539,0.96547389],"shapeName":"/levels/johnson_valley/art/shapes/rocks/s_rocks_desert_low_tiny.dae","useInstanceRenderData":true}
{"class":"TSStatic","persistentId":"ffb828aa-ef01-4a2f-ad4f-e73df4f48eee","__parent":"trail_009_rocks","position":[-226.124252,-150.568024,198.00322],"isRenderEnabled":false,"shapeName":"/levels/johnson_valley/art/shapes/rocks/s_rocks_desert_medium_04.dae","useInstanceRenderData":true}
{"class":"TSStatic","persistentId":"669156a9-9054-44f9-a3c7-502251831006","__parent":"trail_009_rocks","position":[-226.8293,-149.893295,198.282791],"isRenderEnabled":false,"rotationMatrix":[0.674074292,-0.73307395,0.0906994492,-0.738663554,-0.668973565,0.0827686265,3.7252903e-09,-0.122788586,-0.992432833],"scale":[1.10288095,1.10288095,1.10288095],"shapeName":"/levels/johnson_valley/art/shapes/rocks/s_rocks_desert_medium_05.dae","useInstanceRenderData":true}
{"class":"TSStatic","persistentId":"11d6d9b6-0e1c-4b59-b953-1d5b4202d5bd","__parent":"trail_009_rocks","position":[-222.478302,-164.727554,198.555481],"isRenderEnabled":false,"rotationMatrix":[0.836291134,-0.548285663,-4.07617051e-09,-0.548285663,-0.836291194,3.25815819e-07,-1.82049007e-07,-2.70241998e-07,-1],"shapeName":"/levels/johnson_valley/art/shapes/rocks/s_rocks_desert_large_04.dae","useInstanceRenderData":true}
{"class":"TSStatic","persistentId":"4f9c0a60-2a3c-4c54-becd-83ab73f57b03","__parent":"trail_009_rocks","position":[-197.445786,-186.236481,196.253281],"isRenderEnabled":false,"rotationMatrix":[0.997368991,0.0136749884,0.0711908713,0.0293331072,0.821928978,-0.568834126,-0.0662926361,0.569425762,0.819365323],"shapeName":"/levels/johnson_valley/art/shapes/rocks/s_rocks_desert_huge_sheet_3.dae","useInstanceRenderData":true}
{"class":"TSStatic","persistentId":"c6f8bcdb-dc02-49f3-a52f-0f5181be1e7b","__parent":"trail_009_rocks","position":[-186.410461,-176.31842,195.993591],"isRenderEnabled":false,"rotationMatrix":[0.763143539,-0.630215883,-0.142967805,0.557470083,0.530113637,0.638910353,-0.326862395,-0.567280591,0.755879402],"scale":[1.36456299,1.36456299,1.36456299],"shapeName":"/levels/johnson_valley/art/shapes/rocks/s_rocks_desert_huge_sheet_3.dae","useInstanceRenderData":true}
{"class":"TSStatic","persistentId":"f36eb0c4-1024-4e40-a307-a5b4c43cc6ed","__parent":"trail_009_rocks","position":[-227.773254,-168.857758,196.119247],"isRenderEnabled":false,"shapeName":"/levels/johnson_valley/art/shapes/rocks/s_rocks_desert_large_05.dae","useInstanceRenderData":true}
{"class":"TSStatic","persistentId":"30ff06c9-0352-4985-bb6d-c9ec26cff9dd","__parent":"trail_009_rocks","position":[-237.249756,-172.728317,204.14975],"isRenderEnabled":false,"rotationMatrix":[0.36844945,-0.92607069,0.0814743638,0.652409554,0.195141971,-0.732312322,0.662273943,0.322974682,0.676077366],"shapeName":"/levels/johnson_valley/art/shapes/rocks/s_rocks_desert_huge_sheet_3.dae","useInstanceRenderData":true}
{"class":"TSStatic","persistentId":"938c1cb8-7a2d-4dac-b783-06eedce06c97","__parent":"trail_009_rocks","position":[-232.923233,-183.429153,204.854599],"isRenderEnabled":false,"rotationMatrix":[-0.611342192,0.790556014,-0.0357973874,-0.545725763,-0.388391137,0.742519617,0.573099971,0.473469287,0.668866992],"shapeName":"/levels/johnson_valley/art/shapes/rocks/s_rocks_desert_huge_sheet_3.dae","useInstanceRenderData":true}
{"class":"TSStatic","persistentId":"17f8a6a3-e363-4fa1-9893-2946c400b5e1","__parent":"trail_009_rocks","position":[-165.045639,-83.1858826,188.850693],"isRenderEnabled":false,"rotationMatrix":[0.896034122,-0.387448251,-0.216810271,0.409793556,0.909637213,0.0680393353,0.170856968,-0.149813026,0.973839819],"shapeName":"/levels/johnson_valley/art/shapes/rocks/s_rocks_desert_large_05.dae","useInstanceRenderData":true}
{"class":"TSStatic","persistentId":"b7678292-54fe-4988-99b3-761aeb01cfdf","__parent":"trail_009_rocks","position":[-167.785324,-75.7663574,187.696289],"isRenderEnabled":false,"rotationMatrix":[0.615625143,0.730834544,-0.294765115,-0.776477158,0.498720586,-0.38517651,-0.134494931,0.466002733,0.874501288],"scale":[1.230371,1.230371,1.230371],"shapeName":"/levels/johnson_valley/art/shapes/rocks/s_rocks_desert_large_03.dae","useInstanceRenderData":true}
{"class":"TSStatic","persistentId":"4315e29a-5e3d-443a-998d-5815ce265b07","__parent":"trail_009_rocks","position":[-168.162048,-72.6779709,187.49054],"isRenderEnabled":false,"rotationMatrix":[0.432571292,-0.901599705,0,0.901599705,0.432571292,0,0,0,1],"shapeName":"/levels/johnson_valley/art/shapes/rocks/s_rocks_desert_large_05.dae","useInstanceRenderData":true}
{"class":"TSStatic","persistentId":"f3d0ab96-bf8e-4cd3-8220-d9ccc1923afb","__parent":"trail_009_rocks","position":[-159.382614,-89.7863464,190.555496],"isRenderEnabled":false,"rotationMatrix":[0.915621161,-0.40177229,0.0147287771,0.362850994,0.810034692,-0.460633129,0.173138827,0.427109808,0.887468398],"shapeName":"/levels/johnson_valley/art/shapes/rocks/s_rocks_desert_huge_sheet_3.dae","useInstanceRenderData":true}
{"class":"TSStatic","persistentId":"ddfe19ce-045d-476b-b74d-1083fe058afc","__parent":"trail_009_rocks","position":[-156.098114,-82.5555573,187.86911],"isRenderEnabled":false,"rotationMatrix":[0.343624532,0.878229797,-0.332617998,-0.936471522,0.346964538,-0.0513501614,0.0703094453,0.329132438,0.94166261],"shapeName":"/levels/johnson_valley/art/shapes/rocks/s_rocks_desert_collection_02.dae","useInstanceRenderData":true}
{"class":"TSStatic","persistentId":"5d28e027-c2ee-415d-bc28-18792a918f90","__parent":"trail_009_rocks","position":[-161.477463,-79.486351,187.851669],"isRenderEnabled":false,"rotationMatrix":[0.976562738,-0.0468737409,-0.210066929,1.86264515e-09,0.975997567,-0.21778129,0.215233043,0.212677076,0.953122854],"scale":[1.09072256,1.09072256,1.30704975],"shapeName":"/levels/johnson_valley/art/shapes/rocks/s_rocks_desert_collection_03.dae","useInstanceRenderData":true}
{"class":"TSStatic","persistentId":"5c67eb39-dbbf-4347-b446-02ff05e3b4f4","__parent":"trail_009_rocks","position":[-164.45607,-81.3343506,188.089279],"isRenderEnabled":false,"rotationMatrix":[-0.915684581,0.401897639,3.12924385e-07,0.384860903,0.876868308,-0.288069427,-0.115774699,-0.263780594,-0.957609534],"shapeName":"/levels/johnson_valley/art/shapes/rocks/s_rocks_desert_medium_02.dae","useInstanceRenderData":true}
{"class":"TSStatic","persistentId":"74f385d2-4de8-4eaf-b0cf-3f1744d0ec89","__parent":"trail_009_rocks","position":[-163.701996,-79.2742615,187.106705],"isRenderEnabled":false,"rotationMatrix":[0.867401719,-0.497607976,0.000733144581,-0.476071149,-0.829429388,0.292238116,-0.144811928,-0.25383687,-0.956345201],"shapeName":"/levels/johnson_valley/art/shapes/rocks/s_rocks_desert_large_06.dae","useInstanceRenderData":true}
{"class":"TSStatic","persistentId":"4b434808-9505-45ac-a9c3-7d377857b217","__parent":"trail_009_rocks","position":[-157.712433,-78.0060577,186.447281],"isRenderEnabled":false,"rotationMatrix":[0.734093189,-0.677141368,0.0508600771,0.656678259,0.688848615,-0.307019889,0.17286098,0.258779883,0.950343132],"shapeName":"/levels/johnson_valley/art/shapes/rocks/s_rocks_desert_collection_01.dae","useInstanceRenderData":true}
{"class":"TSStatic","persistentId":"62e26f39-1881-4abd-b58e-13a146be9896","__parent":"trail_009_rocks","position":[-173.626328,-70.4554825,189.179886],"isRenderEnabled":false,"rotationMatrix":[0.673465669,-0.738926709,-0.020768106,0.5681023,0.53534162,-0.625035226,0.472973257,0.409141362,0.780320227],"scale":[1.2038331,1.2038331,1.2038331],"shapeName":"/levels/johnson_valley/art/shapes/rocks/s_rocks_desert_huge_sheet_3.dae","useInstanceRenderData":true}
{"class":"TSStatic","persistentId":"a51c000a-98ea-4b57-b55e-9aafa4751e5c","__parent":"trail_009_rocks","position":[-163.217072,-77.4320297,186.679382],"isRenderEnabled":false,"rotationMatrix":[-0.972929835,0.231047824,-0.00488890149,0.23105289,0.9720909,-0.0406673849,-0.00464365538,-0.0406961143,-0.999160528],"shapeName":"/levels/johnson_valley/art/shapes/rocks/s_rocks_desert_large_06.dae","useInstanceRenderData":true}
{"class":"TSStatic","persistentId":"d64c71b2-15f8-4480-a511-63e0375ca738","__parent":"trail_009_rocks","position":[-216.429428,-142.726913,194.282578],"isRenderEnabled":false,"shapeName":"/levels/johnson_valley/art/shapes/rocks/s_rocks_desert_large_04.dae","useInstanceRenderData":true}
{"class":"TSStatic","persistentId":"2d5a8e02-1cd9-4fb4-8efd-30a1b3168a38","__parent":"trail_009_rocks","position":[-219.994308,-142.050797,195.996872],"isRenderEnabled":false,"rotationMatrix":[0.486045897,0,0.873933196,0,1,0,-0.873933196,0,0.486045897],"shapeName":"/levels/johnson_valley/art/shapes/rocks/s_rocks_desert_medium_01.dae","useInstanceRenderData":true}
{"class":"TSStatic","persistentId":"b8b28bfa-3da2-4eff-81cc-de1b9c044320","__parent":"trail_009_rocks","position":[-218.596817,-145.681305,196.500015],"decalType":"Visible Mesh","isRenderEnabled":false,"rotationMatrix":[1,0,0,0,0.765484452,0.643454432,0,-0.643454432,0.765484452],"shapeName":"/levels/johnson_valley/art/shapes/rocks/s_rocks_desert_medium_02.dae","useInstanceRenderData":true}
{"class":"TSStatic","persistentId":"544a1b4a-a61e-4062-b04c-3364785f0c63","__parent":"trail_009_rocks","position":[-210.831528,-150.312241,196.862457],"isRenderEnabled":false,"rotationMatrix":[1,0,0,0,0.921340704,-0.388756067,0,0.388756067,0.921340704],"shapeName":"/levels/johnson_valley/art/shapes/rocks/s_rocks_desert_collection_03.dae","useInstanceRenderData":true}
{"class":"TSStatic","persistentId":"253f5850-d7be-4c75-8fe2-6a803f7fa8e2","__parent":"trail_009_rocks","position":[-204.042694,-134.979523,193.696747],"isRenderEnabled":false,"rotationMatrix":[0.775669456,-0.55668509,0.297386259,0.572113156,0.819142342,0.0411372781,-0.266502172,0.138229683,0.953870595],"scale":[1.26099849,1.26099849,1.26099849],"shapeName":"/levels/johnson_valley/art/shapes/rocks/s_rocks_desert_collection_02.dae","useInstanceRenderData":true}
{"class":"TSStatic","persistentId":"59b70f6c-bea6-4e87-a971-0a2752e5be3e","__parent":"trail_009_rocks","position":[-202.037155,-124.468063,192.792847],"isRenderEnabled":false,"rotationMatrix":[-0.839091063,-0.543991268,-1.49011612e-08,0.516339839,-0.796439528,0.314765781,-0.171229854,0.264117092,0.949169397],"shapeName":"/levels/johnson_valley/art/shapes/rocks/s_rocks_desert_large_03.dae","useInstanceRenderData":true}
{"class":"TSStatic","persistentId":"337f27ab-e969-42ee-87a9-13e35c086c41","__parent":"trail_009_rocks","position":[-202.786591,-123.626938,193.771866],"isRenderEnabled":false,"rotationMatrix":[-0.0475728512,0.998867571,0,-0.998867571,-0.0475728512,0,0,0,1],"shapeName":"/levels/johnson_valley/art/shapes/rocks/s_rocks_desert_large_05.dae","useInstanceRenderData":true}
{"class":"TSStatic","persistentId":"d0cb79b8-31fc-4e7e-9951-eb11ee0474fc","__parent":"trail_009_rocks","position":[-205.173264,-124.86158,193.387436],"isRenderEnabled":false,"rotationMatrix":[1,0,0,0,0.978351116,-0.206951961,0,0.206951961,0.978351116],"shapeName":"/levels/johnson_valley/art/shapes/rocks/s_rocks_desert_large_04.dae","useInstanceRenderData":true}
{"class":"TSStatic","persistentId":"b4b78534-8d2e-4fc3-90e4-445e34e746d8","__parent":"trail_009_rocks","position":[-202.47641,-130.239273,193.219879],"isRenderEnabled":false,"rotationMatrix":[0.997072518,0.006875508,0.0761519074,0,0.995948911,-0.0899209827,-0.0764616579,0.0896577388,0.99303329],"shapeName":"/levels/johnson_valley/art/shapes/rocks/s_rocks_desert_collection_03.dae","useInstanceRenderData":true}
{"class":"TSStatic","persistentId":"a77b5c57-1c9f-4de3-a3cf-40389cc75f25","__parent":"trail_009_rocks","position":[-197.798737,-126.53936,193.405289],"isRenderEnabled":false,"rotationMatrix":[0.759632885,-0.47054261,0.448940396,0.577346623,0.805684507,-0.132450953,-0.299380481,0.359808326,0.883690715],"shapeName":"/levels/johnson_valley/art/shapes/rocks/s_rocks_desert_collection_02.dae","useInstanceRenderData":true}
{"class":"TSStatic","persistentId":"970d91d3-0f8f-48f0-842d-fa58ecb61539","__parent":"trail_009_rocks","position":[-199.177673,-122.844971,192.685883],"isRenderEnabled":false,"rotationMatrix":[0.993632495,0.00908292644,-0.112302788,0.00350516685,0.993770778,0.111388095,0.112614967,-0.111072473,0.987411141],"shapeName":"/levels/johnson_valley/art/shapes/rocks/s_rocks_desert_collection_03.dae","useInstanceRenderData":true}
{"class":"TSStatic","persistentId":"ac1f6eb1-d9cb-4401-bb1c-347c39850fe2","__parent":"trail_009_rocks","position":[-197.52713,-118.517029,193.159134],"isRenderEnabled":false,"rotationMatrix":[-0.970234156,0,-0.242167667,0,1,0,0.242167667,0,-0.970234156],"shapeName":"/levels/johnson_valley/art/shapes/rocks/s_rocks_desert_medium_01.dae","useInstanceRenderData":true}
{"class":"TSStatic","persistentId":"1def9e09-9be3-410a-a194-f4b6cedd4160","__parent":"trail_009_rocks","position":[-195.435349,-120.908562,192.37413],"isRenderEnabled":false,"rotationMatrix":[1,0,0,0,-0.939430714,0.342738092,0,-0.342738092,-0.939430714],"shapeName":"/levels/johnson_valley/art/shapes/rocks/s_rocks_desert_medium_02.dae","useInstanceRenderData":true}
{"class":"TSStatic","persistentId":"5235698c-873f-41da-b6e8-725c295eaa42","__parent":"trail_009_rocks","position":[-183.334457,-118.227097,190.271988],"isRenderEnabled":false,"rotationMatrix":[0.994369149,-0.0322929062,-0.100931562,3.7252903e-09,0.952438354,-0.30473125,0.105971746,0.303015351,0.947075307],"shapeName":"/levels/johnson_valley/art/shapes/rocks/s_rocks_desert_collection_03.dae","useInstanceRenderData":true}
{"class":"TSStatic","persistentId":"02eb0b1d-5cef-444c-81c9-93fb8dc8b049","__parent":"trail_009_rocks","position":[-181.048355,-110.111061,190.13237],"isRenderEnabled":false,"rotationMatrix":[0.988635361,-0.0109831225,0.149931565,-0.0133013576,0.987025499,0.160011753,-0.149743691,-0.160187587,0.975662231],"shapeName":"/levels/johnson_valley/art/shapes/rocks/s_rocks_desert_collection_02.dae","useInstanceRenderData":true}
{"class":"TSStatic","persistentId":"59a6c036-68ed-4245-aeef-3edf34000302","__parent":"trail_009_rocks","position":[-192.534119,-114.992264,192.114883],"isRenderEnabled":false,"rotationMatrix":[0.00849252939,-0.992348909,-0.123172387,0.980327487,0.0325530767,-0.19467476,0.197194919,-0.119096018,0.973103464],"shapeName":"/levels/johnson_valley/art/shapes/rocks/s_rocks_desert_collection_01.dae","useInstanceRenderData":true}
{"class":"TSStatic","persistentId":"a80f9aeb-db24-404e-a221-f7eca06b7bc8","__parent":"trail_009_rocks","position":[-184.96405,-113.398918,189.164383],"isRenderEnabled":false,"rotationMatrix":[-0.94205761,0,-0.335450739,0,1,0,0.335450739,0,-0.94205761],"shapeName":"/levels/johnson_valley/art/shapes/rocks/s_rocks_desert_large_06.dae","useInstanceRenderData":true}
{"class":"TSStatic","persistentId":"ed731306-0b5a-4d0c-acc8-f25aae9b9d07","__parent":"trail_009_rocks","position":[-182.892151,-113.490433,189.645325],"isRenderEnabled":false,"shapeName":"/levels/johnson_valley/art/shapes/rocks/s_rocks_desert_medium_04.dae","useInstanceRenderData":true}
{"class":"TSStatic","persistentId":"a7a199d4-ba5c-4be6-abf7-70cb03a01305","__parent":"trail_009_rocks","position":[-185.249771,-106.688217,191.036407],"isRenderEnabled":false,"rotationMatrix":[0.836628556,-0.351236403,-0.420339823,0.424168766,0.900958061,0.0914080516,0.346602678,-0.254769623,0.90275079],"shapeName":"/levels/johnson_valley/art/shapes/rocks/s_rocks_desert_low_small.dae","useInstanceRenderData":true}
{"class":"TSStatic","persistentId":"0e172edf-e330-4368-912c-c3970e224967","__parent":"trail_009_rocks","position":[-185.10582,-115.206696,190.07666],"isRenderEnabled":false,"rotationMatrix":[0.61061275,0.768200815,-0.19240433,-0.770342052,0.632511318,0.0806378424,0.183643967,0.0989786685,0.977997005],"shapeName":"/levels/johnson_valley/art/shapes/rocks/s_rocks_desert_low_small.dae","useInstanceRenderData":true}
{"class":"TSStatic","persistentId":"56571c81-9326-4740-9b16-0e19bdbaf2e0","__parent":"trail_009_rocks","position":[-175.657745,-116.907616,189.427002],"isRenderEnabled":false,"rotationMatrix":[0.125681818,0.992070496,0,-0.992070496,0.125681818,0,0,0,1],"shapeName":"/levels/johnson_valley/art/shapes/rocks/s_rocks_desert_low_small.dae","useInstanceRenderData":true}
{"class":"TSStatic","persistentId":"0c436c2c-22d2-4dfa-8012-ef4c381193d8","__parent":"trail_009_rocks","position":[-181.372223,-105.320831,190.940002],"isRenderEnabled":false,"rotationMatrix":[0.956956029,0,-0.290233016,0,1,0,0.290233016,0,0.956956029],"scale":[1.16110849,1.16110849,1.16110849],"shapeName":"/levels/johnson_valley/art/shapes/rocks/s_rocks_desert_medium_02.dae","useInstanceRenderData":true}
{"class":"TSStatic","persistentId":"1db9b331-3c01-497e-b8b0-7460bc6ee430","__parent":"trail_009_rocks","position":[-188.14502,-105.964516,192.974655],"isRenderEnabled":false,"rotationMatrix":[0.0806533098,0.973011971,-0.216201559,0.995432734,-0.0675145388,0.0674966201,0.0510783046,-0.220657915,-0.974013329],"scale":[1.43469238,1.43469238,1.43469238],"shapeName":"/levels/johnson_valley/art/shapes/rocks/s_rocks_desert_large_05.dae","useInstanceRenderData":true}
{"class":"TSStatic","persistentId":"98d6c2ff-f8bb-48d0-9069-15298a6417a6","__parent":"trail_009_rocks","position":[-189.266907,-104.451485,194.218597],"isRenderEnabled":false,"rotationMatrix":[0.662275434,-0.749260426,3.7252903e-09,-0.746648669,-0.659966588,0.0834229514,-0.0625055283,-0.0552489683,-0.996513844],"scale":[1.36186528,1.36186528,1.36186528],"shapeName":"/levels/johnson_valley/art/shapes/rocks/s_rocks_desert_large_04.dae","useInstanceRenderData":true}
{"class":"TSStatic","persistentId":"13e845ac-7fd7-44df-9269-486bb3041f63","__parent":"trail_009_rocks","position":[-179.141647,-98.8757553,192.332397],"isRenderEnabled":false,"rotationMatrix":[0.832165599,-0.443931073,0.332303435,0.426475912,0.895374179,0.128153399,-0.354427189,0.0350745618,0.934425592],"shapeName":"/levels/johnson_valley/art/shapes/rocks/s_rocks_desert_low_tiny.dae","useInstanceRenderData":true}
{"class":"TSStatic","persistentId":"da2dc517-17f0-4842-8bbc-399208be2968","__parent":"trail_009_rocks","position":[-176.652695,-104.031136,192.092148],"isRenderEnabled":false,"rotationMatrix":[0.527748823,0.721808851,0.447742164,-0.805792153,0.592178345,-0.00487722456,-0.268663645,-0.358213186,0.894149363],"shapeName":"/levels/johnson_valley/art/shapes/rocks/s_rocks_desert_low_tiny.dae","useInstanceRenderData":true}
{"class":"TSStatic","persistentId":"3eaf83bb-e11b-4564-9812-2add56c20a60","__parent":"trail_009_rocks","position":[-179.297028,-102.4981,191.151505],"isRenderEnabled":false,"rotationMatrix":[-0.391772866,-0.778330028,-0.490628898,-0.782935441,0.562109351,-0.266543329,0.48324573,0.279706299,-0.829601288],"shapeName":"/levels/johnson_valley/art/shapes/rocks/s_rocks_desert_large_06.dae","useInstanceRenderData":true}
{"class":"TSStatic","persistentId":"0ca66aa3-97b3-4690-84c2-f648fb987e03","__parent":"trail_009_rocks","position":[-181.186554,-102.022888,191.35498],"isRenderEnabled":false,"shapeName":"/levels/johnson_valley/art/shapes/rocks/s_rocks_desert_medium_02.dae","useInstanceRenderData":true}
{"class":"TSStatic","persistentId":"9503334f-cd4a-42cc-9489-f5315a29c393","__parent":"trail_009_rocks","position":[-170.690674,-106.714249,193.508438],"isRenderEnabled":false,"rotationMatrix":[0.832247138,-0.550048411,-0.0693646371,0.504213154,0.698934197,0.507208109,-0.230507702,-0.457097054,0.859027624],"shapeName":"/levels/johnson_valley/art/shapes/rocks/s_rocks_desert_huge_sheet_3.dae","useInstanceRenderData":true}
{"class":"TSStatic","persistentId":"c2631fcf-a52e-42e6-8767-fb5ec9bfc135","__parent":"trail_009_rocks","position":[-190.635376,-112.335449,191.980301],"isRenderEnabled":false,"rotationMatrix":[-0.129333258,0.99160105,0,-0.99160105,-0.129333258,0,0,0,1],"shapeName":"/levels/johnson_valley/art/shapes/rocks/s_rocks_desert_large_05.dae","useInstanceRenderData":true}
{"class":"TSStatic","persistentId":"dbbb1617-b083-47a8-b47e-0540493fc952","__parent":"trail_009_rocks","position":[-190.543106,-109.220551,192.424408],"isRenderEnabled":false,"rotationMatrix":[-0.081781745,-0.996650219,0,0.996650219,-0.081781745,0,0,0,1],"shapeName":"/levels/johnson_valley/art/shapes/rocks/s_rocks_desert_large_04.dae","useInstanceRenderData":true}
{"class":"TSStatic","persistentId":"2c524cc1-a5c4-4014-947c-2c454a02591d","__parent":"trail_009_rocks","position":[-206.09137,-121.087387,196.362167],"isRenderEnabled":false,"rotationMatrix":[0.619903684,-0.54133445,-0.568046093,0.617229879,0.783391178,-0.0729757845,0.484506607,-0.305377096,0.819754899],"shapeName":"/levels/johnson_valley/art/shapes/rocks/s_rocks_desert_huge_sheet_3.dae","useInstanceRenderData":true}
{"class":"TSStatic","persistentId":"07bdebf4-268d-45d3-b60c-3bb9a841d50e","__parent":"trail_009_rocks","position":[-202.337921,-114.025833,197.286591],"isRenderEnabled":false,"rotationMatrix":[0.814112902,0.025866963,-0.580130219,0.212506354,0.916442454,0.339078575,0.54042685,-0.399329633,0.740590692],"shapeName":"/levels/johnson_valley/art/shapes/rocks/s_rocks_desert_collection_01.dae","useInstanceRenderData":true}
{"class":"TSStatic","persistentId":"142d9994-a883-4473-8561-f846afaad20c","__parent":"trail_009_rocks","position":[-200.201065,-125.829826,192.780807],"isRenderEnabled":false,"rotationMatrix":[0.63400948,-0.772076488,0.0439301468,0.772822618,0.634622097,0,-0.0278790407,0.0339502096,0.999034584],"shapeName":"/levels/johnson_valley/art/shapes/rocks/s_rocks_desert_low_tiny.dae","useInstanceRenderData":true}
{"class":"TSStatic","persistentId":"a5109478-ba2e-4f92-86e2-d00a5ef20366","__parent":"trail_009_rocks","position":[-205.186066,-127.107262,193.21843],"isRenderEnabled":false,"rotationMatrix":[0.267023802,-0.943959415,-0.194007128,0.950006425,0.291647673,-0.11148686,0.161820799,-0.154538393,0.974644482],"shapeName":"/levels/johnson_valley/art/shapes/rocks/s_rocks_desert_low_tiny.dae","useInstanceRenderData":true}
{"class":"TSStatic","persistentId":"e1f7eaa7-fbfa-430d-86ae-a882854633ca","__parent":"trail_009_rocks","position":[-210.26384,-130.656967,193.54657],"isRenderEnabled":false,"rotationMatrix":[0.865085363,-0.261613309,-0.428002,0.346672535,0.928484619,0.133170843,0.362554014,-0.26358071,0.893912613],"shapeName":"/levels/johnson_valley/art/shapes/rocks/s_rocks_desert_low_tiny.dae","useInstanceRenderData":true}
{"class":"TSStatic","persistentId":"02cc64fe-0964-4ac6-8dd1-25771c0fb127","__parent":"trail_009_rocks","position":[-202.648712,-139.807587,194.682114],"isRenderEnabled":false,"rotationMatrix":[0.310995221,0.94824177,-0.0641811714,-0.898614228,0.271385729,-0.344734728,-0.309474081,0.164884925,0.93650347],"shapeName":"/levels/johnson_valley/art/shapes/rocks/s_rocks_desert_low_small.dae","useInstanceRenderData":true}
{"class":"TSStatic","persistentId":"0584e017-bf7c-47a4-b2f1-8441e41a3b3a","__parent":"trail_009_rocks","position":[-204.194977,-144.217224,195.326309],"isRenderEnabled":false,"rotationMatrix":[-0.348881245,-0.918443143,0.186398298,0.91533035,-0.291258454,0.27809909,-0.201128125,0.267639488,0.942293227],"shapeName":"/levels/johnson_valley/art/shapes/rocks/s_rocks_desert_low_small.dae","useInstanceRenderData":true}
{"class":"TSStatic","persistentId":"d06889d1-44c8-4abb-94a0-a84d2d00976d","__parent":"trail_009_rocks","position":[-209.71405,-144.438568,194.412811],"isRenderEnabled":false,"rotationMatrix":[0.996477187,0.0276498459,0.0791748539,-1.86264515e-09,0.944086254,-0.329698503,-0.0838640109,0.328537047,0.940760434],"shapeName":"/levels/johnson_valley/art/shapes/rocks/s_rocks_desert_low_tiny.dae","useInstanceRenderData":true}
{"class":"TSStatic","persistentId":"fbfa8d5c-f689-424e-8cf9-af64e407b090","__parent":"trail_009_rocks","position":[-209.076675,-136.132904,192.985611],"isRenderEnabled":false,"rotationMatrix":[0.877792001,0.478039891,-0.0309675671,-0.478912026,0.87722373,-0.0334931873,0.0111544011,0.0442307927,0.998959064],"shapeName":"/levels/johnson_valley/art/shapes/rocks/s_rocks_desert_low_tiny.dae","useInstanceRenderData":true}
{"class":"TSStatic","persistentId":"ee358c29-ec20-4a43-b6ab-b86529612538","__parent":"trail_009_rocks","position":[-208.575775,-133.539032,192.919785],"isRenderEnabled":false,"rotationMatrix":[0.130937099,0,-0.991390526,0,1,0,0.991390526,0,0.130937099],"shapeName":"/levels/johnson_valley/art/shapes/rocks/s_rocks_desert_medium_01.dae","useInstanceRenderData":true}
{"class":"TSStatic","persistentId":"f14b88e8-238e-410d-81e5-f8ccb60c308d","__parent":"trail_009_rocks","position":[-211.223282,-134.438217,193.056107],"isRenderEnabled":false,"shapeName":"/levels/johnson_valley/art/shapes/rocks/s_rocks_desert_medium_04.dae","useInstanceRenderData":true}
{"class":"TSStatic","persistentId":"013a937b-a5e5-431c-97e1-961a8be22c92","__parent":"trail_009_rocks","position":[-210.047958,-136.04425,192.898788],"isRenderEnabled":false,"rotationMatrix":[0.153453052,0,-0.988155842,0,1,0,0.988155842,0,0.153453052],"shapeName":"/levels/johnson_valley/art/shapes/rocks/s_rocks_desert_medium_02.dae","useInstanceRenderData":true}
{"class":"TSStatic","persistentId":"cf315999-8ffc-4958-93a5-f34acaac289f","__parent":"trail_009_rocks","position":[-161.613434,-84.4127655,189.508224],"isRenderEnabled":false,"rotationMatrix":[0.991505146,-0.052831497,-0.118854523,0.0245388262,0.97336179,-0.227957532,0.127731785,0.223104522,0.966389656],"shapeName":"/levels/johnson_valley/art/shapes/rocks/s_rocks_desert_collection_02.dae","useInstanceRenderData":true}
{"class":"TSStatic","persistentId":"2cede377-db4f-41e5-879c-7d50aee228e2","__parent":"trail_009_rocks","position":[-164.075714,-87.0150452,190.299911],"isRenderEnabled":false,"rotationMatrix":[-0.134164572,-0.990958989,0,0.990958989,-0.134164572,0,0,0,1],"shapeName":"/levels/johnson_valley/art/shapes/rocks/s_rocks_desert_large_05.dae","useInstanceRenderData":true}
{"class":"TSStatic","persistentId":"4f2ac13d-f9f4-43c6-b949-84f7e37132f5","__parent":"trail_009_rocks","position":[-168.262527,-87.3572235,191.220627],"isRenderEnabled":false,"rotationMatrix":[0.969316423,0.24581635,7.4505806e-09,-0.210591793,0.830417037,-0.515808582,-0.126794219,0.499981731,0.856703818],"shapeName":"/levels/johnson_valley/art/shapes/rocks/s_rocks_desert_huge_sheet_3.dae","useInstanceRenderData":true}
{"class":"TSStatic","persistentId":"ebf1bf96-2a3e-4fea-8c43-84d0c585eff9","__parent":"trail_009_rocks","position":[-170.091965,-79.2012177,190.295547],"isRenderEnabled":false,"rotationMatrix":[-0.179024339,0.976974905,-0.116061538,-0.712298095,-0.0473330021,0.700279176,0.678661704,0.208037421,0.704371214],"shapeName":"/levels/johnson_valley/art/shapes/rocks/s_rocks_desert_huge_sheet_3.dae","useInstanceRenderData":true}
{"class":"TSStatic","persistentId":"0fba6bc2-979d-4f51-a403-a138a0cb436f","__parent":"trail_009_rocks","position":[-172.772232,-88.2639236,191.29039],"isRenderEnabled":false,"rotationMatrix":[1,0,0,0,-0.999999762,3.2584137e-07,0,-3.2584137e-07,-0.999999762],"shapeName":"/levels/johnson_valley/art/shapes/rocks/s_rocks_desert_large_06.dae","useInstanceRenderData":true}
