{"class":"TSStatic","persistentId":"e72e785e-5884-4ba0-abd2-84273dbff230","__parent":"trail_008_internal_rocks","position":[-129.869568,-246.197968,180.413147],"isRenderEnabled":false,"rotationMatrix":[0.886066377,0.00372414943,-0.463543385,0.0244534351,0.99819994,0.0547625273,0.462912947,-0.0598584637,0.884380341],"shapeName":"/levels/johnson_valley/art/shapes/rocks/s_rocks_desert_collection_02.dae","useInstanceRenderData":true}
{"class":"TSStatic","persistentId":"3f98fd89-8fc8-47bb-aff5-9dd82c19292e","__parent":"trail_008_internal_rocks","position":[-129.513535,-249.488815,179.571396],"isRenderEnabled":false,"rotationMatrix":[0.87430656,0,-0.485374123,0.0328605883,0.997705638,0.0591919161,0.48426047,-0.0677015632,0.872300565],"shapeName":"/levels/johnson_valley/art/shapes/rocks/s_rocks_desert_huge_sheet_3.dae","useInstanceRenderData":true}
{"class":"TSStatic","persistentId":"13532737-0ec2-41f3-bef3-4187ff029c0f","__parent":"trail_008_internal_rocks","position":[-125.163849,-243.870651,179.128647],"isRenderEnabled":false,"rotationMatrix":[0.835260034,-0.501044512,-0.22648415,0.505333662,0.861851513,-0.0430096239,0.216745436,-0.0785258561,0.97306478],"shapeName":"/levels/johnson_valley/art/shapes/rocks/s_rocks_desert_collection_01.dae","useInstanceRenderData":true}
{"class":"TSStatic","persistentId":"1833b5db-9d8f-44ae-a1f6-6c5f0b9cefe1","__parent":"trail_008_internal_rocks","position":[-125.762032,-252.889938,177.075958],"isRenderEnabled":false,"rotationMatrix":[0.84627074,0.0573461205,-0.529657662,0.123335436,0.946092486,0.299495161,0.51827997,-0.318779528,0.793577611],"shapeName":"/levels/johnson_valley/art/shapes/rocks/s_rocks_desert_collection_03.dae","useInstanceRenderData":true}
{"class":"TSStatic","persistentId":"89319082-2e3f-46db-999f-e477a11e6164","__parent":"trail_008_internal_rocks","position":[-137.544769,-249.850128,184.427643],"isRenderEnabled":false,"rotationMatrix":[0.857876897,0,-0.513855219,-0.0145334331,0.999599934,-0.0242634416,0.513649702,0.0282831267,0.857533693],"shapeName":"/levels/johnson_valley/art/shapes/rocks/s_rocks_desert_collection_03.dae","useInstanceRenderData":true}
{"class":"TSStatic","persistentId":"50ee8c01-2cfe-4a1a-8a5a-fdf19be269ca","__parent":"trail_008_internal_rocks","position":[-134.771927,-249.384232,183.037521],"isRenderEnabled":false,"rotationMatrix":[0.915289164,-0.251142919,-0.314917326,0.193177387,0.959738791,-0.203921497,0.353451788,0.125812232,0.926953673],"shapeName":"/levels/johnson_valley/art/shapes/rocks/s_rocks_desert_collection_02.dae","useInstanceRenderData":true}
{"class":"TSStatic","persistentId":"145783cf-a1e3-4a79-95d2-4ee4c79510d8","__parent":"trail_008_internal_rocks","position":[-145.761169,-252.21904,188.369522],"isRenderEnabled":false,"rotationMatrix":[0.931106448,0.080037646,-0.35585776,0.0462770686,0.941820979,0.332913905,0.361799926,-0.326446325,0.873231649],"shapeName":"/levels/johnson_valley/art/shapes/rocks/s_rocks_desert_collection_02.dae","useInstanceRenderData":true}
{"class":"TSStatic","persistentId":"c53987c8-4ff3-4f1b-9b4b-73c4f2faf12c","__parent":"trail_008_internal_rocks","position":[-151.31485,-248.41713,191.899689],"isRenderEnabled":false,"rotationMatrix":[-0.926754475,0.20170179,0.316926003,-0.262870401,-0.950873375,-0.163519114,0.268374503,-0.234852582,0.93424803],"shapeName":"/levels/johnson_valley/art/shapes/rocks/s_rocks_desert_collection_03.dae","useInstanceRenderData":true}
{"class":"TSStatic","persistentId":"f55121fb-876d-42da-9fe7-fdffe3f5833e","__parent":"trail_008_internal_rocks","position":[-151.909821,-243.203445,192.434067],"isRenderEnabled":false,"rotationMatrix":[0.950492859,-0.00825499371,-0.310636669,-0.0345291421,0.990650952,-0.131978989,0.308822006,0.136171103,0.941321611],"shapeName":"/levels/johnson_valley/art/shapes/rocks/s_rocks_desert_collection_03.dae","useInstanceRenderData":true}
{"class":"TSStatic","persistentId":"f0c72158-52d1-401c-94bc-55af1a03fe53","__parent":"trail_008_internal_rocks","position":[-170.868286,-240.970154,197.596542],"isRenderEnabled":false,"rotationMatrix":[-0.795468092,0.600388885,0.0822465196,-0.566499352,-0.784937978,0.250901759,0.215196967,0.152991638,0.964512229],"shapeName":"/levels/johnson_valley/art/shapes/rocks/s_rocks_desert_large_05.dae","useInstanceRenderData":true}
{"class":"TSStatic","persistentId":"18f23323-4f22-4817-9a3b-d225ac83df98","__parent":"trail_008_internal_rocks","position":[-163.027802,-236.171265,197.924881],"isRenderEnabled":false,"shapeName":"/levels/johnson_valley/art/shapes/rocks/s_rocks_desert_large_05.dae","useInstanceRenderData":true}
{"class":"TSStatic","persistentId":"45cb3d5f-a48f-45bc-afb3-a5d67b65f7a9","__parent":"trail_008_internal_rocks","position":[-163.783585,-234.102753,198.10556],"isRenderEnabled":false,"rotationMatrix":[-0.706365347,0.707847297,0,-0.707847297,-0.706365347,0,0,0,1],"shapeName":"/levels/johnson_valley/art/shapes/rocks/s_rocks_desert_large_04.dae","useInstanceRenderData":true}
{"class":"TSStatic","persistentId":"9bf1856c-bac4-416c-b7df-28260ce92170","__parent":"trail_008_internal_rocks","position":[-165.272369,-235.727753,198.572556],"isRenderEnabled":false,"rotationMatrix":[0.993404448,-2.32830644e-10,0.114662997,-0.0026898908,0.999724805,0.023304373,-0.114631437,-0.0234590992,0.993131042],"shapeName":"/levels/johnson_valley/art/shapes/rocks/s_rocks_desert_large_07.dae","useInstanceRenderData":true}
{"class":"TSStatic","persistentId":"835ace58-f321-4c6c-80db-76c2b12c5df8","__parent":"trail_008_internal_rocks","position":[-169.771011,-234.727402,198.97995],"isRenderEnabled":false,"rotationMatrix":[0.525793672,-0.847361922,-0.0742887259,0.846138835,0.529975116,-0.0563517511,0.0871215016,-0.0332291722,0.995643318],"shapeName":"/levels/johnson_valley/art/shapes/rocks/s_rocks_desert_low_tiny.dae","useInstanceRenderData":true}
{"class":"TSStatic","persistentId":"92925059-efd1-4d07-81df-f49acde846c1","__parent":"trail_008_internal_rocks","position":[-163.579224,-245.969604,194.942154],"isRenderEnabled":false,"rotationMatrix":[0.946356356,0.0049679717,-0.32308656,0.0321895815,0.993458509,0.109562859,0.321517408,-0.114085525,0.940005898],"shapeName":"/levels/johnson_valley/art/shapes/rocks/s_rocks_desert_collection_02.dae","useInstanceRenderData":true}
{"class":"TSStatic","persistentId":"96fa99be-d6d9-4389-a8ff-debf091995cf","__parent":"trail_008_internal_rocks","position":[-206.734955,-210.531784,207.899857],"isRenderEnabled":false,"rotationMatrix":[0.0253959298,0.264470875,-0.964059174,0.0429085642,0.963193119,0.265363574,0.998756111,-0.0481055528,0.0131131411],"shapeName":"/levels/johnson_valley/art/shapes/rocks/s_rocks_desert_medium_04.dae","useInstanceRenderData":true}
{"class":"TSStatic","persistentId":"a42035d8-52e8-49d7-be42-5e12eaeef81c","__parent":"trail_008_internal_rocks","position":[-158.892929,-243.261398,193.428818],"isRenderEnabled":false,"rotationMatrix":[0.289922953,-0.944089413,0.156970322,-0.954807639,-0.274105906,0.114926495,-0.065474391,-0.183196306,-0.980893493],"shapeName":"/levels/johnson_valley/art/shapes/rocks/s_rocks_desert_large_06.dae","useInstanceRenderData":true}
{"class":"TSStatic","persistentId":"0b4ec8fc-849d-42c7-8b6a-084165abf8a9","__parent":"trail_008_internal_rocks","position":[-164.916748,-240.887833,195.635818],"isRenderEnabled":false,"rotationMatrix":[-0.86881268,0.495140731,0,-0.495140731,-0.86881268,0,0,0,1],"shapeName":"/levels/johnson_valley/art/shapes/rocks/s_rocks_desert_large_05.dae","useInstanceRenderData":true}
{"class":"TSStatic","persistentId":"706a9ed2-cb62-40f2-b933-ee3bd8600a67","__parent":"trail_008_internal_rocks","position":[-163.799301,-237.80661,195.760544],"isRenderEnabled":false,"rotationMatrix":[-0.603610158,-0.756650269,-0.251266539,0.771782219,-0.633594632,0.0539424568,-0.200016737,-0.161362842,0.966413617],"shapeName":"/levels/johnson_valley/art/shapes/rocks/s_rocks_desert_large_02.dae","useInstanceRenderData":true}
{"class":"TSStatic","persistentId":"e2dfcbcc-9a46-4ccc-b42c-45ecc8501246","__parent":"trail_008_internal_rocks","position":[-162.407928,-240.351089,195.304062],"isRenderEnabled":false,"rotationMatrix":[0.710853636,-0.461938351,-0.530377209,0.544891715,0.838506341,-1.49011612e-08,0.444724649,-0.288998187,0.84776175],"shapeName":"/levels/johnson_valley/art/shapes/rocks/s_rocks_desert_low_tiny.dae","useInstanceRenderData":true}
{"class":"TSStatic","persistentId":"d91a33a2-99da-4e90-afc2-dc0e739b2fd8","__parent":"trail_008_internal_rocks","position":[-157.347885,-243.676895,193.707443],"isRenderEnabled":false,"rotationMatrix":[0.777603626,-0.0814379156,0.623458385,0.36819765,0.862753153,-0.346536338,-0.509669542,0.499023855,0.700865269],"shapeName":"/levels/johnson_valley/art/shapes/rocks/s_rocks_desert_medium_04.dae","useInstanceRenderData":true}
{"class":"TSStatic","persistentId":"cb26580c-3166-46ce-a2e0-5b563686745e","__parent":"trail_008_internal_rocks","position":[-165.83136,-243.077271,195.977997],"isRenderEnabled":false,"rotationMatrix":[0.724522769,0.016879864,0.689044118,-0.178034067,0.970358014,0.163429603,-0.665860772,-0.241081789,0.706051648],"shapeName":"/levels/johnson_valley/art/shapes/rocks/s_rocks_desert_medium_01.dae","useInstanceRenderData":true}
{"class":"TSStatic","persistentId":"184d74af-4753-4cc3-bbd3-49493c8f737a","__parent":"trail_008_internal_rocks","position":[-183.093079,-232.274368,201.272079],"isRenderEnabled":false,"rotationMatrix":[-0.826295853,-0.51238209,-0.233879507,0.380680412,-0.814091086,0.438563585,-0.415111363,0.273349941,0.867734075],"shapeName":"/levels/johnson_valley/art/shapes/rocks/s_rocks_desert_large_05.dae","useInstanceRenderData":true}
{"class":"TSStatic","persistentId":"0c2cd7b8-34f2-4b74-a4ea-7b9fbdb78e76","__parent":"trail_008_internal_rocks","position":[-184.344803,-230.200256,201.506653],"isRenderEnabled":false,"rotationMatrix":[-0.216091037,0.944223225,-0.248489112,-0.974798024,-0.223088264,1.49011612e-08,-0.0554350391,0.242226735,0.968634665],"shapeName":"/levels/johnson_valley/art/shapes/rocks/s_rocks_desert_large_04.dae","useInstanceRenderData":true}
{"class":"TSStatic","persistentId":"46d6f8a9-a818-4471-8c12-5cf4f2307d71","__parent":"trail_008_internal_rocks","position":[-157.35405,-247.725128,193.072372],"isRenderEnabled":false,"shapeName":"/levels/johnson_valley/art/shapes/rocks/s_rocks_desert_large_06.dae","useInstanceRenderData":true}
{"class":"TSStatic","persistentId":"e5036ea0-5dac-49be-8a8d-ee9fb5eca7c0","__parent":"trail_008_internal_rocks","position":[-160.471329,-251.168259,192.569305],"isRenderEnabled":false,"rotationMatrix":[0.950093925,-0.1468485,-0.275239915,7.4505806e-09,0.882281244,-0.470722616,0.311963946,0.447230697,0.838250041],"shapeName":"/levels/johnson_valley/art/shapes/rocks/s_rocks_desert_large_03.dae","useInstanceRenderData":true}
{"class":"TSStatic","persistentId":"d1c98602-34c4-4ef0-8003-ec24fefb640e","__parent":"trail_008_internal_rocks","position":[-92.5587158,-284.889343,153.820267],"isRenderEnabled":false,"rotationMatrix":[-0.999803662,0.0198016614,2.32830644e-10,-0.0195268802,-0.985929608,0.166014835,0.00328737032,0.165982291,0.986123264],"shapeName":"/levels/johnson_valley/art/shapes/rocks/s_rocks_desert_medium_03.dae","useInstanceRenderData":true}
{"class":"TSStatic","persistentId":"686ed4ba-d190-4d06-9c79-1c757b4c1276","__parent":"trail_008_internal_rocks","position":[-92.5857849,-282.700226,154.28595],"isRenderEnabled":false,"rotationMatrix":[-0.113722444,0.582155228,-0.80508554,-0.991268635,-0.012052536,0.131306559,0.0667375624,0.81298852,0.578442633],"shapeName":"/levels/johnson_valley/art/shapes/rocks/s_rocks_desert_medium_05.dae","useInstanceRenderData":true}
{"class":"TSStatic","persistentId":"3afb3320-21bc-46f4-b2b6-1af0b64e5bbe","__parent":"trail_008_internal_rocks","position":[-91.9159546,-283.867188,153.544632],"isRenderEnabled":false,"rotationMatrix":[0.378253758,0,0.925701797,0,1,0,-0.925701797,0,0.378253758],"shapeName":"/levels/johnson_valley/art/shapes/rocks/s_rocks_desert_medium_05.dae","useInstanceRenderData":true}
{"class":"TSStatic","persistentId":"2c62ad04-901e-4d02-b468-84141102ca0d","__parent":"trail_008_internal_rocks","position":[-89.5937805,-282.763794,152.917343],"isRenderEnabled":false,"rotationMatrix":[0.791404247,0.0264620315,-0.610720158,0.0738466457,0.987607241,0.138486743,0.606816292,-0.15469864,0.779642403],"shapeName":"/levels/johnson_valley/art/shapes/rocks/s_rocks_desert_large_07.dae","useInstanceRenderData":true}
{"class":"TSStatic","persistentId":"aaa48299-190e-48e3-8241-e2cb35706d82","__parent":"trail_008_internal_rocks","position":[-89.8468704,-282.545044,153.962601],"isRenderEnabled":false,"shapeName":"/levels/johnson_valley/art/shapes/rocks/s_rocks_desert_small_02.dae","useInstanceRenderData":true}
{"class":"TSStatic","persistentId":"a4c97cc9-f49f-4c12-bf12-f6ddbfd537ad","__parent":"trail_008_internal_rocks","position":[-88.9952545,-282.204712,153.693542],"isRenderEnabled":false,"rotationMatrix":[-0.328013659,0,-0.944673002,0,1,0,0.944673002,0,-0.328013659],"shapeName":"/levels/johnson_valley/art/shapes/rocks/s_rocks_desert_medium_05.dae","useInstanceRenderData":true}
{"class":"TSStatic","persistentId":"dfbd467d-80df-4b1e-b79d-385c6f01b2e9","__parent":"trail_008_internal_rocks","position":[-97.4703293,-280.290771,156.641113],"isRenderEnabled":false,"shapeName":"/levels/johnson_valley/art/shapes/rocks/s_rocks_desert_large_06.dae","useInstanceRenderData":true}
{"class":"TSStatic","persistentId":"b4ac8595-2eed-487b-9bdb-653e02aa6ba7","__parent":"trail_008_internal_rocks","position":[-99.2570801,-282.34433,156.067795],"isRenderEnabled":false,"rotationMatrix":[-0.981915951,0,0.189316571,0,1,0,-0.189316571,0,-0.981915951],"shapeName":"/levels/johnson_valley/art/shapes/rocks/s_rocks_desert_medium_02.dae","useInstanceRenderData":true}
{"class":"TSStatic","persistentId":"84849f95-142c-40b4-8a0a-bfca06e5ef7c","__parent":"trail_008_internal_rocks","position":[-97.9332275,-281.780121,156.419006],"isRenderEnabled":false,"rotationMatrix":[-0.455058932,0.890461087,0,-0.890461087,-0.455058932,0,0,0,1],"shapeName":"/levels/johnson_valley/art/shapes/rocks/s_rocks_desert_small_03.dae","useInstanceRenderData":true}
{"class":"TSStatic","persistentId":"e3958621-0596-4a7a-a76f-940c926a5258","__parent":"trail_008_internal_rocks","position":[-100.932182,-281.8284,156.246185],"isRenderEnabled":false,"rotationMatrix":[0.0908434391,0,0.995865166,0,1,0,-0.995865166,0,0.0908434391],"shapeName":"/levels/johnson_valley/art/shapes/rocks/s_rocks_desert_medium_01.dae","useInstanceRenderData":true}
{"class":"TSStatic","persistentId":"323d1a92-ff8a-440e-9178-66f2b21dab05","__parent":"trail_008_internal_rocks","position":[-108.581558,-282.73941,157.91629],"isRenderEnabled":false,"rotationMatrix":[0.840692937,0.0176448263,-0.54122448,0.0875215232,0.981900871,0.167960212,0.534392476,-0.188571766,0.823932886],"shapeName":"/levels/johnson_valley/art/shapes/rocks/s_rocks_desert_low_tiny.dae","useInstanceRenderData":true}
{"class":"TSStatic","persistentId":"684db278-3262-434f-95e3-03d3710b180e","__parent":"trail_008_internal_rocks","position":[-111.088692,-282.737457,159.211349],"isRenderEnabled":false,"rotationMatrix":[-0.929495335,0.0198501088,0.368299544,-0.0929665715,-0.978919268,-0.18186377,0.356925488,-0.20328106,0.911746144],"shapeName":"/levels/johnson_valley/art/shapes/rocks/s_rocks_desert_low_tiny.dae","useInstanceRenderData":true}
{"class":"TSStatic","persistentId":"640d5793-6745-44b7-9c6e-6794a3e313f2","__parent":"trail_008_internal_rocks","position":[-105.301117,-281.619598,157.134674],"isRenderEnabled":false,"shapeName":"/levels/johnson_valley/art/shapes/rocks/s_rocks_desert_medium_04.dae","useInstanceRenderData":true}
{"class":"TSStatic","persistentId":"5e62c9dc-9508-4c42-941b-cd98affe1112","__parent":"trail_008_internal_rocks","position":[-102.991333,-278.469116,157.661942],"isRenderEnabled":false,"rotationMatrix":[-0.996416211,0,-0.0845830888,0,1,0,0.0845830888,0,-0.996416211],"shapeName":"/levels/johnson_valley/art/shapes/rocks/s_rocks_desert_medium_04.dae","useInstanceRenderData":true}
{"class":"TSStatic","persistentId":"9ee485e4-2b05-4284-98a4-cd2e62101573","__parent":"trail_008_internal_rocks","position":[-114.72406,-256.331848,168.844681],"isRenderEnabled":false,"rotationMatrix":[0.636011362,0.0286972299,-0.77114588,0.196578979,0.960315108,0.197867692,0.746221244,-0.27743718,0.605130076],"shapeName":"/levels/johnson_valley/art/shapes/rocks/s_rocks_desert_low_flat_01.dae","useInstanceRenderData":true}
{"class":"TSStatic","persistentId":"3c337366-4763-4a97-8d8c-9331af99f5ff","__parent":"trail_008_internal_rocks","position":[-122.921112,-257.672363,173.788589],"isRenderEnabled":false,"rotationMatrix":[0.335904121,0,-0.941896081,0,1,0,0.941896081,0,0.335904121],"shapeName":"/levels/johnson_valley/art/shapes/rocks/s_rocks_desert_medium_03.dae","useInstanceRenderData":true}
{"class":"TSStatic","persistentId":"d6cc8f71-b4bb-440e-8f56-aa9ee628ab7d","__parent":"trail_008_internal_rocks","position":[-123.877647,-257.262177,174.624039],"isRenderEnabled":false,"rotationMatrix":[1,0,0,0,0.859619975,-0.510933876,0,0.510933876,0.859619975],"shapeName":"/levels/johnson_valley/art/shapes/rocks/s_rocks_desert_medium_04.dae","useInstanceRenderData":true}
{"class":"TSStatic","persistentId":"cc1ea753-b38c-4bee-a55e-b464745fd8d9","__parent":"trail_008_internal_rocks","position":[-116.9217,-259.062561,169.650986],"isRenderEnabled":false,"rotationMatrix":[0.61687392,-0.379561335,0.689492345,0.524043977,0.851691186,-2.98023224e-08,-0.587234497,0.36132437,0.724292934],"shapeName":"/levels/johnson_valley/art/shapes/rocks/s_rocks_desert_medium_01.dae","useInstanceRenderData":true}
{"class":"TSStatic","persistentId":"7457111b-1aba-4020-9627-9b89aa3660b4","__parent":"trail_008_internal_rocks","position":[-111.342216,-250.100388,170.427505],"isRenderEnabled":false,"rotationMatrix":[0.928636551,0.03721283,-0.369119704,0.0871846825,0.945201635,0.314631015,0.360600889,-0.324359447,0.874504387],"scale":[1.28695059,1.28695059,1.28695059],"shapeName":"/levels/johnson_valley/art/shapes/rocks/s_rocks_desert_collection_01.dae","useInstanceRenderData":true}
{"class":"TSStatic","persistentId":"2b19e8fa-f655-456b-a8d9-d62d312b0d32","__parent":"trail_008_internal_rocks","position":[-111.537804,-241.445969,173.953735],"isRenderEnabled":false,"rotationMatrix":[-0.952525377,0.00220451131,0.304450542,-0.0536330454,-0.985550642,-0.160663813,0.29969731,-0.169364989,0.938880682],"shapeName":"/levels/johnson_valley/art/shapes/rocks/s_rocks_desert_collection_03.dae","useInstanceRenderData":true}
{"class":"TSStatic","persistentId":"e2149baa-725b-44fd-b554-820ab238e1b2","__parent":"trail_008_internal_rocks","position":[-160.305008,-233.806595,196.211868],"isRenderEnabled":false,"rotationMatrix":[0.860974312,-0.00639968505,-0.508608282,-0.0193178244,0.998788059,-0.0452687927,0.508281529,0.0488004722,0.859807193],"shapeName":"/levels/johnson_valley/art/shapes/rocks/s_rocks_desert_collection_03.dae","useInstanceRenderData":true}
{"class":"TSStatic","persistentId":"41537df3-9908-40a5-a66d-a86b3dde173f","__parent":"trail_008_internal_rocks","position":[-164.392181,-230.312866,198.071152],"isRenderEnabled":false,"rotationMatrix":[-0.60442543,0.784722865,0.137405291,-0.700735271,-0.605731487,0.376907915,0.378998935,0.13152793,0.916002274],"shapeName":"/levels/johnson_valley/art/shapes/rocks/s_rocks_desert_collection_03.dae","useInstanceRenderData":true}
{"class":"TSStatic","persistentId":"15fded53-3d0b-42bc-bbe3-17dbd9b5508b","__parent":"trail_008_internal_rocks","position":[-169.573029,-244.671066,195.747711],"isRenderEnabled":false,"rotationMatrix":[-0.575149655,0.806175709,-0.138866365,-0.782751441,-0.493020058,0.379778385,0.237704188,0.327127218,0.914595246],"shapeName":"/levels/johnson_valley/art/shapes/rocks/s_rocks_desert_large_05.dae","useInstanceRenderData":true}
{"class":"TSStatic","persistentId":"1c0b3bf5-e409-4be1-a969-a36df58975ad","__parent":"trail_008_internal_rocks","position":[-174.801086,-237.923218,199.071915],"isRenderEnabled":false,"rotationMatrix":[0.748948693,0,0.662627935,0,1,0,-0.662627935,0,0.748948693],"shapeName":"/levels/johnson_valley/art/shapes/rocks/s_rocks_desert_medium_02.dae","useInstanceRenderData":true}
{"class":"TSStatic","persistentId":"276cc9a8-2c80-452f-8d60-f16cc7a3ed36","__parent":"trail_008_internal_rocks","position":[-96.1535187,-274.164032,158.819473],"isRenderEnabled":false,"rotationMatrix":[0.246109545,0.956192434,-0.158511519,-0.967995942,0.234194398,-0.090202719,-0.0491286777,0.175638288,0.983228147],"scale":[1.17264414,1.17264414,1.17264414],"shapeName":"/levels/johnson_valley/art/shapes/rocks/s_rocks_desert_large_04.dae","useInstanceRenderData":true}
{"class":"TSStatic","persistentId":"03b31a57-628b-4a1e-984c-b24d3e7c4ae6","__parent":"trail_008_internal_rocks","position":[-94.0307236,-267.682098,161.257858],"isRenderEnabled":false,"rotationMatrix":[0.99010855,0.0412187874,-0.134112,0.010030726,0.932630301,0.360693991,0.139944285,-0.358471453,0.922991753],"shapeName":"/levels/johnson_valley/art/shapes/rocks/s_rocks_desert_collection_02.dae","useInstanceRenderData":true}
{"class":"TSStatic","persistentId":"0f1593fe-77a9-416a-aec5-05851ff7f8b2","__parent":"trail_008_internal_rocks","position":[-92.094696,-264.251129,162.000046],"isRenderEnabled":false,"rotationMatrix":[-0.645716548,0.671273172,0.363925815,-0.723176062,-0.690600753,-0.00930154324,0.24508363,-0.269188643,0.931381464],"shapeName":"/levels/johnson_valley/art/shapes/rocks/s_rocks_desert_collection_01.dae","useInstanceRenderData":true}
{"class":"TSStatic","persistentId":"a62fab35-56a8-4476-83a0-8306eb73ddf9","__parent":"trail_008_internal_rocks","position":[-96.1766357,-258.294891,165.24025],"isRenderEnabled":false,"rotationMatrix":[0.98910892,0.0556078479,-0.136276469,-0.0089122653,0.94681251,0.321662307,0.146915212,-0.31694454,0.936996281],"shapeName":"/levels/johnson_valley/art/shapes/rocks/s_rocks_desert_collection_03.dae","useInstanceRenderData":true}
{"class":"TSStatic","persistentId":"f33face3-6cf2-4cf3-8ddb-341add03f2e7","__parent":"trail_008_internal_rocks","position":[-98.6268997,-253.311279,167.150558],"isRenderEnabled":false,"rotationMatrix":[0.974091887,0.0141286515,-0.225710839,0.0463544056,0.964382887,0.260416716,0.221350998,-0.264132529,0.938742638],"shapeName":"/levels/johnson_valley/art/shapes/rocks/s_rocks_desert_collection_02.dae","useInstanceRenderData":true}
{"class":"TSStatic","persistentId":"53c0b177-acb3-45fe-9f21-2fd00558393a","__parent":"trail_008_internal_rocks","position":[-107.966888,-245.628418,171.308289],"isRenderEnabled":false,"rotationMatrix":[0.983245194,0.0676033646,-0.169288561,-3.7252903e-09,0.928688526,0.370860577,0.182287768,-0.364646912,0.913128555],"shapeName":"/levels/johnson_valley/art/shapes/rocks/s_rocks_desert_collection_03.dae","useInstanceRenderData":true}
{"class":"TSStatic","persistentId":"95d00877-7c7b-4d95-b091-b539a2c81d5a","__parent":"trail_008_internal_rocks","position":[-125.006142,-269.319092,169.781403],"isRenderEnabled":false,"rotationMatrix":[0.95802176,0.118801758,-0.260922253,0.0123277493,0.892190516,0.451490939,0.286430299,-0.435754716,0.853273392],"shapeName":"/levels/johnson_valley/art/shapes/rocks/s_rocks_desert_collection_03.dae","useInstanceRenderData":true}
{"class":"TSStatic","persistentId":"3d87f6f5-288e-4af7-8206-77ef0c5a3145","__parent":"trail_008_internal_rocks","position":[-135.811508,-266.264313,175.775513],"isRenderEnabled":false,"rotationMatrix":[0.919767499,0.219908953,-0.325065702,-3.7252903e-08,0.828269839,0.560329437,0.392463595,-0.515372753,0.761815667],"shapeName":"/levels/johnson_valley/art/shapes/rocks/s_rocks_desert_collection_03.dae","useInstanceRenderData":true}
{"class":"TSStatic","persistentId":"94cf5ed0-dcc0-4ca9-98bd-646f5e699355","__parent":"trail_008_internal_rocks","position":[-120.865677,-257.539246,172.631927],"isRenderEnabled":false,"rotationMatrix":[-0.107825518,0.931091726,0.348484993,-0.838565767,-0.273466825,0.471193492,0.534023464,-0.241420925,0.810268402],"shapeName":"/levels/johnson_valley/art/shapes/rocks/s_rocks_desert_collection_03.dae","useInstanceRenderData":true}
{"class":"TSStatic","persistentId":"0ee37718-0284-4df2-8fb2-2d99b36bc30c","__parent":"trail_008_internal_rocks","position":[-119.612434,-254.890167,172.402557],"isRenderEnabled":false,"shapeName":"/levels/johnson_valley/art/shapes/rocks/s_rocks_desert_medium_04.dae","useInstanceRenderData":true}
{"class":"TSStatic","persistentId":"6ff52d25-f92a-40f6-9ff8-6c14268b59a0","__parent":"trail_008_internal_rocks","position":[-126.397568,-259.303101,175.983902],"isRenderEnabled":false,"rotationMatrix":[0.980483532,-0.0446816981,0.191456392,1.86264515e-09,0.973831594,0.227270767,-0.196601138,-0.222835258,0.954825878],"shapeName":"/levels/johnson_valley/art/shapes/rocks/s_rocks_desert_medium_03.dae","useInstanceRenderData":true}
{"class":"TSStatic","persistentId":"83f2f8fe-2dae-4908-b447-2dc4baec21e9","__parent":"trail_008_internal_rocks","position":[-154.553589,-239.68808,192.793884],"isRenderEnabled":false,"rotationMatrix":[0.722560823,0.555680752,-0.41124776,-0.548611164,0.822879136,0.147971928,0.420632333,0.118696414,0.899432898],"shapeName":"/levels/johnson_valley/art/shapes/rocks/s_rocks_desert_collection_03.dae","useInstanceRenderData":true}
{"class":"TSStatic","persistentId":"a14069a1-2e4a-40ca-b1b6-ff0922f395aa","__parent":"trail_008_internal_rocks","position":[-184.616302,-219.742371,200.028641],"isRenderEnabled":false,"rotationMatrix":[0.420133471,0.70012939,-0.577327073,-0.857462764,0.514545977,-1.49011612e-08,0.297061265,0.495036483,0.816512942],"shapeName":"/levels/johnson_valley/art/shapes/rocks/s_rocks_desert_huge_sheet_2.dae","useInstanceRenderData":true}
{"class":"TSStatic","persistentId":"dc11b905-3718-40b1-87b8-80fcb5ba0a48","__parent":"trail_008_internal_rocks","position":[-176.982101,-223.481232,199.598511],"isRenderEnabled":false,"rotationMatrix":[0.902544618,-0.425325096,-0.0671698004,0.348902166,0.813777268,-0.464794397,0.252349973,0.396061957,0.882867157],"shapeName":"/levels/johnson_valley/art/shapes/rocks/s_rocks_desert_huge_sheet_3.dae","useInstanceRenderData":true}
{"class":"TSStatic","persistentId":"5b3b3d59-423d-43a3-b259-24e9d39ac88a","__parent":"trail_008_internal_rocks","position":[-173.003922,-226.640198,199.662109],"isRenderEnabled":false,"rotationMatrix":[-0.91683197,0.338050485,0.212464333,-0.234998524,-0.88707149,0.397341073,0.322792411,0.314366162,0.892736793],"shapeName":"/levels/johnson_valley/art/shapes/rocks/s_rocks_desert_huge_sheet_3.dae","useInstanceRenderData":true}
{"class":"TSStatic","persistentId":"c1981085-12d0-4aa3-b46d-f2ab2df4bc6a","__parent":"trail_008_internal_rocks","position":[-86.9591064,-280.477539,153.29158],"isRenderEnabled":false,"rotationMatrix":[0.902027369,0.150893062,-0.404447675,0.0303616934,0.912421167,0.408124715,0.430609822,-0.380419344,0.818447471],"shapeName":"/levels/johnson_valley/art/shapes/rocks/s_rocks_desert_collection_02.dae","useInstanceRenderData":true}
{"class":"TSStatic","persistentId":"e1461171-4c8b-40c1-932e-884dc90551cb","__parent":"trail_008_internal_rocks","position":[-81.7996292,-280.991791,150.77095],"isRenderEnabled":false,"rotationMatrix":[0.91241318,0.264674574,-0.312169015,-0.164855897,0.935807705,0.311586916,0.374599338,-0.232833087,0.897476494],"shapeName":"/levels/johnson_valley/art/shapes/rocks/s_rocks_desert_collection_03.dae","useInstanceRenderData":true}
{"class":"TSStatic","persistentId":"79658d99-e6a1-4bdd-9bc9-687ef1502160","__parent":"trail_008_internal_rocks","position":[-83.2430191,-277.517975,152.82045],"isRenderEnabled":false,"rotationMatrix":[0.909509897,0.194969177,-0.367122233,-7.4505806e-09,0.883180022,0.469034106,0.415682256,-0.426591128,0.803260982],"shapeName":"/levels/johnson_valley/art/shapes/rocks/s_rocks_desert_collection_02.dae","useInstanceRenderData":true}
{"class":"TSStatic","persistentId":"041b6694-bcbc-4f1e-8406-195bc9dcfd9b","__parent":"trail_008_internal_rocks","position":[-69.6773682,-275.789154,147.302429],"isRenderEnabled":false,"rotationMatrix":[0.940818131,0.112675041,-0.319633484,-0.0179190934,0.958335519,0.2850824,0.338437796,-0.26248312,0.903638482],"scale":[1.21610117,1.21610117,1.21610117],"shapeName":"/levels/johnson_valley/art/shapes/rocks/s_rocks_desert_collection_01.dae","useInstanceRenderData":true}
{"class":"TSStatic","persistentId":"ca63c600-729a-452f-b4fa-3333606034c1","__parent":"trail_008_internal_rocks","position":[-66.4490738,-276.961578,145.867081],"isRenderEnabled":false,"rotationMatrix":[0.630640566,0.773458779,0.0636706725,-0.72773701,0.560865641,0.394751191,0.269613117,-0.295281589,0.916579247],"shapeName":"/levels/johnson_valley/art/shapes/rocks/s_rocks_desert_low_tiny.dae","useInstanceRenderData":true}
{"class":"TSStatic","persistentId":"dae1dcc9-8d16-4c17-a349-bead229c28fc","__parent":"trail_008_internal_rocks","position":[-64.6305237,-274.671204,145.9561],"isRenderEnabled":false,"rotationMatrix":[-0.605454326,-0.795749366,0.0144311339,0.738626301,-0.568559885,-0.362175703,0.296406031,-0.208621576,0.931998134],"shapeName":"/levels/johnson_valley/art/shapes/rocks/s_rocks_desert_low_tiny.dae","useInstanceRenderData":true}
{"class":"TSStatic","persistentId":"270bc607-ee4b-4648-a454-30ac92923919","__parent":"trail_008_internal_rocks","position":[-68.7220306,-280.333099,145.812012],"isRenderEnabled":false,"rotationMatrix":[0.308969676,0.950771034,0.0239204988,-0.912681282,0.289330363,0.288618684,0.267489344,-0.111006185,0.957145274],"shapeName":"/levels/johnson_valley/art/shapes/rocks/s_rocks_desert_low_tiny.dae","useInstanceRenderData":true}
{"class":"TSStatic","persistentId":"dd78e9d7-f313-486b-b623-3e0c670c042c","__parent":"trail_008_internal_rocks","position":[-81.0676422,-283.683105,150.096802],"isRenderEnabled":false,"rotationMatrix":[0.98183316,0,-0.18974629,0,1,0,0.18974629,0,0.98183316],"shapeName":"/levels/johnson_valley/art/shapes/rocks/s_rocks_desert_low_tiny.dae","useInstanceRenderData":true}
{"class":"TSStatic","persistentId":"1793da57-447f-46d7-a7e5-8b2585164ab5","__parent":"trail_008_internal_rocks","position":[-79.3930817,-284.220795,149.390686],"isRenderEnabled":false,"rotationMatrix":[-0.272419691,0.934451818,0.2293185,0.960035324,0.279878378,-1.49011612e-08,-0.0641812757,0.220153883,-0.973351002],"shapeName":"/levels/johnson_valley/art/shapes/rocks/s_rocks_desert_small_03.dae","useInstanceRenderData":true}
{"class":"TSStatic","persistentId":"357b822b-9f31-4c08-a5d2-4f7d924bd61d","__parent":"trail_008_internal_rocks","position":[-90.0016937,-280.478271,154.210403],"isRenderEnabled":false,"rotationMatrix":[-0.98700738,0.160675943,0,-0.160675943,-0.98700738,0,0,0,1],"scale":[1.1839478,1.1839478,1.1839478],"shapeName":"/levels/johnson_valley/art/shapes/rocks/s_rocks_desert_large_05.dae","useInstanceRenderData":true}
{"class":"TSStatic","persistentId":"e74559b0-4405-450f-9e83-65a9b2c723e6","__parent":"trail_008_internal_rocks","position":[-92.5095062,-280.045929,155.25676],"isRenderEnabled":false,"shapeName":"/levels/johnson_valley/art/shapes/rocks/s_rocks_desert_large_04.dae","useInstanceRenderData":true}
{"class":"TSStatic","persistentId":"bbb5b9ca-6248-48ab-ad43-b2a3841a2fa8","__parent":"trail_008_internal_rocks","position":[-89.4103394,-278.31427,154.841263],"isRenderEnabled":false,"rotationMatrix":[0.931700051,0.363228559,-3.03586347e-07,0.363228559,-0.931699872,-1.18354876e-07,-3.25841285e-07,3.55271368e-15,-0.999999762],"shapeName":"/levels/johnson_valley/art/shapes/rocks/s_rocks_desert_medium_02.dae","useInstanceRenderData":true}
{"class":"TSStatic","persistentId":"7a7af234-b246-457c-baf6-dc93c9aeda49","__parent":"trail_008_internal_rocks","position":[-89.1344528,-287.551483,152.509048],"isRenderEnabled":false,"rotationMatrix":[0.843705773,-0.423329979,-0.330079287,0.425724834,0.902223527,-0.0689281672,0.326984674,-0.0823678821,0.941433251],"shapeName":"/levels/johnson_valley/art/shapes/rocks/s_rocks_desert_collection_01.dae","useInstanceRenderData":true}
{"class":"TSStatic","persistentId":"100163c1-98c4-4b3a-8611-0d8d076131bb","__parent":"trail_008_internal_rocks","position":[-85.9583588,-290.147125,151.124176],"isRenderEnabled":false,"rotationMatrix":[0.790630341,0.582396448,-0.188992292,-0.487157375,0.785315216,0.382044137,0.370919675,-0.209986687,0.90461272],"shapeName":"/levels/johnson_valley/art/shapes/rocks/s_rocks_desert_collection_03.dae","useInstanceRenderData":true}
{"class":"TSStatic","persistentId":"e2355f95-5ea3-4e8d-afb4-b1101c566f8a","__parent":"trail_008_internal_rocks","position":[-143.998108,-256.557343,184.693771],"isRenderEnabled":false,"rotationMatrix":[0.980226398,0.123238996,-0.154817358,-0.0433046557,0.897017777,0.439867973,0.193082795,-0.424465895,0.884617269],"shapeName":"/levels/johnson_valley/art/shapes/rocks/s_rocks_desert_collection_01.dae","useInstanceRenderData":true}
{"class":"TSStatic","persistentId":"a3bfc694-44da-487c-ad2f-1c27d7683216","__parent":"trail_008_internal_rocks","position":[-122.405853,-251.515366,175.369537],"isRenderEnabled":false,"rotationMatrix":[-0.998153687,0.0360302441,0.0488953814,-0.0206862427,-0.958579659,0.284071982,0.0571053028,0.282536089,0.957555413],"shapeName":"/levels/johnson_valley/art/shapes/rocks/s_rocks_desert_large_05.dae","useInstanceRenderData":true}
{"class":"TSStatic","persistentId":"d19b9c42-a174-4bbd-aab7-41ba9e3c67f7","__parent":"trail_008_internal_rocks","position":[-120.791245,-251.38266,174.938675],"isRenderEnabled":false,"rotationMatrix":[0.892218828,0.123728335,-0.43432346,0.0461359359,0.931732059,0.360203862,0.449240535,-0.341418564,0.825600564],"shapeName":"/levels/johnson_valley/art/shapes/rocks/s_rocks_desert_low_tiny.dae","useInstanceRenderData":true}
{"class":"TSStatic","persistentId":"4da14304-72de-4577-9f97-2fffdfad6d3f","__parent":"trail_008_internal_rocks","position":[-95.5135574,-286.501801,154.704285],"isRenderEnabled":false,"rotationMatrix":[-0.166689157,0.939669311,0.298724413,-0.939902365,-0.24298799,0.239875808,0.297990382,-0.240787074,0.923700869],"shapeName":"/levels/johnson_valley/art/shapes/rocks/s_rocks_desert_collection_03.dae","useInstanceRenderData":true}
{"class":"TSStatic","persistentId":"a1fba3d8-0bed-4362-9419-c4d785e40360","__parent":"trail_008_internal_rocks","position":[-112.107208,-265.166229,164.109818],"isRenderEnabled":false,"rotationMatrix":[-0.953885555,-0.300169766,0,0.300169766,-0.953885555,0,0,0,1],"shapeName":"/levels/johnson_valley/art/shapes/rocks/s_rocks_desert_large_05.dae","useInstanceRenderData":true}
{"class":"TSStatic","persistentId":"c727a03b-cb01-432b-bc56-f8ce90a558a7","__parent":"trail_008_internal_rocks","position":[-113.065712,-262.81366,164.969299],"isRenderEnabled":false,"rotationMatrix":[0.657354414,-0.753581524,0,0.753581524,0.657354414,0,0,0,1],"shapeName":"/levels/johnson_valley/art/shapes/rocks/s_rocks_desert_large_04.dae","useInstanceRenderData":true}
{"class":"TSStatic","persistentId":"ae19d843-45bb-4f44-a5f8-d457b8e52684","__parent":"trail_008_internal_rocks","position":[-110.555641,-264.661987,163.893433],"isRenderEnabled":false,"rotationMatrix":[0.88806206,0.375266969,-0.265556872,-0.248031735,0.877468407,0.410523385,0.387073636,-0.2987037,0.872324526],"shapeName":"/levels/johnson_valley/art/shapes/rocks/s_rocks_desert_low_tiny.dae","useInstanceRenderData":true}
{"class":"TSStatic","persistentId":"57f418d4-ac65-4ea7-b1d3-5ae5aa86f57f","__parent":"trail_008_internal_rocks","position":[-117.379616,-261.584106,169.077835],"isRenderEnabled":false,"rotationMatrix":[0.779664814,0.00789539516,-0.62614727,0.241361514,0.918870449,0.312124491,0.577812552,-0.394480348,0.714505315],"shapeName":"/levels/johnson_valley/art/shapes/rocks/s_rocks_desert_collection_03.dae","useInstanceRenderData":true}
{"class":"TSStatic","persistentId":"0ac2fc3d-b743-4d8d-9800-82cf8ae35eff","__parent":"trail_008_internal_rocks","position":[-107.564331,-262.533081,163.336426],"isRenderEnabled":false,"rotationMatrix":[0.389799237,-0.920899868,-3.00067256e-07,-0.920899868,-0.389799356,-1.27012697e-07,-2.84217094e-14,3.25841341e-07,-1],"shapeName":"/levels/johnson_valley/art/shapes/rocks/s_rocks_desert_medium_02.dae","useInstanceRenderData":true}
{"class":"TSStatic","persistentId":"2a1387c5-08d4-454f-a9ac-d5f76053ce1b","__parent":"trail_008_internal_rocks","position":[-109.320335,-263.22403,163.753937],"isRenderEnabled":false,"rotationMatrix":[-0.0245038271,0.160933882,0.986660957,-0.99069941,-0.136047363,-0.00241351128,0.133844256,-0.977543533,0.162770748],"shapeName":"/levels/johnson_valley/art/shapes/rocks/s_rocks_desert_medium_01.dae","useInstanceRenderData":true}
{"class":"TSStatic","persistentId":"ca891574-70c0-4a3a-bc88-7415e3d8c21c","__parent":"trail_008_internal_rocks","position":[-105.412842,-261.984924,162.791565],"isRenderEnabled":false,"rotationMatrix":[-0.911423445,0.411469251,0,-0.411469251,-0.911423445,0,0,0,1],"shapeName":"/levels/johnson_valley/art/shapes/rocks/s_rocks_desert_large_03.dae","useInstanceRenderData":true}
{"class":"TSStatic","persistentId":"3acc70f2-343e-4f64-af00-b4e2195d0864","__parent":"trail_008_internal_rocks","position":[-107.402138,-267.713837,161.531326],"isRenderEnabled":false,"rotationMatrix":[0.922223747,-0.0541099124,-0.382851779,0.136655301,0.971869349,0.191820964,0.361702502,-0.229220584,0.903675377],"shapeName":"/levels/johnson_valley/art/shapes/rocks/s_rocks_desert_low_small.dae","useInstanceRenderData":true}
{"class":"TSStatic","persistentId":"d05c4e16-2e25-42b9-bb2e-d7fc164302a3","__parent":"trail_008_internal_rocks","position":[-103.816048,-265.81073,161.831207],"isRenderEnabled":false,"rotationMatrix":[-0.590945482,-0.806711376,0,0.806711376,-0.590945482,0,0,0,1],"shapeName":"/levels/johnson_valley/art/shapes/rocks/s_rocks_desert_large_06.dae","useInstanceRenderData":true}
{"class":"TSStatic","persistentId":"04c44db5-3a32-4adb-9c12-5541d2bb528d","__parent":"trail_008_internal_rocks","position":[-107.506676,-266.779877,161.814072],"isRenderEnabled":false,"rotationMatrix":[-0.486967683,0,0.873419702,0,1,0,-0.873419702,0,-0.486967683],"shapeName":"/levels/johnson_valley/art/shapes/rocks/s_rocks_desert_medium_02.dae","useInstanceRenderData":true}
{"class":"TSStatic","persistentId":"34375039-209f-4e1a-a7ae-c3f181205e6c","__parent":"trail_008_internal_rocks","position":[-115.389954,-271.576111,164.886505],"isRenderEnabled":false,"rotationMatrix":[0.862811685,-0.00169141172,-0.505522549,0.0108956248,0.999824345,0.0152510656,0.505407989,-0.0186667833,0.862678587],"shapeName":"/levels/johnson_valley/art/shapes/rocks/s_rocks_desert_collection_01.dae","useInstanceRenderData":true}
{"class":"TSStatic","persistentId":"787a6d6a-bbe5-4c8f-bd89-0a85d6f91d5d","__parent":"trail_008_internal_rocks","position":[-115.568741,-267.532684,164.762039],"isRenderEnabled":false,"rotationMatrix":[0.126261175,0.991996944,0,-0.991996944,0.126261175,0,0,0,1],"shapeName":"/levels/johnson_valley/art/shapes/rocks/s_rocks_desert_large_04.dae","useInstanceRenderData":true}
{"class":"TSStatic","persistentId":"7e269a5d-7595-43bc-9b12-b82f83aaab74","__parent":"trail_008_internal_rocks","position":[-111.161247,-276.051514,162.23877],"isRenderEnabled":false,"rotationMatrix":[0.888248324,0.45936355,0,-0.45936355,0.888248324,0,0,0,1],"shapeName":"/levels/johnson_valley/art/shapes/rocks/s_rocks_desert_large_05.dae","useInstanceRenderData":true}
{"class":"TSStatic","persistentId":"3c36f289-004b-490b-88f1-c3c29dcd7cd1","__parent":"trail_008_internal_rocks","position":[-96.4799194,-277.843719,157.887329],"isRenderEnabled":false,"rotationMatrix":[0.55818063,-0.772880137,-0.301812351,0.818797648,0.571924567,0.0497258529,0.134181753,-0.274879247,0.95206964],"shapeName":"/levels/johnson_valley/art/shapes/rocks/s_rocks_desert_collection_02.dae","useInstanceRenderData":true}
