{"class":"TSStatic","persistentId":"0d2d8253-3458-44dc-b557-7a1d2dc8030e","__parent":"truck_terrace","position":[1137.10913,-210.863937,115.365623],"annotation":"OBSTACLES","isRenderEnabled":false,"rotationMatrix":[0.807938337,0.589266956,-0.000406909006,-0.589267075,0.807938099,-0.000557909138,-8.73114914e-11,0.000690534245,0.999999762],"shapeName":"/levels/johnson_valley/art/shapes/building/s_stairs_terrace.dae","useInstanceRenderData":true}
{"class":"TSStatic","persistentId":"0da65f5f-0acd-4928-9de0-2efc2c69b4b3","__parent":"truck_terrace","position":[1135.97754,-201.14299,119.857277],"annotation":"OBSTACLES","isRenderEnabled":false,"rotationMatrix":[0.807938397,0.589266896,0,-0.589266896,0.807938397,0,0,0,1],"shapeName":"/levels/johnson_valley/art/shapes/building/s_railing_long.dae","useInstanceRenderData":true}
{"class":"TSStatic","persistentId":"604e7d18-d4ee-4c1c-9442-143f41d01155","__parent":"truck_terrace","position":[1139.09351,-205.415588,119.857277],"annotation":"OBSTACLES","isRenderEnabled":false,"rotationMatrix":[0.807938397,0.589266896,0,-0.589266896,0.807938397,0,0,0,1],"shapeName":"/levels/johnson_valley/art/shapes/building/s_railing_long.dae","useInstanceRenderData":true}
{"class":"TSStatic","persistentId":"1eac7efd-fd82-4bfb-a4f5-045332451970","__parent":"truck_terrace","position":[1136.73462,-202.150208,119.854782],"annotation":"OBSTACLES","isRenderEnabled":false,"rotationMatrix":[0.589266837,-0.807938278,0.000557909254,0.807938516,0.589266717,-0.000406908832,-8.73114914e-11,0.000690534245,0.999999762],"shapeName":"/levels/johnson_valley/art/shapes/building/s_railing_short.dae","useInstanceRenderData":true}
{"class":"TSStatic","persistentId":"43a40246-c934-44c1-8c16-947cac87d638","__parent":"truck_terrace","position":[1133.60461,-197.818069,119.857277],"annotation":"OBSTACLES","isRenderEnabled":false,"rotationMatrix":[-0.589267135,0.807938218,0,-0.807938218,-0.589267135,0,0,0,1],"shapeName":"/levels/johnson_valley/art/shapes/building/s_railing_long.dae","useInstanceRenderData":true}
{"class":"TSStatic","persistentId":"edebc0c9-2283-4a9b-a2b4-391ef8cec154","__parent":"truck_terrace","position":[1130.36304,-200.182312,119.857277],"annotation":"OBSTACLES","isRenderEnabled":false,"rotationMatrix":[-0.589267135,0.807938218,0,-0.807938218,-0.589267135,0,0,0,1],"shapeName":"/levels/johnson_valley/art/shapes/building/s_railing_long.dae","useInstanceRenderData":true}
{"class":"TSStatic","persistentId":"81aa7bc9-ea21-4272-839c-b80d4c0e48a5","__parent":"truck_terrace","position":[1126.09619,-203.294098,119.857277],"annotation":"OBSTACLES","isRenderEnabled":false,"rotationMatrix":[-0.589267135,0.807938218,0,-0.807938218,-0.589267135,0,0,0,1],"shapeName":"/levels/johnson_valley/art/shapes/building/s_railing_long.dae","useInstanceRenderData":true}
{"class":"TSStatic","persistentId":"b731e857-fa76-40da-9127-8bcdb5498ed0","__parent":"truck_terrace","position":[1125.27429,-208.87413,119.857277],"annotation":"OBSTACLES","isRenderEnabled":false,"rotationMatrix":[0.807938397,0.589266896,0,-0.589266896,0.807938397,0,0,0,1],"shapeName":"/levels/johnson_valley/art/shapes/building/s_railing_long.dae","useInstanceRenderData":true}
{"class":"TSStatic","persistentId":"b59ad6f2-684c-4f5d-8e7c-6dfe4c5f7e55","__parent":"truck_terrace","position":[1126.03381,-209.884659,119.854729],"annotation":"OBSTACLES","isRenderEnabled":false,"rotationMatrix":[0.589266837,-0.807938278,0.000557909254,0.807938516,0.589266717,-0.000406908832,-8.73114914e-11,0.000690534245,0.999999762],"shapeName":"/levels/johnson_valley/art/shapes/building/s_railing_short.dae","useInstanceRenderData":true}
{"class":"TSStatic","persistentId":"c8a1d2b4-a1e0-4f4e-8c59-531b5b1e26fd","__parent":"truck_terrace","position":[1128.39575,-213.154282,119.857277],"annotation":"OBSTACLES","isRenderEnabled":false,"rotationMatrix":[0.807938397,0.589266896,0,-0.589266896,0.807938397,0,0,0,1],"shapeName":"/levels/johnson_valley/art/shapes/building/s_railing_long.dae","useInstanceRenderData":true}
{"class":"TSStatic","persistentId":"eca6c7b6-0cbe-46af-809d-f5cb6bf3876b","__parent":"truck_terrace","position":[1127.10315,-202.537506,119.855087],"annotation":"OBSTACLES","isRenderEnabled":false,"rotationMatrix":[0.807938337,0.589266956,-0.000406909006,-0.589267075,0.807938099,-0.000557909138,-8.73114914e-11,0.000690534245,0.999999762],"shapeName":"/levels/johnson_valley/art/shapes/building/s_railing_short.dae","useInstanceRenderData":true}
{"class":"TSStatic","persistentId":"06740c78-718d-4c11-a21f-3fbbab2b6f15","__parent":"truck_terrace","position":[1132.85559,-197.730576,116.734146],"annotation":"OBSTACLES","isRenderEnabled":false,"rotationMatrix":[-0.589267135,0.807938218,0,-0.807938218,-0.589267135,0,0,0,1],"scale":[1,1.09256244,1],"shapeName":"/levels/johnson_valley/art/shapes/building/s_railing_long.dae","useInstanceRenderData":true}
{"class":"TSStatic","persistentId":"188fbf4a-0456-4ce6-94a9-06ea64fe7591","__parent":"truck_terrace","position":[1129.27783,-200.317688,116.730698],"annotation":"OBSTACLES","isRenderEnabled":false,"rotationMatrix":[0.807938337,0.589266956,-0.000406909006,-0.589267075,0.807938099,-0.000557909138,-8.73114914e-11,0.000690534245,0.999999762],"scale":[1.17136836,1,1],"shapeName":"/levels/johnson_valley/art/shapes/building/s_railing_short.dae","useInstanceRenderData":true}
{"class":"TSStatic","persistentId":"e4e9aec7-13e5-4b8f-8334-07dd88aa6991","__parent":"truck_terrace","position":[1122.98267,-204.931396,116.734146],"annotation":"OBSTACLES","isRenderEnabled":false,"rotationMatrix":[0.589267313,-0.80793798,0,0.80793798,0.589267313,0,0,0,1],"scale":[1,1.09256244,1],"shapeName":"/levels/johnson_valley/art/shapes/building/s_railing_long.dae","useInstanceRenderData":true}
{"class":"TSStatic","persistentId":"688142fd-34d5-4403-b153-94552601505b","__parent":"truck_terrace","position":[1127.71436,-201.458038,116.731499],"annotation":"OBSTACLES","isRenderEnabled":false,"rotationMatrix":[0.807938337,0.589266956,-0.000406909006,-0.589267075,0.807938099,-0.000557909138,-8.73114914e-11,0.000690534245,0.999999762],"scale":[1.17136836,1,1],"shapeName":"/levels/johnson_valley/art/shapes/building/s_railing_short.dae","useInstanceRenderData":true}
{"class":"TSStatic","persistentId":"f8a8f7ed-b915-46ee-9af7-d014845ff620","__parent":"truck_terrace","position":[1133.23694,-197.539948,116.734146],"annotation":"OBSTACLES","isRenderEnabled":false,"rotationMatrix":[-0.807938039,-0.589267373,0,0.589267373,-0.807938039,0,0,0,1],"scale":[1,1.09256244,1],"shapeName":"/levels/johnson_valley/art/shapes/building/s_railing_long.dae","useInstanceRenderData":true}
{"class":"TSStatic","persistentId":"2817743d-6466-4d1f-b7a6-62d68c486805","__parent":"truck_terrace","position":[1122.68433,-205.236481,116.734146],"annotation":"OBSTACLES","isRenderEnabled":false,"rotationMatrix":[-0.807938039,-0.589267373,0,0.589267373,-0.807938039,0,0,0,1],"scale":[1,1.09256244,1],"shapeName":"/levels/johnson_valley/art/shapes/building/s_railing_long.dae","useInstanceRenderData":true}
{"class":"TSStatic","persistentId":"d2c8096c-4868-4271-bd14-351b9981ca69","__parent":"truck_terrace","position":[1135.87585,-207.792648,119.857277],"annotation":"OBSTACLES","isRenderEnabled":false,"rotationMatrix":[-0.589267135,0.807938218,0,-0.807938218,-0.589267135,0,0,0,1],"shapeName":"/levels/johnson_valley/art/shapes/building/s_railing_long.dae","useInstanceRenderData":true}
{"class":"TSStatic","persistentId":"03789eaf-72c4-4da9-a09f-fdb0d0a92539","__parent":"truck_terrace","position":[1139.11743,-205.428406,119.857277],"annotation":"OBSTACLES","isRenderEnabled":false,"rotationMatrix":[-0.589267135,0.807938218,0,-0.807938218,-0.589267135,0,0,0,1],"shapeName":"/levels/johnson_valley/art/shapes/building/s_railing_long.dae","useInstanceRenderData":true}
{"class":"TSStatic","persistentId":"53b55a5e-ae1f-4431-8762-5e9ad2ccd2d4","__parent":"truck_terrace","position":[1130.78503,-205.25798,115.369179],"annotation":"BUILDINGS","isRenderEnabled":false,"rotationMatrix":[0.807938397,0.589266896,0,-0.589266896,0.807938397,0,0,0,1],"shapeName":"/levels/johnson_valley/art/shapes/building/s_truck_terrace.dae","useInstanceRenderData":true}
{"class":"TSStatic","persistentId":"401b2fe5-d288-428a-8a45-ef017e22116a","__parent":"truck_terrace","position":[1131.61206,-210.902313,119.857277],"annotation":"OBSTACLES","isRenderEnabled":false,"rotationMatrix":[-0.589267135,0.807938218,0,-0.807938218,-0.589267135,0,0,0,1],"shapeName":"/levels/johnson_valley/art/shapes/building/s_railing_long.dae","useInstanceRenderData":true}
{"class":"TSStatic","persistentId":"07cb4119-0169-4b7d-94b7-ba2d308a49a8","__parent":"truck_terrace","position":[1151.255,-219.097794,115.22377],"annotation":"OBSTACLES","isRenderEnabled":false,"rotationMatrix":[0.611098886,-0.791554034,0.00054659578,0.791554272,0.611098766,-0.000421984732,-2.91038305e-10,0.000690534594,0.999999762],"shapeName":"/levels/johnson_valley/art/shapes/building/s_stairs_terrace.dae","useInstanceRenderData":true}
