{"class":"TSStatic","persistentId":"25811aea-f9e0-42ae-9138-2a9c3ab6a7bb","__parent":"roadwayGuardRails","position":[-721.556458,-134.732483,100.351814],"isRenderEnabled":false,"rotationMatrix":[0.233357549,0.970256269,0.0643949434,-0.972239673,0.233976841,-0.00214318372,-0.0171463508,-0.0621072054,0.997922182],"shapeName":"/levels/west_coast_usa/art/shapes/objects/guardrail1.dae","useInstanceRenderData":true}
{"class":"TSStatic","persistentId":"ed2f3618-db37-44a1-a6dd-c45f6b6c41f8","__parent":"roadwayGuardRails","position":[-721.866089,-135.436035,99.3361359],"isRenderEnabled":false,"rotationMatrix":[0.233357549,0.970256269,0.0643949434,-0.972239673,0.233976841,-0.00214318372,-0.0171463508,-0.0621072054,0.997922182],"shapeName":"/levels/west_coast_usa/art/shapes/objects/guardrailpost.dae","useInstanceRenderData":true}
{"class":"TSStatic","persistentId":"f02dcf69-f947-4ec8-907d-e24a10cdce7c","__parent":"roadwayGuardRails","position":[-721.401367,-133.494812,99.4735184],"isRenderEnabled":false,"rotationMatrix":[0.22415179,0.971507072,0.0770052224,-0.974346876,0.225033164,-0.00285296887,-0.0201004036,-0.0743902996,0.997026622],"shapeName":"/levels/west_coast_usa/art/shapes/objects/guardrailpost.dae","useInstanceRenderData":true}
{"class":"TSStatic","persistentId":"0be09ae0-280f-47db-9eff-407545c221e7","__parent":"roadwayGuardRails","position":[-721.101868,-132.800873,100.498772],"isRenderEnabled":false,"rotationMatrix":[0.22415179,0.971507072,0.0770052224,-0.974346876,0.225033164,-0.00285296887,-0.0201004036,-0.0743902996,0.997026622],"shapeName":"/levels/west_coast_usa/art/shapes/objects/guardrail1.dae","useInstanceRenderData":true}
{"class":"TSStatic","persistentId":"35e3d9e0-7488-40e6-af7e-532159e54003","__parent":"roadwayGuardRails","position":[-720.962708,-131.569031,99.6284866],"isRenderEnabled":false,"rotationMatrix":[0.185114145,0.980205238,0.0702157691,-0.98253566,0.185979187,-0.00593197718,-0.0188732203,-0.0678914189,0.997514188],"shapeName":"/levels/west_coast_usa/art/shapes/objects/guardrailpost.dae","useInstanceRenderData":true}
{"class":"TSStatic","persistentId":"e2cd3d4c-5fef-4a24-b8a9-6e542fe1a63e","__parent":"roadwayGuardRails","position":[-720.692871,-130.856262,100.649071],"isRenderEnabled":false,"rotationMatrix":[0.185114145,0.980205238,0.0702157691,-0.98253566,0.185979187,-0.00593197718,-0.0188732203,-0.0678914189,0.997514188],"shapeName":"/levels/west_coast_usa/art/shapes/objects/guardrail1.dae","useInstanceRenderData":true}
{"class":"TSStatic","persistentId":"810c6e6a-5d10-4e9d-9bca-c9158c8e0006","__parent":"roadwayGuardRails","position":[-720.599792,-129.611908,99.7675552],"isRenderEnabled":false,"rotationMatrix":[0.153236091,0.985067964,0.0784828812,-0.987983465,0.154341996,-0.00818830729,-0.0201792326,-0.0762850568,0.996881843],"shapeName":"/levels/west_coast_usa/art/shapes/objects/guardrailpost.dae","useInstanceRenderData":true}
{"class":"TSStatic","persistentId":"4858251d-d31c-402a-82b6-10bc9102975f","__parent":"roadwayGuardRails","position":[-720.356506,-128.898834,100.794624],"isRenderEnabled":false,"rotationMatrix":[0.153236091,0.985067964,0.0784828812,-0.987983465,0.154341996,-0.00818830729,-0.0201792326,-0.0762850568,0.996881843],"shapeName":"/levels/west_coast_usa/art/shapes/objects/guardrail1.dae","useInstanceRenderData":true}
{"class":"TSStatic","persistentId":"82938637-2bcb-4b64-b4e1-6af5d0b258e2","__parent":"roadwayGuardRails","position":[-720.310791,-127.679337,99.9247513],"isRenderEnabled":false,"rotationMatrix":[0.111905336,0.991692126,0.0634350255,-0.993545949,0.11284858,-0.0114761312,-0.0185393449,-0.0617413744,0.997919977],"shapeName":"/levels/west_coast_usa/art/shapes/objects/guardrailpost.dae","useInstanceRenderData":true}
{"class":"TSStatic","persistentId":"7674be52-69dd-401f-85b4-f8cc7b9917fd","__parent":"roadwayGuardRails","position":[-720.099121,-126.941032,100.940941],"isRenderEnabled":false,"rotationMatrix":[0.111905336,0.991692126,0.0634350255,-0.993545949,0.11284858,-0.0114761312,-0.0185393449,-0.0617413744,0.997919977],"shapeName":"/levels/west_coast_usa/art/shapes/objects/guardrail1.dae","useInstanceRenderData":true}
{"class":"TSStatic","persistentId":"a38ad54c-f09f-4ab6-a6bd-c457edec31ad","__parent":"roadwayGuardRails","position":[-720.093079,-125.718506,100.053635],"isRenderEnabled":false,"rotationMatrix":[0.0923351645,0.993982792,0.0589286312,-0.995562673,0.0932364464,-0.0127269924,-0.01814471,-0.0574919954,0.998181045],"shapeName":"/levels/west_coast_usa/art/shapes/objects/guardrailpost.dae","useInstanceRenderData":true}
{"class":"TSStatic","persistentId":"6d31284a-7d0f-4909-a2f4-3bb3f5dbf704","__parent":"roadwayGuardRails","position":[-719.89679,-124.971512,101.066544],"isRenderEnabled":false,"rotationMatrix":[0.0923351645,0.993982792,0.0589286312,-0.995562673,0.0932364464,-0.0127269924,-0.01814471,-0.0574919954,0.998181045],"shapeName":"/levels/west_coast_usa/art/shapes/objects/guardrail1.dae","useInstanceRenderData":true}
{"class":"TSStatic","persistentId":"62f76f30-c2be-473c-9656-473de74b8f2c","__parent":"roadwayGuardRails","position":[-719.914856,-123.752403,100.170174],"isRenderEnabled":false,"rotationMatrix":[0.0546378493,0.997158766,0.0518598855,-0.998347998,0.055480659,-0.0149522349,-0.0177869797,-0.0509572402,0.998542428],"shapeName":"/levels/west_coast_usa/art/shapes/objects/guardrailpost.dae","useInstanceRenderData":true}
{"class":"TSStatic","persistentId":"7ce0a0ac-379d-4f79-ad1f-3c036aad7dbe","__parent":"roadwayGuardRails","position":[-719.748779,-122.991264,101.17794],"isRenderEnabled":false,"rotationMatrix":[0.0546378493,0.997158766,0.0518598855,-0.998347998,0.055480659,-0.0149522349,-0.0177869797,-0.0509572402,0.998542428],"shapeName":"/levels/west_coast_usa/art/shapes/objects/guardrail1.dae","useInstanceRenderData":true}
{"class":"TSStatic","persistentId":"e22937ac-5136-43cc-af42-a840d2545790","__parent":"roadwayGuardRails","position":[-719.815125,-121.785912,100.27494],"isRenderEnabled":false,"rotationMatrix":[0.0230412483,0.999306023,0.0292605534,-0.999584973,0.0235338807,-0.0166045874,-0.0172816776,-0.0288658254,0.999433875],"shapeName":"/levels/west_coast_usa/art/shapes/objects/guardrailpost.dae","useInstanceRenderData":true}
{"class":"TSStatic","persistentId":"c2a937e2-5ae4-42dd-9d98-ee670519adac","__parent":"roadwayGuardRails","position":[-719.674377,-120.997292,101.265251],"isRenderEnabled":false,"rotationMatrix":[0.0230412483,0.999306023,0.0292605534,-0.999584973,0.0235338807,-0.0166045874,-0.0172816776,-0.0288658254,0.999433875],"shapeName":"/levels/west_coast_usa/art/shapes/objects/guardrail1.dae","useInstanceRenderData":true}
{"class":"TSStatic","persistentId":"583070b8-e777-4900-801c-428c72b44f44","__parent":"roadwayGuardRails","position":[-719.773804,-119.829391,100.329727],"isRenderEnabled":false,"rotationMatrix":[-0.00218594074,0.999985576,0.00492282119,-0.999847412,-0.00210022926,-0.0173494834,-0.0173388943,-0.0049599912,0.999837339],"shapeName":"/levels/west_coast_usa/art/shapes/objects/guardrailpost.dae","useInstanceRenderData":true}
{"class":"TSStatic","persistentId":"f4dbc42b-37b2-4859-bcd2-c43a121d58b8","__parent":"roadwayGuardRails","position":[-719.653748,-119.013611,101.300568],"isRenderEnabled":false,"rotationMatrix":[0.00218588114,-0.999985397,-0.00492314529,-0.999847233,-0.00209999084,-0.0173494797,0.0173388906,0.00496031484,-0.99983716],"shapeName":"/levels/west_coast_usa/art/shapes/objects/guardrail1.dae","useInstanceRenderData":true}
{"class":"TSStatic","persistentId":"dac67606-caa4-4fc0-928b-25cd003a07cd","__parent":"roadwayGuardRails","position":[-719.778931,-117.847374,100.341064],"isRenderEnabled":false,"rotationMatrix":[-0.00927090645,0.999950469,-0.00359508954,-0.999805272,-0.00933206081,-0.0173846278,-0.0174173191,0.0034332145,0.999842405],"shapeName":"/levels/west_coast_usa/art/shapes/objects/guardrailpost.dae","useInstanceRenderData":true}
{"class":"TSStatic","persistentId":"cf86d3cd-a81c-42c1-b7cb-afb68bfbd05a","__parent":"roadwayGuardRails","position":[-719.664795,-117.022522,101.304924],"isRenderEnabled":false,"rotationMatrix":[-0.00927090645,0.999950469,-0.00359508954,-0.999805272,-0.00933206081,-0.0173846278,-0.0174173191,0.0034332145,0.999842405],"shapeName":"/levels/west_coast_usa/art/shapes/objects/guardrail1.dae","useInstanceRenderData":true}
{"class":"TSStatic","persistentId":"7270108a-c403-429e-903b-a255f0a44cb9","__parent":"roadwayGuardRails","position":[-719.796631,-115.846519,100.333473],"isRenderEnabled":false,"rotationMatrix":[-0.00144088268,0.999975204,-0.00690978626,-0.999847293,-0.00156104565,-0.0174120404,-0.017422393,0.0068836431,0.999824524],"shapeName":"/levels/west_coast_usa/art/shapes/objects/guardrailpost.dae","useInstanceRenderData":true}
{"class":"TSStatic","persistentId":"e8e68c68-c29a-4c24-a95d-d2a08270f438","__parent":"roadwayGuardRails","position":[-719.676086,-115.019402,101.294601],"isRenderEnabled":false,"rotationMatrix":[-0.00144088268,0.999975204,-0.00690978626,-0.999847293,-0.00156104565,-0.0174120404,-0.017422393,0.0068836431,0.999824524],"shapeName":"/levels/west_coast_usa/art/shapes/objects/guardrail1.dae","useInstanceRenderData":true}
{"class":"TSStatic","persistentId":"c4df5292-eed0-412a-9f9b-afc72b664a87","__parent":"roadwayGuardRails","position":[-719.79834,-113.850639,100.319695],"isRenderEnabled":false,"rotationMatrix":[0.0113669038,0.999912977,-0.00668617571,-0.999783516,0.0112484097,-0.0174991228,-0.017422393,0.00688363798,0.999824524],"shapeName":"/levels/west_coast_usa/art/shapes/objects/guardrailpost.dae","useInstanceRenderData":true}
{"class":"TSStatic","persistentId":"b574e492-04fc-42d7-a3e2-1cd56f0f17f7","__parent":"roadwayGuardRails","position":[-719.667297,-113.025352,101.281013],"isRenderEnabled":false,"rotationMatrix":[0.0113669038,0.999912977,-0.00668617571,-0.999783516,0.0112484097,-0.0174991228,-0.017422393,0.00688363798,0.999824524],"shapeName":"/levels/west_coast_usa/art/shapes/objects/guardrail1.dae","useInstanceRenderData":true}
{"class":"TSStatic","persistentId":"e8bbfb35-85ef-4e3e-85d9-f7ed7bb27c4e","__parent":"roadwayGuardRails","position":[-719.768738,-111.835892,100.308838],"isRenderEnabled":false,"rotationMatrix":[0.0569854379,0.998369217,0.0034219292,-0.998221159,0.0570365191,-0.0173606128,-0.017527476,-0.00242653862,0.999843419],"shapeName":"/levels/west_coast_usa/art/shapes/objects/guardrailpost.dae","useInstanceRenderData":true}
{"class":"TSStatic","persistentId":"ef2b8246-2680-477c-b3e0-b383087e8b16","__parent":"roadwayGuardRails","position":[-719.600586,-111.027199,101.27845],"isRenderEnabled":false,"rotationMatrix":[0.0569854379,0.998369217,0.0034219292,-0.998221159,0.0570365191,-0.0173606128,-0.017527476,-0.00242653862,0.999843419],"shapeName":"/levels/west_coast_usa/art/shapes/objects/guardrail1.dae","useInstanceRenderData":true}
{"class":"TSStatic","persistentId":"bfffdb8c-5af2-43c8-9daf-0cef896cdf11","__parent":"roadwayGuardRails","position":[-719.631409,-109.813553,100.320892],"isRenderEnabled":false,"rotationMatrix":[0.147934496,0.988830566,0.0181469265,-0.988812447,0.148236454,-0.0166043397,-0.0191089157,-0.0154875563,0.999697447],"shapeName":"/levels/west_coast_usa/art/shapes/objects/guardrailpost.dae","useInstanceRenderData":true}
{"class":"TSStatic","persistentId":"4dc42938-477e-4517-ae7b-f4efbe5c7f35","__parent":"roadwayGuardRails","position":[-719.391479,-109.037926,101.30233],"isRenderEnabled":false,"rotationMatrix":[0.147934496,0.988830566,0.0181469265,-0.988812447,0.148236454,-0.0166043397,-0.0191089157,-0.0154875563,0.999697447],"shapeName":"/levels/west_coast_usa/art/shapes/objects/guardrail1.dae","useInstanceRenderData":true}
{"class":"TSStatic","persistentId":"f23cf534-d45f-4404-8aa9-173b4d66b672","__parent":"roadwayGuardRails","position":[-719.327209,-107.877518,100.356689],"isRenderEnabled":false,"rotationMatrix":[0.214864969,0.976454437,0.0192345511,-0.97645694,0.215167522,-0.0153312515,-0.0191089194,-0.0154875554,0.999697447],"shapeName":"/levels/west_coast_usa/art/shapes/objects/guardrailpost.dae","useInstanceRenderData":true}
{"class":"TSStatic","persistentId":"b20d41e9-ecd1-413e-9c61-269980ee3149","__parent":"roadwayGuardRails","position":[-719.034119,-107.121315,101.338844],"isRenderEnabled":false,"rotationMatrix":[0.214864969,0.976454437,0.0192345511,-0.97645694,0.215167522,-0.0153312515,-0.0191089194,-0.0154875554,0.999697447],"shapeName":"/levels/west_coast_usa/art/shapes/objects/guardrail1.dae","useInstanceRenderData":true}
{"class":"TSStatic","persistentId":"2f818d20-6d03-456c-8533-0a4e01b97b3d","__parent":"roadwayGuardRails","position":[-721.095398,-132.795593,100.159782],"isRenderEnabled":false,"rotationMatrix":[-0.224152088,-0.971507251,-0.0770055503,-0.974347055,0.225033104,-0.00285296887,0.0201004893,0.07439062,-0.99702692],"shapeName":"/levels/west_coast_usa/art/shapes/objects/guardrail1.dae","useInstanceRenderData":true}
{"class":"TSStatic","persistentId":"ff41cb74-f5f0-4621-927c-ec752696a45a","__parent":"roadwayGuardRails","position":[-720.686401,-130.850983,100.310081],"isRenderEnabled":false,"rotationMatrix":[0.185114145,0.980205238,0.0702157691,-0.98253566,0.185979187,-0.00593197718,-0.0188732203,-0.0678914189,0.997514188],"shapeName":"/levels/west_coast_usa/art/shapes/objects/guardrail1.dae","useInstanceRenderData":true}
{"class":"TSStatic","persistentId":"cffd3e0d-74e8-4b64-9428-b0916f9663b4","__parent":"roadwayGuardRails","position":[-720.350037,-128.893555,100.455635],"isRenderEnabled":false,"rotationMatrix":[0.153236091,0.985067964,0.0784828812,-0.987983465,0.154341996,-0.00818830729,-0.0201792326,-0.0762850568,0.996881843],"shapeName":"/levels/west_coast_usa/art/shapes/objects/guardrail1.dae","useInstanceRenderData":true}
{"class":"TSStatic","persistentId":"112b8079-d47a-4b8c-a0b7-41135144f5db","__parent":"roadwayGuardRails","position":[-720.092651,-126.935791,100.601952],"isRenderEnabled":false,"rotationMatrix":[-0.111905098,-0.991691887,-0.0634353384,-0.993545711,0.112848759,-0.011476133,0.0185393766,0.0617416836,-0.997919559],"shapeName":"/levels/west_coast_usa/art/shapes/objects/guardrail1.dae","useInstanceRenderData":true}
{"class":"TSStatic","persistentId":"3bc68ab4-87a9-49d2-be00-b0bf8c8e74a4","__parent":"roadwayGuardRails","position":[-719.89032,-124.96627,100.727554],"isRenderEnabled":false,"rotationMatrix":[0.0923351645,0.993982792,0.0589286312,-0.995562673,0.0932364464,-0.0127269924,-0.01814471,-0.0574919954,0.998181045],"shapeName":"/levels/west_coast_usa/art/shapes/objects/guardrail1.dae","useInstanceRenderData":true}
{"class":"TSStatic","persistentId":"dfc45190-7cfd-420d-8683-bd4c35155899","__parent":"roadwayGuardRails","position":[-719.74231,-122.986023,100.838951],"isRenderEnabled":false,"rotationMatrix":[0.0546378493,0.997158766,0.0518598855,-0.998347998,0.055480659,-0.0149522349,-0.0177869797,-0.0509572402,0.998542428],"shapeName":"/levels/west_coast_usa/art/shapes/objects/guardrail1.dae","useInstanceRenderData":true}
{"class":"TSStatic","persistentId":"56153b81-d0fb-49b5-9895-7ec2527b5ae8","__parent":"roadwayGuardRails","position":[-719.667908,-120.99205,100.926262],"isRenderEnabled":false,"rotationMatrix":[0.0230412483,0.999306023,0.0292605534,-0.999584973,0.0235338807,-0.0166045874,-0.0172816776,-0.0288658254,0.999433875],"shapeName":"/levels/west_coast_usa/art/shapes/objects/guardrail1.dae","useInstanceRenderData":true}
{"class":"TSStatic","persistentId":"83c3217a-4942-42d9-acbd-2ed0300e07b8","__parent":"roadwayGuardRails","position":[-719.647278,-119.008369,100.961578],"isRenderEnabled":false,"rotationMatrix":[-0.00218594074,0.999985576,0.00492282119,-0.999847412,-0.00210022926,-0.0173494834,-0.0173388943,-0.0049599912,0.999837339],"shapeName":"/levels/west_coast_usa/art/shapes/objects/guardrail1.dae","useInstanceRenderData":true}
{"class":"TSStatic","persistentId":"c38e2951-a86f-4000-805c-e88a1b708989","__parent":"roadwayGuardRails","position":[-719.658325,-117.017281,100.965935],"isRenderEnabled":false,"rotationMatrix":[-0.00927090645,0.999950469,-0.00359508954,-0.999805272,-0.00933206081,-0.0173846278,-0.0174173191,0.0034332145,0.999842405],"shapeName":"/levels/west_coast_usa/art/shapes/objects/guardrail1.dae","useInstanceRenderData":true}
{"class":"TSStatic","persistentId":"38e37f27-a43e-40fb-b122-8392680e1084","__parent":"roadwayGuardRails","position":[-719.669617,-115.01416,100.955612],"isRenderEnabled":false,"rotationMatrix":[-0.00144088268,0.999975204,-0.00690978626,-0.999847293,-0.00156104565,-0.0174120404,-0.017422393,0.0068836431,0.999824524],"shapeName":"/levels/west_coast_usa/art/shapes/objects/guardrail1.dae","useInstanceRenderData":true}
{"class":"TSStatic","persistentId":"7111062f-218f-46fd-a990-b88f25a1ec07","__parent":"roadwayGuardRails","position":[-719.660828,-113.020111,100.942024],"isRenderEnabled":false,"rotationMatrix":[-0.0113668442,-0.999913096,0.00668584974,-0.999783635,0.0112482905,-0.0174991246,0.0174223986,-0.00688331248,-0.999824524],"shapeName":"/levels/west_coast_usa/art/shapes/objects/guardrail1.dae","useInstanceRenderData":true}
{"class":"TSStatic","persistentId":"6b4130bf-0d5d-4d22-90d0-867f800ba876","__parent":"roadwayGuardRails","position":[-719.594116,-111.021957,100.939461],"isRenderEnabled":false,"rotationMatrix":[0.0569854379,0.998369217,0.0034219292,-0.998221159,0.0570365191,-0.0173606128,-0.017527476,-0.00242653862,0.999843419],"shapeName":"/levels/west_coast_usa/art/shapes/objects/guardrail1.dae","useInstanceRenderData":true}
{"class":"TSStatic","persistentId":"e7300871-5074-41b3-9a60-407fee4773e9","__parent":"roadwayGuardRails","position":[-719.38501,-109.032684,100.963341],"isRenderEnabled":false,"rotationMatrix":[0.147934496,0.988830566,0.0181469265,-0.988812447,0.148236454,-0.0166043397,-0.0191089157,-0.0154875563,0.999697447],"shapeName":"/levels/west_coast_usa/art/shapes/objects/guardrail1.dae","useInstanceRenderData":true}
{"class":"TSStatic","persistentId":"b38f6373-e046-4e17-b08e-0d771555ca9e","__parent":"roadwayGuardRails","position":[-719.027649,-107.116074,100.999855],"isRenderEnabled":false,"rotationMatrix":[0.214864969,0.976454437,0.0192345511,-0.97645694,0.215167522,-0.0153312515,-0.0191089194,-0.0154875554,0.999697447],"shapeName":"/levels/west_coast_usa/art/shapes/objects/guardrail1.dae","useInstanceRenderData":true}
{"class":"TSStatic","persistentId":"a3f43a5c-5d60-4800-9fcb-01ab094efe81","__parent":"roadwayGuardRails","position":[-718.950256,-106.164673,100.390427],"isRenderEnabled":false,"rotationMatrix":[0.214864969,0.976454437,0.0192345511,-0.97645694,0.215167522,-0.0153312515,-0.0191089194,-0.0154875554,0.999697447],"shapeName":"/levels/west_coast_usa/art/shapes/objects/guardrailpost.dae","useInstanceRenderData":true}
{"class":"TSStatic","persistentId":"b7cbc96b-23b7-47eb-8941-6582cada60df","__parent":"roadwayGuardRails","position":[-721.550781,-134.712006,100.022583],"isRenderEnabled":false,"rotationMatrix":[-0.233357906,-0.970256448,-0.0643952712,-0.972239852,0.23397696,-0.00214316882,0.0171464402,0.0621075183,-0.997922421],"shapeName":"/levels/west_coast_usa/art/shapes/objects/guardrail1.dae","useInstanceRenderData":true}
{"class":"TSStatic","persistentId":"40afdd07-5ca0-4c6d-8460-355d9b624d7c","__parent":"roadwayGuardRails","position":[-876.857666,-274.190338,100.52813],"isRenderEnabled":false,"rotationMatrix":[-0.55631876,-0.830905795,-0.0102271196,0.830867648,-0.556400895,0.00874764752,-0.0129588526,-0.00363090169,0.999909461],"shapeName":"/levels/west_coast_usa/art/shapes/objects/guardrail1.dae","useInstanceRenderData":true}
{"class":"TSStatic","persistentId":"3bc9a58a-8dca-41e0-9017-697a4a47628c","__parent":"roadwayGuardRails","position":[-876.853271,-274.189117,100.189072],"isRenderEnabled":false,"rotationMatrix":[-0.55631876,-0.830905795,-0.0102271196,0.830867648,-0.556400895,0.00874764752,-0.0129588526,-0.00363090169,0.999909461],"shapeName":"/levels/west_coast_usa/art/shapes/objects/guardrail1.dae","useInstanceRenderData":true}
{"class":"TSStatic","persistentId":"3dfdbc39-a70e-428f-bd98-72bdbaec9e5f","__parent":"roadwayGuardRails","position":[-877.254883,-275.039032,99.5552826],"isRenderEnabled":false,"rotationMatrix":[-0.508032441,-0.861283302,-0.00971163437,0.861240506,-0.508112311,0.0093166288,-0.0129588563,-0.00363090332,0.999909461],"shapeName":"/levels/west_coast_usa/art/shapes/objects/guardrailpost.dae","useInstanceRenderData":true}
{"class":"TSStatic","persistentId":"c77cc8b5-268a-47ac-be73-46beaca105fc","__parent":"roadwayGuardRails","position":[-877.918518,-275.873749,100.50827],"isRenderEnabled":false,"rotationMatrix":[-0.508032441,-0.861283302,-0.00971163437,0.861240506,-0.508112311,0.0093166288,-0.0129588563,-0.00363090332,0.999909461],"shapeName":"/levels/west_coast_usa/art/shapes/objects/guardrail1.dae","useInstanceRenderData":true}
{"class":"TSStatic","persistentId":"10daeeb2-72b9-4d09-bb23-0ebf97fd1d03","__parent":"roadwayGuardRails","position":[-877.914124,-275.872528,100.169212],"isRenderEnabled":false,"rotationMatrix":[-0.508032441,-0.861283302,-0.00971163437,0.861240506,-0.508112311,0.0093166288,-0.0129588563,-0.00363090332,0.999909461],"shapeName":"/levels/west_coast_usa/art/shapes/objects/guardrail1.dae","useInstanceRenderData":true}
{"class":"TSStatic","persistentId":"400f4a5b-3147-41ff-a975-762cbc8f9534","__parent":"roadwayGuardRails","position":[-878.261169,-276.744995,99.5360413],"isRenderEnabled":false,"rotationMatrix":[-0.508032441,-0.861283302,-0.00971163437,0.861240506,-0.508112311,0.0093166288,-0.0129588563,-0.00363090332,0.999909461],"shapeName":"/levels/west_coast_usa/art/shapes/objects/guardrailpost.dae","useInstanceRenderData":true}
{"class":"TSStatic","persistentId":"36c1b7f1-e15c-489d-997c-8331f85a18a2","__parent":"roadwayGuardRails","position":[-878.940063,-277.570435,100.494446],"isRenderEnabled":false,"rotationMatrix":[0.522583604,0.852575898,0.00457119383,0.852526307,-0.522603154,0.0092406515,0.0102672735,-0.000931951683,-0.999947309],"shapeName":"/levels/west_coast_usa/art/shapes/objects/guardrail1.dae","useInstanceRenderData":true}
{"class":"TSStatic","persistentId":"95d827e3-052f-4e0b-98c8-cf7cbf924944","__parent":"roadwayGuardRails","position":[-878.936584,-277.57077,100.155373],"isRenderEnabled":false,"rotationMatrix":[-0.522583842,-0.852575719,-0.00457151933,0.852526128,-0.522602916,0.00924064964,-0.0102674421,0.000931673683,0.999946833],"shapeName":"/levels/west_coast_usa/art/shapes/objects/guardrail1.dae","useInstanceRenderData":true}
{"class":"TSStatic","persistentId":"1b9f2777-3e14-454d-b352-9388a6d6b248","__parent":"roadwayGuardRails","position":[-879.300049,-278.439941,99.5269623],"isRenderEnabled":false,"rotationMatrix":[-0.522583842,-0.852575719,-0.00457151933,0.852526128,-0.522602916,0.00924064964,-0.0102674421,0.000931673683,0.999946833],"shapeName":"/levels/west_coast_usa/art/shapes/objects/guardrailpost.dae","useInstanceRenderData":true}
{"class":"TSStatic","persistentId":"ed9f09f6-d54d-447a-a055-c62aaa9abad9","__parent":"roadwayGuardRails","position":[-879.993591,-279.236237,100.499634],"isRenderEnabled":false,"rotationMatrix":[-0.549103379,-0.835671782,0.0117564565,0.835752964,-0.549021482,0.00961323641,-0.00157896336,0.0151041541,0.999884665],"shapeName":"/levels/west_coast_usa/art/shapes/objects/guardrail1.dae","useInstanceRenderData":true}
{"class":"TSStatic","persistentId":"9760bffb-d0e8-4f7e-8d70-913c1d4d1581","__parent":"roadwayGuardRails","position":[-879.993042,-279.241425,100.160583],"isRenderEnabled":false,"rotationMatrix":[-0.549103379,-0.835671782,0.0117564565,0.835752964,-0.549021482,0.00961323641,-0.00157896336,0.0151041541,0.999884665],"shapeName":"/levels/west_coast_usa/art/shapes/objects/guardrail1.dae","useInstanceRenderData":true}
{"class":"TSStatic","persistentId":"e141541b-da48-47c8-9c8b-33809e40892a","__parent":"roadwayGuardRails","position":[-880.389038,-280.1073,99.5475082],"isRenderEnabled":false,"rotationMatrix":[-0.549103379,-0.835671782,0.0117564565,0.835752964,-0.549021482,0.00961323641,-0.00157896336,0.0151041541,0.999884665],"shapeName":"/levels/west_coast_usa/art/shapes/objects/guardrailpost.dae","useInstanceRenderData":true}
{"class":"TSStatic","persistentId":"ec27965c-a042-45ff-a780-deb5152fba6b","__parent":"roadwayGuardRails","position":[-881.102722,-280.897217,100.520103],"isRenderEnabled":false,"rotationMatrix":[-0.561583996,-0.827373326,0.00872339495,0.827413142,-0.561507821,0.00978868455,-0.00320064137,0.0127150249,0.99991405],"shapeName":"/levels/west_coast_usa/art/shapes/objects/guardrail1.dae","useInstanceRenderData":true}
{"class":"TSStatic","persistentId":"ffd2583f-e8a1-46c2-b561-d1646b5edce7","__parent":"roadwayGuardRails","position":[-881.101624,-280.901581,100.181046],"isRenderEnabled":false,"rotationMatrix":[-0.561583996,-0.827373326,0.00872339495,0.827413142,-0.561507821,0.00978868455,-0.00320064137,0.0127150249,0.99991405],"shapeName":"/levels/west_coast_usa/art/shapes/objects/guardrail1.dae","useInstanceRenderData":true}
{"class":"TSStatic","persistentId":"020c55e0-0108-498b-b7ee-dcb9c29c5af1","__parent":"roadwayGuardRails","position":[-881.509399,-281.759949,99.5651474],"isRenderEnabled":false,"rotationMatrix":[-0.561583996,-0.827373326,0.00872339495,0.827413142,-0.561507821,0.00978868455,-0.00320064137,0.0127150249,0.99991405],"shapeName":"/levels/west_coast_usa/art/shapes/objects/guardrailpost.dae","useInstanceRenderData":true}
{"class":"TSStatic","persistentId":"2109391c-6e35-4162-b088-c0c98a8885c0","__parent":"roadwayGuardRails","position":[-882.210999,-282.497406,100.522064],"isRenderEnabled":false,"rotationMatrix":[-0.577606916,-0.81628257,-0.00728694629,0.816221893,-0.577652812,0.00995815918,-0.0123379966,-0.000195864122,0.999923885],"shapeName":"/levels/west_coast_usa/art/shapes/objects/guardrail1.dae","useInstanceRenderData":true}
{"class":"TSStatic","persistentId":"a7379279-0d82-417a-8df0-ebd24fe5fcd3","__parent":"roadwayGuardRails","position":[-882.206787,-282.497375,100.183006],"isRenderEnabled":false,"rotationMatrix":[-0.577606916,-0.81628257,-0.00728694629,0.816221893,-0.577652812,0.00995815918,-0.0123379966,-0.000195864122,0.999923885],"shapeName":"/levels/west_coast_usa/art/shapes/objects/guardrail1.dae","useInstanceRenderData":true}
{"class":"TSStatic","persistentId":"50d3defb-9427-4a74-90b9-0cf705c0000f","__parent":"roadwayGuardRails","position":[-882.625366,-283.339569,99.5521774],"isRenderEnabled":false,"rotationMatrix":[-0.577606916,-0.81628257,-0.00728694629,0.816221893,-0.577652812,0.00995815918,-0.0123379966,-0.000195864122,0.999923885],"shapeName":"/levels/west_coast_usa/art/shapes/objects/guardrailpost.dae","useInstanceRenderData":true}
{"class":"TSStatic","persistentId":"dbb9a906-f48a-45a2-919d-a2b82d9a6f56","__parent":"roadwayGuardRails","position":[-883.362244,-284.092743,100.507545],"isRenderEnabled":false,"rotationMatrix":[-0.592454433,-0.805568993,-0.00746805314,0.80550915,-0.592501521,0.00982306711,-0.0123379948,-0.000195863657,0.999923885],"shapeName":"/levels/west_coast_usa/art/shapes/objects/guardrail1.dae","useInstanceRenderData":true}
{"class":"TSStatic","persistentId":"6e5ba432-c726-4193-b920-81d6370faad9","__parent":"roadwayGuardRails","position":[-883.358032,-284.092712,100.168488],"isRenderEnabled":false,"rotationMatrix":[-0.592454433,-0.805568993,-0.00746805314,0.80550915,-0.592501521,0.00982306711,-0.0123379948,-0.000195863657,0.999923885],"shapeName":"/levels/west_coast_usa/art/shapes/objects/guardrail1.dae","useInstanceRenderData":true}
{"class":"TSStatic","persistentId":"e745431d-be90-482e-a194-26c7aeb5b63a","__parent":"roadwayGuardRails","position":[-883.791992,-284.926941,99.537468],"isRenderEnabled":false,"rotationMatrix":[-0.592454433,-0.805568993,-0.00746805314,0.80550915,-0.592501521,0.00982306711,-0.0123379948,-0.000195863657,0.999923885],"shapeName":"/levels/west_coast_usa/art/shapes/objects/guardrailpost.dae","useInstanceRenderData":true}
{"class":"TSStatic","persistentId":"831565b9-77f4-4dd9-96d4-2daa9106fe89","__parent":"roadwayGuardRails","position":[-884.547241,-285.68866,100.496086],"isRenderEnabled":false,"rotationMatrix":[-0.599587321,-0.800299048,-0.00414356263,0.800243616,-0.599596262,0.00975670572,-0.0102927443,0.00253413455,0.999943793],"shapeName":"/levels/west_coast_usa/art/shapes/objects/guardrail1.dae","useInstanceRenderData":true}
{"class":"TSStatic","persistentId":"192c067b-0455-451b-8668-c9b55bb6c3e3","__parent":"roadwayGuardRails","position":[-884.543701,-285.689545,100.157028],"isRenderEnabled":false,"rotationMatrix":[0.599587083,0.800298691,0.00414323527,0.800243258,-0.599595547,0.00975670107,0.0102925431,-0.00253439439,-0.999943376],"shapeName":"/levels/west_coast_usa/art/shapes/objects/guardrail1.dae","useInstanceRenderData":true}
{"class":"TSStatic","persistentId":"021a1668-df89-48f9-be23-fb7a98edd214","__parent":"roadwayGuardRails","position":[-884.986389,-286.521545,99.5290833],"isRenderEnabled":false,"rotationMatrix":[-0.599587321,-0.800299048,-0.00414356263,0.800243616,-0.599596262,0.00975670572,-0.0102927443,0.00253413455,0.999943793],"shapeName":"/levels/west_coast_usa/art/shapes/objects/guardrailpost.dae","useInstanceRenderData":true}
{"class":"TSStatic","persistentId":"1758a06f-4971-44b3-8c2e-e1856b70b189","__parent":"roadwayGuardRails","position":[-885.745422,-287.254333,100.486633],"isRenderEnabled":false,"rotationMatrix":[-0.615988731,-0.78773576,-0.00544581702,0.787678182,-0.616010547,0.00966896489,-0.0109712724,0.0016664234,0.999938428],"shapeName":"/levels/west_coast_usa/art/shapes/objects/guardrail1.dae","useInstanceRenderData":true}
{"class":"TSStatic","persistentId":"ce83f00a-3cdc-4984-ad1b-7be3742be39c","__parent":"roadwayGuardRails","position":[-885.741638,-287.254913,100.147575],"isRenderEnabled":false,"rotationMatrix":[-0.615988731,-0.78773576,-0.00544581702,0.787678182,-0.616010547,0.00966896489,-0.0109712724,0.0016664234,0.999938428],"shapeName":"/levels/west_coast_usa/art/shapes/objects/guardrail1.dae","useInstanceRenderData":true}
{"class":"TSStatic","persistentId":"5b8c5e16-752d-4337-8e01-cb4abbcd6783","__parent":"roadwayGuardRails","position":[-886.200989,-288.076904,99.5184021],"isRenderEnabled":false,"rotationMatrix":[-0.615988731,-0.78773576,-0.00544581702,0.787678182,-0.616010547,0.00966896489,-0.0109712724,0.0016664234,0.999938428],"shapeName":"/levels/west_coast_usa/art/shapes/objects/guardrailpost.dae","useInstanceRenderData":true}
{"class":"TSStatic","persistentId":"3d2186b1-b24a-4818-a51a-519f808e4e4d","__parent":"roadwayGuardRails","position":[-886.970032,-288.798126,100.471458],"isRenderEnabled":false,"rotationMatrix":[-0.627803683,-0.778302968,-0.010333946,0.778247535,-0.627885342,0.00951335113,-0.0138928052,-0.00206985022,0.999901354],"shapeName":"/levels/west_coast_usa/art/shapes/objects/guardrail1.dae","useInstanceRenderData":true}
{"class":"TSStatic","persistentId":"6fa5eead-6ba8-4f5b-b08e-be9916106001","__parent":"roadwayGuardRails","position":[-886.965271,-288.797455,100.132416],"isRenderEnabled":false,"rotationMatrix":[-0.627803683,-0.778302968,-0.010333946,0.778247535,-0.627885342,0.00951335113,-0.0138928052,-0.00206985022,0.999901354],"shapeName":"/levels/west_coast_usa/art/shapes/objects/guardrail1.dae","useInstanceRenderData":true}
{"class":"TSStatic","persistentId":"c8e87f9c-c9a7-4ee1-b33b-a8ca62b214af","__parent":"roadwayGuardRails","position":[-887.43512,-289.609924,99.4986801],"isRenderEnabled":false,"rotationMatrix":[-0.627803683,-0.778302968,-0.010333946,0.778247535,-0.627885342,0.00951335113,-0.0138928052,-0.00206985022,0.999901354],"shapeName":"/levels/west_coast_usa/art/shapes/objects/guardrailpost.dae","useInstanceRenderData":true}
{"class":"TSStatic","persistentId":"9b8a97b9-f5fe-481e-bb71-777a6c78622a","__parent":"roadwayGuardRails","position":[-888.225037,-290.333984,100.442863],"isRenderEnabled":false,"rotationMatrix":[-0.637619138,-0.770126879,-0.0185985472,0.770116985,-0.637834907,0.00927510206,-0.0190058146,-0.00840907451,0.999783993],"shapeName":"/levels/west_coast_usa/art/shapes/objects/guardrail1.dae","useInstanceRenderData":true}
{"class":"TSStatic","persistentId":"483daf08-492e-4475-b214-f24e37112660","__parent":"roadwayGuardRails","position":[-888.218567,-290.331146,100.103867],"isRenderEnabled":false,"rotationMatrix":[-0.637619138,-0.770126879,-0.0185985472,0.770116985,-0.637834907,0.00927510206,-0.0190058146,-0.00840907451,0.999783993],"shapeName":"/levels/west_coast_usa/art/shapes/objects/guardrail1.dae","useInstanceRenderData":true}
{"class":"TSStatic","persistentId":"dee3a022-d7a3-456c-ad48-ea7b2d31519f","__parent":"roadwayGuardRails","position":[-888.695496,-291.133392,99.4624481],"isRenderEnabled":false,"rotationMatrix":[-0.637619138,-0.770126879,-0.0185985472,0.770116985,-0.637834907,0.00927510206,-0.0190058146,-0.00840907451,0.999783993],"shapeName":"/levels/west_coast_usa/art/shapes/objects/guardrailpost.dae","useInstanceRenderData":true}
{"class":"TSStatic","persistentId":"454d8c22-b391-4af7-b06c-b592398cfe8d","__parent":"roadwayGuardRails","position":[-889.520752,-291.868927,100.405312],"isRenderEnabled":false,"rotationMatrix":[-0.653312564,-0.75685519,-0.0187852494,0.756849706,-0.653528571,0.00889089704,-0.0190058164,-0.00840907544,0.999783993],"shapeName":"/levels/west_coast_usa/art/shapes/objects/guardrail1.dae","useInstanceRenderData":true}
{"class":"TSStatic","persistentId":"cfd0d2fa-9784-4618-8940-0c7ae9c90c10","__parent":"roadwayGuardRails","position":[-889.514282,-291.866089,100.066315],"isRenderEnabled":false,"rotationMatrix":[-0.653312564,-0.75685519,-0.0187852494,0.756849706,-0.653528571,0.00889089704,-0.0190058164,-0.00840907544,0.999783993],"shapeName":"/levels/west_coast_usa/art/shapes/objects/guardrail1.dae","useInstanceRenderData":true}
{"class":"TSStatic","persistentId":"568c616b-8073-41f2-bda2-bb3027c0cc91","__parent":"roadwayGuardRails","position":[-890.00769,-292.658112,99.4246674],"isRenderEnabled":false,"rotationMatrix":[-0.653312564,-0.75685519,-0.0187852494,0.756849706,-0.653528571,0.00889089704,-0.0190058164,-0.00840907544,0.999783993],"shapeName":"/levels/west_coast_usa/art/shapes/objects/guardrailpost.dae","useInstanceRenderData":true}
{"class":"TSStatic","persistentId":"cbc3c5cb-3033-4b0a-b257-66383cf31f30","__parent":"roadwayGuardRails","position":[-890.839844,-293.332611,100.36792],"isRenderEnabled":false,"rotationMatrix":[0.688305855,0.725166917,0.0191836115,0.725171566,-0.688521862,0.00799437333,0.019005591,0.00840883609,-0.999783993],"shapeName":"/levels/west_coast_usa/art/shapes/objects/guardrail1.dae","useInstanceRenderData":true}
{"class":"TSStatic","persistentId":"234bc7ef-3dd9-41de-8f40-4b1ca2392d88","__parent":"roadwayGuardRails","position":[-890.833374,-293.329773,100.028923],"isRenderEnabled":false,"rotationMatrix":[-0.688306093,-0.725167096,-0.0191839449,0.725171745,-0.6885221,0.00799437705,-0.0190058202,-0.00840907637,0.999783993],"shapeName":"/levels/west_coast_usa/art/shapes/objects/guardrail1.dae","useInstanceRenderData":true}
{"class":"TSStatic","persistentId":"f37d9d94-6def-4c12-b616-ede97dfa769c","__parent":"roadwayGuardRails","position":[-891.363892,-294.097046,99.3867798],"isRenderEnabled":false,"rotationMatrix":[-0.688306093,-0.725167096,-0.0191839449,0.725171745,-0.6885221,0.00799437705,-0.0190058202,-0.00840907637,0.999783993],"shapeName":"/levels/west_coast_usa/art/shapes/objects/guardrailpost.dae","useInstanceRenderData":true}
{"class":"TSStatic","persistentId":"4a722803-2835-463f-b36d-e0ff5a0f6541","__parent":"roadwayGuardRails","position":[-892.209656,-294.751923,100.316475],"isRenderEnabled":false,"rotationMatrix":[0.700261831,0.713205397,0.0311667286,0.713363588,-0.700751901,0.0076670358,0.0273083225,0.0168642811,-0.999484539],"shapeName":"/levels/west_coast_usa/art/shapes/objects/guardrail1.dae","useInstanceRenderData":true}
{"class":"TSStatic","persistentId":"f107dd5f-b670-46b0-8088-743fced9d5ee","__parent":"roadwayGuardRails","position":[-892.200378,-294.746216,99.9775772],"isRenderEnabled":false,"rotationMatrix":[-0.700261712,-0.713205516,-0.0311670657,0.713363707,-0.700752139,0.00766703812,-0.027308559,-0.0168645177,0.999484777],"shapeName":"/levels/west_coast_usa/art/shapes/objects/guardrail1.dae","useInstanceRenderData":true}
{"class":"TSStatic","persistentId":"6824c3cb-e729-44b7-af03-a00984e5c149","__parent":"roadwayGuardRails","position":[-892.738464,-295.498718,99.3243866],"isRenderEnabled":false,"rotationMatrix":[-0.700261712,-0.713205516,-0.0311670657,0.713363707,-0.700752139,0.00766703812,-0.027308559,-0.0168645177,0.999484777],"shapeName":"/levels/west_coast_usa/art/shapes/objects/guardrailpost.dae","useInstanceRenderData":true}
{"class":"TSStatic","persistentId":"0f0a0fe6-ff22-4fa3-b706-7a2559390584","__parent":"roadwayGuardRails","position":[-893.550842,-296.101257,100.25705],"isRenderEnabled":false,"rotationMatrix":[0.710504472,0.702997327,0.0312750004,0.703162551,-0.710992455,0.00721552875,0.0273087863,0.0168647431,-0.999484777],"shapeName":"/levels/west_coast_usa/art/shapes/objects/guardrail1.dae","useInstanceRenderData":true}
{"class":"TSStatic","persistentId":"8044241b-1bb3-4709-a1fb-b2e232f7da4e","__parent":"roadwayGuardRails","position":[-893.541565,-296.095551,99.9181519],"isRenderEnabled":false,"rotationMatrix":[-0.710504651,-0.702997446,-0.0312746838,0.70316267,-0.710992694,0.00721553061,-0.0273085628,-0.0168645196,0.999484777],"shapeName":"/levels/west_coast_usa/art/shapes/objects/guardrail1.dae","useInstanceRenderData":true}
{"class":"TSStatic","persistentId":"24f4f951-4598-4239-bf68-51c2a98ef0b6","__parent":"roadwayGuardRails","position":[-894.090637,-296.839935,99.264801],"isRenderEnabled":false,"rotationMatrix":[-0.710504651,-0.702997446,-0.0312746838,0.70316267,-0.710992694,0.00721553061,-0.0273085628,-0.0168645196,0.999484777],"shapeName":"/levels/west_coast_usa/art/shapes/objects/guardrailpost.dae","useInstanceRenderData":true}
{"class":"TSStatic","persistentId":"63edfc15-de9a-4260-bd48-b4dc52a6b647","__parent":"roadwayGuardRails","position":[-894.951355,-297.467407,100.203522],"isRenderEnabled":false,"rotationMatrix":[-0.721337199,-0.692206502,-0.0228706766,0.692260623,-0.721616268,0.00673840661,-0.0211682189,-0.010971806,0.999715745],"shapeName":"/levels/west_coast_usa/art/shapes/objects/guardrail1.dae","useInstanceRenderData":true}
{"class":"TSStatic","persistentId":"a831a228-bad8-42ff-a98e-24a781dbf4c4","__parent":"roadwayGuardRails","position":[-894.944153,-297.463715,99.8645477],"isRenderEnabled":false,"rotationMatrix":[-0.721337199,-0.692206502,-0.0228706766,0.692260623,-0.721616268,0.00673840661,-0.0211682189,-0.010971806,0.999715745],"shapeName":"/levels/west_coast_usa/art/shapes/objects/guardrail1.dae","useInstanceRenderData":true}
{"class":"TSStatic","persistentId":"05d9d0f7-61f7-4a19-ba6c-85663d8ab03e","__parent":"roadwayGuardRails","position":[-895.508667,-298.203156,99.2188263],"isRenderEnabled":false,"rotationMatrix":[-0.721337199,-0.692206502,-0.0228706766,0.692260623,-0.721616268,0.00673840661,-0.0211682189,-0.010971806,0.999715745],"shapeName":"/levels/west_coast_usa/art/shapes/objects/guardrailpost.dae","useInstanceRenderData":true}
{"class":"TSStatic","persistentId":"232b69db-9c2b-4fc9-8550-0e64eb7216d0","__parent":"roadwayGuardRails","position":[-896.395935,-298.826385,100.169067],"isRenderEnabled":false,"rotationMatrix":[-0.73444736,-0.678551972,-0.0124320332,0.678533375,-0.734542727,0.00630587479,-0.013410721,-0.00380421663,0.999902844],"shapeName":"/levels/west_coast_usa/art/shapes/objects/guardrail1.dae","useInstanceRenderData":true}
{"class":"TSStatic","persistentId":"c6f7c08c-bd15-46f1-b897-d766cf1aeb5f","__parent":"roadwayGuardRails","position":[-896.391357,-298.825134,99.8300247],"isRenderEnabled":false,"rotationMatrix":[-0.73444736,-0.678551972,-0.0124320332,0.678533375,-0.734542727,0.00630587479,-0.013410721,-0.00380421663,0.999902844],"shapeName":"/levels/west_coast_usa/art/shapes/objects/guardrail1.dae","useInstanceRenderData":true}
