{"class":"TSStatic","persistentId":"5631b43e-a4a2-468f-bfe1-44ef596948d0","__parent":"plastic_barrier","position":[1031.43872,-37.6188812,115.11998],"annotation":"OBSTACLES","isRenderEnabled":false,"rotationMatrix":[0.630399704,-0.775623918,0.0316809714,0.768848181,0.62948209,0.112359717,-0.107091486,-0.0464736708,0.993162453],"shapeName":"/levels/johnson_valley/art/shapes/misc/hr_plasticbarrier.DAE","useInstanceRenderData":true}
{"class":"TSStatic","persistentId":"ef0d3095-e8dc-441f-9177-a7b03c6e6f3f","__parent":"plastic_barrier","position":[1029.75928,-35.1613884,115.087364],"annotation":"OBSTACLES","isRenderEnabled":false,"rotationMatrix":[0.456874549,-0.889528394,0.0022107251,0.883065104,0.453851223,0.11922726,-0.107059374,-0.0525196828,0.992864549],"shapeName":"/levels/johnson_valley/art/shapes/misc/hr_plasticbarrier.DAE","useInstanceRenderData":true}
{"class":"TSStatic","persistentId":"2ac97b99-4591-4ab3-8774-74e48c2172c1","__parent":"plastic_barrier","position":[1028.60254,-32.4155998,115.084297],"annotation":"OBSTACLES","isRenderEnabled":false,"rotationMatrix":[0.278864503,-0.960315585,-0.00534991547,0.953645229,0.276262701,0.119330086,-0.113116562,-0.0383788422,0.99284023],"shapeName":"/levels/johnson_valley/art/shapes/misc/hr_plasticbarrier.DAE","useInstanceRenderData":true}
{"class":"TSStatic","persistentId":"1a4d0025-0927-4ed7-b237-9501fcda20c7","__parent":"plastic_barrier","position":[1028.18396,-29.4730244,115.120499],"annotation":"OBSTACLES","isRenderEnabled":false,"rotationMatrix":[0.0068924427,-0.999744654,-0.021518454,0.992366672,0.00418871641,0.12325123,-0.123129621,-0.0222036988,0.9921422],"shapeName":"/levels/johnson_valley/art/shapes/misc/hr_plasticbarrier.DAE","useInstanceRenderData":true}
{"class":"TSStatic","persistentId":"4a7be3f5-a3af-4c14-8f1f-73a9a7928d44","__parent":"plastic_barrier","position":[1028.36951,-26.4975376,115.170982],"annotation":"OBSTACLES","isRenderEnabled":false,"rotationMatrix":[-0.096134305,-0.995298386,-0.011804238,0.990210176,-0.0968352556,0.100532383,-0.101202779,-0.00202406198,0.994863749],"shapeName":"/levels/johnson_valley/art/shapes/misc/hr_plasticbarrier.DAE","useInstanceRenderData":true}
{"class":"TSStatic","persistentId":"3bf20a31-7ca9-4311-a51f-07f2c3c66b15","__parent":"plastic_barrier","position":[1028.72522,-23.5357533,115.187027],"annotation":"OBSTACLES","isRenderEnabled":false,"rotationMatrix":[-0.128869653,-0.991661489,0.000146973878,0.983985841,-0.127853751,0.12419834,-0.123143926,0.0161500201,0.992257416],"shapeName":"/levels/johnson_valley/art/shapes/misc/hr_plasticbarrier.DAE","useInstanceRenderData":true}
{"class":"TSStatic","persistentId":"f4d8a1f6-7838-4ee9-b945-5308682b816c","__parent":"plastic_barrier","position":[1030.52734,-36.4282227,115.098328],"annotation":"OBSTACLES","isRenderEnabled":false,"rotationMatrix":[0.564582944,-0.82103008,0.0845914111,0.796032488,0.568728447,0.207075566,-0.218124807,-0.0495738164,0.974660993],"shapeName":"/levels/johnson_valley/art/shapes/misc/hr_plasticbarrier_red.DAE","useInstanceRenderData":true}
{"class":"TSStatic","persistentId":"13dcc4a1-a013-43cd-bef5-b8125814245e","__parent":"plastic_barrier","position":[1029.12158,-33.803791,115.089127],"annotation":"OBSTACLES","isRenderEnabled":false,"rotationMatrix":[0.396473706,-0.918037653,-0.0039425306,0.911780953,0.393263519,0.118318647,-0.107070506,-0.0505049564,0.992967844],"shapeName":"/levels/johnson_valley/art/shapes/misc/hr_plasticbarrier_red.DAE","useInstanceRenderData":true}
{"class":"TSStatic","persistentId":"4c5c5ab3-d312-41db-9b96-1ab25e492be4","__parent":"plastic_barrier","position":[1028.28589,-30.9512386,115.099724],"annotation":"OBSTACLES","isRenderEnabled":false,"rotationMatrix":[0.121020734,-0.992462218,-0.019306615,0.984989107,0.117652297,0.126311094,-0.12308751,-0.0343030728,0.991802812],"shapeName":"/levels/johnson_valley/art/shapes/misc/hr_plasticbarrier_red.DAE","useInstanceRenderData":true}
{"class":"TSStatic","persistentId":"c392696a-920d-47ba-bc82-8756176ca8ab","__parent":"plastic_barrier","position":[1028.24036,-27.9749298,115.152069],"annotation":"OBSTACLES","isRenderEnabled":false,"rotationMatrix":[-0.0735358,-0.997065127,-0.0212973543,0.989659727,-0.0755934715,0.121898755,-0.123150945,-0.0121132098,0.992314041],"shapeName":"/levels/johnson_valley/art/shapes/misc/hr_plasticbarrier_red.DAE","useInstanceRenderData":true}
{"class":"TSStatic","persistentId":"b9f11b24-7c1b-4f74-9908-94fd56519727","__parent":"plastic_barrier","position":[1028.53833,-25.0071583,115.183136],"annotation":"OBSTACLES","isRenderEnabled":false,"rotationMatrix":[-0.121605992,-0.992532313,-0.00956882164,0.986329496,-0.121914864,0.110864162,-0.111202851,0.00404373556,0.993789494],"shapeName":"/levels/johnson_valley/art/shapes/misc/hr_plasticbarrier_red.DAE","useInstanceRenderData":true}
{"class":"TSStatic","persistentId":"e8fd9638-e9a5-4591-b0f6-2afac8a8de27","__parent":"plastic_barrier","position":[1028.92432,-22.0490284,115.186066],"annotation":"OBSTACLES","isRenderEnabled":false,"rotationMatrix":[-0.133647084,-0.991014123,0.00543318689,0.981235862,-0.131555557,0.140958533,-0.138977125,0.0241699368,0.990000606],"shapeName":"/levels/johnson_valley/art/shapes/misc/hr_plasticbarrier_red.DAE","useInstanceRenderData":true}
{"class":"TSStatic","persistentId":"fe3b2e40-cd26-44a0-8002-201dd5e23021","__parent":"plastic_barrier","position":[1032.48303,-8.57921791,115.354759],"annotation":"OBSTACLES","isRenderEnabled":false,"rotationMatrix":[0.0168771148,-0.999849141,0.00411106646,0.992966592,0.0162788033,-0.117270708,0.117186092,0.00606135279,0.993091464],"shapeName":"/levels/johnson_valley/art/shapes/misc/hr_plasticbarrier.DAE","useInstanceRenderData":true}
{"class":"TSStatic","persistentId":"123b4b6f-a506-4cd4-8705-6d7d7f66255d","__parent":"plastic_barrier","position":[1032.35962,-5.59986019,115.297752],"annotation":"OBSTACLES","isRenderEnabled":false,"rotationMatrix":[0.0711871386,-0.996740699,0.0379515253,0.986316323,0.064668417,-0.151650906,0.148702368,0.0482277907,0.98770529],"shapeName":"/levels/johnson_valley/art/shapes/misc/hr_plasticbarrier.DAE","useInstanceRenderData":true}
{"class":"TSStatic","persistentId":"d5a1c127-b915-4c65-be42-ffe921c904c8","__parent":"plastic_barrier","position":[1031.92896,-2.65529442,115.238678],"annotation":"OBSTACLES","isRenderEnabled":false,"rotationMatrix":[0.200201035,-0.979631662,-0.0155328512,0.942822456,0.196941972,-0.268885702,0.266468018,0.0391864777,0.963046849],"shapeName":"/levels/johnson_valley/art/shapes/misc/hr_plasticbarrier.DAE","useInstanceRenderData":true}
{"class":"TSStatic","persistentId":"e8ac6b6c-40de-4afc-b945-6d0222c9abd9","__parent":"plastic_barrier","position":[1031.24683,0.239194646,115.040024],"annotation":"OBSTACLES","isRenderEnabled":false,"rotationMatrix":[0.24276197,-0.967365205,0.0726027787,0.942970693,0.217743397,-0.251781583,0.227755964,0.129585281,0.965056956],"shapeName":"/levels/johnson_valley/art/shapes/misc/hr_plasticbarrier.DAE","useInstanceRenderData":true}
{"class":"TSStatic","persistentId":"8d3a5de4-a7c2-41f3-9238-d353baac823a","__parent":"plastic_barrier","position":[1030.33374,3.07369161,114.904793],"annotation":"OBSTACLES","isRenderEnabled":false,"rotationMatrix":[0.353551805,-0.931164742,0.0890691802,0.930020809,0.339704812,-0.140221283,0.100311883,0.132411674,0.9861058],"shapeName":"/levels/johnson_valley/art/shapes/misc/hr_plasticbarrier.DAE","useInstanceRenderData":true}
{"class":"TSStatic","persistentId":"4740d397-c9cd-4375-a41b-863ce5be777f","__parent":"plastic_barrier","position":[1029.09094,5.77634811,114.710068],"annotation":"OBSTACLES","isRenderEnabled":false,"rotationMatrix":[0.485586166,-0.87333411,0.0386475511,0.866391718,0.474893034,-0.154408649,0.116496891,0.108462617,0.987250924],"shapeName":"/levels/johnson_valley/art/shapes/misc/hr_plasticbarrier.DAE","useInstanceRenderData":true}
{"class":"TSStatic","persistentId":"13dc52cd-49db-4881-89df-63f550baf4b6","__parent":"plastic_barrier","position":[1027.55164,8.32552338,114.571976],"annotation":"OBSTACLES","isRenderEnabled":false,"rotationMatrix":[0.547879755,-0.831858158,0.0885427296,0.836547375,0.545307994,-0.0531771071,-0.00404724851,0.103204846,0.994651914],"shapeName":"/levels/johnson_valley/art/shapes/misc/hr_plasticbarrier.DAE","useInstanceRenderData":true}
{"class":"TSStatic","persistentId":"21f2ada0-9d1a-44c1-8786-cd778cb6cd1e","__parent":"plastic_barrier","position":[1025.82825,10.7553329,114.439491],"annotation":"OBSTACLES","isRenderEnabled":false,"rotationMatrix":[0.600696504,-0.799457192,0.00564335287,0.798227787,0.599348426,-0.0601155162,0.0446774513,0.0406158641,0.998175502],"shapeName":"/levels/johnson_valley/art/shapes/misc/hr_plasticbarrier.DAE","useInstanceRenderData":true}
{"class":"TSStatic","persistentId":"9053409e-b765-4987-a285-6f6ce20a2393","__parent":"plastic_barrier","position":[1023.90613,13.0330296,114.474373],"annotation":"OBSTACLES","isRenderEnabled":false,"rotationMatrix":[0.693671227,-0.719626844,-0.0309424959,0.718638837,0.69434911,-0.0379150994,0.0487696193,0.00406413525,0.998801768],"shapeName":"/levels/johnson_valley/art/shapes/misc/hr_plasticbarrier.DAE","useInstanceRenderData":true}
{"class":"TSStatic","persistentId":"f9becba2-f56a-4dc1-bb44-2cdd308dccf0","__parent":"plastic_barrier","position":[1021.59296,14.8990583,114.654724],"annotation":"OBSTACLES","isRenderEnabled":false,"rotationMatrix":[0.833062828,-0.54823482,-0.073789835,0.552941799,0.829165697,0.0820951611,0.0161765777,-0.109191909,0.993889034],"shapeName":"/levels/johnson_valley/art/shapes/misc/hr_plasticbarrier.DAE","useInstanceRenderData":true}
{"class":"TSStatic","persistentId":"e3a5c792-b1f5-412e-aa52-4690e3c96465","__parent":"plastic_barrier","position":[1032.44409,-7.07986498,115.337639],"annotation":"OBSTACLES","isRenderEnabled":false,"rotationMatrix":[0.0351826549,-0.999354482,0.00726018846,0.989666104,0.0338292718,-0.139343143,0.139007598,0.0120876133,0.990217566],"shapeName":"/levels/johnson_valley/art/shapes/misc/hr_plasticbarrier_red.DAE","useInstanceRenderData":true}
{"class":"TSStatic","persistentId":"1d8473a5-89f3-498f-ac2b-696bf99a71ee","__parent":"plastic_barrier","position":[1032.19678,-4.11332655,115.193497],"annotation":"OBSTACLES","isRenderEnabled":false,"rotationMatrix":[0.13335377,-0.99041605,0.0359561555,0.981576324,0.126980305,-0.142772734,0.136838675,0.0543330014,0.989102185],"shapeName":"/levels/johnson_valley/art/shapes/misc/hr_plasticbarrier_red.DAE","useInstanceRenderData":true}
{"class":"TSStatic","persistentId":"43526acc-839f-4d35-9a6d-166c6e17d09e","__parent":"plastic_barrier","position":[1031.60767,-1.1914134,115.190331],"annotation":"OBSTACLES","isRenderEnabled":false,"rotationMatrix":[0.222933054,-0.97249943,0.0674217939,0.954495013,0.203704953,-0.217815503,0.198091298,0.112912044,0.973658442],"shapeName":"/levels/johnson_valley/art/shapes/misc/hr_plasticbarrier_red.DAE","useInstanceRenderData":true}
{"class":"TSStatic","persistentId":"354fc3e4-1e2d-44d3-a713-1aebcdd0945f","__parent":"plastic_barrier","position":[1030.82263,1.67657435,114.998169],"annotation":"OBSTACLES","isRenderEnabled":false,"rotationMatrix":[0.300186098,-0.952091634,0.0583940968,0.939759314,0.284692824,-0.189215213,0.16352585,0.111676186,0.980197787],"shapeName":"/levels/johnson_valley/art/shapes/misc/hr_plasticbarrier_red.DAE","useInstanceRenderData":true}
{"class":"TSStatic","persistentId":"900ef064-9421-49d8-86a7-86ab7cf2c9e7","__parent":"plastic_barrier","position":[1029.75537,4.45313358,114.789177],"annotation":"OBSTACLES","isRenderEnabled":false,"rotationMatrix":[0.422757745,-0.902976274,0.0768746212,0.898779511,0.406900764,-0.163178235,0.116065733,0.138078213,0.98359704],"shapeName":"/levels/johnson_valley/art/shapes/misc/hr_plasticbarrier_red.DAE","useInstanceRenderData":true}
{"class":"TSStatic","persistentId":"20fa9bc4-270c-4201-87a5-a99248c26fcc","__parent":"plastic_barrier","position":[1028.34534,7.07495546,114.639542],"annotation":"OBSTACLES","isRenderEnabled":false,"rotationMatrix":[0.506969512,-0.859296322,0.0677630082,0.858908653,0.496995687,-0.123576775,0.0725111291,0.120851889,0.990018666],"shapeName":"/levels/johnson_valley/art/shapes/misc/hr_plasticbarrier_red.DAE","useInstanceRenderData":true}
{"class":"TSStatic","persistentId":"0f4e444a-04b1-4079-b3ca-c738c00a91ec","__parent":"plastic_barrier","position":[1026.70703,9.56119442,114.471779],"annotation":"OBSTACLES","isRenderEnabled":false,"rotationMatrix":[0.583674312,-0.809422612,0.0644931197,0.811965108,0.582409322,-0.0388860069,-0.00608618185,0.0750629306,0.997160196],"shapeName":"/levels/johnson_valley/art/shapes/misc/hr_plasticbarrier_red.DAE","useInstanceRenderData":true}
{"class":"TSStatic","persistentId":"953b1ef5-8380-48e9-be2a-72168a4c7182","__parent":"plastic_barrier","position":[1024.89319,11.9277601,114.430626],"annotation":"OBSTACLES","isRenderEnabled":false,"rotationMatrix":[0.636849225,-0.770982981,0.00286656991,0.769692779,0.635559201,-0.0603117421,0.0446774513,0.0406158641,0.998175502],"shapeName":"/levels/johnson_valley/art/shapes/misc/hr_plasticbarrier_red.DAE","useInstanceRenderData":true}
{"class":"TSStatic","persistentId":"cfa2547f-4664-4df1-b1fa-d52c0a3bbe47","__parent":"plastic_barrier","position":[1022.78912,14.0299683,114.544083],"annotation":"OBSTACLES","isRenderEnabled":false,"rotationMatrix":[0.7705971,-0.633391201,-0.0706801862,0.634962738,0.772542715,-0.000301221386,0.0547942519,-0.0446471646,0.997498989],"shapeName":"/levels/johnson_valley/art/shapes/misc/hr_plasticbarrier_red.DAE","useInstanceRenderData":true}
{"class":"TSStatic","persistentId":"a130976f-7de8-41d4-8fea-1a913a052b41","__parent":"plastic_barrier","position":[1020.33075,15.697773,114.792213],"annotation":"OBSTACLES","isRenderEnabled":false,"rotationMatrix":[0.848973811,-0.516586006,-0.11127606,0.523956001,0.850261807,0.0502494052,0.0686556399,-0.100964181,0.992518306],"shapeName":"/levels/johnson_valley/art/shapes/misc/hr_plasticbarrier_red.DAE","useInstanceRenderData":true}
{"class":"TSStatic","persistentId":"ed496933-4849-4031-b966-8fce093ee28e","__parent":"plastic_barrier","position":[864.263489,-54.8149261,126.168213],"annotation":"OBSTACLES","isRenderEnabled":false,"rotationMatrix":[0.984752774,-0.171562195,-0.028781347,0.163984954,0.970713437,-0.17556864,0.0580593795,0.168172002,0.9840464],"shapeName":"/levels/johnson_valley/art/shapes/misc/hr_plasticbarrier_red.DAE","useInstanceRenderData":true}
{"class":"TSStatic","persistentId":"1ff30dee-61d9-4e20-ab5d-61b380ba20ff","__parent":"plastic_barrier","position":[861.325989,-54.3553581,126.381851],"annotation":"OBSTACLES","isRenderEnabled":false,"rotationMatrix":[0.981031716,-0.1352963,-0.138822392,0.108864874,0.977079153,-0.182933807,0.16039072,0.164350986,0.973274648],"shapeName":"/levels/johnson_valley/art/shapes/misc/hr_plasticbarrier_red.DAE","useInstanceRenderData":true}
{"class":"TSStatic","persistentId":"2cce6cd7-2bbf-498d-92b1-857f894a3206","__parent":"plastic_barrier","position":[858.403442,-54.0625763,126.900909],"annotation":"OBSTACLES","isRenderEnabled":false,"rotationMatrix":[0.981006861,-0.0342343673,-0.190928087,0.0079791788,0.990591347,-0.136620238,0.193808809,0.132501945,0.972050071],"shapeName":"/levels/johnson_valley/art/shapes/misc/hr_plasticbarrier_red.DAE","useInstanceRenderData":true}
{"class":"TSStatic","persistentId":"e3fd34bc-709b-4b0c-8022-19f31a4c527b","__parent":"plastic_barrier","position":[855.497253,-54.1974258,127.531448],"annotation":"OBSTACLES","isRenderEnabled":false,"rotationMatrix":[0.964933157,0.136461258,-0.224237189,-0.152306348,0.986808956,-0.0548716411,0.213791415,0.0871002153,0.972988605],"shapeName":"/levels/johnson_valley/art/shapes/misc/hr_plasticbarrier_red.DAE","useInstanceRenderData":true}
{"class":"TSStatic","persistentId":"0907b0f3-11ff-4d07-93cc-084f8835ff42","__parent":"plastic_barrier","position":[852.653503,-54.8259735,128.14859],"annotation":"OBSTACLES","isRenderEnabled":false,"rotationMatrix":[0.945057511,0.313603491,-0.0922994018,-0.311490387,0.949534595,0.0368482098,0.0991972089,-0.00607329793,0.995049238],"shapeName":"/levels/johnson_valley/art/shapes/misc/hr_plasticbarrier_red.DAE","useInstanceRenderData":true}
{"class":"TSStatic","persistentId":"3fae91ed-601c-4858-8abb-3f44bdea9e25","__parent":"plastic_barrier","position":[849.924194,-55.9959602,128.305023],"annotation":"OBSTACLES","isRenderEnabled":false,"rotationMatrix":[0.859462738,0.509658575,-0.0396472327,-0.510616183,0.859598517,-0.0190132223,0.0243904497,0.0365856737,0.999032855],"shapeName":"/levels/johnson_valley/art/shapes/misc/hr_plasticbarrier_red.DAE","useInstanceRenderData":true}
{"class":"TSStatic","persistentId":"7fc4fecd-eab3-4137-8783-e29b5ffece5a","__parent":"plastic_barrier","position":[847.569824,-57.8052444,128.351578],"annotation":"OBSTACLES","isRenderEnabled":false,"rotationMatrix":[0.682115138,0.730988801,-0.0193465315,-0.725609124,0.673342824,-0.141777083,-0.0906106085,0.110746309,0.989709556],"shapeName":"/levels/johnson_valley/art/shapes/misc/hr_plasticbarrier_red.DAE","useInstanceRenderData":true}
{"class":"TSStatic","persistentId":"9e5ef308-85d7-4ddd-8af2-6990f8a0b47f","__parent":"plastic_barrier","position":[845.793274,-60.1765137,128.391037],"annotation":"OBSTACLES","isRenderEnabled":false,"rotationMatrix":[0.516542912,0.855309963,-0.0403505899,-0.856239557,0.51562053,-0.0314518884,-0.00609552488,0.0507960245,0.998690426],"shapeName":"/levels/johnson_valley/art/shapes/misc/hr_plasticbarrier_red.DAE","useInstanceRenderData":true}
{"class":"TSStatic","persistentId":"1ca7788d-d010-4f8a-a0b4-a32ff22c40e5","__parent":"plastic_barrier","position":[844.485596,-62.8541794,128.420776],"annotation":"OBSTACLES","isRenderEnabled":false,"rotationMatrix":[0.383435905,0.923311114,-0.0217616726,-0.923565269,0.383276641,-0.0112363379,-0.00203389488,0.0244067404,0.999700069],"shapeName":"/levels/johnson_valley/art/shapes/misc/hr_plasticbarrier_red.DAE","useInstanceRenderData":true}
{"class":"TSStatic","persistentId":"23abb0ed-3ee3-42ba-acfa-3e7cb70ea7b4","__parent":"plastic_barrier","position":[843.507507,-65.6709518,128.433746],"annotation":"OBSTACLES","isRenderEnabled":false,"rotationMatrix":[0.28257215,0.957580805,-0.0564978905,-0.959246039,0.282081604,-0.016642997,0,0.0588982254,0.998264015],"shapeName":"/levels/johnson_valley/art/shapes/misc/hr_plasticbarrier_red.DAE","useInstanceRenderData":true}
{"class":"TSStatic","persistentId":"b64abb99-6cac-4575-b7a3-8cb95e684ab4","__parent":"plastic_barrier","position":[842.932129,-68.5593262,128.832321],"annotation":"OBSTACLES","isRenderEnabled":false,"rotationMatrix":[0.081612289,0.98232609,-0.168448836,-0.959110796,0.0314500928,-0.281278163,-0.271009117,0.184516847,0.944726229],"shapeName":"/levels/johnson_valley/art/shapes/misc/hr_plasticbarrier_red.DAE","useInstanceRenderData":true}
{"class":"TSStatic","persistentId":"c01db019-d3c7-476b-bbcc-d5fc50cbc0a6","__parent":"plastic_barrier","position":[843.047546,-71.4678192,129.434723],"annotation":"OBSTACLES","isRenderEnabled":false,"rotationMatrix":[-0.25273788,0.953125358,-0.166360259,-0.90211916,-0.294290185,-0.315554172,-0.349720836,0.0703242943,0.934210777],"shapeName":"/levels/johnson_valley/art/shapes/misc/hr_plasticbarrier_red.DAE","useInstanceRenderData":true}
{"class":"TSStatic","persistentId":"780d8919-d4fb-44f5-9485-6c7573da843b","__parent":"plastic_barrier","position":[844.185059,-74.1768951,129.873215],"annotation":"OBSTACLES","isRenderEnabled":false,"rotationMatrix":[-0.484299183,0.866525769,-0.120777726,-0.842665553,-0.49911654,-0.201983571,-0.235306144,0.00395473093,0.971913278],"shapeName":"/levels/johnson_valley/art/shapes/misc/hr_plasticbarrier_red.DAE","useInstanceRenderData":true}
{"class":"TSStatic","persistentId":"506a15ac-ca31-46b2-af94-182320d4f7b4","__parent":"plastic_barrier","position":[845.772522,-76.6860809,130.15889],"annotation":"OBSTACLES","isRenderEnabled":false,"rotationMatrix":[-0.572872639,0.818936527,-0.0340583026,-0.78237623,-0.558739781,-0.275131404,-0.24434489,-0.130968854,0.960803151],"shapeName":"/levels/johnson_valley/art/shapes/misc/hr_plasticbarrier_red.DAE","useInstanceRenderData":true}
{"class":"TSStatic","persistentId":"5aea5752-5499-48ea-a3b1-ac10db98296b","__parent":"plastic_barrier","position":[847.465027,-79.139595,130.242249],"annotation":"OBSTACLES","isRenderEnabled":false,"rotationMatrix":[-0.539777756,0.841750562,-0.00979922712,-0.803520143,-0.518663168,-0.292136967,-0.25098896,-0.149815127,0.956326306],"shapeName":"/levels/johnson_valley/art/shapes/misc/hr_plasticbarrier_red.DAE","useInstanceRenderData":true}
{"class":"TSStatic","persistentId":"df85f608-a737-4828-ac36-2f29d2ff4872","__parent":"plastic_barrier","position":[865.741333,-55.070446,126.14695],"annotation":"OBSTACLES","isRenderEnabled":false,"rotationMatrix":[0.985587001,-0.169159964,-0.00179710984,0.166110352,0.969720721,-0.179022595,0.0320261493,0.17614381,0.983843327],"shapeName":"/levels/johnson_valley/art/shapes/misc/hr_plasticbarrier.DAE","useInstanceRenderData":true}
{"class":"TSStatic","persistentId":"febe8c95-7a98-4be9-a14a-be3e91b51f33","__parent":"plastic_barrier","position":[862.80188,-54.573185,126.234436],"annotation":"OBSTACLES","isRenderEnabled":false,"rotationMatrix":[0.985806465,-0.151233509,-0.0728974268,0.135149851,0.972469807,-0.189834207,0.0995998308,0.177287728,0.979106188],"shapeName":"/levels/johnson_valley/art/shapes/misc/hr_plasticbarrier.DAE","useInstanceRenderData":true}
{"class":"TSStatic","persistentId":"8b177c13-05ee-4a35-b73d-38486b1cf95d","__parent":"plastic_barrier","position":[859.872375,-54.1778793,126.620422],"annotation":"OBSTACLES","isRenderEnabled":false,"rotationMatrix":[0.978340983,-0.111257784,-0.174558342,0.0828743204,0.983268261,-0.162220299,0.189685941,0.14424035,0.971192002],"shapeName":"/levels/johnson_valley/art/shapes/misc/hr_plasticbarrier.DAE","useInstanceRenderData":true}
{"class":"TSStatic","persistentId":"5d7f7f34-1993-4f8d-b366-a3f5930db969","__parent":"plastic_barrier","position":[856.949463,-54.0556984,127.189827],"annotation":"OBSTACLES","isRenderEnabled":false,"rotationMatrix":[0.977524698,0.0295052379,-0.208746105,-0.0554339141,0.991288543,-0.119474404,0.203402489,0.128360793,0.970644593],"shapeName":"/levels/johnson_valley/art/shapes/misc/hr_plasticbarrier.DAE","useInstanceRenderData":true}
{"class":"TSStatic","persistentId":"50fa62e0-fd06-4252-8bbb-d33be5931bbf","__parent":"plastic_barrier","position":[854.081299,-54.4487686,127.893158],"annotation":"OBSTACLES","isRenderEnabled":false,"rotationMatrix":[0.959488273,0.221105665,-0.174626812,-0.22294575,0.974786878,0.00926010869,0.172271386,0.0300473366,0.984591126],"shapeName":"/levels/johnson_valley/art/shapes/misc/hr_plasticbarrier.DAE","useInstanceRenderData":true}
{"class":"TSStatic","persistentId":"d0d35f71-ade9-4000-b04d-701fdd1f8ec9","__parent":"plastic_barrier","position":[851.267334,-55.3340759,128.283081],"annotation":"OBSTACLES","isRenderEnabled":false,"rotationMatrix":[0.910094857,0.412779897,-0.0366073512,-0.414380163,0.905630291,-0.0901265815,-0.00404971093,0.0971930996,0.995257318],"shapeName":"/levels/johnson_valley/art/shapes/misc/hr_plasticbarrier.DAE","useInstanceRenderData":true}
{"class":"TSStatic","persistentId":"9df5cc5e-a322-40aa-9f60-7c59ca2671d9","__parent":"plastic_barrier","position":[848.685364,-56.8084412,128.328995],"annotation":"OBSTACLES","isRenderEnabled":false,"rotationMatrix":[0.786626518,0.617326736,0.0112447515,-0.614622593,0.784655511,-0.0809619352,-0.0588032231,0.0567755289,0.996653736],"shapeName":"/levels/johnson_valley/art/shapes/misc/hr_plasticbarrier.DAE","useInstanceRenderData":true}
{"class":"TSStatic","persistentId":"f9869182-5fcf-4623-8e2c-003dca6531f8","__parent":"plastic_barrier","position":[846.620544,-58.9295921,128.456726],"annotation":"OBSTACLES","isRenderEnabled":false,"rotationMatrix":[0.61177671,0.790806472,0.0188241377,-0.777744114,0.605674028,-0.168146223,-0.144372404,0.0882275775,0.985582292],"shapeName":"/levels/johnson_valley/art/shapes/misc/hr_plasticbarrier.DAE","useInstanceRenderData":true}
{"class":"TSStatic","persistentId":"21d87f7d-45cd-4aab-924c-52f74018f4b2","__parent":"plastic_barrier","position":[845.092773,-61.4830055,128.423386],"annotation":"OBSTACLES","isRenderEnabled":false,"rotationMatrix":[0.444187462,0.895926416,-0.00366089703,-0.895924628,0.444160581,-0.00635646796,-0.00406890083,0.00610335125,0.999973118],"shapeName":"/levels/johnson_valley/art/shapes/misc/hr_plasticbarrier.DAE","useInstanceRenderData":true}
{"class":"TSStatic","persistentId":"e62aedc3-f64b-4f52-a5f1-a05358ccbb4a","__parent":"plastic_barrier","position":[843.962097,-64.2417831,128.429901],"annotation":"OBSTACLES","isRenderEnabled":false,"rotationMatrix":[0.338569582,0.940939844,0.00168187916,-0.940800607,0.338549316,-0.0166900698,-0.0162737519,0.0040684375,0.999859273],"shapeName":"/levels/johnson_valley/art/shapes/misc/hr_plasticbarrier.DAE","useInstanceRenderData":true}
{"class":"TSStatic","persistentId":"59147dd8-31d7-4ad9-aea4-35d4f5a803e6","__parent":"plastic_barrier","position":[843.157288,-67.1008759,128.592117],"annotation":"OBSTACLES","isRenderEnabled":false,"rotationMatrix":[0.196493804,0.968105078,-0.155444071,-0.963021159,0.160744369,-0.216220975,-0.184337839,0.192182004,0.96389091],"shapeName":"/levels/johnson_valley/art/shapes/misc/hr_plasticbarrier.DAE","useInstanceRenderData":true}
{"class":"TSStatic","persistentId":"a8249e6e-23f4-4d69-8079-4225087a5e1c","__parent":"plastic_barrier","position":[842.876038,-70.0141373,129.129684],"annotation":"OBSTACLES","isRenderEnabled":false,"rotationMatrix":[-0.053114295,0.97811538,-0.201169372,-0.956916869,-0.107443094,-0.269751757,-0.285462648,0.178174675,0.941681921],"shapeName":"/levels/johnson_valley/art/shapes/misc/hr_plasticbarrier.DAE","useInstanceRenderData":true}
{"class":"TSStatic","persistentId":"3a67ec2e-52c8-4fde-aacf-0d21c1c21da5","__parent":"plastic_barrier","position":[843.512878,-72.850647,129.687714],"annotation":"OBSTACLES","isRenderEnabled":false,"rotationMatrix":[-0.376167536,0.917390525,-0.129970849,-0.883457124,-0.397407651,-0.248134106,-0.279287308,0.0214836523,0.959967196],"shapeName":"/levels/johnson_valley/art/shapes/misc/hr_plasticbarrier.DAE","useInstanceRenderData":true}
{"class":"TSStatic","persistentId":"0470d36c-431a-4239-9e14-88d4b7aab6d9","__parent":"plastic_barrier","position":[844.942444,-75.4436035,130.021835],"annotation":"OBSTACLES","isRenderEnabled":false,"rotationMatrix":[-0.552606702,0.830089509,-0.0746807382,-0.799699843,-0.553339362,-0.233014256,-0.234746456,-0.0690430775,0.969601512],"shapeName":"/levels/johnson_valley/art/shapes/misc/hr_plasticbarrier.DAE","useInstanceRenderData":true}
{"class":"TSStatic","persistentId":"926691c0-ce66-48a7-8a3d-3dddb27cd168","__parent":"plastic_barrier","position":[846.621704,-77.9006119,130.216049],"annotation":"OBSTACLES","isRenderEnabled":false,"rotationMatrix":[-0.576248288,0.81596446,-0.0462578237,-0.780893326,-0.566413164,-0.263403893,-0.241129249,-0.115663633,0.963575959],"shapeName":"/levels/johnson_valley/art/shapes/misc/hr_plasticbarrier.DAE","useInstanceRenderData":true}
{"class":"TSStatic","persistentId":"99ff1c3f-f8cb-432b-82da-f901ee614c6b","__parent":"plastic_barrier","position":[785.755127,-109.945816,134.870987],"annotation":"OBSTACLES","isRenderEnabled":false,"rotationMatrix":[0.621046305,0.775805116,-0.111480236,-0.775284052,0.628951669,0.0579170734,0.115048051,0.050459668,0.992077529],"shapeName":"/levels/johnson_valley/art/shapes/misc/hr_plasticbarrier.DAE","useInstanceRenderData":true}
{"class":"TSStatic","persistentId":"b440e1e4-67f3-405c-8bd5-b5f47d4a0164","__parent":"plastic_barrier","position":[783.906738,-112.272369,135.127899],"annotation":"OBSTACLES","isRenderEnabled":false,"rotationMatrix":[0.613950849,0.781298935,-0.112411514,-0.783364356,0.620585859,0.0348351151,0.0969776362,0.066672124,0.993050933],"shapeName":"/levels/johnson_valley/art/shapes/misc/hr_plasticbarrier.DAE","useInstanceRenderData":true}
{"class":"TSStatic","persistentId":"87c39be8-f950-428a-b991-72e93ece3a62","__parent":"plastic_barrier","position":[782.083008,-114.620613,135.36972],"annotation":"OBSTACLES","isRenderEnabled":false,"rotationMatrix":[0.606189728,0.794633865,-0.0330309644,-0.788073182,0.605741739,0.109624669,0.107119702,-0.0404225327,0.993424058],"shapeName":"/levels/johnson_valley/art/shapes/misc/hr_plasticbarrier.DAE","useInstanceRenderData":true}
{"class":"TSStatic","persistentId":"c233b986-2634-453f-888f-3cf1bbed68c9","__parent":"plastic_barrier","position":[780.309631,-117.01825,135.406662],"annotation":"OBSTACLES","isRenderEnabled":false,"rotationMatrix":[0.583594143,0.811820924,0.0190968476,-0.812035263,0.583307624,0.0187318306,0.00406755414,-0.0264391024,0.999642134],"shapeName":"/levels/johnson_valley/art/shapes/misc/hr_plasticbarrier.DAE","useInstanceRenderData":true}
{"class":"TSStatic","persistentId":"9bdbf780-4b5c-408a-b4cf-fb27f9ae13b8","__parent":"plastic_barrier","position":[778.585327,-119.452438,135.423309],"annotation":"OBSTACLES","isRenderEnabled":false,"rotationMatrix":[0.57305479,0.818930924,-0.0309906211,-0.819507062,0.572450221,-0.0266276449,-0.00406561233,0.040656127,0.999164939],"shapeName":"/levels/johnson_valley/art/shapes/misc/hr_plasticbarrier.DAE","useInstanceRenderData":true}
{"class":"TSStatic","persistentId":"8cd696dd-074c-4577-b607-97834f966dac","__parent":"plastic_barrier","position":[776.881165,-121.899872,135.500122],"annotation":"OBSTACLES","isRenderEnabled":false,"rotationMatrix":[0.568873882,0.821835697,-0.031121105,-0.82097739,0.569710016,0.0377686322,0.0487696156,0.00406413525,0.998801768],"shapeName":"/levels/johnson_valley/art/shapes/misc/hr_plasticbarrier.DAE","useInstanceRenderData":true}
{"class":"TSStatic","persistentId":"f0a5b89d-faab-4524-ba74-84ca0734caa8","__parent":"plastic_barrier","position":[775.180725,-124.350548,135.545609],"annotation":"OBSTACLES","isRenderEnabled":false,"rotationMatrix":[0.57313621,0.819447577,0.00451980345,-0.818550169,0.572231293,0.0502688698,0.0386063308,-0.0325105973,0.998725474],"shapeName":"/levels/johnson_valley/art/shapes/misc/hr_plasticbarrier.DAE","useInstanceRenderData":true}
{"class":"TSStatic","persistentId":"0ed0b3a1-78f3-4a5f-9bd6-f980ce4a3317","__parent":"plastic_barrier","position":[784.824768,-111.11338,135.013367],"annotation":"OBSTACLES","isRenderEnabled":false,"rotationMatrix":[0.620978653,0.780861497,-0.0681239441,-0.782183409,0.622957587,0.0106334612,0.0507415868,0.0466822609,0.997620225],"shapeName":"/levels/johnson_valley/art/shapes/misc/hr_plasticbarrier_red.DAE","useInstanceRenderData":true}
{"class":"TSStatic","persistentId":"c80d011b-f505-4ced-a31d-596bd6e4cad6","__parent":"plastic_barrier","position":[782.986023,-113.44812,135.269562],"annotation":"OBSTACLES","isRenderEnabled":false,"rotationMatrix":[0.615060449,0.785887361,-0.063888371,-0.779115677,0.618208051,0.103911132,0.121158749,-0.0141351856,0.992532492],"shapeName":"/levels/johnson_valley/art/shapes/misc/hr_plasticbarrier_red.DAE","useInstanceRenderData":true}
{"class":"TSStatic","persistentId":"eccd4610-b7fe-4204-a5ee-e7db49ca91e0","__parent":"plastic_barrier","position":[781.181824,-115.818581,135.412994],"annotation":"OBSTACLES","isRenderEnabled":false,"rotationMatrix":[0.599177182,0.800598562,0.00534800626,-0.799479425,0.597957015,0.0572718307,0.0426538661,-0.038591601,0.998344302],"shapeName":"/levels/johnson_valley/art/shapes/misc/hr_plasticbarrier_red.DAE","useInstanceRenderData":true}
{"class":"TSStatic","persistentId":"b17cbf49-1847-4d90-9798-42c0e0088084","__parent":"plastic_barrier","position":[779.438782,-118.239532,135.40274],"annotation":"OBSTACLES","isRenderEnabled":false,"rotationMatrix":[0.579067349,0.815250576,-0.006897958,-0.815239131,0.578933299,-0.0148793319,-0.00813692622,0.0142396195,0.999865532],"shapeName":"/levels/johnson_valley/art/shapes/misc/hr_plasticbarrier_red.DAE","useInstanceRenderData":true}
{"class":"TSStatic","persistentId":"641f496e-7ee4-48af-b074-3a6dcc30b837","__parent":"plastic_barrier","position":[777.72699,-120.682068,135.460312],"annotation":"OBSTACLES","isRenderEnabled":false,"rotationMatrix":[0.571042418,0.820009291,-0.0386686847,-0.820829928,0.571045399,-0.0120542049,0.0121970139,0.0386238769,0.999179363],"shapeName":"/levels/johnson_valley/art/shapes/misc/hr_plasticbarrier_red.DAE","useInstanceRenderData":true}
{"class":"TSStatic","persistentId":"da785da4-ab5f-4b7e-93d1-0b32581e4957","__parent":"plastic_barrier","position":[776.027344,-123.132729,135.534271],"annotation":"OBSTACLES","isRenderEnabled":false,"rotationMatrix":[0.569589376,0.821869373,-0.00993217342,-0.820599794,0.569313526,0.0499815494,0.046732828,-0.0203186199,0.998700738],"shapeName":"/levels/johnson_valley/art/shapes/misc/hr_plasticbarrier_red.DAE","useInstanceRenderData":true}
{"class":"TSStatic","persistentId":"1c32e3ef-bccb-4f31-81b5-4aad4fe6b7d2","__parent":"plastic_barrier","position":[1117.10913,-157.520538,114.822647],"annotation":"OBSTACLES","isRenderEnabled":false,"rotationMatrix":[0.507638991,-0.861506402,-0.0104601383,0.842798173,0.494021535,0.213621229,-0.178868517,-0.117258251,0.976860583],"shapeName":"/levels/johnson_valley/art/shapes/misc/hr_plasticbarrier_red.DAE","useInstanceRenderData":true}
{"class":"TSStatic","persistentId":"62e21b3a-ee07-4f02-9d4e-acd38913a1fc","__parent":"plastic_barrier","position":[1115.59875,-154.948044,114.838242],"annotation":"OBSTACLES","isRenderEnabled":false,"rotationMatrix":[0.510301232,-0.859727919,-0.0214610845,0.835255206,0.489523768,0.250429899,-0.204795882,-0.145720154,0.967896819],"shapeName":"/levels/johnson_valley/art/shapes/misc/hr_plasticbarrier_red.DAE","useInstanceRenderData":true}
{"class":"TSStatic","persistentId":"4417615f-1ba3-4c97-818f-420575ad78b5","__parent":"plastic_barrier","position":[1114.08301,-152.379837,114.925873],"annotation":"OBSTACLES","isRenderEnabled":false,"rotationMatrix":[0.512500346,-0.857792854,-0.0391768143,0.836709976,0.488607407,0.247344524,-0.193028271,-0.159543782,0.968135238],"shapeName":"/levels/johnson_valley/art/shapes/misc/hr_plasticbarrier_red.DAE","useInstanceRenderData":true}
{"class":"TSStatic","persistentId":"8e209b90-0962-4f18-bf1b-81637269b167","__parent":"plastic_barrier","position":[1112.55701,-149.817566,114.99192],"annotation":"OBSTACLES","isRenderEnabled":false,"rotationMatrix":[0.514317751,-0.856441438,-0.044556573,0.850713313,0.502927899,0.152808324,-0.108462632,-0.116496906,0.987250924],"shapeName":"/levels/johnson_valley/art/shapes/misc/hr_plasticbarrier_red.DAE","useInstanceRenderData":true}
{"class":"TSStatic","persistentId":"de543e1d-beac-47bc-a1c2-1c254ddfbc03","__parent":"plastic_barrier","position":[1111.0144,-147.265854,114.954628],"annotation":"OBSTACLES","isRenderEnabled":false,"rotationMatrix":[0.519518733,-0.854260027,0.0184423923,0.841105998,0.515081644,0.165020347,-0.150469616,-0.070219174,0.986117721],"shapeName":"/levels/johnson_valley/art/shapes/misc/hr_plasticbarrier_red.DAE","useInstanceRenderData":true}
{"class":"TSStatic","persistentId":"7cdccbb9-f558-4acb-823c-6242f7facfea","__parent":"plastic_barrier","position":[1109.44287,-144.730606,115.013741],"annotation":"OBSTACLES","isRenderEnabled":false,"rotationMatrix":[0.532418013,-0.846125126,-0.0245632008,0.844961762,0.529500127,0.0752950981,-0.050702855,-0.0608434305,0.996858716],"shapeName":"/levels/johnson_valley/art/shapes/misc/hr_plasticbarrier_red.DAE","useInstanceRenderData":true}
{"class":"TSStatic","persistentId":"d040ba42-ebf6-4d73-8480-bad044114555","__parent":"plastic_barrier","position":[1107.84778,-142.210114,115.054909],"annotation":"OBSTACLES","isRenderEnabled":false,"rotationMatrix":[0.538300395,-0.842444479,-0.0228017941,0.84145993,0.535779476,0.069896251,-0.0466669798,-0.0568119772,0.997293651],"shapeName":"/levels/johnson_valley/art/shapes/misc/hr_plasticbarrier_red.DAE","useInstanceRenderData":true}
{"class":"TSStatic","persistentId":"6e84cafe-9641-4921-a7b4-ced8adbb7131","__parent":"plastic_barrier","position":[1106.23926,-139.698349,115.113358],"annotation":"OBSTACLES","isRenderEnabled":false,"rotationMatrix":[0.540000916,-0.841575325,-0.0122422772,0.841575921,0.539676189,0.022350857,-0.0122030666,-0.0223722886,0.999675214],"shapeName":"/levels/johnson_valley/art/shapes/misc/hr_plasticbarrier_red.DAE","useInstanceRenderData":true}
{"class":"TSStatic","persistentId":"d303db50-9fab-450d-b77d-9095508f5b99","__parent":"plastic_barrier","position":[1104.62427,-137.194626,115.250412],"annotation":"OBSTACLES","isRenderEnabled":false,"rotationMatrix":[0.539811134,-0.836441815,-0.0947050378,0.839288056,0.543453157,-0.0159431156,0.0648032352,-0.0708785355,0.995377719],"shapeName":"/levels/johnson_valley/art/shapes/misc/hr_plasticbarrier_red.DAE","useInstanceRenderData":true}
{"class":"TSStatic","persistentId":"463d91c0-a0bd-440f-ba0a-5c6be3a2742f","__parent":"plastic_barrier","position":[1103.00928,-134.697998,115.492546],"annotation":"OBSTACLES","isRenderEnabled":false,"rotationMatrix":[0.538160086,-0.839019656,-0.0801855549,0.831951261,0.544041395,-0.108977392,0.135058433,-0.00806319341,0.990804851],"shapeName":"/levels/johnson_valley/art/shapes/misc/hr_plasticbarrier_red.DAE","useInstanceRenderData":true}
{"class":"TSStatic","persistentId":"15b599b8-c6e8-4e26-90e4-ffe4be23646d","__parent":"plastic_barrier","position":[1117.86841,-158.814117,114.81044],"annotation":"OBSTACLES","isRenderEnabled":false,"rotationMatrix":[0.504307628,-0.863523781,0.000690415502,0.845538795,0.493966222,0.202636108,-0.175322145,-0.101607159,0.979253888],"shapeName":"/levels/johnson_valley/art/shapes/misc/hr_plasticbarrier.DAE","useInstanceRenderData":true}
{"class":"TSStatic","persistentId":"a57ecac7-d419-46df-ac4d-96ef0a235fa3","__parent":"plastic_barrier","position":[1116.35864,-156.241257,114.833107],"annotation":"OBSTACLES","isRenderEnabled":false,"rotationMatrix":[0.505354524,-0.862849355,-0.0103885382,0.837241769,0.487370968,0.2479835,-0.208909318,-0.134017304,0.968708575],"shapeName":"/levels/johnson_valley/art/shapes/misc/hr_plasticbarrier.DAE","useInstanceRenderData":true}
{"class":"TSStatic","persistentId":"7b71ad53-ae1a-420b-9f82-1e49505a0217","__parent":"plastic_barrier","position":[1114.84619,-153.6707,114.890717],"annotation":"OBSTACLES","isRenderEnabled":false,"rotationMatrix":[0.507141829,-0.861332834,-0.030216001,0.841989338,0.487657905,0.230746195,-0.184014201,-0.142462596,0.97254467],"shapeName":"/levels/johnson_valley/art/shapes/misc/hr_plasticbarrier.DAE","useInstanceRenderData":true}
{"class":"TSStatic","persistentId":"fe71a175-46a6-4ab8-8087-235a1bad1d36","__parent":"plastic_barrier","position":[1113.32568,-151.104767,114.944092],"annotation":"OBSTACLES","isRenderEnabled":false,"rotationMatrix":[0.511754274,-0.858902752,-0.0198422372,0.842325389,0.497063398,0.208365053,-0.169102445,-0.123345323,0.977849841],"shapeName":"/levels/johnson_valley/art/shapes/misc/hr_plasticbarrier.DAE","useInstanceRenderData":true}
{"class":"TSStatic","persistentId":"3d10bec3-cfe3-4e50-883e-577c829543a4","__parent":"plastic_barrier","position":[1111.79285,-148.547394,115.03746],"annotation":"OBSTACLES","isRenderEnabled":false,"rotationMatrix":[0.524411082,-0.851435483,-0.00712122023,0.835978925,0.513267279,0.194154322,-0.161654785,-0.107769854,0.98094517],"shapeName":"/levels/johnson_valley/art/shapes/misc/hr_plasticbarrier.DAE","useInstanceRenderData":true}
{"class":"TSStatic","persistentId":"cf91e160-cabb-4976-87bd-d418d551e47a","__parent":"plastic_barrier","position":[1110.23694,-146.002838,114.977829],"annotation":"OBSTACLES","isRenderEnabled":false,"rotationMatrix":[0.528031468,-0.848829269,-0.0259160213,0.844353676,0.521494269,0.122925147,-0.0908274055,-0.0867906362,0.992077529],"shapeName":"/levels/johnson_valley/art/shapes/misc/hr_plasticbarrier.DAE","useInstanceRenderData":true}
