{"name":"spawns_highway","class":"SpawnSphere","persistentId":"28c796e7-e6f5-4f8a-8d21-327d01cffd23","__parent":"PlayerDropPoints","position":[-957.195007,-627.664978,106.809998],"autoplaceOnSpawn":"0","dataBlock":"SpawnSphereMarker","enabled":"1","homingCount":"0","indoorWeight":"1","isAIControlled":"0","lockCount":"0","outdoorWeight":"1","radius":1,"rotationMatrix":[-0.715424299,0.698690236,0,-0.698690236,-0.715424299,0,0,0,1],"sphereWeight":"1"}
{"name":"spawns_dockyards","class":"SpawnSphere","persistentId":"55d546a5-99f9-4804-8de9-d5a04d54a0a6","__parent":"PlayerDropPoints","position":[57.3400726,709.180725,74.8196793],"autoplaceOnSpawn":"0","dataBlock":"SpawnSphereMarker","enabled":"1","homingCount":"0","indoorWeight":"1","isAIControlled":"0","lockCount":"0","outdoorWeight":"1","radius":1,"rotationMatrix":[0.54205364,-0.840342164,0,0.840342164,0.54205364,0,0,0,1],"sphereWeight":"1"}
{"name":"spawns_chinatown","class":"SpawnSphere","persistentId":"9b982fae-cb54-467c-a7b7-eab9de29e6b5","__parent":"PlayerDropPoints","position":[-725.710022,554.327026,121.099998],"autoplaceOnSpawn":"0","dataBlock":"SpawnSphereMarker","enabled":"1","homingCount":"0","indoorWeight":"1","isAIControlled":"0","lockCount":"0","outdoorWeight":"1","radius":1,"rotationMatrix":[0.438245535,0.898855329,0,-0.898855329,0.438245535,0,0,0,1],"sphereWeight":"1"}
{"name":"spawns_dragstrip","class":"SpawnSphere","persistentId":"addfd921-4b0f-4f8b-99d3-5da1d004676e","__parent":"PlayerDropPoints","position":[-198.505341,-164.190842,120.05735],"autoplaceOnSpawn":"0","dataBlock":"SpawnSphereMarker","enabled":"1","homingCount":"0","indoorWeight":"1","isAIControlled":"0","lockCount":"0","outdoorWeight":"1","radius":1,"rotationMatrix":[-0.588903069,0.80820334,0,-0.80820334,-0.588903069,0,0,0,1],"sphereWeight":"1"}
{"name":"spawns_redwood_forest","class":"SpawnSphere","persistentId":"cbe6b460-d144-47eb-89c4-a2279eae4449","__parent":"PlayerDropPoints","position":[-752.534973,-914.713013,163.199997],"autoplaceOnSpawn":"0","dataBlock":"SpawnSphereMarker","enabled":"1","homingCount":"0","indoorWeight":"1","isAIControlled":"0","lockCount":"0","outdoorWeight":"1","radius":1,"rotationMatrix":[-0.296708584,-0.954968035,0,0.954968035,-0.296708584,0,0,0,1],"sphereWeight":"1"}
{"name":"spawns_racetrack","class":"SpawnSphere","persistentId":"e8cadd6f-10a3-42fe-b00a-ade28ba2bcf1","__parent":"PlayerDropPoints","position":[784.292419,-91.6604385,146.774673],"autoplaceOnSpawn":"0","dataBlock":"SpawnSphereMarker","enabled":"1","homingCount":"0","indoorWeight":"1","isAIControlled":"0","lockCount":"0","outdoorWeight":"1","radius":1,"rotationMatrix":[0.702555776,-0.711004853,0.02979118,0.711320877,0.702867508,-1.37006864e-05,-0.0209295116,0.021200709,0.999556124],"sphereWeight":"1"}
{"name":"spawns_dirttrack","class":"SpawnSphere","persistentId":"f4563377-d501-4d02-a307-47d10f70956b","__parent":"PlayerDropPoints","position":[542.078125,-23.6745491,146.575928],"autoplaceOnSpawn":"0","dataBlock":"SpawnSphereMarker","enabled":"1","homingCount":"0","indoorWeight":"1","isAIControlled":"0","lockCount":"0","outdoorWeight":"1","radius":1,"rotationMatrix":[-0.749465704,0.661988318,0.00850822218,-0.661959112,-0.749513388,0.00628885999,0.0105401799,-0.000918810489,0.999944031],"sphereWeight":"1"}
{"name":"spawns_industrial","class":"SpawnSphere","persistentId":"fb6e91d9-fc63-4742-92b7-d4fa36895baa","__parent":"PlayerDropPoints","position":[-712.762329,105.044785,118.779999],"autoplaceOnSpawn":"0","dataBlock":"SpawnSphereMarker","enabled":"1","homingCount":"0","indoorWeight":"1","isAIControlled":"0","lockCount":"0","outdoorWeight":"1","radius":1,"rotationMatrix":[-0.68843019,0.725302458,0,-0.725302458,-0.68843019,0,0,0,1],"sphereWeight":"1"}
{"name":"spawns_logistics","class":"SpawnSphere","persistentId":"d3c6356b-bcbc-429c-993a-7322ef31246a","__parent":"PlayerDropPoints","position":[-253.125671,-34.6263618,121],"autoplaceOnSpawn":"0","dataBlock":"SpawnSphereMarker","enabled":"1","homingCount":"0","indoorWeight":"1","isAIControlled":"0","lockCount":"0","outdoorWeight":"1","radius":1,"rotationMatrix":[0.0810513496,-0.996709764,0,0.996709764,0.0810513496,0,0,0,1],"sphereWeight":"1"}
{"name":"spawns_servicestation","class":"SpawnSphere","persistentId":"6bcd4af1-a2a6-44cc-856a-e66d3595ec73","__parent":"PlayerDropPoints","position":[889.605408,-482.652527,162.62999],"autoplaceOnSpawn":"0","dataBlock":"SpawnSphereMarker","enabled":"1","homingCount":"0","indoorWeight":"1","isAIControlled":"0","lockCount":"0","outdoorWeight":"1","radius":1,"rotationMatrix":[-0.195847511,-0.98063457,0,0.98063457,-0.195847511,0,0,0,1],"sphereWeight":"1"}
{"name":"spawns_quarry","class":"SpawnSphere","persistentId":"2cc8dc19-9e29-4bbf-ac2e-ad74fc687480","__parent":"PlayerDropPoints","position":[553.595947,-892.31958,153.945984],"autoplaceOnSpawn":"0","dataBlock":"SpawnSphereMarker","enabled":"1","homingCount":"0","indoorWeight":"1","isAIControlled":"0","lockCount":"0","outdoorWeight":"1","radius":1,"rotationMatrix":[-0.544039726,0.837429702,0.0522759557,-0.837715089,-0.538586736,-0.0903230533,-0.0474840701,-0.0929316506,0.994539559],"sphereWeight":"1"}
{"name":"garagePoint","class":"SpawnSphere","persistentId":"e476e508-c149-49c9-aaf2-64cee1667c95","__parent":"PlayerDropPoints","position":[903.139587,-546.075256,163.801437],"autoplaceOnSpawn":"0","dataBlock":"SpawnSphereMarker","enabled":"1","homingCount":"0","indoorWeight":"1","isAIControlled":"0","lockCount":"0","outdoorWeight":"1","radius":1,"rotationMatrix":[0.141862631,0.989886284,0,-0.989886284,0.141862631,0,0,0,1],"sphereWeight":"1"}
{"name":"spawns_refinery","class":"SpawnSphere","persistentId":"5617d6d6-b4ce-4767-b8bf-e6274516ccb6","__parent":"PlayerDropPoints","position":[-662.567444,2066.88794,78.7147598],"autoplaceOnSpawn":"0","dataBlock":"SpawnSphereMarker","enabled":"1","homingCount":"0","indoorWeight":"1","isAIControlled":"0","lockCount":"0","outdoorWeight":"1","radius":1,"rotationMatrix":[-0.245503068,-0.969210625,-0.018959336,0.969277143,-0.245732307,0.010857285,-0.0151819102,-0.0157113522,0.999761283],"sphereWeight":"1"}
{"name":"spawns_driftTrack","class":"SpawnSphere","__parent":"PlayerDropPoints","position":[298.547943,-166.530563,143.920319],"autoplaceOnSpawn":"0","dataBlock":"SpawnSphereMarker","enabled":"1","homingCount":"0","indoorWeight":"1","isAIControlled":"0","lockCount":"0","outdoorWeight":"1","radius":1,"rotationMatrix":[3.57627869e-07,-0.99999994,0,0.99999994,3.57627869e-07,-1.01308051e-05,1.01308042e-05,3.18323146e-12,1],"sphereWeight":"1"}
