{"name":"PointLight_8","class":"PointLight","persistentId":"18bef271-0e3e-4f97-b097-5a1094747920","__parent":"lights","position":[-1449.29041,-956.600647,104.31604],"animationType":"FireLightAnim","attenuationRatio":[0,100,100],"color":[1,0.392554581,0,1],"fadeStartDistance":10,"radius":4,"shadowDarkenColor":[0,0,0,0]}
{"name":"PointLight_6","class":"PointLight","persistentId":"c9b094b0-5c04-4354-a893-ea79d68c82e7","__parent":"lights","position":[-1479.47485,-922.652893,108.468758],"animationType":"FireLightAnim","attenuationRatio":[0,100,100],"color":[1,0.392554581,0,1],"fadeStartDistance":10,"radius":7,"shadowDarkenColor":[0,0,0,0]}
{"name":"PointLight_10","class":"PointLight","persistentId":"88f971e1-78ce-407c-b134-8b1a3a1bba79","__parent":"lights","position":[-1478.06653,-922.320435,106.178978],"animationPeriod":0.5,"attenuationRatio":[0,100,100],"brightness":200,"color":[1,0.17664957,0,1],"fadeStartDistance":10,"radius":3,"shadowDarkenColor":[0,0,0,0]}
{"name":"PointLight_104","class":"PointLight","persistentId":"59f4515f-df82-434c-b3a9-7625bebb276d","__parent":"lights","position":[-1481.42676,-925.472107,103.548637],"animationType":"FireLightAnim","attenuationRatio":[0,100,100],"color":[1,0.392554581,0,1],"fadeStartDistance":10,"shadowDarkenColor":[0,0,0,0]}
{"name":"PointLight_106","class":"PointLight","persistentId":"35e365aa-7d25-4590-922e-f1bab3a21018","__parent":"lights","position":[-1451.63074,-949.823914,109.021164],"attenuationRatio":[0,100,100],"color":[1,0.392554581,0,1],"fadeStartDistance":10,"shadowDarkenColor":[0,0,0,0]}
{"name":"PointLight_108","class":"PointLight","persistentId":"67c88ecc-185b-4edc-90d5-2cf2d7594fae","__parent":"lights","position":[-1448.16846,-955.225647,105.215813],"animationPeriod":0.5,"attenuationRatio":[0,100,100],"brightness":75,"color":[1,0,0,1],"fadeStartDistance":10,"radius":0.5,"rotationMatrix":[-0.678800762,-0.734322488,0,0.734322488,-0.678800762,0,0,0,0.999999881],"shadowDarkenColor":[0,0,0,0]}
{"name":"PointLight_116","class":"PointLight","persistentId":"e636289b-e678-4666-b7d9-3afc05391cbd","__parent":"lights","position":[-1449.27026,-956.512878,103.97934],"animationPeriod":0.5,"attenuationRatio":[0,100,100],"brightness":500,"color":[1,0.296097875,0,1],"fadeStartDistance":10,"radius":1.20000005,"shadowDarkenColor":[0,0,0,0]}
{"name":"PointLight_120","class":"PointLight","persistentId":"c93c80a7-9da7-4416-88f9-634c5ef14d65","__parent":"lights","position":[-1421.85303,-983.616333,111.373703],"attenuationRatio":[0,100,100],"color":[0.94111681,0.43204549,0.257653385,1],"fadeStartDistance":10,"radius":10,"shadowDarkenColor":[0,0,0,0]}
{"name":"PointLight_128","class":"PointLight","persistentId":"938e186b-45d9-4189-a43c-93c540255f17","__parent":"lights","position":[-1479.18665,-923.466614,109.267181],"animationPeriod":0.5,"animationType":"FireLightAnim","attenuationRatio":[0,100,100],"brightness":100,"color":[1,0.17664957,0,1],"fadeStartDistance":10,"radius":10,"shadowDarkenColor":[0,0,0,0]}
{"class":"TSStatic","persistentId":"7ca75323-ad91-426a-86c8-5162b59606b2","__parent":"lights","position":[-1456.30823,-938.35376,113.681854],"isRenderEnabled":false,"rotationMatrix":[-0.679441273,-0.733729839,0,0.733729839,-0.679441273,0,0,0,0.999999881],"scale":[2,2,2],"shapeName":"/levels/west_coast_usa/art/shapes/buildings/steel_factory/s_steel_factory_lamp_01.dae","useInstanceRenderData":true}
{"name":"PointLight_143","class":"PointLight","persistentId":"b7e7ba13-75a7-4627-806a-36056c9b4f95","__parent":"lights","position":[-1456.30847,-938.353577,113.53875],"animationPeriod":0.5,"attenuationRatio":[0,100,100],"brightness":300,"color":[1,0.741250098,0.365504622,1],"fadeStartDistance":10,"radius":0.400000036,"rotationMatrix":[0.734914541,-0.678159595,0,0.678159595,0.734914541,0,0,0,0.999999881],"shadowDarkenColor":[0,0,0,0]}
{"name":"SpotLight_4","class":"SpotLight","persistentId":"7a959ff9-efc4-4cf4-a544-4ffc9f71cffd","__parent":"lights","position":[-1456.30847,-938.353577,113.497238],"brightness":2,"color":[1,0.730419397,0.344354749,1],"outerAngle":130,"range":15,"rotationMatrix":[0.734914482,-0.678159535,0,0.000331073301,0.00035878073,-0.999999642,0.678159475,0.734914422,0.000488193706],"shadowDarkenColor":[0,0,0,0]}
{"class":"TSStatic","persistentId":"feb6476f-89ca-43e7-8ce7-4fbcff27017d","__parent":"lights","position":[-1413.86743,-872.444519,114.557243],"isRenderEnabled":false,"rotationMatrix":[0.675590158,0.737277269,0,-0.737277269,0.675590158,0,0,0,0.999999881],"shapeName":"/levels/west_coast_usa/art/shapes/buildings/steel_factory/s_steel_factory_lamp_02.dae","useInstanceRenderData":true}
{"name":"SpotLight_5","class":"SpotLight","persistentId":"d3a8a75a-b1cd-49c7-a0e9-8417e4ea5fd8","__parent":"lights","position":[-1413.8728,-872.549438,114.600868],"brightness":2,"color":[0.819621325,0.882017255,0.982375145,1],"outerAngle":80,"range":22,"rotationMatrix":[0.6903162,-0.637233019,0.342633247,0.252117366,-0.232022762,-0.93946898,0.678159475,0.734914422,0.000488519669],"shadowDarkenColor":[0,0,0,0]}
{"name":"PointLight_135","class":"PointLight","persistentId":"e3e637e3-4572-4826-b71b-4d3f1dd500cf","__parent":"lights","position":[-1413.75696,-872.546692,114.495384],"animationPeriod":0.5,"attenuationRatio":[0,100,100],"brightness":200,"color":[0.75677675,0.834590375,1,1],"fadeStartDistance":10,"radius":0.330000013,"rotationMatrix":[0.734914541,-0.678159595,0,0.678159595,0.734914541,0,0,0,0.999999881],"shadowDarkenColor":[0,0,0,0]}
{"name":"PointLight_141","class":"PointLight","persistentId":"a28411b2-9a3d-41f6-83e3-3afa1f3c0834","__parent":"lights","position":[-1406.86707,-899.637024,114.495384],"animationPeriod":0.5,"attenuationRatio":[0,100,100],"brightness":200,"color":[0.75677675,0.834590375,1,1],"fadeStartDistance":10,"radius":0.330000013,"rotationMatrix":[-0.675590098,-0.737277269,0,0.737277269,-0.675590098,0,0,0,0.999999881],"shadowDarkenColor":[0,0,0,0]}
{"name":"SpotLight_6","class":"SpotLight","persistentId":"30776acc-eec5-43a3-8bd6-ff0e51367a9f","__parent":"lights","position":[-1406.9093,-899.593567,114.457588],"brightness":2,"color":[0.819621325,0.882017255,0.982375145,1],"outerAngle":100,"range":12,"rotationMatrix":[-0.675590277,-0.737277329,-2.98023224e-08,-0.33266288,0.304829419,-0.89242059,0.657961488,-0.602910697,-0.451204658],"shadowDarkenColor":[0,0,0,0]}
{"class":"TSStatic","persistentId":"7721b009-cfbe-4cdd-a731-dc8244df4a01","__parent":"lights","position":[-1406.75354,-899.740051,114.557243],"isRenderEnabled":false,"rotationMatrix":[-0.675590098,-0.737277269,0,0.737277269,-0.675590098,0,0,0,0.999999881],"shapeName":"/levels/west_coast_usa/art/shapes/buildings/steel_factory/s_steel_factory_lamp_02.dae","useInstanceRenderData":true}
{"name":"SpotLight_7","class":"SpotLight","persistentId":"9e8d9f38-9109-4856-a674-29cb7f16dc3e","__parent":"lights","position":[-1413.8728,-872.549438,114.600868],"brightness":2,"color":[0.819621325,0.882017255,0.982375145,1],"outerAngle":80,"rotationMatrix":[0.6903162,-0.637233019,0.342633247,0.252117366,-0.232022762,-0.93946898,0.678159475,0.734914422,0.000488519669],"shadowDarkenColor":[0,0,0,0]}
{"name":"SpotLight_8","class":"SpotLight","persistentId":"de02eefd-764e-4df8-8d8f-39f8b500236b","__parent":"lights","position":[-1391.04163,-884.470825,113.497238],"brightness":2,"color":[1,0.730419397,0.344354749,1],"outerAngle":130,"range":15,"rotationMatrix":[0.734914482,-0.678159535,0,0.000331073301,0.00035878073,-0.999999642,0.678159475,0.734914422,0.000488193706],"shadowDarkenColor":[0,0,0,0]}
{"name":"PointLight_133","class":"PointLight","persistentId":"8e771677-4d6a-41a6-bbe4-8f311b9a3b78","__parent":"lights","position":[-1391.04163,-884.470825,113.53875],"animationPeriod":0.5,"attenuationRatio":[0,100,100],"brightness":300,"color":[1,0.741250098,0.365504622,1],"fadeStartDistance":10,"radius":0.400000036,"rotationMatrix":[0.734914541,-0.678159595,0,0.678159595,0.734914541,0,0,0,0.999999881],"shadowDarkenColor":[0,0,0,0]}
{"class":"TSStatic","persistentId":"ca72dbc3-8fcb-4ca6-bf11-6367377b9d5a","__parent":"lights","position":[-1391.04138,-884.471008,113.681854],"isRenderEnabled":false,"rotationMatrix":[-0.679441273,-0.733729839,0,0.733729839,-0.679441273,0,0,0,0.999999881],"scale":[2,2,2],"shapeName":"/levels/west_coast_usa/art/shapes/buildings/steel_factory/s_steel_factory_lamp_01.dae","useInstanceRenderData":true}
{"name":"SpotLight_9","class":"SpotLight","persistentId":"9991616f-6141-45fc-bc9a-1a11b7dff5da","__parent":"lights","position":[-1379.82166,-872.354492,113.497238],"brightness":2,"color":[1,0.730419397,0.344354749,1],"outerAngle":130,"range":15,"rotationMatrix":[0.734914482,-0.678159535,0,0.000331073301,0.00035878073,-0.999999642,0.678159475,0.734914422,0.000488193706],"shadowDarkenColor":[0,0,0,0]}
{"name":"PointLight_137","class":"PointLight","persistentId":"fc5dbef2-d05b-4b8a-99e3-758a2075a60f","__parent":"lights","position":[-1379.82166,-872.354492,113.53875],"animationPeriod":0.5,"attenuationRatio":[0,100,100],"brightness":300,"color":[1,0.741250098,0.365504622,1],"fadeStartDistance":10,"radius":0.400000036,"rotationMatrix":[0.734914541,-0.678159595,0,0.678159595,0.734914541,0,0,0,0.999999881],"shadowDarkenColor":[0,0,0,0]}
{"class":"TSStatic","persistentId":"df3134fd-4a53-45e6-9f32-2fd1a9652be0","__parent":"lights","position":[-1379.82141,-872.354675,113.681854],"isRenderEnabled":false,"rotationMatrix":[-0.679441273,-0.733729839,0,0.733729839,-0.679441273,0,0,0,0.999999881],"scale":[2,2,2],"shapeName":"/levels/west_coast_usa/art/shapes/buildings/steel_factory/s_steel_factory_lamp_01.dae","useInstanceRenderData":true}
{"name":"SpotLight_10","class":"SpotLight","persistentId":"34bc4968-d38b-4b98-9885-914d411e1958","__parent":"lights","position":[-1359.94629,-850.890991,113.497238],"brightness":2,"color":[1,0.730419397,0.344354749,1],"outerAngle":130,"range":15,"rotationMatrix":[0.734914482,-0.678159535,0,0.000331073301,0.00035878073,-0.999999642,0.678159475,0.734914422,0.000488193706],"shadowDarkenColor":[0,0,0,0]}
{"name":"PointLight_139","class":"PointLight","persistentId":"ffdef62e-4868-463c-a0c0-19e3d39a70f2","__parent":"lights","position":[-1359.94629,-850.890991,113.53875],"animationPeriod":0.5,"attenuationRatio":[0,100,100],"brightness":300,"color":[1,0.741250098,0.365504622,1],"fadeStartDistance":10,"radius":0.400000036,"rotationMatrix":[0.734914541,-0.678159595,0,0.678159595,0.734914541,0,0,0,0.999999881],"shadowDarkenColor":[0,0,0,0]}
{"class":"TSStatic","persistentId":"dc30ebc9-b455-4858-a5c0-f9d4ffc7d251","__parent":"lights","position":[-1359.94604,-850.891174,113.681854],"isRenderEnabled":false,"rotationMatrix":[-0.679441273,-0.733729839,0,0.733729839,-0.679441273,0,0,0,0.999999881],"scale":[2,2,2],"shapeName":"/levels/west_coast_usa/art/shapes/buildings/steel_factory/s_steel_factory_lamp_01.dae","useInstanceRenderData":true}
{"class":"TSStatic","persistentId":"85aa5798-02f5-43ec-955e-b9988613597d","__parent":"lights","position":[-1370.16125,-861.922485,113.681854],"isRenderEnabled":false,"rotationMatrix":[-0.679441273,-0.733729839,0,0.733729839,-0.679441273,0,0,0,0.999999881],"scale":[2,2,2],"shapeName":"/levels/west_coast_usa/art/shapes/buildings/steel_factory/s_steel_factory_lamp_01.dae","useInstanceRenderData":true}
{"name":"SpotLight_12","class":"SpotLight","persistentId":"e7c3c17c-c83f-4d2a-8fda-a12b45d5e364","__parent":"lights","position":[-1340.00159,-829.352661,113.497238],"brightness":2,"color":[1,0.730419397,0.344354749,1],"outerAngle":130,"range":15,"rotationMatrix":[0.734914482,-0.678159535,0,0.000331073301,0.00035878073,-0.999999642,0.678159475,0.734914422,0.000488193706],"shadowDarkenColor":[0,0,0,0]}
{"name":"PointLight_260","class":"PointLight","persistentId":"6700677f-972c-4d88-bb5b-f793b7c0270c","__parent":"lights","position":[-1340.00159,-829.352661,113.53875],"animationPeriod":0.5,"attenuationRatio":[0,100,100],"brightness":300,"color":[1,0.741250098,0.365504622,1],"fadeStartDistance":10,"radius":0.400000036,"rotationMatrix":[0.734914541,-0.678159595,0,0.678159595,0.734914541,0,0,0,0.999999881],"shadowDarkenColor":[0,0,0,0]}
{"class":"TSStatic","persistentId":"eca3e0c4-a347-4b68-a6cb-1bb384e581d8","__parent":"lights","position":[-1340.00134,-829.352844,113.681854],"isRenderEnabled":false,"rotationMatrix":[-0.679441273,-0.733729839,0,0.733729839,-0.679441273,0,0,0,0.999999881],"scale":[2,2,2],"shapeName":"/levels/west_coast_usa/art/shapes/buildings/steel_factory/s_steel_factory_lamp_01.dae","useInstanceRenderData":true}
{"name":"SpotLight_13","class":"SpotLight","persistentId":"c9c9a82c-cd74-4112-a07d-be5bc37bf634","__parent":"lights","position":[-1329.35718,-817.857727,113.497238],"brightness":2,"color":[1,0.730419397,0.344354749,1],"outerAngle":130,"range":15,"rotationMatrix":[0.734914482,-0.678159535,0,0.000331073301,0.00035878073,-0.999999642,0.678159475,0.734914422,0.000488193706],"shadowDarkenColor":[0,0,0,0]}
{"name":"PointLight_261","class":"PointLight","persistentId":"5f5e1fca-f558-4679-8025-e38e62d02818","__parent":"lights","position":[-1329.35718,-817.857727,113.53875],"animationPeriod":0.5,"attenuationRatio":[0,100,100],"brightness":300,"color":[1,0.741250098,0.365504622,1],"fadeStartDistance":10,"radius":0.400000036,"rotationMatrix":[0.734914541,-0.678159595,0,0.678159595,0.734914541,0,0,0,0.999999881],"shadowDarkenColor":[0,0,0,0]}
{"class":"TSStatic","persistentId":"c6f06ff4-8f0e-4238-9fd6-2aa5a731670f","__parent":"lights","position":[-1329.35693,-817.85791,113.681854],"isRenderEnabled":false,"rotationMatrix":[-0.679441273,-0.733729839,0,0.733729839,-0.679441273,0,0,0,0.999999881],"scale":[2,2,2],"shapeName":"/levels/west_coast_usa/art/shapes/buildings/steel_factory/s_steel_factory_lamp_01.dae","useInstanceRenderData":true}
{"name":"PointLight_259","class":"PointLight","persistentId":"f4eb6e93-cda5-4ef2-b7b4-ef4ac645ee2d","__parent":"lights","position":[-1434.12732,-894.565308,114.495384],"animationPeriod":0.5,"attenuationRatio":[0,100,100],"brightness":200,"color":[0.75677675,0.834590375,1,1],"fadeStartDistance":10,"radius":0.330000013,"rotationMatrix":[0.734914541,-0.678159595,0,0.678159595,0.734914541,0,0,0,0.999999881],"shadowDarkenColor":[0,0,0,0]}
{"name":"SpotLight_11","class":"SpotLight","persistentId":"b7bcbcc1-3473-48d2-aae3-bedec666d037","__parent":"lights","position":[-1434.24316,-894.568054,114.600868],"brightness":2,"color":[0.819621325,0.882017255,0.982375145,1],"outerAngle":100,"range":12,"rotationMatrix":[0.6903162,-0.637233019,0.342633247,0.252117366,-0.232022762,-0.93946898,0.678159475,0.734914422,0.000488519669],"shadowDarkenColor":[0,0,0,0]}
{"class":"TSStatic","persistentId":"fdb897ae-8ae1-4c15-a692-952f1f56b9d3","__parent":"lights","position":[-1434.23779,-894.463135,114.557243],"isRenderEnabled":false,"rotationMatrix":[0.675590158,0.737277269,0,-0.737277269,0.675590158,0,0,0,0.999999881],"shapeName":"/levels/west_coast_usa/art/shapes/buildings/steel_factory/s_steel_factory_lamp_02.dae","useInstanceRenderData":true}
{"name":"PointLight_262","class":"PointLight","persistentId":"23930de4-6e88-48e0-81ec-e1b25944acf5","__parent":"lights","position":[-1393.38757,-850.501892,114.495384],"animationPeriod":0.5,"attenuationRatio":[0,100,100],"brightness":200,"color":[0.75677675,0.834590375,1,1],"fadeStartDistance":10,"radius":0.330000013,"rotationMatrix":[0.734914541,-0.678159595,0,0.678159595,0.734914541,0,0,0,0.999999881],"shadowDarkenColor":[0,0,0,0]}
{"name":"SpotLight_14","class":"SpotLight","persistentId":"b1201ad2-0536-4fe8-9d73-4786283969ad","__parent":"lights","position":[-1393.50342,-850.504639,114.600868],"brightness":2,"color":[0.819621325,0.882017255,0.982375145,1],"outerAngle":80,"range":22,"rotationMatrix":[0.6903162,-0.637233019,0.342633247,0.252117366,-0.232022762,-0.93946898,0.678159475,0.734914422,0.000488519669],"shadowDarkenColor":[0,0,0,0]}
{"class":"TSStatic","persistentId":"32b36d16-a233-4157-bd1f-761779b44130","__parent":"lights","position":[-1393.49805,-850.399719,114.557243],"isRenderEnabled":false,"rotationMatrix":[0.67880106,0.73432219,0,-0.73432219,0.67880106,0,0,0,1],"shapeName":"/levels/west_coast_usa/art/shapes/buildings/steel_factory/s_steel_factory_lamp_02.dae","useInstanceRenderData":true}
{"name":"PointLight_263","class":"PointLight","persistentId":"385f42d5-fb17-4774-8ce5-5e1a67db6737","__parent":"lights","position":[-1373.03333,-828.475769,114.495384],"animationPeriod":0.5,"attenuationRatio":[0,100,100],"brightness":200,"color":[0.75677675,0.834590375,1,1],"fadeStartDistance":10,"radius":0.330000013,"rotationMatrix":[0.734914541,-0.678159595,0,0.678159595,0.734914541,0,0,0,0.999999881],"shadowDarkenColor":[0,0,0,0]}
{"name":"SpotLight_15","class":"SpotLight","persistentId":"2ebe4ed6-85b0-447d-85cc-de6b636649bb","__parent":"lights","position":[-1373.14917,-828.478516,114.600868],"brightness":2,"color":[0.819621325,0.882017255,0.982375145,1],"outerAngle":80,"range":22,"rotationMatrix":[0.6903162,-0.637233019,0.342633247,0.252117366,-0.232022762,-0.93946898,0.678159475,0.734914422,0.000488519669],"shadowDarkenColor":[0,0,0,0]}
{"class":"TSStatic","persistentId":"f92c8d90-71ef-490e-9d67-b107e7fb5c40","__parent":"lights","position":[-1373.1438,-828.373596,114.557243],"isRenderEnabled":false,"rotationMatrix":[0.675590158,0.737277269,0,-0.737277269,0.675590158,0,0,0,0.999999881],"shapeName":"/levels/west_coast_usa/art/shapes/buildings/steel_factory/s_steel_factory_lamp_02.dae","useInstanceRenderData":true}
{"name":"PointLight_264","class":"PointLight","persistentId":"23f28ca6-54f8-4149-a7e8-cd93d86369c1","__parent":"lights","position":[-1342.55627,-795.50531,114.495384],"animationPeriod":0.5,"attenuationRatio":[0,100,100],"brightness":200,"color":[0.75677675,0.834590375,1,1],"fadeStartDistance":10,"radius":0.330000013,"rotationMatrix":[0.734914541,-0.678159595,0,0.678159595,0.734914541,0,0,0,0.999999881],"shadowDarkenColor":[0,0,0,0]}
{"name":"SpotLight_16","class":"SpotLight","persistentId":"ceecf36d-2053-46f2-ac2f-cf5d336eb5cb","__parent":"lights","position":[-1342.67212,-795.508057,114.600868],"brightness":2,"color":[0.819621325,0.882017255,0.982375145,1],"outerAngle":120,"range":15,"rotationMatrix":[0.631989658,-0.583521843,0.509991527,0.375085175,-0.34554708,-0.860179365,0.678159475,0.73491472,0.000488102436],"shadowDarkenColor":[0,0,0,0]}
{"class":"TSStatic","persistentId":"d3a7783b-78a3-4b72-a1ab-da0bd5b4e311","__parent":"lights","position":[-1342.66675,-795.403137,114.557243],"isRenderEnabled":false,"rotationMatrix":[0.675590158,0.737277269,0,-0.737277269,0.675590158,0,0,0,0.999999881],"shapeName":"/levels/west_coast_usa/art/shapes/buildings/steel_factory/s_steel_factory_lamp_02.dae","useInstanceRenderData":true}
{"name":"PointLight_265","class":"PointLight","persistentId":"dcb30f86-c6aa-4538-94d1-db8793ced716","__parent":"lights","position":[-1322.1875,-773.47583,114.495384],"animationPeriod":0.5,"attenuationRatio":[0,100,100],"brightness":200,"color":[0.75677675,0.834590375,1,1],"fadeStartDistance":10,"radius":0.330000013,"rotationMatrix":[0.734914541,-0.678159595,0,0.678159595,0.734914541,0,0,0,0.999999881],"shadowDarkenColor":[0,0,0,0]}
{"name":"SpotLight_17","class":"SpotLight","persistentId":"41f94d8d-065f-4262-8e8d-1338897482af","__parent":"lights","position":[-1322.30334,-773.478577,114.600868],"brightness":2,"color":[0.819621325,0.882017255,0.982375145,1],"outerAngle":80,"range":22,"rotationMatrix":[0.6903162,-0.637233019,0.342633247,0.252117366,-0.232022762,-0.93946898,0.678159475,0.734914422,0.000488519669],"shadowDarkenColor":[0,0,0,0]}
{"class":"TSStatic","persistentId":"cc939574-6f40-41c0-8d7e-a75ba6336c15","__parent":"lights","position":[-1322.29797,-773.373657,114.557243],"isRenderEnabled":false,"rotationMatrix":[0.675590158,0.737277269,0,-0.737277269,0.675590158,0,0,0,0.999999881],"shapeName":"/levels/west_coast_usa/art/shapes/buildings/steel_factory/s_steel_factory_lamp_02.dae","useInstanceRenderData":true}
{"name":"SpotLight_18","class":"SpotLight","persistentId":"f28055c8-b453-454f-8fd5-eecfdeb23d85","__parent":"lights","position":[-1463.9408,-923.936646,103.539101],"color":[0.982375145,0.916003466,0.819621325,1],"outerAngle":120,"range":20,"rotationMatrix":[0.496903896,-0.459019125,0.736469984,0.541466653,-0.499201536,-0.676470101,0.678159595,0.734914601,0.000488340855],"shadowDarkenColor":[0,0,0,0]}
{"name":"PointLight_1","class":"PointLight","persistentId":"7ad726ac-5842-4168-bf87-3263b3e5d58c","__parent":"lights","position":[-1463.82495,-923.933899,103.433617],"animationPeriod":0.5,"attenuationRatio":[0,100,100],"brightness":150,"color":[1,0.921389043,0.75677675,1],"fadeStartDistance":10,"radius":0.330000013,"rotationMatrix":[0.734914541,-0.678159595,0,0.678159595,0.734914541,0,0,0,0.999999881],"shadowDarkenColor":[0,0,0,0]}
{"class":"TSStatic","persistentId":"136a726b-a2f1-4318-958e-067a639fa4d5","__parent":"lights","position":[-1463.93542,-923.831726,103.495476],"isRenderEnabled":false,"rotationMatrix":[0.675590158,0.737277269,0,-0.737277269,0.675590158,0,0,0,0.999999881],"shapeName":"/levels/west_coast_usa/art/shapes/buildings/steel_factory/s_steel_factory_lamp_02.dae","useInstanceRenderData":true}
{"name":"SpotLight_20","class":"SpotLight","persistentId":"db384be2-723f-4032-8114-60f6de86e511","__parent":"lights","position":[-1471.29651,-931.96405,103.539101],"color":[0.982375145,0.916003466,0.819621325,1],"outerAngle":120,"range":20,"rotationMatrix":[0.496903896,-0.459019125,0.736469984,0.541466653,-0.499201536,-0.676470101,0.678159595,0.734914601,0.000488340855],"shadowDarkenColor":[0,0,0,0]}
{"name":"PointLight_2","class":"PointLight","persistentId":"1964d41a-22c2-434b-9f81-c819a348d90c","__parent":"lights","position":[-1471.18066,-931.961304,103.433617],"animationPeriod":0.5,"attenuationRatio":[0,100,100],"brightness":150,"color":[1,0.921389043,0.75677675,1],"fadeStartDistance":10,"radius":0.330000013,"rotationMatrix":[0.734914541,-0.678159595,0,0.678159595,0.734914541,0,0,0,0.999999881],"shadowDarkenColor":[0,0,0,0]}
{"class":"TSStatic","persistentId":"3091c0d6-27b0-4b96-9d4c-b3ae4841f461","__parent":"lights","position":[-1471.29114,-931.859131,103.495476],"isRenderEnabled":false,"rotationMatrix":[0.675590158,0.737277269,0,-0.737277269,0.675590158,0,0,0,0.999999881],"shapeName":"/levels/west_coast_usa/art/shapes/buildings/steel_factory/s_steel_factory_lamp_02.dae","useInstanceRenderData":true}
{"name":"SpotLight_21","class":"SpotLight","persistentId":"9583847e-e9d1-488d-857a-0cfb9cfbae10","__parent":"lights","position":[-1478.47424,-939.797119,103.539101],"color":[0.982375145,0.916003466,0.819621325,1],"outerAngle":120,"range":20,"rotationMatrix":[0.496903896,-0.459019125,0.736469984,0.541466653,-0.499201536,-0.676470101,0.678159595,0.734914601,0.000488340855],"shadowDarkenColor":[0,0,0,0]}
{"name":"PointLight_4","class":"PointLight","persistentId":"7f688f06-8d16-4226-8e31-ede3d6daee5b","__parent":"lights","position":[-1478.3584,-939.794373,103.433617],"animationPeriod":0.5,"attenuationRatio":[0,100,100],"brightness":150,"color":[1,0.921389043,0.75677675,1],"fadeStartDistance":10,"radius":0.330000013,"rotationMatrix":[0.734914541,-0.678159595,0,0.678159595,0.734914541,0,0,0,0.999999881],"shadowDarkenColor":[0,0,0,0]}
{"class":"TSStatic","persistentId":"8883fd16-79f4-42a2-9ce0-2a4318f39f5f","__parent":"lights","position":[-1478.46887,-939.6922,103.495476],"isRenderEnabled":false,"rotationMatrix":[0.675590158,0.737277269,0,-0.737277269,0.675590158,0,0,0,0.999999881],"shapeName":"/levels/west_coast_usa/art/shapes/buildings/steel_factory/s_steel_factory_lamp_02.dae","useInstanceRenderData":true}
{"name":"SpotLight_22","class":"SpotLight","persistentId":"afec5397-acd8-466b-b13b-e30239d89f9f","__parent":"lights","position":[-1436.57751,-933.880188,103.619415],"color":[0.982375145,0.916003466,0.819621325,1],"outerAngle":120,"range":20,"rotationMatrix":[-0.493834734,0.46232,0.736470163,-0.538128614,0.50279808,-0.67647022,-0.683041513,-0.73037976,0.000488221645],"shadowDarkenColor":[0,0,0,0]}
{"name":"PointLight_5","class":"PointLight","persistentId":"0142a248-c68d-4c90-9128-8fac95ffaf39","__parent":"lights","position":[-1436.69348,-933.882141,103.513931],"animationPeriod":0.5,"attenuationRatio":[0,100,100],"brightness":150,"color":[1,0.921389043,0.75677675,1],"fadeStartDistance":10,"radius":0.330000013,"rotationMatrix":[-0.730379939,0.683041453,0,-0.683041453,-0.730379939,0,0,0,1],"shadowDarkenColor":[0,0,0,0]}
{"class":"TSStatic","persistentId":"17061a5b-db2e-4d28-8bad-772e764203b7","__parent":"lights","position":[-1436.58374,-933.985046,103.57579],"isRenderEnabled":false,"rotationMatrix":[-0.680487871,-0.732759535,0,0.732759535,-0.680487871,0,0,0,1],"shapeName":"/levels/west_coast_usa/art/shapes/buildings/steel_factory/s_steel_factory_lamp_02.dae","useInstanceRenderData":true}
{"name":"SpotLight_23","class":"SpotLight","persistentId":"82749451-c916-4130-96d4-24749642428b","__parent":"lights","position":[-1462.62061,-951.123657,103.619415],"color":[0.982375145,0.916003466,0.819621325,1],"outerAngle":120,"range":20,"rotationMatrix":[-0.461973667,-0.494158328,0.736469507,-0.502421141,-0.538479567,-0.67647028,0.730857491,-0.682529569,0.000488221645],"shadowDarkenColor":[0,0,0,0]}
{"name":"PointLight_7","class":"PointLight","persistentId":"7c03cc4e-793a-46fe-ad40-6441ec18a05d","__parent":"lights","position":[-1462.61853,-951.239624,103.513931],"animationPeriod":0.5,"attenuationRatio":[0,100,100],"brightness":150,"color":[1,0.921389043,0.75677675,1],"fadeStartDistance":10,"radius":0.330000013,"rotationMatrix":[-0.682529926,-0.730857372,0,0.730857372,-0.682529926,0,0,0,1],"shadowDarkenColor":[0,0,0,0]}
{"class":"TSStatic","persistentId":"42ad83aa-a461-4d9b-b553-502fc47bb87e","__parent":"lights","position":[-1462.51575,-951.129822,103.57579],"isRenderEnabled":false,"rotationMatrix":[0.733235478,-0.679974735,0,0.679974735,0.733235478,0,0,0,1],"shapeName":"/levels/west_coast_usa/art/shapes/buildings/steel_factory/s_steel_factory_lamp_02.dae","useInstanceRenderData":true}
{"name":"SpotLight_24","class":"SpotLight","persistentId":"cac2d959-e3a0-44e9-b49f-39693b951833","__parent":"lights","position":[-1461.08801,-969.956848,103.619415],"brightness":2,"color":[0.982375145,0.916003466,0.819621325,1],"outerAngle":120,"rotationMatrix":[0.454918265,0.500661433,0.736469448,0.494732738,0.545552254,-0.67647028,-0.740465105,0.672094226,0.000488042831],"shadowDarkenColor":[0,0,0,0]}
{"name":"PointLight_9","class":"PointLight","persistentId":"faeb54c5-eed8-4d29-a4f1-e35063398899","__parent":"lights","position":[-1461.09167,-969.840881,103.513931],"animationPeriod":0.5,"attenuationRatio":[0,100,100],"brightness":150,"color":[1,0.921389043,0.75677675,1],"fadeStartDistance":10,"radius":0.330000013,"rotationMatrix":[0.672095001,0.740464807,0,-0.740464807,0.672095001,0,0,0,1],"shadowDarkenColor":[0,0,0,0]}
{"class":"TSStatic","persistentId":"bbf8f1c6-63bb-4b9c-9708-4cbd863d703a","__parent":"lights","position":[-1461.19299,-969.952148,103.57579],"isRenderEnabled":false,"rotationMatrix":[-0.742806435,0.669505954,0,-0.669505954,-0.742806435,0,0,0,1],"shapeName":"/levels/west_coast_usa/art/shapes/buildings/steel_factory/s_steel_factory_lamp_02.dae","useInstanceRenderData":true}
{"name":"SpotLight_25","class":"SpotLight","persistentId":"4f342481-28e0-479d-877f-8c6ee086e79b","__parent":"lights","position":[-1453.68469,-976.6297,103.619415],"brightness":2,"color":[0.982375145,0.916003466,0.819621325,1],"outerAngle":120,"rotationMatrix":[0.454918265,0.500661433,0.736469448,0.494732738,0.545552254,-0.67647028,-0.740465105,0.672094226,0.000488042831],"shadowDarkenColor":[0,0,0,0]}
{"name":"PointLight_11","class":"PointLight","persistentId":"3ea61946-b003-4914-a10f-ff8958285977","__parent":"lights","position":[-1453.68835,-976.513733,103.513931],"animationPeriod":0.5,"attenuationRatio":[0,100,100],"brightness":150,"color":[1,0.921389043,0.75677675,1],"fadeStartDistance":10,"radius":0.330000013,"rotationMatrix":[0.672095001,0.740464807,0,-0.740464807,0.672095001,0,0,0,1],"shadowDarkenColor":[0,0,0,0]}
{"class":"TSStatic","persistentId":"d8d49c68-4f8d-41f9-a0a8-75d2fb25ce4c","__parent":"lights","position":[-1453.78967,-976.625,103.57579],"isRenderEnabled":false,"rotationMatrix":[-0.742806435,0.669505954,0,-0.669505954,-0.742806435,0,0,0,1],"shapeName":"/levels/west_coast_usa/art/shapes/buildings/steel_factory/s_steel_factory_lamp_02.dae","useInstanceRenderData":true}
{"name":"SpotLight_26","class":"SpotLight","persistentId":"d2500f33-1362-4053-96de-f9bb22338f65","__parent":"lights","position":[-1446.94177,-982.707214,103.619415],"brightness":2,"color":[0.982375145,0.916003466,0.819621325,1],"outerAngle":120,"rotationMatrix":[0.454918265,0.500661433,0.736469448,0.494732738,0.545552254,-0.67647028,-0.740465105,0.672094226,0.000488042831],"shadowDarkenColor":[0,0,0,0]}
{"name":"PointLight_12","class":"PointLight","persistentId":"c6464846-682a-4ef2-9776-6cc39c568e8f","__parent":"lights","position":[-1446.94543,-982.591248,103.513931],"animationPeriod":0.5,"attenuationRatio":[0,100,100],"brightness":150,"color":[1,0.921389043,0.75677675,1],"fadeStartDistance":10,"radius":0.330000013,"rotationMatrix":[0.672095001,0.740464807,0,-0.740464807,0.672095001,0,0,0,1],"shadowDarkenColor":[0,0,0,0]}
{"class":"TSStatic","persistentId":"53f09643-44d2-473b-aaf9-dfc37bc652ff","__parent":"lights","position":[-1447.04675,-982.702515,103.57579],"isRenderEnabled":false,"rotationMatrix":[-0.742806435,0.669505954,0,-0.669505954,-0.742806435,0,0,0,1],"shapeName":"/levels/west_coast_usa/art/shapes/buildings/steel_factory/s_steel_factory_lamp_02.dae","useInstanceRenderData":true}
{"name":"PointLight_13","class":"PointLight","persistentId":"03858bc7-d9d8-4b8f-897f-ed3273f72d4f","__parent":"lights","position":[-1491.9021,-938.581238,103.513931],"animationPeriod":0.5,"attenuationRatio":[0,100,100],"brightness":150,"color":[1,0.921389043,0.75677675,1],"fadeStartDistance":10,"radius":0.330000013,"rotationMatrix":[0.672095001,0.740464807,0,-0.740464807,0.672095001,0,0,0,1],"shadowDarkenColor":[0,0,0,0]}
{"name":"SpotLight_27","class":"SpotLight","persistentId":"08a1f8c7-bf7f-4c8c-83c2-e9891d137071","__parent":"lights","position":[-1491.89844,-938.697205,103.619415],"color":[0.982375145,0.916003466,0.819621325,1],"outerAngle":120,"range":7,"rotationMatrix":[0.5914433,0.651263952,0.475447178,0.319227308,0.352341115,-0.879743993,-0.740465164,0.672094405,0.000488579273],"shadowDarkenColor":[0,0,0,0]}
{"class":"TSStatic","persistentId":"dd4be257-013d-47d0-b35d-588195dfd57e","__parent":"lights","position":[-1492.00342,-938.692505,103.57579],"isRenderEnabled":false,"rotationMatrix":[-0.742806435,0.669505954,0,-0.669505954,-0.742806435,0,0,0,1],"shapeName":"/levels/west_coast_usa/art/shapes/buildings/steel_factory/s_steel_factory_lamp_02.dae","useInstanceRenderData":true}
{"name":"PointLight_14","class":"PointLight","persistentId":"c8d642f1-406f-43d2-bfc1-83abb8a9b5cb","__parent":"lights","position":[-1500.80981,-930.552551,103.513931],"animationPeriod":0.5,"attenuationRatio":[0,100,100],"brightness":150,"color":[1,0.921389043,0.75677675,1],"fadeStartDistance":10,"radius":0.330000013,"rotationMatrix":[0.672095001,0.740464807,0,-0.740464807,0.672095001,0,0,0,1],"shadowDarkenColor":[0,0,0,0]}
{"name":"SpotLight_28","class":"SpotLight","persistentId":"a7f66f83-6447-413b-afd6-2ac03f8a90fc","__parent":"lights","position":[-1500.80615,-930.668518,103.619415],"color":[0.982375145,0.916003466,0.819621325,1],"outerAngle":120,"range":7,"rotationMatrix":[0.5914433,0.651263952,0.475447178,0.319227308,0.352341115,-0.879743993,-0.740465164,0.672094405,0.000488579273],"shadowDarkenColor":[0,0,0,0]}
{"class":"TSStatic","persistentId":"4e372cf9-854b-4c57-bd5f-0c530eacdd02","__parent":"lights","position":[-1500.91113,-930.663818,103.57579],"isRenderEnabled":false,"rotationMatrix":[-0.742806435,0.669505954,0,-0.669505954,-0.742806435,0,0,0,1],"shapeName":"/levels/west_coast_usa/art/shapes/buildings/steel_factory/s_steel_factory_lamp_02.dae","useInstanceRenderData":true}
{"name":"PointLight_15","class":"PointLight","persistentId":"29b1baa9-4c6b-4bf3-98e1-ff0465ab8ff2","__parent":"lights","position":[-1406.93079,-1020.10773,100.186981],"animationPeriod":0.5,"attenuationRatio":[0,100,100],"brightness":150,"color":[1,0.921389043,0.75677675,1],"fadeStartDistance":10,"radius":0.330000013,"rotationMatrix":[0.672095001,0.740464807,0,-0.740464807,0.672095001,0,0,0,1],"shadowDarkenColor":[0,0,0,0]}
{"name":"SpotLight_29","class":"SpotLight","persistentId":"47ac4ff1-1085-4ff2-ab80-b5fd81b86f8a","__parent":"lights","position":[-1406.92712,-1020.22369,100.292465],"color":[0.982375145,0.916003466,0.819621325,1],"outerAngle":120,"range":20,"rotationMatrix":[0.454918265,0.500661433,0.736469448,0.494732738,0.545552254,-0.67647028,-0.740465105,0.672094226,0.000488042831],"shadowDarkenColor":[0,0,0,0]}
{"class":"TSStatic","persistentId":"123544fe-a0dd-42d4-a312-711664127f5c","__parent":"lights","position":[-1407.0321,-1020.21899,100.24884],"isRenderEnabled":false,"rotationMatrix":[-0.742806435,0.669505954,0,-0.669505954,-0.742806435,0,0,0,1],"shapeName":"/levels/west_coast_usa/art/shapes/buildings/steel_factory/s_steel_factory_lamp_02.dae","useInstanceRenderData":true}
{"name":"PointLight_16","class":"PointLight","persistentId":"ce4d1e7a-9e21-43a4-a05e-4c65fbbede6a","__parent":"lights","position":[-1423.11316,-985.321594,102.902504],"animationPeriod":0.5,"attenuationRatio":[0,100,100],"brightness":150,"color":[1,0.921389043,0.75677675,1],"fadeStartDistance":10,"radius":0.330000013,"rotationMatrix":[0.672095001,0.740464807,0,-0.740464807,0.672095001,0,0,0,1],"shadowDarkenColor":[0,0,0,0]}
{"name":"SpotLight_19","class":"SpotLight","persistentId":"cff752bc-e771-4b07-9765-068168def54f","__parent":"lights","position":[-1423.1095,-985.437561,103.007988],"color":[0.982375145,0.916003466,0.819621325,1],"outerAngle":120,"range":20,"rotationMatrix":[0.454918265,0.500661433,0.736469448,0.494732738,0.545552254,-0.67647028,-0.740465105,0.672094226,0.000488042831],"shadowDarkenColor":[0,0,0,0]}
{"class":"TSStatic","persistentId":"ecae8211-041a-4d55-b769-622d1a63fa2f","__parent":"lights","position":[-1423.21448,-985.432861,102.964363],"isRenderEnabled":false,"rotationMatrix":[-0.742806435,0.669505954,0,-0.669505954,-0.742806435,0,0,0,1],"shapeName":"/levels/west_coast_usa/art/shapes/buildings/steel_factory/s_steel_factory_lamp_02.dae","useInstanceRenderData":true}
{"name":"SpotLight_30","class":"SpotLight","persistentId":"79808c35-ab5a-4356-81f0-f4238f585222","__parent":"lights","position":[-1490.69031,-914.487305,103.122231],"color":[0.982375145,0.916003466,0.819621325,1],"outerAngle":120,"range":20,"rotationMatrix":[0.496903896,-0.459019125,0.736469984,0.541466653,-0.499201536,-0.676470101,0.678159595,0.734914601,0.000488340855],"shadowDarkenColor":[0,0,0,0]}
{"name":"PointLight_17","class":"PointLight","persistentId":"17b85679-ae4f-42d2-8ee4-739dee83f38d","__parent":"lights","position":[-1490.57446,-914.484558,103.016747],"animationPeriod":0.5,"attenuationRatio":[0,100,100],"brightness":150,"color":[1,0.921389043,0.75677675,1],"fadeStartDistance":10,"radius":0.330000013,"rotationMatrix":[0.734914541,-0.678159595,0,0.678159595,0.734914541,0,0,0,0.999999881],"shadowDarkenColor":[0,0,0,0]}
{"class":"TSStatic","persistentId":"76642a9a-6824-4318-93f8-d03ee61f144c","__parent":"lights","position":[-1490.68494,-914.382385,103.078606],"isRenderEnabled":false,"rotationMatrix":[0.675590158,0.737277269,0,-0.737277269,0.675590158,0,0,0,0.999999881],"shapeName":"/levels/west_coast_usa/art/shapes/buildings/steel_factory/s_steel_factory_lamp_02.dae","useInstanceRenderData":true}
{"name":"PointLight_18","class":"PointLight","persistentId":"6d81021d-3080-4134-a6bc-a39a5800858b","__parent":"lights","position":[-1427.70764,-963.615356,103.513931],"animationPeriod":0.5,"attenuationRatio":[0,100,100],"brightness":150,"color":[1,0.921389043,0.75677675,1],"fadeStartDistance":10,"radius":0.330000013,"rotationMatrix":[-0.682529926,-0.730857372,0,0.730857372,-0.682529926,0,0,0,1],"shadowDarkenColor":[0,0,0,0]}
{"name":"SpotLight_31","class":"SpotLight","persistentId":"55c95a6f-c14a-4522-a9b4-24d4bbb50e28","__parent":"lights","position":[-1427.70972,-963.49939,103.619415],"color":[0.982375145,0.916003466,0.819621325,1],"outerAngle":120,"range":20,"rotationMatrix":[-0.461973667,-0.494158328,0.736469507,-0.502421141,-0.538479567,-0.67647028,0.730857491,-0.682529569,0.000488221645],"shadowDarkenColor":[0,0,0,0]}
{"class":"TSStatic","persistentId":"195da359-e685-458a-8aa5-219be50bbaf3","__parent":"lights","position":[-1427.60486,-963.505554,103.57579],"isRenderEnabled":false,"rotationMatrix":[0.733235478,-0.679974735,0,0.679974735,0.733235478,0,0,0,1],"shapeName":"/levels/west_coast_usa/art/shapes/buildings/steel_factory/s_steel_factory_lamp_02.dae","useInstanceRenderData":true}
{"name":"SpotLight_32","class":"SpotLight","persistentId":"8a5183d3-b68b-4241-b44a-3d204cb39dc5","__parent":"lights","position":[-1390.62134,-1001.09558,100.787308],"color":[0.982375145,0.916003466,0.819621325,1],"outerAngle":120,"range":20,"rotationMatrix":[-0.461973667,-0.494158328,0.736469507,-0.502421141,-0.538479567,-0.67647028,0.730857491,-0.682529569,0.000488221645],"shadowDarkenColor":[0,0,0,0]}
{"name":"PointLight_19","class":"PointLight","persistentId":"16c8447b-a25b-41c3-86c6-fed8053e9843","__parent":"lights","position":[-1390.61926,-1001.21155,100.681824],"animationPeriod":0.5,"attenuationRatio":[0,100,100],"brightness":150,"color":[1,0.921389043,0.75677675,1],"fadeStartDistance":10,"radius":0.330000013,"rotationMatrix":[-0.682529926,-0.730857372,0,0.730857372,-0.682529926,0,0,0,1],"shadowDarkenColor":[0,0,0,0]}
{"class":"TSStatic","persistentId":"6900899a-b723-47bc-92e1-ea11cac5cc59","__parent":"lights","position":[-1390.51648,-1001.10175,100.743683],"isRenderEnabled":false,"rotationMatrix":[0.733235478,-0.679974735,0,0.679974735,0.733235478,0,0,0,1],"shapeName":"/levels/west_coast_usa/art/shapes/buildings/steel_factory/s_steel_factory_lamp_02.dae","useInstanceRenderData":true}
{"name":"SpotLight_1","class":"SpotLight","persistentId":"6f85a181-30f3-49da-af87-87c2994f3224","__parent":"lights","position":[-1331.06738,-806.410583,111.422768],"color":[1,0.872546613,0.629877687,1],"outerAngle":60,"rotationMatrix":[-0.671066523,0.619511962,0.407277614,-0.299616724,0.275871396,-0.913304448,-0.678159237,-0.734915018,0.000487923622],"shadowDarkenColor":[0,0,0,0]}
{"name":"PointLight_20","class":"PointLight","persistentId":"b635773d-ddfa-4303-b07c-ea3c546b8812","__parent":"lights","position":[-1331.18323,-806.413391,111.317284],"animationPeriod":0.5,"attenuationRatio":[0,100,100],"brightness":150,"color":[1,0.731863737,0.404279292,1],"fadeStartDistance":10,"radius":0.330000013,"rotationMatrix":[-0.734915137,0.678159356,0,-0.678159356,-0.734915137,0,0,0,1],"shadowDarkenColor":[0,0,0,0]}
{"class":"TSStatic","persistentId":"3c77a6fb-e0d0-4531-b38d-bac7af799de3","__parent":"lights","position":[-1331.07275,-806.515564,111.379143],"isRenderEnabled":false,"rotationMatrix":[-0.675589919,-0.737277687,0,0.737277687,-0.675589919,0,0,0,1],"shapeName":"/levels/west_coast_usa/art/shapes/buildings/steel_factory/s_steel_factory_lamp_02.dae","useInstanceRenderData":true}
{"name":"PointLight_21","class":"PointLight","persistentId":"e0f2c55a-d8d1-4583-a966-f8df94eddf53","__parent":"lights","position":[-1296.64624,-769.104736,111.317284],"animationPeriod":0.5,"attenuationRatio":[0,100,100],"brightness":150,"color":[1,0.731863737,0.404279292,1],"fadeStartDistance":10,"radius":0.330000013,"rotationMatrix":[-0.734915137,0.678159356,0,-0.678159356,-0.734915137,0,0,0,1],"shadowDarkenColor":[0,0,0,0]}
