{"class":"TSStatic","persistentId":"142cc79b-61f1-42d2-a77c-b7d8ee862ede","__parent":"cliffSideRocks","position":[161.638794,897.589355,72.0721359],"isRenderEnabled":false,"rotationMatrix":[0.212872684,-0.964743614,-0.154773563,0.976882458,0.213326573,0.0138664395,0.0196397379,-0.154147387,0.987852633],"scale":[1.44804692,1.44804692,1.44804692],"shapeName":"/levels/west_coast_usa/art/shapes/rocksJV/s_rocks_desert_low_small_lowc.dae","useInstanceRenderData":true}
{"class":"TSStatic","persistentId":"d6025c0c-a21d-425f-a42c-29967df27f52","__parent":"cliffSideRocks","position":[160.224655,905.202271,72.1322327],"isRenderEnabled":false,"rotationMatrix":[0.205179513,-0.953814149,0.219407618,0.976988316,0.212948442,0.0121019408,-0.0582654774,0.211875647,0.975558221],"scale":[1.44804692,1.44804692,1.44804692],"shapeName":"/levels/west_coast_usa/art/shapes/rocksJV/s_rocks_desert_low_small_lowc.dae","useInstanceRenderData":true}
{"class":"TSStatic","persistentId":"3ae744bb-a84c-4b91-80f1-85aebae7c52b","__parent":"cliffSideRocks","position":[-42.3779716,461.923218,76.0168686],"isRenderEnabled":false,"rotationMatrix":[0.304973483,-0.626422822,0.717346311,0.899106801,0.437729359,-1.1920929e-07,-0.314003497,0.644970953,0.696716785],"shapeName":"/levels/west_coast_usa/art/shapes/rocksJV/s_rocks_desert_low_small_lowc.dae","useInstanceRenderData":true}
{"class":"TSStatic","persistentId":"141231db-b415-4c51-9835-9efe9680f8bb","__parent":"cliffSideRocks","position":[-34.2303429,465.70343,76.118988],"isRenderEnabled":false,"rotationMatrix":[0.314962149,-0.661869407,0.68024075,0.872313023,0.484291434,0.0673175752,-0.373990178,0.57218051,0.729890943],"shapeName":"/levels/west_coast_usa/art/shapes/rocksJV/s_rocks_desert_low_small_lowc.dae","useInstanceRenderData":true}
{"class":"TSStatic","persistentId":"16e1db43-b317-4a22-b5da-ac9815c7af20","__parent":"cliffSideRocks","position":[-26.2315197,470.763367,76.2008591],"isRenderEnabled":false,"rotationMatrix":[-0.428820729,0.612833381,-0.663737595,-0.811309934,-0.584412217,-0.0154289603,-0.397351921,0.531880736,0.747806311],"shapeName":"/levels/west_coast_usa/art/shapes/rocksJV/s_rocks_desert_low_small_lowc.dae","useInstanceRenderData":true}
{"class":"TSStatic","persistentId":"da6d1d1b-bc1e-4b83-9d6d-b52828da2996","__parent":"cliffSideRocks","position":[-51.7666588,457.095428,75.3320694],"isRenderEnabled":false,"rotationMatrix":[0.337522447,-0.865435123,0.370270699,0.92857182,0.370623112,0.0198135972,-0.154378206,0.337135494,0.928712547],"shapeName":"/levels/west_coast_usa/art/shapes/rocksJV/s_rocks_desert_low_small_lowc.dae","useInstanceRenderData":true}
{"class":"TSStatic","persistentId":"08c12138-261f-42b3-8853-f6d9b80f76cb","__parent":"cliffSideRocks","position":[-61.8542519,453.363068,75.4267731],"isRenderEnabled":false,"rotationMatrix":[0.215278327,-0.868845522,0.445827961,0.966636956,0.254482269,0.0291812122,-0.138809264,0.424671769,0.894642889],"shapeName":"/levels/west_coast_usa/art/shapes/rocksJV/s_rocks_desert_low_small_lowc.dae","useInstanceRenderData":true}
{"class":"TSStatic","persistentId":"8c88f7d6-fa43-4f4f-9eba-ca4df8d3985b","__parent":"cliffSideRocks","position":[-74.1397171,451.659332,74.9105225],"isRenderEnabled":false,"rotationMatrix":[-0.157475352,0.880443275,-0.447236717,-0.984413683,-0.175866604,0.000403106213,-0.0782992095,0.440329522,0.894415498],"shapeName":"/levels/west_coast_usa/art/shapes/rocksJV/s_rocks_desert_low_small_lowc.dae","useInstanceRenderData":true}
{"class":"TSStatic","persistentId":"2b30d770-3db6-4849-890f-d832a5ea5387","__parent":"cliffSideRocks","position":[-84.0752716,449.851807,74.8454361],"isRenderEnabled":false,"rotationMatrix":[-0.064172864,0.94926554,-0.307858467,-0.996473968,-0.077662468,-0.031754002,-0.0540520102,0.304735184,0.950902104],"shapeName":"/levels/west_coast_usa/art/shapes/rocksJV/s_rocks_desert_low_small_lowc.dae","useInstanceRenderData":true}
{"class":"TSStatic","persistentId":"92c3db83-9995-47fe-9ba0-6d6f9edb1513","__parent":"cliffSideRocks","position":[319.258148,938.458252,85.4535446],"isRenderEnabled":false,"rotationMatrix":[0.673949659,0.736074209,-0.0631402135,-0.462498218,0.353724241,-0.81300348,-0.576096594,0.577125728,0.578825295],"scale":[3.2328124,3.2328124,3.2328124],"shapeName":"/levels/west_coast_usa/art/shapes/rocks/eca_rock_big_wide_lowc.dae","useInstanceRenderData":true}
{"class":"TSStatic","persistentId":"1107dca2-4533-4252-a592-5d16cddd72cd","__parent":"cliffSideRocks","position":[302.533356,923.498108,87.20047],"isRenderEnabled":false,"rotationMatrix":[0.742220998,0.66375649,0.0923861861,-0.231849819,0.383675218,-0.893889785,-0.628771484,0.642044067,0.438663661],"scale":[3.2328124,3.2328124,3.2328124],"shapeName":"/levels/west_coast_usa/art/shapes/rocks/eca_rock_big_wide_lowc.dae","useInstanceRenderData":true}
{"class":"TSStatic","persistentId":"65377651-b8b3-4ce5-826d-2cfc6f37c773","__parent":"cliffSideRocks","position":[288.878479,908.032471,90.9239197],"isRenderEnabled":false,"rotationMatrix":[-0.679530859,-0.727931499,0.0914017856,0.378000885,-0.240614653,0.893991351,-0.628771663,0.642044306,0.438663304],"scale":[3.2328124,3.2328124,3.2328124],"shapeName":"/levels/west_coast_usa/art/shapes/rocks/eca_rock_big_wide_lowc.dae","useInstanceRenderData":true}
{"class":"TSStatic","persistentId":"45db84bc-0df0-4190-8a52-3db051d7a97e","__parent":"cliffSideRocks","position":[270.751465,884.80426,95.4255753],"isRenderEnabled":false,"rotationMatrix":[-0.580469608,-0.811471641,0.0675875545,0.558714688,-0.33652997,0.758013844,-0.592361569,0.477766514,0.648727059],"scale":[3.2328124,3.2328124,3.2328124],"shapeName":"/levels/west_coast_usa/art/shapes/rocks/eca_rock_big_wide_lowc.dae","useInstanceRenderData":true}
{"class":"TSStatic","persistentId":"584b3e81-16df-4207-b00f-ea7826ccec1c","__parent":"cliffSideRocks","position":[235.044266,884.819336,83.1429443],"isRenderEnabled":false,"rotationMatrix":[-0.732610703,-0.665319681,0.14363353,-0.47601974,0.349989891,-0.806791186,0.486503899,-0.659436584,-0.573111534],"scale":[3.2328124,3.2328124,3.2328124],"shapeName":"/levels/west_coast_usa/art/shapes/rocks/eca_rock_big_wide_lowc.dae","useInstanceRenderData":true}
{"class":"TSStatic","persistentId":"35691b03-aa63-4dde-8bb1-6cd163f30134","__parent":"cliffSideRocks","position":[219.34552,874.997986,86.9495468],"isRenderEnabled":false,"rotationMatrix":[-0.940703869,-0.338556021,0.0213611275,0.150175929,-0.359157801,0.9211151,-0.304177046,0.869704306,0.388703942],"scale":[3.2328124,3.2328124,3.2328124],"shapeName":"/levels/west_coast_usa/art/shapes/rocks/eca_rock_big_wide_lowc.dae","useInstanceRenderData":true}
{"class":"TSStatic","persistentId":"fd1abe15-da11-49f4-9264-0cb8616426c5","__parent":"cliffSideRocks","position":[199.286819,873.119141,83.5366364],"isRenderEnabled":false,"rotationMatrix":[0.999078214,-0.0291631781,0.0314998031,0.0416824259,0.483645737,-0.874270618,0.0102617722,0.874777734,0.484415531],"scale":[3.2328124,3.2328124,3.2328124],"shapeName":"/levels/west_coast_usa/art/shapes/rocks/eca_rock_big_wide_lowc.dae","useInstanceRenderData":true}
{"class":"TSStatic","persistentId":"92ab7a48-d4d8-4ce7-ae62-a8b5597a9ec2","__parent":"cliffSideRocks","position":[205.900803,868.777832,93.9969482],"isRenderEnabled":false,"rotationMatrix":[0.997736156,0.0353574045,0.0572051257,0.036432486,0.430808842,-0.90170759,-0.0565265119,0.901750386,0.428545356],"scale":[3.2328124,3.2328124,3.2328124],"shapeName":"/levels/west_coast_usa/art/shapes/rocks/eca_rock_big_wide_lowc.dae","useInstanceRenderData":true}
{"class":"TSStatic","persistentId":"90b06044-914f-4e33-adb4-4cec270077e6","__parent":"cliffSideRocks","position":[179.543579,873.765686,84.9538651],"isRenderEnabled":false,"rotationMatrix":[-0.993418932,0.110522047,-0.0300664753,-0.0752444565,-0.431813955,0.898818791,0.0863561705,0.895165861,0.437288105],"scale":[3.2328124,3.2328124,3.2328124],"shapeName":"/levels/west_coast_usa/art/shapes/rocks/eca_rock_big_wide_lowc.dae","useInstanceRenderData":true}
{"class":"TSStatic","persistentId":"706b72fd-ee66-479b-b799-74bd663bc443","__parent":"cliffSideRocks","position":[162.322021,872.838867,82.9777374],"isRenderEnabled":false,"rotationMatrix":[-0.993579507,-0.112635657,-0.0106600262,-0.0389710255,0.429173112,-0.902381241,0.106215283,-0.896171749,-0.430807352],"scale":[4.27587843,4.27587843,4.27587843],"shapeName":"/levels/west_coast_usa/art/shapes/rocks/eca_rock_big_wide_lowc.dae","useInstanceRenderData":true}
{"class":"TSStatic","persistentId":"234dba42-2dcc-4732-bf67-b5438eb5a42a","__parent":"cliffSideRocks","position":[146.016281,871.907349,81.620636],"isRenderEnabled":false,"rotationMatrix":[-0.972686529,-0.226158261,0.0522834845,-0.153539747,0.457932293,-0.875627577,0.174088091,-0.859738648,-0.480148911],"scale":[3.2328124,3.2328124,3.2328124],"shapeName":"/levels/west_coast_usa/art/shapes/rocks/eca_rock_big_wide_lowc.dae","useInstanceRenderData":true}
{"class":"TSStatic","persistentId":"3259499f-340c-4306-9554-3cc592ad9d07","__parent":"cliffSideRocks","position":[129.263535,863.890503,83.9638672],"isRenderEnabled":false,"rotationMatrix":[0.834553599,0.550849319,0.00923748314,-0.275216758,0.431369662,-0.859171748,-0.477258921,0.714482546,0.511604071],"scale":[3.2328124,3.2328124,3.2328124],"shapeName":"/levels/west_coast_usa/art/shapes/rocks/eca_rock_big_wide_lowc.dae","useInstanceRenderData":true}
{"class":"TSStatic","persistentId":"81a5f81c-d105-4b7b-b3ed-2053a42f8775","__parent":"cliffSideRocks","position":[247.287491,897.700562,79.6355362],"isRenderEnabled":false,"rotationMatrix":[-0.591519833,-0.775040567,0.222297311,-0.50229758,0.13855201,-0.853522301,0.630714715,-0.616534948,-0.47125721],"scale":[3.2328124,3.2328124,3.2328124],"shapeName":"/levels/west_coast_usa/art/shapes/rocks/eca_rock_big_wide_lowc.dae","useInstanceRenderData":true}
{"class":"TSStatic","persistentId":"078dd681-8edc-4f35-af63-b06a14a9904e","__parent":"cliffSideRocks","position":[258.619232,913.362366,75.5091858],"isRenderEnabled":false,"rotationMatrix":[-0.567136884,-0.799099565,0.199490353,0.559604764,-0.196146011,0.805214167,-0.60431695,0.568302035,0.558421016],"scale":[3.2328124,3.2328124,3.2328124],"shapeName":"/levels/west_coast_usa/art/shapes/rocks/eca_rock_big_wide.dae","useInstanceRenderData":true}
{"class":"TSStatic","persistentId":"ec39cb43-ba91-4552-b462-c89d4cfce0c3","__parent":"cliffSideRocks","position":[270.442932,931.261475,70.7954712],"isRenderEnabled":false,"rotationMatrix":[0.567136824,0.799099147,-0.199489981,-0.685192287,0.323366225,-0.652645051,-0.457019895,0.50682801,0.730929613],"scale":[3.2328124,3.2328124,3.2328124],"shapeName":"/levels/west_coast_usa/art/shapes/rocks/eca_rock_big_wide.dae","useInstanceRenderData":true}
{"class":"TSStatic","persistentId":"24231537-6253-4171-881f-058d8edce951","__parent":"cliffSideRocks","position":[117.879456,852.887878,82.0863647],"isRenderEnabled":false,"rotationMatrix":[0.633612394,0.765886188,-0.109333485,-0.447790891,0.24781251,-0.859111428,-0.63088727,0.59330225,0.499973834],"scale":[3.2328124,3.2328124,3.2328124],"shapeName":"/levels/west_coast_usa/art/shapes/rocks/eca_rock_big_wide_lowc.dae","useInstanceRenderData":true}
{"class":"TSStatic","persistentId":"23e9bffc-47f8-42e1-91b2-09a343437663","__parent":"cliffSideRocks","position":[101.738945,844.86615,77.9859161],"isRenderEnabled":false,"rotationMatrix":[-0.809877276,-0.581328154,0.0784627795,0.296105087,-0.28967154,0.910171509,-0.506379902,0.760360479,0.406732559],"scale":[3.2328124,3.2328124,3.2328124],"shapeName":"/levels/west_coast_usa/art/shapes/rocks/eca_rock_big_wide_lowc.dae","useInstanceRenderData":true}
{"class":"TSStatic","persistentId":"c45bf32f-3ef1-4560-9346-a43acc1b513b","__parent":"cliffSideRocks","position":[106.646629,841.49939,88.5106583],"isRenderEnabled":false,"rotationMatrix":[-0.91303587,-0.402721733,0.0646566302,0.238675743,-0.398973703,0.885355055,-0.330755413,0.823792994,0.460397482],"scale":[3.2328124,3.2328124,3.2328124],"shapeName":"/levels/west_coast_usa/art/shapes/rocks/eca_rock_big_wide_lowc.dae","useInstanceRenderData":true}
{"class":"TSStatic","persistentId":"dd0b6c36-47a8-47b0-9ab6-4366d1b69815","__parent":"cliffSideRocks","position":[94.8003693,827.526245,90.0835648],"isRenderEnabled":false,"rotationMatrix":[-0.414456129,-0.908357859,0.0557846427,0.387822181,-0.120833755,0.913779497,-0.823298156,0.400356084,0.402361751],"scale":[3.2328124,3.2328124,3.2328124],"shapeName":"/levels/west_coast_usa/art/shapes/rocks/eca_rock_big_wide_lowc.dae","useInstanceRenderData":true}
{"class":"TSStatic","persistentId":"5ef18e15-aafe-4b58-bfbf-559bd5c9b4c8","__parent":"cliffSideRocks","position":[89.9264603,828.289612,82.1334534],"isRenderEnabled":false,"rotationMatrix":[0.414455831,0.908358097,-0.0557845831,0.38782227,-0.120833874,0.913779616,0.823298395,-0.400355846,-0.40236187],"scale":[3.2328124,3.2328124,3.2328124],"shapeName":"/levels/west_coast_usa/art/shapes/rocks/eca_rock_big_wide_lowc.dae","useInstanceRenderData":true}
{"class":"TSStatic","persistentId":"b78d9685-d4ff-4316-8859-2117f9bd865d","__parent":"cliffSideRocks","position":[86.96492,810.72467,79.6488113],"isRenderEnabled":false,"rotationMatrix":[-0.220117688,0.974913359,-0.0330392122,0.383116454,0.117550135,0.916189551,0.897089422,0.189011902,-0.399379969],"scale":[3.2328124,3.2328124,3.2328124],"shapeName":"/levels/west_coast_usa/art/shapes/rocks/eca_rock_big_wide_lowc.dae","useInstanceRenderData":true}
{"class":"TSStatic","persistentId":"724c3e01-2c54-40fa-8c5e-e82cdb0dc654","__parent":"cliffSideRocks","position":[94.0982056,809.208374,91.1256638],"isRenderEnabled":false,"rotationMatrix":[0.228719473,-0.971359134,0.0644114614,-0.49110809,-0.172260284,-0.853896379,0.840535641,0.163669676,-0.516441584],"scale":[3.2328124,3.2328124,3.2328124],"shapeName":"/levels/west_coast_usa/art/shapes/rocks/eca_rock_big_wide_lowc.dae","useInstanceRenderData":true}
{"class":"TSStatic","persistentId":"fc816b40-edc2-4d13-95af-cacc52fe8f62","__parent":"cliffSideRocks","position":[94.0844498,802.236755,87.7516632],"isRenderEnabled":false,"rotationMatrix":[0.377257884,-0.925613999,-0.0302469432,-0.422896832,-0.143122077,-0.894803882,0.82391417,0.350363046,-0.44543314],"scale":[3.2328124,3.2328124,3.2328124],"shapeName":"/levels/west_coast_usa/art/shapes/rocks/eca_rock_big_wide_lowc.dae","useInstanceRenderData":true}
{"class":"TSStatic","persistentId":"2bbd51fa-0d50-4c66-999c-c09089bb8844","__parent":"cliffSideRocks","position":[104.729095,787.863647,89.0299911],"isRenderEnabled":false,"rotationMatrix":[0.221048594,-0.964439332,0.14489314,-0.691355407,-0.259748101,-0.674209356,0.687869906,0.0488602817,-0.724187374],"scale":[3.2328124,3.2328124,3.2328124],"shapeName":"/levels/west_coast_usa/art/shapes/rocks/eca_rock_big_wide_lowc.dae","useInstanceRenderData":true}
{"class":"TSStatic","persistentId":"a88b32aa-b6d2-470f-9ada-59f37fbb9cd9","__parent":"cliffSideRocks","position":[102.256531,767.309937,88.5580368],"isRenderEnabled":false,"rotationMatrix":[0.0812365413,-0.995771289,-0.0428999364,0.560773373,0.0100806952,0.827908039,-0.82397449,-0.0913135707,0.559220791],"scale":[3.2328124,3.2328124,3.2328124],"shapeName":"/levels/west_coast_usa/art/shapes/rocks/eca_rock_big_wide_lowc.dae","useInstanceRenderData":true}
{"class":"TSStatic","persistentId":"9d79c301-ecf1-44d1-80e1-32d0608c42ce","__parent":"cliffSideRocks","position":[331.648071,950.678833,77.218544],"isRenderEnabled":false,"rotationMatrix":[0.991735101,0.062545754,0.112024367,0.0456545502,0.643949568,-0.763704419,-0.119904518,0.762506962,0.635771871],"scale":[3.2328124,3.2328124,3.2328124],"shapeName":"/levels/west_coast_usa/art/shapes/rocks/eca_rock_big_wide_lowc.dae","useInstanceRenderData":true}
{"class":"TSStatic","persistentId":"c5b54722-f6b0-4619-a366-fe5226fa56b5","__parent":"cliffSideRocks","position":[337.200653,942.989136,87.4485016],"isRenderEnabled":false,"rotationMatrix":[-0.992572546,-0.00834245235,0.121367432,-0.100367934,0.619916439,-0.778222322,-0.0687453821,-0.784623504,-0.616149426],"scale":[3.2328124,3.2328124,3.2328124],"shapeName":"/levels/west_coast_usa/art/shapes/rocks/eca_rock_big_wide_lowc.dae","useInstanceRenderData":true}
{"class":"TSStatic","persistentId":"357f4899-fbcd-4e9f-a0e2-e736241e2e75","__parent":"cliffSideRocks","position":[356.239563,944.145752,85.9144287],"isRenderEnabled":false,"rotationMatrix":[-0.986144423,-0.165819436,-0.00490469486,-0.100367963,0.619916379,-0.778222442,0.132084876,-0.766947031,-0.627970219],"scale":[3.2328124,3.2328124,3.2328124],"shapeName":"/levels/west_coast_usa/art/shapes/rocks/eca_rock_big_wide_lowc.dae","useInstanceRenderData":true}
{"class":"TSStatic","persistentId":"b792e226-062a-4ee7-9ee0-21a51a63f903","__parent":"cliffSideRocks","position":[354.704407,953.596924,75.0381165],"isRenderEnabled":false,"rotationMatrix":[0.991174221,0.129213542,-0.0296224821,-0.109697618,0.673990965,-0.730549634,-0.0744315982,0.727351487,0.682216883],"scale":[3.2328124,3.2328124,3.2328124],"shapeName":"/levels/west_coast_usa/art/shapes/rocks/eca_rock_big_wide_lowc.dae","useInstanceRenderData":true}
{"class":"TSStatic","persistentId":"a8d3dda7-e57a-45a1-b07d-ee8ac8c701b5","__parent":"cliffSideRocks","position":[374.702209,946.022583,85.1610489],"isRenderEnabled":false,"rotationMatrix":[-0.993968368,-0.103765145,0.035498172,-0.093449831,0.631964564,-0.769342542,0.0573973432,-0.768019319,-0.637849808],"scale":[5.5267334,5.5267334,5.5267334],"shapeName":"/levels/west_coast_usa/art/shapes/rocks/eca_rock_big_wide_lowc.dae","useInstanceRenderData":true}
{"class":"TSStatic","persistentId":"ba2c4a06-f71b-407d-af97-bb475da7649b","__parent":"cliffSideRocks","position":[406.617645,949.866455,84.5019836],"isRenderEnabled":false,"rotationMatrix":[0.985586882,0.168164372,0.0184192732,0.102523915,-0.680361271,0.725670218,0.134563655,-0.713322639,-0.687795997],"scale":[5.5267334,5.5267334,5.5267334],"shapeName":"/levels/west_coast_usa/art/shapes/rocks/eca_rock_big_wide_lowc.dae","useInstanceRenderData":true}
{"class":"TSStatic","persistentId":"4b1ae509-6803-409b-a15c-f0e0e4a58b0b","__parent":"cliffSideRocks","position":[436.087219,953.355225,90.5455551],"collisionType":"None","decalType":"None","isRenderEnabled":false,"rotationMatrix":[0.955508709,0.292649984,0.0368661508,-0.166184902,0.637381673,-0.752414346,-0.243691802,0.712811828,0.657657743],"scale":[8.34665489,8.34665489,8.34665489],"shapeName":"/levels/west_coast_usa/art/shapes/rocks/eca_rock_big_wide_lowc.dae","useInstanceRenderData":true}
{"class":"TSStatic","persistentId":"50562d0a-5616-41e2-bb33-2c5654a1398f","__parent":"cliffSideRocks","position":[472.984833,977.351746,85.8939743],"collisionType":"None","decalType":"None","isRenderEnabled":false,"rotationMatrix":[-0.801971912,-0.597257912,-0.011149168,-0.258947611,0.364401579,-0.894515336,0.538319111,-0.714489043,-0.44689846],"scale":[8.34665489,8.34665489,8.34665489],"shapeName":"/levels/west_coast_usa/art/shapes/rocks/eca_rock_big_wide_lowc.dae","useInstanceRenderData":true}
{"class":"TSStatic","persistentId":"cf5d7741-1308-4485-a208-28575282441b","__parent":"cliffSideRocks","position":[505.214386,1006.84186,77.352684],"collisionType":"None","decalType":"None","isRenderEnabled":false,"rotationMatrix":[0.127733231,0.485117793,-0.865069509,0.915119052,0.278656304,0.291389704,0.382415414,-0.828861594,-0.408346891],"scale":[8.34665489,8.34665489,8.34665489],"shapeName":"/levels/west_coast_usa/art/shapes/rocks/eca_rock_big_wide_lowc.dae","useInstanceRenderData":true}
{"class":"TSStatic","persistentId":"141332d7-d925-44a1-a771-a933ffa104ea","__parent":"cliffSideRocks","position":[561.886841,1016.26837,84.2775192],"collisionType":"None","decalType":"None","isRenderEnabled":false,"rotationMatrix":[-0.995057821,-0.0686827898,-0.0717134103,0.0340050571,0.442835629,-0.895957768,0.0932941362,-0.893968284,-0.438311577],"scale":[10.1270256,10.1270256,10.1270256],"shapeName":"/levels/west_coast_usa/art/shapes/rocks/eca_rock_big_wide_lowc.dae","useInstanceRenderData":true}
{"class":"TSStatic","persistentId":"c1cae4ad-27c3-4a5b-969a-0f9032bd5649","__parent":"cliffSideRocks","position":[612.1026,1014.1557,86.1835327],"collisionType":"None","decalType":"None","isRenderEnabled":false,"rotationMatrix":[0.992976844,-0.117646292,0.0125052407,-0.0625423193,-0.432258606,0.899578094,-0.100426532,-0.894042253,-0.436580658],"scale":[10.8228283,10.8228283,10.8228283],"shapeName":"/levels/west_coast_usa/art/shapes/rocks/eca_rock_big_wide_lowc.dae","useInstanceRenderData":true}
{"class":"TSStatic","persistentId":"c6466c97-ad18-4a71-8c53-1968fe09d1ca","__parent":"cliffSideRocks","position":[659.871643,1006.69067,85.9905548],"collisionType":"None","decalType":"None","isRenderEnabled":false,"rotationMatrix":[-0.980656862,0.194118842,0.0250973254,-0.0699994713,-0.467553496,0.88118881,0.182789698,0.862387121,0.472097814],"scale":[8.34665489,8.34665489,8.34665489],"shapeName":"/levels/west_coast_usa/art/shapes/rocks/eca_rock_big_wide_lowc.dae","useInstanceRenderData":true}
{"class":"TSStatic","persistentId":"b97bd44d-1e83-48db-bbfb-dadca74ab99e","__parent":"cliffSideRocks","position":[711.450867,1003.39227,84.1109161],"collisionType":"None","decalType":"None","isRenderEnabled":false,"rotationMatrix":[0.997570276,-0.0369240232,0.0590773746,-0.0693941861,-0.6016469,0.795742214,0.00616171397,-0.797908366,-0.60274744],"scale":[8.34665489,8.34665489,8.34665489],"shapeName":"/levels/west_coast_usa/art/shapes/rocks/eca_rock_big_wide_lowc.dae","useInstanceRenderData":true}
{"class":"TSStatic","persistentId":"68425a51-9677-49b4-ac3d-3b36667ccd8b","__parent":"cliffSideRocks","position":[756.441956,1009.25012,80.2193222],"collisionType":"None","decalType":"None","isRenderEnabled":false,"rotationMatrix":[-0.989648581,-0.142407715,0.0177772641,0.0949765518,-0.55703783,0.825038552,-0.10758923,0.818186522,0.564796865],"scale":[9.72946835,9.72946835,9.72946835],"shapeName":"/levels/west_coast_usa/art/shapes/rocks/eca_rock_big_wide_lowc.dae","useInstanceRenderData":true}
{"class":"TSStatic","persistentId":"3bf70b66-1855-41ee-8f5b-92dd37793bae","__parent":"cliffSideRocks","position":[802.555298,1015.10699,84.6237488],"collisionType":"None","decalType":"None","isRenderEnabled":false,"rotationMatrix":[-0.989648342,-0.142407224,0.0177771002,-0.085466668,0.485321224,-0.870148659,0.115287855,-0.862660646,-0.492468238],"scale":[9.05456543,9.05456543,9.05456543],"shapeName":"/levels/west_coast_usa/art/shapes/rocks/eca_rock_big_wide_lowc.dae","useInstanceRenderData":true}
{"class":"TSStatic","persistentId":"c637d52f-688e-4c8f-b05b-29e8280b2100","__parent":"cliffSideRocks","position":[853.658203,1020.13959,82.0776138],"collisionType":"None","decalType":"None","isRenderEnabled":false,"rotationMatrix":[-0.998078346,-0.000794116408,-0.0619640648,0.0516173765,0.542645097,-0.838374615,0.034290269,-0.839961767,-0.541561484],"scale":[8.34665489,8.34665489,8.34665489],"shapeName":"/levels/west_coast_usa/art/shapes/rocks/eca_rock_big_wide_lowc.dae","useInstanceRenderData":true}
{"class":"TSStatic","persistentId":"756e1222-5203-4a66-bea3-1bd32e0d86c5","__parent":"cliffSideRocks","position":[902.216187,1022.20953,82.1416626],"collisionType":"None","decalType":"None","isRenderEnabled":false,"rotationMatrix":[0.998078108,0.000794313848,0.0619637966,-0.0482034832,-0.618427396,0.784362316,0.0389431342,-0.785841703,-0.617200494],"scale":[8.34665489,8.34665489,8.34665489],"shapeName":"/levels/west_coast_usa/art/shapes/rocks/eca_rock_big_wide_lowc.dae","useInstanceRenderData":true}
{"class":"TSStatic","persistentId":"d781589c-f527-43c3-b07a-d2b392fe3328","__parent":"cliffSideRocks","position":[952.627258,1020.6474,85.634964],"collisionType":"None","decalType":"None","isRenderEnabled":false,"rotationMatrix":[-0.997935653,0.0631834641,-0.0115120104,-0.0482034832,-0.618427515,0.784362257,0.0424393788,0.783297837,0.620196223],"scale":[8.34665489,8.34665489,8.34665489],"shapeName":"/levels/west_coast_usa/art/shapes/rocks/eca_rock_big_wide_lowc.dae","useInstanceRenderData":true}
{"class":"TSStatic","persistentId":"a2483366-9b22-4bc1-b838-bd7bdd8fb575","__parent":"cliffSideRocks","position":[1001.56927,1020.14899,82.9153366],"collisionType":"None","decalType":"None","isRenderEnabled":false,"rotationMatrix":[-0.998953819,0.0179385077,-0.042069912,-0.0449123234,-0.558434963,0.828331828,-0.00863426551,0.829354525,0.558656037],"scale":[8.34665489,8.34665489,8.34665489],"shapeName":"/levels/west_coast_usa/art/shapes/rocks/eca_rock_big_wide_lowc.dae","useInstanceRenderData":true}
{"class":"TSStatic","persistentId":"b164c0f0-7120-4bd7-8ad9-7b40cbfb0143","__parent":"cliffSideRocks","position":[1056.18005,1026.22375,91.285347],"collisionType":"None","decalType":"None","isRenderEnabled":false,"rotationMatrix":[-0.985523939,-0.168680072,0.0170157999,0.0994034484,-0.493615866,0.863980532,-0.137337014,0.853164911,0.503237665],"scale":[13.755641,13.755641,13.755641],"shapeName":"/levels/west_coast_usa/art/shapes/rocks/eca_rock_big_wide_lowc.dae","useInstanceRenderData":true}
{"class":"TSStatic","persistentId":"ac847725-fb50-482e-bbab-d3ca35910e01","__parent":"cliffSideRocks","position":[1127.23987,1033.86633,86.4139633],"collisionType":"None","decalType":"None","isRenderEnabled":false,"rotationMatrix":[-0.9999367,-0.007961981,-0.0079591088,0.000365921762,-0.729591846,0.683882833,-0.0112519618,0.683836579,0.729548454],"scale":[12.6368904,12.6368904,12.6368904],"shapeName":"/levels/west_coast_usa/art/shapes/rocks/eca_rock_big_wide_lowc.dae","useInstanceRenderData":true}
{"class":"TSStatic","persistentId":"5be1e5e7-5e92-4d45-bc6a-445f3099670b","__parent":"cliffSideRocks","position":[1214.67969,1055.04614,74.8223801],"collisionType":"None","decalType":"None","isRenderEnabled":false,"rotationMatrix":[-0.998435736,-0.0403065681,-0.0387490131,0.00773682632,-0.785972714,0.618212819,-0.0553737022,0.616945982,0.785055041],"scale":[18.5370865,18.5370865,18.5370865],"shapeName":"/levels/west_coast_usa/art/shapes/rocks/eca_rock_big_wide_lowc.dae","useInstanceRenderData":true}
{"class":"TSStatic","persistentId":"a628be8a-0d8d-43a4-b6b6-c73595388ee3","__parent":"cliffSideRocks","position":[1320.01746,1068.67725,71.6417084],"collisionType":"None","decalType":"None","isRenderEnabled":false,"rotationMatrix":[0.999955535,0.00780578237,0.00528843561,-0.00306908507,0.799821079,-0.600230694,-0.00891507231,0.600187778,0.799809456],"scale":[18.5370865,18.5370865,18.5370865],"shapeName":"/levels/west_coast_usa/art/shapes/rocks/eca_rock_big_wide_lowc.dae","useInstanceRenderData":true}
{"class":"TSStatic","persistentId":"8cebf126-6d2d-4008-afd9-f4946f02ccd0","__parent":"cliffSideRocks","position":[874.028137,1003.33118,108.485947],"collisionType":"None","decalType":"None","isRenderEnabled":false,"rotationMatrix":[0.993842602,-0.110328764,-0.0102223754,-0.0516170263,-0.542645097,0.838374436,-0.0980439484,-0.832684577,-0.544998646],"scale":[6.10495567,6.10495567,6.10495567],"shapeName":"/levels/west_coast_usa/art/shapes/rocks/eca_rock_big_wide_lowc.dae","useInstanceRenderData":true}
{"class":"TSStatic","persistentId":"7fd294f2-5b5d-4166-a094-70465bce4343","__parent":"cliffSideRocks","position":[513.87085,1000.1358,105.317604],"collisionType":"None","decalType":"None","isRenderEnabled":false,"rotationMatrix":[0.913552463,0.395431638,0.095161587,-0.139752924,0.524918437,-0.83960098,-0.381956846,0.753720462,0.534803271],"scale":[5.75935078,5.75935078,5.75935078],"shapeName":"/levels/west_coast_usa/art/shapes/rocks/eca_rock_big_wide_lowc.dae","useInstanceRenderData":true}
{"class":"TSStatic","persistentId":"fd4adc59-a964-49bf-8047-bc2e17d9dd71","__parent":"cliffSideRocks","position":[549.265808,1005.4903,111.807899],"collisionType":"None","decalType":"None","isRenderEnabled":false,"rotationMatrix":[0.976428568,0.183497876,0.11364758,0.0328704491,0.393974543,-0.918533206,-0.213323176,0.900617719,0.378656328],"scale":[3.57092428,3.57092428,3.57092428],"shapeName":"/levels/west_coast_usa/art/shapes/rocks/eca_rock_big_wide_lowc.dae","useInstanceRenderData":true}
{"class":"TSStatic","persistentId":"6580d9c0-c255-4ccf-8110-7ed2bcd0c698","__parent":"cliffSideRocks","position":[595.953125,1005.64392,111.606339],"collisionType":"None","decalType":"None","isRenderEnabled":false,"rotationMatrix":[-0.996153593,0.0654131621,-0.0583064705,0.0808872283,0.430516005,-0.898951232,-0.0337013602,-0.900209486,-0.434151292],"scale":[4.34675169,4.34675169,4.34675169],"shapeName":"/levels/west_coast_usa/art/shapes/rocks/eca_rock_big_wide_lowc.dae","useInstanceRenderData":true}
{"class":"TSStatic","persistentId":"814dc687-d22c-4fe3-8b7c-e98add70263f","__parent":"cliffSideRocks","position":[620.950378,1003.9693,110.492393],"collisionType":"None","decalType":"None","isRenderEnabled":false,"rotationMatrix":[0.122555077,0.4956792,-0.8598153,0.983668029,-0.17573905,0.0388958454,-0.131823301,-0.850539744,-0.509121418],"scale":[4.45349026,4.45349026,4.45349026],"shapeName":"/levels/west_coast_usa/art/shapes/rocks/eca_rock_big_wide_lowc.dae","useInstanceRenderData":true}
{"class":"TSStatic","persistentId":"aa435336-7e6b-4818-946d-ae84d7d06edb","__parent":"cliffSideRocks","position":[571.186218,1006.4859,111.800179],"collisionType":"None","decalType":"None","isRenderEnabled":false,"rotationMatrix":[0.999882579,0.0128668332,0.00832471158,-0.00484472979,-0.249959588,0.968243897,0.0145390788,-0.968170464,-0.249867916],"scale":[3.57092428,3.57092428,3.57092428],"shapeName":"/levels/west_coast_usa/art/shapes/rocks/eca_rock_big_wide_lowc.dae","useInstanceRenderData":true}
{"class":"TSStatic","persistentId":"144621ad-0360-469b-95af-34b262f4c926","__parent":"cliffSideRocks","position":[493.678345,982.874207,111.62278],"collisionType":"None","decalType":"None","isRenderEnabled":false,"rotationMatrix":[0.726195455,0.670030355,0.153946191,-0.234725043,0.452114224,-0.860521197,-0.646176696,0.588771582,0.48559624],"scale":[2.70998526,2.70998526,2.70998526],"shapeName":"/levels/west_coast_usa/art/shapes/rocks/eca_rock_big_wide_lowc.dae","useInstanceRenderData":true}
{"class":"TSStatic","persistentId":"4c5710f9-278c-4097-82d5-e773f74bf513","__parent":"cliffSideRocks","position":[482.229065,971.77124,111.364258],"collisionType":"None","decalType":"None","isRenderEnabled":false,"rotationMatrix":[0.786738932,0.61652571,0.0306257904,-0.272404373,0.391276658,-0.879032791,-0.553929448,0.683226764,0.475776851],"scale":[2.70998526,2.70998526,2.70998526],"shapeName":"/levels/west_coast_usa/art/shapes/rocks/eca_rock_big_wide_lowc.dae","useInstanceRenderData":true}
{"class":"TSStatic","persistentId":"af09c378-e6ec-4c25-bfc9-06eb87235bab","__parent":"cliffSideRocks","position":[469.376282,960.511902,110.749039],"collisionType":"None","decalType":"None","isRenderEnabled":false,"rotationMatrix":[-0.728012443,-0.683516502,-0.0529442132,0.195729643,-0.28124094,0.93946439,-0.65702951,0.673579037,0.338531375],"scale":[2.70998526,2.70998526,2.70998526],"shapeName":"/levels/west_coast_usa/art/shapes/rocks/eca_rock_big_wide_lowc.dae","useInstanceRenderData":true}
{"class":"TSStatic","persistentId":"0e4cb3af-9cf6-45c5-83f5-8c62c45bafe5","__parent":"cliffSideRocks","position":[457.186096,949.73584,110.037598],"isRenderEnabled":false,"rotationMatrix":[0.804461122,0.587377131,0.088489607,-0.262382686,0.485029697,-0.834206998,-0.532914281,0.647868931,0.544305146],"scale":[2.70998526,2.70998526,2.70998526],"shapeName":"/levels/west_coast_usa/art/shapes/rocks/eca_rock_big_wide_lowc.dae","useInstanceRenderData":true}
{"class":"TSStatic","persistentId":"6de63d13-a7ce-4d48-ad24-0c8054779719","__parent":"cliffSideRocks","position":[390.118256,940.25415,91.1622543],"isRenderEnabled":false,"rotationMatrix":[0.996348321,0.0738820732,0.0427954569,0.00673677772,-0.567689419,0.823215604,0.0851153806,-0.819921136,-0.566114187],"scale":[8.34665489,8.34665489,8.34665489],"shapeName":"/levels/west_coast_usa/art/shapes/rocks/eca_rock_big_wide_lowc.dae","useInstanceRenderData":true}
{"class":"TSStatic","persistentId":"94bd4b11-46ed-4f5c-bc6b-7b91ae16906f","__parent":"cliffSideRocks","position":[339.040283,933.995483,88.3400116],"isRenderEnabled":false,"rotationMatrix":[0.924210429,0.380692333,0.0301408619,0.179738075,-0.503271699,0.845228732,0.336941183,-0.77575177,-0.533553839],"scale":[8.34665489,8.34665489,8.34665489],"shapeName":"/levels/west_coast_usa/art/shapes/rocks/eca_rock_big_wide_lowc.dae","useInstanceRenderData":true}
{"class":"TSStatic","persistentId":"1b726073-c71b-42dd-82bc-4a4967c9883e","__parent":"cliffSideRocks","position":[239.094513,900.905823,69.7310638],"isRenderEnabled":false,"rotationMatrix":[-0.723138332,-0.686821699,0.0731245279,-0.377357811,0.304185033,-0.874684334,0.578508735,-0.660111785,-0.479145527],"scale":[3.2328124,3.2328124,3.2328124],"shapeName":"/levels/west_coast_usa/art/shapes/rocks/eca_rock_big_wide_lowc.dae","useInstanceRenderData":true}
{"class":"TSStatic","persistentId":"abfae054-0bba-42ee-8220-2aecde5b5c4b","__parent":"cliffSideRocks","position":[228.910843,888.419312,75.6726913],"isRenderEnabled":false,"rotationMatrix":[0.726519465,0.681961,-0.0842539221,0.435753495,-0.362439036,0.823866963,0.531308234,-0.635269284,-0.56048584],"scale":[2.16083956,2.16083956,2.16083956],"shapeName":"/levels/west_coast_usa/art/shapes/rocks/eca_rock_big_wide_lowc.dae","useInstanceRenderData":true}
{"class":"TSStatic","persistentId":"f2c15fa6-20ad-4b8e-8164-4bb7f363b6a2","__parent":"cliffSideRocks","position":[220.403702,881.280701,79.1415787],"isRenderEnabled":false,"rotationMatrix":[0.891140819,0.448938251,-0.0657461286,0.288001359,-0.447709441,0.846529365,0.350604206,-0.773311853,-0.528266907],"scale":[2.16083956,2.16083956,2.16083956],"shapeName":"/levels/west_coast_usa/art/shapes/rocks/eca_rock_big_wide_lowc.dae","useInstanceRenderData":true}
{"class":"TSStatic","persistentId":"1c646adc-bb1c-408e-bd61-c4e96b5c167f","__parent":"cliffSideRocks","position":[209.300797,878.202637,78.7780609],"isRenderEnabled":false,"rotationMatrix":[0.993582189,0.0924965292,0.0651058704,-0.00446709245,-0.543049693,0.83968842,0.113024011,-0.834590316,-0.539151311],"scale":[2.16083956,2.16083956,2.16083956],"shapeName":"/levels/west_coast_usa/art/shapes/rocks/eca_rock_big_wide_lowc.dae","useInstanceRenderData":true}
{"class":"TSStatic","persistentId":"ff960c61-1285-4c50-8879-84b604207c84","__parent":"cliffSideRocks","position":[264.380798,923.54541,74.2162247],"isRenderEnabled":false,"rotationMatrix":[-0.612896204,-0.781138957,0.119083375,0.663945496,-0.427401781,0.613599777,-0.428410143,0.45513761,0.780586064],"scale":[2.12348008,2.12348008,2.12348008],"shapeName":"/levels/west_coast_usa/art/shapes/rocks/eca_rock_big_wide_lowc.dae","useInstanceRenderData":true}
{"class":"TSStatic","persistentId":"d3a10e3a-a8ef-4afa-868a-c5c751afede4","__parent":"cliffSideRocks","position":[256.268555,913.181641,75.7165909],"isRenderEnabled":false,"rotationMatrix":[-0.612895727,-0.781138599,0.11908333,-0.536959708,0.301177144,-0.788014174,0.579683244,-0.546913624,-0.604030013],"scale":[2.12348008,2.12348008,2.12348008],"shapeName":"/levels/west_coast_usa/art/shapes/rocks/eca_rock_big_wide_lowc.dae","useInstanceRenderData":true}
{"class":"TSStatic","persistentId":"d1727b0e-6209-4979-a945-a1c34906fd2e","__parent":"cliffSideRocks","position":[249.453064,903.577698,78.0502472],"isRenderEnabled":false,"rotationMatrix":[0.656080008,0.736287057,-0.165652007,0.480982363,-0.238795161,0.843583643,0.581562757,-0.633134067,-0.510809779],"scale":[2.12348008,2.12348008,2.12348008],"shapeName":"/levels/west_coast_usa/art/shapes/rocks/eca_rock_big_wide_lowc.dae","useInstanceRenderData":true}
{"class":"TSStatic","persistentId":"4bb05ad9-0c4e-458f-9d25-7ff86a01b939","__parent":"cliffSideRocks","position":[273.514801,933.061035,73.4822769],"isRenderEnabled":false,"rotationMatrix":[-0.612896204,-0.781138897,0.119083397,0.724989414,-0.495984912,0.477901518,-0.314243823,0.379238069,0.870304167],"scale":[2.12348008,2.12348008,2.12348008],"shapeName":"/levels/west_coast_usa/art/shapes/rocks/eca_rock_big_wide_lowc.dae","useInstanceRenderData":true}
{"class":"TSStatic","persistentId":"a816ddd1-4652-4300-aa3c-da5adf241128","__parent":"cliffSideRocks","position":[110.664803,746.969482,89.3917313],"isRenderEnabled":false,"rotationMatrix":[0.487605631,-0.873035431,-0.00705942512,0.525079966,0.286787271,0.801276445,-0.697518229,-0.39441368,0.598252535],"scale":[3.2328124,3.2328124,3.2328124],"shapeName":"/levels/west_coast_usa/art/shapes/rocks/eca_rock_big_wide_lowc.dae","useInstanceRenderData":true}
{"class":"TSStatic","persistentId":"7c559cb6-6f97-4a54-8e78-d621902f460f","__parent":"cliffSideRocks","position":[123.525131,731.331238,86.5614166],"isRenderEnabled":false,"rotationMatrix":[-0.632667184,0.772937179,0.0479652882,0.490257144,0.351802051,0.797422945,0.59948349,0.528018534,-0.601511717],"scale":[4.22490168,4.22490168,4.22490168],"shapeName":"/levels/west_coast_usa/art/shapes/rocks/eca_rock_big_wide_lowc.dae","useInstanceRenderData":true}
{"class":"TSStatic","persistentId":"495d78ec-e9c9-48d8-83cb-c20c084015f7","__parent":"cliffSideRocks","position":[137.667114,709.475769,85.3066559],"isRenderEnabled":false,"rotationMatrix":[-0.31692481,0.945682347,0.0724113286,0.581034005,0.133242726,0.802898407,0.749638557,0.296532005,-0.591701388],"scale":[4.22490168,4.22490168,4.22490168],"shapeName":"/levels/west_coast_usa/art/shapes/rocks/eca_rock_big_wide_lowc.dae","useInstanceRenderData":true}
{"class":"TSStatic","persistentId":"d650bf68-dca3-4870-acd6-706bcaf808d7","__parent":"cliffSideRocks","position":[143.262482,685.363342,84.0528107],"isRenderEnabled":false,"rotationMatrix":[-0.0276358128,0.999514699,0.014367044,0.606532693,0.00534230471,0.795040548,0.794578016,0.0306857228,-0.606385946],"scale":[4.22490168,4.22490168,4.22490168],"shapeName":"/levels/west_coast_usa/art/shapes/rocks/eca_rock_big_wide_lowc.dae","useInstanceRenderData":true}
{"class":"TSStatic","persistentId":"bd469ab8-01ee-4aa0-a256-273620f92a0e","__parent":"cliffSideRocks","position":[88.5835037,793.558167,76.8625793],"isRenderEnabled":false,"rotationMatrix":[-0.138223648,0.987682223,-0.0733366311,0.634104609,0.145135224,0.759504676,0.760792971,0.0584782958,-0.646355152],"scale":[2.28232431,2.28232431,2.28232431],"shapeName":"/levels/west_coast_usa/art/shapes/rocks/eca_rock_big_wide_lowc.dae","useInstanceRenderData":true}
{"class":"TSStatic","persistentId":"8c077806-1779-4cb6-9e45-33c7bd474b75","__parent":"cliffSideRocks","position":[90.3496933,779.656921,77.8908539],"isRenderEnabled":false,"rotationMatrix":[0.281082273,-0.959567726,-0.0149091184,0.806436121,0.227747321,0.545702875,-0.520243406,-0.165410578,0.8378461],"scale":[2.28232431,2.28232431,2.28232431],"shapeName":"/levels/west_coast_usa/art/shapes/rocks/eca_rock_big_wide_lowc.dae","useInstanceRenderData":true}
{"class":"TSStatic","persistentId":"d5795d92-bf0e-4be7-baef-b22207364db4","__parent":"cliffSideRocks","position":[72.5031815,772.576538,75.7353134],"isRenderEnabled":false,"rotationMatrix":[-0.920238495,-0.390303195,0.0287282616,0.290611684,-0.632333159,0.718122721,-0.26211971,0.669192672,0.695323348],"scale":[1.90644562,1.90644562,1.90644562],"shapeName":"/levels/west_coast_usa/art/shapes/rocks/eca_rock_big_wide_lowc.dae","useInstanceRenderData":true}
{"class":"TSStatic","persistentId":"479295e7-67e7-4d9e-b490-9a7d1cbc0c7f","__parent":"cliffSideRocks","position":[80.6325912,776.89032,76.2438889],"isRenderEnabled":false,"rotationMatrix":[0.824964166,0.545801044,0.146749392,-0.290611356,0.63233304,-0.718122482,-0.484746516,0.549778223,0.680268049],"scale":[1.90644562,1.90644562,1.90644562],"shapeName":"/levels/west_coast_usa/art/shapes/rocks/eca_rock_big_wide_lowc.dae","useInstanceRenderData":true}
