{"class":"TSStatic","persistentId":"ed0f2300-0b70-4004-8350-03b3bbaf71b7","__parent":"island_rocks","position":[-443.383881,2051.79272,73.3781433],"isRenderEnabled":false,"rotationMatrix":[0.965247869,-0.243501425,0.0948870033,0.244605064,0.969622791,9.31322575e-10,-0.0920045972,0.0232098438,0.995488048],"shapeName":"/levels/west_coast_usa/art/shapes/rocksJV/s_rocks_desert_low_small_lowc.dae","useInstanceRenderData":true}
{"class":"TSStatic","persistentId":"86abf398-4b89-444d-92d1-e1069b81367f","__parent":"island_rocks","position":[-441.287354,2061.87915,73.3904037],"isRenderEnabled":false,"rotationMatrix":[-0.965089798,0.239271656,-0.106540285,-0.242153183,-0.970125198,0.014793219,-0.0998178199,0.0400758535,0.994198322],"shapeName":"/levels/west_coast_usa/art/shapes/rocksJV/s_rocks_desert_low_small_lowc.dae","useInstanceRenderData":true}
{"class":"TSStatic","persistentId":"230a48be-ce02-410c-9028-c3178e0ed195","__parent":"island_rocks","position":[-445.543945,2041.8512,73.2678452],"isRenderEnabled":false,"rotationMatrix":[-0.975799084,0.197979391,-0.0928448141,-0.193984985,-0.979712725,-0.0503263399,-0.10092482,-0.0310978983,0.994407892],"shapeName":"/levels/west_coast_usa/art/shapes/rocksJV/s_rocks_desert_low_small_lowc.dae","useInstanceRenderData":true}
{"class":"TSStatic","persistentId":"3cf88e13-3b08-441e-82fe-7f6c90ac7b74","__parent":"island_rocks","position":[-448.365936,2071.31396,73.2898331],"isRenderEnabled":false,"rotationMatrix":[-0.524122834,-0.841185629,-0.133050412,0.846977174,-0.531181812,0.0218150765,-0.0890244693,-0.101256877,0.990869164],"shapeName":"/levels/west_coast_usa/art/shapes/rocksJV/s_rocks_desert_low_small_lowc.dae","useInstanceRenderData":true}
{"class":"TSStatic","persistentId":"14bec574-daa6-4994-8eb9-85fb9c798ecb","__parent":"island_rocks","position":[-456.963593,2076.66699,73.3143082],"isRenderEnabled":false,"rotationMatrix":[-0.524122477,-0.84118551,-0.133050382,0.850390375,-0.525395036,-0.0282153822,-0.0461696461,-0.1279331,0.990707576],"shapeName":"/levels/west_coast_usa/art/shapes/rocksJV/s_rocks_desert_low_small_lowc.dae","useInstanceRenderData":true}
{"class":"TSStatic","persistentId":"06d5de89-90e6-488d-a7f3-26df7363a9c9","__parent":"island_rocks","position":[-466.131378,2082.36719,73.3973923],"isRenderEnabled":false,"rotationMatrix":[0.522382021,0.839372635,0.15023613,-0.846254349,0.531957984,-0.029572539,-0.1047417,-0.111689769,0.988207757],"shapeName":"/levels/west_coast_usa/art/shapes/rocksJV/s_rocks_desert_low_small_lowc.dae","useInstanceRenderData":true}
{"class":"TSStatic","persistentId":"dde668d6-3456-4681-ace1-18058483f712","__parent":"island_rocks","position":[-440.149902,2066.96973,73.9459686],"isRenderEnabled":false,"rotationMatrix":[0.868795991,-0.495170206,0,0.495170206,0.868795991,0,0,0,1],"shapeName":"/levels/west_coast_usa/art/shapes/rocksJV/s_rocks_desert_collection_03.dae","useInstanceRenderData":true}
{"class":"TSStatic","persistentId":"ca525a38-ad70-44c3-ac1d-f4aae492aea0","__parent":"island_rocks","position":[-443.677887,2068.23584,73.5898666],"isRenderEnabled":false,"rotationMatrix":[-0.814947963,0.547319949,-0.190528914,-0.532948434,-0.836923838,-0.124599494,-0.227653906,7.4505806e-09,0.973742127],"shapeName":"/levels/west_coast_usa/art/shapes/rocksJV/s_rocks_desert_collection_01.dae","useInstanceRenderData":true}
{"class":"TSStatic","persistentId":"98428d50-2ed6-46a3-ac9a-dcdb2658bd71","__parent":"island_rocks","position":[-444.027161,2064.94971,73.1333389],"isRenderEnabled":false,"rotationMatrix":[-0.699213743,-0.679315448,-0.222780704,0.695081234,-0.718856215,0.0104128718,-0.167220861,-0.14756985,0.974812984],"shapeName":"/levels/west_coast_usa/art/shapes/rocksJV/s_rocks_desert_collection_02.dae","useInstanceRenderData":true}
{"class":"TSStatic","persistentId":"938747b6-0d97-452f-a9a0-db77e7d202fe","__parent":"island_rocks","position":[-449.070892,2036.38184,72.9309387],"isRenderEnabled":false,"rotationMatrix":[0.837602437,0.546280324,0,-0.546280324,0.837602437,0,0,0,1],"shapeName":"/levels/west_coast_usa/art/shapes/rocksJV/s_rocks_desert_collection_03.dae","useInstanceRenderData":true}
{"class":"TSStatic","persistentId":"a166d6e9-14de-48dd-9ef9-2689eded34d1","__parent":"island_rocks","position":[-448.816681,2032.72266,73.2161331],"isRenderEnabled":false,"rotationMatrix":[-0.428099275,-0.903731346,0,0.903731346,-0.428099275,0,0,0,1],"shapeName":"/levels/west_coast_usa/art/shapes/rocksJV/s_rocks_desert_collection_02.dae","useInstanceRenderData":true}
{"class":"TSStatic","persistentId":"ca0bb15b-0d9a-4f45-b097-9e9feaba78a9","__parent":"island_rocks","position":[606.517334,1896.63086,70.9611282],"isRenderEnabled":false,"rotationMatrix":[0.998299003,0,-0.0583015718,0,1,0,0.0583015718,0,0.998299003],"scale":[2.10209942,2.10209942,2.10209942],"shapeName":"/levels/west_coast_usa/art/shapes/rocksJV/s_rocks_desert_low_small.dae","useInstanceRenderData":true}
{"class":"TSStatic","persistentId":"96a3663b-3a68-4b2e-a2f9-c7899a1a08f6","__parent":"island_rocks","position":[601.838501,1876.04321,70.9004364],"isRenderEnabled":false,"rotationMatrix":[0.910222292,-0.409219831,-0.0635176376,0.410171956,0.912005663,0.00215494726,0.057046596,-0.0280146413,0.997978389],"scale":[2.10209942,2.10209942,2.10209942],"shapeName":"/levels/west_coast_usa/art/shapes/rocksJV/s_rocks_desert_low_small.dae","useInstanceRenderData":true}
{"class":"TSStatic","persistentId":"fb0ef3e0-e614-4352-8d85-6836248d16fd","__parent":"island_rocks","position":[602.158569,1917.19324,70.8905945],"isRenderEnabled":false,"rotationMatrix":[-0.931449294,-0.354221195,0.0832476839,0.353765398,-0.935106277,-0.0206602123,0.0851636901,0.0102062114,0.996314704],"scale":[2.10209942,2.10209942,2.10209942],"shapeName":"/levels/west_coast_usa/art/shapes/rocksJV/s_rocks_desert_low_small.dae","useInstanceRenderData":true}
{"class":"TSStatic","persistentId":"85ccc390-b03d-40fa-b8c7-f544c56e71a7","__parent":"island_rocks","position":[589.948486,1933.47314,71.3776093],"isRenderEnabled":false,"rotationMatrix":[-0.648485899,-0.725888491,0.229241833,0.737059593,-0.674028635,-0.0492795445,0.190287039,0.137007803,0.972121239],"scale":[2.10209942,2.10209942,2.10209942],"shapeName":"/levels/west_coast_usa/art/shapes/rocksJV/s_rocks_desert_low_small.dae","useInstanceRenderData":true}
{"class":"TSStatic","persistentId":"d15862b9-26ec-4680-9cb9-66122af0dc5a","__parent":"island_rocks","position":[572.927734,1942.3418,72.0829239],"isRenderEnabled":false,"rotationMatrix":[-0.242018819,-0.914898932,0.323090553,0.966970146,-0.254877806,0.00259199739,0.0799770877,0.313046157,0.946364522],"scale":[2.10209942,2.10209942,2.10209942],"shapeName":"/levels/west_coast_usa/art/shapes/rocksJV/s_rocks_desert_low_small.dae","useInstanceRenderData":true}
{"class":"TSStatic","persistentId":"cab19479-0aa5-4b40-9136-a9f87bf8affa","__parent":"island_rocks","position":[553.130798,1942.90662,71.8971939],"isRenderEnabled":false,"rotationMatrix":[0.156809866,-0.933456182,0.32259959,0.986787796,0.161560416,-0.012177676,-0.0407520384,0.320246875,0.946457207],"scale":[2.10209942,2.10209942,2.10209942],"shapeName":"/levels/west_coast_usa/art/shapes/rocksJV/s_rocks_desert_low_small.dae","useInstanceRenderData":true}
{"class":"TSStatic","persistentId":"ca742dac-2936-4026-9989-64a2703a7977","__parent":"island_rocks","position":[532.223877,1940.50769,71.7570114],"isRenderEnabled":false,"rotationMatrix":[-0.0917387009,0.910765767,-0.402603805,-0.995506644,-0.0934107304,0.0155267417,-0.023466289,0.402219146,0.915242672],"scale":[2.10209942,2.10209942,2.10209942],"shapeName":"/levels/west_coast_usa/art/shapes/rocksJV/s_rocks_desert_low_small.dae","useInstanceRenderData":true}
{"class":"TSStatic","persistentId":"24376e91-fa19-4f6a-9f45-ca2752913340","__parent":"island_rocks","position":[513.620728,1938.67883,71.8687363],"isRenderEnabled":false,"rotationMatrix":[-0.168898463,0.893614709,-0.415843815,-0.981919944,-0.189142466,-0.007636711,-0.085477978,0.40703553,0.90940398],"scale":[2.10209942,2.10209942,2.10209942],"shapeName":"/levels/west_coast_usa/art/shapes/rocksJV/s_rocks_desert_low_small.dae","useInstanceRenderData":true}
{"class":"TSStatic","persistentId":"8ad55343-0844-4032-a80b-691d40d6e621","__parent":"island_rocks","position":[495.3703,1929.81555,71.6341553],"isRenderEnabled":false,"rotationMatrix":[-0.532119036,0.703491271,-0.471115679,-0.793301523,-0.608692646,-0.0129038841,-0.29584232,0.366870284,0.881977081],"scale":[2.10209942,2.10209942,2.10209942],"shapeName":"/levels/west_coast_usa/art/shapes/rocksJV/s_rocks_desert_low_small.dae","useInstanceRenderData":true}
{"class":"TSStatic","persistentId":"47022a56-7116-4324-a94e-5996c38c18ec","__parent":"island_rocks","position":[591.781128,1923.29077,72.1448364],"isRenderEnabled":false,"rotationMatrix":[0.922132492,0.277117252,-0.269958586,-0.288303494,0.957537293,-0.00186665729,0.257978112,0.0795513093,0.962870121],"scale":[2.10209942,2.10209942,2.10209942],"shapeName":"/levels/west_coast_usa/art/shapes/rocksJV/s_rocks_desert_low_small.dae","useInstanceRenderData":true}
{"class":"TSStatic","persistentId":"60cb881d-a326-42e9-90a6-8e97717a6c1b","__parent":"island_rocks","position":[595.784607,1902.53027,72.1729355],"isRenderEnabled":false,"rotationMatrix":[-0.979178905,-0.125963986,0.15919283,0.126410037,-0.991950989,-0.00736261113,0.158838868,0.0129142571,0.987220049],"scale":[2.10209942,2.10209942,2.10209942],"shapeName":"/levels/west_coast_usa/art/shapes/rocksJV/s_rocks_desert_low_small.dae","useInstanceRenderData":true}
{"class":"TSStatic","persistentId":"ecaea2f8-ba19-4430-b1d6-3c95f8c8d1c0","__parent":"island_rocks","position":[597.115601,1881.93042,71.6908875],"isRenderEnabled":false,"rotationMatrix":[-0.964419484,-0.122840002,0.234106675,0.108050793,-0.99131,-0.0750350952,0.241289511,-0.0470698774,0.969310999],"scale":[2.10209942,2.10209942,2.10209942],"shapeName":"/levels/west_coast_usa/art/shapes/rocksJV/s_rocks_desert_low_small.dae","useInstanceRenderData":true}
{"class":"TSStatic","persistentId":"7fdde73a-cbe0-4914-8b0a-fcf8ee74dc6e","__parent":"island_rocks","position":[597.115601,1881.93042,71.6908875],"isRenderEnabled":false,"rotationMatrix":[-0.964419484,-0.122840002,0.234106675,0.108050793,-0.99131,-0.0750350952,0.241289511,-0.0470698774,0.969310999],"scale":[2.10209942,2.10209942,2.10209942],"shapeName":"/levels/west_coast_usa/art/shapes/rocksJV/s_rocks_desert_low_small.dae","useInstanceRenderData":true}
{"class":"TSStatic","persistentId":"026c4acc-ab66-447e-8f7f-f5df174a4c53","__parent":"island_rocks","position":[480.98764,1924.69165,71.3263397],"isRenderEnabled":false,"rotationMatrix":[0.295109034,0.907145321,-0.299996912,-0.955447733,0.27836895,-0.098135069,-0.0055129081,0.315591931,0.948879004],"scale":[2.10209942,2.10209942,2.10209942],"shapeName":"/levels/west_coast_usa/art/shapes/rocksJV/s_rocks_desert_low_small.dae","useInstanceRenderData":true}
{"class":"TSStatic","persistentId":"9021e9f3-ca51-4c4b-b524-f720661558de","__parent":"island_rocks","position":[441.507324,1922.75977,70.0428238],"isRenderEnabled":false,"rotationMatrix":[-0.248707414,0.901236594,-0.354848713,-0.962149322,-0.272022367,-0.0165221542,-0.111417055,0.337308228,0.934777737],"scale":[2.10209942,2.10209942,2.10209942],"shapeName":"/levels/west_coast_usa/art/shapes/rocksJV/s_rocks_desert_low_small.dae","useInstanceRenderData":true}
{"class":"TSStatic","persistentId":"da019202-4d97-40e7-8593-0dab76be84dd","__parent":"island_rocks","position":[421.522797,1919.40051,70.2915344],"isRenderEnabled":false,"rotationMatrix":[0.0150738358,0.94915688,-0.314442098,-0.999885201,0.0138497949,-0.00612658262,-0.00146014988,0.314498365,0.949256897],"scale":[2.10209942,2.10209942,2.10209942],"shapeName":"/levels/west_coast_usa/art/shapes/rocksJV/s_rocks_desert_low_small.dae","useInstanceRenderData":true}
{"class":"TSStatic","persistentId":"e2de43d7-7e1b-40f4-add5-bb3bf1acabb4","__parent":"island_rocks","position":[403.86554,1920.49927,70.4896164],"isRenderEnabled":false,"rotationMatrix":[-0.153644562,-0.939133286,0.307281375,0.987227798,-0.159151196,0.00721789896,0.0421256572,0.304465711,0.951591313],"scale":[2.10209942,2.10209942,2.10209942],"shapeName":"/levels/west_coast_usa/art/shapes/rocksJV/s_rocks_desert_low_small.dae","useInstanceRenderData":true}
{"class":"TSStatic","persistentId":"b16b502f-6c05-4b49-97df-1da0398cbf10","__parent":"island_rocks","position":[462.480042,1927.53088,70.4516449],"isRenderEnabled":false,"rotationMatrix":[0.134296536,-0.942887366,0.30484134,0.989975154,0.141241372,0.000736266375,-0.0437504798,0.301686376,0.95240289],"scale":[2.10209942,2.10209942,2.10209942],"shapeName":"/levels/west_coast_usa/art/shapes/rocksJV/s_rocks_desert_low_small.dae","useInstanceRenderData":true}
{"class":"TSStatic","persistentId":"7161fd1b-614d-4553-83c1-4fac15056431","__parent":"island_rocks","position":[383.365509,1923.92712,70.66745],"isRenderEnabled":false,"rotationMatrix":[0.155271709,0.951041698,-0.267227799,-0.986641645,0.16279304,0.00608257949,0.0492876545,0.262713552,0.963614225],"scale":[2.10209942,2.10209942,2.10209942],"shapeName":"/levels/west_coast_usa/art/shapes/rocksJV/s_rocks_desert_low_small.dae","useInstanceRenderData":true}
{"class":"TSStatic","persistentId":"e69a61d2-8758-4dc7-9616-29f90f641a1e","__parent":"island_rocks","position":[362.174377,1927.87231,70.021225],"isRenderEnabled":false,"rotationMatrix":[0.257659137,0.9503901,-0.174270213,-0.965983987,0.249250591,-0.0689118505,-0.0220562145,0.186098009,0.982283592],"scale":[2.10209942,2.10209942,2.10209942],"shapeName":"/levels/west_coast_usa/art/shapes/rocksJV/s_rocks_desert_low_small.dae","useInstanceRenderData":true}
{"class":"TSStatic","persistentId":"bb5347fd-a113-4789-b4b7-bfe1be6e5a9e","__parent":"island_rocks","position":[351.354675,1922.64636,71.0511551],"isRenderEnabled":false,"rotationMatrix":[-0.986526012,0.160090089,0.0337226242,-0.148221701,-0.96183753,0.229996666,0.069255881,0.221899316,0.972606957],"scale":[2.10209942,2.10209942,2.10209942],"shapeName":"/levels/west_coast_usa/art/shapes/rocksJV/s_rocks_desert_low_small.dae","useInstanceRenderData":true}
{"class":"TSStatic","persistentId":"e73148bc-4d80-443f-95b6-ca49ab031467","__parent":"island_rocks","position":[341.316467,1933.58337,70.2999649],"isRenderEnabled":false,"rotationMatrix":[0.728598833,0.666335762,-0.158557385,-0.678695261,0.733534694,-0.0360511206,0.0922851935,0.133878931,0.986691356],"scale":[2.10209942,2.10209942,2.10209942],"shapeName":"/levels/west_coast_usa/art/shapes/rocksJV/s_rocks_desert_low_small.dae","useInstanceRenderData":true}
{"class":"TSStatic","persistentId":"bfe077c0-6235-4846-8255-5d27bfbe4991","__parent":"island_rocks","position":[324.142395,1942.51343,70.2879105],"isRenderEnabled":false,"rotationMatrix":[-0.215312719,-0.96762526,0.131689727,0.975996137,-0.217748284,-0.00420948118,0.0327483863,0.127622277,0.991282046],"scale":[2.10209942,2.10209942,2.10209942],"shapeName":"/levels/west_coast_usa/art/shapes/rocksJV/s_rocks_desert_low_small.dae","useInstanceRenderData":true}
{"class":"DecalRoad","persistentId":"c1b1d5b1-c7da-4dc3-9531-e5c5aac7a587","__parent":"island_rocks","position":[590.998596,1886.05017,73.9291458],"distanceFade":[200,50],"drivability":0,"improvedSpline":true,"material":"bank_erosion","nodes":[[590.998596,1886.05017,73.9291458,9],[588.747437,1908.76758,73.8069839,9],[586.380798,1927.01941,73.2604752,9]],"overObjects":true,"renderPriority":5,"startEndFade":[4,4],"textureLength":60}
{"class":"DecalRoad","persistentId":"1874a7c9-649e-4280-aff4-4d340d0ace18","__parent":"island_rocks","position":[586.691162,1926.31311,73.9221497],"distanceFade":[200,50],"drivability":0,"improvedSpline":true,"material":"bank_erosion","nodes":[[586.691162,1926.31311,73.9221497,9],[583.125732,1934.17029,73.1223602,9],[577.875427,1939.25745,73.3847198,9],[566.390747,1939.88232,73.6326218,9],[541.610046,1939.56689,72.6461334,9]],"overObjects":true,"renderPriority":5,"startEndFade":[4,4],"textureLength":60}
{"class":"TSStatic","persistentId":"e083b44c-16ae-4455-bbf3-fdb02b76b65b","__parent":"island_rocks","position":[592.856628,1943.91577,69.126358],"isRenderEnabled":false,"rotationMatrix":[-0.625854731,-0.762844503,0.162403166,0.773204386,-0.634156823,0.000927366316,0.10228157,0.126151204,0.986724079],"scale":[2.83704805,2.83704805,2.83704805],"shapeName":"/levels/west_coast_usa/art/shapes/rocksJV/s_rocks_desert_low_small_lowc.dae","useInstanceRenderData":true}
{"class":"TSStatic","persistentId":"d2ed3f1a-230b-42de-955a-1a9b0fbd86fb","__parent":"island_rocks","position":[565.655212,1954.51245,68.9762497],"isRenderEnabled":false,"rotationMatrix":[-0.147409678,-0.971045434,0.187992126,0.988861859,-0.148640871,0.00761128217,0.0205524191,0.187020242,0.982141018],"scale":[2.83704805,2.83704805,2.83704805],"shapeName":"/levels/west_coast_usa/art/shapes/rocksJV/s_rocks_desert_low_small.dae","useInstanceRenderData":true}
{"class":"TSStatic","persistentId":"ff600868-1af3-489d-88d6-73b4258c8d32","__parent":"island_rocks","position":[612.406067,1918.03491,69.4917145],"isRenderEnabled":false,"rotationMatrix":[-0.940781474,-0.325965405,0.0931526646,0.327614844,-0.944808245,0.00256768987,0.0871743932,0.0329338238,0.995648503],"scale":[2.83704805,2.83704805,2.83704805],"shapeName":"/levels/west_coast_usa/art/shapes/rocksJV/s_rocks_desert_low_small_lowc.dae","useInstanceRenderData":true}
{"class":"TSStatic","persistentId":"b65acceb-4627-4a85-9698-c4f19ebb18d4","__parent":"island_rocks","position":[-656.481262,2134.0249,74.5324097],"isRenderEnabled":false,"rotationMatrix":[-0.216802239,-0.906552553,0.362159371,0.975890636,-0.210836768,0.0564409196,0.0251898319,0.365664423,0.930405855],"shapeName":"/levels/west_coast_usa/art/shapes/rocksJV/s_rocks_desert_low_small_lowc.dae","useInstanceRenderData":true}
{"class":"TSStatic","persistentId":"2561ea88-0721-4d3d-ad10-3be0f859c292","__parent":"island_rocks","position":[-686.018616,2135.80786,71.4514236],"isRenderEnabled":false,"rotationMatrix":[0.353812635,-0.825435281,0.439855993,0.924867749,0.378855824,-0.0329856724,-0.139414489,0.418479323,0.897462368],"shapeName":"/levels/west_coast_usa/art/shapes/rocksJV/s_rocks_desert_low_small_lowc.dae","useInstanceRenderData":true}
{"class":"TSStatic","persistentId":"899984e5-c1f9-4c9c-949a-f2f8e3205ae3","__parent":"island_rocks","position":[-708.378784,2126.59692,71.6948242],"isRenderEnabled":false,"rotationMatrix":[0.332180381,-0.782315016,0.526915133,0.913686991,0.405576527,0.0261515677,-0.234163225,0.472748399,0.849515498],"shapeName":"/levels/west_coast_usa/art/shapes/rocksJV/s_rocks_desert_low_small_lowc.dae","useInstanceRenderData":true}
{"class":"TSStatic","persistentId":"23c88656-11da-42f2-8b0d-0ff6aabc34a8","__parent":"island_rocks","position":[-725.324463,2118.38623,71.6187134],"isRenderEnabled":false,"rotationMatrix":[0.550377607,-0.737707853,0.390987724,0.801072955,0.598564148,0.00172092021,-0.23530075,0.312262595,0.920394301],"shapeName":"/levels/west_coast_usa/art/shapes/rocksJV/s_rocks_desert_low_small_lowc.dae","useInstanceRenderData":true}
{"class":"TSStatic","persistentId":"561b0a5e-d406-4a19-bda3-bfe5507cf4bf","__parent":"island_rocks","position":[-735.253418,2109.99805,71.4795685],"isRenderEnabled":false,"rotationMatrix":[0.536100388,-0.720150411,0.440431565,0.797329724,0.603332281,0.0159870535,-0.27723971,0.342598438,0.897643864],"shapeName":"/levels/west_coast_usa/art/shapes/rocksJV/s_rocks_desert_low_small_lowc.dae","useInstanceRenderData":true}
{"class":"TSStatic","persistentId":"c8458e36-80b2-485a-a450-143b8e98b1bd","__parent":"island_rocks","position":[-745.204895,2103.21436,70.8869247],"isRenderEnabled":false,"rotationMatrix":[0.481279194,-0.638840437,0.600210905,0.825026035,0.561464906,-0.0639464408,-0.296145737,0.52596575,0.797281444],"shapeName":"/levels/west_coast_usa/art/shapes/rocksJV/s_rocks_desert_low_small_lowc.dae","useInstanceRenderData":true}
{"class":"TSStatic","persistentId":"479e3f25-382b-4e0b-913e-f43c5cf1b34a","__parent":"island_rocks","position":[-438.216187,2039.82983,70.9316025],"isRenderEnabled":false,"rotationMatrix":[0.104448438,-0.890166104,0.443502724,0.994466364,0.0985342264,-0.0364340693,-0.0112677664,0.444854081,0.895532131],"shapeName":"/levels/west_coast_usa/art/shapes/rocksJV/s_rocks_desert_low_small_lowc.dae","useInstanceRenderData":true}
{"class":"TSStatic","persistentId":"757a7310-03ce-4942-8aa8-63945f66f0c8","__parent":"island_rocks","position":[593.159668,1888.36829,72.9639587],"isRenderEnabled":false,"rotationMatrix":[0.1072523,-0.994212031,0.00625068694,0.961121798,0.102069557,-0.256566554,0.254443586,0.0335249975,0.966506362],"scale":[1.28647459,1.28647459,1.28647459],"shapeName":"/levels/west_coast_usa/art/shapes/rocksJV/s_rocks_desert_low_small_lowc.dae","useInstanceRenderData":true}
