home_pos=309.88879394531,-251.8625793457,196.19635009766
home_rot=0.0038607140837292,0.00062063576875004,-0.30046634568318,0.95378440163897
home_trigger=BeamLRTrigger_PlayerGarage
gas_pos=139.94613647461,-267.85305786133,194.02420043945
gas_rot=0.013042004447587,-0.0011729718212197,-0.024925567408592,0.99960354458478
gas_trigger=BeamLRTrigger_GasStationA
usedcars_pos=224.61692810059,-324.32061767578,192.23384094238
usedcars_rot=0.0027889924402945,-0.0023730136061749,0.039545947001475,0.99921104297508
usedcars_trigger=BeamLRTrigger_UsedShopB
garage_pos=665.08044433594,579.43200683594,174.27212524414
garage_rot=0.0045566314539123,0.013817217730066,0.92204193586501,-0.38681648117718
garage_trigger=BeamLRTrigger_RepairShopA
partshop_pos=751.10760498047,408.1067199707,178.26823425293
partshop_rot=-4.3907927543236e-05,-0.0041550325828648,0.93369204876293,-0.35805291767169
partshop_trigger=BeamLRTrigger_PartShopA