pos=308.80932617188,-251.52543640137,196.19345092773
rot=0.00086931732268049,-0.005011526386331,0.93927815120721,0.3431190515775