{"class":"TSStatic","persistentId":"a4621493-2034-4cb5-afe8-5749955d2932","__parent":"trail_012_rocks","position":[-882.08905,76.9456711,181.260529],"isRenderEnabled":false,"rotationMatrix":[0.993867517,0.00684088329,0.110365771,0.00232835347,0.996568561,-0.0827383697,-0.110553063,0.0824879408,0.990441203],"shapeName":"/levels/johnson_valley/art/shapes/rocks/s_rocks_desert_low_small.dae","useInstanceRenderData":true}
{"class":"TSStatic","persistentId":"b5ebd2a3-f7bd-44c3-bd62-a40ace685beb","__parent":"trail_012_rocks","position":[-882.749878,87.4337158,180.575256],"isRenderEnabled":false,"rotationMatrix":[0.9730075,0.208047912,0.0998621657,-0.202569649,0.977284849,-0.0622887686,-0.110552825,0.0403783992,0.993049681],"shapeName":"/levels/johnson_valley/art/shapes/rocks/s_rocks_desert_low_small.dae","useInstanceRenderData":true}
{"class":"TSStatic","persistentId":"d384d839-dff4-4376-b2b3-97a0e07daaf4","__parent":"trail_012_rocks","position":[-878.466858,80.2055588,182.245819],"isRenderEnabled":false,"rotationMatrix":[0.844637454,0.0482486822,0.533160031,-0.00772474334,0.996924996,-0.0779797882,-0.535283029,0.0617461205,0.842412889],"shapeName":"/levels/johnson_valley/art/shapes/rocks/s_rocks_desert_low_small.dae","useInstanceRenderData":true}
{"class":"TSStatic","persistentId":"60731ff2-cfb6-4fe9-8144-93d104204fad","__parent":"trail_012_rocks","position":[-890.663635,86.2809296,181.515472],"isRenderEnabled":false,"rotationMatrix":[0.927027285,0.245062232,-0.283839583,-0.254835904,0.966980875,0.00257415697,0.275098264,0.0699461997,0.958868325],"shapeName":"/levels/johnson_valley/art/shapes/rocks/s_rocks_desert_low_small.dae","useInstanceRenderData":true}
{"class":"TSStatic","persistentId":"0eab7ea1-e3a0-4c91-aff3-7be494079843","__parent":"trail_012_rocks","position":[-885.940735,97.0661697,180.337723],"isRenderEnabled":false,"rotationMatrix":[0.762948632,0.645654738,0.0322385691,-0.645463765,0.763592362,-0.0174122658,-0.0358594395,-0.00752416579,0.999328494],"shapeName":"/levels/johnson_valley/art/shapes/rocks/s_rocks_desert_low_small.dae","useInstanceRenderData":true}
{"class":"TSStatic","persistentId":"fcb8f661-bc75-4e4f-b0aa-f374879c2045","__parent":"trail_012_rocks","position":[-892.961365,107.59037,180.641418],"isRenderEnabled":false,"rotationMatrix":[0.922026873,-0.308292747,-0.234141111,0.317107499,0.94838959,3.7252903e-09,0.222056985,-0.0742479116,0.972202599],"shapeName":"/levels/johnson_valley/art/shapes/rocks/s_rocks_desert_low_small.dae","useInstanceRenderData":true}
{"class":"TSStatic","persistentId":"5546ee0f-e42a-49e3-a6e7-a93de12cd002","__parent":"trail_012_rocks","position":[-883.307068,106.83947,181.571152],"isRenderEnabled":false,"rotationMatrix":[0.282155037,0.956255436,0.0772270113,-0.876993895,0.289725482,-0.383328646,-0.388934731,0.0404304862,0.920377731],"shapeName":"/levels/johnson_valley/art/shapes/rocks/s_rocks_desert_low_small.dae","useInstanceRenderData":true}
{"class":"TSStatic","persistentId":"f0b81be9-d1e8-495a-a8ec-a2aea148b569","__parent":"trail_012_rocks","position":[-882.060242,93.1649399,180.663406],"isRenderEnabled":false,"rotationMatrix":[0.408082366,0.809507847,0.422096759,-0.779776216,0.54951036,-0.299978793,-0.474781781,-0.206725001,0.855480552],"shapeName":"/levels/johnson_valley/art/shapes/rocks/s_rocks_desert_low_tiny.dae","useInstanceRenderData":true}
{"class":"TSStatic","persistentId":"154d877c-4056-4cad-87be-6129d5c239e6","__parent":"trail_012_rocks","position":[-887.791992,88.082283,180.76442],"isRenderEnabled":false,"rotationMatrix":[0.93532145,0.295225263,-0.19497633,-0.303397477,0.952778518,-0.0127700735,0.181999207,0.0710994527,0.980724812],"shapeName":"/levels/johnson_valley/art/shapes/rocks/s_rocks_desert_low_tiny.dae","useInstanceRenderData":true}
{"class":"TSStatic","persistentId":"711ac228-1ae8-45ae-bf59-2a22c2e3cd0f","__parent":"trail_012_rocks","position":[-890.852051,95.8340683,180.818527],"isRenderEnabled":false,"rotationMatrix":[0.937904954,0.296242088,-0.18048507,-0.303397387,0.952778518,-0.0127700698,0.168179274,0.066735819,0.983494818],"shapeName":"/levels/johnson_valley/art/shapes/rocks/s_rocks_desert_low_tiny.dae","useInstanceRenderData":true}
{"class":"TSStatic","persistentId":"e64320e2-d094-45c0-a5c9-311519573f18","__parent":"trail_012_rocks","position":[-895.122375,101.42495,181.803543],"isRenderEnabled":false,"rotationMatrix":[0.795769215,0.321847141,-0.512996733,-0.355428219,0.934060335,0.03467042,0.490328491,0.15474388,0.857690096],"shapeName":"/levels/johnson_valley/art/shapes/rocks/s_rocks_desert_low_small.dae","useInstanceRenderData":true}
{"class":"TSStatic","persistentId":"f78665db-b18c-4b43-af0f-b821dcb342f3","__parent":"trail_012_rocks","position":[-899.7453,89.0909729,185.286392],"isRenderEnabled":false,"rotationMatrix":[-0.0931823254,0.982735157,0.159838349,-0.855547667,-0.161145449,0.492006004,0.50926888,-0.090902999,0.855793059],"shapeName":"/levels/johnson_valley/art/shapes/rocks/s_rocks_desert_low_small.dae","useInstanceRenderData":true}
{"class":"TSStatic","persistentId":"e55817e9-8922-4a19-9c41-c4d3c106dd28","__parent":"trail_012_rocks","position":[-899.049133,109.44339,182.751694],"isRenderEnabled":false,"rotationMatrix":[0.00596421957,0.995620608,-0.0932935625,-0.914082408,0.0432585478,0.403214246,0.4054842,0.0828732252,0.910337627],"shapeName":"/levels/johnson_valley/art/shapes/rocks/s_rocks_desert_low_small.dae","useInstanceRenderData":true}
{"class":"TSStatic","persistentId":"a4c139a0-1dd0-4c74-a485-0078dcb4e2b0","__parent":"trail_012_rocks","position":[-885.715576,116.435745,180.371094],"isRenderEnabled":false,"rotationMatrix":[0.95977205,-0.108100764,0.259136647,0.122310735,0.991713226,-0.0393053666,-0.252740294,0.0694193915,0.965040565],"shapeName":"/levels/johnson_valley/art/shapes/rocks/s_rocks_desert_low_tiny.dae","useInstanceRenderData":true}
{"class":"TSStatic","persistentId":"13a274f9-0b64-48c7-bc43-ee311e115222","__parent":"trail_012_rocks","position":[-879.330261,111.451302,183.180878],"isRenderEnabled":false,"rotationMatrix":[0.476396561,-0.865249574,0.156170875,0.79710263,0.499987602,0.338584781,-0.371043891,-0.0368163735,0.927885175],"shapeName":"/levels/johnson_valley/art/shapes/rocks/s_rocks_desert_low_tiny.dae","useInstanceRenderData":true}
{"class":"TSStatic","persistentId":"9f82b071-f5a9-4c29-b380-31d132950f45","__parent":"trail_012_rocks","position":[-889.453918,113.711784,180.373322],"isRenderEnabled":false,"rotationMatrix":[0.948691487,-0.236291572,-0.210120752,0.246827558,0.968736172,0.0250285231,0.197637543,-0.0756079406,0.977355003],"shapeName":"/levels/johnson_valley/art/shapes/rocks/s_rocks_desert_low_tiny.dae","useInstanceRenderData":true}
{"class":"TSStatic","persistentId":"30bcf0ca-5058-47f9-9338-d152b039289f","__parent":"trail_012_rocks","position":[-886.255676,162.771805,164.918839],"isRenderEnabled":false,"rotationMatrix":[0.981247902,-0.0376144871,-0.189044088,-0.0177054685,0.959038079,-0.282723308,0.191934973,0.280768752,0.940388143],"shapeName":"/levels/johnson_valley/art/shapes/rocks/s_rocks_desert_collection_03.dae","useInstanceRenderData":true}
{"class":"TSStatic","persistentId":"6e19e94f-77f5-4424-8543-24385fb636f6","__parent":"trail_012_rocks","position":[-881.600159,154.861893,167.070282],"isRenderEnabled":false,"rotationMatrix":[1,0,0,0,0.917630672,-0.397434175,0,0.397434175,0.917630672],"shapeName":"/levels/johnson_valley/art/shapes/rocks/s_rocks_desert_collection_02.dae","useInstanceRenderData":true}
{"class":"TSStatic","persistentId":"69e41867-085a-47a5-8489-7e11fcc26239","__parent":"trail_012_rocks","position":[-888.767761,152.134537,168.912384],"isRenderEnabled":false,"rotationMatrix":[0.989101708,-0.0388855673,-0.142006233,3.7252903e-09,0.964493334,-0.264107168,0.147234038,0.261228859,0.953981996],"shapeName":"/levels/johnson_valley/art/shapes/rocks/s_rocks_desert_collection_03.dae","useInstanceRenderData":true}
{"class":"TSStatic","persistentId":"158662cd-616a-4d64-839c-07a85aaa6e70","__parent":"trail_012_rocks","position":[-890.752319,129.446106,179.033478],"isRenderEnabled":false,"rotationMatrix":[0.989865184,-0.0396248512,-0.136370242,-0.0145087466,0.927039742,-0.374682277,0.141267359,0.372863501,0.917069435],"shapeName":"/levels/johnson_valley/art/shapes/rocks/s_rocks_desert_collection_01.dae","useInstanceRenderData":true}
{"class":"TSStatic","persistentId":"c1fdea51-b7bb-4264-9350-b39cc7c7de0e","__parent":"trail_012_rocks","position":[-881.837341,129.377289,178.848572],"isRenderEnabled":false,"rotationMatrix":[0.983683825,0.0513984561,0.172407523,0.0204801429,0.920098066,-0.391152292,-0.178736463,0.388301104,0.904032946],"shapeName":"/levels/johnson_valley/art/shapes/rocks/s_rocks_desert_collection_03.dae","useInstanceRenderData":true}
{"class":"TSStatic","persistentId":"e81bc87a-46b8-4ade-9aeb-07b0a59d6283","__parent":"trail_012_rocks","position":[-887.63562,137.21138,175.18512],"isRenderEnabled":false,"rotationMatrix":[0.980535567,-0.0957596451,-0.171406135,0.00567249581,0.886452198,-0.462785333,0.196259513,0.452805191,0.869741142],"shapeName":"/levels/johnson_valley/art/shapes/rocks/s_rocks_desert_collection_02.dae","useInstanceRenderData":true}
{"class":"TSStatic","persistentId":"cf41a6e7-7085-4445-b012-c49432d8cdf4","__parent":"trail_012_rocks","position":[-875.430786,168.613129,161.858337],"isRenderEnabled":false,"rotationMatrix":[0.995750606,0.0381501168,0.0838170126,-1.86264515e-09,0.910155773,-0.414266109,-0.0920908377,0.412505746,0.906288207],"shapeName":"/levels/johnson_valley/art/shapes/rocks/s_rocks_desert_collection_02.dae","useInstanceRenderData":true}
{"class":"TSStatic","persistentId":"6f3f8af7-241f-4880-9990-14444c07c6ec","__parent":"trail_012_rocks","position":[-870.490112,168.460556,162.487305],"isRenderEnabled":false,"rotationMatrix":[0.982763827,0.0670700818,0.172269851,-0.0104987118,0.95061022,-0.310209483,-0.184567273,0.303054065,0.93492949],"shapeName":"/levels/johnson_valley/art/shapes/rocks/s_rocks_desert_collection_03.dae","useInstanceRenderData":true}
{"class":"TSStatic","persistentId":"f04d35cd-17b9-4ab6-b55b-4f21dceab474","__parent":"trail_012_rocks","position":[-882.847107,177.136642,158.406937],"isRenderEnabled":false,"rotationMatrix":[0.999492228,-0.0126049332,-0.0292634424,0.00113938609,0.931974232,-0.362522751,0.031842351,0.362305313,0.931515396],"shapeName":"/levels/johnson_valley/art/shapes/rocks/s_rocks_desert_collection_03.dae","useInstanceRenderData":true}
{"class":"TSStatic","persistentId":"94f43bd2-cbec-4ae5-8f0a-54f1e790876a","__parent":"trail_012_rocks","position":[-882.165039,122.528214,180.659317],"isRenderEnabled":false,"rotationMatrix":[0.940358341,0.0756905526,0.331658125,-3.7252903e-09,0.974933147,-0.222497866,-0.340185523,0.209227726,0.916786551],"shapeName":"/levels/johnson_valley/art/shapes/rocks/s_rocks_desert_collection_02.dae","useInstanceRenderData":true}
{"class":"TSStatic","persistentId":"f16dc50a-e422-4240-ab1d-7b7d28868f21","__parent":"trail_012_rocks","position":[-892.537598,114.728539,181.269791],"isRenderEnabled":false,"rotationMatrix":[0.968398333,0.0505031124,-0.244241998,-7.4505806e-09,0.979284048,0.202491283,0.249408737,-0.196092218,0.948337018],"shapeName":"/levels/johnson_valley/art/shapes/rocks/s_rocks_desert_collection_03.dae","useInstanceRenderData":true}
{"class":"TSStatic","persistentId":"6c650a80-eb02-46c9-8ba6-ee3599a94f0c","__parent":"trail_012_rocks","position":[-888.253906,124.716484,179.76741],"isRenderEnabled":false,"rotationMatrix":[-0.0687801838,-0.985984266,0.151999563,0.965579927,-0.104103088,-0.238364086,0.250846952,0.130372986,0.959207296],"shapeName":"/levels/johnson_valley/art/shapes/rocks/s_rocks_desert_collection_03.dae","useInstanceRenderData":true}
{"class":"TSStatic","persistentId":"20b3b700-5baf-4b33-a8a4-038227c9da26","__parent":"trail_012_rocks","position":[-884.139465,132.920349,176.871414],"isRenderEnabled":false,"rotationMatrix":[0.167048573,0.925278783,-0.340519547,-0.982437491,0.127090096,-0.136617631,-0.0831328183,0.357360959,0.930259109],"scale":[0.848437548,0.848437548,0.848437548],"shapeName":"/levels/johnson_valley/art/shapes/rocks/s_rocks_desert_collection_03.dae","useInstanceRenderData":true}
{"class":"TSStatic","persistentId":"ba9edeb6-fe1a-4122-b7c2-12a535887452","__parent":"trail_012_rocks","position":[-897.132996,128.460236,179.687057],"isRenderEnabled":false,"rotationMatrix":[0.998559058,0.00936009362,0.0528408624,-4.65661287e-10,0.984670997,-0.174422026,-0.0536634736,0.174170703,0.983252168],"shapeName":"/levels/johnson_valley/art/shapes/rocks/s_rocks_desert_collection_02.dae","useInstanceRenderData":true}
{"class":"TSStatic","persistentId":"1610f0a9-2844-414d-ab9c-488e8fe9f37c","__parent":"trail_012_rocks","position":[-874.995422,125.426857,181.33342],"isRenderEnabled":false,"rotationMatrix":[0.988864779,0.0339665264,0.144888639,-1.86264515e-09,0.973604023,-0.228243828,-0.148816824,0.225702286,0.962762713],"shapeName":"/levels/johnson_valley/art/shapes/rocks/s_rocks_desert_collection_03.dae","useInstanceRenderData":true}
{"class":"TSStatic","persistentId":"b255cf41-c50a-49f3-b7d2-72745bd03908","__parent":"trail_012_rocks","position":[-877.619934,210.984695,147.689133],"isRenderEnabled":false,"rotationMatrix":[0.996368587,-0.0150861852,-0.0837973654,9.31322575e-10,0.984177887,-0.177183226,0.0851445347,0.176539794,0.980603933],"shapeName":"/levels/johnson_valley/art/shapes/rocks/s_rocks_desert_collection_03.dae","useInstanceRenderData":true}
{"class":"TSStatic","persistentId":"06c9c5e3-a2eb-4b87-8b6b-0218c2854d07","__parent":"trail_012_rocks","position":[-869.26709,210.042999,147.452652],"isRenderEnabled":false,"rotationMatrix":[1,0,0,0,0.970969021,-0.239205286,0,0.239205286,0.970969021],"shapeName":"/levels/johnson_valley/art/shapes/rocks/s_rocks_desert_collection_02.dae","useInstanceRenderData":true}
{"class":"TSStatic","persistentId":"a5a53aaf-0e92-45f1-a80c-a4199ccf8f29","__parent":"trail_012_rocks","position":[-885.826538,210.169052,148.539856],"isRenderEnabled":false,"rotationMatrix":[-0.814608932,0.566920817,-0.122527033,-0.580010474,-0.796224833,0.172085866,-7.4505806e-09,0.211249664,0.977432132],"shapeName":"/levels/johnson_valley/art/shapes/rocks/s_rocks_desert_collection_02.dae","useInstanceRenderData":true}
{"class":"TSStatic","persistentId":"70b02c6e-0ac6-4ddc-9ef0-f6566931364f","__parent":"trail_012_rocks","position":[-884.000671,215.605072,147.544846],"isRenderEnabled":false,"rotationMatrix":[0.995995641,-0.0107099405,-0.0887576714,9.31322575e-10,0.992798507,-0.119795963,0.089401491,0.119316265,0.988823056],"shapeName":"/levels/johnson_valley/art/shapes/rocks/s_rocks_desert_collection_01.dae","useInstanceRenderData":true}
{"class":"TSStatic","persistentId":"2def450e-579b-4c31-bb8a-282e7bf4a9fa","__parent":"trail_012_rocks","position":[-876.448242,238.374542,145.06897],"isRenderEnabled":false,"rotationMatrix":[0.980427027,-0.00521630887,-0.196813613,-0.0130497115,0.99572897,-0.091397725,0.196449786,0.0921771601,0.976171553],"shapeName":"/levels/johnson_valley/art/shapes/rocks/s_rocks_desert_collection_03.dae","useInstanceRenderData":true}
{"class":"TSStatic","persistentId":"a32cf187-9fd6-4c32-a451-64090e86d007","__parent":"trail_012_rocks","position":[-885.891479,117.044495,179.719986],"isRenderEnabled":false,"rotationMatrix":[-0.937829137,0,-0.34709686,-0.0535891019,0.988009632,0.144793674,0.342935026,0.154392347,-0.926584244],"shapeName":"/levels/johnson_valley/art/shapes/rocks/s_rocks_desert_medium_02.dae","useInstanceRenderData":true}
{"class":"TSStatic","persistentId":"ef84ce8f-8e81-48a8-99a7-4ffaffea1386","__parent":"trail_012_rocks","position":[-887.449097,117.348053,179.884964],"isRenderEnabled":false,"rotationMatrix":[0.593955994,0,0.80449754,0,1,0,-0.80449754,0,0.593955994],"shapeName":"/levels/johnson_valley/art/shapes/rocks/s_rocks_desert_medium_04.dae","useInstanceRenderData":true}
{"class":"TSStatic","persistentId":"acd75343-13c8-430a-bc9a-e94ee2ad413f","__parent":"trail_012_rocks","position":[-888.378906,112.167816,180.248184],"isRenderEnabled":false,"shapeName":"/levels/johnson_valley/art/shapes/rocks/s_rocks_desert_small_03.dae","useInstanceRenderData":true}
{"class":"TSStatic","persistentId":"f2eeb89b-551a-4721-8057-8a2a02867f3d","__parent":"trail_012_rocks","position":[-887.376892,112.183342,180.381134],"isRenderEnabled":false,"rotationMatrix":[1,0,0,0,-0.955559254,-0.294798315,0,0.294798315,-0.955559254],"shapeName":"/levels/johnson_valley/art/shapes/rocks/s_rocks_desert_small_01.dae","useInstanceRenderData":true}
{"class":"TSStatic","persistentId":"6a13b7b4-526c-4904-bfba-3cb7edd1eecb","__parent":"trail_012_rocks","position":[-888.130554,110.74379,179.722046],"isRenderEnabled":false,"rotationMatrix":[0.381900609,0.310499966,-0.870483518,-0.124745876,0.950573385,0.28433907,0.915745735,1.49011612e-08,0.401758194],"shapeName":"/levels/johnson_valley/art/shapes/rocks/s_rocks_desert_medium_02.dae","useInstanceRenderData":true}
{"class":"TSStatic","persistentId":"d1019737-7fd7-45a8-b8db-94b1aad11e9c","__parent":"trail_012_rocks","position":[-587.242676,-35.5406685,225.818207],"decalType":"Visible Mesh Final","isRenderEnabled":false,"rotationMatrix":[0.994448245,-0.0307196807,0.10064283,-0.0307196807,0.830017805,0.556890249,-0.10064283,-0.556890249,0.82446605],"shapeName":"/levels/johnson_valley/art/shapes/rocks/s_rocks_desert_medium_04.dae","useInstanceRenderData":true}
{"class":"TSStatic","persistentId":"0e00569b-f157-416b-9414-430de3b698f9","__parent":"trail_012_rocks","position":[-602.927002,8.85079002,246.263992],"isRenderEnabled":false,"rotationMatrix":[-0.994680643,-0.0988952816,-0.0288249962,0.0963957608,-0.99228096,0.0780195072,-0.0363182463,0.0748258606,0.996535063],"shapeName":"/levels/johnson_valley/art/shapes/rocks/s_rocks_desert_large_07.dae","useInstanceRenderData":true}
{"class":"TSStatic","persistentId":"a539c636-0305-4012-934c-85389aaad0c0","__parent":"trail_012_rocks","position":[-603.872437,9.46412563,247.049927],"isRenderEnabled":false,"rotationMatrix":[0.114667177,0.984049261,-0.136008114,0.990590513,-0.102968931,0.0901523754,0.0747097656,-0.145065874,-0.986597061],"shapeName":"/levels/johnson_valley/art/shapes/rocks/s_rocks_desert_large_07.dae","useInstanceRenderData":true}
{"class":"TSStatic","persistentId":"3433de74-aff0-4b56-b15f-10f5e2df85d7","__parent":"trail_012_rocks","position":[-790.73938,9.79435825,194.608063],"decalType":"Visible Mesh Final","isRenderEnabled":false,"rotationMatrix":[0.998295188,-0.00598776899,0.0580595993,0.00250446307,0.998202205,0.0598834828,-0.0583137907,-0.0596359819,0.996515453],"shapeName":"/levels/johnson_valley/art/shapes/rocks/s_rocks_desert_large_06.dae","useInstanceRenderData":true}
{"class":"TSStatic","persistentId":"a2618801-f8a6-4336-a5ff-3532868d268f","__parent":"trail_012_rocks","position":[-795.148621,16.867403,195.041138],"decalType":"Visible Mesh Final","isRenderEnabled":false,"rotationMatrix":[0.987340987,-0.0247005355,0.156676993,-0.0247005355,0.951803803,0.30571121,-0.156676993,-0.30571121,0.93914479],"shapeName":"/levels/johnson_valley/art/shapes/rocks/s_rocks_desert_medium_02.dae","useInstanceRenderData":true}
{"class":"TSStatic","persistentId":"839cee0e-68a6-4185-8fd3-72997898ea59","__parent":"trail_012_rocks","position":[-604.527039,12.4558725,243.857269],"isRenderEnabled":false,"rotationMatrix":[0.19478476,0.635352731,-0.747252166,-0.97296524,0.221540749,-0.0652554631,0.124086559,0.739761174,0.661328912],"shapeName":"/levels/johnson_valley/art/shapes/rocks/s_rocks_desert_huge_sheet_2.dae","useInstanceRenderData":true}
{"class":"TSStatic","persistentId":"edd340e0-6ae4-4486-aaf7-1283ae7347a5","__parent":"trail_012_rocks","position":[-610.606323,15.0822916,242.419373],"isRenderEnabled":false,"rotationMatrix":[1,0,0,0,0.75797987,-0.652277946,0,0.652277946,0.75797987],"shapeName":"/levels/johnson_valley/art/shapes/rocks/s_rocks_desert_huge_sheet_3.dae","useInstanceRenderData":true}
{"class":"TSStatic","persistentId":"021b75cf-c124-4504-b578-29b40a6ff3fd","__parent":"trail_012_rocks","position":[-612.543396,16.2206917,239.490784],"isRenderEnabled":false,"rotationMatrix":[1,0,0,0,-0.996000886,-0.0893423483,0,0.0893423483,-0.996000886],"shapeName":"/levels/johnson_valley/art/shapes/rocks/s_rocks_desert_large_04.dae","useInstanceRenderData":true}
{"class":"TSStatic","persistentId":"70325308-4c1f-4674-9750-8ab5353376b2","__parent":"trail_012_rocks","position":[-612.710449,18.4124012,238.389725],"isRenderEnabled":false,"rotationMatrix":[0.99329859,0.0259409118,0.112627551,0.0259409118,0.899583578,-0.435977638,-0.112627551,0.435977638,0.892882168],"shapeName":"/levels/johnson_valley/art/shapes/rocks/s_rocks_desert_collection_01.dae","useInstanceRenderData":true}
{"class":"TSStatic","persistentId":"bd6dc9d7-d52e-486f-9b4a-f37f78237e38","__parent":"trail_012_rocks","position":[-606.077393,20.7936611,240.504593],"isRenderEnabled":false,"rotationMatrix":[0.889867127,0.00174814102,0.456216455,0.00174814102,0.999972224,-0.00724153128,-0.456216455,0.00724153128,0.889839351],"shapeName":"/levels/johnson_valley/art/shapes/rocks/s_rocks_desert_low_flat_02.dae","useInstanceRenderData":true}
{"class":"TSStatic","persistentId":"99334913-a26f-48b4-ba1b-b723f65f9c87","__parent":"trail_012_rocks","position":[-613.118408,24.7871895,238.861359],"isRenderEnabled":false,"rotationMatrix":[-0.188695073,0.880607486,0.434654713,-0.91451931,0.00370597839,-0.40452528,-0.357838809,-0.473832071,0.8046332],"shapeName":"/levels/johnson_valley/art/shapes/rocks/s_rocks_desert_low_tiny.dae","useInstanceRenderData":true}
{"class":"TSStatic","persistentId":"ed1fbff1-52c4-4b8e-ae63-bce55756306a","__parent":"trail_012_rocks","position":[-597.531128,19.8087273,244.750229],"isRenderEnabled":false,"rotationMatrix":[0.739060581,-0.673519313,-0.0126921982,0.444182336,0.473068357,0.760860205,-0.506449819,-0.567959428,0.648791611],"shapeName":"/levels/johnson_valley/art/shapes/rocks/s_rocks_desert_low_small.dae","useInstanceRenderData":true}
{"class":"TSStatic","persistentId":"7aca64f9-aa9e-48d8-a4d3-baf12408c75a","__parent":"trail_012_rocks","position":[-596.203979,22.4016113,248.196289],"isRenderEnabled":false,"rotationMatrix":[0.080380559,0.668225944,0.739603102,-0.853859365,0.428982556,-0.294784665,-0.514259517,-0.607822239,0.605052948],"shapeName":"/levels/johnson_valley/art/shapes/rocks/s_rocks_desert_low_tiny.dae","useInstanceRenderData":true}
{"class":"TSStatic","persistentId":"aa928e6a-59ab-40cc-a49b-16eba5da5ae2","__parent":"trail_012_rocks","position":[-586.76416,-1.28100467,247.034851],"isRenderEnabled":false,"rotationMatrix":[0.736036062,0.0807164237,0.672112823,-0.0926458612,0.995534599,-0.0181000866,-0.670572519,-0.0489461683,0.740227461],"shapeName":"/levels/johnson_valley/art/shapes/rocks/s_rocks_desert_huge_sheet_3.dae","useInstanceRenderData":true}
{"class":"TSStatic","persistentId":"aa5c2fcc-cbfe-46b5-8c3d-d20b4456e729","__parent":"trail_012_rocks","position":[-589.053589,7.20542002,245.263],"isRenderEnabled":false,"rotationMatrix":[0.761436164,0.428796887,0.486156493,-0.423952699,0.896745443,-0.126931831,-0.490386575,-0.109456912,0.864604056],"shapeName":"/levels/johnson_valley/art/shapes/rocks/s_rocks_desert_low_small.dae","useInstanceRenderData":true}
{"class":"TSStatic","persistentId":"021d4aea-58c7-4752-a4ca-deda262e6a1c","__parent":"trail_012_rocks","position":[-585.73645,3.62666559,247.635452],"isRenderEnabled":false,"rotationMatrix":[-0.260889053,-0.955933511,-0.134639323,0.759384215,-0.289328933,0.582772732,-0.596047103,0.0497961044,0.80140388],"shapeName":"/levels/johnson_valley/art/shapes/rocks/s_rocks_desert_low_tiny.dae","useInstanceRenderData":true}
{"class":"TSStatic","persistentId":"78a91923-eddd-40f1-98d5-34b2c2632278","__parent":"trail_012_rocks","position":[-586.597412,7.78229332,247.405899],"isRenderEnabled":false,"rotationMatrix":[0.521807134,0.528620064,0.669535637,-0.527985036,0.816596866,-0.233240932,-0.670036554,-0.231798112,0.705209613],"shapeName":"/levels/johnson_valley/art/shapes/rocks/s_rocks_desert_low_tiny.dae","useInstanceRenderData":true}
{"class":"TSStatic","persistentId":"177af5fe-a490-4eab-bef4-89d1864bb771","__parent":"trail_012_rocks","position":[-590.288635,3.55098462,244.65361],"isRenderEnabled":false,"rotationMatrix":[-0.894144893,-0.203271657,-0.398980945,0.16073662,-0.977343082,0.137711659,-0.41793409,0.0590033196,0.906559289],"shapeName":"/levels/johnson_valley/art/shapes/rocks/s_rocks_desert_low_tiny.dae","useInstanceRenderData":true}
{"class":"TSStatic","persistentId":"b2b588bd-a2ad-42b5-804c-bf7574587537","__parent":"trail_012_rocks","position":[-593.308716,10.421751,243.296783],"isRenderEnabled":false,"rotationMatrix":[0.873119891,0.357799113,0.331121445,-0.344435632,0.933425665,-0.100402042,-0.345001042,-0.0263870209,0.938231289],"shapeName":"/levels/johnson_valley/art/shapes/rocks/s_rocks_desert_low_tiny.dae","useInstanceRenderData":true}
{"class":"TSStatic","persistentId":"8a18691b-9aff-4e5a-bc72-c2659f0b2d3f","__parent":"trail_012_rocks","position":[-599.467712,16.9818745,242.825851],"isRenderEnabled":false,"rotationMatrix":[0.535602927,-0.814556003,-0.222773343,0.272857815,-0.0827233791,0.958491087,-0.799173355,-0.574155927,0.177951217],"shapeName":"/levels/johnson_valley/art/shapes/rocks/s_rocks_desert_large_03.dae","useInstanceRenderData":true}
{"class":"TSStatic","persistentId":"67c381bd-4897-4f25-98a3-15c6f7c533c0","__parent":"trail_012_rocks","position":[-600.755249,15.9868107,242.7034],"isRenderEnabled":false,"rotationMatrix":[-0.78030777,0.563731372,0.270786941,0.272857904,-0.0827226639,0.958490908,0.562731922,0.821804821,-0.0892688036],"shapeName":"/levels/johnson_valley/art/shapes/rocks/s_rocks_desert_large_03.dae","useInstanceRenderData":true}
{"class":"TSStatic","persistentId":"160bec8a-065c-4e18-b31b-0b549c35ed35","__parent":"trail_012_rocks","position":[-597.905151,13.0609283,243.965942],"isRenderEnabled":false,"rotationMatrix":[0.68000412,0.73230803,0.0363234766,-0.733118773,0.678312063,0.0492904484,0.0114571387,-0.060147129,0.998123765],"shapeName":"/levels/johnson_valley/art/shapes/rocks/s_rocks_desert_huge_sheet_1.dae","useInstanceRenderData":true}
{"class":"TSStatic","persistentId":"9db8b1f7-6891-4cb9-a631-8cc4e914a07e","__parent":"trail_012_rocks","position":[-599.614746,7.57028723,245.108597],"isRenderEnabled":false,"rotationMatrix":[0.961754143,0.000528518111,-0.273913532,-0.036592491,0.991282582,-0.126569375,0.271458834,0.131751791,0.953389525],"shapeName":"/levels/johnson_valley/art/shapes/rocks/s_rocks_desert_low_flat_02.dae","useInstanceRenderData":true}
{"class":"TSStatic","persistentId":"67689007-f061-431a-b712-cc1aaf129cb3","__parent":"trail_012_rocks","position":[-596.035889,3.6213026,243.568954],"isRenderEnabled":false,"rotationMatrix":[0.859311342,0.511452854,0,-0.511452854,0.859311342,0,0,0,1],"shapeName":"/levels/johnson_valley/art/shapes/rocks/s_rocks_desert_large_02.dae","useInstanceRenderData":true}
{"class":"TSStatic","persistentId":"24ab0be4-54eb-49f9-a1eb-f9affdf737c6","__parent":"trail_012_rocks","position":[-591.492249,3.48619556,243.568954],"isRenderEnabled":false,"rotationMatrix":[-0.107373476,-0.0639075935,0.992162704,-0.511452913,0.859311342,5.96046448e-08,-0.852576733,-0.507444441,-0.124953032],"shapeName":"/levels/johnson_valley/art/shapes/rocks/s_rocks_desert_large_02.dae","useInstanceRenderData":true}
{"class":"TSStatic","persistentId":"73256428-687a-4d4c-a614-3d7beb91096f","__parent":"trail_012_rocks","position":[-592.871948,7.00499296,243.646271],"isRenderEnabled":false,"rotationMatrix":[-0.483682156,0.856737494,-0.1790317,0.197900534,-0.0922007561,-0.975876212,-0.852576613,-0.507444382,-0.124952912],"shapeName":"/levels/johnson_valley/art/shapes/rocks/s_rocks_desert_large_02.dae","useInstanceRenderData":true}
{"class":"TSStatic","persistentId":"39a184c1-e406-48b8-b3bc-9d021d6c9d97","__parent":"trail_012_rocks","position":[-594.543579,9.48276138,244.831879],"isRenderEnabled":false,"rotationMatrix":[0.10751605,-0.0981524661,-0.989346445,0.0200567693,0.995126426,-0.0965462476,0.994000971,-0.00946282595,0.108960688],"shapeName":"/levels/johnson_valley/art/shapes/rocks/s_rocks_desert_large_06.dae","useInstanceRenderData":true}
{"class":"TSStatic","persistentId":"1301beaf-8896-4bde-ad44-85bf45e3c7e9","__parent":"trail_012_rocks","position":[-590.668823,5.75162458,245.74173],"isRenderEnabled":false,"rotationMatrix":[0.845737278,0.326059759,0.422390282,-0.1535016,0.906792462,-0.392638117,-0.511043787,0.267231137,0.816958904],"shapeName":"/levels/johnson_valley/art/shapes/rocks/s_rocks_desert_medium_01.dae","useInstanceRenderData":true}
{"class":"TSStatic","persistentId":"014fe1ee-a44e-486a-8956-6ab5f887a286","__parent":"trail_012_rocks","position":[-591.696045,9.57940388,245.566238],"isRenderEnabled":false,"rotationMatrix":[-0.344007373,0.231461123,0.909991384,-0.416319966,0.831074834,-0.368771255,-0.841627121,-0.505707681,-0.189533949],"shapeName":"/levels/johnson_valley/art/shapes/rocks/s_rocks_desert_medium_02.dae","useInstanceRenderData":true}
{"class":"TSStatic","persistentId":"73a25687-0694-4707-ac13-a371dab33285","__parent":"trail_012_rocks","position":[-597.759827,5.27110958,245.532867],"isRenderEnabled":false,"rotationMatrix":[0.844837964,0.0349693224,-0.533878207,-0.159009725,0.96918416,-0.188143507,0.510847092,0.243842617,0.824364007],"shapeName":"/levels/johnson_valley/art/shapes/rocks/s_rocks_desert_medium_03.dae","useInstanceRenderData":true}
{"class":"TSStatic","persistentId":"ff6c1241-0863-45f5-a4d6-2353a4433d8d","__parent":"trail_012_rocks","position":[-596.05011,7.09630108,243.947861],"isRenderEnabled":false,"rotationMatrix":[0.993217289,-0.00841988623,-0.115967549,-0.00841988623,0.989547729,-0.143959716,0.115967549,0.143959716,0.982765019],"shapeName":"/levels/johnson_valley/art/shapes/rocks/s_rocks_desert_medium_05.dae","useInstanceRenderData":true}
{"class":"TSStatic","persistentId":"27f6f1f0-835b-434b-9935-573b88569e2c","__parent":"trail_012_rocks","position":[-587.568237,3.69912672,247.804031],"isRenderEnabled":false,"rotationMatrix":[0.865868449,-0.00283376523,0.500263751,-0.00283376523,0.999940157,0.0105689522,-0.500263751,-0.0105689522,0.865808547],"shapeName":"/levels/johnson_valley/art/shapes/rocks/s_rocks_desert_large_06.dae","useInstanceRenderData":true}
{"class":"TSStatic","persistentId":"8b9043f5-deea-46d2-a8e0-6b1156291fc5","__parent":"trail_012_rocks","position":[-594.645508,5.88422918,245.1082],"isRenderEnabled":false,"rotationMatrix":[0.239610195,0.00310063362,-0.970864356,-0.601199031,0.785673261,-0.145867348,0.762329876,0.618633926,0.190119386],"shapeName":"/levels/johnson_valley/art/shapes/rocks/s_rocks_desert_medium_05.dae","useInstanceRenderData":true}
{"class":"TSStatic","persistentId":"fe97f472-9eb0-4d68-a982-af5107508d32","__parent":"trail_012_rocks","position":[-597.878052,2.63945556,246.005737],"isRenderEnabled":false,"rotationMatrix":[0.757309794,-0.6455881,-0.0984778106,0.340260625,0.518777788,-0.784278095,0.55740881,0.560433328,0.612543702],"shapeName":"/levels/johnson_valley/art/shapes/rocks/s_rocks_desert_large_07.dae","useInstanceRenderData":true}
{"class":"TSStatic","persistentId":"3a9fbbe0-b84c-4c55-b45d-002b0a0cfb79","__parent":"trail_012_rocks","position":[-587.237366,-6.20517254,245.775101],"isRenderEnabled":false,"rotationMatrix":[-0.77101028,-0.198775992,-0.605004787,0.133049682,-0.979351282,0.152211785,-0.622768402,0.036861185,0.781537414],"shapeName":"/levels/johnson_valley/art/shapes/rocks/s_rocks_desert_large_03.dae","useInstanceRenderData":true}
{"class":"TSStatic","persistentId":"4904d40c-61ba-44f6-8131-fe547f9b3db0","__parent":"trail_012_rocks","position":[-591.347168,-6.33851433,243.392166],"isRenderEnabled":false,"rotationMatrix":[0.0159186721,0.506216466,-0.862259507,0.0212511867,0.86200273,0.506458044,0.999647379,-0.0263861567,0.00296425819],"shapeName":"/levels/johnson_valley/art/shapes/rocks/s_rocks_desert_large_06.dae","useInstanceRenderData":true}
{"class":"TSStatic","persistentId":"8dd53a58-d316-409f-917a-1e8bacedfabf","__parent":"trail_012_rocks","position":[-589.164246,-26.2881966,231.17749],"isRenderEnabled":false,"rotationMatrix":[0.256123245,0.865900159,0.429671466,-0.859059691,0.000100553036,0.511874974,0.443189561,-0.500216544,0.743885994],"shapeName":"/levels/johnson_valley/art/shapes/rocks/s_rocks_desert_large_03.dae","useInstanceRenderData":true}
{"class":"TSStatic","persistentId":"8eaa868e-72fd-4fb9-8399-5442348f66aa","__parent":"trail_012_rocks","position":[-592.020813,-28.1693249,229.677994],"isRenderEnabled":false,"rotationMatrix":[0.282970488,0.793857276,0.538254738,0.68081063,0.229044855,-0.695726335,-0.675591826,0.563319504,-0.475653529],"shapeName":"/levels/johnson_valley/art/shapes/rocks/s_rocks_desert_large_03.dae","useInstanceRenderData":true}
{"class":"TSStatic","persistentId":"03a5aebd-7c6c-4ecb-84d2-02ebdcb4d317","__parent":"trail_012_rocks","position":[-590.741089,-31.9579449,225.660492],"isRenderEnabled":false,"rotationMatrix":[0.280699134,0.882373869,0.377656192,0.534144819,0.18329978,-0.825281978,-0.797431588,0.433379024,-0.419863343],"shapeName":"/levels/johnson_valley/art/shapes/rocks/s_rocks_desert_large_02.dae","useInstanceRenderData":true}
{"class":"TSStatic","persistentId":"160b0623-46db-4710-99fd-67d1dddf2af8","__parent":"trail_012_rocks","position":[-590.963135,-29.8195381,227.297424],"isRenderEnabled":false,"rotationMatrix":[0.858649254,-0.283400774,0.427089572,0.494268298,0.678442478,-0.54352051,-0.135721564,0.677790344,0.72262013],"shapeName":"/levels/johnson_valley/art/shapes/rocks/s_rocks_desert_large_02.dae","useInstanceRenderData":true}
{"class":"TSStatic","persistentId":"f305dda7-2e73-412c-84e6-af502321a6db","__parent":"trail_012_rocks","position":[-591.002563,-20.9877968,236.610092],"isRenderEnabled":false,"rotationMatrix":[0.87408942,0.137067229,-0.466026038,0.137067229,0.85078758,0.50731951,0.466026038,-0.50731951,0.724877],"shapeName":"/levels/johnson_valley/art/shapes/rocks/s_rocks_desert_low_flat_01.dae","useInstanceRenderData":true}
{"class":"TSStatic","persistentId":"e2bf87d4-5e1a-4499-871e-5044ed05ed56","__parent":"trail_012_rocks","position":[-590.635925,-29.1655159,230.008987],"isRenderEnabled":false,"rotationMatrix":[0.207938492,0.72044605,0.661603332,-0.97362262,0.217392445,0.0692772269,-0.0939169824,-0.658557415,0.746646941],"shapeName":"/levels/johnson_valley/art/shapes/rocks/s_rocks_desert_low_flat_02.dae","useInstanceRenderData":true}
{"class":"TSStatic","persistentId":"f291a978-bf25-41f8-a965-043bc33e6f34","__parent":"trail_012_rocks","position":[-582.680786,-13.9957008,244.218201],"isRenderEnabled":false,"rotationMatrix":[0.785951853,-0.107916251,0.608796954,-0.139559776,0.928274035,0.344717741,-0.602331042,-0.355895102,0.714517951],"shapeName":"/levels/johnson_valley/art/shapes/rocks/s_rocks_desert_low_flat_02.dae","useInstanceRenderData":true}
{"class":"TSStatic","persistentId":"8e0546c0-bab5-4363-bc3e-d65f337d0d3e","__parent":"trail_012_rocks","position":[-585.743408,-9.70510578,243.853622],"isRenderEnabled":false,"rotationMatrix":[-0.703439593,0.679122865,-0.209676519,-0.371797025,-0.603018522,-0.705786824,-0.605754972,-0.418521523,0.676683545],"shapeName":"/levels/johnson_valley/art/shapes/rocks/s_rocks_desert_low_flat_01.dae","useInstanceRenderData":true}
{"class":"TSStatic","persistentId":"1b03fcc1-4cbe-40a2-8f45-133ade24bf65","__parent":"trail_012_rocks","position":[-583.509583,-18.4004402,241.101593],"isRenderEnabled":false,"rotationMatrix":[-0.781154275,0.447035074,-0.435840666,-0.164301038,-0.820669174,-0.547272146,-0.602330983,-0.355895042,0.714518011],"shapeName":"/levels/johnson_valley/art/shapes/rocks/s_rocks_desert_low_flat_02.dae","useInstanceRenderData":true}
{"class":"TSStatic","persistentId":"08af35ec-4b47-467e-b229-05deb79eff86","__parent":"trail_012_rocks","position":[-877.604431,27.6167088,187.732086],"isRenderEnabled":false,"rotationMatrix":[0.685860157,0.561737835,-0.462651551,-0.67131573,0.733806074,-0.104229763,0.280946732,0.38207233,0.880391777],"shapeName":"/levels/johnson_valley/art/shapes/rocks/s_rocks_desert_low_tiny.dae","useInstanceRenderData":true}
{"class":"TSStatic","persistentId":"4c419a68-ef44-47f0-8ca8-4abc47f7f7c1","__parent":"trail_012_rocks","position":[-870.558167,17.5908012,188.636566],"isRenderEnabled":false,"rotationMatrix":[-0.434379101,0.871863961,-0.226203263,-0.854303718,-0.319200993,0.410214186,0.285446644,0.371434808,0.883491039],"shapeName":"/levels/johnson_valley/art/shapes/rocks/s_rocks_desert_low_tiny.dae","useInstanceRenderData":true}
{"class":"TSStatic","persistentId":"b8ca6834-22c3-417f-9925-8af27c4ec790","__parent":"trail_012_rocks","position":[-872.637207,35.0106201,187.501587],"isRenderEnabled":false,"shapeName":"/levels/johnson_valley/art/shapes/rocks/s_rocks_desert_large_04.dae","useInstanceRenderData":true}
{"class":"TSStatic","persistentId":"d08fafdf-9a4f-45ef-854e-eea957cd3a53","__parent":"trail_012_rocks","position":[-873.212402,32.8663712,188.120804],"isRenderEnabled":false,"rotationMatrix":[0.19466567,0.964467585,-0.178627297,-0.710627258,0.264201462,0.652078748,0.67610234,2.98023224e-08,0.736807764],"shapeName":"/levels/johnson_valley/art/shapes/rocks/s_rocks_desert_large_06.dae","useInstanceRenderData":true}
{"class":"TSStatic","persistentId":"6f621a10-75e3-4f0e-b108-b10e5cf0f945","__parent":"trail_012_rocks","position":[-864.964233,18.3317165,187.194656],"isRenderEnabled":false,"rotationMatrix":[0.440333843,0.892631948,-0.0965097696,-0.897248685,0.441377878,-0.0114074759,0.0324145965,0.0916163772,0.995266676],"shapeName":"/levels/johnson_valley/art/shapes/rocks/s_rocks_desert_low_tiny.dae","useInstanceRenderData":true}
{"class":"TSStatic","persistentId":"2e42a2d9-a552-4e43-a0d9-e28b9ca5bf91","__parent":"trail_012_rocks","position":[-862.825745,14.9048567,188.318588],"isRenderEnabled":false,"rotationMatrix":[0.303652048,0.840895355,-0.447984695,-0.943969071,0.32932061,-0.021683678,0.129296839,0.429468036,0.893778205],"shapeName":"/levels/johnson_valley/art/shapes/rocks/s_rocks_desert_low_small.dae","useInstanceRenderData":true}
{"class":"TSStatic","persistentId":"541321d8-b016-4e48-a177-502d047fea53","__parent":"trail_012_rocks","position":[-868.919739,28.3041973,188.094986],"isRenderEnabled":false,"rotationMatrix":[-0.631759167,-0.632605851,-0.447984755,0.715049803,-0.698737264,-0.021683678,-0.299306393,-0.334030271,0.893778205],"shapeName":"/levels/johnson_valley/art/shapes/rocks/s_rocks_desert_low_small.dae","useInstanceRenderData":true}
{"class":"TSStatic","persistentId":"0131dda4-ceb2-4b53-9009-bf5f95d6398f","__parent":"trail_012_rocks","position":[-874.875305,37.3382454,186.696503],"isRenderEnabled":false,"rotationMatrix":[-0.939292192,-0.143060252,-0.311871439,0.109899923,-0.986485958,0.121520594,-0.325041622,0.0798687041,0.942321062],"shapeName":"/levels/johnson_valley/art/shapes/rocks/s_rocks_desert_low_tiny.dae","useInstanceRenderData":true}
{"class":"TSStatic","persistentId":"efe88eb5-ea38-4804-a6b2-86e10775240b","__parent":"trail_012_rocks","position":[-873.11261,48.7981758,185.613312],"isRenderEnabled":false,"rotationMatrix":[-0.358258963,-0.933395445,0.0205815881,0.871506274,-0.326435208,0.365946829,-0.334854543,0.149040699,0.93040812],"shapeName":"/levels/johnson_valley/art/shapes/rocks/s_rocks_desert_huge_sheet_1.dae","useInstanceRenderData":true}
{"class":"TSStatic","persistentId":"dda8c1be-7a81-4e75-b2f6-078be2567875","__parent":"trail_012_rocks","position":[-867.733032,47.0166779,187.919464],"isRenderEnabled":false,"rotationMatrix":[0.805845082,-0.335338563,0.488018155,0.422413319,0.903132498,-0.0769326314,-0.414946556,0.26814115,0.869436383],"shapeName":"/levels/johnson_valley/art/shapes/rocks/s_rocks_desert_huge_sheet_2.dae","useInstanceRenderData":true}
