{"name":"p_desert_rocks_huge_180","class":"Prefab","persistentId":"0157e8bb-abb8-49b2-9b2e-4112e3b63d2b","__parent":"huge_rocks","position":[-502.982971,58.3490143,237.868408],"fileName":"/levels/johnson_valley/art/shapes/rocks/p_desert_rocks_huge_1_45.prefab","rotationMatrix":[0.487940013,-0.504739404,0.71214658,0.754087329,0.654657841,-0.0526826084,-0.439621389,0.562726617,0.700051308]}
{"name":"p_desert_rocks_huge_4_mix14","class":"Prefab","persistentId":"a38951aa-c59b-4f17-b535-3deec63e9ff0","__parent":"huge_rocks","position":[-215.134308,-129.579834,197.30043],"fileName":"/levels/johnson_valley/art/shapes/rocks/p_desert_rocks_huge_4_mix.prefab","rotationMatrix":[0.739246607,0.605772674,-0.294200391,-0.338102102,0.711669981,0.615802526,0.582409978,-0.355760098,0.730912685]}
{"name":"p_desert_rocks_huge_3_ridge10","class":"Prefab","persistentId":"9ac2a98a-238b-4d99-a83e-b90c3db3615f","__parent":"huge_rocks","position":[-482.185303,10.5908937,254.936478],"fileName":"/levels/johnson_valley/art/shapes/rocks/p_desert_rocks_huge_3_ridge.prefab","rotationMatrix":[0.985908866,0.154984206,0.0629568174,-0.106895864,0.873174131,-0.475541979,-0.128673762,0.462111264,0.877437294]}
{"class":"TSStatic","persistentId":"3317c83d-531a-4f97-adbb-dfc902e950fd","__parent":"huge_rocks","position":[-484.085724,20.9859695,248.330994],"isRenderEnabled":false,"rotationMatrix":[-0.0661473274,0.997809827,0,-0.997809827,-0.0661473274,0,0,0,1],"shapeName":"/levels/johnson_valley/art/shapes/rocks/s_rocks_desert_large_02.dae","useInstanceRenderData":true}
{"class":"TSStatic","persistentId":"412d1b7f-182f-44d5-8aab-4d752adb95d2","__parent":"huge_rocks","position":[-484.098145,19.1170864,250.427032],"isRenderEnabled":false,"rotationMatrix":[0.336720645,-0.941604495,0,0.941604495,0.336720645,0,0,0,1],"shapeName":"/levels/johnson_valley/art/shapes/rocks/s_rocks_desert_large_04.dae","useInstanceRenderData":true}
{"name":"p_desert_rocks_huge_4_mix12","class":"Prefab","persistentId":"f346314b-87a6-4016-aa3d-ee377211ca0a","__parent":"huge_rocks","position":[-512.434387,11.4358377,253.450958],"fileName":"/levels/johnson_valley/art/shapes/rocks/p_desert_rocks_huge_4_mix.prefab","rotationMatrix":[0.970488489,0.238143444,0.0379445255,-0.129580945,0.647699594,-0.750795484,-0.2033737,0.723721504,0.659443855]}
{"name":"p_desert_rocks_huge_2_flat48","class":"Prefab","persistentId":"236da93d-3203-4a94-8812-3b9b5ed0be51","__parent":"huge_rocks","position":[-526.129883,-1.83095253,251.826218],"fileName":"/levels/johnson_valley/art/shapes/rocks/p_desert_rocks_huge_2_flat.prefab","rotationMatrix":[0.585260868,-0.12605153,0.800987303,0.272286296,0.96103251,-0.0477147028,-0.763760269,0.246023446,0.596776843],"scale":[1.12607431,1.12607431,1.12607431]}
{"name":"p_desert_rocks_huge_2_flat34","class":"Prefab","persistentId":"5154f4a7-f96b-48d6-9ca7-b26688c285ad","__parent":"huge_rocks","position":[-185.846817,59.6662178,223.070419],"fileName":"/levels/johnson_valley/art/shapes/rocks/p_desert_rocks_huge_2_flat.prefab","rotationMatrix":[0.687731743,0.411770612,-0.597887993,-0.481532305,0.875069976,0.0487768427,0.543278694,0.25435701,0.800094247]}
{"name":"p_desert_rocks_huge_2_flat35","class":"Prefab","persistentId":"b916e499-726d-4b0f-a011-4ce02f6a15ee","__parent":"huge_rocks","position":[-203.618683,109.611221,217.927551],"fileName":"/levels/johnson_valley/art/shapes/rocks/p_desert_rocks_huge_2_flat.prefab","rotationMatrix":[-0.392725468,0.729425132,-0.560094059,-0.882606328,-0.470064878,0.00668612123,-0.258403599,0.496968418,0.828402042]}
{"name":"p_desert_rocks_huge_3_ridge3","class":"Prefab","persistentId":"f94b2775-4587-4588-bb34-5680aab1c6b7","__parent":"huge_rocks","position":[-627.419861,62.4049797,235.208832],"fileName":"/levels/johnson_valley/art/shapes/rocks/p_desert_rocks_huge_3_ridge.prefab","rotationMatrix":[0.0265782475,-0.998571157,0.0463563502,0.577233911,0.053191185,0.814844429,-0.816146016,0.00510144234,0.577823102]}
{"name":"p_desert_rocks_huge_3_ridge4","class":"Prefab","persistentId":"00a92eaa-a58b-442b-b7f8-6a013a230d20","__parent":"huge_rocks","position":[-626.060181,38.5129242,238.71376],"fileName":"/levels/johnson_valley/art/shapes/rocks/p_desert_rocks_huge_3_ridge.prefab","rotationMatrix":[0.0148364305,-0.977001905,0.212712929,0.747993588,0.152019382,0.64606142,-0.663539767,0.149522811,0.733046889]}
{"name":"p_desert_rocks_huge_2_flat36","class":"Prefab","persistentId":"3ee20007-65d2-4700-aee6-6de5a7d3c12e","__parent":"huge_rocks","position":[-657.139038,39.520916,234.136948],"fileName":"/levels/johnson_valley/art/shapes/rocks/p_desert_rocks_huge_2_flat.prefab","rotationMatrix":[0.185722411,0.777685761,-0.600592971,-0.96321106,0.26492101,0.0451810956,0.194246337,0.570106685,0.798277378]}
{"name":"p_desert_rocks_huge_2_flat37","class":"Prefab","persistentId":"66f8c034-e9eb-4355-98f9-cf776c3adb78","__parent":"huge_rocks","position":[-622.725525,16.1915207,239.679337],"fileName":"/levels/johnson_valley/art/shapes/rocks/p_desert_rocks_huge_2_flat.prefab","rotationMatrix":[-0.100351572,-0.723853469,0.682616949,0.994549513,-0.0924962759,0.04812482,0.0283041,0.683725715,0.729190052]}
{"name":"p_desert_rocks_huge_3_ridge5","class":"Prefab","persistentId":"5fbc92d0-06ca-4239-b30d-8b513213e71b","__parent":"huge_rocks","position":[-601.483337,-61.2393303,223.331299],"fileName":"/levels/johnson_valley/art/shapes/rocks/p_desert_rocks_huge_3_ridge.prefab","rotationMatrix":[0.932042301,0.335167885,0.137693986,-0.33528769,0.653641939,0.678479314,0.137401953,-0.678538561,0.721599698]}
{"name":"p_desert_rocks_huge_3_ridge6","class":"Prefab","persistentId":"ded2ad04-2399-4ad1-9da9-8a1068711680","__parent":"huge_rocks","position":[-625.997192,-126.52491,211.705582],"fileName":"/levels/johnson_valley/art/shapes/rocks/p_desert_rocks_huge_3_ridge.prefab","rotationMatrix":[-0.961414456,0.270404011,0.0506335124,-0.26593712,-0.866386652,-0.422671854,-0.0704239607,-0.419828176,0.904867291]}
{"name":"p_desert_rocks_huge_4_mix9","class":"Prefab","persistentId":"bdd08aa8-6994-4a5c-a40f-c669ed547bd7","__parent":"huge_rocks","position":[-684.514465,-213.928406,205.348465],"fileName":"/levels/johnson_valley/art/shapes/rocks/p_desert_rocks_huge_4_mix.prefab","rotationMatrix":[0.708671093,0.704764187,-0.0330560207,-0.468648612,0.505235016,0.724641919,0.527402818,-0.498041034,0.6883322]}
{"name":"p_desert_rocks_huge_2_flat38","class":"Prefab","persistentId":"361576a1-ca76-4ebc-8dea-fdd7df19779d","__parent":"huge_rocks","position":[-671.127869,-207.46402,201.993439],"fileName":"/levels/johnson_valley/art/shapes/rocks/p_desert_rocks_huge_2_flat.prefab","rotationMatrix":[-0.429861188,0.584199905,0.688425481,-0.785539269,-0.617885828,0.0338395387,0.445137441,-0.526238978,0.724517226]}
{"name":"p_desert_rocks_huge_2_flat39","class":"Prefab","persistentId":"8b72d67e-bef2-446b-b692-9d8ba48d0c97","__parent":"huge_rocks","position":[-721.58136,-222.191116,194.198593],"fileName":"/levels/johnson_valley/art/shapes/rocks/p_desert_rocks_huge_2_flat.prefab","rotationMatrix":[0.32582891,0.617335737,0.716053069,-0.879862368,0.475138187,-0.0092663765,-0.345944583,-0.627008915,0.697984338]}
{"name":"p_desert_rocks_huge_2_flat40","class":"Prefab","persistentId":"d1f3bebc-01e8-443f-8b93-a04ac82bac36","__parent":"huge_rocks","position":[-737.379395,-209.269882,195.095062],"fileName":"/levels/johnson_valley/art/shapes/rocks/p_desert_rocks_huge_2_flat.prefab","rotationMatrix":[-0.53345871,-0.50421834,-0.679106712,0.67936039,-0.733720899,0.0111098588,-0.503876448,-0.455431491,0.733955503]}
{"name":"p_desert_rocks_huge_2_flat41","class":"Prefab","persistentId":"c6501b1a-9fa6-4ac3-918c-b732f8054b54","__parent":"huge_rocks","position":[-927.388428,-18.0168839,188.192627],"fileName":"/levels/johnson_valley/art/shapes/rocks/p_desert_rocks_huge_2_flat.prefab","rotationMatrix":[0.515395522,0.516893804,0.683511615,-0.739187896,0.671682894,0.0494291335,-0.433553457,-0.530719161,0.728264093]}
{"name":"p_desert_rocks_huge_3_ridge7","class":"Prefab","persistentId":"219ed6cc-41ee-405e-b6a8-15da8a8b85f6","__parent":"huge_rocks","position":[-977.833191,-823.304688,145.550522],"fileName":"/levels/johnson_valley/art/shapes/rocks/p_desert_rocks_huge_3_ridge.prefab","rotationMatrix":[0.0375358462,0.993253946,-0.109714523,-0.87039113,-0.0214415789,-0.49189347,-0.490927696,0.113958135,0.863714933]}
{"name":"p_desert_rocks_huge_2_flat42","class":"Prefab","persistentId":"d05dba9f-9168-4a68-b3ce-b4f3ac72f632","__parent":"huge_rocks","position":[-914.154663,-849.929382,156.477524],"fileName":"/levels/johnson_valley/art/shapes/rocks/p_desert_rocks_huge_2_flat.prefab","rotationMatrix":[-0.471135855,-0.618228614,-0.629145384,0.794305146,-0.607514858,0.00215744972,-0.383549094,-0.49871707,0.777284622]}
{"name":"p_desert_rocks_huge_2_flat43","class":"Prefab","persistentId":"c301e3ee-64de-411a-b831-667512ebdad5","__parent":"huge_rocks","position":[-905.970947,-874.253479,144.283005],"fileName":"/levels/johnson_valley/art/shapes/rocks/p_desert_rocks_huge_2_flat.prefab","rotationMatrix":[0.355539441,0.670855999,0.650802493,-0.866826892,0.497092962,-0.0388546288,-0.349575162,-0.550318718,0.758252263]}
{"name":"p_desert_rocks_huge_2_flat44","class":"Prefab","persistentId":"55261eee-7cef-4615-923e-dae18437145a","__parent":"huge_rocks","position":[-837.189819,-820.923584,147.8078],"fileName":"/levels/johnson_valley/art/shapes/rocks/p_desert_rocks_huge_2_flat.prefab","rotationMatrix":[0.783327043,-0.234574795,-0.575650334,0.32050252,0.945890725,0.0506837964,0.532613158,-0.224199414,0.816123605]}
{"name":"p_desert_rocks_huge_3_ridge8","class":"Prefab","persistentId":"5c648188-6ade-4a96-840c-cd3632a922d5","__parent":"huge_rocks","position":[-865.437317,-738.280273,147.86261],"fileName":"/levels/johnson_valley/art/shapes/rocks/p_desert_rocks_huge_3_ridge.prefab","rotationMatrix":[0.999269843,-0.000565319788,-0.0382032879,-0.0132527575,0.93268466,-0.360449165,0.035835389,0.360692292,0.931996167]}
{"name":"p_desert_rocks_huge_2_flat45","class":"Prefab","persistentId":"f3f44ae7-9f9a-4924-8290-69f0cd378b18","__parent":"huge_rocks","position":[1122.49561,691.21637,147.026123],"fileName":"/levels/johnson_valley/art/shapes/rocks/p_desert_rocks_huge_2_flat.prefab","rotationMatrix":[0.297900021,0.778408468,0.552571893,-0.931746185,0.362997591,-0.00903633237,-0.20761618,-0.512164831,0.833416224]}
{"name":"p_desert_rocks_huge_4_mix10","class":"Prefab","persistentId":"089558bd-47e4-4f7d-be1b-d9bf1e3984c4","__parent":"huge_rocks","position":[1155.82397,678.870605,149.939957],"fileName":"/levels/johnson_valley/art/shapes/rocks/p_desert_rocks_huge_4_mix.prefab","rotationMatrix":[0.872510195,-0.488532364,-0.00787875056,0.40649277,0.716853261,0.566466987,-0.271089613,-0.497450858,0.824046731]}
{"name":"p_desert_rocks_huge_2_flat46","class":"Prefab","persistentId":"3d1d2f28-835a-47db-b759-dc100a898072","__parent":"huge_rocks","position":[1188.55164,725.387207,149.735321],"fileName":"/levels/johnson_valley/art/shapes/rocks/p_desert_rocks_huge_2_flat.prefab","rotationMatrix":[0.775341749,0.381973982,-0.50293237,-0.426747441,0.903917611,0.028627865,0.465544552,0.192428738,0.863851547]}
{"name":"p_desert_rocks_huge_3_ridge9","class":"Prefab","persistentId":"08beebed-3dd5-44ea-9b33-46d0e0990f90","__parent":"huge_rocks","position":[-163.922318,365.585693,165.47583],"fileName":"/levels/johnson_valley/art/shapes/rocks/p_desert_rocks_huge_3_ridge.prefab","rotationMatrix":[0.933707356,-0.328850508,-0.141590506,0.239669323,0.867862463,-0.435170412,0.265987128,0.372386932,0.889145017]}
{"class":"TSStatic","persistentId":"a3fa4eaa-07eb-42df-ada2-d4c598778e52","__parent":"huge_rocks","position":[-450.539886,193.549362,196.347122],"isRenderEnabled":false,"rotationMatrix":[0.239461005,-0.780743659,0.577145994,0.956042826,0.293226779,0,-0.169234574,0.55177635,0.816640973],"shapeName":"/levels/johnson_valley/art/shapes/rocks/s_rocks_desert_huge_sheet_2.dae","useInstanceRenderData":true}
{"class":"TSStatic","persistentId":"cd02cdb0-f4b6-4403-84c8-5ac566b8be38","__parent":"huge_rocks","position":[-455.641602,189.245163,196.803055],"isRenderEnabled":false,"rotationMatrix":[-0.724385858,0.361627221,-0.586933613,-0.446654737,-0.894706488,1.63912773e-07,-0.525133252,0.262156785,0.809635043],"shapeName":"/levels/johnson_valley/art/shapes/rocks/s_rocks_desert_huge_sheet_2.dae","useInstanceRenderData":true}
{"name":"p_desert_rocks_huge_2_flat47","class":"Prefab","persistentId":"ca8f8bb1-7bd8-4c9c-bcad-f04767537046","__parent":"huge_rocks","position":[-618.604492,232.397781,203.694534],"fileName":"/levels/johnson_valley/art/shapes/rocks/p_desert_rocks_huge_2_flat.prefab","rotationMatrix":[0.510892093,-0.572372854,0.64138788,0.75432533,0.656325936,-0.0151479244,-0.412289202,0.491554201,0.767067134]}
{"name":"p_desert_rocks_huge_4_mix11","class":"Prefab","persistentId":"edfea2e5-a2cc-4002-9eeb-2b3ecda6b36a","__parent":"huge_rocks","position":[-749.15918,206.539078,186.311783],"fileName":"/levels/johnson_valley/art/shapes/rocks/p_desert_rocks_huge_4_mix.prefab","rotationMatrix":[0.600677133,-0.445119172,0.664120317,0.614320755,0.788591266,-0.0270904899,-0.511660933,0.42425555,0.747134686]}
{"name":"p_desert_rocks_huge_2_flat12","class":"Prefab","persistentId":"91557610-1729-4ddc-bf72-5cbcad6705a2","__parent":"huge_rocks","position":[788.495972,-521.390381,181.717789],"fileName":"/levels/johnson_valley/art/shapes/rocks/p_desert_rocks_huge_2_flat.prefab","rotationMatrix":[0.968435228,0.24678503,0.035076499,-0.191041425,0.644450486,0.740396261,0.160113677,-0.723726869,0.671254754]}
{"name":"p_desert_rocks_huge_2_flat11","class":"Prefab","persistentId":"b0f9cf5c-bab2-405f-b46a-178c3b9a95c4","__parent":"huge_rocks","position":[874.675415,-360.404236,153.10817],"fileName":"/levels/johnson_valley/art/shapes/rocks/p_desert_rocks_huge_2_flat.prefab","rotationMatrix":[0.35792768,0.659980893,-0.660539925,-0.904083371,0.421845198,-0.0684087276,0.233497098,0.621668577,0.747667909]}
{"name":"p_desert_rocks_huge_3_ridge","class":"Prefab","persistentId":"147c5d9b-e323-48d6-9b29-e0feddf72472","__parent":"huge_rocks","position":[-404.163757,-224.805847,197.643188],"fileName":"/levels/johnson_valley/art/shapes/rocks/p_desert_rocks_huge_3_ridge.prefab","rotationMatrix":[-0.993585825,0.109733582,0.0273006354,-0.107379794,-0.839923024,-0.531976104,-0.0354452133,-0.531495571,0.846319139]}
{"name":"p_desert_rocks_huge_3_ridge2","class":"Prefab","persistentId":"51cb1fb5-d247-47e7-af94-b284fad068c6","__parent":"huge_rocks","position":[-363.917511,208.832825,204.318222],"fileName":"/levels/johnson_valley/art/shapes/rocks/p_desert_rocks_huge_3_ridge.prefab","rotationMatrix":[0.968366086,0.168338299,-0.184199184,-0.240369201,0.82749486,-0.507419765,0.0670056939,0.535643876,0.841781318]}
{"name":"p_desert_rocks_huge_2_flat13","class":"Prefab","persistentId":"e8afe297-58ad-47a6-91f4-84e44c009abd","__parent":"huge_rocks","position":[-263.292694,265.736938,195.090485],"fileName":"/levels/johnson_valley/art/shapes/rocks/p_desert_rocks_huge_2_flat.prefab","rotationMatrix":[0.601453066,-0.484983206,0.634858489,0.675385237,0.733136117,-0.0797875226,-0.426742077,0.476762623,0.768497586]}
{"name":"p_desert_rocks_huge_2_flat14","class":"Prefab","persistentId":"61a17f7a-c9c2-40dc-8dbb-64c6f16aa365","__parent":"huge_rocks","position":[-257.154053,203.403152,216.899078],"fileName":"/levels/johnson_valley/art/shapes/rocks/p_desert_rocks_huge_2_flat.prefab","rotationMatrix":[0.580603302,-0.527173281,0.620474041,0.707843184,0.703397393,-0.0647306889,-0.402315527,0.476781189,0.781550884]}
{"name":"p_desert_rocks_huge_2_flat15","class":"Prefab","persistentId":"623c48db-12c9-434a-85a4-3f473b27a009","__parent":"huge_rocks","position":[-269.154541,207.004822,208.387787],"fileName":"/levels/johnson_valley/art/shapes/rocks/p_desert_rocks_huge_2_flat.prefab","rotationMatrix":[-0.607364178,0.531292439,-0.590624094,-0.714440107,-0.69040668,0.113638282,-0.347395718,0.490985394,0.798905194]}
{"name":"p_desert_rocks_huge_2_flat16","class":"Prefab","persistentId":"0a3d04a5-be9a-4b2e-8985-0fedc1ebea32","__parent":"huge_rocks","position":[-402.531616,156.913315,224.578476],"fileName":"/levels/johnson_valley/art/shapes/rocks/p_desert_rocks_huge_2_flat.prefab","rotationMatrix":[0.453617811,-0.567023039,0.687543213,0.80431211,0.592733145,-0.0418257415,-0.383813441,0.571972251,0.724937856]}
{"name":"p_desert_rocks_huge_2_flat","class":"Prefab","persistentId":"d5506f4e-f45e-4c27-9fc4-e610471acf38","__parent":"huge_rocks","position":[582.516052,-303.455872,152.175079],"fileName":"/levels/johnson_valley/art/shapes/rocks/p_desert_rocks_huge_2_flat.prefab","rotationMatrix":[0.84403491,0.275709033,0.459988654,-0.32202208,0.946437895,0.0236014873,-0.428843558,-0.168046996,0.887611032]}
{"name":"p_desert_rocks_huge_2_flat2","class":"Prefab","persistentId":"73c42954-d89f-47aa-8573-866d42854622","__parent":"huge_rocks","position":[566.743713,-275.470886,145.687286],"fileName":"/levels/johnson_valley/art/shapes/rocks/p_desert_rocks_huge_2_flat.prefab","rotationMatrix":[0.205457687,-0.978266835,0.0279447585,0.858281255,0.193831444,0.475165725,-0.470255494,-0.0736419559,0.879452467]}
{"name":"p_desert_rocks_huge_2_flat3","class":"Prefab","persistentId":"e2524972-d1cf-4e87-a160-1854592018c1","__parent":"huge_rocks","position":[608.300293,-207.961288,149.940659],"fileName":"/levels/johnson_valley/art/shapes/rocks/p_desert_rocks_huge_2_flat.prefab","rotationMatrix":[0.644910336,-0.60450393,0.467616916,0.698045075,0.715025187,-0.0383666605,-0.311165035,0.351160765,0.883098185]}
{"name":"p_desert_rocks_huge_2_flat4","class":"Prefab","persistentId":"13c53965-a7dd-4e42-9fff-f06413b720a2","__parent":"huge_rocks","position":[687.025513,-179.434952,157.441208],"fileName":"/levels/johnson_valley/art/shapes/rocks/p_desert_rocks_huge_2_flat.prefab","rotationMatrix":[0.516456842,-0.676516354,0.524974167,0.782489121,0.621862888,0.0315797776,-0.347826183,0.39447701,0.850532055]}
{"name":"p_desert_rocks_huge_2_flat5","class":"Prefab","persistentId":"c6217b8e-c4ac-4dbe-a733-c2b454cf1d17","__parent":"huge_rocks","position":[781.093323,-278.907104,170.979782],"fileName":"/levels/johnson_valley/art/shapes/rocks/p_desert_rocks_huge_2_flat.prefab","rotationMatrix":[-0.313736796,-0.426508844,0.848327577,0.803156316,-0.595763326,-0.00249746442,0.506467521,0.680556059,0.529465914]}
{"name":"p_desert_rocks_huge_2_flat1","class":"Prefab","persistentId":"04b6fc23-8e4d-4e68-a6ea-801e2a9196b3","__parent":"huge_rocks","position":[793.767761,-280.264191,161.62825],"fileName":"/levels/johnson_valley/art/shapes/rocks/p_desert_rocks_huge_2_flat.prefab","rotationMatrix":[-0.351694942,-0.470088005,0.809523463,0.777671814,-0.628095984,-0.026876539,0.521092653,0.620091081,0.586472094]}
{"name":"p_desert_rocks_huge_2_flat6","class":"Prefab","persistentId":"6a67aa08-8f06-48e1-905d-c4be0cd4541a","__parent":"huge_rocks","position":[766.57312,-265.062897,170.505157],"fileName":"/levels/johnson_valley/art/shapes/rocks/p_desert_rocks_huge_2_flat.prefab","rotationMatrix":[0.421281219,0.461938798,-0.780470729,-0.738576472,0.6741696,0.000354558229,0.526333451,0.576287985,0.625192106]}
{"name":"p_desert_rocks_huge_2_flat7","class":"Prefab","persistentId":"7d6d8624-b49c-4391-896a-9954ea2ab204","__parent":"huge_rocks","position":[845.935608,-346.950806,155.616287],"fileName":"/levels/johnson_valley/art/shapes/rocks/p_desert_rocks_huge_2_flat.prefab","rotationMatrix":[0.534925163,0.56867981,-0.624866545,-0.735793829,0.677066863,-0.0136995167,0.415285766,0.467101276,0.780611336]}
{"name":"p_desert_rocks_huge_2_flat8","class":"Prefab","persistentId":"9a3915ea-e20d-4cb4-a5a1-7d01df07f1d3","__parent":"huge_rocks","position":[906.611877,-366.746796,143.157547],"fileName":"/levels/johnson_valley/art/shapes/rocks/p_desert_rocks_huge_2_flat.prefab","rotationMatrix":[-0.313808203,-0.644877732,0.696890771,0.881984055,-0.469779491,-0.0375617146,0.351607859,0.602859437,0.716192961]}
{"name":"p_desert_rocks_huge_2_flat9","class":"Prefab","persistentId":"88cb5a53-59ed-47cf-9035-de40015bed2b","__parent":"huge_rocks","position":[565.060852,-241.561218,148.915756],"fileName":"/levels/johnson_valley/art/shapes/rocks/p_desert_rocks_huge_2_flat.prefab","rotationMatrix":[0.901900291,0.124936134,0.413481295,-0.140004963,0.990131319,0.00620909221,-0.408625066,-0.0634894222,0.910491467]}
{"name":"p_desert_rocks_huge_2_flat10","class":"Prefab","persistentId":"96228f89-2512-4ca1-a0d8-a64211bc2641","__parent":"huge_rocks","position":[-288.735321,34.0654984,241.992798],"fileName":"/levels/johnson_valley/art/shapes/rocks/p_desert_rocks_huge_2_flat.prefab","rotationMatrix":[0.152286708,-0.986914039,0.0530020893,0.748757482,0.0802013278,-0.657974005,0.645113111,0.13988629,0.751173019]}
{"class":"TSStatic","persistentId":"f040588a-44dc-4d02-8509-cc4a2ce97e06","__parent":"huge_rocks","position":[197.359055,139.540024,146.9897],"isRenderEnabled":false,"rotationMatrix":[0.96845901,-0.00379204191,-0.249143958,-0.0230418891,0.994236887,-0.104699753,0.248105139,0.107138164,0.96279037],"shapeName":"/levels/johnson_valley/art/shapes/rocks/s_rocks_desert_low_flat_01.dae","useInstanceRenderData":true}
{"class":"TSStatic","persistentId":"c246d5fd-2d75-4399-ac5d-24b7e5147168","__parent":"huge_rocks","position":[196.476929,143.526184,146.79718],"isRenderEnabled":false,"rotationMatrix":[0.976004243,0.00687326677,-0.217642903,-0.0276136715,0.995339155,-0.092398271,0.215993434,0.0961910188,0.971645057],"shapeName":"/levels/johnson_valley/art/shapes/rocks/s_rocks_desert_low_flat_02.dae","useInstanceRenderData":true}
{"name":"p_desert_rocks_huge_173","class":"Prefab","persistentId":"965d507c-a1c3-4b84-9474-5e3110e6af1a","__parent":"huge_rocks","position":[-319.680908,49.4092712,243.263992],"fileName":"/levels/johnson_valley/art/shapes/rocks/p_desert_rocks_huge_1_45.prefab","rotationMatrix":[-0.52639699,0.477291286,-0.70363307,-0.701001465,-0.711951852,0.0414940864,-0.481148005,0.515090168,0.709350944]}
{"name":"p_desert_rocks_huge_174","class":"Prefab","persistentId":"463ab424-e903-4247-bee9-5abbde164b3f","__parent":"huge_rocks","position":[-302.408386,7.11426544,246.944046],"fileName":"/levels/johnson_valley/art/shapes/rocks/p_desert_rocks_huge_1_45.prefab","rotationMatrix":[0.637344003,-0.304046273,-0.708059669,0.433616221,0.901091337,0.00337429345,0.637000442,-0.309176743,0.706144571]}
{"class":"TSStatic","persistentId":"1cb62b47-53a4-46c6-ae89-3fc8ab544fdb","__parent":"huge_rocks","position":[-289.297546,24.3724747,242.941208],"isRenderEnabled":false,"rotationMatrix":[0.674594045,0,-0.738188863,0,1,0,0.738188863,0,0.674594045],"shapeName":"/levels/johnson_valley/art/shapes/rocks/s_rocks_desert_huge_sheet_2.dae","useInstanceRenderData":true}
{"class":"TSStatic","persistentId":"de49e932-c791-4255-96e4-c9b75117ce14","__parent":"huge_rocks","position":[-303.521118,-174.720612,229.029678],"isRenderEnabled":false,"rotationMatrix":[-0.0489413738,0.705410957,0.707106769,-0.997601748,-0.0692136288,-2.98023224e-08,0.0489414334,-0.705411077,0.707106769],"shapeName":"/levels/johnson_valley/art/shapes/rocks/s_rocks_desert_huge_sheet_2.dae","useInstanceRenderData":true}
{"class":"TSStatic","persistentId":"da68255e-0e49-4f35-adff-a01c6cec01f3","__parent":"huge_rocks","position":[-296.57428,-170.782623,233.53685],"isRenderEnabled":false,"rotationMatrix":[-0.187205195,-0.677644312,-0.711162865,0.943282068,-0.326076031,0.0623995364,-0.27417779,-0.659145594,0.700252652],"shapeName":"/levels/johnson_valley/art/shapes/rocks/s_rocks_desert_huge_sheet_2.dae","useInstanceRenderData":true}
{"class":"TSStatic","persistentId":"be118e4b-a1d6-4d4e-ad6f-1699f94af512","__parent":"huge_rocks","position":[-266.127472,-178.197617,232.664658],"isRenderEnabled":false,"rotationMatrix":[0.63398844,-0.492364526,-0.5963521,0.613367915,0.789797306,0,0.470997244,-0.365783274,0.802722931],"shapeName":"/levels/johnson_valley/art/shapes/rocks/s_rocks_desert_huge_sheet_2.dae","useInstanceRenderData":true}
{"class":"TSStatic","persistentId":"d7095334-5c3d-421f-a551-f93ee8b050e7","__parent":"huge_rocks","position":[-474.180603,-132.356323,236.650482],"isRenderEnabled":false,"rotationMatrix":[-0.367187023,-0.920869172,-0.13104631,0.924725354,-0.346216321,-0.158166945,0.100280687,-0.179258764,0.97867769],"shapeName":"/levels/johnson_valley/art/shapes/rocks/s_rocks_desert_huge_sheet_1.dae","useInstanceRenderData":true}
{"class":"TSStatic","persistentId":"2068c458-558d-4798-b9e0-d9b5a08a36d7","__parent":"huge_rocks","position":[-474.281525,-124.526398,238.291794],"isRenderEnabled":false,"rotationMatrix":[-0.093282938,-0.99549371,-0.0170408934,0.993471682,-0.0941951275,0.0643518865,-0.0656670779,-0.0109267049,0.997781754],"shapeName":"/levels/johnson_valley/art/shapes/rocks/s_rocks_desert_huge_sheet_3.dae","useInstanceRenderData":true}
{"class":"TSStatic","persistentId":"643b1311-8d79-4293-8422-f521e5736da6","__parent":"huge_rocks","position":[-473.266907,-140.311554,235.016327],"isRenderEnabled":false,"rotationMatrix":[0.998075545,0.00834206026,-0.0614464208,0.00268437504,0.984168589,0.177214563,0.0619519725,-0.177038461,0.982252181],"shapeName":"/levels/johnson_valley/art/shapes/rocks/s_rocks_desert_huge_sheet_1.dae","useInstanceRenderData":true}
{"class":"TSStatic","persistentId":"0b994ae9-c404-452e-826d-a5128a1d1927","__parent":"huge_rocks","position":[-492.152588,-145.46846,229.703629],"isRenderEnabled":false,"rotationMatrix":[0.756773889,0.653676689,0,-0.653676689,0.756773889,0,0,0,1],"shapeName":"/levels/johnson_valley/art/shapes/rocks/s_rocks_desert_huge_sheet_1.dae","useInstanceRenderData":true}
{"class":"TSStatic","persistentId":"b628da2a-e4db-4a47-bf67-03e67339fc02","__parent":"huge_rocks","position":[-486.514099,-146.033539,230.430832],"isRenderEnabled":false,"rotationMatrix":[0.978446186,-0.0669056922,0.195362911,-3.7252903e-09,0.946058631,0.323995501,-0.206501916,-0.317012161,0.925667465],"shapeName":"/levels/johnson_valley/art/shapes/rocks/s_rocks_desert_huge_sheet_1.dae","useInstanceRenderData":true}
{"class":"TSStatic","persistentId":"a9539f0b-e258-4367-a94a-ce2a7ccaefa1","__parent":"huge_rocks","position":[-237.443085,383.842651,151.158875],"isRenderEnabled":false,"rotationMatrix":[0.981826663,0.0675689429,0.177343965,-0.0215077344,0.968067408,-0.24976562,-0.188557327,0.241412267,0.951927662],"shapeName":"/levels/johnson_valley/art/shapes/rocks/s_rocks_desert_collection_03.dae","useInstanceRenderData":true}
{"class":"TSStatic","persistentId":"d893e09a-45bc-4057-a60d-215a7b206660","__parent":"huge_rocks","position":[-243.219452,382.118713,150.452362],"isRenderEnabled":false,"rotationMatrix":[0.994512856,0.0296936892,0.100311883,0.00970339123,0.928555548,-0.37106657,-0.10416349,0.370003819,0.923172295],"shapeName":"/levels/johnson_valley/art/shapes/rocks/s_rocks_desert_collection_02.dae","useInstanceRenderData":true}
{"class":"TSStatic","persistentId":"904b954f-97b8-482e-8fb8-72a6703d153d","__parent":"huge_rocks","position":[-240.135849,378.835785,152.535568],"isRenderEnabled":false,"rotationMatrix":[0.98014909,0.0681295618,0.186188281,0.0189027991,0.902712762,-0.429828227,-0.197358549,0.424815238,0.883505285],"shapeName":"/levels/johnson_valley/art/shapes/rocks/s_rocks_desert_collection_01.dae","useInstanceRenderData":true}
{"name":"p_desert_rocks_huge_162","class":"Prefab","persistentId":"7e57e48f-429b-4d49-be2b-0920589e8419","__parent":"huge_rocks","position":[825.988953,-487.581268,192.726379],"fileName":"/levels/johnson_valley/art/shapes/rocks/p_desert_rocks_huge_1_45.prefab","rotationMatrix":[0.709779382,-0.412921757,-0.57070899,0.536745489,0.841710806,0.0585415512,0.456198812,-0.347877085,0.819062948]}
{"name":"p_desert_rocks_huge_1","class":"Prefab","persistentId":"5156d49e-8dd0-493f-854c-d551fb901012","__parent":"huge_rocks","position":[851.906555,-473.302277,180.648193],"fileName":"/levels/johnson_valley/art/shapes/rocks/p_desert_rocks_huge_1_45.prefab","rotationMatrix":[0.70828706,-0.233231962,-0.666282356,0.380311191,0.921233118,0.0818098709,0.594720662,-0.311339557,0.741198301]}
{"name":"p_desert_rocks_huge_163","class":"Prefab","persistentId":"e9d21aff-c6c5-4942-8051-d9d1742cd7a6","__parent":"huge_rocks","position":[845.274963,-547.056274,158.97699],"fileName":"/levels/johnson_valley/art/shapes/rocks/p_desert_rocks_huge_1_45.prefab","rotationMatrix":[-0.295887828,0.579530299,0.759338379,-0.866994083,-0.496613741,0.041180104,0.400963068,-0.646157265,0.649391532]}
{"name":"p_desert_rocks_huge_164","class":"Prefab","persistentId":"efc6cf0b-2143-41c6-9ec7-ff1d1dfd8f1b","__parent":"huge_rocks","position":[740.36499,-512.347656,188.699539],"fileName":"/levels/johnson_valley/art/shapes/rocks/p_desert_rocks_huge_1_45.prefab","rotationMatrix":[-0.171197772,-0.725381315,-0.666718304,0.96514982,-0.25942409,0.0344222188,-0.19793202,-0.637590051,0.744514465]}
{"name":"p_desert_rocks_huge_165","class":"Prefab","persistentId":"84852937-e38f-4180-a949-dd8f5a0b3ef1","__parent":"huge_rocks","position":[786.358215,-508.11615,194.622101],"fileName":"/levels/johnson_valley/art/shapes/rocks/p_desert_rocks_huge_1_45.prefab","rotationMatrix":[0.226825953,-0.717242658,-0.658872247,0.953457177,0.301528037,-2.98023224e-08,0.198668376,-0.628206611,0.752254784]}
{"name":"p_desert_rocks_huge_166","class":"Prefab","persistentId":"227ab298-40ba-4593-87bf-2643ddfd5243","__parent":"huge_rocks","position":[704.777161,-443.244324,209.539734],"fileName":"/levels/johnson_valley/art/shapes/rocks/p_desert_rocks_huge_1_45.prefab","rotationMatrix":[0.617669225,-0.322378993,0.717325926,0.462697744,0.886516094,1.49011612e-08,-0.635921001,0.331905067,0.696737766]}
{"name":"p_desert_rocks_huge_167","class":"Prefab","persistentId":"dfd7c16a-c38d-4b7d-9510-c6b8dbbb54b1","__parent":"huge_rocks","position":[739.563782,-480.333252,210.736847],"fileName":"/levels/johnson_valley/art/shapes/rocks/p_desert_rocks_huge_1_45.prefab","rotationMatrix":[-0.369538903,-0.78474009,-0.49761793,0.923919797,-0.367394567,-0.106738552,-0.0990602076,-0.499203146,0.860803843]}
{"name":"p_desert_rocks_huge_168","class":"Prefab","persistentId":"ac61a9b0-8f19-4b8f-8adf-3fffa4e81e84","__parent":"huge_rocks","position":[763.742004,-424.989807,215.02919],"fileName":"/levels/johnson_valley/art/shapes/rocks/p_desert_rocks_huge_1_45.prefab","rotationMatrix":[0.768822312,-0.13022016,-0.626062989,0.205557719,0.977410972,0.0491304286,0.605523109,-0.166464671,0.778223157]}
{"name":"p_desert_rocks_huge_169","class":"Prefab","persistentId":"3b50778a-5e9f-4ac2-8fe6-036d924d7fca","__parent":"huge_rocks","position":[862.98291,-367.346252,163.008057],"fileName":"/levels/johnson_valley/art/shapes/rocks/p_desert_rocks_huge_1_45.prefab","rotationMatrix":[-0.359981418,-0.583520293,0.72795403,0.878426433,-0.474843502,0.0537621379,0.314293027,0.658807516,0.683514833]}
{"name":"p_desert_rocks_huge_2","class":"Prefab","persistentId":"be0d478f-8ebc-4875-8d88-cf8eb5dd0ad7","__parent":"huge_rocks","position":[841.375061,-358.714661,167.047165],"fileName":"/levels/johnson_valley/art/shapes/rocks/p_desert_rocks_huge_1_45.prefab","rotationMatrix":[0.453034341,0.559950113,-0.693697095,-0.78489387,0.619503379,-0.0125311613,0.422730833,0.550155699,0.720157802]}
{"name":"p_desert_rocks_huge_3","class":"Prefab","persistentId":"5960bbf9-e70e-42c4-ba73-019ec4917db3","__parent":"huge_rocks","position":[905.201111,-385.90448,156.70607],"fileName":"/levels/johnson_valley/art/shapes/rocks/p_desert_rocks_huge_1_45.prefab","rotationMatrix":[-0.366335869,-0.678504765,0.636733532,0.884591758,-0.466208339,0.0121450424,0.288609922,0.567698359,0.770988345],"scale":[1.34687507,1.34687507,1.34687507]}
{"name":"p_desert_rocks_huge_1_45","class":"Prefab","persistentId":"152ec7f5-dc0f-4ca2-81e4-9f5a58f1857d","__parent":"huge_rocks","position":[-142.776886,276.179352,173.314468],"fileName":"/levels/johnson_valley/art/shapes/rocks/p_desert_rocks_huge_1_45.prefab","rotationMatrix":[0.762117386,0.460591137,-0.455008596,-0.5172351,0.855843306,1.49011612e-08,0.389416069,0.235346437,0.890487015]}
{"name":"p_desert_rocks_huge_170","class":"Prefab","persistentId":"800e958e-5513-4a61-89b8-69260d7d189f","__parent":"huge_rocks","position":[772.301086,-363.347046,204.933105],"fileName":"/levels/johnson_valley/art/shapes/rocks/p_desert_rocks_huge_1_45.prefab","rotationMatrix":[0.731425941,0.447618872,-0.514444709,-0.496510178,0.866692543,0.0481831282,0.467433095,0.220184669,0.856168747]}
{"name":"p_desert_rocks_huge_171","class":"Prefab","persistentId":"ab5790d9-e954-4ea2-859d-66fa2e5f9535","__parent":"huge_rocks","position":[985.522949,-408.965973,147.571075],"fileName":"/levels/johnson_valley/art/shapes/rocks/p_desert_rocks_huge_1_45.prefab","rotationMatrix":[0.616671741,0.642169476,-0.4553397,-0.721281171,0.692642331,0,0.315387517,0.32842803,0.890317738]}
{"name":"p_desert_rocks_huge_172","class":"Prefab","persistentId":"2d13c3f7-60ef-4345-934e-ebd133a9f1b7","__parent":"huge_rocks","position":[955.991028,-545.455444,147.329697],"fileName":"/levels/johnson_valley/art/shapes/rocks/p_desert_rocks_huge_1_45.prefab","rotationMatrix":[-0.375695467,0.728886127,0.572343946,-0.850679278,-0.516265035,0.0990698934,0.367691934,-0.449661016,0.814007103]}
{"class":"TSStatic","persistentId":"3b3ce587-6c8a-4fcb-84bc-a2ade556e293","__parent":"huge_rocks","position":[921.596313,-549.276917,153.136368],"isRenderEnabled":false,"rotationMatrix":[0.244092405,0.800902665,0.546784759,-0.953980029,0.299589872,-0.0129540265,-0.174186066,-0.518459797,0.837172985],"shapeName":"/levels/johnson_valley/art/shapes/rocks/s_rocks_desert_huge_sheet_2.dae","useInstanceRenderData":true}
{"class":"TSStatic","persistentId":"214a6f07-1760-4803-a947-ee74c884ca2e","__parent":"huge_rocks","position":[873.633789,-529.352295,164.782761],"isRenderEnabled":false,"rotationMatrix":[0.400795758,-0.685626566,-0.607683122,0.848807752,0.527518272,-0.0353506207,0.344801188,-0.501637876,0.79339242],"shapeName":"/levels/johnson_valley/art/shapes/rocks/s_rocks_desert_huge_sheet_2.dae","useInstanceRenderData":true}
{"name":"p_desert_rocks_huge_4_mix2","class":"Prefab","persistentId":"ab1c687c-31f4-48a1-abdc-902d14c11f49","__parent":"huge_rocks","position":[-507.531677,198.531189,203.02356],"fileName":"/levels/johnson_valley/art/shapes/rocks/p_desert_rocks_huge_4_mix.prefab","rotationMatrix":[0.984243989,-0.170172468,-0.0480115674,0.120496348,0.844260931,-0.522210717,0.129400194,0.508197546,0.851463914]}
{"name":"p_desert_rocks_huge_4_mix3","class":"Prefab","persistentId":"741f132a-6556-4103-8062-52354d5d9b8b","__parent":"huge_rocks","position":[-549.529053,146.713577,223.586411],"fileName":"/levels/johnson_valley/art/shapes/rocks/p_desert_rocks_huge_4_mix.prefab","rotationMatrix":[-0.775624633,-0.63118279,-0.00377550721,0.476307154,-0.589210749,0.652657449,-0.414170772,0.504419029,0.7576437]}
{"name":"p_desert_rocks_huge_4_mix4","class":"Prefab","persistentId":"df8908e3-f15d-43d0-a5ba-6b2ced81dd98","__parent":"huge_rocks","position":[-595.608276,29.7904053,254.191055],"fileName":"/levels/johnson_valley/art/shapes/rocks/p_desert_rocks_huge_4_mix.prefab","rotationMatrix":[0.374556422,0.636309683,0.674401462,-0.823085487,0.563059568,-0.0741224736,-0.426893026,-0.527327061,0.734634876]}
{"name":"p_desert_rocks_huge_2_flat17","class":"Prefab","persistentId":"f50638a1-5593-4e72-a286-fd65b2104829","__parent":"huge_rocks","position":[-592.072815,18.4093552,248.035721],"fileName":"/levels/johnson_valley/art/shapes/rocks/p_desert_rocks_huge_2_flat.prefab","rotationMatrix":[0.502745628,0.381803125,0.775546908,-0.574080884,0.818224072,-0.0306672156,-0.646279931,-0.429808915,0.630544543]}
{"name":"p_desert_rocks_huge_2_flat18","class":"Prefab","persistentId":"1cc5abf6-94a9-46a2-af8b-3b79bec38b64","__parent":"huge_rocks","position":[-605.996521,26.9658756,244.57222],"fileName":"/levels/johnson_valley/art/shapes/rocks/p_desert_rocks_huge_2_flat.prefab","rotationMatrix":[-0.43290472,-0.516523361,-0.738780677,0.782966852,-0.621592045,-0.0242064595,-0.446717083,-0.588919938,0.673511028]}
{"name":"p_desert_rocks_huge_2_flat19","class":"Prefab","persistentId":"32cdb652-6c54-484e-98d9-c87c36e499d2","__parent":"huge_rocks","position":[-599.422729,3.39225626,245.072006],"fileName":"/levels/johnson_valley/art/shapes/rocks/p_desert_rocks_huge_2_flat.prefab","rotationMatrix":[0.635724306,0.381668627,-0.670957148,-0.525493741,0.850682318,-0.0139954537,0.565429747,0.36148113,0.741364002]}
{"name":"p_desert_rocks_huge_4_mix5","class":"Prefab","persistentId":"7709748d-73d8-44c8-90e5-961d51f9ae5c","__parent":"huge_rocks","position":[-539.836609,-20.6842937,242.796585],"fileName":"/levels/johnson_valley/art/shapes/rocks/p_desert_rocks_huge_4_mix.prefab","rotationMatrix":[0.6552369,0.0860247165,0.750509322,-0.120208517,0.992709339,-0.00883732364,-0.745797813,-0.0844270885,0.660800695]}
{"name":"p_desert_rocks_huge_2_flat20","class":"Prefab","persistentId":"f263a69d-3946-480a-95a7-e0e3430a63a2","__parent":"huge_rocks","position":[-500.151093,-84.6518097,236.098511],"fileName":"/levels/johnson_valley/art/shapes/rocks/p_desert_rocks_huge_2_flat.prefab","rotationMatrix":[0.452155828,0.547077298,0.704458296,-0.733211279,0.677715898,-0.0556984246,-0.50789398,-0.491332442,0.707556486]}
{"name":"p_desert_rocks_huge_2_flat21","class":"Prefab","persistentId":"1187022c-d9de-417d-8818-afb8984e85c5","__parent":"huge_rocks","position":[-505.360748,-93.1451645,227.763565],"fileName":"/levels/johnson_valley/art/shapes/rocks/p_desert_rocks_huge_2_flat.prefab","rotationMatrix":[-0.616301298,-0.551995456,-0.561670065,0.713649452,-0.693042994,-0.10195753,-0.332981557,-0.463672191,0.821054995]}
{"name":"p_desert_rocks_huge_2_flat22","class":"Prefab","persistentId":"7e7c5043-6301-4dfd-a01f-900d774dc421","__parent":"huge_rocks","position":[-396.431549,-91.4663773,249.304108],"fileName":"/levels/johnson_valley/art/shapes/rocks/p_desert_rocks_huge_2_flat.prefab","rotationMatrix":[0.38440156,-0.504276097,-0.773266435,0.805575311,0.592323422,0.0141864121,0.450869918,-0.628377676,0.633922517]}
{"name":"p_desert_rocks_huge_4_mix6","class":"Prefab","persistentId":"f2512939-f0f6-42e1-8bf9-184c445fa47d","__parent":"huge_rocks","position":[-380.209473,-83.9025345,246.748825],"fileName":"/levels/johnson_valley/art/shapes/rocks/p_desert_rocks_huge_4_mix.prefab","rotationMatrix":[0.892788351,0.44924131,-0.0333346575,-0.265785307,0.585055649,0.766203582,0.363712966,-0.67519778,0.641732574]}
{"name":"p_desert_rocks_huge_149","class":"Prefab","persistentId":"65d4098b-f4cb-4a03-9a18-bb1faafda95a","__parent":"huge_rocks","position":[-354.180389,-82.9505234,246.927734],"fileName":"/levels/johnson_valley/art/shapes/rocks/p_desert_rocks_huge_1_45.prefab","rotationMatrix":[0.320692778,0.52771318,0.786558867,-0.871495605,0.489670634,0.0267960131,-0.371014118,-0.694075942,0.616933584]}
{"name":"p_desert_rocks_huge_2_flat23","class":"Prefab","persistentId":"640cc1c3-97c4-435c-92d9-d0eb94adfd03","__parent":"huge_rocks","position":[-338.050476,-94.9264679,246.867966],"fileName":"/levels/johnson_valley/art/shapes/rocks/p_desert_rocks_huge_2_flat.prefab","rotationMatrix":[0.469237685,0.586241066,0.660406828,-0.785131633,0.619275451,0.00812926888,-0.404208034,-0.522320986,0.75086391]}
{"name":"p_desert_rocks_huge_2_flat24","class":"Prefab","persistentId":"772bad54-392d-4e61-8d70-070a931c6316","__parent":"huge_rocks","position":[-353.706146,-96.5078201,234.77121],"fileName":"/levels/johnson_valley/art/shapes/rocks/p_desert_rocks_huge_2_flat.prefab","rotationMatrix":[-0.434589028,-0.591985762,-0.678738117,0.775654972,-0.629013777,0.0519730002,-0.457702875,-0.503879666,0.732539058]}
