{"name":"PointLight_Acc2","class":"PointLight","persistentId":"03e2820c-e932-4355-a8cb-17c1f2f0a916","__parent":"auto_repair_lights","position":[745.775391,-114.898735,147.606995],"color":[0.99000001,0.99000001,0.899999976,0.699999988],"isEnabled":false,"radius":15,"rotationMatrix":[0.984519482,0.175275192,-0.000121033525,-0.175275251,0.984519243,-0.000679844059,0,0.000690533896,0.999999762],"shadowDarkenColor":[0,0,0,0]}
{"name":"PointLight_Gas","class":"PointLight","persistentId":"25c999db-aed0-41fa-a27c-4c092130c581","__parent":"auto_repair_lights","position":[810.484253,-154.536697,147.437012],"color":[0.99000001,0.899999976,0.699999988,1],"isEnabled":false,"overDarkFactor":[20,20,20,10],"radius":20,"rotationMatrix":[0.970050573,0.242903367,-0.000167733087,-0.242903471,0.970050335,-0.000669852656,0,0.000690533896,0.999999762],"shadowDarkenColor":[0,0,0,0],"shadowSoftness":1}
{"name":"PointLight_Gas1","class":"PointLight","persistentId":"2cd0df76-7b61-4394-b717-2b0daab3cd32","__parent":"auto_repair_lights","position":[797.011658,-152.175613,147.435364],"color":[0.99000001,0.899999976,0.699999988,1],"isEnabled":false,"radius":20,"rotationMatrix":[0.970050573,0.242903367,-0.000167733087,-0.242903471,0.970050335,-0.000669852656,0,0.000690533896,0.999999762],"shadowDarkenColor":[0,0,0,0]}
{"name":"PointLight_GarageFront1","class":"PointLight","persistentId":"2e9d860d-e7e2-431d-9c55-ec684dfbea89","__parent":"auto_repair_lights","position":[807.904419,-173.327408,147.449951],"color":[0.99000001,0.99000001,0.899999976,0.699999988],"isEnabled":false,"radius":15,"rotationMatrix":[0.984519482,0.175275192,-0.000121033525,-0.175275251,0.984519243,-0.000679844059,0,0.000690533896,0.999999762],"shadowDarkenColor":[0,0,0,0]}
{"name":"PointLight_Acc1","class":"PointLight","persistentId":"34c88374-f55c-4837-9777-154158f4df36","__parent":"auto_repair_lights","position":[749.805725,-141.643982,147.606995],"color":[0.99000001,0.99000001,0.899999976,0.699999988],"isEnabled":false,"radius":15,"rotationMatrix":[0.984519482,0.175275192,-0.000121033525,-0.175275251,0.984519243,-0.000679844059,0,0.000690533896,0.999999762],"shadowDarkenColor":[0,0,0,0]}
{"name":"PointLight_Gas3","class":"PointLight","persistentId":"4797b10a-bde3-4757-932a-b332c2c2e3a0","__parent":"auto_repair_lights","position":[822.968323,-133.991943,149.545822],"color":[0.996078014,0.658824027,0.670588017,1],"isEnabled":false,"radius":5.5,"rotationMatrix":[0.970050573,0.242903367,-0.000167733087,-0.242903471,0.970050335,-0.000669852656,0,0.000690533896,0.999999762],"shadowDarkenColor":[0,0,0,0]}
{"name":"PointLight_GarageFront","class":"PointLight","persistentId":"5564a2ad-6b63-4b1d-b25a-a5acaad4e45c","__parent":"auto_repair_lights","position":[812.560242,-214.816193,147.478607],"color":[0.99000001,0.99000001,0.899999976,0.699999988],"isEnabled":false,"radius":15,"rotationMatrix":[0.984519482,0.175275192,-0.000121033525,-0.175275251,0.984519243,-0.000679844059,0,0.000690533896,0.999999762],"shadowDarkenColor":[0,0,0,0]}
{"name":"PointLight_Acc","class":"PointLight","persistentId":"57d74150-64e3-45db-b363-049da3b974f4","__parent":"auto_repair_lights","position":[762.487061,-123.273079,147.606995],"color":[0.99000001,0.99000001,0.899999976,0.699999988],"isEnabled":false,"radius":25,"rotationMatrix":[0.984519482,0.175275192,-0.000121033525,-0.175275251,0.984519243,-0.000679844059,0,0.000690533896,0.999999762],"shadowDarkenColor":[0,0,0,0]}
{"name":"PointLight_Billboard","class":"PointLight","persistentId":"85c48f48-4e3c-4b98-8630-f58b7b94ee67","__parent":"auto_repair_lights","position":[809.510376,-194.509811,151.109894],"color":[0.99000001,0.899999976,0.699999988,1],"isEnabled":false,"radius":15,"rotationMatrix":[0.984519482,0.175275192,-0.000121033525,-0.175275251,0.984519243,-0.000679844059,0,0.000690533896,0.999999762]}
{"name":"PointLight_GarageFront3","class":"PointLight","persistentId":"ac308af2-7e9a-4684-8e6c-1974c1d2c756","__parent":"auto_repair_lights","position":[798.772156,-196.139709,148.698776],"color":[0.99000001,0.99000001,0.899999976,0.699999988],"isEnabled":false,"radius":20,"rotationMatrix":[0.984519482,0.175275192,-0.000121033525,-0.175275251,0.984519243,-0.000679844059,0,0.000690533896,0.999999762],"shadowDarkenColor":[0,0,0,0]}
{"name":"PointLight_GarageFront2","class":"PointLight","persistentId":"d6e4d897-6651-486c-9834-90e6db040c9e","__parent":"auto_repair_lights","position":[795.490601,-177.707489,148.686066],"color":[0.99000001,0.99000001,0.899999976,0.699999988],"isEnabled":false,"radius":20,"rotationMatrix":[0.984519482,0.175275192,-0.000121033525,-0.175275251,0.984519243,-0.000679844059,0,0.000690533896,0.999999762],"shadowDarkenColor":[0,0,0,0]}
{"name":"PointLight_Gas2","class":"PointLight","persistentId":"e9abe6a2-0cb6-4438-a77e-24dba76f1c60","__parent":"auto_repair_lights","position":[823.57489,-136.414246,149.547501],"color":[0.996078014,0.658824027,0.670588017,1],"isEnabled":false,"radius":5.5,"rotationMatrix":[0.970050573,0.242903367,-0.000167733087,-0.242903471,0.970050335,-0.000669852656,0,0.000690533896,0.999999762],"shadowDarkenColor":[0,0,0,0]}
{"name":"SpotLight_GarageInt8","class":"SpotLight","persistentId":"047718c9-2a90-403b-874d-194413a3c723","__parent":"auto_repair_lights","position":[793.123108,-181.520172,150.083099],"flareScale":3,"flareType":"BNG_LightFlare_1","isEnabled":false,"range":1.1920929e-07,"rotationMatrix":[0.165299252,-0.986243188,0,0.986243188,0.165299252,0,0,0,1],"shadowDarkenColor":[0,0,0,0]}
{"class":"SpotLight","persistentId":"0f74b247-a54a-4118-89d4-47d68c5a85a9","__parent":"auto_repair_lights","position":[759.664001,-132.145447,148.263931],"flareScale":2,"flareType":"BNG_LightFlare_1","innerAngle":120,"isEnabled":false,"outerAngle":150,"range":3.5,"rotationMatrix":[0.169255927,-0.985571802,0,0.492785871,0.0846279711,-0.866025329,0.853530049,0.146579936,0.5],"shadowDarkenColor":[0,0,0,0]}
{"name":"SpotLight_GarageInt6","class":"SpotLight","persistentId":"104fe179-2359-4457-9740-76a72af2ca91","__parent":"auto_repair_lights","position":[795.219299,-194.02681,150.083099],"flareScale":3,"flareType":"BNG_LightFlare_1","isEnabled":false,"range":1.1920929e-07,"rotationMatrix":[0.165299252,-0.986243188,0,0.986243188,0.165299252,0,0,0,1],"shadowDarkenColor":[0,0,0,0]}
{"name":"SpotLight_GarageInt1","class":"SpotLight","persistentId":"183c61d7-c79a-47cd-bd1c-326e9d4a2622","__parent":"auto_repair_lights","position":[801.467957,-199.496323,150.083099],"flareScale":3,"flareType":"BNG_LightFlare_1","isEnabled":false,"range":1.1920929e-07,"rotationMatrix":[0.165299252,-0.986243188,0,0.986243188,0.165299252,0,0,0,1],"shadowDarkenColor":[0,0,0,0]}
{"class":"SpotLight","persistentId":"29c0c7ec-3f24-47cd-a41e-a818fff673ee","__parent":"auto_repair_lights","position":[753.582642,-115.403389,148.263931],"flareScale":2,"flareType":"BNG_LightFlare_1","innerAngle":120,"isEnabled":false,"outerAngle":149.999985,"range":3.5,"rotationMatrix":[0.985571742,0.169255883,0,-0.0846279487,0.492785782,-0.866025388,-0.146579891,0.853530109,0.49999997],"shadowDarkenColor":[0,0,0,0]}
{"name":"SpotLight_Billboard","class":"SpotLight","persistentId":"2dc9469d-1b60-4786-b645-ab5a38c2c308","__parent":"auto_repair_lights","position":[806.92511,-191.10527,153.394409],"brightness":2,"color":[0.99000001,0.899999976,0.699999988,1],"flareScale":5,"flareType":"BNG_LightFlare_1","innerAngle":150,"isEnabled":false,"outerAngle":170,"range":1.1920929e-07,"rotationMatrix":[0.25948602,-0.96574688,2.55249072e-10,0.96574688,0.25948602,9.51288381e-10,-9.84937354e-10,-3.40066381e-13,1],"shadowDarkenColor":[0,0,0,0]}
{"class":"SpotLight","persistentId":"3096cb22-39be-4dd7-bad8-340051a9b378","__parent":"auto_repair_lights","position":[759.7146,-117.794464,148.263931],"flareScale":2,"flareType":"BNG_LightFlare_1","innerAngle":120,"isEnabled":false,"outerAngle":150,"range":3,"rotationMatrix":[0.169255927,-0.985571802,0,0.492785871,0.0846279711,-0.866025388,0.853530109,0.146579936,0.5],"shadowDarkenColor":[0,0,0,0]}
{"class":"SpotLight","persistentId":"3c51c44b-dec7-4cf6-b1fc-ed4239dab5b0","__parent":"auto_repair_lights","position":[803.460815,-176.539749,147.591049],"flareScale":2,"flareType":"BNG_LightFlare_1","innerAngle":120,"isEnabled":false,"outerAngle":150,"range":3.5,"rotationMatrix":[0.169255927,-0.985571802,0,0.49278596,0.0846279934,-0.866025269,0.85352999,0.146579921,0.5],"shadowDarkenColor":[0,0,0,0]}
{"name":"SpotLight_Gas1","class":"SpotLight","persistentId":"4d6a9525-3b80-46ba-906c-0711c4146b0f","__parent":"auto_repair_lights","position":[805.724792,-157.195435,148.797394],"color":[0.99000001,0.899999976,0.699999988,1],"flareScale":2,"flareType":"BNG_LightFlare_1","isEnabled":false,"range":1.1920929e-07,"rotationMatrix":[-5.89568483e-09,-0.990861773,-0.134877548,-4.33119425e-08,0.134877548,-0.990861773,1,0,-4.37113883e-08],"shadowDarkenColor":[0,0,0,0]}
{"class":"SpotLight","persistentId":"52f64cc8-1299-49e1-86e5-fbeb6918a573","__parent":"auto_repair_lights","position":[802.140015,-168.84874,147.591049],"flareScale":2,"flareType":"BNG_LightFlare_1","innerAngle":120,"isEnabled":false,"outerAngle":150,"range":3.5,"rotationMatrix":[0.169255927,-0.985571802,0,0.492785841,0.0846279711,-0.866025388,0.853530169,0.146579936,0.5],"shadowDarkenColor":[0,0,0,0]}
{"class":"SpotLight","persistentId":"634a1a49-0178-42cf-9679-ebb2efc4c508","__parent":"auto_repair_lights","position":[807.774841,-201.651886,147.602234],"flareScale":2,"flareType":"BNG_LightFlare_1","innerAngle":120,"isEnabled":false,"outerAngle":150,"range":3.5,"rotationMatrix":[0.148646146,-0.988890171,0,0.494444996,0.0743230656,-0.866025269,0.856403947,0.12873131,0.499999881],"shadowDarkenColor":[0,0,0,0]}
{"name":"SpotLight_Shop","class":"SpotLight","persistentId":"702c4d83-8242-4585-82cb-fd7417183bf5","__parent":"auto_repair_lights","position":[802.513062,-162.623627,147.142502],"flareScale":2,"flareType":"BNG_LightFlare_1","isEnabled":false,"range":1.1920929e-07,"rotationMatrix":[-0.378623545,-0.925550163,0,0.801549911,-0.327897608,-0.5,0.462775081,-0.189311773,0.866025388],"shadowDarkenColor":[0,0,0,0]}
{"class":"SpotLight","persistentId":"713527c6-ddc2-47c5-afed-a007778e39bf","__parent":"auto_repair_lights","position":[762.689087,-125.856468,147.855072],"flareScale":2,"flareType":"BNG_LightFlare_1","innerAngle":120,"isEnabled":false,"outerAngle":150,"range":1.1920929e-07,"rotationMatrix":[1,0,0,0,-0.00069057761,-0.999999762,0,0.999999762,-0.00069057761],"shadowDarkenColor":[0,0,0,0]}
{"name":"SpotLight_Billboard1","class":"SpotLight","persistentId":"77a0914c-75f4-4e81-b26e-08b4e91f0d1c","__parent":"auto_repair_lights","position":[807.55957,-194.845001,153.394409],"color":[0.99000001,0.899999976,0.699999988,1],"flareScale":5,"flareType":"BNG_LightFlare_1","innerAngle":150,"isEnabled":false,"outerAngle":170,"range":1.1920929e-07,"rotationMatrix":[0.25948602,-0.96574688,2.55991062e-10,0.96574688,0.25948602,9.54053836e-10,-9.87800619e-10,-3.41054984e-13,1],"shadowDarkenColor":[0,0,0,0]}
{"class":"SpotLight","persistentId":"786a0d01-dcfe-4cf7-826d-dee48c0176aa","__parent":"auto_repair_lights","position":[762.103149,-122.614357,147.865311],"flareScale":2,"flareType":"BNG_LightFlare_1","innerAngle":120,"isEnabled":false,"outerAngle":150,"range":1.1920929e-07,"rotationMatrix":[1,0,0,0,-0.00069057761,-0.999999762,0,0.999999762,-0.00069057761],"shadowDarkenColor":[0,0,0,0]}
{"name":"SpotLight_Gas4","class":"SpotLight","persistentId":"78eab21c-e17b-41f6-ad10-5b804e359832","__parent":"auto_repair_lights","position":[808.216187,-151.657562,148.797394],"color":[0.99000001,0.899999976,0.699999988,1],"flareScale":2,"flareType":"BNG_LightFlare_1","innerAngle":20,"isEnabled":false,"range":1.1920929e-07,"rotationMatrix":[0.134877548,-0.990861773,0,-4.33119425e-08,-5.89568483e-09,-1,0.990861773,0.134877548,-4.37113883e-08],"shadowDarkenColor":[0,0,0,0]}
{"class":"SpotLight","persistentId":"7a6da718-2eb6-4524-bff0-e88e7c617068","__parent":"auto_repair_lights","position":[806.662903,-195.386017,147.591049],"flareScale":2,"flareType":"BNG_LightFlare_1","innerAngle":120,"isEnabled":false,"outerAngle":150,"range":3.5,"rotationMatrix":[0.148646146,-0.988890171,0,0.494445056,0.0743230656,-0.866025209,0.856403947,0.12873131,0.499999821],"shadowDarkenColor":[0,0,0,0]}
{"name":"SpotLight_Big2","class":"SpotLight","persistentId":"7b4ebfc9-6ad2-4cb0-83a3-f73473109aba","__parent":"auto_repair_lights","position":[801.028809,-152.753967,147.518707],"color":[0.99000001,0.899999976,0.699999988,1],"flareScale":2,"flareType":"BNG_LightFlare_1","innerAngle":20,"isEnabled":false,"range":1.1920929e-07,"rotationMatrix":[-2.98022993e-08,-1,4.37113989e-08,-5.96046448e-07,-4.37113812e-08,-0.99999994,0.99999994,-2.98023259e-08,-5.96046448e-07],"shadowDarkenColor":[0,0,0,0]}
{"name":"SpotLight_GarageInt5","class":"SpotLight","persistentId":"7db7df1d-0207-4fcc-8c5f-bf1bac6bc056","__parent":"auto_repair_lights","position":[797.256287,-174.367966,150.083099],"flareScale":3,"flareType":"BNG_LightFlare_1","isEnabled":false,"range":1.1920929e-07,"rotationMatrix":[0.165299252,-0.986243188,0,0.986243188,0.165299252,0,0,0,1],"shadowDarkenColor":[0,0,0,0]}
{"name":"SpotLight_GarageInt7","class":"SpotLight","persistentId":"9817eb30-609b-4e22-97b6-e3cb6e2464bf","__parent":"auto_repair_lights","position":[794.183716,-187.848312,150.083099],"flareScale":3,"flareType":"BNG_LightFlare_1","isEnabled":false,"range":1.1920929e-07,"rotationMatrix":[0.165299252,-0.986243188,0,0.986243188,0.165299252,0,0,0,1],"shadowDarkenColor":[0,0,0,0]}
{"name":"SpotLight_Gas2","class":"SpotLight","persistentId":"9dbb7919-b2e1-4aaf-8558-755bf96803c9","__parent":"auto_repair_lights","position":[812.40509,-156.253494,148.797394],"color":[0.99000001,0.899999976,0.699999988,1],"flareScale":2,"flareType":"BNG_LightFlare_1","isEnabled":false,"outerAngle":180,"range":1.1920929e-07,"rotationMatrix":[-5.89568483e-09,-0.990861773,-0.134877548,-4.33119425e-08,0.134877548,-0.990861773,1,0,-4.37113883e-08],"shadowDarkenColor":[0,0,0,0]}
{"name":"SpotLight_Big1","class":"SpotLight","persistentId":"9ef8e16d-7ad5-4cb1-b717-4e953384e41d","__parent":"auto_repair_lights","position":[811.699036,-156.850006,147.777878],"color":[0.99000001,0.899999976,0.699999988,1],"flareScale":2,"flareType":"BNG_LightFlare_1","isEnabled":false,"outerAngle":180,"range":1.1920929e-07,"rotationMatrix":[-5.89568483e-09,-0.990861773,-0.134877548,-4.33119425e-08,0.134877548,-0.990861773,1,0,-4.37113883e-08],"shadowDarkenColor":[0,0,0,0]}
{"class":"SpotLight","persistentId":"a06cae97-4ff7-42c8-96f5-aa5e455ff192","__parent":"auto_repair_lights","position":[804.537842,-182.811096,147.591049],"flareScale":2,"flareType":"BNG_LightFlare_1","innerAngle":120,"isEnabled":false,"outerAngle":150,"range":3.5,"rotationMatrix":[0.169255927,-0.985571802,0,0.492785841,0.0846279785,-0.866025388,0.853530109,0.146579936,0.50000006],"shadowDarkenColor":[0,0,0,0]}
{"name":"SpotLight_GarageInt","class":"SpotLight","persistentId":"a24b0b01-1da7-4e4f-8d23-e173077dffac","__parent":"auto_repair_lights","position":[802.517761,-205.759933,150.083099],"flareScale":3,"flareType":"BNG_LightFlare_1","isEnabled":false,"range":1.1920929e-07,"rotationMatrix":[0.165299252,-0.986243188,0,0.986243188,0.165299252,0,0,0,1],"shadowDarkenColor":[0,0,0,0]}
{"name":"SpotLight_GarageInt9","class":"SpotLight","persistentId":"a340c0c0-c765-4627-b241-e36fced66903","__parent":"auto_repair_lights","position":[792.072876,-175.254074,150.083099],"flareScale":3,"flareType":"BNG_LightFlare_1","isEnabled":false,"range":1.1920929e-07,"rotationMatrix":[0.165299252,-0.986243188,0,0.986243188,0.165299252,0,0,0,1],"shadowDarkenColor":[0,0,0,0]}
{"name":"SpotLight_GarageInt2","class":"SpotLight","persistentId":"a3bfe320-90da-4b0d-9251-7858bf4284b4","__parent":"auto_repair_lights","position":[800.40271,-193.140701,150.083099],"flareScale":3,"flareType":"BNG_LightFlare_1","isEnabled":false,"range":1.1920929e-07,"rotationMatrix":[0.165299252,-0.986243188,0,0.986243188,0.165299252,0,0,0,1],"shadowDarkenColor":[0,0,0,0]}
{"class":"SpotLight","persistentId":"a49e3f5d-35c5-4e7d-bf31-f9b0171645f4","__parent":"auto_repair_lights","position":[755.633911,-139.201126,148.263931],"flareScale":2,"flareType":"BNG_LightFlare_1","innerAngle":120,"isEnabled":false,"outerAngle":150,"range":3.5,"rotationMatrix":[-0.985571504,-0.169255778,0,0.0846278816,-0.492785692,-0.866025269,0.146579802,-0.853529871,0.499999881],"shadowDarkenColor":[0,0,0,0]}
{"class":"SpotLight","persistentId":"b0aac2b4-f523-4085-a444-ac545431e729","__parent":"auto_repair_lights","position":[805.616699,-189.09343,147.591049],"flareScale":2,"flareType":"BNG_LightFlare_1","innerAngle":120,"isEnabled":false,"outerAngle":150,"range":3.5,"rotationMatrix":[0.169255927,-0.985571802,0,0.492785871,0.0846279711,-0.866025388,0.853530109,0.146579936,0.5],"shadowDarkenColor":[0,0,0,0]}
{"name":"SpotLight_Big","class":"SpotLight","persistentId":"b942704b-cb1e-4302-9a77-f6fff078330e","__parent":"auto_repair_lights","position":[810.683105,-150.747131,147.738586],"color":[0.99000001,0.899999976,0.699999988,1],"flareScale":2,"flareType":"BNG_LightFlare_1","isEnabled":false,"outerAngle":180,"range":1.1920929e-07,"rotationMatrix":[-5.89568483e-09,-0.990861773,-0.134877548,-4.33119425e-08,0.134877548,-0.990861773,1,0,-4.37113883e-08],"shadowDarkenColor":[0,0,0,0]}
{"class":"SpotLight","persistentId":"ba17b944-9f7d-48ed-b620-7e169b7606d8","__parent":"auto_repair_lights","position":[749.702393,-134.96669,148.263931],"flareScale":2,"flareType":"BNG_LightFlare_1","innerAngle":120,"isEnabled":false,"outerAngle":150,"range":1.1920929e-07,"rotationMatrix":[-0.146579936,0.985571623,-0.0846279711,-0.853530049,-0.169255942,-0.492785811,-0.5,0,0.866025388],"shadowDarkenColor":[0,0,0,0]}
{"name":"SpotLight_GarageInt3","class":"SpotLight","persistentId":"c4e29f11-6f29-4305-9fce-9d5a6264f8b7","__parent":"auto_repair_lights","position":[799.367126,-186.962204,150.083099],"flareScale":3,"flareType":"BNG_LightFlare_1","isEnabled":false,"range":1.1920929e-07,"rotationMatrix":[0.165299252,-0.986243188,0,0.986243188,0.165299252,0,0,0,1],"shadowDarkenColor":[0,0,0,0]}
{"name":"SpotLight_GarageInt4","class":"SpotLight","persistentId":"c86dc2de-f84a-4777-a9ec-8845eca41c00","__parent":"auto_repair_lights","position":[798.306519,-180.634064,150.083099],"flareScale":3,"flareType":"BNG_LightFlare_1","isEnabled":false,"range":1.1920929e-07,"rotationMatrix":[0.165299252,-0.986243188,0,0.986243188,0.165299252,0,0,0,1],"shadowDarkenColor":[0,0,0,0]}
{"class":"SpotLight","persistentId":"d039ec49-e8dc-40eb-9164-2e034cb8d714","__parent":"auto_repair_lights","position":[749.641479,-125.870522,148.263931],"flareScale":2,"flareType":"BNG_LightFlare_1","innerAngle":120,"isEnabled":false,"outerAngle":150,"range":1.1920929e-07,"rotationMatrix":[-0.146580011,0.985571802,-0.0846280083,-0.853530228,-0.169256017,-0.492785901,-0.5,0,0.866025388],"shadowDarkenColor":[0,0,0,0]}
{"class":"SpotLight","persistentId":"dc9c0034-9a81-43dd-824e-8756331d8013","__parent":"auto_repair_lights","position":[810.791809,-219.492081,147.630798],"flareScale":2,"flareType":"BNG_LightFlare_1","innerAngle":120,"isEnabled":false,"outerAngle":150,"range":3.5,"rotationMatrix":[0.86602509,-0.00103570486,0.499998748,0.499560207,0.0437109023,-0.865175068,-0.0209593233,0.999043643,0.038372118]}
{"name":"SpotLight_Billboard2","class":"SpotLight","persistentId":"dd131838-1f08-4342-b227-5442e5ecf20e","__parent":"auto_repair_lights","position":[808.295715,-199.245514,153.36058],"brightness":2,"color":[0.99000001,0.899999976,0.699999988,1],"flareScale":5,"flareType":"BNG_LightFlare_1","innerAngle":150,"isEnabled":false,"outerAngle":170,"range":1.1920929e-07,"rotationMatrix":[0.258819014,-0.965925813,-0.000178723378,0.965925574,0.258819073,-0.000667004497,0.000690533896,-3.24521382e-11,0.999999762],"shadowDarkenColor":[0,0,0,0]}
{"name":"SpotLight_Gas3","class":"SpotLight","persistentId":"df8139e6-db40-4f10-a806-47913ba48dda","__parent":"auto_repair_lights","position":[811.530945,-151.083633,148.797394],"color":[0.99000001,0.899999976,0.699999988,1],"flareScale":2,"flareType":"BNG_LightFlare_1","isEnabled":false,"range":1.1920929e-07,"rotationMatrix":[-5.89568483e-09,-0.990861773,-0.134877548,-4.33119425e-08,0.134877548,-0.990861773,1,0,-4.37113883e-08],"shadowDarkenColor":[0,0,0,0]}
{"name":"SpotLight_Big3","class":"SpotLight","persistentId":"e7bda456-6069-444e-88b0-88e0a423dec8","__parent":"auto_repair_lights","position":[792.738586,-154.124374,147.516739],"color":[0.99000001,0.899999976,0.699999988,1],"flareScale":2,"flareType":"BNG_LightFlare_1","innerAngle":20,"isEnabled":false,"range":1.1920929e-07,"rotationMatrix":[-5.89568483e-09,-0.990861773,-0.134877548,-4.33119425e-08,0.134877548,-0.990861773,1,0,-4.37113883e-08],"shadowDarkenColor":[0,0,0,0]}
