{"name":"SimGroup_","class":"SimGroup","groupPosition":"21.512551131072 225.63044569227 26.313307091042"}
{"class":"TSStatic","__parent":"SimGroup_","position":[35.2027931,237.706757,26.6216736],"isRenderEnabled":false,"rotationMatrix":[-0.920343518,-0.39041391,-0.0233254936,0.390755922,-0.920410991,-0.0123667419,-0.016640896,-0.0204962306,0.999651432],"shapeName":"/levels/hirochi_raceway/art/shapes/buildings/hr_plasticbarrier_red.DAE","useInstanceRenderData":true}
{"class":"TSStatic","__parent":"SimGroup_","position":[32.9937401,236.003052,26.5499706],"isRenderEnabled":false,"rotationMatrix":[-0.742108107,-0.669771969,-0.0260862485,0.670073211,-0.742283583,-0.00406481698,-0.0166408978,-0.0204962324,0.999651432],"shapeName":"/levels/hirochi_raceway/art/shapes/buildings/hr_plasticbarrier_red.DAE","useInstanceRenderData":true}
{"class":"TSStatic","__parent":"SimGroup_","position":[34.0366364,236.946609,26.5892258],"isRenderEnabled":false,"rotationMatrix":[-0.742108107,-0.669771969,-0.0260862485,0.670073211,-0.742283583,-0.00406481698,-0.0166408978,-0.0204962324,0.999651432],"shapeName":"/levels/hirochi_raceway/art/shapes/buildings/hr_plasticbarrier.DAE","useInstanceRenderData":true}
{"class":"TSStatic","__parent":"SimGroup_","position":[30.9126339,234.124817,26.4768124],"isRenderEnabled":false,"rotationMatrix":[-0.742108107,-0.669771969,-0.0260862485,0.670073211,-0.742283583,-0.00406481698,-0.0166408978,-0.0204962324,0.999651432],"shapeName":"/levels/hirochi_raceway/art/shapes/buildings/hr_plasticbarrier_red.DAE","useInstanceRenderData":true}
{"class":"TSStatic","__parent":"SimGroup_","position":[31.9555244,235.068375,26.5160694],"isRenderEnabled":false,"rotationMatrix":[-0.742108107,-0.669771969,-0.0260862485,0.670073211,-0.742283583,-0.00406481698,-0.0166408978,-0.0204962324,0.999651432],"shapeName":"/levels/hirochi_raceway/art/shapes/buildings/hr_plasticbarrier.DAE","useInstanceRenderData":true}
{"class":"TSStatic","__parent":"SimGroup_","position":[28.8238907,232.239655,26.4033928],"isRenderEnabled":false,"rotationMatrix":[-0.742108107,-0.669771969,-0.0260862485,0.670073211,-0.742283583,-0.00406481698,-0.0166408978,-0.0204962324,0.999651432],"shapeName":"/levels/hirochi_raceway/art/shapes/buildings/hr_plasticbarrier_red.DAE","useInstanceRenderData":true}
{"class":"TSStatic","__parent":"SimGroup_","position":[29.8667889,233.183212,26.4426479],"isRenderEnabled":false,"rotationMatrix":[-0.742108107,-0.669771969,-0.0260862485,0.670073211,-0.742283583,-0.00406481698,-0.0166408978,-0.0204962324,0.999651432],"shapeName":"/levels/hirochi_raceway/art/shapes/buildings/hr_plasticbarrier.DAE","useInstanceRenderData":true}
{"class":"TSStatic","__parent":"SimGroup_","position":[26.7316189,230.351181,26.3595715],"isRenderEnabled":false,"rotationMatrix":[-0.742235303,-0.669940054,-0.0163331907,0.670073211,-0.742283702,-0.00406481884,-0.00940067787,-0.0139614865,0.99985832],"shapeName":"/levels/hirochi_raceway/art/shapes/buildings/hr_plasticbarrier_red.DAE","useInstanceRenderData":true}
{"class":"TSStatic","__parent":"SimGroup_","position":[27.7747135,231.294983,26.385107],"isRenderEnabled":false,"rotationMatrix":[-0.742235303,-0.669940054,-0.0163331907,0.670073211,-0.742283702,-0.00406481884,-0.00940067787,-0.0139614865,0.99985832],"shapeName":"/levels/hirochi_raceway/art/shapes/buildings/hr_plasticbarrier.DAE","useInstanceRenderData":true}
{"class":"TSStatic","__parent":"SimGroup_","position":[24.6425171,228.465546,26.3136024],"isRenderEnabled":false,"rotationMatrix":[-0.742235303,-0.669940054,-0.0163331907,0.670073211,-0.742283702,-0.00406481884,-0.00940067787,-0.0139614865,0.99985832],"shapeName":"/levels/hirochi_raceway/art/shapes/buildings/hr_plasticbarrier_red.DAE","useInstanceRenderData":true}
{"class":"TSStatic","__parent":"SimGroup_","position":[25.6856136,229.409363,26.3391361],"isRenderEnabled":false,"rotationMatrix":[-0.742235303,-0.669940054,-0.0163331907,0.670073211,-0.742283702,-0.00406481884,-0.00940067787,-0.0139614865,0.99985832],"shapeName":"/levels/hirochi_raceway/art/shapes/buildings/hr_plasticbarrier.DAE","useInstanceRenderData":true}
{"class":"TSStatic","__parent":"SimGroup_","position":[22.5468407,226.573944,26.2774181],"isRenderEnabled":false,"rotationMatrix":[-0.742295027,-0.670062363,-0.00383415772,0.67007333,-0.74228394,-0.00406482071,-0.000122350175,-0.0055864621,0.999984384],"shapeName":"/levels/hirochi_raceway/art/shapes/buildings/hr_plasticbarrier_red.DAE","useInstanceRenderData":true}
{"class":"TSStatic","__parent":"SimGroup_","position":[23.5900421,227.517944,26.285368],"isRenderEnabled":false,"rotationMatrix":[-0.742295027,-0.670062363,-0.00383415772,0.67007333,-0.74228394,-0.00406482071,-0.000122350175,-0.0055864621,0.999984384],"shapeName":"/levels/hirochi_raceway/art/shapes/buildings/hr_plasticbarrier.DAE","useInstanceRenderData":true}
{"class":"TSStatic","__parent":"SimGroup_","position":[20.457571,224.687973,26.2666283],"isRenderEnabled":false,"rotationMatrix":[-0.742295027,-0.670062363,-0.00383415772,0.67007333,-0.74228394,-0.00406482071,-0.000122350175,-0.0055864621,0.999984384],"shapeName":"/levels/hirochi_raceway/art/shapes/buildings/hr_plasticbarrier_red.DAE","useInstanceRenderData":true}
{"class":"TSStatic","__parent":"SimGroup_","position":[21.5007744,225.631989,26.2745781],"isRenderEnabled":false,"rotationMatrix":[-0.742295027,-0.670062363,-0.00383415772,0.67007333,-0.74228394,-0.00406482071,-0.000122350175,-0.0055864621,0.999984384],"shapeName":"/levels/hirochi_raceway/art/shapes/buildings/hr_plasticbarrier.DAE","useInstanceRenderData":true}
{"class":"TSStatic","__parent":"SimGroup_","position":[18.3727894,222.806061,26.2558575],"isRenderEnabled":false,"rotationMatrix":[-0.742295027,-0.670062363,-0.00383415772,0.67007333,-0.74228394,-0.00406482071,-0.000122350175,-0.0055864621,0.999984384],"shapeName":"/levels/hirochi_raceway/art/shapes/buildings/hr_plasticbarrier_red.DAE","useInstanceRenderData":true}
{"class":"TSStatic","__parent":"SimGroup_","position":[19.4159908,223.750061,26.2638073],"isRenderEnabled":false,"rotationMatrix":[-0.742295027,-0.670062363,-0.00383415772,0.67007333,-0.74228394,-0.00406482071,-0.000122350175,-0.0055864621,0.999984384],"shapeName":"/levels/hirochi_raceway/art/shapes/buildings/hr_plasticbarrier.DAE","useInstanceRenderData":true}
{"class":"TSStatic","__parent":"SimGroup_","position":[16.2835197,220.92009,26.2450676],"isRenderEnabled":false,"rotationMatrix":[-0.742295027,-0.670062363,-0.00383415772,0.67007333,-0.74228394,-0.00406482071,-0.000122350175,-0.0055864621,0.999984384],"shapeName":"/levels/hirochi_raceway/art/shapes/buildings/hr_plasticbarrier_red.DAE","useInstanceRenderData":true}
{"class":"TSStatic","__parent":"SimGroup_","position":[17.3267231,221.864105,26.2530174],"isRenderEnabled":false,"rotationMatrix":[-0.742295027,-0.670062363,-0.00383415772,0.67007333,-0.74228394,-0.00406482071,-0.000122350175,-0.0055864621,0.999984384],"shapeName":"/levels/hirochi_raceway/art/shapes/buildings/hr_plasticbarrier.DAE","useInstanceRenderData":true}
{"class":"TSStatic","__parent":"SimGroup_","position":[14.2003622,219.039764,26.211441],"isRenderEnabled":false,"rotationMatrix":[-0.742235303,-0.669940412,-0.0163089633,0.670073211,-0.742283583,-0.00406482071,-0.00938269123,-0.0139452554,0.999858737],"shapeName":"/levels/hirochi_raceway/art/shapes/buildings/hr_plasticbarrier_red.DAE","useInstanceRenderData":true}
{"class":"TSStatic","__parent":"SimGroup_","position":[15.2434578,219.983582,26.2369423],"isRenderEnabled":false,"rotationMatrix":[-0.742235303,-0.669940412,-0.0163089633,0.670073211,-0.742283583,-0.00406482071,-0.00938269123,-0.0139452554,0.999858737],"shapeName":"/levels/hirochi_raceway/art/shapes/buildings/hr_plasticbarrier.DAE","useInstanceRenderData":true}
{"class":"TSStatic","__parent":"SimGroup_","position":[12.1112623,217.154144,26.1655388],"isRenderEnabled":false,"rotationMatrix":[-0.742235303,-0.669940412,-0.0163089633,0.670073211,-0.742283583,-0.00406482071,-0.00938269123,-0.0139452554,0.999858737],"shapeName":"/levels/hirochi_raceway/art/shapes/buildings/hr_plasticbarrier_red.DAE","useInstanceRenderData":true}
{"class":"TSStatic","__parent":"SimGroup_","position":[13.1543579,218.097961,26.19104],"isRenderEnabled":false,"rotationMatrix":[-0.742235303,-0.669940412,-0.0163089633,0.670073211,-0.742283583,-0.00406482071,-0.00938269123,-0.0139452554,0.999858737],"shapeName":"/levels/hirochi_raceway/art/shapes/buildings/hr_plasticbarrier.DAE","useInstanceRenderData":true}
{"class":"TSStatic","__parent":"SimGroup_","position":[10.0251818,215.271118,26.1440449],"isRenderEnabled":false,"rotationMatrix":[-0.742235303,-0.669940412,-0.0163089633,0.670073211,-0.742283583,-0.00406482071,-0.00938269123,-0.0139452554,0.999858737],"shapeName":"/levels/hirochi_raceway/art/shapes/buildings/hr_plasticbarrier_red.DAE","useInstanceRenderData":true}
{"class":"TSStatic","__parent":"SimGroup_","position":[11.0682774,216.214935,26.1695461],"isRenderEnabled":false,"rotationMatrix":[-0.742235303,-0.669940412,-0.0163089633,0.670073211,-0.742283583,-0.00406482071,-0.00938269123,-0.0139452554,0.999858737],"shapeName":"/levels/hirochi_raceway/art/shapes/buildings/hr_plasticbarrier.DAE","useInstanceRenderData":true}
{"class":"TSStatic","__parent":"SimGroup_","position":[7.93608189,213.385498,26.0981426],"isRenderEnabled":false,"rotationMatrix":[-0.742235303,-0.669940412,-0.0163089633,0.670073211,-0.742283583,-0.00406482071,-0.00938269123,-0.0139452554,0.999858737],"shapeName":"/levels/hirochi_raceway/art/shapes/buildings/hr_plasticbarrier_red.DAE","useInstanceRenderData":true}
{"class":"TSStatic","__parent":"SimGroup_","position":[8.97917747,214.329315,26.1236439],"isRenderEnabled":false,"rotationMatrix":[-0.742235303,-0.669940412,-0.0163089633,0.670073211,-0.742283583,-0.00406482071,-0.00938269123,-0.0139452554,0.999858737],"shapeName":"/levels/hirochi_raceway/art/shapes/buildings/hr_plasticbarrier.DAE","useInstanceRenderData":true}
