{"name":"SimGroup_","class":"SimGroup","groupPosition":"423.43824300961 -94.565058961207 30.866681274103"}
{"class":"TSStatic","__parent":"SimGroup_","position":[394.312195,-111.43985,32.3349762],"isRenderEnabled":false,"rotationMatrix":[-0.864019513,-0.500615835,0.053423021,0.501331806,-0.865255117,-9.31322575e-10,0.0462245457,0.026782658,0.998571992],"shapeName":"/levels/hirochi_raceway/art/shapes/buildings/hr_plasticbarrier.DAE","useInstanceRenderData":true}
{"class":"TSStatic","__parent":"SimGroup_","position":[396.73761,-110.034546,32.185009],"isRenderEnabled":false,"rotationMatrix":[-0.864019513,-0.500615835,0.053423021,0.501331806,-0.865255117,-9.31322575e-10,0.0462245457,0.026782658,0.998571992],"shapeName":"/levels/hirochi_raceway/art/shapes/buildings/hr_plasticbarrier.DAE","useInstanceRenderData":true}
{"class":"TSStatic","__parent":"SimGroup_","position":[395.522797,-110.740448,32.2576256],"isRenderEnabled":false,"rotationMatrix":[-0.864019513,-0.500615835,0.053423021,0.501331806,-0.865255117,-9.31322575e-10,0.0462245457,0.026782658,0.998571992],"shapeName":"/levels/hirochi_raceway/art/shapes/buildings/hr_plasticbarrier_red.DAE","useInstanceRenderData":true}
{"class":"TSStatic","__parent":"SimGroup_","position":[397.951385,-109.333282,32.10746],"isRenderEnabled":false,"rotationMatrix":[-0.864019513,-0.500615835,0.053423021,0.501331806,-0.865255117,-9.31322575e-10,0.0462245457,0.026782658,0.998571992],"shapeName":"/levels/hirochi_raceway/art/shapes/buildings/hr_plasticbarrier_red.DAE","useInstanceRenderData":true}
{"class":"TSStatic","__parent":"SimGroup_","position":[399.16629,-108.627373,32.0348434],"isRenderEnabled":false,"rotationMatrix":[-0.864019513,-0.500615835,0.053423021,0.501331806,-0.865255117,-9.31322575e-10,0.0462245457,0.026782658,0.998571992],"shapeName":"/levels/hirochi_raceway/art/shapes/buildings/hr_plasticbarrier.DAE","useInstanceRenderData":true}
{"class":"TSStatic","__parent":"SimGroup_","position":[401.589172,-107.223549,31.8850346],"isRenderEnabled":false,"rotationMatrix":[-0.864019513,-0.500615835,0.053423021,0.501331806,-0.865255117,-9.31322575e-10,0.0462245457,0.026782658,0.998571992],"shapeName":"/levels/hirochi_raceway/art/shapes/buildings/hr_plasticbarrier.DAE","useInstanceRenderData":true}
{"class":"TSStatic","__parent":"SimGroup_","position":[400.374268,-107.929451,31.957653],"isRenderEnabled":false,"rotationMatrix":[-0.864019513,-0.500615835,0.053423021,0.501331806,-0.865255117,-9.31322575e-10,0.0462245457,0.026782658,0.998571992],"shapeName":"/levels/hirochi_raceway/art/shapes/buildings/hr_plasticbarrier_red.DAE","useInstanceRenderData":true}
{"class":"TSStatic","__parent":"SimGroup_","position":[402.802948,-106.522285,31.8074856],"isRenderEnabled":false,"rotationMatrix":[-0.864019513,-0.500615835,0.053423021,0.501331806,-0.865255117,-9.31322575e-10,0.0462245457,0.026782658,0.998571992],"shapeName":"/levels/hirochi_raceway/art/shapes/buildings/hr_plasticbarrier_red.DAE","useInstanceRenderData":true}
{"class":"TSStatic","__parent":"SimGroup_","position":[404.017792,-105.816376,31.7348728],"isRenderEnabled":false,"rotationMatrix":[-0.864019513,-0.500615835,0.053423021,0.501331806,-0.865255117,-9.31322575e-10,0.0462245457,0.026782658,0.998571992],"shapeName":"/levels/hirochi_raceway/art/shapes/buildings/hr_plasticbarrier.DAE","useInstanceRenderData":true}
{"class":"TSStatic","__parent":"SimGroup_","position":[406.446899,-104.408936,31.5846729],"isRenderEnabled":false,"rotationMatrix":[-0.864019513,-0.500615835,0.053423021,0.501331806,-0.865255117,-9.31322575e-10,0.0462245457,0.026782658,0.998571992],"shapeName":"/levels/hirochi_raceway/art/shapes/buildings/hr_plasticbarrier.DAE","useInstanceRenderData":true}
{"class":"TSStatic","__parent":"SimGroup_","position":[405.232086,-105.114838,31.6572895],"isRenderEnabled":false,"rotationMatrix":[-0.864019513,-0.500615835,0.053423021,0.501331806,-0.865255117,-9.31322575e-10,0.0462245457,0.026782658,0.998571992],"shapeName":"/levels/hirochi_raceway/art/shapes/buildings/hr_plasticbarrier_red.DAE","useInstanceRenderData":true}
{"class":"TSStatic","__parent":"SimGroup_","position":[407.660675,-103.707672,31.5071239],"isRenderEnabled":false,"rotationMatrix":[-0.864019513,-0.500615835,0.053423021,0.501331806,-0.865255117,-9.31322575e-10,0.0462245457,0.026782658,0.998571992],"shapeName":"/levels/hirochi_raceway/art/shapes/buildings/hr_plasticbarrier_red.DAE","useInstanceRenderData":true}
{"class":"TSStatic","__parent":"SimGroup_","position":[408.87558,-103.001762,31.4345093],"isRenderEnabled":false,"rotationMatrix":[-0.864019513,-0.500615835,0.053423021,0.501331806,-0.865255117,-9.31322575e-10,0.0462245457,0.026782658,0.998571992],"shapeName":"/levels/hirochi_raceway/art/shapes/buildings/hr_plasticbarrier.DAE","useInstanceRenderData":true}
{"class":"TSStatic","__parent":"SimGroup_","position":[411.298462,-101.597939,31.2846985],"isRenderEnabled":false,"rotationMatrix":[-0.864019513,-0.500615835,0.053423021,0.501331806,-0.865255117,-9.31322575e-10,0.0462245457,0.026782658,0.998571992],"shapeName":"/levels/hirochi_raceway/art/shapes/buildings/hr_plasticbarrier.DAE","useInstanceRenderData":true}
{"class":"TSStatic","__parent":"SimGroup_","position":[410.083557,-102.303841,31.357317],"isRenderEnabled":false,"rotationMatrix":[-0.864019513,-0.500615835,0.053423021,0.501331806,-0.865255117,-9.31322575e-10,0.0462245457,0.026782658,0.998571992],"shapeName":"/levels/hirochi_raceway/art/shapes/buildings/hr_plasticbarrier_red.DAE","useInstanceRenderData":true}
{"class":"TSStatic","__parent":"SimGroup_","position":[412.512238,-100.896675,31.2071495],"isRenderEnabled":false,"rotationMatrix":[-0.864019513,-0.500615835,0.053423021,0.501331806,-0.865255117,-9.31322575e-10,0.0462245457,0.026782658,0.998571992],"shapeName":"/levels/hirochi_raceway/art/shapes/buildings/hr_plasticbarrier_red.DAE","useInstanceRenderData":true}
{"class":"TSStatic","__parent":"SimGroup_","position":[413.727081,-100.190765,31.1345367],"isRenderEnabled":false,"rotationMatrix":[-0.864019513,-0.500615835,0.053423021,0.501331806,-0.865255117,-9.31322575e-10,0.0462245457,0.026782658,0.998571992],"shapeName":"/levels/hirochi_raceway/art/shapes/buildings/hr_plasticbarrier.DAE","useInstanceRenderData":true}
{"class":"TSStatic","__parent":"SimGroup_","position":[416.143311,-98.790802,31.0089512],"isRenderEnabled":false,"rotationMatrix":[-0.864470363,-0.500877023,0.0425892696,0.501331925,-0.865255356,0,0.0368505865,0.0213513561,0.999092638],"shapeName":"/levels/hirochi_raceway/art/shapes/buildings/hr_plasticbarrier.DAE","useInstanceRenderData":true}
{"class":"TSStatic","__parent":"SimGroup_","position":[414.927856,-99.4970551,31.0663261],"isRenderEnabled":false,"rotationMatrix":[-0.864470363,-0.500877023,0.0425892696,0.501331925,-0.865255356,0,0.0368505865,0.0213513561,0.999092638],"shapeName":"/levels/hirochi_raceway/art/shapes/buildings/hr_plasticbarrier_red.DAE","useInstanceRenderData":true}
{"class":"TSStatic","__parent":"SimGroup_","position":[417.357758,-98.0891495,30.9466133],"isRenderEnabled":false,"rotationMatrix":[-0.864470363,-0.500877023,0.0425892696,0.501331925,-0.865255356,0,0.0368505865,0.0213513561,0.999092638],"shapeName":"/levels/hirochi_raceway/art/shapes/buildings/hr_plasticbarrier_red.DAE","useInstanceRenderData":true}
{"class":"TSStatic","__parent":"SimGroup_","position":[418.573212,-97.3828964,30.8892403],"isRenderEnabled":false,"rotationMatrix":[-0.864470363,-0.500877023,0.0425892696,0.501331925,-0.865255356,0,0.0368505865,0.0213513561,0.999092638],"shapeName":"/levels/hirochi_raceway/art/shapes/buildings/hr_plasticbarrier.DAE","useInstanceRenderData":true}
{"class":"TSStatic","__parent":"SimGroup_","position":[420.997406,-95.9783325,30.7698097],"isRenderEnabled":false,"rotationMatrix":[-0.864470363,-0.500877023,0.0425892696,0.501331925,-0.865255356,0,0.0368505865,0.0213513561,0.999092638],"shapeName":"/levels/hirochi_raceway/art/shapes/buildings/hr_plasticbarrier.DAE","useInstanceRenderData":true}
{"class":"TSStatic","__parent":"SimGroup_","position":[419.781891,-96.6845932,30.8271847],"isRenderEnabled":false,"rotationMatrix":[-0.864470363,-0.500877023,0.0425892696,0.501331925,-0.865255356,0,0.0368505865,0.0213513561,0.999092638],"shapeName":"/levels/hirochi_raceway/art/shapes/buildings/hr_plasticbarrier_red.DAE","useInstanceRenderData":true}
{"class":"TSStatic","__parent":"SimGroup_","position":[422.211823,-95.2766876,30.7074699],"isRenderEnabled":false,"rotationMatrix":[-0.864470363,-0.500877023,0.0425892696,0.501331925,-0.865255356,0,0.0368505865,0.0213513561,0.999092638],"shapeName":"/levels/hirochi_raceway/art/shapes/buildings/hr_plasticbarrier_red.DAE","useInstanceRenderData":true}
{"class":"TSStatic","__parent":"SimGroup_","position":[423.427277,-94.5704346,30.6500988],"isRenderEnabled":false,"rotationMatrix":[-0.864470363,-0.500877023,0.0425892696,0.501331925,-0.865255356,0,0.0368505865,0.0213513561,0.999092638],"shapeName":"/levels/hirochi_raceway/art/shapes/buildings/hr_plasticbarrier.DAE","useInstanceRenderData":true}
{"class":"TSStatic","__parent":"SimGroup_","position":[425.858398,-93.1618347,30.570612],"isRenderEnabled":false,"rotationMatrix":[-0.864931941,-0.501144528,0.0273336973,0.501331806,-0.865255237,-4.65661287e-10,0.023650622,0.0137032531,0.999626338],"shapeName":"/levels/hirochi_raceway/art/shapes/buildings/hr_plasticbarrier.DAE","useInstanceRenderData":true}
{"class":"TSStatic","__parent":"SimGroup_","position":[424.642303,-93.8684464,30.6065216],"isRenderEnabled":false,"rotationMatrix":[-0.864931941,-0.501144528,0.0273336973,0.501331806,-0.865255237,-4.65661287e-10,0.023650622,0.0137032531,0.999626338],"shapeName":"/levels/hirochi_raceway/art/shapes/buildings/hr_plasticbarrier_red.DAE","useInstanceRenderData":true}
{"class":"TSStatic","__parent":"SimGroup_","position":[427.073517,-92.4597931,30.5296898],"isRenderEnabled":false,"rotationMatrix":[-0.864931941,-0.501144528,0.0273336973,0.501331806,-0.865255237,-4.65661287e-10,0.023650622,0.0137032531,0.999626338],"shapeName":"/levels/hirochi_raceway/art/shapes/buildings/hr_plasticbarrier_red.DAE","useInstanceRenderData":true}
{"class":"TSStatic","__parent":"SimGroup_","position":[428.289581,-91.7531815,30.493782],"isRenderEnabled":false,"rotationMatrix":[-0.864931941,-0.501144528,0.0273336973,0.501331806,-0.865255237,-4.65661287e-10,0.023650622,0.0137032531,0.999626338],"shapeName":"/levels/hirochi_raceway/art/shapes/buildings/hr_plasticbarrier.DAE","useInstanceRenderData":true}
{"class":"TSStatic","__parent":"SimGroup_","position":[430.715057,-90.3478699,30.4171314],"isRenderEnabled":false,"rotationMatrix":[-0.864931941,-0.501144528,0.0273336973,0.501331806,-0.865255237,-4.65661287e-10,0.023650622,0.0137032531,0.999626338],"shapeName":"/levels/hirochi_raceway/art/shapes/buildings/hr_plasticbarrier.DAE","useInstanceRenderData":true}
{"class":"TSStatic","__parent":"SimGroup_","position":[429.498962,-91.0544815,30.4530411],"isRenderEnabled":false,"rotationMatrix":[-0.864931941,-0.501144528,0.0273336973,0.501331806,-0.865255237,-4.65661287e-10,0.023650622,0.0137032531,0.999626338],"shapeName":"/levels/hirochi_raceway/art/shapes/buildings/hr_plasticbarrier_red.DAE","useInstanceRenderData":true}
{"class":"TSStatic","__parent":"SimGroup_","position":[431.930176,-89.6458282,30.3762093],"isRenderEnabled":false,"rotationMatrix":[-0.864931941,-0.501144528,0.0273336973,0.501331806,-0.865255237,-4.65661287e-10,0.023650622,0.0137032531,0.999626338],"shapeName":"/levels/hirochi_raceway/art/shapes/buildings/hr_plasticbarrier_red.DAE","useInstanceRenderData":true}
{"class":"TSStatic","__parent":"SimGroup_","position":[433.14624,-88.9392166,30.3403015],"isRenderEnabled":false,"rotationMatrix":[-0.864931941,-0.501144528,0.0273336973,0.501331806,-0.865255237,-4.65661287e-10,0.023650622,0.0137032531,0.999626338],"shapeName":"/levels/hirochi_raceway/art/shapes/buildings/hr_plasticbarrier.DAE","useInstanceRenderData":true}
{"class":"TSStatic","__parent":"SimGroup_","position":[435.574249,-87.5324249,30.2635708],"isRenderEnabled":false,"rotationMatrix":[-0.864931941,-0.501144528,0.0273336973,0.501331806,-0.865255237,-4.65661287e-10,0.023650622,0.0137032531,0.999626338],"shapeName":"/levels/hirochi_raceway/art/shapes/buildings/hr_plasticbarrier.DAE","useInstanceRenderData":true}
{"class":"TSStatic","__parent":"SimGroup_","position":[434.358154,-88.2390366,30.2994804],"isRenderEnabled":false,"rotationMatrix":[-0.864931941,-0.501144528,0.0273336973,0.501331806,-0.865255237,-4.65661287e-10,0.023650622,0.0137032531,0.999626338],"shapeName":"/levels/hirochi_raceway/art/shapes/buildings/hr_plasticbarrier_red.DAE","useInstanceRenderData":true}
{"class":"TSStatic","__parent":"SimGroup_","position":[436.789368,-86.8303833,30.2226486],"isRenderEnabled":false,"rotationMatrix":[-0.864931941,-0.501144528,0.0273336973,0.501331806,-0.865255237,-4.65661287e-10,0.023650622,0.0137032531,0.999626338],"shapeName":"/levels/hirochi_raceway/art/shapes/buildings/hr_plasticbarrier_red.DAE","useInstanceRenderData":true}
{"class":"TSStatic","__parent":"SimGroup_","position":[438.005432,-86.1237717,30.1867409],"isRenderEnabled":false,"rotationMatrix":[-0.864931941,-0.501144528,0.0273336973,0.501331806,-0.865255237,-4.65661287e-10,0.023650622,0.0137032531,0.999626338],"shapeName":"/levels/hirochi_raceway/art/shapes/buildings/hr_plasticbarrier.DAE","useInstanceRenderData":true}
{"class":"TSStatic","__parent":"SimGroup_","position":[440.440125,-84.7131119,30.152853],"isRenderEnabled":false,"rotationMatrix":[-0.865232706,-0.501318932,0.00716934446,0.501331806,-0.865254879,2.32830644e-10,0.0062033115,0.00359422108,0.99997431],"shapeName":"/levels/hirochi_raceway/art/shapes/buildings/hr_plasticbarrier.DAE","useInstanceRenderData":true}
{"class":"TSStatic","__parent":"SimGroup_","position":[439.223663,-85.4199371,30.1603928],"isRenderEnabled":false,"rotationMatrix":[-0.865232706,-0.501318932,0.00716934446,0.501331806,-0.865254879,2.32830644e-10,0.0062033115,0.00359422108,0.99997431],"shapeName":"/levels/hirochi_raceway/art/shapes/buildings/hr_plasticbarrier_red.DAE","useInstanceRenderData":true}
{"class":"TSStatic","__parent":"SimGroup_","position":[441.655701,-84.0107956,30.1402397],"isRenderEnabled":false,"rotationMatrix":[-0.865232706,-0.501318932,0.00716934446,0.501331806,-0.865254879,2.32830644e-10,0.0062033115,0.00359422108,0.99997431],"shapeName":"/levels/hirochi_raceway/art/shapes/buildings/hr_plasticbarrier_red.DAE","useInstanceRenderData":true}
{"class":"TSStatic","__parent":"SimGroup_","position":[442.872162,-83.3039627,30.1327019],"isRenderEnabled":false,"rotationMatrix":[-0.865232706,-0.501318932,0.00716934446,0.501331806,-0.865254879,2.32830644e-10,0.0062033115,0.00359422108,0.99997431],"shapeName":"/levels/hirochi_raceway/art/shapes/buildings/hr_plasticbarrier.DAE","useInstanceRenderData":true}
{"class":"TSStatic","__parent":"SimGroup_","position":[445.295105,-81.9000931,30.1126251],"isRenderEnabled":false,"rotationMatrix":[-0.865232706,-0.501318932,0.00716934446,0.501331806,-0.865254879,2.32830644e-10,0.0062033115,0.00359422108,0.99997431],"shapeName":"/levels/hirochi_raceway/art/shapes/buildings/hr_plasticbarrier.DAE","useInstanceRenderData":true}
{"class":"TSStatic","__parent":"SimGroup_","position":[444.078644,-82.6069183,30.1201649],"isRenderEnabled":false,"rotationMatrix":[-0.865232706,-0.501318932,0.00716934446,0.501331806,-0.865254879,2.32830644e-10,0.0062033115,0.00359422108,0.99997431],"shapeName":"/levels/hirochi_raceway/art/shapes/buildings/hr_plasticbarrier_red.DAE","useInstanceRenderData":true}
{"class":"TSStatic","__parent":"SimGroup_","position":[446.510681,-81.1977768,30.1000118],"isRenderEnabled":false,"rotationMatrix":[-0.865232706,-0.501318932,0.00716934446,0.501331806,-0.865254879,2.32830644e-10,0.0062033115,0.00359422108,0.99997431],"shapeName":"/levels/hirochi_raceway/art/shapes/buildings/hr_plasticbarrier_red.DAE","useInstanceRenderData":true}
{"class":"TSStatic","__parent":"SimGroup_","position":[447.727142,-80.4909439,30.092474],"isRenderEnabled":false,"rotationMatrix":[-0.865232706,-0.501318932,0.00716934446,0.501331806,-0.865254879,2.32830644e-10,0.0062033115,0.00359422108,0.99997431],"shapeName":"/levels/hirochi_raceway/art/shapes/buildings/hr_plasticbarrier.DAE","useInstanceRenderData":true}
{"class":"TSStatic","__parent":"SimGroup_","position":[450.156616,-79.0833054,30.0908337],"isRenderEnabled":false,"rotationMatrix":[-0.865255117,-0.501331985,0,0.501331985,-0.865255117,0,0,0,1],"shapeName":"/levels/hirochi_raceway/art/shapes/buildings/hr_plasticbarrier.DAE","useInstanceRenderData":true}
{"class":"TSStatic","__parent":"SimGroup_","position":[448.940125,-79.7901459,30.0882854],"isRenderEnabled":false,"rotationMatrix":[-0.865255117,-0.501331985,0,0.501331985,-0.865255117,0,0,0,1],"shapeName":"/levels/hirochi_raceway/art/shapes/buildings/hr_plasticbarrier_red.DAE","useInstanceRenderData":true}
{"class":"TSStatic","__parent":"SimGroup_","position":[451.372223,-78.3809662,30.0882854],"isRenderEnabled":false,"rotationMatrix":[-0.865255117,-0.501331985,0,0.501331985,-0.865255117,0,0,0,1],"shapeName":"/levels/hirochi_raceway/art/shapes/buildings/hr_plasticbarrier_red.DAE","useInstanceRenderData":true}
{"class":"TSStatic","__parent":"SimGroup_","position":[452.588715,-77.6741257,30.0908337],"isRenderEnabled":false,"rotationMatrix":[-0.865255117,-0.501331985,0,0.501331985,-0.865255117,0,0,0,1],"shapeName":"/levels/hirochi_raceway/art/shapes/buildings/hr_plasticbarrier.DAE","useInstanceRenderData":true}
