{"name":"SimGroup_","class":"SimGroup","groupPosition":"-373.91505105155 171.10027803693 25.088911873954"}
{"class":"TSStatic","__parent":"SimGroup_","position":[-366.441803,153.622513,25.3435059],"isRenderEnabled":false,"rotationMatrix":[0.392523348,-0.918116152,0.0546632707,0.919490874,0.39311111,3.7252903e-09,-0.021488741,0.0502623841,0.998504817],"shapeName":"/levels/hirochi_raceway/art/shapes/buildings/hr_plasticbarrier_red.DAE","useInstanceRenderData":true}
{"class":"TSStatic","__parent":"SimGroup_","position":[-366.995728,154.913696,25.2691422],"isRenderEnabled":false,"rotationMatrix":[0.392523348,-0.918116152,0.0546632707,0.919490874,0.39311111,3.7252903e-09,-0.021488741,0.0502623841,0.998504817],"shapeName":"/levels/hirochi_raceway/art/shapes/buildings/hr_plasticbarrier.DAE","useInstanceRenderData":true}
{"class":"TSStatic","__parent":"SimGroup_","position":[-367.546936,156.207397,25.1890373],"isRenderEnabled":false,"rotationMatrix":[0.392523348,-0.918116152,0.0546632707,0.919490874,0.39311111,3.7252903e-09,-0.021488741,0.0502623841,0.998504817],"shapeName":"/levels/hirochi_raceway/art/shapes/buildings/hr_plasticbarrier_red.DAE","useInstanceRenderData":true}
{"class":"TSStatic","__parent":"SimGroup_","position":[-368.10083,157.498566,25.1146736],"isRenderEnabled":false,"rotationMatrix":[0.392523348,-0.918116152,0.0546632707,0.919490874,0.39311111,3.7252903e-09,-0.021488741,0.0502623841,0.998504817],"shapeName":"/levels/hirochi_raceway/art/shapes/buildings/hr_plasticbarrier.DAE","useInstanceRenderData":true}
{"class":"TSStatic","__parent":"SimGroup_","position":[-368.659119,158.808838,25.064558],"isRenderEnabled":false,"rotationMatrix":[0.393111169,-0.919490993,0,0.919490993,0.393111169,0,0,0,1],"shapeName":"/levels/hirochi_raceway/art/shapes/buildings/hr_plasticbarrier_red.DAE","useInstanceRenderData":true}
{"class":"TSStatic","__parent":"SimGroup_","position":[-369.213806,160.101822,25.0671062],"isRenderEnabled":false,"rotationMatrix":[0.393111169,-0.919490993,0,0.919490993,0.393111169,0,0,0,1],"shapeName":"/levels/hirochi_raceway/art/shapes/buildings/hr_plasticbarrier.DAE","useInstanceRenderData":true}
{"class":"TSStatic","__parent":"SimGroup_","position":[-369.7659,161.397614,25.0639915],"isRenderEnabled":false,"rotationMatrix":[0.393111169,-0.919490993,0,0.919490993,0.393111169,0,0,0,1],"shapeName":"/levels/hirochi_raceway/art/shapes/buildings/hr_plasticbarrier_red.DAE","useInstanceRenderData":true}
{"class":"TSStatic","__parent":"SimGroup_","position":[-370.320587,162.690598,25.0665398],"isRenderEnabled":false,"rotationMatrix":[0.393111169,-0.919490993,0,0.919490993,0.393111169,0,0,0,1],"shapeName":"/levels/hirochi_raceway/art/shapes/buildings/hr_plasticbarrier.DAE","useInstanceRenderData":true}
{"class":"TSStatic","__parent":"SimGroup_","position":[-370.872498,163.985931,25.064558],"isRenderEnabled":false,"rotationMatrix":[0.393111169,-0.919490993,0,0.919490993,0.393111169,0,0,0,1],"shapeName":"/levels/hirochi_raceway/art/shapes/buildings/hr_plasticbarrier_red.DAE","useInstanceRenderData":true}
{"class":"TSStatic","__parent":"SimGroup_","position":[-371.427185,165.278915,25.0671062],"isRenderEnabled":false,"rotationMatrix":[0.393111169,-0.919490993,0,0.919490993,0.393111169,0,0,0,1],"shapeName":"/levels/hirochi_raceway/art/shapes/buildings/hr_plasticbarrier.DAE","useInstanceRenderData":true}
{"class":"TSStatic","__parent":"SimGroup_","position":[-371.979279,166.574707,25.0639915],"isRenderEnabled":false,"rotationMatrix":[0.393111169,-0.919490993,0,0.919490993,0.393111169,0,0,0,1],"shapeName":"/levels/hirochi_raceway/art/shapes/buildings/hr_plasticbarrier_red.DAE","useInstanceRenderData":true}
{"class":"TSStatic","__parent":"SimGroup_","position":[-372.533966,167.867691,25.0665398],"isRenderEnabled":false,"rotationMatrix":[0.393111169,-0.919490993,0,0.919490993,0.393111169,0,0,0,1],"shapeName":"/levels/hirochi_raceway/art/shapes/buildings/hr_plasticbarrier.DAE","useInstanceRenderData":true}
{"class":"TSStatic","__parent":"SimGroup_","position":[-373.085297,169.161697,25.064558],"isRenderEnabled":false,"rotationMatrix":[0.393111169,-0.919490993,0,0.919490993,0.393111169,0,0,0,1],"shapeName":"/levels/hirochi_raceway/art/shapes/buildings/hr_plasticbarrier_red.DAE","useInstanceRenderData":true}
{"class":"TSStatic","__parent":"SimGroup_","position":[-373.639984,170.454681,25.0671062],"isRenderEnabled":false,"rotationMatrix":[0.393111169,-0.919490993,0,0.919490993,0.393111169,0,0,0,1],"shapeName":"/levels/hirochi_raceway/art/shapes/buildings/hr_plasticbarrier.DAE","useInstanceRenderData":true}
{"class":"TSStatic","__parent":"SimGroup_","position":[-374.192078,171.750473,25.0639915],"isRenderEnabled":false,"rotationMatrix":[0.393111169,-0.919490993,0,0.919490993,0.393111169,0,0,0,1],"shapeName":"/levels/hirochi_raceway/art/shapes/buildings/hr_plasticbarrier_red.DAE","useInstanceRenderData":true}
{"class":"TSStatic","__parent":"SimGroup_","position":[-374.746765,173.043457,25.0665398],"isRenderEnabled":false,"rotationMatrix":[0.393111169,-0.919490993,0,0.919490993,0.393111169,0,0,0,1],"shapeName":"/levels/hirochi_raceway/art/shapes/buildings/hr_plasticbarrier.DAE","useInstanceRenderData":true}
{"class":"TSStatic","__parent":"SimGroup_","position":[-375.296661,174.334061,25.064558],"isRenderEnabled":false,"rotationMatrix":[0.393111169,-0.919490993,0,0.919490993,0.393111169,0,0,0,1],"shapeName":"/levels/hirochi_raceway/art/shapes/buildings/hr_plasticbarrier_red.DAE","useInstanceRenderData":true}
{"class":"TSStatic","__parent":"SimGroup_","position":[-375.851349,175.627045,25.0671062],"isRenderEnabled":false,"rotationMatrix":[0.393111169,-0.919490993,0,0.919490993,0.393111169,0,0,0,1],"shapeName":"/levels/hirochi_raceway/art/shapes/buildings/hr_plasticbarrier.DAE","useInstanceRenderData":true}
{"class":"TSStatic","__parent":"SimGroup_","position":[-376.403442,176.922836,25.0639915],"isRenderEnabled":false,"rotationMatrix":[0.393111169,-0.919490993,0,0.919490993,0.393111169,0,0,0,1],"shapeName":"/levels/hirochi_raceway/art/shapes/buildings/hr_plasticbarrier_red.DAE","useInstanceRenderData":true}
{"class":"TSStatic","__parent":"SimGroup_","position":[-376.95813,178.21582,25.0665398],"isRenderEnabled":false,"rotationMatrix":[0.393111169,-0.919490993,0,0.919490993,0.393111169,0,0,0,1],"shapeName":"/levels/hirochi_raceway/art/shapes/buildings/hr_plasticbarrier.DAE","useInstanceRenderData":true}
{"class":"TSStatic","__parent":"SimGroup_","position":[-377.511322,179.514221,25.064558],"isRenderEnabled":false,"rotationMatrix":[0.393111169,-0.919490993,0,0.919490993,0.393111169,0,0,0,1],"shapeName":"/levels/hirochi_raceway/art/shapes/buildings/hr_plasticbarrier_red.DAE","useInstanceRenderData":true}
{"class":"TSStatic","__parent":"SimGroup_","position":[-378.06601,180.807205,25.0671062],"isRenderEnabled":false,"rotationMatrix":[0.393111169,-0.919490993,0,0.919490993,0.393111169,0,0,0,1],"shapeName":"/levels/hirochi_raceway/art/shapes/buildings/hr_plasticbarrier.DAE","useInstanceRenderData":true}
{"class":"TSStatic","__parent":"SimGroup_","position":[-378.618103,182.102997,25.0639915],"isRenderEnabled":false,"rotationMatrix":[0.393111169,-0.919490993,0,0.919490993,0.393111169,0,0,0,1],"shapeName":"/levels/hirochi_raceway/art/shapes/buildings/hr_plasticbarrier_red.DAE","useInstanceRenderData":true}
{"class":"TSStatic","__parent":"SimGroup_","position":[-379.172791,183.395981,25.0665398],"isRenderEnabled":false,"rotationMatrix":[0.393111169,-0.919490993,0,0.919490993,0.393111169,0,0,0,1],"shapeName":"/levels/hirochi_raceway/art/shapes/buildings/hr_plasticbarrier.DAE","useInstanceRenderData":true}
{"class":"TSStatic","__parent":"SimGroup_","position":[-379.724731,184.691376,25.064558],"isRenderEnabled":false,"rotationMatrix":[0.393111169,-0.919490993,0,0.919490993,0.393111169,0,0,0,1],"shapeName":"/levels/hirochi_raceway/art/shapes/buildings/hr_plasticbarrier_red.DAE","useInstanceRenderData":true}
{"class":"TSStatic","__parent":"SimGroup_","position":[-380.279419,185.98436,25.0671062],"isRenderEnabled":false,"rotationMatrix":[0.393111169,-0.919490993,0,0.919490993,0.393111169,0,0,0,1],"shapeName":"/levels/hirochi_raceway/art/shapes/buildings/hr_plasticbarrier.DAE","useInstanceRenderData":true}
{"class":"TSStatic","__parent":"SimGroup_","position":[-380.831512,187.280151,25.0639915],"isRenderEnabled":false,"rotationMatrix":[0.393111169,-0.919490993,0,0.919490993,0.393111169,0,0,0,1],"shapeName":"/levels/hirochi_raceway/art/shapes/buildings/hr_plasticbarrier_red.DAE","useInstanceRenderData":true}
{"class":"TSStatic","__parent":"SimGroup_","position":[-381.3862,188.573135,25.0665398],"isRenderEnabled":false,"rotationMatrix":[0.393111169,-0.919490993,0,0.919490993,0.393111169,0,0,0,1],"shapeName":"/levels/hirochi_raceway/art/shapes/buildings/hr_plasticbarrier.DAE","useInstanceRenderData":true}
