{"name":"SimGroup_","class":"SimGroup","groupPosition":"234.2405106828 125.28673264787 25.285001084611"}
{"class":"TSStatic","__parent":"SimGroup_","position":[216.607117,143.361816,25.8920956],"isRenderEnabled":false,"rotationMatrix":[0.698282182,-0.715822518,0,0.715822518,0.698282182,0,0,0,1],"shapeName":"/levels/hirochi_raceway/art/shapes/buildings/hr_plasticbarrier.DAE","useInstanceRenderData":true}
{"class":"TSStatic","__parent":"SimGroup_","position":[251.877594,107.205406,24.7493019],"isRenderEnabled":false,"rotationMatrix":[0.698145211,-0.715681612,-0.0198261812,0.715822279,0.69828248,2.79396772e-09,0.0138442731,-0.0141920261,0.999803424],"shapeName":"/levels/hirochi_raceway/art/shapes/buildings/hr_plasticbarrier.DAE","useInstanceRenderData":true}
{"class":"TSStatic","__parent":"SimGroup_","position":[250.901733,108.208313,24.7744999],"isRenderEnabled":false,"rotationMatrix":[0.698145211,-0.715681612,-0.0198261812,0.715822279,0.69828248,2.79396772e-09,0.0138442731,-0.0141920261,0.999803424],"shapeName":"/levels/hirochi_raceway/art/shapes/buildings/hr_plasticbarrier_red.DAE","useInstanceRenderData":true}
{"class":"TSStatic","__parent":"SimGroup_","position":[249.918243,109.213974,24.8049431],"isRenderEnabled":false,"rotationMatrix":[0.698145211,-0.715681612,-0.0198261812,0.715822279,0.69828248,2.79396772e-09,0.0138442731,-0.0141920261,0.999803424],"shapeName":"/levels/hirochi_raceway/art/shapes/buildings/hr_plasticbarrier.DAE","useInstanceRenderData":true}
{"class":"TSStatic","__parent":"SimGroup_","position":[248.940231,110.219078,24.830204],"isRenderEnabled":false,"rotationMatrix":[0.698145211,-0.715681612,-0.0198261812,0.715822279,0.69828248,2.79396772e-09,0.0138442731,-0.0141920261,0.999803424],"shapeName":"/levels/hirochi_raceway/art/shapes/buildings/hr_plasticbarrier_red.DAE","useInstanceRenderData":true}
{"class":"TSStatic","__parent":"SimGroup_","position":[247.956741,111.224739,24.8606472],"isRenderEnabled":false,"rotationMatrix":[0.698145211,-0.715681612,-0.0198261812,0.715822279,0.69828248,2.79396772e-09,0.0138442731,-0.0141920261,0.999803424],"shapeName":"/levels/hirochi_raceway/art/shapes/buildings/hr_plasticbarrier.DAE","useInstanceRenderData":true}
{"class":"TSStatic","__parent":"SimGroup_","position":[246.977982,112.230629,24.8859291],"isRenderEnabled":false,"rotationMatrix":[0.698145211,-0.715681612,-0.0198261812,0.715822279,0.69828248,2.79396772e-09,0.0138442731,-0.0141920261,0.999803424],"shapeName":"/levels/hirochi_raceway/art/shapes/buildings/hr_plasticbarrier_red.DAE","useInstanceRenderData":true}
{"class":"TSStatic","__parent":"SimGroup_","position":[245.994492,113.23629,24.9163723],"isRenderEnabled":false,"rotationMatrix":[0.698145211,-0.715681612,-0.0198261812,0.715822279,0.69828248,2.79396772e-09,0.0138442731,-0.0141920261,0.999803424],"shapeName":"/levels/hirochi_raceway/art/shapes/buildings/hr_plasticbarrier.DAE","useInstanceRenderData":true}
{"class":"TSStatic","__parent":"SimGroup_","position":[245.017899,114.239952,24.9415932],"isRenderEnabled":false,"rotationMatrix":[0.698145211,-0.715681612,-0.0198261812,0.715822279,0.69828248,2.79396772e-09,0.0138442731,-0.0141920261,0.999803424],"shapeName":"/levels/hirochi_raceway/art/shapes/buildings/hr_plasticbarrier_red.DAE","useInstanceRenderData":true}
{"class":"TSStatic","__parent":"SimGroup_","position":[244.034409,115.245613,24.9720364],"isRenderEnabled":false,"rotationMatrix":[0.698145211,-0.715681612,-0.0198261812,0.715822279,0.69828248,2.79396772e-09,0.0138442731,-0.0141920261,0.999803424],"shapeName":"/levels/hirochi_raceway/art/shapes/buildings/hr_plasticbarrier.DAE","useInstanceRenderData":true}
{"class":"TSStatic","__parent":"SimGroup_","position":[243.058487,116.248589,24.9972382],"isRenderEnabled":false,"rotationMatrix":[0.698145211,-0.715681612,-0.0198261812,0.715822279,0.69828248,2.79396772e-09,0.0138442731,-0.0141920261,0.999803424],"shapeName":"/levels/hirochi_raceway/art/shapes/buildings/hr_plasticbarrier_red.DAE","useInstanceRenderData":true}
{"class":"TSStatic","__parent":"SimGroup_","position":[242.074997,117.25425,25.0276814],"isRenderEnabled":false,"rotationMatrix":[0.698145211,-0.715681612,-0.0198261812,0.715822279,0.69828248,2.79396772e-09,0.0138442731,-0.0141920261,0.999803424],"shapeName":"/levels/hirochi_raceway/art/shapes/buildings/hr_plasticbarrier.DAE","useInstanceRenderData":true}
{"class":"TSStatic","__parent":"SimGroup_","position":[241.095551,118.260826,25.0529823],"isRenderEnabled":false,"rotationMatrix":[0.698145211,-0.715681612,-0.0198261812,0.715822279,0.69828248,2.79396772e-09,0.0138442731,-0.0141920261,0.999803424],"shapeName":"/levels/hirochi_raceway/art/shapes/buildings/hr_plasticbarrier_red.DAE","useInstanceRenderData":true}
{"class":"TSStatic","__parent":"SimGroup_","position":[240.112061,119.266487,25.0834255],"isRenderEnabled":false,"rotationMatrix":[0.698145211,-0.715681612,-0.0198261812,0.715822279,0.69828248,2.79396772e-09,0.0138442731,-0.0141920261,0.999803424],"shapeName":"/levels/hirochi_raceway/art/shapes/buildings/hr_plasticbarrier.DAE","useInstanceRenderData":true}
{"class":"TSStatic","__parent":"SimGroup_","position":[239.135162,120.270462,25.108654],"isRenderEnabled":false,"rotationMatrix":[0.698145211,-0.715681612,-0.0198261812,0.715822279,0.69828248,2.79396772e-09,0.0138442731,-0.0141920261,0.999803424],"shapeName":"/levels/hirochi_raceway/art/shapes/buildings/hr_plasticbarrier_red.DAE","useInstanceRenderData":true}
{"class":"TSStatic","__parent":"SimGroup_","position":[238.151672,121.276123,25.1390972],"isRenderEnabled":false,"rotationMatrix":[0.698145211,-0.715681612,-0.0198261812,0.715822279,0.69828248,2.79396772e-09,0.0138442731,-0.0141920261,0.999803424],"shapeName":"/levels/hirochi_raceway/art/shapes/buildings/hr_plasticbarrier.DAE","useInstanceRenderData":true}
{"class":"TSStatic","__parent":"SimGroup_","position":[237.177414,122.277367,25.1642494],"isRenderEnabled":false,"rotationMatrix":[0.698145211,-0.715681612,-0.0198261812,0.715822279,0.69828248,2.79396772e-09,0.0138442731,-0.0141920261,0.999803424],"shapeName":"/levels/hirochi_raceway/art/shapes/buildings/hr_plasticbarrier_red.DAE","useInstanceRenderData":true}
{"class":"TSStatic","__parent":"SimGroup_","position":[236.193924,123.283028,25.1946926],"isRenderEnabled":false,"rotationMatrix":[0.698145211,-0.715681612,-0.0198261812,0.715822279,0.69828248,2.79396772e-09,0.0138442731,-0.0141920261,0.999803424],"shapeName":"/levels/hirochi_raceway/art/shapes/buildings/hr_plasticbarrier.DAE","useInstanceRenderData":true}
{"class":"TSStatic","__parent":"SimGroup_","position":[235.220001,124.283928,25.2198372],"isRenderEnabled":false,"rotationMatrix":[0.698145211,-0.715681612,-0.0198261812,0.715822279,0.69828248,2.79396772e-09,0.0138442731,-0.0141920261,0.999803424],"shapeName":"/levels/hirochi_raceway/art/shapes/buildings/hr_plasticbarrier_red.DAE","useInstanceRenderData":true}
{"class":"TSStatic","__parent":"SimGroup_","position":[234.236511,125.289589,25.2502804],"isRenderEnabled":false,"rotationMatrix":[0.698145211,-0.715681612,-0.0198261812,0.715822279,0.69828248,2.79396772e-09,0.0138442731,-0.0141920261,0.999803424],"shapeName":"/levels/hirochi_raceway/art/shapes/buildings/hr_plasticbarrier.DAE","useInstanceRenderData":true}
{"class":"TSStatic","__parent":"SimGroup_","position":[233.261063,126.292076,25.2754688],"isRenderEnabled":false,"rotationMatrix":[0.698145211,-0.715681612,-0.0198261812,0.715822279,0.69828248,2.79396772e-09,0.0138442731,-0.0141920261,0.999803424],"shapeName":"/levels/hirochi_raceway/art/shapes/buildings/hr_plasticbarrier_red.DAE","useInstanceRenderData":true}
{"class":"TSStatic","__parent":"SimGroup_","position":[232.277573,127.297737,25.305912],"isRenderEnabled":false,"rotationMatrix":[0.698145211,-0.715681612,-0.0198261812,0.715822279,0.69828248,2.79396772e-09,0.0138442731,-0.0141920261,0.999803424],"shapeName":"/levels/hirochi_raceway/art/shapes/buildings/hr_plasticbarrier.DAE","useInstanceRenderData":true}
{"class":"TSStatic","__parent":"SimGroup_","position":[231.30246,128.299866,25.3457012],"isRenderEnabled":false,"rotationMatrix":[0.698145211,-0.715681612,-0.0198261812,0.715822279,0.69828248,2.79396772e-09,0.0138442731,-0.0141920261,0.999803424],"shapeName":"/levels/hirochi_raceway/art/shapes/buildings/hr_plasticbarrier_red.DAE","useInstanceRenderData":true}
{"class":"TSStatic","__parent":"SimGroup_","position":[230.31897,129.305511,25.3761444],"isRenderEnabled":false,"rotationMatrix":[0.698145211,-0.715681612,-0.0198261812,0.715822279,0.69828248,2.79396772e-09,0.0138442731,-0.0141920261,0.999803424],"shapeName":"/levels/hirochi_raceway/art/shapes/buildings/hr_plasticbarrier.DAE","useInstanceRenderData":true}
{"class":"TSStatic","__parent":"SimGroup_","position":[229.347885,130.303543,25.401207],"isRenderEnabled":false,"rotationMatrix":[0.698145211,-0.715681612,-0.0198261812,0.715822279,0.69828248,2.79396772e-09,0.0138442731,-0.0141920261,0.999803424],"shapeName":"/levels/hirochi_raceway/art/shapes/buildings/hr_plasticbarrier_red.DAE","useInstanceRenderData":true}
{"class":"TSStatic","__parent":"SimGroup_","position":[228.364395,131.309189,25.4316502],"isRenderEnabled":false,"rotationMatrix":[0.698145211,-0.715681612,-0.0198261812,0.715822279,0.69828248,2.79396772e-09,0.0138442731,-0.0141920261,0.999803424],"shapeName":"/levels/hirochi_raceway/art/shapes/buildings/hr_plasticbarrier.DAE","useInstanceRenderData":true}
{"class":"TSStatic","__parent":"SimGroup_","position":[227.386749,132.313934,25.4638691],"isRenderEnabled":false,"rotationMatrix":[0.697931767,-0.715463102,-0.0316820294,0.715822399,0.698282301,0,0.0221229978,-0.0226787087,0.99949801],"shapeName":"/levels/hirochi_raceway/art/shapes/buildings/hr_plasticbarrier_red.DAE","useInstanceRenderData":true}
{"class":"TSStatic","__parent":"SimGroup_","position":[226.403595,133.31926,25.5109921],"isRenderEnabled":false,"rotationMatrix":[0.697931767,-0.715463102,-0.0316820294,0.715822399,0.698282301,0,0.0221229978,-0.0226787087,0.99949801],"shapeName":"/levels/hirochi_raceway/art/shapes/buildings/hr_plasticbarrier.DAE","useInstanceRenderData":true}
{"class":"TSStatic","__parent":"SimGroup_","position":[225.428391,134.321487,25.5527649],"isRenderEnabled":false,"rotationMatrix":[0.697931767,-0.715463102,-0.0316820294,0.715822399,0.698282301,0,0.0221229978,-0.0226787087,0.99949801],"shapeName":"/levels/hirochi_raceway/art/shapes/buildings/hr_plasticbarrier_red.DAE","useInstanceRenderData":true}
{"class":"TSStatic","__parent":"SimGroup_","position":[224.445236,135.326813,25.5998878],"isRenderEnabled":false,"rotationMatrix":[0.697931767,-0.715463102,-0.0316820294,0.715822399,0.698282301,0,0.0221229978,-0.0226787087,0.99949801],"shapeName":"/levels/hirochi_raceway/art/shapes/buildings/hr_plasticbarrier.DAE","useInstanceRenderData":true}
{"class":"TSStatic","__parent":"SimGroup_","position":[223.466599,136.33255,25.6418171],"isRenderEnabled":false,"rotationMatrix":[0.697931767,-0.715463102,-0.0316820294,0.715822399,0.698282301,0,0.0221229978,-0.0226787087,0.99949801],"shapeName":"/levels/hirochi_raceway/art/shapes/buildings/hr_plasticbarrier_red.DAE","useInstanceRenderData":true}
{"class":"TSStatic","__parent":"SimGroup_","position":[222.483444,137.337875,25.68894],"isRenderEnabled":false,"rotationMatrix":[0.697931767,-0.715463102,-0.0316820294,0.715822399,0.698282301,0,0.0221229978,-0.0226787087,0.99949801],"shapeName":"/levels/hirochi_raceway/art/shapes/buildings/hr_plasticbarrier.DAE","useInstanceRenderData":true}
{"class":"TSStatic","__parent":"SimGroup_","position":[221.507202,138.341171,25.7307625],"isRenderEnabled":false,"rotationMatrix":[0.697931767,-0.715463102,-0.0316820294,0.715822399,0.698282301,0,0.0221229978,-0.0226787087,0.99949801],"shapeName":"/levels/hirochi_raceway/art/shapes/buildings/hr_plasticbarrier_red.DAE","useInstanceRenderData":true}
{"class":"TSStatic","__parent":"SimGroup_","position":[220.524048,139.346497,25.7778854],"isRenderEnabled":false,"rotationMatrix":[0.697931767,-0.715463102,-0.0316820294,0.715822399,0.698282301,0,0.0221229978,-0.0226787087,0.99949801],"shapeName":"/levels/hirochi_raceway/art/shapes/buildings/hr_plasticbarrier.DAE","useInstanceRenderData":true}
{"class":"TSStatic","__parent":"SimGroup_","position":[218.562546,141.357269,25.8669262],"isRenderEnabled":false,"rotationMatrix":[0.697931767,-0.715463102,-0.0316820294,0.715822399,0.698282301,0,0.0221229978,-0.0226787087,0.99949801],"shapeName":"/levels/hirochi_raceway/art/shapes/buildings/hr_plasticbarrier.DAE","useInstanceRenderData":true}
{"class":"TSStatic","__parent":"SimGroup_","position":[219.5457,140.351944,25.8198032],"isRenderEnabled":false,"rotationMatrix":[0.697931767,-0.715463102,-0.0316820294,0.715822399,0.698282301,0,0.0221229978,-0.0226787087,0.99949801],"shapeName":"/levels/hirochi_raceway/art/shapes/buildings/hr_plasticbarrier_red.DAE","useInstanceRenderData":true}
{"class":"TSStatic","__parent":"SimGroup_","position":[217.59082,142.355927,25.8895473],"isRenderEnabled":false,"rotationMatrix":[0.698282182,-0.715822518,0,0.715822518,0.698282182,0,0,0,1],"shapeName":"/levels/hirochi_raceway/art/shapes/buildings/hr_plasticbarrier_red.DAE","useInstanceRenderData":true}
