{"name":"SimGroup_","class":"SimGroup","groupPosition":"-111.2618470192 198.74971294403 25.087964773178"}
{"class":"TSStatic","__parent":"SimGroup_","position":[-115.832199,192.51358,25.0646915],"isRenderEnabled":false,"rotationMatrix":[-0.591217041,-0.806512415,0.000556899526,0.806512535,-0.59121716,-7.27595761e-11,0.000329248578,0.000449146319,0.999999821],"shapeName":"/levels/hirochi_raceway/art/shapes/buildings/hr_plasticbarrier_red.DAE","useInstanceRenderData":true}
{"class":"TSStatic","__parent":"SimGroup_","position":[-116.664391,191.381287,25.0680218],"isRenderEnabled":false,"rotationMatrix":[-0.591217041,-0.806512415,0.000556899526,0.806512535,-0.59121716,-7.27595761e-11,0.000329248578,0.000449146319,0.999999821],"shapeName":"/levels/hirochi_raceway/art/shapes/buildings/hr_plasticbarrier.DAE","useInstanceRenderData":true}
{"class":"TSStatic","__parent":"SimGroup_","position":[-117.494797,190.245514,25.0662575],"isRenderEnabled":false,"rotationMatrix":[-0.591217041,-0.806512415,0.000556899526,0.806512535,-0.59121716,-7.27595761e-11,0.000329248578,0.000449146319,0.999999821],"shapeName":"/levels/hirochi_raceway/art/shapes/buildings/hr_plasticbarrier_red.DAE","useInstanceRenderData":true}
{"class":"TSStatic","__parent":"SimGroup_","position":[-115.001785,193.649323,25.0664539],"isRenderEnabled":false,"rotationMatrix":[-0.591217041,-0.806512415,0.000556899526,0.806512535,-0.59121716,-7.27595761e-11,0.000329248578,0.000449146319,0.999999821],"shapeName":"/levels/hirochi_raceway/art/shapes/buildings/hr_plasticbarrier.DAE","useInstanceRenderData":true}
{"class":"TSStatic","__parent":"SimGroup_","position":[-112.508751,197.047287,25.0615616],"isRenderEnabled":false,"rotationMatrix":[-0.591217041,-0.806512415,0.000556899526,0.806512535,-0.59121716,-7.27595761e-11,0.000329248578,0.000449146319,0.999999821],"shapeName":"/levels/hirochi_raceway/art/shapes/buildings/hr_plasticbarrier_red.DAE","useInstanceRenderData":true}
{"class":"TSStatic","__parent":"SimGroup_","position":[-113.340942,195.914993,25.0648918],"isRenderEnabled":false,"rotationMatrix":[-0.591217041,-0.806512415,0.000556899526,0.806512535,-0.59121716,-7.27595761e-11,0.000329248578,0.000449146319,0.999999821],"shapeName":"/levels/hirochi_raceway/art/shapes/buildings/hr_plasticbarrier.DAE","useInstanceRenderData":true}
{"class":"TSStatic","__parent":"SimGroup_","position":[-114.171349,194.779221,25.0631275],"isRenderEnabled":false,"rotationMatrix":[-0.591217041,-0.806512415,0.000556899526,0.806512535,-0.59121716,-7.27595761e-11,0.000329248578,0.000449146319,0.999999821],"shapeName":"/levels/hirochi_raceway/art/shapes/buildings/hr_plasticbarrier_red.DAE","useInstanceRenderData":true}
{"class":"TSStatic","__parent":"SimGroup_","position":[-111.678337,198.183029,25.063324],"isRenderEnabled":false,"rotationMatrix":[-0.591217041,-0.806512415,0.000556899526,0.806512535,-0.59121716,-7.27595761e-11,0.000329248578,0.000449146319,0.999999821],"shapeName":"/levels/hirochi_raceway/art/shapes/buildings/hr_plasticbarrier.DAE","useInstanceRenderData":true}
{"class":"TSStatic","__parent":"SimGroup_","position":[-110.013016,200.454803,25.0848541],"isRenderEnabled":false,"rotationMatrix":[-0.59117198,-0.806451023,-0.0123293158,0.806512296,-0.591216922,0,-0.007289303,-0.00994374696,0.999924004],"shapeName":"/levels/hirochi_raceway/art/shapes/buildings/hr_plasticbarrier.DAE","useInstanceRenderData":true}
{"class":"TSStatic","__parent":"SimGroup_","position":[-110.843338,199.319153,25.0649605],"isRenderEnabled":false,"rotationMatrix":[-0.59117198,-0.806451023,-0.0123293158,0.806512296,-0.591216922,0,-0.007289303,-0.00994374696,0.999924004],"shapeName":"/levels/hirochi_raceway/art/shapes/buildings/hr_plasticbarrier_red.DAE","useInstanceRenderData":true}
{"class":"TSStatic","__parent":"SimGroup_","position":[-108.350533,202.722672,25.1195259],"isRenderEnabled":false,"rotationMatrix":[-0.59117198,-0.806451023,-0.0123293158,0.806512296,-0.591216922,0,-0.007289303,-0.00994374696,0.999924004],"shapeName":"/levels/hirochi_raceway/art/shapes/buildings/hr_plasticbarrier.DAE","useInstanceRenderData":true}
{"class":"TSStatic","__parent":"SimGroup_","position":[-109.180862,201.587036,25.0996323],"isRenderEnabled":false,"rotationMatrix":[-0.59117198,-0.806451023,-0.0123293158,0.806512296,-0.591216922,0,-0.007289303,-0.00994374696,0.999924004],"shapeName":"/levels/hirochi_raceway/art/shapes/buildings/hr_plasticbarrier_red.DAE","useInstanceRenderData":true}
{"class":"TSStatic","__parent":"SimGroup_","position":[-106.693413,204.983231,25.1313076],"isRenderEnabled":false,"rotationMatrix":[-0.591217279,-0.806512535,0,0.806512535,-0.591217279,0,0,0,1],"shapeName":"/levels/hirochi_raceway/art/shapes/buildings/hr_plasticbarrier.DAE","useInstanceRenderData":true}
{"class":"TSStatic","__parent":"SimGroup_","position":[-107.523819,203.847473,25.1287594],"isRenderEnabled":false,"rotationMatrix":[-0.591217279,-0.806512535,0,0.806512535,-0.591217279,0,0,0,1],"shapeName":"/levels/hirochi_raceway/art/shapes/buildings/hr_plasticbarrier_red.DAE","useInstanceRenderData":true}
{"class":"TSStatic","__parent":"SimGroup_","position":[-105.030807,207.251282,25.1313076],"isRenderEnabled":false,"rotationMatrix":[-0.591217279,-0.806512535,0,0.806512535,-0.591217279,0,0,0,1],"shapeName":"/levels/hirochi_raceway/art/shapes/buildings/hr_plasticbarrier.DAE","useInstanceRenderData":true}
{"class":"TSStatic","__parent":"SimGroup_","position":[-105.861214,206.115524,25.1287594],"isRenderEnabled":false,"rotationMatrix":[-0.591217279,-0.806512535,0,0.806512535,-0.591217279,0,0,0,1],"shapeName":"/levels/hirochi_raceway/art/shapes/buildings/hr_plasticbarrier_red.DAE","useInstanceRenderData":true}
