{"name":"SimGroup_","class":"SimGroup","groupPosition":"435.6691792806 -20.851615111033 28.242319901784"}
{"class":"TSStatic","__parent":"SimGroup_","position":[441.608093,-22.9214401,28.7405148],"isRenderEnabled":false,"rotationMatrix":[0.893461108,-0.44230336,0.0780697688,0.442898631,0.896510601,0.0104643293,-0.0746187791,0.0252275281,0.996892989],"shapeName":"/levels/hirochi_raceway/art/shapes/buildings/hr_plasticbarrier.DAE","useInstanceRenderData":true}
{"class":"TSStatic","__parent":"SimGroup_","position":[442.866119,-23.5422382,28.8478336],"isRenderEnabled":false,"rotationMatrix":[0.893461108,-0.44230336,0.0780697688,0.442898631,0.896510601,0.0104643293,-0.0746187791,0.0252275281,0.996892989],"shapeName":"/levels/hirochi_raceway/art/shapes/buildings/hr_plasticbarrier_red.DAE","useInstanceRenderData":true}
{"class":"TSStatic","__parent":"SimGroup_","position":[439.001282,-21.9471321,28.5207348],"isRenderEnabled":false,"rotationMatrix":[0.94438076,-0.319281429,0.0787679777,0.320276529,0.947324097,-1.86264515e-09,-0.0746188089,0.0252275392,0.996892989],"shapeName":"/levels/hirochi_raceway/art/shapes/buildings/hr_plasticbarrier.DAE","useInstanceRenderData":true}
{"class":"TSStatic","__parent":"SimGroup_","position":[440.330719,-22.3947563,28.6290169],"isRenderEnabled":false,"rotationMatrix":[0.94438076,-0.319281429,0.0787679777,0.320276529,0.947324097,-1.86264515e-09,-0.0746188089,0.0252275392,0.996892989],"shapeName":"/levels/hirochi_raceway/art/shapes/buildings/hr_plasticbarrier_red.DAE","useInstanceRenderData":true}
{"class":"TSStatic","__parent":"SimGroup_","position":[436.350372,-21.05089,28.2996273],"isRenderEnabled":false,"rotationMatrix":[0.94438076,-0.319281429,0.0787679777,0.320276529,0.947324097,-1.86264515e-09,-0.0746188089,0.0252275392,0.996892989],"shapeName":"/levels/hirochi_raceway/art/shapes/buildings/hr_plasticbarrier.DAE","useInstanceRenderData":true}
{"class":"TSStatic","__parent":"SimGroup_","position":[437.67981,-21.4985142,28.4079094],"isRenderEnabled":false,"rotationMatrix":[0.94438076,-0.319281429,0.0787679777,0.320276529,0.947324097,-1.86264515e-09,-0.0746188089,0.0252275392,0.996892989],"shapeName":"/levels/hirochi_raceway/art/shapes/buildings/hr_plasticbarrier_red.DAE","useInstanceRenderData":true}
{"class":"TSStatic","__parent":"SimGroup_","position":[433.692505,-20.1523094,28.0779438],"isRenderEnabled":false,"rotationMatrix":[0.94438076,-0.319281429,0.0787679777,0.320276529,0.947324097,-1.86264515e-09,-0.0746188089,0.0252275392,0.996892989],"shapeName":"/levels/hirochi_raceway/art/shapes/buildings/hr_plasticbarrier.DAE","useInstanceRenderData":true}
{"class":"TSStatic","__parent":"SimGroup_","position":[435.021942,-20.5999336,28.1862259],"isRenderEnabled":false,"rotationMatrix":[0.94438076,-0.319281429,0.0787679777,0.320276529,0.947324097,-1.86264515e-09,-0.0746188089,0.0252275392,0.996892989],"shapeName":"/levels/hirochi_raceway/art/shapes/buildings/hr_plasticbarrier_red.DAE","useInstanceRenderData":true}
{"class":"TSStatic","__parent":"SimGroup_","position":[431.031464,-19.2526455,27.8559933],"isRenderEnabled":false,"rotationMatrix":[0.94438076,-0.319281429,0.0787679777,0.320276529,0.947324097,-1.86264515e-09,-0.0746188089,0.0252275392,0.996892989],"shapeName":"/levels/hirochi_raceway/art/shapes/buildings/hr_plasticbarrier.DAE","useInstanceRenderData":true}
{"class":"TSStatic","__parent":"SimGroup_","position":[432.360901,-19.7002697,27.9642754],"isRenderEnabled":false,"rotationMatrix":[0.94438076,-0.319281429,0.0787679777,0.320276529,0.947324097,-1.86264515e-09,-0.0746188089,0.0252275392,0.996892989],"shapeName":"/levels/hirochi_raceway/art/shapes/buildings/hr_plasticbarrier_red.DAE","useInstanceRenderData":true}
{"class":"TSStatic","__parent":"SimGroup_","position":[429.708191,-18.8034382,27.7430229],"isRenderEnabled":false,"rotationMatrix":[0.94438076,-0.319281429,0.0787679777,0.320276529,0.947324097,-1.86264515e-09,-0.0746188089,0.0252275392,0.996892989],"shapeName":"/levels/hirochi_raceway/art/shapes/buildings/hr_plasticbarrier_red.DAE","useInstanceRenderData":true}
{"class":"TSStatic","__parent":"SimGroup_","position":[428.378754,-18.355814,27.6347408],"isRenderEnabled":false,"rotationMatrix":[0.94438076,-0.319281429,0.0787679777,0.320276529,0.947324097,-1.86264515e-09,-0.0746188089,0.0252275392,0.996892989],"shapeName":"/levels/hirochi_raceway/art/shapes/buildings/hr_plasticbarrier.DAE","useInstanceRenderData":true}
