{"name":"SimGroup_","class":"SimGroup","groupPosition":"59.379154750279 -193.34425717308 25.130728222075"}
{"class":"TSStatic","__parent":"SimGroup_","position":[56.6968994,-179.563354,25.1773605],"isRenderEnabled":false,"rotationMatrix":[0.19110775,-0.981565773,-0.00252281502,0.981568873,0.191108346,8.14907253e-10,0.000482129981,-0.00247631688,0.999996841],"shapeName":"/levels/hirochi_raceway/art/shapes/buildings/hr_plasticbarrier_red.DAE","useInstanceRenderData":true}
{"class":"TSStatic","__parent":"SimGroup_","position":[57.2331314,-182.317535,25.1702805],"isRenderEnabled":false,"rotationMatrix":[0.19110775,-0.981565773,-0.00252281502,0.981568873,0.191108346,8.14907253e-10,0.000482129981,-0.00247631688,0.999996841],"shapeName":"/levels/hirochi_raceway/art/shapes/buildings/hr_plasticbarrier_red.DAE","useInstanceRenderData":true}
{"class":"TSStatic","__parent":"SimGroup_","position":[56.9625511,-180.936874,25.1763783],"isRenderEnabled":false,"rotationMatrix":[0.19110775,-0.981565773,-0.00252281502,0.981568873,0.191108346,8.14907253e-10,0.000482129981,-0.00247631688,0.999996841],"shapeName":"/levels/hirochi_raceway/art/shapes/buildings/hr_plasticbarrier.DAE","useInstanceRenderData":true}
{"class":"TSStatic","__parent":"SimGroup_","position":[57.7701378,-185.075699,25.1631927],"isRenderEnabled":false,"rotationMatrix":[0.19110775,-0.981565773,-0.00252281502,0.981568873,0.191108346,8.14907253e-10,0.000482129981,-0.00247631688,0.999996841],"shapeName":"/levels/hirochi_raceway/art/shapes/buildings/hr_plasticbarrier_red.DAE","useInstanceRenderData":true}
{"class":"TSStatic","__parent":"SimGroup_","position":[57.4995575,-183.695038,25.1692905],"isRenderEnabled":false,"rotationMatrix":[0.19110775,-0.981565773,-0.00252281502,0.981568873,0.191108346,8.14907253e-10,0.000482129981,-0.00247631688,0.999996841],"shapeName":"/levels/hirochi_raceway/art/shapes/buildings/hr_plasticbarrier.DAE","useInstanceRenderData":true}
{"class":"TSStatic","__parent":"SimGroup_","position":[58.3072281,-187.83432,25.1561031],"isRenderEnabled":false,"rotationMatrix":[0.19110775,-0.981565773,-0.00252281502,0.981568873,0.191108346,8.14907253e-10,0.000482129981,-0.00247631688,0.999996841],"shapeName":"/levels/hirochi_raceway/art/shapes/buildings/hr_plasticbarrier_red.DAE","useInstanceRenderData":true}
{"class":"TSStatic","__parent":"SimGroup_","position":[58.0366478,-186.453644,25.1622009],"isRenderEnabled":false,"rotationMatrix":[0.19110775,-0.981565773,-0.00252281502,0.981568873,0.191108346,8.14907253e-10,0.000482129981,-0.00247631688,0.999996841],"shapeName":"/levels/hirochi_raceway/art/shapes/buildings/hr_plasticbarrier.DAE","useInstanceRenderData":true}
{"class":"TSStatic","__parent":"SimGroup_","position":[58.8442345,-190.592484,25.1490135],"isRenderEnabled":false,"rotationMatrix":[0.19110775,-0.981565773,-0.00252281502,0.981568873,0.191108346,8.14907253e-10,0.000482129981,-0.00247631688,0.999996841],"shapeName":"/levels/hirochi_raceway/art/shapes/buildings/hr_plasticbarrier_red.DAE","useInstanceRenderData":true}
{"class":"TSStatic","__parent":"SimGroup_","position":[58.5736542,-189.211807,25.1551113],"isRenderEnabled":false,"rotationMatrix":[0.19110775,-0.981565773,-0.00252281502,0.981568873,0.191108346,8.14907253e-10,0.000482129981,-0.00247631688,0.999996841],"shapeName":"/levels/hirochi_raceway/art/shapes/buildings/hr_plasticbarrier.DAE","useInstanceRenderData":true}
{"class":"TSStatic","__parent":"SimGroup_","position":[59.3804665,-193.346664,25.1419334],"isRenderEnabled":false,"rotationMatrix":[0.19110775,-0.981565773,-0.00252281502,0.981568873,0.191108346,8.14907253e-10,0.000482129981,-0.00247631688,0.999996841],"shapeName":"/levels/hirochi_raceway/art/shapes/buildings/hr_plasticbarrier_red.DAE","useInstanceRenderData":true}
{"class":"TSStatic","__parent":"SimGroup_","position":[59.1098862,-191.966003,25.1480312],"isRenderEnabled":false,"rotationMatrix":[0.19110775,-0.981565773,-0.00252281502,0.981568873,0.191108346,8.14907253e-10,0.000482129981,-0.00247631688,0.999996841],"shapeName":"/levels/hirochi_raceway/art/shapes/buildings/hr_plasticbarrier.DAE","useInstanceRenderData":true}
{"class":"TSStatic","__parent":"SimGroup_","position":[59.9174728,-196.104828,25.1348457],"isRenderEnabled":false,"rotationMatrix":[0.19110775,-0.981565773,-0.00252281502,0.981568873,0.191108346,8.14907253e-10,0.000482129981,-0.00247631688,0.999996841],"shapeName":"/levels/hirochi_raceway/art/shapes/buildings/hr_plasticbarrier_red.DAE","useInstanceRenderData":true}
{"class":"TSStatic","__parent":"SimGroup_","position":[59.6468925,-194.724167,25.1409435],"isRenderEnabled":false,"rotationMatrix":[0.19110775,-0.981565773,-0.00252281502,0.981568873,0.191108346,8.14907253e-10,0.000482129981,-0.00247631688,0.999996841],"shapeName":"/levels/hirochi_raceway/art/shapes/buildings/hr_plasticbarrier.DAE","useInstanceRenderData":true}
{"class":"TSStatic","__parent":"SimGroup_","position":[60.4531212,-198.856033,25.1136112],"isRenderEnabled":false,"rotationMatrix":[0.191102326,-0.98153919,-0.00778159685,0.981568873,0.191108167,0,0.00148712564,-0.00763817457,0.999969721],"shapeName":"/levels/hirochi_raceway/art/shapes/buildings/hr_plasticbarrier_red.DAE","useInstanceRenderData":true}
{"class":"TSStatic","__parent":"SimGroup_","position":[60.1825523,-197.475418,25.1271076],"isRenderEnabled":false,"rotationMatrix":[0.191102326,-0.98153919,-0.00778159685,0.981568873,0.191108167,0,0.00148712564,-0.00763817457,0.999969721],"shapeName":"/levels/hirochi_raceway/art/shapes/buildings/hr_plasticbarrier.DAE","useInstanceRenderData":true}
{"class":"TSStatic","__parent":"SimGroup_","position":[60.9901123,-201.61412,25.0917454],"isRenderEnabled":false,"rotationMatrix":[0.191102326,-0.98153919,-0.00778159685,0.981568873,0.191108167,0,0.00148712564,-0.00763817457,0.999969721],"shapeName":"/levels/hirochi_raceway/art/shapes/buildings/hr_plasticbarrier_red.DAE","useInstanceRenderData":true}
{"class":"TSStatic","__parent":"SimGroup_","position":[60.7195435,-200.233505,25.1052418],"isRenderEnabled":false,"rotationMatrix":[0.191102326,-0.98153919,-0.00778159685,0.981568873,0.191108167,0,0.00148712564,-0.00763817457,0.999969721],"shapeName":"/levels/hirochi_raceway/art/shapes/buildings/hr_plasticbarrier.DAE","useInstanceRenderData":true}
{"class":"TSStatic","__parent":"SimGroup_","position":[61.526329,-204.36824,25.06991],"isRenderEnabled":false,"rotationMatrix":[0.191102326,-0.98153919,-0.00778159685,0.981568873,0.191108167,0,0.00148712564,-0.00763817457,0.999969721],"shapeName":"/levels/hirochi_raceway/art/shapes/buildings/hr_plasticbarrier_red.DAE","useInstanceRenderData":true}
{"class":"TSStatic","__parent":"SimGroup_","position":[61.2557602,-202.987625,25.0834064],"isRenderEnabled":false,"rotationMatrix":[0.191102326,-0.98153919,-0.00778159685,0.981568873,0.191108167,0,0.00148712564,-0.00763817457,0.999969721],"shapeName":"/levels/hirochi_raceway/art/shapes/buildings/hr_plasticbarrier.DAE","useInstanceRenderData":true}
{"class":"TSStatic","__parent":"SimGroup_","position":[62.0633202,-207.126328,25.0480442],"isRenderEnabled":false,"rotationMatrix":[0.191102326,-0.98153919,-0.00778159685,0.981568873,0.191108167,0,0.00148712564,-0.00763817457,0.999969721],"shapeName":"/levels/hirochi_raceway/art/shapes/buildings/hr_plasticbarrier_red.DAE","useInstanceRenderData":true}
{"class":"TSStatic","__parent":"SimGroup_","position":[61.7927513,-205.745712,25.0615406],"isRenderEnabled":false,"rotationMatrix":[0.191102326,-0.98153919,-0.00778159685,0.981568873,0.191108167,0,0.00148712564,-0.00763817457,0.999969721],"shapeName":"/levels/hirochi_raceway/art/shapes/buildings/hr_plasticbarrier.DAE","useInstanceRenderData":true}
