{"name":"SimGroup_","class":"SimGroup","groupPosition":"-13.671258142461 246.44980477596 26.080999733745"}
{"class":"TSStatic","__parent":"SimGroup_","position":[33.4212265,240.834549,26.5892029],"isRenderEnabled":false,"rotationMatrix":[0.954541385,-0.298076987,-0.000909155642,0.298077166,0.954524517,0.00573935732,-0.000842959096,-0.00574945286,0.999983132],"shapeName":"/levels/hirochi_raceway/art/shapes/buildings/hr_plasticbarrier.DAE","useInstanceRenderData":true}
{"class":"TSStatic","__parent":"SimGroup_","position":[32.0644493,241.26004,26.5879574],"isRenderEnabled":false,"rotationMatrix":[0.954541385,-0.298076987,-0.000909155642,0.298077166,0.954524517,0.00573935732,-0.000842959096,-0.00574945286,0.999983132],"shapeName":"/levels/hirochi_raceway/art/shapes/buildings/hr_plasticbarrier_red.DAE","useInstanceRenderData":true}
{"class":"TSStatic","__parent":"SimGroup_","position":[30.7209549,241.677765,26.5917759],"isRenderEnabled":false,"rotationMatrix":[0.954541385,-0.298076987,-0.000909155642,0.298077166,0.954524517,0.00573935732,-0.000842959096,-0.00574945286,0.999983132],"shapeName":"/levels/hirochi_raceway/art/shapes/buildings/hr_plasticbarrier.DAE","useInstanceRenderData":true}
{"class":"TSStatic","__parent":"SimGroup_","position":[29.3797722,242.098419,26.5905209],"isRenderEnabled":false,"rotationMatrix":[0.954541385,-0.298076987,-0.000909155642,0.298077166,0.954524517,0.00573935732,-0.000842959096,-0.00574945286,0.999983132],"shapeName":"/levels/hirochi_raceway/art/shapes/buildings/hr_plasticbarrier_red.DAE","useInstanceRenderData":true}
{"class":"TSStatic","__parent":"SimGroup_","position":[28.0362549,242.516083,26.592741],"isRenderEnabled":false,"rotationMatrix":[0.954541385,-0.298076987,-0.000909155642,0.298077166,0.954524517,0.00573935732,-0.000842959096,-0.00574945286,0.999983132],"shapeName":"/levels/hirochi_raceway/art/shapes/buildings/hr_plasticbarrier.DAE","useInstanceRenderData":true}
{"class":"TSStatic","__parent":"SimGroup_","position":[26.6887779,242.938705,26.5930786],"isRenderEnabled":false,"rotationMatrix":[0.954541385,-0.298076987,-0.000909155642,0.298077166,0.954524517,0.00573935732,-0.000842959096,-0.00574945286,0.999983132],"shapeName":"/levels/hirochi_raceway/art/shapes/buildings/hr_plasticbarrier_red.DAE","useInstanceRenderData":true}
{"class":"TSStatic","__parent":"SimGroup_","position":[25.3452835,243.35643,26.5968971],"isRenderEnabled":false,"rotationMatrix":[0.954541385,-0.298076987,-0.000909155642,0.298077166,0.954524517,0.00573935732,-0.000842959096,-0.00574945286,0.999983132],"shapeName":"/levels/hirochi_raceway/art/shapes/buildings/hr_plasticbarrier.DAE","useInstanceRenderData":true}
{"class":"TSStatic","__parent":"SimGroup_","position":[24.0041008,243.777084,26.5956421],"isRenderEnabled":false,"rotationMatrix":[0.954541385,-0.298076987,-0.000909155642,0.298077166,0.954524517,0.00573935732,-0.000842959096,-0.00574945286,0.999983132],"shapeName":"/levels/hirochi_raceway/art/shapes/buildings/hr_plasticbarrier_red.DAE","useInstanceRenderData":true}
{"class":"TSStatic","__parent":"SimGroup_","position":[22.6605949,244.194839,26.582037],"isRenderEnabled":false,"rotationMatrix":[0.954541385,-0.298076987,-0.000909155642,0.298077166,0.954524517,0.00573935732,-0.000842959096,-0.00574945286,0.999983132],"shapeName":"/levels/hirochi_raceway/art/shapes/buildings/hr_plasticbarrier.DAE","useInstanceRenderData":true}
{"class":"TSStatic","__parent":"SimGroup_","position":[21.3309021,244.612,26.5688686],"isRenderEnabled":false,"rotationMatrix":[0.954307973,-0.298131853,0.020339746,0.298077196,0.954524517,0.00573935825,-0.0211258717,0.00058569992,0.999776661],"shapeName":"/levels/hirochi_raceway/art/shapes/buildings/hr_plasticbarrier_red.DAE","useInstanceRenderData":true}
{"class":"TSStatic","__parent":"SimGroup_","position":[19.9876709,245.029724,26.5602093],"isRenderEnabled":false,"rotationMatrix":[0.954307973,-0.298131853,0.020339746,0.298077196,0.954524517,0.00573935825,-0.0211258717,0.00058569992,0.999776661],"shapeName":"/levels/hirochi_raceway/art/shapes/buildings/hr_plasticbarrier.DAE","useInstanceRenderData":true}
{"class":"TSStatic","__parent":"SimGroup_","position":[18.6468658,245.450439,26.5290871],"isRenderEnabled":false,"rotationMatrix":[0.954307973,-0.298131853,0.020339746,0.298077196,0.954524517,0.00573935825,-0.0211258717,0.00058569992,0.999776661],"shapeName":"/levels/hirochi_raceway/art/shapes/buildings/hr_plasticbarrier_red.DAE","useInstanceRenderData":true}
{"class":"TSStatic","__parent":"SimGroup_","position":[17.3036232,245.868195,26.503006],"isRenderEnabled":false,"rotationMatrix":[0.954307973,-0.298131853,0.020339746,0.298077196,0.954524517,0.00573935825,-0.0211258717,0.00058569992,0.999776661],"shapeName":"/levels/hirochi_raceway/art/shapes/buildings/hr_plasticbarrier.DAE","useInstanceRenderData":true}
{"class":"TSStatic","__parent":"SimGroup_","position":[15.9007673,246.098114,26.4511986],"isRenderEnabled":false,"rotationMatrix":[0.998803794,-0.0276911538,0.0403006673,0.0277136695,0.999615908,-5.82076609e-11,-0.040285185,0.00111687952,0.999187589],"shapeName":"/levels/hirochi_raceway/art/shapes/buildings/hr_plasticbarrier_red.DAE","useInstanceRenderData":true}
{"class":"TSStatic","__parent":"SimGroup_","position":[14.4953623,246.135361,26.3970432],"isRenderEnabled":false,"rotationMatrix":[0.998803794,-0.0276911538,0.0403006673,0.0277136695,0.999615908,-5.82076609e-11,-0.040285185,0.00111687952,0.999187589],"shapeName":"/levels/hirochi_raceway/art/shapes/buildings/hr_plasticbarrier.DAE","useInstanceRenderData":true}
{"class":"TSStatic","__parent":"SimGroup_","position":[13.0915899,246.176025,26.3378544],"isRenderEnabled":false,"rotationMatrix":[0.998803794,-0.0276911538,0.0403006673,0.0277136695,0.999615908,-5.82076609e-11,-0.040285185,0.00111687952,0.999187589],"shapeName":"/levels/hirochi_raceway/art/shapes/buildings/hr_plasticbarrier_red.DAE","useInstanceRenderData":true}
{"class":"TSStatic","__parent":"SimGroup_","position":[11.6861792,246.213211,26.283699],"isRenderEnabled":false,"rotationMatrix":[0.998803794,-0.0276911538,0.0403006673,0.0277136695,0.999615908,-5.82076609e-11,-0.040285185,0.00111687952,0.999187589],"shapeName":"/levels/hirochi_raceway/art/shapes/buildings/hr_plasticbarrier.DAE","useInstanceRenderData":true}
{"class":"TSStatic","__parent":"SimGroup_","position":[10.2723074,246.25415,26.2553711],"isRenderEnabled":false,"rotationMatrix":[0.999614775,-0.0277136471,0.00150397897,0.0277136769,0.999615908,-1.45519152e-11,-0.00150340132,4.16808034e-05,0.999998868],"shapeName":"/levels/hirochi_raceway/art/shapes/buildings/hr_plasticbarrier_red.DAE","useInstanceRenderData":true}
{"class":"TSStatic","__parent":"SimGroup_","position":[8.86585903,246.291412,26.2558041],"isRenderEnabled":false,"rotationMatrix":[0.999614775,-0.0277136471,0.00150397897,0.0277136769,0.999615908,-1.45519152e-11,-0.00150340132,4.16808034e-05,0.999998868],"shapeName":"/levels/hirochi_raceway/art/shapes/buildings/hr_plasticbarrier.DAE","useInstanceRenderData":true}
{"class":"TSStatic","__parent":"SimGroup_","position":[7.4608469,246.332108,26.2511425],"isRenderEnabled":false,"rotationMatrix":[0.999614775,-0.0277136471,0.00150397897,0.0277136769,0.999615908,-1.45519152e-11,-0.00150340132,4.16808034e-05,0.999998868],"shapeName":"/levels/hirochi_raceway/art/shapes/buildings/hr_plasticbarrier_red.DAE","useInstanceRenderData":true}
{"class":"TSStatic","__parent":"SimGroup_","position":[6.05439472,246.369339,26.2515755],"isRenderEnabled":false,"rotationMatrix":[0.999614775,-0.0277136471,0.00150397897,0.0277136769,0.999615908,-1.45519152e-11,-0.00150340132,4.16808034e-05,0.999998868],"shapeName":"/levels/hirochi_raceway/art/shapes/buildings/hr_plasticbarrier.DAE","useInstanceRenderData":true}
{"class":"TSStatic","__parent":"SimGroup_","position":[4.66027737,246.409729,26.2469273],"isRenderEnabled":false,"rotationMatrix":[0.999614775,-0.0277136471,0.00150397897,0.0277136769,0.999615908,-1.45519152e-11,-0.00150340132,4.16808034e-05,0.999998868],"shapeName":"/levels/hirochi_raceway/art/shapes/buildings/hr_plasticbarrier_red.DAE","useInstanceRenderData":true}
{"class":"TSStatic","__parent":"SimGroup_","position":[3.25382519,246.446991,26.2473602],"isRenderEnabled":false,"rotationMatrix":[0.999614775,-0.0277136471,0.00150397897,0.0277136769,0.999615908,-1.45519152e-11,-0.00150340132,4.16808034e-05,0.999998868],"shapeName":"/levels/hirochi_raceway/art/shapes/buildings/hr_plasticbarrier.DAE","useInstanceRenderData":true}
{"class":"TSStatic","__parent":"SimGroup_","position":[1.84881496,246.487686,26.2426987],"isRenderEnabled":false,"rotationMatrix":[0.999614775,-0.0277136471,0.00150397897,0.0277136769,0.999615908,-1.45519152e-11,-0.00150340132,4.16808034e-05,0.999998868],"shapeName":"/levels/hirochi_raceway/art/shapes/buildings/hr_plasticbarrier_red.DAE","useInstanceRenderData":true}
{"class":"TSStatic","__parent":"SimGroup_","position":[0.442361832,246.524918,26.2431316],"isRenderEnabled":false,"rotationMatrix":[0.999614775,-0.0277136471,0.00150397897,0.0277136769,0.999615908,-1.45519152e-11,-0.00150340132,4.16808034e-05,0.999998868],"shapeName":"/levels/hirochi_raceway/art/shapes/buildings/hr_plasticbarrier.DAE","useInstanceRenderData":true}
{"class":"TSStatic","__parent":"SimGroup_","position":[-3.76705456,246.643387,26.1880283],"isRenderEnabled":false,"rotationMatrix":[0.999526024,-0.0277111866,0.0134084793,0.0277136788,0.999615908,0,-0.0134033291,0.000371598318,0.999910116],"shapeName":"/levels/hirochi_raceway/art/shapes/buildings/hr_plasticbarrier_red.DAE","useInstanceRenderData":true}
{"class":"TSStatic","__parent":"SimGroup_","position":[-2.36219215,246.602692,26.2094231],"isRenderEnabled":false,"rotationMatrix":[0.999526024,-0.0277111866,0.0134084793,0.0277136788,0.999615908,0,-0.0134033291,0.000371598318,0.999910116],"shapeName":"/levels/hirochi_raceway/art/shapes/buildings/hr_plasticbarrier.DAE","useInstanceRenderData":true}
{"class":"TSStatic","__parent":"SimGroup_","position":[-5.17341232,246.680618,26.171711],"isRenderEnabled":false,"rotationMatrix":[0.999526024,-0.0277111866,0.0134084793,0.0277136788,0.999615908,0,-0.0134033291,0.000371598318,0.999910116],"shapeName":"/levels/hirochi_raceway/art/shapes/buildings/hr_plasticbarrier.DAE","useInstanceRenderData":true}
{"class":"TSStatic","__parent":"SimGroup_","position":[-0.955828667,246.565445,26.2257404],"isRenderEnabled":false,"rotationMatrix":[0.999526024,-0.0277111866,0.0134084793,0.0277136788,0.999615908,0,-0.0134033291,0.000371598318,0.999910116],"shapeName":"/levels/hirochi_raceway/art/shapes/buildings/hr_plasticbarrier_red.DAE","useInstanceRenderData":true}
{"class":"TSStatic","__parent":"SimGroup_","position":[-6.5679493,246.721024,26.1504536],"isRenderEnabled":false,"rotationMatrix":[0.999526024,-0.0277111866,0.0134084793,0.0277136788,0.999615908,0,-0.0134033291,0.000371598318,0.999910116],"shapeName":"/levels/hirochi_raceway/art/shapes/buildings/hr_plasticbarrier_red.DAE","useInstanceRenderData":true}
{"class":"TSStatic","__parent":"SimGroup_","position":[-7.97430611,246.75827,26.1341362],"isRenderEnabled":false,"rotationMatrix":[0.999526024,-0.0277111866,0.0134084793,0.0277136788,0.999615908,0,-0.0134033291,0.000371598318,0.999910116],"shapeName":"/levels/hirochi_raceway/art/shapes/buildings/hr_plasticbarrier.DAE","useInstanceRenderData":true}
{"class":"TSStatic","__parent":"SimGroup_","position":[-9.37916183,246.798965,26.1127415],"isRenderEnabled":false,"rotationMatrix":[0.999526024,-0.0277111866,0.0134084793,0.0277136788,0.999615908,0,-0.0134033291,0.000371598318,0.999910116],"shapeName":"/levels/hirochi_raceway/art/shapes/buildings/hr_plasticbarrier_red.DAE","useInstanceRenderData":true}
{"class":"TSStatic","__parent":"SimGroup_","position":[-10.7855206,246.836197,26.096426],"isRenderEnabled":false,"rotationMatrix":[0.999526024,-0.0277111866,0.0134084793,0.0277136788,0.999615908,0,-0.0134033291,0.000371598318,0.999910116],"shapeName":"/levels/hirochi_raceway/art/shapes/buildings/hr_plasticbarrier.DAE","useInstanceRenderData":true}
{"class":"TSStatic","__parent":"SimGroup_","position":[-14.9998245,246.954803,26.0373421],"isRenderEnabled":false,"rotationMatrix":[0.999526024,-0.0277111866,0.0134084793,0.0277136788,0.999615908,0,-0.0134033291,0.000371598318,0.999910116],"shapeName":"/levels/hirochi_raceway/art/shapes/buildings/hr_plasticbarrier_red.DAE","useInstanceRenderData":true}
{"class":"TSStatic","__parent":"SimGroup_","position":[-13.5949631,246.914108,26.0587368],"isRenderEnabled":false,"rotationMatrix":[0.999526024,-0.0277111866,0.0134084793,0.0277136788,0.999615908,0,-0.0134033291,0.000371598318,0.999910116],"shapeName":"/levels/hirochi_raceway/art/shapes/buildings/hr_plasticbarrier.DAE","useInstanceRenderData":true}
{"class":"TSStatic","__parent":"SimGroup_","position":[-16.4061813,246.992035,26.0210247],"isRenderEnabled":false,"rotationMatrix":[0.999526024,-0.0277111866,0.0134084793,0.0277136788,0.999615908,0,-0.0134033291,0.000371598318,0.999910116],"shapeName":"/levels/hirochi_raceway/art/shapes/buildings/hr_plasticbarrier.DAE","useInstanceRenderData":true}
{"class":"TSStatic","__parent":"SimGroup_","position":[-12.1885996,246.876862,26.0750542],"isRenderEnabled":false,"rotationMatrix":[0.999526024,-0.0277111866,0.0134084793,0.0277136788,0.999615908,0,-0.0134033291,0.000371598318,0.999910116],"shapeName":"/levels/hirochi_raceway/art/shapes/buildings/hr_plasticbarrier_red.DAE","useInstanceRenderData":true}
{"class":"TSStatic","__parent":"SimGroup_","position":[-17.8064919,247.032608,25.999691],"isRenderEnabled":false,"rotationMatrix":[0.999526024,-0.0277111866,0.0134084793,0.0277136788,0.999615908,0,-0.0134033291,0.000371598318,0.999910116],"shapeName":"/levels/hirochi_raceway/art/shapes/buildings/hr_plasticbarrier_red.DAE","useInstanceRenderData":true}
{"class":"TSStatic","__parent":"SimGroup_","position":[-19.2128487,247.069855,25.9833736],"isRenderEnabled":false,"rotationMatrix":[0.999526024,-0.0277111866,0.0134084793,0.0277136788,0.999615908,0,-0.0134033291,0.000371598318,0.999910116],"shapeName":"/levels/hirochi_raceway/art/shapes/buildings/hr_plasticbarrier.DAE","useInstanceRenderData":true}
{"class":"TSStatic","__parent":"SimGroup_","position":[-20.6177044,247.11055,25.9619789],"isRenderEnabled":false,"rotationMatrix":[0.999526024,-0.0277111866,0.0134084793,0.0277136788,0.999615908,0,-0.0134033291,0.000371598318,0.999910116],"shapeName":"/levels/hirochi_raceway/art/shapes/buildings/hr_plasticbarrier_red.DAE","useInstanceRenderData":true}
{"class":"TSStatic","__parent":"SimGroup_","position":[-22.0240631,247.147781,25.9456635],"isRenderEnabled":false,"rotationMatrix":[0.999526024,-0.0277111866,0.0134084793,0.0277136788,0.999615908,0,-0.0134033291,0.000371598318,0.999910116],"shapeName":"/levels/hirochi_raceway/art/shapes/buildings/hr_plasticbarrier.DAE","useInstanceRenderData":true}
{"class":"TSStatic","__parent":"SimGroup_","position":[-26.2383671,247.266388,25.8865795],"isRenderEnabled":false,"rotationMatrix":[0.999526024,-0.0277111866,0.0134084793,0.0277136788,0.999615908,0,-0.0134033291,0.000371598318,0.999910116],"shapeName":"/levels/hirochi_raceway/art/shapes/buildings/hr_plasticbarrier_red.DAE","useInstanceRenderData":true}
{"class":"TSStatic","__parent":"SimGroup_","position":[-24.8335075,247.225693,25.9079742],"isRenderEnabled":false,"rotationMatrix":[0.999526024,-0.0277111866,0.0134084793,0.0277136788,0.999615908,0,-0.0134033291,0.000371598318,0.999910116],"shapeName":"/levels/hirochi_raceway/art/shapes/buildings/hr_plasticbarrier.DAE","useInstanceRenderData":true}
{"class":"TSStatic","__parent":"SimGroup_","position":[-27.6447277,247.303619,25.8702621],"isRenderEnabled":false,"rotationMatrix":[0.999526024,-0.0277111866,0.0134084793,0.0277136788,0.999615908,0,-0.0134033291,0.000371598318,0.999910116],"shapeName":"/levels/hirochi_raceway/art/shapes/buildings/hr_plasticbarrier.DAE","useInstanceRenderData":true}
{"class":"TSStatic","__parent":"SimGroup_","position":[-23.4271431,247.188446,25.9242916],"isRenderEnabled":false,"rotationMatrix":[0.999526024,-0.0277111866,0.0134084793,0.0277136788,0.999615908,0,-0.0134033291,0.000371598318,0.999910116],"shapeName":"/levels/hirochi_raceway/art/shapes/buildings/hr_plasticbarrier_red.DAE","useInstanceRenderData":true}
{"class":"TSStatic","__parent":"SimGroup_","position":[-29.0490227,247.344299,25.8488731],"isRenderEnabled":false,"rotationMatrix":[0.999526024,-0.0277111866,0.0134084793,0.0277136788,0.999615908,0,-0.0134033291,0.000371598318,0.999910116],"shapeName":"/levels/hirochi_raceway/art/shapes/buildings/hr_plasticbarrier_red.DAE","useInstanceRenderData":true}
{"class":"TSStatic","__parent":"SimGroup_","position":[-30.4553795,247.381546,25.8325558],"isRenderEnabled":false,"rotationMatrix":[0.999526024,-0.0277111866,0.0134084793,0.0277136788,0.999615908,0,-0.0134033291,0.000371598318,0.999910116],"shapeName":"/levels/hirochi_raceway/art/shapes/buildings/hr_plasticbarrier.DAE","useInstanceRenderData":true}
{"class":"TSStatic","__parent":"SimGroup_","position":[-31.8602333,247.422241,25.811161],"isRenderEnabled":false,"rotationMatrix":[0.999526024,-0.0277111866,0.0134084793,0.0277136788,0.999615908,0,-0.0134033291,0.000371598318,0.999910116],"shapeName":"/levels/hirochi_raceway/art/shapes/buildings/hr_plasticbarrier_red.DAE","useInstanceRenderData":true}
{"class":"TSStatic","__parent":"SimGroup_","position":[-33.2665939,247.459473,25.7948456],"isRenderEnabled":false,"rotationMatrix":[0.999526024,-0.0277111866,0.0134084793,0.0277136788,0.999615908,0,-0.0134033291,0.000371598318,0.999910116],"shapeName":"/levels/hirochi_raceway/art/shapes/buildings/hr_plasticbarrier.DAE","useInstanceRenderData":true}
{"class":"TSStatic","__parent":"SimGroup_","position":[-37.4808846,247.578079,25.7357616],"isRenderEnabled":false,"rotationMatrix":[0.999526024,-0.0277111866,0.0134084793,0.0277136788,0.999615908,0,-0.0134033291,0.000371598318,0.999910116],"shapeName":"/levels/hirochi_raceway/art/shapes/buildings/hr_plasticbarrier_red.DAE","useInstanceRenderData":true}
{"class":"TSStatic","__parent":"SimGroup_","position":[-36.0760269,247.537384,25.7571564],"isRenderEnabled":false,"rotationMatrix":[0.999526024,-0.0277111866,0.0134084793,0.0277136788,0.999615908,0,-0.0134033291,0.000371598318,0.999910116],"shapeName":"/levels/hirochi_raceway/art/shapes/buildings/hr_plasticbarrier.DAE","useInstanceRenderData":true}
{"class":"TSStatic","__parent":"SimGroup_","position":[-38.8872414,247.615311,25.7194443],"isRenderEnabled":false,"rotationMatrix":[0.999526024,-0.0277111866,0.0134084793,0.0277136788,0.999615908,0,-0.0134033291,0.000371598318,0.999910116],"shapeName":"/levels/hirochi_raceway/art/shapes/buildings/hr_plasticbarrier.DAE","useInstanceRenderData":true}
{"class":"TSStatic","__parent":"SimGroup_","position":[-34.6696739,247.500137,25.7734737],"isRenderEnabled":false,"rotationMatrix":[0.999526024,-0.0277111866,0.0134084793,0.0277136788,0.999615908,0,-0.0134033291,0.000371598318,0.999910116],"shapeName":"/levels/hirochi_raceway/art/shapes/buildings/hr_plasticbarrier_red.DAE","useInstanceRenderData":true}
{"class":"TSStatic","__parent":"SimGroup_","position":[-40.2891045,247.655914,25.7118664],"isRenderEnabled":false,"rotationMatrix":[0.999615908,-0.0277136825,0,0.0277136825,0.999615908,0,0,0,1],"shapeName":"/levels/hirochi_raceway/art/shapes/buildings/hr_plasticbarrier_red.DAE","useInstanceRenderData":true}
{"class":"TSStatic","__parent":"SimGroup_","position":[-41.6955528,247.693161,25.7144146],"isRenderEnabled":false,"rotationMatrix":[0.999615908,-0.0277136825,0,0.0277136825,0.999615908,0,0,0,1],"shapeName":"/levels/hirochi_raceway/art/shapes/buildings/hr_plasticbarrier.DAE","useInstanceRenderData":true}
{"class":"TSStatic","__parent":"SimGroup_","position":[-43.1005707,247.733856,25.7118664],"isRenderEnabled":false,"rotationMatrix":[0.999615908,-0.0277136825,0,0.0277136825,0.999615908,0,0,0,1],"shapeName":"/levels/hirochi_raceway/art/shapes/buildings/hr_plasticbarrier_red.DAE","useInstanceRenderData":true}
{"class":"TSStatic","__parent":"SimGroup_","position":[-44.507019,247.771103,25.7144146],"isRenderEnabled":false,"rotationMatrix":[0.999615908,-0.0277136825,0,0.0277136825,0.999615908,0,0,0,1],"shapeName":"/levels/hirochi_raceway/art/shapes/buildings/hr_plasticbarrier.DAE","useInstanceRenderData":true}
{"class":"TSStatic","__parent":"SimGroup_","position":[-48.7217255,247.889709,25.7118664],"isRenderEnabled":false,"rotationMatrix":[0.999615908,-0.0277136825,0,0.0277136825,0.999615908,0,0,0,1],"shapeName":"/levels/hirochi_raceway/art/shapes/buildings/hr_plasticbarrier_red.DAE","useInstanceRenderData":true}
{"class":"TSStatic","__parent":"SimGroup_","position":[-47.3167076,247.849014,25.7144146],"isRenderEnabled":false,"rotationMatrix":[0.999615908,-0.0277136825,0,0.0277136825,0.999615908,0,0,0,1],"shapeName":"/levels/hirochi_raceway/art/shapes/buildings/hr_plasticbarrier.DAE","useInstanceRenderData":true}
{"class":"TSStatic","__parent":"SimGroup_","position":[-50.1281738,247.926956,25.7144146],"isRenderEnabled":false,"rotationMatrix":[0.999615908,-0.0277136825,0,0.0277136825,0.999615908,0,0,0,1],"shapeName":"/levels/hirochi_raceway/art/shapes/buildings/hr_plasticbarrier.DAE","useInstanceRenderData":true}
{"class":"TSStatic","__parent":"SimGroup_","position":[-45.9102592,247.811768,25.7118664],"isRenderEnabled":false,"rotationMatrix":[0.999615908,-0.0277136825,0,0.0277136825,0.999615908,0,0,0,1],"shapeName":"/levels/hirochi_raceway/art/shapes/buildings/hr_plasticbarrier_red.DAE","useInstanceRenderData":true}
{"class":"TSStatic","__parent":"SimGroup_","position":[-51.5261955,247.967468,25.7118664],"isRenderEnabled":false,"rotationMatrix":[0.999615908,-0.0277136825,0,0.0277136825,0.999615908,0,0,0,1],"shapeName":"/levels/hirochi_raceway/art/shapes/buildings/hr_plasticbarrier_red.DAE","useInstanceRenderData":true}
{"class":"TSStatic","__parent":"SimGroup_","position":[-52.9326439,248.004715,25.7144146],"isRenderEnabled":false,"rotationMatrix":[0.999615908,-0.0277136825,0,0.0277136825,0.999615908,0,0,0,1],"shapeName":"/levels/hirochi_raceway/art/shapes/buildings/hr_plasticbarrier.DAE","useInstanceRenderData":true}
{"class":"TSStatic","__parent":"SimGroup_","position":[-54.3376617,248.04541,25.7118664],"isRenderEnabled":false,"rotationMatrix":[0.999615908,-0.0277136825,0,0.0277136825,0.999615908,0,0,0,1],"shapeName":"/levels/hirochi_raceway/art/shapes/buildings/hr_plasticbarrier_red.DAE","useInstanceRenderData":true}
{"class":"TSStatic","__parent":"SimGroup_","position":[-55.7441101,248.082657,25.7144146],"isRenderEnabled":false,"rotationMatrix":[0.999615908,-0.0277136825,0,0.0277136825,0.999615908,0,0,0,1],"shapeName":"/levels/hirochi_raceway/art/shapes/buildings/hr_plasticbarrier.DAE","useInstanceRenderData":true}
{"class":"TSStatic","__parent":"SimGroup_","position":[-59.9588165,248.201263,25.7118664],"isRenderEnabled":false,"rotationMatrix":[0.999615908,-0.0277136825,0,0.0277136825,0.999615908,0,0,0,1],"shapeName":"/levels/hirochi_raceway/art/shapes/buildings/hr_plasticbarrier_red.DAE","useInstanceRenderData":true}
{"class":"TSStatic","__parent":"SimGroup_","position":[-58.5537987,248.160568,25.7144146],"isRenderEnabled":false,"rotationMatrix":[0.999615908,-0.0277136825,0,0.0277136825,0.999615908,0,0,0,1],"shapeName":"/levels/hirochi_raceway/art/shapes/buildings/hr_plasticbarrier.DAE","useInstanceRenderData":true}
{"class":"TSStatic","__parent":"SimGroup_","position":[-61.3652649,248.23851,25.7144146],"isRenderEnabled":false,"rotationMatrix":[0.999615908,-0.0277136825,0,0.0277136825,0.999615908,0,0,0,1],"shapeName":"/levels/hirochi_raceway/art/shapes/buildings/hr_plasticbarrier.DAE","useInstanceRenderData":true}
{"class":"TSStatic","__parent":"SimGroup_","position":[-57.1473503,248.123322,25.7118664],"isRenderEnabled":false,"rotationMatrix":[0.999615908,-0.0277136825,0,0.0277136825,0.999615908,0,0,0,1],"shapeName":"/levels/hirochi_raceway/art/shapes/buildings/hr_plasticbarrier_red.DAE","useInstanceRenderData":true}
