{"name":"SimGroup_","class":"SimGroup","groupPosition":"284.37418948903 -264.8983706306 47.018857282751"}
{"class":"TSStatic","__parent":"SimGroup_","position":[304.22348,-275.062225,45.3731651],"isRenderEnabled":false,"rotationMatrix":[0.50779736,-0.85564822,-0.10003861,0.859987438,0.510314763,0.000494394451,0.050628148,-0.0862830132,0.994983435],"shapeName":"/levels/hirochi_raceway/art/shapes/buildings/hr_plasticbarrier_red.DAE","useInstanceRenderData":true}
{"class":"TSStatic","__parent":"SimGroup_","position":[303.507721,-273.859589,45.5164528],"isRenderEnabled":false,"rotationMatrix":[0.50779736,-0.85564822,-0.10003861,0.859987438,0.510314763,0.000494394451,0.050628148,-0.0862830132,0.994983435],"shapeName":"/levels/hirochi_raceway/art/shapes/buildings/hr_plasticbarrier.DAE","useInstanceRenderData":true}
{"class":"TSStatic","__parent":"SimGroup_","position":[302.704437,-272.746002,45.6513176],"isRenderEnabled":false,"rotationMatrix":[0.652103305,-0.751721203,-0.0983690619,0.756437719,0.65381223,0.0182071961,0.0506281555,-0.086283043,0.994983435],"shapeName":"/levels/hirochi_raceway/art/shapes/buildings/hr_plasticbarrier_red.DAE","useInstanceRenderData":true}
{"class":"TSStatic","__parent":"SimGroup_","position":[301.785828,-271.689819,45.7922249],"isRenderEnabled":false,"rotationMatrix":[0.652103305,-0.751721203,-0.0983690619,0.756437719,0.65381223,0.0182071961,0.0506281555,-0.086283043,0.994983435],"shapeName":"/levels/hirochi_raceway/art/shapes/buildings/hr_plasticbarrier.DAE","useInstanceRenderData":true}
{"class":"TSStatic","__parent":"SimGroup_","position":[300.873291,-270.635132,45.9275398],"isRenderEnabled":false,"rotationMatrix":[0.652103305,-0.751721203,-0.0983690619,0.756437719,0.65381223,0.0182071961,0.0506281555,-0.086283043,0.994983435],"shapeName":"/levels/hirochi_raceway/art/shapes/buildings/hr_plasticbarrier_red.DAE","useInstanceRenderData":true}
{"class":"TSStatic","__parent":"SimGroup_","position":[299.954681,-269.578949,46.0684471],"isRenderEnabled":false,"rotationMatrix":[0.652103305,-0.751721203,-0.0983690619,0.756437719,0.65381223,0.0182071961,0.0506281555,-0.086283043,0.994983435],"shapeName":"/levels/hirochi_raceway/art/shapes/buildings/hr_plasticbarrier.DAE","useInstanceRenderData":true}
{"class":"TSStatic","__parent":"SimGroup_","position":[299.04837,-268.531097,46.1919441],"isRenderEnabled":false,"rotationMatrix":[0.652716339,-0.752797663,-0.0851876512,0.756437719,0.65381217,0.018207198,0.041990377,-0.0763232931,0.996198535],"shapeName":"/levels/hirochi_raceway/art/shapes/buildings/hr_plasticbarrier_red.DAE","useInstanceRenderData":true}
{"class":"TSStatic","__parent":"SimGroup_","position":[298.128876,-267.473358,46.3143082],"isRenderEnabled":false,"rotationMatrix":[0.652716339,-0.752797663,-0.0851876512,0.756437719,0.65381217,0.018207198,0.041990377,-0.0763232931,0.996198535],"shapeName":"/levels/hirochi_raceway/art/shapes/buildings/hr_plasticbarrier.DAE","useInstanceRenderData":true}
{"class":"TSStatic","__parent":"SimGroup_","position":[297.218506,-266.420654,46.4307632],"isRenderEnabled":false,"rotationMatrix":[0.652716339,-0.752797663,-0.0851876512,0.756437719,0.65381217,0.018207198,0.041990377,-0.0763232931,0.996198535],"shapeName":"/levels/hirochi_raceway/art/shapes/buildings/hr_plasticbarrier_red.DAE","useInstanceRenderData":true}
{"class":"TSStatic","__parent":"SimGroup_","position":[296.299011,-265.362915,46.5531273],"isRenderEnabled":false,"rotationMatrix":[0.652716339,-0.752797663,-0.0851876512,0.756437719,0.65381217,0.018207198,0.041990377,-0.0763232931,0.996198535],"shapeName":"/levels/hirochi_raceway/art/shapes/buildings/hr_plasticbarrier.DAE","useInstanceRenderData":true}
{"class":"TSStatic","__parent":"SimGroup_","position":[295.393555,-264.315552,46.65765],"isRenderEnabled":false,"rotationMatrix":[0.653097868,-0.753512144,-0.0753836557,0.756437898,0.65381217,0.018207211,0.0355674028,-0.0689141303,0.996988356],"shapeName":"/levels/hirochi_raceway/art/shapes/buildings/hr_plasticbarrier_red.DAE","useInstanceRenderData":true}
{"class":"TSStatic","__parent":"SimGroup_","position":[294.473511,-263.256775,46.7662239],"isRenderEnabled":false,"rotationMatrix":[0.653097868,-0.753512144,-0.0753836557,0.756437898,0.65381217,0.018207211,0.0355674028,-0.0689141303,0.996988356],"shapeName":"/levels/hirochi_raceway/art/shapes/buildings/hr_plasticbarrier.DAE","useInstanceRenderData":true}
{"class":"TSStatic","__parent":"SimGroup_","position":[293.561005,-262.201233,46.869175],"isRenderEnabled":false,"rotationMatrix":[0.653097868,-0.753512144,-0.0753836557,0.756437898,0.65381217,0.018207211,0.0355674028,-0.0689141303,0.996988356],"shapeName":"/levels/hirochi_raceway/art/shapes/buildings/hr_plasticbarrier_red.DAE","useInstanceRenderData":true}
{"class":"TSStatic","__parent":"SimGroup_","position":[292.640961,-261.142456,46.9777489],"isRenderEnabled":false,"rotationMatrix":[0.653097868,-0.753512144,-0.0753836557,0.756437898,0.65381217,0.018207211,0.0355674028,-0.0689141303,0.996988356],"shapeName":"/levels/hirochi_raceway/art/shapes/buildings/hr_plasticbarrier.DAE","useInstanceRenderData":true}
{"class":"TSStatic","__parent":"SimGroup_","position":[291.731903,-260.09079,47.0740395],"isRenderEnabled":false,"rotationMatrix":[0.653571129,-0.754490614,-0.0599053055,0.756437778,0.65381217,0.0182072017,0.0254296456,-0.0572143421,0.998037994],"shapeName":"/levels/hirochi_raceway/art/shapes/buildings/hr_plasticbarrier_red.DAE","useInstanceRenderData":true}
{"class":"TSStatic","__parent":"SimGroup_","position":[290.811188,-259.030609,47.1608391],"isRenderEnabled":false,"rotationMatrix":[0.653571129,-0.754490614,-0.0599053055,0.756437778,0.65381217,0.0182072017,0.0254296456,-0.0572143421,0.998037994],"shapeName":"/levels/hirochi_raceway/art/shapes/buildings/hr_plasticbarrier.DAE","useInstanceRenderData":true}
{"class":"TSStatic","__parent":"SimGroup_","position":[289.909729,-257.987,47.2306099],"isRenderEnabled":false,"rotationMatrix":[0.653922379,-0.755396664,-0.0419689789,0.756437838,0.65381211,0.0182072129,0.0136861587,-0.0436530262,0.998952985],"shapeName":"/levels/hirochi_raceway/art/shapes/buildings/hr_plasticbarrier_red.DAE","useInstanceRenderData":true}
{"class":"TSStatic","__parent":"SimGroup_","position":[288.988495,-256.925507,47.2921791],"isRenderEnabled":false,"rotationMatrix":[0.653922379,-0.755396664,-0.0419689789,0.756437838,0.65381211,0.0182072129,0.0136861587,-0.0436530262,0.998952985],"shapeName":"/levels/hirochi_raceway/art/shapes/buildings/hr_plasticbarrier.DAE","useInstanceRenderData":true}
{"class":"TSStatic","__parent":"SimGroup_","position":[288.078064,-255.871094,47.3481674],"isRenderEnabled":false,"rotationMatrix":[0.653922379,-0.755396664,-0.0419689789,0.756437838,0.65381211,0.0182072129,0.0136861587,-0.0436530262,0.998952985],"shapeName":"/levels/hirochi_raceway/art/shapes/buildings/hr_plasticbarrier_red.DAE","useInstanceRenderData":true}
{"class":"TSStatic","__parent":"SimGroup_","position":[287.15683,-254.809616,47.4097366],"isRenderEnabled":false,"rotationMatrix":[0.653922379,-0.755396664,-0.0419689789,0.756437838,0.65381211,0.0182072129,0.0136861587,-0.0436530262,0.998952985],"shapeName":"/levels/hirochi_raceway/art/shapes/buildings/hr_plasticbarrier.DAE","useInstanceRenderData":true}
{"class":"TSStatic","__parent":"SimGroup_","position":[271.774567,-273.224518,46.952179],"isRenderEnabled":false,"rotationMatrix":[0.412766516,-0.907087088,-0.0825625658,0.910194635,0.414180577,1.11758709e-08,0.0341957882,-0.0751480162,0.996585906],"shapeName":"/levels/hirochi_raceway/art/shapes/buildings/hr_plasticbarrier_red.DAE","useInstanceRenderData":true}
{"class":"TSStatic","__parent":"SimGroup_","position":[271.192383,-271.949158,47.0708847],"isRenderEnabled":false,"rotationMatrix":[0.412766516,-0.907087088,-0.0825625658,0.910194635,0.414180577,1.11758709e-08,0.0341957882,-0.0751480162,0.996585906],"shapeName":"/levels/hirochi_raceway/art/shapes/buildings/hr_plasticbarrier.DAE","useInstanceRenderData":true}
{"class":"TSStatic","__parent":"SimGroup_","position":[270.037354,-269.410858,47.3019104],"isRenderEnabled":false,"rotationMatrix":[0.412766516,-0.907087088,-0.0825625658,0.910194635,0.414180577,1.11758709e-08,0.0341957882,-0.0751480162,0.996585906],"shapeName":"/levels/hirochi_raceway/art/shapes/buildings/hr_plasticbarrier.DAE","useInstanceRenderData":true}
{"class":"TSStatic","__parent":"SimGroup_","position":[270.619537,-270.686249,47.1832123],"isRenderEnabled":false,"rotationMatrix":[0.412766516,-0.907087088,-0.0825625658,0.910194635,0.414180577,1.11758709e-08,0.0341957882,-0.0751480162,0.996585906],"shapeName":"/levels/hirochi_raceway/art/shapes/buildings/hr_plasticbarrier_red.DAE","useInstanceRenderData":true}
{"class":"TSStatic","__parent":"SimGroup_","position":[269.460297,-268.138702,47.4150848],"isRenderEnabled":false,"rotationMatrix":[0.412766516,-0.907087088,-0.0825625658,0.910194635,0.414180577,1.11758709e-08,0.0341957882,-0.0751480162,0.996585906],"shapeName":"/levels/hirochi_raceway/art/shapes/buildings/hr_plasticbarrier_red.DAE","useInstanceRenderData":true}
{"class":"TSStatic","__parent":"SimGroup_","position":[268.878113,-266.863342,47.5337906],"isRenderEnabled":false,"rotationMatrix":[0.412766516,-0.907087088,-0.0825625658,0.910194635,0.414180577,1.11758709e-08,0.0341957882,-0.0751480162,0.996585906],"shapeName":"/levels/hirochi_raceway/art/shapes/buildings/hr_plasticbarrier.DAE","useInstanceRenderData":true}
{"class":"TSStatic","__parent":"SimGroup_","position":[267.729309,-264.338745,47.7858162],"isRenderEnabled":false,"rotationMatrix":[0.412384987,-0.906249344,-0.093009457,0.910194814,0.414180338,7.4505806e-09,0.0385226756,-0.0846567303,0.995665252],"shapeName":"/levels/hirochi_raceway/art/shapes/buildings/hr_plasticbarrier.DAE","useInstanceRenderData":true}
{"class":"TSStatic","__parent":"SimGroup_","position":[268.310944,-265.612915,47.65242],"isRenderEnabled":false,"rotationMatrix":[0.412384987,-0.906249344,-0.093009457,0.910194814,0.414180338,7.4505806e-09,0.0385226756,-0.0846567303,0.995665252],"shapeName":"/levels/hirochi_raceway/art/shapes/buildings/hr_plasticbarrier_red.DAE","useInstanceRenderData":true}
{"class":"TSStatic","__parent":"SimGroup_","position":[267.152771,-263.067719,47.9136353],"isRenderEnabled":false,"rotationMatrix":[0.412384987,-0.906249344,-0.093009457,0.910194814,0.414180338,7.4505806e-09,0.0385226756,-0.0846567303,0.995665252],"shapeName":"/levels/hirochi_raceway/art/shapes/buildings/hr_plasticbarrier_red.DAE","useInstanceRenderData":true}
{"class":"TSStatic","__parent":"SimGroup_","position":[266.571136,-261.793579,48.0470352],"isRenderEnabled":false,"rotationMatrix":[0.412384987,-0.906249344,-0.093009457,0.910194814,0.414180338,7.4505806e-09,0.0385226756,-0.0846567303,0.995665252],"shapeName":"/levels/hirochi_raceway/art/shapes/buildings/hr_plasticbarrier.DAE","useInstanceRenderData":true}
{"class":"TSStatic","__parent":"SimGroup_","position":[265.415558,-259.254028,48.2509689],"isRenderEnabled":false,"rotationMatrix":[0.413318455,-0.908300817,-0.0644771606,0.910194814,0.414180279,5.58793545e-09,0.026705157,-0.0586867854,0.997919202],"shapeName":"/levels/hirochi_raceway/art/shapes/buildings/hr_plasticbarrier.DAE","useInstanceRenderData":true}
{"class":"TSStatic","__parent":"SimGroup_","position":[265.998535,-260.531128,48.1577072],"isRenderEnabled":false,"rotationMatrix":[0.413318455,-0.908300817,-0.0644771606,0.910194814,0.414180279,5.58793545e-09,0.026705157,-0.0586867854,0.997919202],"shapeName":"/levels/hirochi_raceway/art/shapes/buildings/hr_plasticbarrier_red.DAE","useInstanceRenderData":true}
{"class":"TSStatic","__parent":"SimGroup_","position":[264.837738,-257.980194,48.3387909],"isRenderEnabled":false,"rotationMatrix":[0.413318455,-0.908300817,-0.0644771606,0.910194814,0.414180279,5.58793545e-09,0.026705157,-0.0586867854,0.997919202],"shapeName":"/levels/hirochi_raceway/art/shapes/buildings/hr_plasticbarrier_red.DAE","useInstanceRenderData":true}
{"class":"TSStatic","__parent":"SimGroup_","position":[264.254761,-256.703094,48.4320526],"isRenderEnabled":false,"rotationMatrix":[0.413318455,-0.908300817,-0.0644771606,0.910194814,0.414180279,5.58793545e-09,0.026705157,-0.0586867854,0.997919202],"shapeName":"/levels/hirochi_raceway/art/shapes/buildings/hr_plasticbarrier.DAE","useInstanceRenderData":true}
