{"name":"SimGroup_","class":"SimGroup","groupPosition":"2.3046310118267 -119.0472240448 26.250584329878"}
{"class":"TSStatic","__parent":"SimGroup_","position":[-6.01463127,-102.009094,27.0103073],"isRenderEnabled":false,"rotationMatrix":[0.438104987,-0.897195458,-0.055716984,0.898693085,0.438554883,0.00453123078,0.0203695595,-0.0520576164,0.998436332],"shapeName":"/levels/hirochi_raceway/art/shapes/buildings/hr_plasticbarrier.DAE","useInstanceRenderData":true}
{"class":"TSStatic","__parent":"SimGroup_","position":[-5.39673424,-103.270523,26.9293823],"isRenderEnabled":false,"rotationMatrix":[0.438104987,-0.897195458,-0.055716984,0.898693085,0.438554883,0.00453123078,0.0203695595,-0.0520576164,0.998436332],"shapeName":"/levels/hirochi_raceway/art/shapes/buildings/hr_plasticbarrier_red.DAE","useInstanceRenderData":true}
{"class":"TSStatic","__parent":"SimGroup_","position":[-4.78547668,-104.526291,26.8539848],"isRenderEnabled":false,"rotationMatrix":[0.438104987,-0.897195458,-0.055716984,0.898693085,0.438554883,0.00453123078,0.0203695595,-0.0520576164,0.998436332],"shapeName":"/levels/hirochi_raceway/art/shapes/buildings/hr_plasticbarrier.DAE","useInstanceRenderData":true}
{"class":"TSStatic","__parent":"SimGroup_","position":[-4.16757679,-105.787704,26.7730598],"isRenderEnabled":false,"rotationMatrix":[0.438104987,-0.897195458,-0.055716984,0.898693085,0.438554883,0.00453123078,0.0203695595,-0.0520576164,0.998436332],"shapeName":"/levels/hirochi_raceway/art/shapes/buildings/hr_plasticbarrier_red.DAE","useInstanceRenderData":true}
{"class":"TSStatic","__parent":"SimGroup_","position":[-3.55383134,-107.048569,26.6973495],"isRenderEnabled":false,"rotationMatrix":[0.438104987,-0.897195458,-0.055716984,0.898693085,0.438554883,0.00453123078,0.0203695595,-0.0520576164,0.998436332],"shapeName":"/levels/hirochi_raceway/art/shapes/buildings/hr_plasticbarrier.DAE","useInstanceRenderData":true}
{"class":"TSStatic","__parent":"SimGroup_","position":[-2.93593526,-108.309998,26.6164246],"isRenderEnabled":false,"rotationMatrix":[0.438104987,-0.897195458,-0.055716984,0.898693085,0.438554883,0.00453123078,0.0203695595,-0.0520576164,0.998436332],"shapeName":"/levels/hirochi_raceway/art/shapes/buildings/hr_plasticbarrier_red.DAE","useInstanceRenderData":true}
{"class":"TSStatic","__parent":"SimGroup_","position":[-2.31748796,-109.580666,26.5580711],"isRenderEnabled":false,"rotationMatrix":[0.438446224,-0.898121297,-0.0338065363,0.898692906,0.438554704,0.00453122891,0.010756419,-0.0323683992,0.999418139],"shapeName":"/levels/hirochi_raceway/art/shapes/buildings/hr_plasticbarrier.DAE","useInstanceRenderData":true}
{"class":"TSStatic","__parent":"SimGroup_","position":[-1.69908404,-110.84343,26.5079689],"isRenderEnabled":false,"rotationMatrix":[0.438446224,-0.898121297,-0.0338065363,0.898692906,0.438554704,0.00453122891,0.010756419,-0.0323683992,0.999418139],"shapeName":"/levels/hirochi_raceway/art/shapes/buildings/hr_plasticbarrier_red.DAE","useInstanceRenderData":true}
{"class":"TSStatic","__parent":"SimGroup_","position":[-1.08488345,-112.105545,26.4630318],"isRenderEnabled":false,"rotationMatrix":[0.438446224,-0.898121297,-0.0338065363,0.898692906,0.438554704,0.00453122891,0.010756419,-0.0323683992,0.999418139],"shapeName":"/levels/hirochi_raceway/art/shapes/buildings/hr_plasticbarrier.DAE","useInstanceRenderData":true}
{"class":"TSStatic","__parent":"SimGroup_","position":[-0.466482401,-113.368324,26.4129314],"isRenderEnabled":false,"rotationMatrix":[0.438446224,-0.898121297,-0.0338065363,0.898692906,0.438554704,0.00453122891,0.010756419,-0.0323683992,0.999418139],"shapeName":"/levels/hirochi_raceway/art/shapes/buildings/hr_plasticbarrier_red.DAE","useInstanceRenderData":true}
{"class":"TSStatic","__parent":"SimGroup_","position":[0.144556046,-114.623962,26.3682365],"isRenderEnabled":false,"rotationMatrix":[0.438446224,-0.898121297,-0.0338065363,0.898692906,0.438554704,0.00453122891,0.010756419,-0.0323683992,0.999418139],"shapeName":"/levels/hirochi_raceway/art/shapes/buildings/hr_plasticbarrier.DAE","useInstanceRenderData":true}
{"class":"TSStatic","__parent":"SimGroup_","position":[0.762959957,-115.886726,26.3181343],"isRenderEnabled":false,"rotationMatrix":[0.438446224,-0.898121297,-0.0338065363,0.898692906,0.438554704,0.00453122891,0.010756419,-0.0323683992,0.999418139],"shapeName":"/levels/hirochi_raceway/art/shapes/buildings/hr_plasticbarrier_red.DAE","useInstanceRenderData":true}
{"class":"TSStatic","__parent":"SimGroup_","position":[1.37716031,-117.148842,26.2731972],"isRenderEnabled":false,"rotationMatrix":[0.438446224,-0.898121297,-0.0338065363,0.898692906,0.438554704,0.00453122891,0.010756419,-0.0323683992,0.999418139],"shapeName":"/levels/hirochi_raceway/art/shapes/buildings/hr_plasticbarrier.DAE","useInstanceRenderData":true}
{"class":"TSStatic","__parent":"SimGroup_","position":[1.99556148,-118.411621,26.2230968],"isRenderEnabled":false,"rotationMatrix":[0.438446224,-0.898121297,-0.0338065363,0.898692906,0.438554704,0.00453122891,0.010756419,-0.0323683992,0.999418139],"shapeName":"/levels/hirochi_raceway/art/shapes/buildings/hr_plasticbarrier_red.DAE","useInstanceRenderData":true}
{"class":"TSStatic","__parent":"SimGroup_","position":[2.61005783,-119.674339,26.1781349],"isRenderEnabled":false,"rotationMatrix":[0.438446224,-0.898121297,-0.0338065363,0.898692906,0.438554704,0.00453122891,0.010756419,-0.0323683992,0.999418139],"shapeName":"/levels/hirochi_raceway/art/shapes/buildings/hr_plasticbarrier.DAE","useInstanceRenderData":true}
{"class":"TSStatic","__parent":"SimGroup_","position":[3.22846174,-120.937103,26.1280327],"isRenderEnabled":false,"rotationMatrix":[0.438446224,-0.898121297,-0.0338065363,0.898692906,0.438554704,0.00453122891,0.010756419,-0.0323683992,0.999418139],"shapeName":"/levels/hirochi_raceway/art/shapes/buildings/hr_plasticbarrier_red.DAE","useInstanceRenderData":true}
{"class":"TSStatic","__parent":"SimGroup_","position":[3.8426621,-122.199219,26.0830956],"isRenderEnabled":false,"rotationMatrix":[0.438446224,-0.898121297,-0.0338065363,0.898692906,0.438554704,0.00453122891,0.010756419,-0.0323683992,0.999418139],"shapeName":"/levels/hirochi_raceway/art/shapes/buildings/hr_plasticbarrier.DAE","useInstanceRenderData":true}
{"class":"TSStatic","__parent":"SimGroup_","position":[4.46106339,-123.461998,26.0329952],"isRenderEnabled":false,"rotationMatrix":[0.438446224,-0.898121297,-0.0338065363,0.898692906,0.438554704,0.00453122891,0.010756419,-0.0323683992,0.999418139],"shapeName":"/levels/hirochi_raceway/art/shapes/buildings/hr_plasticbarrier_red.DAE","useInstanceRenderData":true}
{"class":"TSStatic","__parent":"SimGroup_","position":[5.08008957,-124.734062,25.9943409],"isRenderEnabled":false,"rotationMatrix":[0.438543439,-0.898444533,-0.0218404792,0.898693085,0.438554645,0.00453123171,0.0055071814,-0.0216150284,0.99975121],"shapeName":"/levels/hirochi_raceway/art/shapes/buildings/hr_plasticbarrier.DAE","useInstanceRenderData":true}
{"class":"TSStatic","__parent":"SimGroup_","position":[5.69864368,-125.997307,25.9610729],"isRenderEnabled":false,"rotationMatrix":[0.438543439,-0.898444533,-0.0218404792,0.898693085,0.438554645,0.00453123171,0.0055071814,-0.0216150284,0.99975121],"shapeName":"/levels/hirochi_raceway/art/shapes/buildings/hr_plasticbarrier_red.DAE","useInstanceRenderData":true}
{"class":"TSStatic","__parent":"SimGroup_","position":[6.3129673,-127.25985,25.9329414],"isRenderEnabled":false,"rotationMatrix":[0.438543439,-0.898444533,-0.0218404792,0.898693085,0.438554645,0.00453123171,0.0055071814,-0.0216150284,0.99975121],"shapeName":"/levels/hirochi_raceway/art/shapes/buildings/hr_plasticbarrier.DAE","useInstanceRenderData":true}
{"class":"TSStatic","__parent":"SimGroup_","position":[6.93151855,-128.523117,25.8996754],"isRenderEnabled":false,"rotationMatrix":[0.438543439,-0.898444533,-0.0218404792,0.898693085,0.438554645,0.00453123171,0.0055071814,-0.0216150284,0.99975121],"shapeName":"/levels/hirochi_raceway/art/shapes/buildings/hr_plasticbarrier_red.DAE","useInstanceRenderData":true}
{"class":"TSStatic","__parent":"SimGroup_","position":[8.16054153,-131.041,25.8384647],"isRenderEnabled":false,"rotationMatrix":[0.438543439,-0.898444533,-0.0218404792,0.898693085,0.438554645,0.00453123171,0.0055071814,-0.0216150284,0.99975121],"shapeName":"/levels/hirochi_raceway/art/shapes/buildings/hr_plasticbarrier_red.DAE","useInstanceRenderData":true}
{"class":"TSStatic","__parent":"SimGroup_","position":[7.54198742,-129.777756,25.8717327],"isRenderEnabled":false,"rotationMatrix":[0.438543439,-0.898444533,-0.0218404792,0.898693085,0.438554645,0.00453123171,0.0055071814,-0.0216150284,0.99975121],"shapeName":"/levels/hirochi_raceway/art/shapes/buildings/hr_plasticbarrier.DAE","useInstanceRenderData":true}
{"class":"TSStatic","__parent":"SimGroup_","position":[9.39341736,-133.566788,25.7770672],"isRenderEnabled":false,"rotationMatrix":[0.438543439,-0.898444533,-0.0218404792,0.898693085,0.438554645,0.00453123171,0.0055071814,-0.0216150284,0.99975121],"shapeName":"/levels/hirochi_raceway/art/shapes/buildings/hr_plasticbarrier_red.DAE","useInstanceRenderData":true}
{"class":"TSStatic","__parent":"SimGroup_","position":[8.77486515,-132.303543,25.8103333],"isRenderEnabled":false,"rotationMatrix":[0.438543439,-0.898444533,-0.0218404792,0.898693085,0.438554645,0.00453123171,0.0055071814,-0.0216150284,0.99975121],"shapeName":"/levels/hirochi_raceway/art/shapes/buildings/hr_plasticbarrier.DAE","useInstanceRenderData":true}
{"class":"TSStatic","__parent":"SimGroup_","position":[10.0083323,-134.830673,25.7595482],"isRenderEnabled":false,"rotationMatrix":[0.43857801,-0.898643672,-0.009423621,0.898693025,0.438554585,0.00453123264,6.08079135e-05,-0.0104562426,0.999945343],"shapeName":"/levels/hirochi_raceway/art/shapes/buildings/hr_plasticbarrier.DAE","useInstanceRenderData":true}
{"class":"TSStatic","__parent":"SimGroup_","position":[10.6269464,-136.094223,25.7437496],"isRenderEnabled":false,"rotationMatrix":[0.43857801,-0.898643672,-0.009423621,0.898693025,0.438554585,0.00453123264,6.08079135e-05,-0.0104562426,0.999945343],"shapeName":"/levels/hirochi_raceway/art/shapes/buildings/hr_plasticbarrier_red.DAE","useInstanceRenderData":true}
