{"name":"SimGroup_","class":"SimGroup","groupPosition":"194.61749223982 -166.47456577846 25.541620690482"}
{"class":"TSStatic","__parent":"SimGroup_","position":[169.072296,-177.064758,24.9008484],"isRenderEnabled":false,"rotationMatrix":[-0.697542071,-0.716452658,-0.0114427926,0.716499627,-0.697587729,1.39698386e-09,-0.00798235182,-0.00819875486,0.999934554],"shapeName":"/levels/hirochi_raceway/art/shapes/buildings/hr_plasticbarrier.DAE","useInstanceRenderData":true}
{"class":"TSStatic","__parent":"SimGroup_","position":[171.028336,-175.055695,24.9329376],"isRenderEnabled":false,"rotationMatrix":[-0.697542071,-0.716452658,-0.0114427926,0.716499627,-0.697587729,1.39698386e-09,-0.00798235182,-0.00819875486,0.999934554],"shapeName":"/levels/hirochi_raceway/art/shapes/buildings/hr_plasticbarrier.DAE","useInstanceRenderData":true}
{"class":"TSStatic","__parent":"SimGroup_","position":[170.048218,-176.064896,24.9142914],"isRenderEnabled":false,"rotationMatrix":[-0.697542071,-0.716452658,-0.0114427926,0.716499627,-0.697587729,1.39698386e-09,-0.00798235182,-0.00819875486,0.999934554],"shapeName":"/levels/hirochi_raceway/art/shapes/buildings/hr_plasticbarrier_red.DAE","useInstanceRenderData":true}
{"class":"TSStatic","__parent":"SimGroup_","position":[172.984863,-173.046127,24.9650326],"isRenderEnabled":false,"rotationMatrix":[-0.697542071,-0.716452658,-0.0114427926,0.716499627,-0.697587729,1.39698386e-09,-0.00798235182,-0.00819875486,0.999934554],"shapeName":"/levels/hirochi_raceway/art/shapes/buildings/hr_plasticbarrier.DAE","useInstanceRenderData":true}
{"class":"TSStatic","__parent":"SimGroup_","position":[172.004745,-174.055328,24.9463863],"isRenderEnabled":false,"rotationMatrix":[-0.697542071,-0.716452658,-0.0114427926,0.716499627,-0.697587729,1.39698386e-09,-0.00798235182,-0.00819875486,0.999934554],"shapeName":"/levels/hirochi_raceway/art/shapes/buildings/hr_plasticbarrier_red.DAE","useInstanceRenderData":true}
{"class":"TSStatic","__parent":"SimGroup_","position":[174.945404,-171.03244,25.0133839],"isRenderEnabled":false,"rotationMatrix":[-0.697478294,-0.716387391,-0.017685907,0.716499448,-0.69758749,1.39698386e-09,-0.0123374704,-0.0126719419,0.999843597],"shapeName":"/levels/hirochi_raceway/art/shapes/buildings/hr_plasticbarrier.DAE","useInstanceRenderData":true}
{"class":"TSStatic","__parent":"SimGroup_","position":[173.965378,-172.041534,24.9859543],"isRenderEnabled":false,"rotationMatrix":[-0.697478294,-0.716387391,-0.017685907,0.716499448,-0.69758749,1.39698386e-09,-0.0123374704,-0.0126719419,0.999843597],"shapeName":"/levels/hirochi_raceway/art/shapes/buildings/hr_plasticbarrier_red.DAE","useInstanceRenderData":true}
{"class":"TSStatic","__parent":"SimGroup_","position":[176.906631,-169.018051,25.0748348],"isRenderEnabled":false,"rotationMatrix":[-0.697381616,-0.716287911,-0.0243065823,0.716499627,-0.697587729,9.31322575e-10,-0.0169559699,-0.0174156539,0.99970454],"shapeName":"/levels/hirochi_raceway/art/shapes/buildings/hr_plasticbarrier.DAE","useInstanceRenderData":true}
{"class":"TSStatic","__parent":"SimGroup_","position":[175.926758,-170.026993,25.0380917],"isRenderEnabled":false,"rotationMatrix":[-0.697381616,-0.716287911,-0.0243065823,0.716499627,-0.697587729,9.31322575e-10,-0.0169559699,-0.0174156539,0.99970454],"shapeName":"/levels/hirochi_raceway/art/shapes/buildings/hr_plasticbarrier_red.DAE","useInstanceRenderData":true}
{"class":"TSStatic","__parent":"SimGroup_","position":[178.863953,-167.00766,25.143055],"isRenderEnabled":false,"rotationMatrix":[-0.697381616,-0.716287911,-0.0243065823,0.716499627,-0.697587729,9.31322575e-10,-0.0169559699,-0.0174156539,0.99970454],"shapeName":"/levels/hirochi_raceway/art/shapes/buildings/hr_plasticbarrier.DAE","useInstanceRenderData":true}
{"class":"TSStatic","__parent":"SimGroup_","position":[177.884079,-168.016602,25.1063118],"isRenderEnabled":false,"rotationMatrix":[-0.697381616,-0.716287911,-0.0243065823,0.716499627,-0.697587729,9.31322575e-10,-0.0169559699,-0.0174156539,0.99970454],"shapeName":"/levels/hirochi_raceway/art/shapes/buildings/hr_plasticbarrier_red.DAE","useInstanceRenderData":true}
{"class":"TSStatic","__parent":"SimGroup_","position":[180.815567,-165.003143,25.1810169],"isRenderEnabled":false,"rotationMatrix":[-0.697556376,-0.7164675,-0.00944735296,0.716499448,-0.69758749,4.65661287e-10,-0.00659035705,-0.00676902337,0.999955356],"shapeName":"/levels/hirochi_raceway/art/shapes/buildings/hr_plasticbarrier.DAE","useInstanceRenderData":true}
{"class":"TSStatic","__parent":"SimGroup_","position":[179.835419,-166.01236,25.1651783],"isRenderEnabled":false,"rotationMatrix":[-0.697556376,-0.7164675,-0.00944735296,0.716499448,-0.69758749,4.65661287e-10,-0.00659035705,-0.00676902337,0.999955356],"shapeName":"/levels/hirochi_raceway/art/shapes/buildings/hr_plasticbarrier_red.DAE","useInstanceRenderData":true}
{"class":"TSStatic","__parent":"SimGroup_","position":[205.410431,-178.540512,25.5864487],"isRenderEnabled":false,"rotationMatrix":[-0.714462042,-0.698382139,-0.0424967036,0.699013591,-0.715108156,1.86264515e-09,-0.0303897485,-0.0297057759,0.999096632],"shapeName":"/levels/hirochi_raceway/art/shapes/buildings/hr_plasticbarrier_red.DAE","useInstanceRenderData":true}
{"class":"TSStatic","__parent":"SimGroup_","position":[206.414322,-177.556763,25.6487846],"isRenderEnabled":false,"rotationMatrix":[-0.714462042,-0.698382139,-0.0424967036,0.699013591,-0.715108156,1.86264515e-09,-0.0303897485,-0.0297057759,0.999096632],"shapeName":"/levels/hirochi_raceway/art/shapes/buildings/hr_plasticbarrier.DAE","useInstanceRenderData":true}
{"class":"TSStatic","__parent":"SimGroup_","position":[207.405853,-176.589981,25.6934547],"isRenderEnabled":false,"rotationMatrix":[-0.714894772,-0.698804915,-0.0244350005,0.69901365,-0.715108275,9.31322575e-10,-0.0174736734,-0.0170804001,0.99970144],"shapeName":"/levels/hirochi_raceway/art/shapes/buildings/hr_plasticbarrier_red.DAE","useInstanceRenderData":true}
{"class":"TSStatic","__parent":"SimGroup_","position":[208.4104,-175.605621,25.730381],"isRenderEnabled":false,"rotationMatrix":[-0.714894772,-0.698804915,-0.0244350005,0.69901365,-0.715108275,9.31322575e-10,-0.0174736734,-0.0170804001,0.99970144],"shapeName":"/levels/hirochi_raceway/art/shapes/buildings/hr_plasticbarrier.DAE","useInstanceRenderData":true}
{"class":"TSStatic","__parent":"SimGroup_","position":[209.41188,-174.629105,25.758812],"isRenderEnabled":false,"rotationMatrix":[-0.715018868,-0.698926091,-0.0158371739,0.69901371,-0.715108514,0,-0.011325296,-0.0110704005,0.999874592],"shapeName":"/levels/hirochi_raceway/art/shapes/buildings/hr_plasticbarrier_red.DAE","useInstanceRenderData":true}
{"class":"TSStatic","__parent":"SimGroup_","position":[210.416611,-173.644547,25.7836418],"isRenderEnabled":false,"rotationMatrix":[-0.715018868,-0.698926091,-0.0158371739,0.69901371,-0.715108514,0,-0.011325296,-0.0110704005,0.999874592],"shapeName":"/levels/hirochi_raceway/art/shapes/buildings/hr_plasticbarrier.DAE","useInstanceRenderData":true}
{"class":"TSStatic","__parent":"SimGroup_","position":[211.419037,-172.667114,25.8032684],"isRenderEnabled":false,"rotationMatrix":[-0.715018868,-0.698926091,-0.0158371739,0.69901371,-0.715108514,0,-0.011325296,-0.0110704005,0.999874592],"shapeName":"/levels/hirochi_raceway/art/shapes/buildings/hr_plasticbarrier_red.DAE","useInstanceRenderData":true}
{"class":"TSStatic","__parent":"SimGroup_","position":[212.423767,-171.682556,25.8280983],"isRenderEnabled":false,"rotationMatrix":[-0.715018868,-0.698926091,-0.0158371739,0.69901371,-0.715108514,0,-0.011325296,-0.0110704005,0.999874592],"shapeName":"/levels/hirochi_raceway/art/shapes/buildings/hr_plasticbarrier.DAE","useInstanceRenderData":true}
{"class":"TSStatic","__parent":"SimGroup_","position":[213.427078,-170.704254,25.8477459],"isRenderEnabled":false,"rotationMatrix":[-0.715018868,-0.698926091,-0.0158371739,0.69901371,-0.715108514,0,-0.011325296,-0.0110704005,0.999874592],"shapeName":"/levels/hirochi_raceway/art/shapes/buildings/hr_plasticbarrier_red.DAE","useInstanceRenderData":true}
{"class":"TSStatic","__parent":"SimGroup_","position":[214.431808,-169.719696,25.8725758],"isRenderEnabled":false,"rotationMatrix":[-0.715018868,-0.698926091,-0.0158371739,0.69901371,-0.715108514,0,-0.011325296,-0.0110704005,0.999874592],"shapeName":"/levels/hirochi_raceway/art/shapes/buildings/hr_plasticbarrier.DAE","useInstanceRenderData":true}
{"class":"TSStatic","__parent":"SimGroup_","position":[215.436203,-168.740341,25.8967342],"isRenderEnabled":false,"rotationMatrix":[-0.714926004,-0.698835552,-0.02256817,0.699013531,-0.715108156,0,-0.0161386877,-0.0157754589,0.999745309],"shapeName":"/levels/hirochi_raceway/art/shapes/buildings/hr_plasticbarrier_red.DAE","useInstanceRenderData":true}
{"class":"TSStatic","__parent":"SimGroup_","position":[216.440796,-167.75592,25.9310341],"isRenderEnabled":false,"rotationMatrix":[-0.714926004,-0.698835552,-0.02256817,0.699013531,-0.715108156,0,-0.0161386877,-0.0157754589,0.999745309],"shapeName":"/levels/hirochi_raceway/art/shapes/buildings/hr_plasticbarrier.DAE","useInstanceRenderData":true}
{"class":"TSStatic","__parent":"SimGroup_","position":[217.441589,-166.78009,25.9600391],"isRenderEnabled":false,"rotationMatrix":[-0.714926004,-0.698835552,-0.02256817,0.699013531,-0.715108156,0,-0.0161386877,-0.0157754589,0.999745309],"shapeName":"/levels/hirochi_raceway/art/shapes/buildings/hr_plasticbarrier_red.DAE","useInstanceRenderData":true}
{"class":"TSStatic","__parent":"SimGroup_","position":[218.446182,-165.79567,25.994339],"isRenderEnabled":false,"rotationMatrix":[-0.714926004,-0.698835552,-0.02256817,0.699013531,-0.715108156,0,-0.0161386877,-0.0157754589,0.999745309],"shapeName":"/levels/hirochi_raceway/art/shapes/buildings/hr_plasticbarrier.DAE","useInstanceRenderData":true}
{"class":"TSStatic","__parent":"SimGroup_","position":[192.787781,-152.527725,25.7946434],"isRenderEnabled":false,"rotationMatrix":[-0.714897513,-0.698807597,-0.0242727958,0.699013591,-0.715108156,0,-0.0173576772,-0.0169670153,0.999705374],"shapeName":"/levels/hirochi_raceway/art/shapes/buildings/hr_plasticbarrier_red.DAE","useInstanceRenderData":true}
{"class":"TSStatic","__parent":"SimGroup_","position":[193.792343,-151.54335,25.8313408],"isRenderEnabled":false,"rotationMatrix":[-0.714897513,-0.698807597,-0.0242727958,0.699013591,-0.715108156,0,-0.0173576772,-0.0169670153,0.999705374],"shapeName":"/levels/hirochi_raceway/art/shapes/buildings/hr_plasticbarrier.DAE","useInstanceRenderData":true}
{"class":"TSStatic","__parent":"SimGroup_","position":[194.796005,-150.564697,25.8628273],"isRenderEnabled":false,"rotationMatrix":[-0.714897513,-0.698807597,-0.0242727958,0.699013591,-0.715108156,0,-0.0173576772,-0.0169670153,0.999705374],"shapeName":"/levels/hirochi_raceway/art/shapes/buildings/hr_plasticbarrier_red.DAE","useInstanceRenderData":true}
{"class":"TSStatic","__parent":"SimGroup_","position":[195.800568,-149.580322,25.8995247],"isRenderEnabled":false,"rotationMatrix":[-0.714897513,-0.698807597,-0.0242727958,0.699013591,-0.715108156,0,-0.0173576772,-0.0169670153,0.999705374],"shapeName":"/levels/hirochi_raceway/art/shapes/buildings/hr_plasticbarrier.DAE","useInstanceRenderData":true}
{"class":"TSStatic","__parent":"SimGroup_","position":[196.803955,-148.601944,25.9310017],"isRenderEnabled":false,"rotationMatrix":[-0.714897513,-0.698807597,-0.0242727958,0.699013591,-0.715108156,0,-0.0173576772,-0.0169670153,0.999705374],"shapeName":"/levels/hirochi_raceway/art/shapes/buildings/hr_plasticbarrier_red.DAE","useInstanceRenderData":true}
{"class":"TSStatic","__parent":"SimGroup_","position":[197.808517,-147.617569,25.9676991],"isRenderEnabled":false,"rotationMatrix":[-0.714897513,-0.698807597,-0.0242727958,0.699013591,-0.715108156,0,-0.0173576772,-0.0169670153,0.999705374],"shapeName":"/levels/hirochi_raceway/art/shapes/buildings/hr_plasticbarrier.DAE","useInstanceRenderData":true}
{"class":"TSStatic","__parent":"SimGroup_","position":[198.800278,-146.650574,25.9822292],"isRenderEnabled":false,"rotationMatrix":[-0.715108514,-0.69901371,0,0.69901371,-0.715108514,0,0,0,1],"shapeName":"/levels/hirochi_raceway/art/shapes/buildings/hr_plasticbarrier_red.DAE","useInstanceRenderData":true}
{"class":"TSStatic","__parent":"SimGroup_","position":[199.805176,-145.665863,25.9847775],"isRenderEnabled":false,"rotationMatrix":[-0.715108514,-0.69901371,0,0.69901371,-0.715108514,0,0,0,1],"shapeName":"/levels/hirochi_raceway/art/shapes/buildings/hr_plasticbarrier.DAE","useInstanceRenderData":true}
