{"name":"SimGroup_","class":"SimGroup","groupPosition":"-316.50600738525 416.97367858887 30.663262891769"}
{"class":"TSStatic","__parent":"SimGroup_","position":[-404.054413,428.125061,33.3008308],"isRenderEnabled":false,"rotationMatrix":[0.942076623,-0.332168996,-0.0464255475,0.332367063,0.943143189,-0.00361231947,0.044985842,-0.012027245,0.998915195],"shapeName":"/levels/hirochi_raceway/art/shapes/buildings/hr_plasticbarrier.DAE","useInstanceRenderData":true}
{"class":"TSStatic","__parent":"SimGroup_","position":[-402.733124,427.661072,33.2331924],"isRenderEnabled":false,"rotationMatrix":[0.942076623,-0.332168996,-0.0464255475,0.332367063,0.943143189,-0.00361231947,0.044985842,-0.012027245,0.998915195],"shapeName":"/levels/hirochi_raceway/art/shapes/buildings/hr_plasticbarrier_red.DAE","useInstanceRenderData":true}
{"class":"TSStatic","__parent":"SimGroup_","position":[-401.411774,427.193298,33.1706009],"isRenderEnabled":false,"rotationMatrix":[0.942076623,-0.332168996,-0.0464255475,0.332367063,0.943143189,-0.00361231947,0.044985842,-0.012027245,0.998915195],"shapeName":"/levels/hirochi_raceway/art/shapes/buildings/hr_plasticbarrier.DAE","useInstanceRenderData":true}
{"class":"TSStatic","__parent":"SimGroup_","position":[-400.099396,426.732391,33.08815],"isRenderEnabled":false,"rotationMatrix":[0.940795064,-0.331805229,-0.0693534166,0.332367063,0.943143189,-0.00361231714,0.0666087866,-0.0196523387,0.997585595],"shapeName":"/levels/hirochi_raceway/art/shapes/buildings/hr_plasticbarrier_red.DAE","useInstanceRenderData":true}
{"class":"TSStatic","__parent":"SimGroup_","position":[-398.779785,426.265106,32.9933853],"isRenderEnabled":false,"rotationMatrix":[0.940795064,-0.331805229,-0.0693534166,0.332367063,0.943143189,-0.00361231714,0.0666087866,-0.0196523387,0.997585595],"shapeName":"/levels/hirochi_raceway/art/shapes/buildings/hr_plasticbarrier.DAE","useInstanceRenderData":true}
{"class":"TSStatic","__parent":"SimGroup_","position":[-397.462311,425.802338,32.8937492],"isRenderEnabled":false,"rotationMatrix":[0.940795064,-0.331805229,-0.0693534166,0.332367063,0.943143189,-0.00361231714,0.0666087866,-0.0196523387,0.997585595],"shapeName":"/levels/hirochi_raceway/art/shapes/buildings/hr_plasticbarrier_red.DAE","useInstanceRenderData":true}
{"class":"TSStatic","__parent":"SimGroup_","position":[-396.1427,425.335052,32.7989845],"isRenderEnabled":false,"rotationMatrix":[0.940795064,-0.331805229,-0.0693534166,0.332367063,0.943143189,-0.00361231714,0.0666087866,-0.0196523387,0.997585595],"shapeName":"/levels/hirochi_raceway/art/shapes/buildings/hr_plasticbarrier.DAE","useInstanceRenderData":true}
{"class":"TSStatic","__parent":"SimGroup_","position":[-394.817352,424.869507,32.6987686],"isRenderEnabled":false,"rotationMatrix":[0.940795064,-0.331805229,-0.0693534166,0.332367063,0.943143189,-0.00361231714,0.0666087866,-0.0196523387,0.997585595],"shapeName":"/levels/hirochi_raceway/art/shapes/buildings/hr_plasticbarrier_red.DAE","useInstanceRenderData":true}
{"class":"TSStatic","__parent":"SimGroup_","position":[-393.497742,424.402222,32.6040039],"isRenderEnabled":false,"rotationMatrix":[0.940795064,-0.331805229,-0.0693534166,0.332367063,0.943143189,-0.00361231714,0.0666087866,-0.0196523387,0.997585595],"shapeName":"/levels/hirochi_raceway/art/shapes/buildings/hr_plasticbarrier.DAE","useInstanceRenderData":true}
{"class":"TSStatic","__parent":"SimGroup_","position":[-392.146362,423.927551,32.5189743],"isRenderEnabled":false,"rotationMatrix":[0.942061484,-0.332164913,-0.0467611067,0.332367033,0.943143189,-0.00361231714,0.0453023054,-0.0121388268,0.998899579],"shapeName":"/levels/hirochi_raceway/art/shapes/buildings/hr_plasticbarrier_red.DAE","useInstanceRenderData":true}
{"class":"TSStatic","__parent":"SimGroup_","position":[-390.825043,423.459808,32.4559135],"isRenderEnabled":false,"rotationMatrix":[0.942061484,-0.332164913,-0.0467611067,0.332367033,0.943143189,-0.00361231714,0.0453023054,-0.0121388268,0.998899579],"shapeName":"/levels/hirochi_raceway/art/shapes/buildings/hr_plasticbarrier.DAE","useInstanceRenderData":true}
{"class":"TSStatic","__parent":"SimGroup_","position":[-336.067413,438.57254,30.9976845],"isRenderEnabled":false,"rotationMatrix":[0.677937269,-0.735029757,-0.0115032643,0.73502773,0.67801702,-0.00521662878,0.0116337854,-0.00491867075,0.999920249],"shapeName":"/levels/hirochi_raceway/art/shapes/buildings/hr_plasticbarrier_red.DAE","useInstanceRenderData":true}
{"class":"TSStatic","__parent":"SimGroup_","position":[-335.117462,437.540009,30.9841003],"isRenderEnabled":false,"rotationMatrix":[0.677937269,-0.735029757,-0.0115032643,0.73502773,0.67801702,-0.00521662878,0.0116337854,-0.00491867075,0.999920249],"shapeName":"/levels/hirochi_raceway/art/shapes/buildings/hr_plasticbarrier.DAE","useInstanceRenderData":true}
{"class":"TSStatic","__parent":"SimGroup_","position":[-334.162354,436.50705,30.9653587],"isRenderEnabled":false,"rotationMatrix":[0.677937269,-0.735029757,-0.0115032643,0.73502773,0.67801702,-0.00521662878,0.0116337854,-0.00491867075,0.999920249],"shapeName":"/levels/hirochi_raceway/art/shapes/buildings/hr_plasticbarrier_red.DAE","useInstanceRenderData":true}
{"class":"TSStatic","__parent":"SimGroup_","position":[-333.214233,435.476501,30.9518051],"isRenderEnabled":false,"rotationMatrix":[0.677937269,-0.735029757,-0.0115032643,0.73502773,0.67801702,-0.00521662878,0.0116337854,-0.00491867075,0.999920249],"shapeName":"/levels/hirochi_raceway/art/shapes/buildings/hr_plasticbarrier.DAE","useInstanceRenderData":true}
{"class":"TSStatic","__parent":"SimGroup_","position":[-332.259155,434.443542,30.9330654],"isRenderEnabled":false,"rotationMatrix":[0.677937269,-0.735029757,-0.0115032643,0.73502773,0.67801702,-0.00521662878,0.0116337854,-0.00491867075,0.999920249],"shapeName":"/levels/hirochi_raceway/art/shapes/buildings/hr_plasticbarrier_red.DAE","useInstanceRenderData":true}
{"class":"TSStatic","__parent":"SimGroup_","position":[-331.309204,433.411011,30.9194813],"isRenderEnabled":false,"rotationMatrix":[0.677937269,-0.735029757,-0.0115032643,0.73502773,0.67801702,-0.00521662878,0.0116337854,-0.00491867075,0.999920249],"shapeName":"/levels/hirochi_raceway/art/shapes/buildings/hr_plasticbarrier.DAE","useInstanceRenderData":true}
{"class":"TSStatic","__parent":"SimGroup_","position":[-330.354095,432.378052,30.9007397],"isRenderEnabled":false,"rotationMatrix":[0.677937269,-0.735029757,-0.0115032643,0.73502773,0.67801702,-0.00521662878,0.0116337854,-0.00491867075,0.999920249],"shapeName":"/levels/hirochi_raceway/art/shapes/buildings/hr_plasticbarrier_red.DAE","useInstanceRenderData":true}
{"class":"TSStatic","__parent":"SimGroup_","position":[-329.405792,431.347382,30.8940105],"isRenderEnabled":false,"rotationMatrix":[0.678021312,-0.73504132,-0.00114056037,0.73502773,0.678016901,-0.00521662971,0.00460775802,0.00269864267,0.999985754],"shapeName":"/levels/hirochi_raceway/art/shapes/buildings/hr_plasticbarrier.DAE","useInstanceRenderData":true}
{"class":"TSStatic","__parent":"SimGroup_","position":[-328.450592,430.314392,30.8898487],"isRenderEnabled":false,"rotationMatrix":[0.678021312,-0.73504132,-0.00114056037,0.73502773,0.678016901,-0.00521662971,0.00460775802,0.00269864267,0.999985754],"shapeName":"/levels/hirochi_raceway/art/shapes/buildings/hr_plasticbarrier_red.DAE","useInstanceRenderData":true}
{"class":"TSStatic","__parent":"SimGroup_","position":[-327.500519,429.28186,30.8908062],"isRenderEnabled":false,"rotationMatrix":[0.678021312,-0.73504132,-0.00114056037,0.73502773,0.678016901,-0.00521662971,0.00460775802,0.00269864267,0.999985754],"shapeName":"/levels/hirochi_raceway/art/shapes/buildings/hr_plasticbarrier.DAE","useInstanceRenderData":true}
{"class":"TSStatic","__parent":"SimGroup_","position":[-326.545288,428.248871,30.8866444],"isRenderEnabled":false,"rotationMatrix":[0.678021312,-0.73504132,-0.00114056037,0.73502773,0.678016901,-0.00521662971,0.00460775802,0.00269864267,0.999985754],"shapeName":"/levels/hirochi_raceway/art/shapes/buildings/hr_plasticbarrier_red.DAE","useInstanceRenderData":true}
{"class":"TSStatic","__parent":"SimGroup_","position":[-325.600342,427.221802,30.8787384],"isRenderEnabled":false,"rotationMatrix":[0.677820206,-0.734965742,-0.0196238309,0.73502785,0.678016782,-0.00521663111,0.0171393305,-0.0108881248,0.999793828],"shapeName":"/levels/hirochi_raceway/art/shapes/buildings/hr_plasticbarrier.DAE","useInstanceRenderData":true}
{"class":"TSStatic","__parent":"SimGroup_","position":[-324.645447,426.188965,30.8485718],"isRenderEnabled":false,"rotationMatrix":[0.677820206,-0.734965742,-0.0196238309,0.73502785,0.678016782,-0.00521663111,0.0171393305,-0.0108881248,0.999793828],"shapeName":"/levels/hirochi_raceway/art/shapes/buildings/hr_plasticbarrier_red.DAE","useInstanceRenderData":true}
{"class":"TSStatic","__parent":"SimGroup_","position":[-323.695618,425.156494,30.823595],"isRenderEnabled":false,"rotationMatrix":[0.677820206,-0.734965742,-0.0196238309,0.73502785,0.678016782,-0.00521663111,0.0171393305,-0.0108881248,0.999793828],"shapeName":"/levels/hirochi_raceway/art/shapes/buildings/hr_plasticbarrier.DAE","useInstanceRenderData":true}
{"class":"TSStatic","__parent":"SimGroup_","position":[-322.740723,424.123657,30.7934284],"isRenderEnabled":false,"rotationMatrix":[0.677820206,-0.734965742,-0.0196238309,0.73502785,0.678016782,-0.00521663111,0.0171393305,-0.0108881248,0.999793828],"shapeName":"/levels/hirochi_raceway/art/shapes/buildings/hr_plasticbarrier_red.DAE","useInstanceRenderData":true}
{"class":"TSStatic","__parent":"SimGroup_","position":[-320.838959,422.061584,30.738369],"isRenderEnabled":false,"rotationMatrix":[0.677820206,-0.734965742,-0.0196238309,0.73502785,0.678016782,-0.00521663111,0.0171393305,-0.0108881248,0.999793828],"shapeName":"/levels/hirochi_raceway/art/shapes/buildings/hr_plasticbarrier_red.DAE","useInstanceRenderData":true}
{"class":"TSStatic","__parent":"SimGroup_","position":[-321.793854,423.094421,30.7685356],"isRenderEnabled":false,"rotationMatrix":[0.677820206,-0.734965742,-0.0196238309,0.73502785,0.678016782,-0.00521663111,0.0171393305,-0.0108881248,0.999793828],"shapeName":"/levels/hirochi_raceway/art/shapes/buildings/hr_plasticbarrier.DAE","useInstanceRenderData":true}
{"class":"TSStatic","__parent":"SimGroup_","position":[-318.934235,419.996277,30.6832256],"isRenderEnabled":false,"rotationMatrix":[0.677820206,-0.734965742,-0.0196238309,0.73502785,0.678016782,-0.00521663111,0.0171393305,-0.0108881248,0.999793828],"shapeName":"/levels/hirochi_raceway/art/shapes/buildings/hr_plasticbarrier_red.DAE","useInstanceRenderData":true}
{"class":"TSStatic","__parent":"SimGroup_","position":[-319.88913,421.029114,30.7133923],"isRenderEnabled":false,"rotationMatrix":[0.677820206,-0.734965742,-0.0196238309,0.73502785,0.678016782,-0.00521663111,0.0171393305,-0.0108881248,0.999793828],"shapeName":"/levels/hirochi_raceway/art/shapes/buildings/hr_plasticbarrier.DAE","useInstanceRenderData":true}
{"class":"TSStatic","__parent":"SimGroup_","position":[-210.984665,386.031219,27.8870697],"isRenderEnabled":false,"rotationMatrix":[0.898597956,-0.438537806,-0.0143616479,0.438583046,0.898690641,-2.32830644e-10,0.012906678,-0.00629877485,0.999896884],"shapeName":"/levels/hirochi_raceway/art/shapes/buildings/hr_plasticbarrier_red.DAE","useInstanceRenderData":true}
{"class":"TSStatic","__parent":"SimGroup_","position":[-212.24968,386.646637,27.9098244],"isRenderEnabled":false,"rotationMatrix":[0.898597956,-0.438537806,-0.0143616479,0.438583046,0.898690641,-2.32830644e-10,0.012906678,-0.00629877485,0.999896884],"shapeName":"/levels/hirochi_raceway/art/shapes/buildings/hr_plasticbarrier.DAE","useInstanceRenderData":true}
{"class":"TSStatic","__parent":"SimGroup_","position":[-205.947464,383.572968,27.8065643],"isRenderEnabled":false,"rotationMatrix":[0.898597956,-0.438537806,-0.0143616479,0.438583046,0.898690641,-2.32830644e-10,0.012906678,-0.00629877485,0.999896884],"shapeName":"/levels/hirochi_raceway/art/shapes/buildings/hr_plasticbarrier_red.DAE","useInstanceRenderData":true}
{"class":"TSStatic","__parent":"SimGroup_","position":[-207.212479,384.188385,27.829319],"isRenderEnabled":false,"rotationMatrix":[0.898597956,-0.438537806,-0.0143616479,0.438583046,0.898690641,-2.32830644e-10,0.012906678,-0.00629877485,0.999896884],"shapeName":"/levels/hirochi_raceway/art/shapes/buildings/hr_plasticbarrier.DAE","useInstanceRenderData":true}
{"class":"TSStatic","__parent":"SimGroup_","position":[-208.467133,384.802612,27.8468342],"isRenderEnabled":false,"rotationMatrix":[0.898597956,-0.438537806,-0.0143616479,0.438583046,0.898690641,-2.32830644e-10,0.012906678,-0.00629877485,0.999896884],"shapeName":"/levels/hirochi_raceway/art/shapes/buildings/hr_plasticbarrier_red.DAE","useInstanceRenderData":true}
{"class":"TSStatic","__parent":"SimGroup_","position":[-209.732147,385.41803,27.8695889],"isRenderEnabled":false,"rotationMatrix":[0.898597956,-0.438537806,-0.0143616479,0.438583046,0.898690641,-2.32830644e-10,0.012906678,-0.00629877485,0.999896884],"shapeName":"/levels/hirochi_raceway/art/shapes/buildings/hr_plasticbarrier.DAE","useInstanceRenderData":true}
{"class":"TSStatic","__parent":"SimGroup_","position":[-203.415451,382.337219,27.789566],"isRenderEnabled":false,"rotationMatrix":[0.898690641,-0.438583046,0,0.438583046,0.898690641,0,0,0,1],"shapeName":"/levels/hirochi_raceway/art/shapes/buildings/hr_plasticbarrier_red.DAE","useInstanceRenderData":true}
{"class":"TSStatic","__parent":"SimGroup_","position":[-204.680634,382.952728,27.7921143],"isRenderEnabled":false,"rotationMatrix":[0.898690641,-0.438583046,0,0.438583046,0.898690641,0,0,0,1],"shapeName":"/levels/hirochi_raceway/art/shapes/buildings/hr_plasticbarrier.DAE","useInstanceRenderData":true}
{"class":"TSStatic","__parent":"SimGroup_","position":[-202.160706,381.722961,27.7921143],"isRenderEnabled":false,"rotationMatrix":[0.898690641,-0.438583046,0,0.438583046,0.898690641,0,0,0,1],"shapeName":"/levels/hirochi_raceway/art/shapes/buildings/hr_plasticbarrier.DAE","useInstanceRenderData":true}
{"class":"TSStatic","__parent":"SimGroup_","position":[-200.895523,381.107452,27.789566],"isRenderEnabled":false,"rotationMatrix":[0.898690641,-0.438583046,0,0.438583046,0.898690641,0,0,0,1],"shapeName":"/levels/hirochi_raceway/art/shapes/buildings/hr_plasticbarrier_red.DAE","useInstanceRenderData":true}
