{"name":"SimGroup_","class":"SimGroup","groupPosition":"399.67880428539 -89.124164805693 30.328720485463"}
{"class":"TSStatic","__parent":"SimGroup_","position":[392.322693,-111.04557,32.3086319],"isRenderEnabled":false,"rotationMatrix":[-0.316906214,-0.944265425,0.0890706852,0.948033512,-0.318170786,2.60770321e-08,0.0283396635,0.0844419897,0.996025324],"shapeName":"/levels/hirochi_raceway/art/shapes/buildings/hr_plasticbarrier_red.DAE","useInstanceRenderData":true}
{"class":"TSStatic","__parent":"SimGroup_","position":[392.766937,-109.716263,32.1858482],"isRenderEnabled":false,"rotationMatrix":[-0.316906214,-0.944265425,0.0890706852,0.948033512,-0.318170786,2.60770321e-08,0.0283396635,0.0844419897,0.996025324],"shapeName":"/levels/hirochi_raceway/art/shapes/buildings/hr_plasticbarrier.DAE","useInstanceRenderData":true}
{"class":"TSStatic","__parent":"SimGroup_","position":[393.213348,-108.391777,32.0583038],"isRenderEnabled":false,"rotationMatrix":[-0.316906214,-0.944265425,0.0890706852,0.948033512,-0.318170786,2.60770321e-08,0.0283396635,0.0844419897,0.996025324],"shapeName":"/levels/hirochi_raceway/art/shapes/buildings/hr_plasticbarrier_red.DAE","useInstanceRenderData":true}
{"class":"TSStatic","__parent":"SimGroup_","position":[393.657593,-107.062469,31.9355202],"isRenderEnabled":false,"rotationMatrix":[-0.316906214,-0.944265425,0.0890706852,0.948033512,-0.318170786,2.60770321e-08,0.0283396635,0.0844419897,0.996025324],"shapeName":"/levels/hirochi_raceway/art/shapes/buildings/hr_plasticbarrier.DAE","useInstanceRenderData":true}
{"class":"TSStatic","__parent":"SimGroup_","position":[394.104248,-105.737007,31.8078842],"isRenderEnabled":false,"rotationMatrix":[-0.316906214,-0.944265425,0.0890706852,0.948033512,-0.318170786,2.60770321e-08,0.0283396635,0.0844419897,0.996025324],"shapeName":"/levels/hirochi_raceway/art/shapes/buildings/hr_plasticbarrier_red.DAE","useInstanceRenderData":true}
{"class":"TSStatic","__parent":"SimGroup_","position":[394.548523,-104.407707,31.6851063],"isRenderEnabled":false,"rotationMatrix":[-0.316906214,-0.944265425,0.0890706852,0.948033512,-0.318170786,2.60770321e-08,0.0283396635,0.0844419897,0.996025324],"shapeName":"/levels/hirochi_raceway/art/shapes/buildings/hr_plasticbarrier.DAE","useInstanceRenderData":true}
{"class":"TSStatic","__parent":"SimGroup_","position":[394.996216,-103.079491,31.5572033],"isRenderEnabled":false,"rotationMatrix":[-0.316906214,-0.944265425,0.0890706852,0.948033512,-0.318170786,2.60770321e-08,0.0283396635,0.0844419897,0.996025324],"shapeName":"/levels/hirochi_raceway/art/shapes/buildings/hr_plasticbarrier_red.DAE","useInstanceRenderData":true}
{"class":"TSStatic","__parent":"SimGroup_","position":[395.44046,-101.750183,31.4344234],"isRenderEnabled":false,"rotationMatrix":[-0.316906214,-0.944265425,0.0890706852,0.948033512,-0.318170786,2.60770321e-08,0.0283396635,0.0844419897,0.996025324],"shapeName":"/levels/hirochi_raceway/art/shapes/buildings/hr_plasticbarrier.DAE","useInstanceRenderData":true}
{"class":"TSStatic","__parent":"SimGroup_","position":[395.887115,-100.424721,31.3067856],"isRenderEnabled":false,"rotationMatrix":[-0.316906214,-0.944265425,0.0890706852,0.948033512,-0.318170786,2.60770321e-08,0.0283396635,0.0844419897,0.996025324],"shapeName":"/levels/hirochi_raceway/art/shapes/buildings/hr_plasticbarrier_red.DAE","useInstanceRenderData":true}
{"class":"TSStatic","__parent":"SimGroup_","position":[396.33139,-99.0954208,31.1840076],"isRenderEnabled":false,"rotationMatrix":[-0.316906214,-0.944265425,0.0890706852,0.948033512,-0.318170786,2.60770321e-08,0.0283396635,0.0844419897,0.996025324],"shapeName":"/levels/hirochi_raceway/art/shapes/buildings/hr_plasticbarrier.DAE","useInstanceRenderData":true}
{"class":"TSStatic","__parent":"SimGroup_","position":[396.778107,-97.7701416,31.0563831],"isRenderEnabled":false,"rotationMatrix":[-0.316906214,-0.944265425,0.0890706852,0.948033512,-0.318170786,2.60770321e-08,0.0283396635,0.0844419897,0.996025324],"shapeName":"/levels/hirochi_raceway/art/shapes/buildings/hr_plasticbarrier_red.DAE","useInstanceRenderData":true}
{"class":"TSStatic","__parent":"SimGroup_","position":[397.222351,-96.440834,30.9336033],"isRenderEnabled":false,"rotationMatrix":[-0.316906214,-0.944265425,0.0890706852,0.948033512,-0.318170786,2.60770321e-08,0.0283396635,0.0844419897,0.996025324],"shapeName":"/levels/hirochi_raceway/art/shapes/buildings/hr_plasticbarrier.DAE","useInstanceRenderData":true}
{"class":"TSStatic","__parent":"SimGroup_","position":[397.669006,-95.1153717,30.8059654],"isRenderEnabled":false,"rotationMatrix":[-0.316906214,-0.944265425,0.0890706852,0.948033512,-0.318170786,2.60770321e-08,0.0283396635,0.0844419897,0.996025324],"shapeName":"/levels/hirochi_raceway/art/shapes/buildings/hr_plasticbarrier_red.DAE","useInstanceRenderData":true}
{"class":"TSStatic","__parent":"SimGroup_","position":[398.113281,-93.7860718,30.6831875],"isRenderEnabled":false,"rotationMatrix":[-0.316906214,-0.944265425,0.0890706852,0.948033512,-0.318170786,2.60770321e-08,0.0283396635,0.0844419897,0.996025324],"shapeName":"/levels/hirochi_raceway/art/shapes/buildings/hr_plasticbarrier.DAE","useInstanceRenderData":true}
{"class":"TSStatic","__parent":"SimGroup_","position":[398.560272,-92.459877,30.5554752],"isRenderEnabled":false,"rotationMatrix":[-0.316906214,-0.944265425,0.0890706852,0.948033512,-0.318170786,2.60770321e-08,0.0283396635,0.0844419897,0.996025324],"shapeName":"/levels/hirochi_raceway/art/shapes/buildings/hr_plasticbarrier_red.DAE","useInstanceRenderData":true}
{"class":"TSStatic","__parent":"SimGroup_","position":[399.004517,-91.1305695,30.4326954],"isRenderEnabled":false,"rotationMatrix":[-0.316906214,-0.944265425,0.0890706852,0.948033512,-0.318170786,2.60770321e-08,0.0283396635,0.0844419897,0.996025324],"shapeName":"/levels/hirochi_raceway/art/shapes/buildings/hr_plasticbarrier.DAE","useInstanceRenderData":true}
{"class":"TSStatic","__parent":"SimGroup_","position":[399.451172,-89.8051071,30.3050575],"isRenderEnabled":false,"rotationMatrix":[-0.316906214,-0.944265425,0.0890706852,0.948033512,-0.318170786,2.60770321e-08,0.0283396635,0.0844419897,0.996025324],"shapeName":"/levels/hirochi_raceway/art/shapes/buildings/hr_plasticbarrier_red.DAE","useInstanceRenderData":true}
{"class":"TSStatic","__parent":"SimGroup_","position":[399.895447,-88.4758072,30.1822796],"isRenderEnabled":false,"rotationMatrix":[-0.316906214,-0.944265425,0.0890706852,0.948033512,-0.318170786,2.60770321e-08,0.0283396635,0.0844419897,0.996025324],"shapeName":"/levels/hirochi_raceway/art/shapes/buildings/hr_plasticbarrier.DAE","useInstanceRenderData":true}
{"class":"TSStatic","__parent":"SimGroup_","position":[400.347015,-87.1360168,30.060833],"isRenderEnabled":false,"rotationMatrix":[-0.317088485,-0.944807947,0.0824168175,0.948033154,-0.318170905,2.98023224e-08,0.0262226202,0.078133896,0.996597946],"shapeName":"/levels/hirochi_raceway/art/shapes/buildings/hr_plasticbarrier_red.DAE","useInstanceRenderData":true}
{"class":"TSStatic","__parent":"SimGroup_","position":[400.791504,-85.8059616,29.9474163],"isRenderEnabled":false,"rotationMatrix":[-0.317088485,-0.944807947,0.0824168175,0.948033154,-0.318170905,2.98023224e-08,0.0262226202,0.078133896,0.996597946],"shapeName":"/levels/hirochi_raceway/art/shapes/buildings/hr_plasticbarrier.DAE","useInstanceRenderData":true}
{"class":"TSStatic","__parent":"SimGroup_","position":[401.238434,-84.4797211,29.8291225],"isRenderEnabled":false,"rotationMatrix":[-0.317088485,-0.944807947,0.0824168175,0.948033154,-0.318170905,2.98023224e-08,0.0262226202,0.078133896,0.996597946],"shapeName":"/levels/hirochi_raceway/art/shapes/buildings/hr_plasticbarrier_red.DAE","useInstanceRenderData":true}
{"class":"TSStatic","__parent":"SimGroup_","position":[401.682953,-83.1496735,29.7157078],"isRenderEnabled":false,"rotationMatrix":[-0.317088485,-0.944807947,0.0824168175,0.948033154,-0.318170905,2.98023224e-08,0.0262226202,0.078133896,0.996597946],"shapeName":"/levels/hirochi_raceway/art/shapes/buildings/hr_plasticbarrier.DAE","useInstanceRenderData":true}
{"class":"TSStatic","__parent":"SimGroup_","position":[402.130859,-81.8207855,29.5994625],"isRenderEnabled":false,"rotationMatrix":[-0.317251921,-0.945294797,0.0759551227,0.948033392,-0.318171024,1.49011612e-08,0.0241667014,0.0720079988,0.997111261],"shapeName":"/levels/hirochi_raceway/art/shapes/buildings/hr_plasticbarrier_red.DAE","useInstanceRenderData":true}
{"class":"TSStatic","__parent":"SimGroup_","position":[402.575562,-80.4900665,29.4951382],"isRenderEnabled":false,"rotationMatrix":[-0.317251921,-0.945294797,0.0759551227,0.948033392,-0.318171024,1.49011612e-08,0.0241667014,0.0720079988,0.997111261],"shapeName":"/levels/hirochi_raceway/art/shapes/buildings/hr_plasticbarrier.DAE","useInstanceRenderData":true}
{"class":"TSStatic","__parent":"SimGroup_","position":[403.022736,-79.1631241,29.3859196],"isRenderEnabled":false,"rotationMatrix":[-0.317251921,-0.945294797,0.0759551227,0.948033392,-0.318171024,1.49011612e-08,0.0241667014,0.0720079988,0.997111261],"shapeName":"/levels/hirochi_raceway/art/shapes/buildings/hr_plasticbarrier_red.DAE","useInstanceRenderData":true}
{"class":"TSStatic","__parent":"SimGroup_","position":[403.467468,-77.8324127,29.2815952],"isRenderEnabled":false,"rotationMatrix":[-0.317251921,-0.945294797,0.0759551227,0.948033392,-0.318171024,1.49011612e-08,0.0241667014,0.0720079988,0.997111261],"shapeName":"/levels/hirochi_raceway/art/shapes/buildings/hr_plasticbarrier.DAE","useInstanceRenderData":true}
{"class":"TSStatic","__parent":"SimGroup_","position":[403.917694,-76.4966125,29.1814957],"isRenderEnabled":false,"rotationMatrix":[-0.317599058,-0.946329117,0.0599314012,0.948033214,-0.318171024,1.3038516e-08,0.0190684311,0.0568169653,0.998202503],"shapeName":"/levels/hirochi_raceway/art/shapes/buildings/hr_plasticbarrier_red.DAE","useInstanceRenderData":true}
{"class":"TSStatic","__parent":"SimGroup_","position":[404.362885,-75.1644745,29.0997181],"isRenderEnabled":false,"rotationMatrix":[-0.317599058,-0.946329117,0.0599314012,0.948033214,-0.318171024,1.3038516e-08,0.0190684311,0.0568169653,0.998202503],"shapeName":"/levels/hirochi_raceway/art/shapes/buildings/hr_plasticbarrier.DAE","useInstanceRenderData":true}
{"class":"TSStatic","__parent":"SimGroup_","position":[404.810547,-73.8360443,29.0130024],"isRenderEnabled":false,"rotationMatrix":[-0.317599058,-0.946329117,0.0599314012,0.948033214,-0.318171024,1.3038516e-08,0.0190684311,0.0568169653,0.998202503],"shapeName":"/levels/hirochi_raceway/art/shapes/buildings/hr_plasticbarrier_red.DAE","useInstanceRenderData":true}
{"class":"TSStatic","__parent":"SimGroup_","position":[405.255768,-72.5039139,28.9312248],"isRenderEnabled":false,"rotationMatrix":[-0.317599058,-0.946329117,0.0599314012,0.948033214,-0.318171024,1.3038516e-08,0.0190684311,0.0568169653,0.998202503],"shapeName":"/levels/hirochi_raceway/art/shapes/buildings/hr_plasticbarrier.DAE","useInstanceRenderData":true}
{"class":"TSStatic","__parent":"SimGroup_","position":[405.708405,-71.1610107,28.8697109],"isRenderEnabled":false,"rotationMatrix":[-0.318012238,-0.947560668,0.031580694,0.948033571,-0.318171024,2.79396772e-09,0.0100480523,0.0299395509,0.999501228],"shapeName":"/levels/hirochi_raceway/art/shapes/buildings/hr_plasticbarrier_red.DAE","useInstanceRenderData":true}
{"class":"TSStatic","__parent":"SimGroup_","position":[406.154175,-69.8272171,28.8278255],"isRenderEnabled":false,"rotationMatrix":[-0.318012238,-0.947560668,0.031580694,0.948033571,-0.318171024,2.79396772e-09,0.0100480523,0.0299395509,0.999501228],"shapeName":"/levels/hirochi_raceway/art/shapes/buildings/hr_plasticbarrier.DAE","useInstanceRenderData":true}
{"class":"TSStatic","__parent":"SimGroup_","position":[406.602448,-68.4969864,28.7809238],"isRenderEnabled":false,"rotationMatrix":[-0.318012238,-0.947560668,0.031580694,0.948033571,-0.318171024,2.79396772e-09,0.0100480523,0.0299395509,0.999501228],"shapeName":"/levels/hirochi_raceway/art/shapes/buildings/hr_plasticbarrier_red.DAE","useInstanceRenderData":true}
{"class":"TSStatic","__parent":"SimGroup_","position":[407.048218,-67.1631927,28.7390385],"isRenderEnabled":false,"rotationMatrix":[-0.318012238,-0.947560668,0.031580694,0.948033571,-0.318171024,2.79396772e-09,0.0100480523,0.0299395509,0.999501228],"shapeName":"/levels/hirochi_raceway/art/shapes/buildings/hr_plasticbarrier.DAE","useInstanceRenderData":true}
