{"name":"SimGroup_","class":"SimGroup","groupPosition":"167.34941177368 116.6327922821 25.751701068878"}
{"class":"TSStatic","__parent":"SimGroup_","position":[165.791122,104.791092,25.7820072],"isRenderEnabled":false,"rotationMatrix":[-0.130351663,-0.99110955,0.0266555436,0.991461813,-0.130398035,0,0.00347582623,0.0264279507,0.999644697],"shapeName":"/levels/hirochi_raceway/art/shapes/buildings/hr_plasticbarrier.DAE","useInstanceRenderData":true}
{"class":"TSStatic","__parent":"SimGroup_","position":[165.609421,103.3964,25.8169613],"isRenderEnabled":false,"rotationMatrix":[-0.130351663,-0.99110955,0.0266555436,0.991461813,-0.130398035,0,0.00347582623,0.0264279507,0.999644697],"shapeName":"/levels/hirochi_raceway/art/shapes/buildings/hr_plasticbarrier_red.DAE","useInstanceRenderData":true}
{"class":"TSStatic","__parent":"SimGroup_","position":[165.975876,106.182648,25.7420254],"isRenderEnabled":false,"rotationMatrix":[-0.130351663,-0.99110955,0.0266555436,0.991461813,-0.130398035,0,0.00347582623,0.0264279507,0.999644697],"shapeName":"/levels/hirochi_raceway/art/shapes/buildings/hr_plasticbarrier_red.DAE","useInstanceRenderData":true}
{"class":"TSStatic","__parent":"SimGroup_","position":[166.157578,107.577339,25.7070713],"isRenderEnabled":false,"rotationMatrix":[-0.130351663,-0.99110955,0.0266555436,0.991461813,-0.130398035,0,0.00347582623,0.0264279507,0.999644697],"shapeName":"/levels/hirochi_raceway/art/shapes/buildings/hr_plasticbarrier.DAE","useInstanceRenderData":true}
{"class":"TSStatic","__parent":"SimGroup_","position":[166.34137,108.961563,25.6672859],"isRenderEnabled":false,"rotationMatrix":[-0.130351663,-0.99110955,0.0266555436,0.991461813,-0.130398035,0,0.00347582623,0.0264279507,0.999644697],"shapeName":"/levels/hirochi_raceway/art/shapes/buildings/hr_plasticbarrier_red.DAE","useInstanceRenderData":true}
{"class":"TSStatic","__parent":"SimGroup_","position":[166.523071,110.356255,25.6323338],"isRenderEnabled":false,"rotationMatrix":[-0.130351663,-0.99110955,0.0266555436,0.991461813,-0.130398035,0,0.00347582623,0.0264279507,0.999644697],"shapeName":"/levels/hirochi_raceway/art/shapes/buildings/hr_plasticbarrier.DAE","useInstanceRenderData":true}
{"class":"TSStatic","__parent":"SimGroup_","position":[166.709274,111.758995,25.6168995],"isRenderEnabled":false,"rotationMatrix":[-0.130390763,-0.991407573,-0.010443883,0.991461694,-0.130397916,-4.19095159e-09,-0.00136185624,-0.0103547107,0.999945462],"shapeName":"/levels/hirochi_raceway/art/shapes/buildings/hr_plasticbarrier_red.DAE","useInstanceRenderData":true}
{"class":"TSStatic","__parent":"SimGroup_","position":[166.891022,113.154015,25.6341419],"isRenderEnabled":false,"rotationMatrix":[-0.130390763,-0.991407573,-0.010443883,0.991461694,-0.130397916,-4.19095159e-09,-0.00136185624,-0.0103547107,0.999945462],"shapeName":"/levels/hirochi_raceway/art/shapes/buildings/hr_plasticbarrier.DAE","useInstanceRenderData":true}
{"class":"TSStatic","__parent":"SimGroup_","position":[167.075378,114.542656,25.646225],"isRenderEnabled":false,"rotationMatrix":[-0.130390763,-0.991407573,-0.010443883,0.991461694,-0.130397916,-4.19095159e-09,-0.00136185624,-0.0103547107,0.999945462],"shapeName":"/levels/hirochi_raceway/art/shapes/buildings/hr_plasticbarrier_red.DAE","useInstanceRenderData":true}
{"class":"TSStatic","__parent":"SimGroup_","position":[167.257126,115.937675,25.6634674],"isRenderEnabled":false,"rotationMatrix":[-0.130390763,-0.991407573,-0.010443883,0.991461694,-0.130397916,-4.19095159e-09,-0.00136185624,-0.0103547107,0.999945462],"shapeName":"/levels/hirochi_raceway/art/shapes/buildings/hr_plasticbarrier.DAE","useInstanceRenderData":true}
{"class":"TSStatic","__parent":"SimGroup_","position":[167.441101,117.323357,25.675518],"isRenderEnabled":false,"rotationMatrix":[-0.130390763,-0.991407573,-0.010443883,0.991461694,-0.130397916,-4.19095159e-09,-0.00136185624,-0.0103547107,0.999945462],"shapeName":"/levels/hirochi_raceway/art/shapes/buildings/hr_plasticbarrier_red.DAE","useInstanceRenderData":true}
{"class":"TSStatic","__parent":"SimGroup_","position":[167.622849,118.718376,25.6927605],"isRenderEnabled":false,"rotationMatrix":[-0.130390763,-0.991407573,-0.010443883,0.991461694,-0.130397916,-4.19095159e-09,-0.00136185624,-0.0103547107,0.999945462],"shapeName":"/levels/hirochi_raceway/art/shapes/buildings/hr_plasticbarrier.DAE","useInstanceRenderData":true}
{"class":"TSStatic","__parent":"SimGroup_","position":[167.808609,120.117722,25.7169456],"isRenderEnabled":false,"rotationMatrix":[-0.13035512,-0.991134226,-0.0256991424,0.991461694,-0.130398154,-2.79396772e-09,-0.00335111842,-0.0254797153,0.999669731],"shapeName":"/levels/hirochi_raceway/art/shapes/buildings/hr_plasticbarrier_red.DAE","useInstanceRenderData":true}
{"class":"TSStatic","__parent":"SimGroup_","position":[167.990295,121.512329,25.7556496],"isRenderEnabled":false,"rotationMatrix":[-0.13035512,-0.991134226,-0.0256991424,0.991461694,-0.130398154,-2.79396772e-09,-0.00335111842,-0.0254797153,0.999669731],"shapeName":"/levels/hirochi_raceway/art/shapes/buildings/hr_plasticbarrier.DAE","useInstanceRenderData":true}
{"class":"TSStatic","__parent":"SimGroup_","position":[168.175034,122.903763,25.7891846],"isRenderEnabled":false,"rotationMatrix":[-0.13035512,-0.991134226,-0.0256991424,0.991461694,-0.130398154,-2.79396772e-09,-0.00335111842,-0.0254797153,0.999669731],"shapeName":"/levels/hirochi_raceway/art/shapes/buildings/hr_plasticbarrier_red.DAE","useInstanceRenderData":true}
{"class":"TSStatic","__parent":"SimGroup_","position":[168.35672,124.29837,25.8278885],"isRenderEnabled":false,"rotationMatrix":[-0.13035512,-0.991134226,-0.0256991424,0.991461694,-0.130398154,-2.79396772e-09,-0.00335111842,-0.0254797153,0.999669731],"shapeName":"/levels/hirochi_raceway/art/shapes/buildings/hr_plasticbarrier.DAE","useInstanceRenderData":true}
{"class":"TSStatic","__parent":"SimGroup_","position":[168.54184,125.692711,25.8614998],"isRenderEnabled":false,"rotationMatrix":[-0.13035512,-0.991134226,-0.0256991424,0.991461694,-0.130398154,-2.79396772e-09,-0.00335111842,-0.0254797153,0.999669731],"shapeName":"/levels/hirochi_raceway/art/shapes/buildings/hr_plasticbarrier_red.DAE","useInstanceRenderData":true}
{"class":"TSStatic","__parent":"SimGroup_","position":[168.723526,127.087318,25.9002037],"isRenderEnabled":false,"rotationMatrix":[-0.13035512,-0.991134226,-0.0256991424,0.991461694,-0.130398154,-2.79396772e-09,-0.00335111842,-0.0254797153,0.999669731],"shapeName":"/levels/hirochi_raceway/art/shapes/buildings/hr_plasticbarrier.DAE","useInstanceRenderData":true}
{"class":"TSStatic","__parent":"SimGroup_","position":[168.907669,128.474319,25.9336243],"isRenderEnabled":false,"rotationMatrix":[-0.13035512,-0.991134226,-0.0256991424,0.991461694,-0.130398154,-2.79396772e-09,-0.00335111842,-0.0254797153,0.999669731],"shapeName":"/levels/hirochi_raceway/art/shapes/buildings/hr_plasticbarrier_red.DAE","useInstanceRenderData":true}
{"class":"TSStatic","__parent":"SimGroup_","position":[169.089355,129.868942,25.9723282],"isRenderEnabled":false,"rotationMatrix":[-0.13035512,-0.991134226,-0.0256991424,0.991461694,-0.130398154,-2.79396772e-09,-0.00335111842,-0.0254797153,0.999669731],"shapeName":"/levels/hirochi_raceway/art/shapes/buildings/hr_plasticbarrier.DAE","useInstanceRenderData":true}
