{"name":"garageLightPropOff_1","class":"TSStatic","persistentId":"9d7ea90d-4cf0-4e10-b956-7d0a0c50f8dc","__parent":"garageMainLightPropsOff","position":[904.748474,-545.828247,169.550598],"decalType":"None","hidden":true,"isRenderEnabled":false,"rotationMatrix":[0.125592917,0.992081881,0,-0.992081881,0.125592917,0,0,0,1],"shapeName":"/levels/west_coast_usa/art/shapes/objects/s_long_light_roof_off.dae","useInstanceRenderData":true}
{"name":"garageLightPropOff_2","class":"TSStatic","persistentId":"81afe845-31d0-432c-83dc-5a40f2c62618","__parent":"garageMainLightPropsOff","position":[909.875549,-546.477295,169.550598],"decalType":"None","hidden":true,"isRenderEnabled":false,"rotationMatrix":[0.125592917,0.992081881,0,-0.992081881,0.125592917,0,0,0,1],"shapeName":"/levels/west_coast_usa/art/shapes/objects/s_long_light_roof_off.dae","useInstanceRenderData":true}
{"name":"garageLightPropOff_3","class":"TSStatic","persistentId":"94710c2a-6785-4217-a230-6716a4473330","__parent":"garageMainLightPropsOff","position":[914.90686,-547.114197,169.550598],"decalType":"None","hidden":true,"isRenderEnabled":false,"rotationMatrix":[0.125592917,0.992081881,0,-0.992081881,0.125592917,0,0,0,1],"shapeName":"/levels/west_coast_usa/art/shapes/objects/s_long_light_roof_off.dae","useInstanceRenderData":true}
{"name":"garageLightPropOff_4","class":"TSStatic","persistentId":"c89c8d99-6214-44cb-a63f-e2808b2d0404","__parent":"garageMainLightPropsOff","position":[915.969055,-538.723816,169.550598],"decalType":"None","hidden":true,"isRenderEnabled":false,"rotationMatrix":[0.125592917,0.992081881,0,-0.992081881,0.125592917,0,0,0,1],"shapeName":"/levels/west_coast_usa/art/shapes/objects/s_long_light_roof_off.dae","useInstanceRenderData":true}
{"name":"garageLightPropOff_5","class":"TSStatic","persistentId":"334f2ec1-df49-4261-a06c-54d4229999d8","__parent":"garageMainLightPropsOff","position":[910.937744,-538.086914,169.550598],"decalType":"None","hidden":true,"isRenderEnabled":false,"rotationMatrix":[0.125592917,0.992081881,0,-0.992081881,0.125592917,0,0,0,1],"shapeName":"/levels/west_coast_usa/art/shapes/objects/s_long_light_roof_off.dae","useInstanceRenderData":true}
{"name":"garageLightPropOff_6","class":"TSStatic","persistentId":"4b6d082a-c7b8-4488-9b0b-7d49f7c64f11","__parent":"garageMainLightPropsOff","position":[905.684204,-541.053223,166.611649],"decalType":"None","hidden":true,"isRenderEnabled":false,"rotationMatrix":[3.57627869e-07,8.34465027e-07,-0.999999881,-0.992050529,0.125839829,-1.78813934e-07,0.1258398,0.992050529,8.94069672e-07],"scale":[1.29999995,1.29999995,1.29999995],"shapeName":"/levels/west_coast_usa/art/shapes/objects/s_small_light_hanging_off.dae","useInstanceRenderData":true}
{"name":"garageLightPropOff_7","class":"TSStatic","persistentId":"c26375e1-7647-4327-8933-be7c9e3afff4","__parent":"garageMainLightPropsOff","position":[903.263855,-540.746216,166.611572],"decalType":"None","hidden":true,"isRenderEnabled":false,"rotationMatrix":[3.57627869e-07,8.34465027e-07,-0.999999881,-0.992050529,0.125839829,-1.78813934e-07,0.1258398,0.992050529,8.94069672e-07],"scale":[1.29999995,1.29999995,1.29999995],"shapeName":"/levels/west_coast_usa/art/shapes/objects/s_small_light_hanging_off.dae","useInstanceRenderData":true}
{"name":"garageLightPropOff_8","class":"TSStatic","persistentId":"97c99e18-62d0-40b1-a752-b6bf8baf8d68","__parent":"garageMainLightPropsOff","position":[899.78479,-545.199951,169.550598],"decalType":"None","hidden":true,"isRenderEnabled":false,"rotationMatrix":[0.125592917,0.992081881,0,-0.992081881,0.125592917,0,0,0,1],"shapeName":"/levels/west_coast_usa/art/shapes/objects/s_long_light_roof_off.dae","useInstanceRenderData":true}
