{"class":"TSStatic","persistentId":"77e8da4d-abd9-45fd-9bae-01b5e49c5cbd","__parent":"trail_026_external","position":[611.656189,-259.81723,155.817307],"isRenderEnabled":false,"shapeName":"/levels/johnson_valley/art/shapes/rocks/s_rocks_desert_medium_02.dae","useInstanceRenderData":true}
{"class":"TSStatic","persistentId":"bfc412fe-1861-409f-a189-00e015945f7f","__parent":"trail_026_external","position":[647.772156,-229.242035,159.947311],"isRenderEnabled":false,"shapeName":"/levels/johnson_valley/art/shapes/rocks/s_rocks_desert_large_07.dae","useInstanceRenderData":true}
{"class":"TSStatic","persistentId":"841e0fd4-050f-41d6-8257-2fef25047563","__parent":"trail_026_external","position":[655.802673,-229.262665,158.497833],"isRenderEnabled":false,"shapeName":"/levels/johnson_valley/art/shapes/rocks/s_rocks_desert_large_06.dae","useInstanceRenderData":true}
{"class":"TSStatic","persistentId":"838e6784-4144-4ef4-9de2-962a8f7755b4","__parent":"trail_026_external","position":[652.686035,-228.902954,158.099716],"isRenderEnabled":false,"rotationMatrix":[-0.996503234,0.0835563168,-0.000262165908,-0.0829941854,-0.989426017,0.118947484,0.00967941806,0.118553288,0.992900491],"shapeName":"/levels/johnson_valley/art/shapes/rocks/s_rocks_desert_huge_sheet_3.dae","useInstanceRenderData":true}
{"class":"TSStatic","persistentId":"78516693-d8ae-45f2-ab30-822e218a51b1","__parent":"trail_026_external","position":[647.578674,-215.071304,154.680237],"isRenderEnabled":false,"shapeName":"/levels/johnson_valley/art/shapes/rocks/s_rocks_desert_low_flat_02.dae","useInstanceRenderData":true}
{"class":"TSStatic","persistentId":"391faf41-0bd8-4db7-804c-00946010e503","__parent":"trail_026_external","position":[632.571411,-198.341278,148.080124],"isRenderEnabled":false,"rotationMatrix":[0.963547826,3.7252903e-09,-0.267536163,0.0802392662,0.953964531,0.288986832,0.255219996,-0.299919516,0.919190466],"shapeName":"/levels/johnson_valley/art/shapes/rocks/s_rocks_desert_large_02.dae","useInstanceRenderData":true}
{"class":"TSStatic","persistentId":"b0947e5f-3bdb-427e-9096-48000d0b0d9e","__parent":"trail_026_external","position":[632.473206,-200.388214,149.711853],"isRenderEnabled":false,"shapeName":"/levels/johnson_valley/art/shapes/rocks/s_rocks_desert_medium_02.dae","useInstanceRenderData":true}
{"class":"TSStatic","persistentId":"9f502362-8663-41d1-904d-4d5e59afc82e","__parent":"trail_026_external","position":[629.754333,-199.720673,147.770432],"isRenderEnabled":false,"rotationMatrix":[0.175756276,-0.98443377,0,0.98443377,0.175756276,0,0,0,1],"shapeName":"/levels/johnson_valley/art/shapes/rocks/s_rocks_desert_large_02.dae","useInstanceRenderData":true}
{"class":"TSStatic","persistentId":"b56607d1-207b-4305-b015-eb2ba207e8d9","__parent":"trail_026_external","position":[638.504089,-195.94632,149.527573],"isRenderEnabled":false,"shapeName":"/levels/johnson_valley/art/shapes/rocks/s_rocks_desert_large_07.dae","useInstanceRenderData":true}
{"class":"TSStatic","persistentId":"c5357f9d-7dee-4e47-a9e7-e11715cac2b1","__parent":"trail_026_external","position":[632.202698,-179.999542,146.818695],"isRenderEnabled":false,"rotationMatrix":[0.283060133,-0.959102213,0,0.959102213,0.283060133,0,0,0,1],"shapeName":"/levels/johnson_valley/art/shapes/rocks/s_rocks_desert_large_03.dae","useInstanceRenderData":true}
{"class":"TSStatic","persistentId":"7de72fa1-c50a-4438-a153-acce13df5e62","__parent":"trail_026_external","position":[640.235229,-183.798218,147.876938],"isRenderEnabled":false,"shapeName":"/levels/johnson_valley/art/shapes/rocks/s_rocks_desert_low_flat_01.dae","useInstanceRenderData":true}
{"class":"TSStatic","persistentId":"be809e78-66b9-44bc-8a4a-19bf6bfd0f6b","__parent":"trail_026_external","position":[638.239807,-184.913376,148.028915],"isRenderEnabled":false,"shapeName":"/levels/johnson_valley/art/shapes/rocks/s_rocks_desert_medium_02.dae","useInstanceRenderData":true}
{"class":"TSStatic","persistentId":"224c9409-79ec-4f5c-9eda-6258ed7b01cf","__parent":"trail_026_external","position":[634.725098,-176.643997,146.876755],"isRenderEnabled":false,"shapeName":"/levels/johnson_valley/art/shapes/rocks/s_rocks_desert_medium_04.dae","useInstanceRenderData":true}
{"class":"TSStatic","persistentId":"5d533e11-81be-467c-8889-96623114f08f","__parent":"trail_026_external","position":[665.881714,-158.099854,145.008041],"isRenderEnabled":false,"rotationMatrix":[0.0552121401,0.998474717,0,-0.998474717,0.0552121401,0,0,0,1],"shapeName":"/levels/johnson_valley/art/shapes/rocks/s_rocks_desert_large_07.dae","useInstanceRenderData":true}
{"class":"TSStatic","persistentId":"67209cc2-89c6-4cfc-9abe-e6f930b247a8","__parent":"trail_026_external","position":[668.820984,-158.568665,144.847763],"isRenderEnabled":false,"shapeName":"/levels/johnson_valley/art/shapes/rocks/s_rocks_desert_large_04.dae","useInstanceRenderData":true}
{"class":"TSStatic","persistentId":"a07fc03b-14b7-40d2-9818-c4dcca444cc9","__parent":"trail_026_external","position":[703.17688,-153.909225,149.825027],"isRenderEnabled":false,"rotationMatrix":[0.0305534601,0,-0.999533057,0,1,0,0.999533057,0,0.0305534601],"shapeName":"/levels/johnson_valley/art/shapes/rocks/s_rocks_desert_large_04.dae","useInstanceRenderData":true}
{"class":"TSStatic","persistentId":"d8a41c8d-c8da-47fd-b5e8-cedcc5e75bad","__parent":"trail_026_external","position":[725.63385,-149.905533,144.933243],"isRenderEnabled":false,"shapeName":"/levels/johnson_valley/art/shapes/rocks/s_rocks_desert_large_04.dae","useInstanceRenderData":true}
{"class":"TSStatic","persistentId":"dcd628d5-9669-4fbd-8235-ef7d1003e1f8","__parent":"trail_026_external","position":[738.022339,-139.878555,142.99176],"isRenderEnabled":false,"shapeName":"/levels/johnson_valley/art/shapes/rocks/s_rocks_desert_low_flat_02.dae","useInstanceRenderData":true}
{"class":"TSStatic","persistentId":"f7f82286-5f22-4748-8f16-5d8da931dde4","__parent":"trail_026_external","position":[743.323853,-134.26506,140.358337],"isRenderEnabled":false,"shapeName":"/levels/johnson_valley/art/shapes/rocks/s_rocks_desert_large_05.dae","useInstanceRenderData":true}
{"class":"TSStatic","persistentId":"400c62e5-1747-41cc-8c46-2b3a1ea28f7e","__parent":"trail_026_external","position":[737.049072,-127.355164,138.53952],"isRenderEnabled":false,"rotationMatrix":[0.630116224,-0.766750693,0.122666322,0.77650094,0.622204065,-0.0995414704,-7.4505806e-09,0.157973185,0.987443388],"shapeName":"/levels/johnson_valley/art/shapes/rocks/s_rocks_desert_large_03.dae","useInstanceRenderData":true}
{"class":"TSStatic","persistentId":"7dfaee67-17a9-4cdb-9759-570cb145624f","__parent":"trail_026_external","position":[737.979553,-126.714882,137.057022],"isRenderEnabled":false,"shapeName":"/levels/johnson_valley/art/shapes/rocks/s_rocks_desert_large_05.dae","useInstanceRenderData":true}
{"class":"TSStatic","persistentId":"4b1533ca-0555-450b-9cba-8d6534862489","__parent":"trail_026_external","position":[747.325623,-103.818054,130.090118],"isRenderEnabled":false,"shapeName":"/levels/johnson_valley/art/shapes/rocks/s_rocks_desert_large_06.dae","useInstanceRenderData":true}
{"class":"TSStatic","persistentId":"e029d5c5-f35e-4088-9d67-1b4eaee1b150","__parent":"trail_026_external","position":[713.235107,-315.674011,189.122711],"isRenderEnabled":false,"rotationMatrix":[0.99848026,0.0172141269,-0.0523530282,0,0.949964881,0.312356621,0.0551104881,-0.31188193,0.948521197],"shapeName":"/levels/johnson_valley/art/shapes/rocks/s_rocks_desert_collection_03.dae","useInstanceRenderData":true}
{"class":"TSStatic","persistentId":"c50ad63a-f712-4b4a-9f7c-09cd81e78b51","__parent":"trail_026_external","position":[693.924377,-319.465332,186.81604],"isRenderEnabled":false,"rotationMatrix":[0.937281668,-0.0228527561,0.347823024,-0.168367654,0.844044447,0.50915736,-0.305213749,-0.535785973,0.787259758],"shapeName":"/levels/johnson_valley/art/shapes/rocks/s_rocks_desert_large_05.dae","useInstanceRenderData":true}
