{"class":"TSStatic","persistentId":"75bea658-9a64-4077-9da4-d575251beefd","__parent":"trail_008","position":[-399.786865,-259.617554,178.631424],"isRenderEnabled":false,"rotationMatrix":[0.809491932,-0.585809529,-0.0393697098,0.528237998,0.697384834,0.484374762,-0.256295562,-0.412894011,0.873974323],"shapeName":"/levels/johnson_valley/art/shapes/rocks/s_rocks_desert_collection_01.dae","useInstanceRenderData":true}
{"class":"TSStatic","persistentId":"55e2b85f-4cfa-4cb9-af9a-6758cb822b6a","__parent":"trail_008","position":[-401.850464,-258.753265,176.784744],"isRenderEnabled":false,"rotationMatrix":[0.73032403,-0.679620266,-0.0688702017,0.682112217,0.720128894,0.127033025,-0.0367387906,-0.139752477,0.989504695],"shapeName":"/levels/johnson_valley/art/shapes/rocks/s_rocks_desert_large_02.dae","useInstanceRenderData":true}
{"class":"TSStatic","persistentId":"5c8fc13a-b872-4c88-aab4-52991e660c76","__parent":"trail_008","position":[-403.814789,-256.757385,177.603058],"isRenderEnabled":false,"rotationMatrix":[-0.9135077,0.393979132,0.101412289,-0.405661941,-0.900957823,-0.153992891,0.0306982026,-0.181812763,0.982853889],"shapeName":"/levels/johnson_valley/art/shapes/rocks/s_rocks_desert_large_02.dae","useInstanceRenderData":true}
{"class":"TSStatic","persistentId":"2da62eb5-e0e5-465e-8943-19a2b1d057ff","__parent":"trail_008","position":[-405.699036,-255.66304,179.840759],"isRenderEnabled":false,"rotationMatrix":[1,0,0,0,-0.244584322,0.969628572,0,-0.969628572,-0.244584322],"shapeName":"/levels/johnson_valley/art/shapes/rocks/s_rocks_desert_medium_02.dae","useInstanceRenderData":true}
{"class":"TSStatic","persistentId":"f0212587-0de2-4e1a-8d22-452d6efc6401","__parent":"trail_008","position":[-406.154266,-257.02121,179.112976],"isRenderEnabled":false,"rotationMatrix":[-0.200319648,0,0.979730844,-0.830615699,0.530316174,-0.169830769,-0.519567251,-0.847800016,-0.106232882],"shapeName":"/levels/johnson_valley/art/shapes/rocks/s_rocks_desert_medium_04.dae","useInstanceRenderData":true}
{"class":"TSStatic","persistentId":"36850ba0-7f45-486f-aeb5-ff33dcab9297","__parent":"trail_008","position":[-405.745087,-258.497803,178.072067],"isRenderEnabled":false,"rotationMatrix":[0.992427588,0,0.122830942,-0.0339131393,0.961130023,0.274005413,-0.118056506,-0.276096106,0.953851998],"shapeName":"/levels/johnson_valley/art/shapes/rocks/s_rocks_desert_medium_04.dae","useInstanceRenderData":true}
{"class":"TSStatic","persistentId":"a3887512-eafb-42d1-98e7-c4b29d002925","__parent":"trail_008","position":[-403.991394,-255.725281,179.842316],"isRenderEnabled":false,"rotationMatrix":[1,0,0,0,0.956110537,0.293006182,0,-0.293006182,0.956110537],"shapeName":"/levels/johnson_valley/art/shapes/rocks/s_rocks_desert_medium_03.dae","useInstanceRenderData":true}
{"class":"TSStatic","persistentId":"ab7d098e-407d-4a8d-8e3b-e66fb13e7f8d","__parent":"trail_008","position":[-400.856689,-255.058167,180.349091],"isRenderEnabled":false,"rotationMatrix":[0.855707884,-0.466213614,-0.224519402,0.517459273,0.770964324,0.371281475,-3.7252903e-08,-0.433888108,0.900966763],"shapeName":"/levels/johnson_valley/art/shapes/rocks/s_rocks_desert_large_07.dae","useInstanceRenderData":true}
{"class":"TSStatic","persistentId":"21173948-c8bb-4d7f-8470-587cb42150f3","__parent":"trail_008","position":[-401.320984,-253.405121,181.426956],"isRenderEnabled":false,"rotationMatrix":[0.959495783,-0.281714022,-0.00226414576,0.254870176,0.864587426,0.433047205,-0.120037884,-0.416084021,0.901368439],"shapeName":"/levels/johnson_valley/art/shapes/rocks/s_rocks_desert_low_small.dae","useInstanceRenderData":true}
{"class":"TSStatic","persistentId":"4425fb93-2a49-430c-9f8f-add2141910f0","__parent":"trail_008","position":[-403.956329,-260.545349,177.478775],"isRenderEnabled":false,"rotationMatrix":[0.57022357,0.69986099,0.430162221,-0.813875139,0.552424192,0.180096164,-0.1115897,-0.452793479,0.884604871],"shapeName":"/levels/johnson_valley/art/shapes/rocks/s_rocks_desert_low_small.dae","useInstanceRenderData":true}
{"class":"TSStatic","persistentId":"5831257a-1c54-4b53-98a9-0b3e65e9037f","__parent":"trail_008","position":[-407.948547,-261.674469,176.852158],"isRenderEnabled":false,"rotationMatrix":[0.538096964,-0.793327451,-0.284751594,0.84288311,0.506460547,0.181785628,0,-0.337830544,0.941206932],"shapeName":"/levels/johnson_valley/art/shapes/rocks/s_rocks_desert_low_flat_01.dae","useInstanceRenderData":true}
{"class":"TSStatic","persistentId":"6ba461c7-420a-4435-8771-a8fa03f37aaa","__parent":"trail_008","position":[-398.213501,-248.661713,184.495407],"isRenderEnabled":false,"shapeName":"/levels/johnson_valley/art/shapes/rocks/s_rocks_desert_large_06.dae","useInstanceRenderData":true}
{"class":"TSStatic","persistentId":"a7b3cfb9-42e3-4c55-80e5-ec470eecf7a1","__parent":"trail_008","position":[-403.952423,-244.913605,184.820236],"isRenderEnabled":false,"rotationMatrix":[0.907656968,-0.398068577,-0.133042291,0.408175796,0.910997391,0.0589598268,0.0977311283,-0.10781993,0.989355087],"shapeName":"/levels/johnson_valley/art/shapes/rocks/s_rocks_desert_large_03.dae","useInstanceRenderData":true}
{"class":"TSStatic","persistentId":"ee1b0be2-f7fd-4dc0-8339-596637592659","__parent":"trail_008","position":[-396.10672,-233.256561,192.702057],"isRenderEnabled":false,"rotationMatrix":[0.948185563,0.0260781907,0.316645056,-0.107131764,0.964501798,0.241369113,-0.299110264,-0.262785435,0.91732049],"shapeName":"/levels/johnson_valley/art/shapes/rocks/s_rocks_desert_huge_sheet_1.dae","useInstanceRenderData":true}
{"class":"TSStatic","persistentId":"f919da73-d491-4ef3-a306-bd6c088d3bae","__parent":"trail_008","position":[-397.522736,-241.364487,187.304962],"isRenderEnabled":false,"rotationMatrix":[0.642512441,-0.708690524,-0.291437149,0.562571883,0.694494247,-0.448542833,0.520279408,0.124239996,0.844910502],"shapeName":"/levels/johnson_valley/art/shapes/rocks/s_rocks_desert_large_02.dae","useInstanceRenderData":true}
{"class":"TSStatic","persistentId":"bdd24891-d2e7-49b2-906c-6b9c223cf116","__parent":"trail_008","position":[-397.816101,-239.703018,189.178162],"isRenderEnabled":false,"rotationMatrix":[1,0,0,0,0.993254721,0.115952924,0,-0.115952924,0.993254721],"shapeName":"/levels/johnson_valley/art/shapes/rocks/s_rocks_desert_large_05.dae","useInstanceRenderData":true}
{"class":"TSStatic","persistentId":"ad8d707e-3fd0-40af-978e-d02da76dc7fa","__parent":"trail_008","position":[-405.748962,-237.385696,189.810257],"isRenderEnabled":false,"rotationMatrix":[0.981556714,0,0.19117111,-0.0543245003,0.958774805,0.278925955,-0.183290035,-0.284166932,0.941091895],"shapeName":"/levels/johnson_valley/art/shapes/rocks/s_rocks_desert_large_07.dae","useInstanceRenderData":true}
{"class":"TSStatic","persistentId":"1739f53a-994f-450c-b6ba-e7272187d505","__parent":"trail_008","position":[-405.054596,-243.384094,186.689453],"isRenderEnabled":false,"shapeName":"/levels/johnson_valley/art/shapes/rocks/s_rocks_desert_medium_01.dae","useInstanceRenderData":true}
{"class":"TSStatic","persistentId":"d213b8ac-ba4d-4146-ae4b-a6306245ce66","__parent":"trail_008","position":[-402.306091,-246.598465,184.594772],"isRenderEnabled":false,"shapeName":"/levels/johnson_valley/art/shapes/rocks/s_rocks_desert_small_02.dae","useInstanceRenderData":true}
{"class":"TSStatic","persistentId":"79c23b42-886f-403f-8f40-1c1645e03c18","__parent":"trail_008","position":[-398.338776,-243.890854,186.627045],"isRenderEnabled":false,"rotationMatrix":[0.40911907,0,-0.912480891,0,1,0,0.912480891,0,0.40911907],"shapeName":"/levels/johnson_valley/art/shapes/rocks/s_rocks_desert_medium_05.dae","useInstanceRenderData":true}
{"class":"TSStatic","persistentId":"e872a144-5bfa-484d-a5df-ce0ba828cc95","__parent":"trail_008","position":[-402.976196,-242.000366,187.386307],"isRenderEnabled":false,"shapeName":"/levels/johnson_valley/art/shapes/rocks/s_rocks_desert_medium_01.dae","useInstanceRenderData":true}
{"class":"TSStatic","persistentId":"5e51bac3-b4e4-479d-890f-5d5b431dddae","__parent":"trail_008","position":[-399.871063,-240.422028,188.244308],"isRenderEnabled":false,"rotationMatrix":[0.00255447626,0.352508396,-0.935805202,0.998409867,0.0518004298,0.0222381651,0.0563142598,-0.934373975,-0.351815581],"shapeName":"/levels/johnson_valley/art/shapes/rocks/s_rocks_desert_medium_05.dae","useInstanceRenderData":true}
{"class":"TSStatic","persistentId":"64ba28c6-1acb-49e1-b874-a64a9cbc0d9b","__parent":"trail_008","position":[-399.722656,-238.28241,189.589066],"isRenderEnabled":false,"shapeName":"/levels/johnson_valley/art/shapes/rocks/s_rocks_desert_medium_02.dae","useInstanceRenderData":true}
{"class":"TSStatic","persistentId":"d52c37ce-7cd5-4369-9186-0cd6360ac237","__parent":"trail_008","position":[-403.62915,-236.062103,190.891846],"isRenderEnabled":false,"shapeName":"/levels/johnson_valley/art/shapes/rocks/s_rocks_desert_medium_04.dae","useInstanceRenderData":true}
{"class":"TSStatic","persistentId":"3ed2e493-ff43-48fd-bf42-49db4f6db78f","__parent":"trail_008","position":[-399.587189,-236.387802,190.592468],"isRenderEnabled":false,"rotationMatrix":[-0.845313787,-0.409862816,0.342720449,0.37983197,-0.912147284,-0.153997451,0.375729322,7.4505806e-09,0.926729441],"shapeName":"/levels/johnson_valley/art/shapes/rocks/s_rocks_desert_large_06.dae","useInstanceRenderData":true}
{"class":"TSStatic","persistentId":"6603fba1-c55d-4072-b235-a850f7a5f837","__parent":"trail_008","position":[-404.521423,-239.259262,186.967819],"isRenderEnabled":false,"rotationMatrix":[0.940563619,0.324967235,-0.0986731201,-0.258058518,0.872738242,0.41440767,0.220784739,-0.364313304,0.904726386],"shapeName":"/levels/johnson_valley/art/shapes/rocks/s_rocks_desert_large_02.dae","useInstanceRenderData":true}
{"class":"TSStatic","persistentId":"4cef7075-ce26-4cf6-a178-b2bfd6a92006","__parent":"trail_008","position":[-396.980316,-237.675629,190.317215],"isRenderEnabled":false,"rotationMatrix":[0.371390343,-0.923212051,-0.0987358391,0.709501386,0.350784719,-0.611193776,0.598896503,0.156938195,0.785298288],"shapeName":"/levels/johnson_valley/art/shapes/rocks/s_rocks_desert_large_04.dae","useInstanceRenderData":true}
{"class":"TSStatic","persistentId":"3f1b176d-0db0-45ce-a7ed-0e0b2087d5fb","__parent":"trail_008","position":[-398.810333,-245.104706,185.578568],"isRenderEnabled":false,"rotationMatrix":[0.384254158,0.909557343,-0.158284083,-0.923227191,0.378564715,-0.0658790767,-7.4505806e-08,0.171446502,0.985193431],"shapeName":"/levels/johnson_valley/art/shapes/rocks/s_rocks_desert_large_06.dae","useInstanceRenderData":true}
{"class":"TSStatic","persistentId":"2a5f4d75-3da5-48a1-9c65-8d2ebad96dc7","__parent":"trail_008","position":[-400.936157,-247.053955,183.882385],"isRenderEnabled":false,"rotationMatrix":[0.946547389,-0.274022102,-0.170176119,0.305424452,0.931061506,0.199600756,0.103749447,-0.24090752,0.964986861],"shapeName":"/levels/johnson_valley/art/shapes/rocks/s_rocks_desert_large_07.dae","useInstanceRenderData":true}
{"class":"TSStatic","persistentId":"49e121e6-1dfe-4552-90a5-a536166543c4","__parent":"trail_008","position":[-401.628296,-243.826599,185.395752],"isRenderEnabled":false,"rotationMatrix":[-0.179628491,0.839989066,-0.512008369,-0.967782617,-0.244244337,-0.0611734092,-0.176439986,0.48452422,0.856799483],"shapeName":"/levels/johnson_valley/art/shapes/rocks/s_rocks_desert_large_06.dae","useInstanceRenderData":true}
{"class":"TSStatic","persistentId":"ce366dcc-a9e9-4eb7-9904-bd42574f6f45","__parent":"trail_008","position":[-392.733429,-229.043869,195.890717],"isRenderEnabled":false,"rotationMatrix":[0.877735734,0.128529757,0.461584359,-0.181330293,0.980804682,0.0717041045,-0.443507999,-0.146636471,0.884193659],"shapeName":"/levels/johnson_valley/art/shapes/rocks/s_rocks_desert_low_flat_01.dae","useInstanceRenderData":true}
{"class":"TSStatic","persistentId":"13d03c15-2024-4b1f-adf6-4977d3292161","__parent":"trail_008","position":[-401.918579,-229.845917,193.446991],"isRenderEnabled":false,"rotationMatrix":[0.793785334,0.604976177,0.0625185817,-0.38527602,0.579714537,-0.717978656,-0.47060293,0.545834005,0.693251789],"shapeName":"/levels/johnson_valley/art/shapes/rocks/s_rocks_desert_large_02.dae","useInstanceRenderData":true}
{"class":"TSStatic","persistentId":"afa49128-872e-4528-97fa-8eb3b95d8d58","__parent":"trail_008","position":[-397.108826,-226.365051,196.271057],"isRenderEnabled":false,"shapeName":"/levels/johnson_valley/art/shapes/rocks/s_rocks_desert_large_03.dae","useInstanceRenderData":true}
{"class":"TSStatic","persistentId":"a9fd7a9a-b993-4420-90ed-e5e498f81783","__parent":"trail_008","position":[-391.239319,-226.512207,196.970657],"isRenderEnabled":false,"shapeName":"/levels/johnson_valley/art/shapes/rocks/s_rocks_desert_large_06.dae","useInstanceRenderData":true}
{"class":"TSStatic","persistentId":"0bfd7bf8-e84e-45f0-9229-ea3ccc979480","__parent":"trail_008","position":[-395.061157,-229.880737,194.621094],"isRenderEnabled":false,"rotationMatrix":[-0.583773971,-0.508159876,0.633231699,0.502536774,-0.83872056,-0.209775105,0.637703359,0.19576098,0.744991422],"shapeName":"/levels/johnson_valley/art/shapes/rocks/s_rocks_desert_medium_01.dae","useInstanceRenderData":true}
{"class":"TSStatic","persistentId":"58488f59-2225-41d0-96c5-ebb18ba73ef8","__parent":"trail_008","position":[-398.812622,-229.202927,194.471252],"isRenderEnabled":false,"rotationMatrix":[-0.352354527,-0.604511321,0.714431643,0.858174264,-0.513240218,-0.0110268593,0.373340845,0.609221399,0.699618399],"shapeName":"/levels/johnson_valley/art/shapes/rocks/s_rocks_desert_medium_04.dae","useInstanceRenderData":true}
{"class":"TSStatic","persistentId":"fd08d181-2166-4fe3-9b90-94ee56c3d9a8","__parent":"trail_008","position":[-396.435364,-231.209335,193.836929],"isRenderEnabled":false,"shapeName":"/levels/johnson_valley/art/shapes/rocks/s_rocks_desert_small_01.dae","useInstanceRenderData":true}
{"class":"TSStatic","persistentId":"6784397d-eca3-4020-acf1-108aa1e54597","__parent":"trail_008","position":[-398.387268,-228.106247,195.056381],"isRenderEnabled":false,"rotationMatrix":[0.163427651,-0.942653,0.291026831,0.955828369,0.224340916,0.189902931,-0.244301796,0.247136354,0.937678099],"shapeName":"/levels/johnson_valley/art/shapes/rocks/s_rocks_desert_medium_04.dae","useInstanceRenderData":true}
{"class":"TSStatic","persistentId":"720a8bd2-1dd2-4116-966c-a5421c049134","__parent":"trail_008","position":[-396.626312,-228.61058,194.848526],"isRenderEnabled":false,"shapeName":"/levels/johnson_valley/art/shapes/rocks/s_rocks_desert_small_01.dae","useInstanceRenderData":true}
{"class":"TSStatic","persistentId":"008dc0aa-d023-4c20-8e06-19dd969bcf65","__parent":"trail_008","position":[-397.331024,-230.604523,193.694321],"isRenderEnabled":false,"rotationMatrix":[-0.833225846,0.552600026,0.0191873536,-0.524365187,-0.800710082,0.289663076,0.175431341,0.231293544,0.956936359],"shapeName":"/levels/johnson_valley/art/shapes/rocks/s_rocks_desert_small_01.dae","useInstanceRenderData":true}
{"class":"TSStatic","persistentId":"d3b51f80-67e7-4374-8f2c-b7839486ff47","__parent":"trail_008","position":[-394.338257,-226.26828,196.153854],"isRenderEnabled":false,"shapeName":"/levels/johnson_valley/art/shapes/rocks/s_rocks_desert_small_03.dae","useInstanceRenderData":true}
{"class":"TSStatic","persistentId":"e2f69ce8-5a49-4083-8334-1abebcf5bc98","__parent":"trail_008","position":[-395.547394,-227.469513,195.34761],"isRenderEnabled":false,"rotationMatrix":[0.0391254425,-0.975419164,-0.216857493,0.998726487,0.0312535763,0.0396127254,-0.0318613872,-0.21813114,0.975399256],"shapeName":"/levels/johnson_valley/art/shapes/rocks/s_rocks_desert_small_03.dae","useInstanceRenderData":true}
{"class":"TSStatic","persistentId":"6dc82230-66f7-4c28-a2bf-da71e64ed5ed","__parent":"trail_008","position":[-390.877441,-219.103378,198.740799],"isRenderEnabled":false,"shapeName":"/levels/johnson_valley/art/shapes/rocks/s_rocks_desert_medium_04.dae","useInstanceRenderData":true}
{"class":"TSStatic","persistentId":"c7c617a6-aa47-4365-9e43-14ff05533e03","__parent":"trail_008","position":[-391.189331,-220.419342,198.140198],"isRenderEnabled":false,"rotationMatrix":[0.483841896,0.440695137,0.756098509,2.98023224e-08,0.863959014,-0.503562152,-0.875155449,0.243644491,0.418019593],"shapeName":"/levels/johnson_valley/art/shapes/rocks/s_rocks_desert_medium_02.dae","useInstanceRenderData":true}
{"class":"TSStatic","persistentId":"bc3edfa7-f005-4e03-80b3-8cbda7ca2129","__parent":"trail_008","position":[-388.481506,-224.613449,197.145493],"isRenderEnabled":false,"rotationMatrix":[0.381088674,0.851945877,0.359109819,-0.581914783,-0.0808030367,0.809225738,0.718433559,-0.517358124,0.464966595],"shapeName":"/levels/johnson_valley/art/shapes/rocks/s_rocks_desert_large_04.dae","useInstanceRenderData":true}
{"class":"TSStatic","persistentId":"4dc3917b-e0bb-4c52-a110-5a90f560c015","__parent":"trail_008","position":[-392.824463,-222.82193,197.497391],"isRenderEnabled":false,"rotationMatrix":[-0.00820863247,0.345290095,-0.938460171,0,0.938491702,0.345301747,0.999966323,0.00283442438,-0.00770366192],"shapeName":"/levels/johnson_valley/art/shapes/rocks/s_rocks_desert_medium_04.dae","useInstanceRenderData":true}
{"class":"TSStatic","persistentId":"43a443d6-f641-4e7c-be44-dc8ab4942416","__parent":"trail_008","position":[-388.059265,-222.04985,198.103958],"isRenderEnabled":false,"rotationMatrix":[0.342331052,0.129626274,-0.930594981,7.4505806e-09,0.990437508,0.137962028,0.939579666,-0.0472287238,0.339057505],"shapeName":"/levels/johnson_valley/art/shapes/rocks/s_rocks_desert_medium_05.dae","useInstanceRenderData":true}
{"class":"TSStatic","persistentId":"630b7581-9a48-450f-8ab7-d894930fbe53","__parent":"trail_008","position":[-390.867035,-224.555588,196.773285],"isRenderEnabled":false,"rotationMatrix":[0.512144268,-0.201622427,-0.834899366,0.370625317,0.928777456,0.00305584073,0.774819553,-0.310999781,0.550394416],"shapeName":"/levels/johnson_valley/art/shapes/rocks/s_rocks_desert_medium_02.dae","useInstanceRenderData":true}
{"class":"TSStatic","persistentId":"1b58f771-2a36-4c92-ae8e-49d72763503e","__parent":"trail_008","position":[-385.828979,-215.810654,199.863724],"isRenderEnabled":false,"shapeName":"/levels/johnson_valley/art/shapes/rocks/s_rocks_desert_medium_03.dae","useInstanceRenderData":true}
{"class":"TSStatic","persistentId":"527f5ccd-e0ad-4385-b39a-9d4935737381","__parent":"trail_008","position":[-387.205505,-220.044922,198.042862],"isRenderEnabled":false,"rotationMatrix":[0.221226156,-0.946568668,0.234662771,0.845100224,0.0659911633,-0.530519247,0.486687303,0.315678239,0.814544439],"shapeName":"/levels/johnson_valley/art/shapes/rocks/s_rocks_desert_large_04.dae","useInstanceRenderData":true}
{"class":"TSStatic","persistentId":"4d77db99-e1fb-463b-bfc6-be3ccc598fc6","__parent":"trail_008","position":[-383.036255,-207.025925,202.2509],"isRenderEnabled":false,"rotationMatrix":[0.682768941,-0.722334743,-0.109814182,0.594273448,0.63647002,-0.491675735,0.425047874,0.270441294,0.863826275],"shapeName":"/levels/johnson_valley/art/shapes/rocks/s_rocks_desert_large_03.dae","useInstanceRenderData":true}
{"class":"TSStatic","persistentId":"8a1b1df5-5511-461a-9445-0b0011a6d07d","__parent":"trail_008","position":[-381.513184,-203.655273,204.617157],"isRenderEnabled":false,"rotationMatrix":[-0.537892222,-0.512253642,-0.669528127,0.76237309,-0.634556055,-0.126986355,-0.359804034,-0.578735232,0.731851459],"shapeName":"/levels/johnson_valley/art/shapes/rocks/s_rocks_desert_huge_sheet_2.dae","useInstanceRenderData":true}
{"class":"TSStatic","persistentId":"fbbd19c7-f955-465b-9886-57fdc4b0a6b4","__parent":"trail_008","position":[-393.341705,-206.062393,201.254181],"isRenderEnabled":false,"rotationMatrix":[-0.432696819,-0.844159126,-0.316496342,-0.140426308,0.409884989,-0.901263118,0.890536308,-0.345528841,-0.295898318],"shapeName":"/levels/johnson_valley/art/shapes/rocks/s_rocks_desert_large_04.dae","useInstanceRenderData":true}
{"class":"TSStatic","persistentId":"20369260-3b8f-406c-b3ad-77dde9551c61","__parent":"trail_008","position":[-386.676788,-207.178818,201.880707],"isRenderEnabled":false,"rotationMatrix":[-0.969083309,0.246734828,0,-0.246734828,-0.969083309,0,0,0,1],"shapeName":"/levels/johnson_valley/art/shapes/rocks/s_rocks_desert_large_06.dae","useInstanceRenderData":true}
{"class":"TSStatic","persistentId":"8a0555cc-39ce-4eeb-b168-d3e97509bed2","__parent":"trail_008","position":[-393.01059,-207.791809,201.349426],"isRenderEnabled":false,"rotationMatrix":[0.908385694,-0.366502851,-0.201273859,-0.40067479,-0.900617719,-0.168369919,-0.119562656,0.233590156,-0.96495676],"shapeName":"/levels/johnson_valley/art/shapes/rocks/s_rocks_desert_large_06.dae","useInstanceRenderData":true}
{"class":"TSStatic","persistentId":"4c8868b7-a8b7-43d3-b158-80febaa7b470","__parent":"trail_008","position":[-388.96759,-207.071243,200.998016],"isRenderEnabled":false,"rotationMatrix":[0.978839636,-0.203691199,0.0195679367,0.204628959,0.97435385,-0.0936029255,0,0.0956264138,0.995417297],"shapeName":"/levels/johnson_valley/art/shapes/rocks/s_rocks_desert_large_04.dae","useInstanceRenderData":true}
{"class":"TSStatic","persistentId":"5c3d0686-1ab8-4068-b20d-5fb05a21c6bb","__parent":"trail_008","position":[-387.348083,-204.669373,201.75798],"isRenderEnabled":false,"rotationMatrix":[-0.87827158,-0.380708843,-0.289311051,0.441391498,-0.878175497,-0.184342742,-0.183884844,-0.28960228,0.939317226],"shapeName":"/levels/johnson_valley/art/shapes/rocks/s_rocks_desert_large_05.dae","useInstanceRenderData":true}
{"class":"TSStatic","persistentId":"1cc376c1-0376-43b0-8718-306d121532ca","__parent":"trail_008","position":[-394.074158,-201.093613,203.240067],"isRenderEnabled":false,"rotationMatrix":[0.0517151952,0.88408637,0.464453578,-0.997670889,0.0250217915,0.0634580851,0.0444808602,-0.466653526,0.883320987],"shapeName":"/levels/johnson_valley/art/shapes/rocks/s_rocks_desert_huge_sheet_2.dae","useInstanceRenderData":true}
{"class":"TSStatic","persistentId":"95a806d8-36d1-4b7c-8690-8c6f70a9ea60","__parent":"trail_008","position":[-386.995972,-202.290085,203.685028],"isRenderEnabled":false,"rotationMatrix":[0.390002012,-0.920714438,-0.0135449022,0.880348384,0.377135515,-0.287672579,0.269972563,0.100268655,0.957633018],"shapeName":"/levels/johnson_valley/art/shapes/rocks/s_rocks_desert_large_04.dae","useInstanceRenderData":true}
{"class":"TSStatic","persistentId":"472240c4-8fb5-4e27-991d-8677294f2a1e","__parent":"trail_008","position":[-388.523621,-203.738464,203.195206],"isRenderEnabled":false,"shapeName":"/levels/johnson_valley/art/shapes/rocks/s_rocks_desert_medium_02.dae","useInstanceRenderData":true}
{"class":"TSStatic","persistentId":"a1fef45d-32b3-421b-bbcd-fc794670871e","__parent":"trail_008","position":[-390.903656,-198.867249,205.185318],"isRenderEnabled":false,"rotationMatrix":[-0.0131577253,0.24141255,-0.970333457,0.083470881,0.967295408,0.239524886,0.996423483,-0.0778430253,-0.0328782797],"shapeName":"/levels/johnson_valley/art/shapes/rocks/s_rocks_desert_medium_05.dae","useInstanceRenderData":true}
{"class":"TSStatic","persistentId":"c6e3e09e-bd27-477d-acb7-f4cf78d19816","__parent":"trail_008","position":[-391.78894,-204.595627,202.719894],"isRenderEnabled":false,"shapeName":"/levels/johnson_valley/art/shapes/rocks/s_rocks_desert_small_02.dae","useInstanceRenderData":true}
{"class":"TSStatic","persistentId":"677e9c03-f0b5-4144-b9c1-d8078fcebf67","__parent":"trail_008","position":[-387.593109,-199.860718,205.079681],"isRenderEnabled":false,"rotationMatrix":[0.126839638,-0.982754171,-0.134558231,0.757242858,0.183556378,-0.626809597,0.640698791,-0.0223889053,0.76746583],"shapeName":"/levels/johnson_valley/art/shapes/rocks/s_rocks_desert_medium_02.dae","useInstanceRenderData":true}
{"class":"TSStatic","persistentId":"6855da9d-07d8-4e5f-b7c1-c8f0d03b85eb","__parent":"trail_008","position":[-391.649628,-194.943817,207.899063],"isRenderEnabled":false,"shapeName":"/levels/johnson_valley/art/shapes/rocks/s_rocks_desert_medium_01.dae","useInstanceRenderData":true}
{"class":"TSStatic","persistentId":"e9e193d9-65e7-49d5-aff2-e877e9741638","__parent":"trail_008","position":[-387.860962,-198.406647,206.0616],"isRenderEnabled":false,"shapeName":"/levels/johnson_valley/art/shapes/rocks/s_rocks_desert_medium_03.dae","useInstanceRenderData":true}
{"class":"TSStatic","persistentId":"4b7840f4-7461-434c-a9a9-b60126cd03c5","__parent":"trail_008","position":[-387.080444,-194.221161,207.754868],"isRenderEnabled":false,"rotationMatrix":[1,0,0,0,0.994061708,-0.108817622,0,0.108817622,0.994061708],"shapeName":"/levels/johnson_valley/art/shapes/rocks/s_rocks_desert_large_04.dae","useInstanceRenderData":true}
{"class":"TSStatic","persistentId":"d8565c1b-501a-46ea-8327-d7f94b1753aa","__parent":"trail_008","position":[-392.149994,-193.690399,208.764282],"isRenderEnabled":false,"rotationMatrix":[1,0,0,0,0.989652514,-0.143484905,0,0.143484905,0.989652514],"shapeName":"/levels/johnson_valley/art/shapes/rocks/s_rocks_desert_large_06.dae","useInstanceRenderData":true}
{"class":"TSStatic","persistentId":"45124328-fdc4-4f2e-a227-53e938faa585","__parent":"trail_008","position":[-390.293762,-193.168228,208.661789],"isRenderEnabled":false,"rotationMatrix":[0.934696436,0,-0.355447084,0,1,0,0.355447084,0,0.934696436],"shapeName":"/levels/johnson_valley/art/shapes/rocks/s_rocks_desert_medium_03.dae","useInstanceRenderData":true}
{"class":"TSStatic","persistentId":"4b68d700-1ca7-47ea-a7e8-e58a644d1040","__parent":"trail_008","position":[-387.237122,-190.553909,208.731567],"isRenderEnabled":false,"rotationMatrix":[0.232850254,-0.972512662,0,0.972512662,0.232850254,0,0,0,1],"shapeName":"/levels/johnson_valley/art/shapes/rocks/s_rocks_desert_large_05.dae","useInstanceRenderData":true}
{"class":"TSStatic","persistentId":"f35d3b35-96cd-48d7-b5f2-a865bcc0ad09","__parent":"trail_008","position":[-385.79248,-192.713455,209.149551],"isRenderEnabled":false,"rotationMatrix":[0.367854357,-0.928677082,-0.0473567322,0.902819276,0.344486952,0.25738439,-0.222713083,-0.137434602,0.965147972],"shapeName":"/levels/johnson_valley/art/shapes/rocks/s_rocks_desert_large_07.dae","useInstanceRenderData":true}
{"class":"TSStatic","persistentId":"bfb06c48-6197-48a9-86a6-b0ac9c56ec90","__parent":"trail_008","position":[-384.836182,-196.136169,208.898682],"isRenderEnabled":false,"rotationMatrix":[0.813320637,-0.210040063,0.54257983,7.4505806e-09,0.932562768,0.361007988,-0.581815898,-0.293615282,0.758472562],"shapeName":"/levels/johnson_valley/art/shapes/rocks/s_rocks_desert_low_flat_01.dae","useInstanceRenderData":true}
{"class":"TSStatic","persistentId":"41d66492-a290-4db1-bc01-0b61ff588a54","__parent":"trail_008","position":[-392.001587,-188.705627,211.230942],"isRenderEnabled":false,"shapeName":"/levels/johnson_valley/art/shapes/rocks/s_rocks_desert_medium_01.dae","useInstanceRenderData":true}
{"class":"TSStatic","persistentId":"737bad49-d81b-4e3e-afe3-84da15f39cc7","__parent":"trail_008","position":[-388.19577,-189.324631,210.302567],"isRenderEnabled":false,"shapeName":"/levels/johnson_valley/art/shapes/rocks/s_rocks_desert_medium_04.dae","useInstanceRenderData":true}
{"class":"TSStatic","persistentId":"af547ec3-7fce-4eeb-882e-deaf930d6578","__parent":"trail_008","position":[-392.305573,-185.646408,212.449829],"isRenderEnabled":false,"rotationMatrix":[0.971618712,-0.236552566,0,0.236552566,0.971618712,0,0,0,1],"shapeName":"/levels/johnson_valley/art/shapes/rocks/s_rocks_desert_large_07.dae","useInstanceRenderData":true}
{"class":"TSStatic","persistentId":"433642d0-94da-43c9-a5a2-4597d2797bc0","__parent":"trail_008","position":[-386.545319,-185.132111,211.954544],"isRenderEnabled":false,"shapeName":"/levels/johnson_valley/art/shapes/rocks/s_rocks_desert_medium_04.dae","useInstanceRenderData":true}
{"class":"TSStatic","persistentId":"087136c4-f95d-436d-af52-eecb14a9c58b","__parent":"trail_008","position":[-385.534363,-187.513535,211.218643],"isRenderEnabled":false,"shapeName":"/levels/johnson_valley/art/shapes/rocks/s_rocks_desert_large_05.dae","useInstanceRenderData":true}
{"class":"TSStatic","persistentId":"bf05a513-6a42-4151-b315-2d35e69d02b1","__parent":"trail_008","position":[-388.948273,-189.506454,210.289703],"isRenderEnabled":false,"rotationMatrix":[0.916147172,-0.313089937,-0.250298023,0.386062413,0.857198119,0.340833127,0.107843578,-0.408883929,0.906191885],"shapeName":"/levels/johnson_valley/art/shapes/rocks/s_rocks_desert_low_flat_01.dae","useInstanceRenderData":true}
{"class":"TSStatic","persistentId":"29fd46e7-378e-4870-b4ac-43d49414a81f","__parent":"trail_008","position":[-395.272034,-193.131805,209.075241],"isRenderEnabled":false,"shapeName":"/levels/johnson_valley/art/shapes/rocks/s_rocks_desert_large_05.dae","useInstanceRenderData":true}
{"class":"TSStatic","persistentId":"3cac0586-3fd7-4af8-9bf6-a0bea7d28f72","__parent":"trail_008","position":[-386.021484,-180.954376,212.638657],"isRenderEnabled":false,"rotationMatrix":[0.691093266,-0.720342577,-0.059132427,0.678455174,0.618344069,0.396672636,-0.249176025,-0.314256459,0.916053593],"shapeName":"/levels/johnson_valley/art/shapes/rocks/s_rocks_desert_huge_sheet_3.dae","useInstanceRenderData":true}
{"class":"TSStatic","persistentId":"07950268-84af-4a3e-832f-01c86b984538","__parent":"trail_008","position":[-392.333954,-179.624481,213.70694],"isRenderEnabled":false,"rotationMatrix":[0.410684109,0.862846076,0.294678688,-0.701049268,0.505466998,-0.50302422,-0.582982719,-8.94069672e-08,0.812484622],"shapeName":"/levels/johnson_valley/art/shapes/rocks/s_rocks_desert_large_04.dae","useInstanceRenderData":true}
{"class":"TSStatic","persistentId":"30f15fa2-3e34-4a2f-b00e-e0a092aae4d9","__parent":"trail_008","position":[-390.394989,-181.658859,213.119354],"isRenderEnabled":false,"rotationMatrix":[0.328606665,0.917442501,0.224314868,-0.912704408,0.247393489,0.325218827,0.242875457,-0.311602265,0.918648779],"shapeName":"/levels/johnson_valley/art/shapes/rocks/s_rocks_desert_low_flat_01.dae","useInstanceRenderData":true}
{"class":"TSStatic","persistentId":"cee2f4f5-b413-42e7-b47f-f8afabf6a746","__parent":"trail_008","position":[-391.283905,-187.428757,211.369797],"isRenderEnabled":false,"shapeName":"/levels/johnson_valley/art/shapes/rocks/s_rocks_desert_small_01.dae","useInstanceRenderData":true}
{"class":"TSStatic","persistentId":"8e87f349-7bdd-49e2-93bc-16efd4d756c5","__parent":"trail_008","position":[-390.788391,-186.461411,211.536682],"isRenderEnabled":false,"shapeName":"/levels/johnson_valley/art/shapes/rocks/s_rocks_desert_small_07.dae","useInstanceRenderData":true}
{"class":"TSStatic","persistentId":"d67a5310-a6bf-4f5a-8b11-b3ff67a304b3","__parent":"trail_008","position":[-388.141235,-191.951523,209.14444],"isRenderEnabled":false,"shapeName":"/levels/johnson_valley/art/shapes/rocks/s_rocks_desert_small_03.dae","useInstanceRenderData":true}
{"class":"TSStatic","persistentId":"0d89b1c4-0e1c-4433-95e6-6afcdf15ba4b","__parent":"trail_008","position":[-388.384674,-192.830765,208.715897],"isRenderEnabled":false,"rotationMatrix":[0.141769409,0.314963758,-0.93845576,-0.752935231,0.64977169,0.104332447,0.642642915,0.691805303,0.329265058],"shapeName":"/levels/johnson_valley/art/shapes/rocks/s_rocks_desert_medium_05.dae","useInstanceRenderData":true}
{"class":"TSStatic","persistentId":"69a34196-48d4-460d-b734-f6466c85fc0b","__parent":"trail_008","position":[-391.532501,-177.759048,214.653305],"isRenderEnabled":false,"rotationMatrix":[0.730629861,0.668150842,0.140550315,-0.356090367,0.548527241,-0.756516695,-0.582562983,0.50268507,0.638692498],"shapeName":"/levels/johnson_valley/art/shapes/rocks/s_rocks_desert_large_05.dae","useInstanceRenderData":true}
{"class":"TSStatic","persistentId":"dc5f3bf0-98c9-42ae-98ed-149692c250c3","__parent":"trail_008","position":[-387.283051,-176.889679,213.929489],"isRenderEnabled":false,"rotationMatrix":[0.554573894,0.748097897,-0.36441353,-0.625200152,0.663588285,0.41082257,0.54915607,1.49011612e-08,0.835719764],"shapeName":"/levels/johnson_valley/art/shapes/rocks/s_rocks_desert_large_06.dae","useInstanceRenderData":true}
{"class":"TSStatic","persistentId":"b8417ebf-84d3-4b52-95bf-5f87aaada7d0","__parent":"trail_008","position":[-387.869934,-171.807068,215.521439],"isRenderEnabled":false,"shapeName":"/levels/johnson_valley/art/shapes/rocks/s_rocks_desert_medium_04.dae","useInstanceRenderData":true}
{"class":"TSStatic","persistentId":"5204ef89-c78f-4475-b6fe-47496e43acf9","__parent":"trail_008","position":[-385.807709,-170.339188,215.872086],"isRenderEnabled":false,"rotationMatrix":[0.738178134,-0.633582234,0.231660992,0.539557338,0.348371983,-0.766495407,0.404933482,0.690804541,0.599014342],"shapeName":"/levels/johnson_valley/art/shapes/rocks/s_rocks_desert_large_05.dae","useInstanceRenderData":true}
{"class":"TSStatic","persistentId":"8b23a3e7-d670-4cfe-8d6b-0053fa0ec683","__parent":"trail_008","position":[-393.04837,-171.818237,215.670609],"isRenderEnabled":false,"rotationMatrix":[0.926369309,-0.376616478,0,0.376616478,0.926369309,0,0,0,1],"shapeName":"/levels/johnson_valley/art/shapes/rocks/s_rocks_desert_large_02.dae","useInstanceRenderData":true}
{"class":"TSStatic","persistentId":"583db0e7-a14d-4e9e-aafb-daa94f2fcd23","__parent":"trail_008","position":[-382.627991,-172.910782,215.504272],"isRenderEnabled":false,"shapeName":"/levels/johnson_valley/art/shapes/rocks/s_rocks_desert_large_06.dae","useInstanceRenderData":true}
{"class":"TSStatic","persistentId":"91820063-e2e4-4afd-adcc-a6051feaa3e1","__parent":"trail_008","position":[-381.692596,-176.497711,214.343567],"isRenderEnabled":false,"rotationMatrix":[1,0,0,0,0.963567197,0.267466366,0,-0.267466366,0.963567197],"shapeName":"/levels/johnson_valley/art/shapes/rocks/s_rocks_desert_large_07.dae","useInstanceRenderData":true}
{"class":"TSStatic","persistentId":"232709d1-76ef-470a-971a-24d31246db15","__parent":"trail_008","position":[-386.504608,-173.212555,214.89325],"isRenderEnabled":false,"rotationMatrix":[0.423538446,0.462348014,-0.779005587,-0.2167373,0.886688888,0.408421099,0.879568279,-0.00414255261,0.475754857],"shapeName":"/levels/johnson_valley/art/shapes/rocks/s_rocks_desert_medium_02.dae","useInstanceRenderData":true}
{"class":"TSStatic","persistentId":"b80f9590-b132-482d-b77a-2ec1384e3e39","__parent":"trail_008","position":[-388.27298,-173.003677,215.316544],"isRenderEnabled":false,"shapeName":"/levels/johnson_valley/art/shapes/rocks/s_rocks_desert_small_01.dae","useInstanceRenderData":true}
{"class":"TSStatic","persistentId":"3220c6cf-8f6e-4348-a953-60c17e6aa048","__parent":"trail_008","position":[-390.26181,-174.398544,215.389816],"isRenderEnabled":false,"rotationMatrix":[-0.00678837299,0.332438737,-0.943100512,0.132341444,0.935124934,0.328674823,0.991181076,-0.122580111,-0.0503433943],"shapeName":"/levels/johnson_valley/art/shapes/rocks/s_rocks_desert_medium_01.dae","useInstanceRenderData":true}
{"class":"TSStatic","persistentId":"b0ef3209-d774-4a28-b8f4-6c44704a01d3","__parent":"trail_008","position":[-386.517456,-168.365692,217.100632],"isRenderEnabled":false,"rotationMatrix":[0.800521731,-0.599303663,0,0.599303663,0.800521731,0,0,0,1],"shapeName":"/levels/johnson_valley/art/shapes/rocks/s_rocks_desert_large_06.dae","useInstanceRenderData":true}
{"class":"TSStatic","persistentId":"6f356786-840d-44de-8234-85d3838e35ff","__parent":"trail_008","position":[-384.880768,-177.555817,213.388046],"isRenderEnabled":false,"rotationMatrix":[0.157604337,-0.504912734,-0.848660171,0.937356591,0.346871197,-0.0322958827,0.310682356,-0.79040724,0.527951598],"shapeName":"/levels/johnson_valley/art/shapes/rocks/s_rocks_desert_large_06.dae","useInstanceRenderData":true}
{"class":"TSStatic","persistentId":"8e0ee002-15f4-49ee-894d-5f180b7c0ffb","__parent":"trail_008","position":[-388.032654,-174.171173,214.926865],"isRenderEnabled":false,"rotationMatrix":[0.979483604,0.110481054,-0.168540105,-0.0560658574,0.952703953,0.298683465,0.193567678,-0.283106208,0.939352155],"shapeName":"/levels/johnson_valley/art/shapes/rocks/s_rocks_desert_low_tiny.dae","useInstanceRenderData":true}
{"class":"TSStatic","persistentId":"8dfb0fd5-c71b-4887-a241-b806a94b47ed","__parent":"trail_008","position":[-391.781097,-164.35173,218.104248],"isRenderEnabled":false,"shapeName":"/levels/johnson_valley/art/shapes/rocks/s_rocks_desert_large_07.dae","useInstanceRenderData":true}
{"class":"TSStatic","persistentId":"8f5431dc-d8a9-4aca-a90b-349be7bd8fc3","__parent":"trail_008","position":[-394.981567,-169.250854,218.836548],"isRenderEnabled":false,"rotationMatrix":[-0.143670559,-0.139982969,0.979674995,0.71356833,0.671264052,0.200560808,-0.685695708,0.727879941,0.00344657898],"shapeName":"/levels/johnson_valley/art/shapes/rocks/s_rocks_desert_large_07.dae","useInstanceRenderData":true}
{"class":"TSStatic","persistentId":"487e7ab5-c500-41a6-b680-396e4727137e","__parent":"trail_008","position":[-389.86792,-168.082336,217.352814],"isRenderEnabled":false,"shapeName":"/levels/johnson_valley/art/shapes/rocks/s_rocks_desert_medium_05.dae","useInstanceRenderData":true}
{"class":"TSStatic","persistentId":"d6ec61c6-0372-4d8c-b3bb-89557eeb13f9","__parent":"trail_008","position":[-392.885986,-169.207077,218.138046],"isRenderEnabled":false,"shapeName":"/levels/johnson_valley/art/shapes/rocks/s_rocks_desert_medium_02.dae","useInstanceRenderData":true}
{"class":"TSStatic","persistentId":"50827fda-92b7-430b-8d96-8ca7d6a36c42","__parent":"trail_008","position":[-390.353668,-169.325287,216.510544],"isRenderEnabled":false,"rotationMatrix":[0.992437661,0,-0.122749694,0.0362905078,0.95529741,0.293410778,0.11726246,-0.295646548,0.948073149],"shapeName":"/levels/johnson_valley/art/shapes/rocks/s_rocks_desert_medium_03.dae","useInstanceRenderData":true}
{"class":"TSStatic","persistentId":"27aa6996-667c-46b8-9e80-766e3f6c9e39","__parent":"trail_008","position":[-389.184631,-166.196823,217.519928],"isRenderEnabled":false,"rotationMatrix":[-0.898122191,0.12920469,-0.420337558,-0.0428677723,-0.977033973,-0.208729506,-0.437652707,-0.169445574,0.883033633],"shapeName":"/levels/johnson_valley/art/shapes/rocks/s_rocks_desert_large_07.dae","useInstanceRenderData":true}
{"class":"TSStatic","persistentId":"eea402fa-c106-441f-9600-26248aa992e6","__parent":"trail_008","position":[-403.267548,-161.613937,219.616776],"isRenderEnabled":false,"shapeName":"/levels/johnson_valley/art/shapes/rocks/s_rocks_desert_large_06.dae","useInstanceRenderData":true}
{"class":"TSStatic","persistentId":"d97cd4ab-4661-4917-8a58-e1bdd518d83f","__parent":"trail_008","position":[-401.371307,-156.761398,219.862473],"isRenderEnabled":false,"shapeName":"/levels/johnson_valley/art/shapes/rocks/s_rocks_desert_medium_01.dae","useInstanceRenderData":true}
{"class":"TSStatic","persistentId":"76489e52-7c6d-411a-a925-914a41003c4e","__parent":"trail_008","position":[-400.23764,-162.899841,218.859451],"isRenderEnabled":false,"shapeName":"/levels/johnson_valley/art/shapes/rocks/s_rocks_desert_medium_04.dae","useInstanceRenderData":true}
{"class":"TSStatic","persistentId":"7b586b42-1b0a-403e-8bb8-c3fd454808e3","__parent":"trail_008","position":[-397.923798,-157.549072,219.675537],"isRenderEnabled":false,"rotationMatrix":[-0.983448029,-0.0924615264,0.155828267,0,0.86000365,0.510288,-0.181194872,0.501841307,-0.845769048],"shapeName":"/levels/johnson_valley/art/shapes/rocks/s_rocks_desert_medium_03.dae","useInstanceRenderData":true}
{"class":"TSStatic","persistentId":"323829b2-9235-4101-814a-3fba4f55d04a","__parent":"trail_008","position":[-396.885773,-161.344543,219.278595],"isRenderEnabled":false,"shapeName":"/levels/johnson_valley/art/shapes/rocks/s_rocks_desert_medium_05.dae","useInstanceRenderData":true}
{"class":"TSStatic","persistentId":"7c99627e-ae44-458f-b31d-4d808d371301","__parent":"trail_008","position":[-399.040405,-164.06192,218.429169],"isRenderEnabled":false,"rotationMatrix":[1,0,0,0,-0.815526366,-0.57872057,0,0.57872057,-0.815526366],"shapeName":"/levels/johnson_valley/art/shapes/rocks/s_rocks_desert_medium_05.dae","useInstanceRenderData":true}
