{"class":"TSStatic","persistentId":"e3230a19-74c0-4c40-8fa6-6aa727697035","__parent":"trail_31","position":[-219.83989,-23.6556263,194.028595],"isRenderEnabled":false,"rotationMatrix":[-0.847985148,-0.0503655076,0.527622223,0.0427634567,-0.998731256,-0.026607722,0.528292656,9.31322575e-10,0.849062383],"shapeName":"/levels/johnson_valley/art/shapes/rocks/s_rocks_desert_huge_sheet_2.dae","useInstanceRenderData":true}
{"class":"TSStatic","persistentId":"98b52877-06d3-40f7-99d3-588ee77b087f","__parent":"trail_31","position":[-228.217484,-23.9315357,198.543716],"isRenderEnabled":false,"rotationMatrix":[-0.849470854,0.00380600709,0.527622044,-0.0210044198,-0.999425411,-0.0266077202,0.527217567,-0.0336848721,0.849062443],"shapeName":"/levels/johnson_valley/art/shapes/rocks/s_rocks_desert_huge_sheet_2.dae","useInstanceRenderData":true}
{"class":"TSStatic","persistentId":"d954de18-18ea-4813-afa1-d96f10e5b4e8","__parent":"trail_31","position":[-219.72908,-8.6275034,197.072525],"isRenderEnabled":false,"rotationMatrix":[0.151454031,0.921576738,0.357433021,-0.980548739,0.185745716,-0.063426882,-0.124844439,-0.340874165,0.931782544],"shapeName":"/levels/johnson_valley/art/shapes/rocks/s_rocks_desert_huge_sheet_2.dae","useInstanceRenderData":true}
{"class":"TSStatic","persistentId":"8231ef6a-42d3-40b6-b5a8-0bdb4904f74f","__parent":"trail_31","position":[-229.46167,-0.12183094,200.296295],"isRenderEnabled":false,"rotationMatrix":[0.151454031,0.921576738,0.357433021,-0.980548739,0.185745716,-0.063426882,-0.124844439,-0.340874165,0.931782544],"shapeName":"/levels/johnson_valley/art/shapes/rocks/s_rocks_desert_huge_sheet_2.dae","useInstanceRenderData":true}
{"class":"TSStatic","persistentId":"b1a70e01-3b8a-4700-87ce-80719a831407","__parent":"trail_31","position":[-213.018326,-16.3785572,192.603226],"isRenderEnabled":false,"rotationMatrix":[-0.308361769,0.829488277,0.465685397,-0.950586796,-0.250148654,-0.183877796,-0.0360340178,-0.499375075,0.865636289],"shapeName":"/levels/johnson_valley/art/shapes/rocks/s_rocks_desert_huge_sheet_2.dae","useInstanceRenderData":true}
{"class":"TSStatic","persistentId":"f4dc1a6b-7de2-4767-b970-46d4b6086dcb","__parent":"trail_31","position":[-217.892578,-20.7670307,192.294769],"isRenderEnabled":false,"rotationMatrix":[-0.174177527,0.930437744,0.322410464,-0.98088342,-0.13508296,-0.14007479,-0.0867787674,-0.340644836,0.936178684],"shapeName":"/levels/johnson_valley/art/shapes/rocks/s_rocks_desert_huge_sheet_2.dae","useInstanceRenderData":true}
{"class":"TSStatic","persistentId":"f3adf528-5f13-4c60-9c91-a65e372b91ed","__parent":"trail_31","position":[-218.415756,-15.8546419,192.756866],"isRenderEnabled":false,"rotationMatrix":[-0.864833355,0.332337707,-0.376317739,-0.397074491,-0.9114573,0.107599683,-0.307238042,0.242481977,0.920221329],"shapeName":"/levels/johnson_valley/art/shapes/rocks/s_rocks_desert_huge_sheet_2.dae","useInstanceRenderData":true}
{"class":"TSStatic","persistentId":"a1b72856-8546-480e-b9d4-97e860a3322a","__parent":"trail_31","position":[-213.435226,-10.0970049,197.088974],"isRenderEnabled":false,"rotationMatrix":[0.320097446,0.764204443,0.559936821,-0.939580739,0.331783295,0.0843079984,-0.121349171,-0.553092599,0.824234724],"shapeName":"/levels/johnson_valley/art/shapes/rocks/s_rocks_desert_huge_sheet_2.dae","useInstanceRenderData":true}
{"class":"TSStatic","persistentId":"1912db90-74b2-4ebc-b023-5265756262e3","__parent":"trail_31","position":[-236.181824,2.76058483,205.146179],"isRenderEnabled":false,"rotationMatrix":[0.994362473,0.0442428142,-0.096362859,0.0116229951,0.857835591,0.513792813,0.105395123,-0.512016356,0.852485299],"shapeName":"/levels/johnson_valley/art/shapes/rocks/s_rocks_desert_low_flat_02.dae","useInstanceRenderData":true}
{"class":"TSStatic","persistentId":"6cb45f12-592b-48c1-a76d-f1e621dbba74","__parent":"trail_31","position":[-231.391464,-7.72385836,198.771912],"isRenderEnabled":false,"rotationMatrix":[0.926148355,-0.334550977,0.174140394,0.328789473,0.942377627,0.0618211105,-0.184788316,1.86264515e-09,0.98277837],"shapeName":"/levels/johnson_valley/art/shapes/rocks/s_rocks_desert_large_05.dae","useInstanceRenderData":true}
{"class":"TSStatic","persistentId":"28550b85-45a5-4e43-9170-5f99874ffe0e","__parent":"trail_31","position":[-232.915359,-10.9044189,198.914764],"isRenderEnabled":false,"rotationMatrix":[0.943955719,-0.326867193,-0.0458847433,0.330072075,0.934790254,0.131223381,-1.86264515e-09,-0.139014333,0.990290344],"shapeName":"/levels/johnson_valley/art/shapes/rocks/s_rocks_desert_large_02.dae","useInstanceRenderData":true}
{"class":"TSStatic","persistentId":"e63e1341-d05b-47bd-b4ff-fa44ed694935","__parent":"trail_31","position":[-231.004929,-5.51163054,199.873123],"isRenderEnabled":false,"rotationMatrix":[-0.246925116,0,0.969034374,0,1,0,-0.969034374,0,-0.246925116],"shapeName":"/levels/johnson_valley/art/shapes/rocks/s_rocks_desert_large_03.dae","useInstanceRenderData":true}
{"class":"TSStatic","persistentId":"70b920b8-da99-487f-88f6-ca6042079932","__parent":"trail_31","position":[-219.587341,-20.1533756,194.809601],"isRenderEnabled":false,"rotationMatrix":[0.978146255,0,0.207918063,0,1,0,-0.207918063,0,0.978146255],"shapeName":"/levels/johnson_valley/art/shapes/rocks/s_rocks_desert_large_04.dae","useInstanceRenderData":true}
{"class":"TSStatic","persistentId":"12686c33-e084-4fa0-b2b9-11766c4f7430","__parent":"trail_31","position":[-215.811554,-15.9711657,194.313828],"isRenderEnabled":false,"rotationMatrix":[0.956731319,0.288827598,-0.0352678895,-0.174093649,0.471088767,-0.864735186,-0.233145058,0.833459198,0.500988424],"shapeName":"/levels/johnson_valley/art/shapes/rocks/s_rocks_desert_large_04.dae","useInstanceRenderData":true}
{"class":"TSStatic","persistentId":"0611f100-3e8f-42e1-9d09-5fa84bd50553","__parent":"trail_31","position":[-223.349518,-9.11158276,197.892883],"isRenderEnabled":false,"rotationMatrix":[0.298603535,0.0528735816,0.952911556,-0.443231016,0.891938269,0.0894001424,-0.845211446,-0.449055105,0.28977114],"shapeName":"/levels/johnson_valley/art/shapes/rocks/s_rocks_desert_large_04.dae","useInstanceRenderData":true}
{"class":"TSStatic","persistentId":"30d66dc5-2e05-42ec-9050-5a5a587014eb","__parent":"trail_31","position":[-224.894211,-4.52270794,199.575256],"isRenderEnabled":false,"rotationMatrix":[0.320097685,0.811226666,0.489334643,-0.9395805,0.337994814,0.0542922765,-0.121349156,-0.477148235,0.870404482],"shapeName":"/levels/johnson_valley/art/shapes/rocks/s_rocks_desert_huge_sheet_2.dae","useInstanceRenderData":true}
{"class":"TSStatic","persistentId":"61efa42e-c399-4449-8b84-8f1ce4e8c396","__parent":"trail_31","position":[-238.352737,-10.4608746,201.484161],"isRenderEnabled":false,"rotationMatrix":[-0.862427354,0.129506454,0.489334792,-0.118086375,-0.991518736,0.0542923808,0.492215484,-0.0109605547,0.870404422],"shapeName":"/levels/johnson_valley/art/shapes/rocks/s_rocks_desert_huge_sheet_2.dae","useInstanceRenderData":true}
{"class":"TSStatic","persistentId":"5533a851-2965-4638-beb5-d58db00fcc07","__parent":"trail_31","position":[-240.472809,1.44864082,204.11853],"isRenderEnabled":false,"rotationMatrix":[-0.176136971,0.85412395,0.489334643,-0.971339464,-0.231413603,0.0542923808,0.159611046,-0.465747118,0.870404482],"shapeName":"/levels/johnson_valley/art/shapes/rocks/s_rocks_desert_huge_sheet_2.dae","useInstanceRenderData":true}
{"class":"TSStatic","persistentId":"11a3dc1c-840b-49ca-a3d0-3fd6d300187e","__parent":"trail_31","position":[-241.688461,5.3856144,207.361038],"isRenderEnabled":false,"rotationMatrix":[-0.310616136,0.814904392,0.489334583,-0.921757638,-0.383946776,0.054292351,0.232121527,-0.434183836,0.870404482],"shapeName":"/levels/johnson_valley/art/shapes/rocks/s_rocks_desert_huge_sheet_2.dae","useInstanceRenderData":true}
{"class":"TSStatic","persistentId":"a9d22d7e-f057-4220-9dda-4d1fccba5556","__parent":"trail_31","position":[-235.018311,3.35771751,202.516754],"isRenderEnabled":false,"rotationMatrix":[0.609362364,0.692102611,0.38687411,-0.735280693,0.675846636,-0.0509281009,-0.296715051,-0.253427327,0.920725107],"shapeName":"/levels/johnson_valley/art/shapes/rocks/s_rocks_desert_huge_sheet_2.dae","useInstanceRenderData":true}
{"class":"TSStatic","persistentId":"dfb51747-ee8f-4764-8dcf-2b70795cc768","__parent":"trail_31","position":[-230.544449,-6.002038,200.016678],"isRenderEnabled":false,"rotationMatrix":[0.994362473,0.0173756331,-0.10460075,0.0116230063,0.962676406,0.270405293,0.105395146,-0.27009666,0.957047343],"shapeName":"/levels/johnson_valley/art/shapes/rocks/s_rocks_desert_low_flat_02.dae","useInstanceRenderData":true}
{"class":"TSStatic","persistentId":"6be0e387-8592-43aa-8332-d2035d10145e","__parent":"trail_31","position":[-214.031815,-18.9770565,193.781738],"isRenderEnabled":false,"rotationMatrix":[0.713702321,0.692396343,-0.105906203,-0.675450504,0.720351696,0.15767017,0.185459986,-0.0409951508,0.981796324],"shapeName":"/levels/johnson_valley/art/shapes/rocks/s_rocks_desert_low_flat_02.dae","useInstanceRenderData":true}
{"class":"TSStatic","persistentId":"1e5e6ede-d08d-4644-beda-67cd9ec8dcce","__parent":"trail_31","position":[-214.851334,-19.1403408,193.547592],"isRenderEnabled":false,"rotationMatrix":[-0.662341356,-0.746764243,0.0603971183,0.490168273,-0.492895961,-0.718880594,0.566603661,-0.446539342,0.692504883],"shapeName":"/levels/johnson_valley/art/shapes/rocks/s_rocks_desert_low_flat_02.dae","useInstanceRenderData":true}
{"class":"TSStatic","persistentId":"70e806d1-90e9-40da-b1ce-a1b9491c00ae","__parent":"trail_31","position":[-220.108383,-18.9075756,194.632782],"isRenderEnabled":false,"rotationMatrix":[0.917859972,0,0.396904349,0,1,0,-0.396904349,0,0.917859972],"shapeName":"/levels/johnson_valley/art/shapes/rocks/s_rocks_desert_large_05.dae","useInstanceRenderData":true}
{"class":"TSStatic","persistentId":"792ed75a-329c-4c7d-b7ce-aa6cc1068f89","__parent":"trail_31","position":[-223.94873,-22.6664238,198.349777],"isRenderEnabled":false,"rotationMatrix":[0.900387168,0,0.435089529,0,1,0,-0.435089529,0,0.900387168],"shapeName":"/levels/johnson_valley/art/shapes/rocks/s_rocks_desert_large_06.dae","useInstanceRenderData":true}
{"class":"TSStatic","persistentId":"df03cc21-e478-40db-8ab6-2b8cf2485155","__parent":"trail_31","position":[-219.236481,-15.5525265,195.141754],"isRenderEnabled":false,"shapeName":"/levels/johnson_valley/art/shapes/rocks/s_rocks_desert_large_07.dae","useInstanceRenderData":true}
{"class":"TSStatic","persistentId":"3282e836-264c-404b-b31e-8d0b537535d9","__parent":"trail_31","position":[-219.655823,-13.0888176,197.408401],"isRenderEnabled":false,"shapeName":"/levels/johnson_valley/art/shapes/rocks/s_rocks_desert_medium_04.dae","useInstanceRenderData":true}
{"class":"TSStatic","persistentId":"71bf3141-beb2-4d1b-aebe-a77c09fc9e25","__parent":"trail_31","position":[-218.86554,-16.9386845,195.455414],"isRenderEnabled":false,"shapeName":"/levels/johnson_valley/art/shapes/rocks/s_rocks_desert_medium_03.dae","useInstanceRenderData":true}
{"class":"TSStatic","persistentId":"831b5268-3fa3-4a61-8913-2fb1ba5e3986","__parent":"trail_31","position":[-217.756516,-15.2635431,195.544418],"isRenderEnabled":false,"rotationMatrix":[1,0,0,0,0.488923907,0.872326314,0,-0.872326314,0.488923907],"shapeName":"/levels/johnson_valley/art/shapes/rocks/s_rocks_desert_medium_02.dae","useInstanceRenderData":true}
{"class":"TSStatic","persistentId":"54ca4b98-9e7c-4266-bf40-71ca25538669","__parent":"trail_31","position":[-214.798767,-18.1357803,194.913055],"isRenderEnabled":false,"shapeName":"/levels/johnson_valley/art/shapes/rocks/s_rocks_desert_medium_01.dae","useInstanceRenderData":true}
{"class":"TSStatic","persistentId":"633bd50c-62ba-4b12-b5a2-d9797c7a7255","__parent":"trail_31","position":[-217.717575,-15.9050989,195.241959],"isRenderEnabled":false,"rotationMatrix":[0.815805197,-0.578326821,0,0.578326821,0.815805197,0,0,0,1],"shapeName":"/levels/johnson_valley/art/shapes/rocks/s_rocks_desert_large_07.dae","useInstanceRenderData":true}
{"class":"TSStatic","persistentId":"bace3283-0911-4798-8e2e-bef5bcda0999","__parent":"trail_31","position":[-233.658401,-12.5725498,200.006744],"isRenderEnabled":false,"rotationMatrix":[0.844207585,0.411828727,0.343089998,-0.42087689,0.905655026,-0.0514946356,-0.331928134,-0.100926451,0.937889934],"shapeName":"/levels/johnson_valley/art/shapes/rocks/s_rocks_desert_large_02.dae","useInstanceRenderData":true}
{"class":"TSStatic","persistentId":"6e4dfb0a-4f2a-4913-86cb-f7ecdaa3c83a","__parent":"trail_31","position":[-235.023376,-9.81571198,200.55925],"isRenderEnabled":false,"rotationMatrix":[-0.548010945,0.232751161,0.803437233,0.820931792,0.333935857,0.463204145,-0.160485357,0.913407922,-0.374073505],"shapeName":"/levels/johnson_valley/art/shapes/rocks/s_rocks_desert_large_03.dae","useInstanceRenderData":true}
{"class":"TSStatic","persistentId":"c7a06d7d-a63e-4e94-ad8f-d6a3ca5a9900","__parent":"trail_31","position":[-238.125763,-0.6025877,202.470764],"isRenderEnabled":false,"rotationMatrix":[-0.548010349,0.763939381,0.340706259,0.820931554,0.569341004,0.0438421071,-0.160485297,0.303722501,-0.939146638],"shapeName":"/levels/johnson_valley/art/shapes/rocks/s_rocks_desert_large_03.dae","useInstanceRenderData":true}
{"class":"TSStatic","persistentId":"9c6210c3-b3a6-4052-86e0-beb47a840fc5","__parent":"trail_31","position":[-237.214432,-6.73495483,200.753326],"isRenderEnabled":false,"rotationMatrix":[-0.161713481,0.948423147,-0.272658408,0.161132783,0.297963858,0.940879345,0.97359401,0.108218551,-0.201006889],"shapeName":"/levels/johnson_valley/art/shapes/rocks/s_rocks_desert_large_03.dae","useInstanceRenderData":true}
{"class":"TSStatic","persistentId":"a400548e-041c-4da3-9109-c4a06226afcd","__parent":"trail_31","position":[-244.488571,0.343981743,207.054428],"isRenderEnabled":false,"rotationMatrix":[-0.485076427,0.593465984,0.642261207,-0.751274049,-0.658700585,0.0412465781,0.44753617,-0.462506354,0.765375257],"shapeName":"/levels/johnson_valley/art/shapes/rocks/s_rocks_desert_huge_sheet_2.dae","useInstanceRenderData":true}
{"class":"TSStatic","persistentId":"d8baac06-c516-4dd1-b1c6-5cc888061d26","__parent":"trail_31","position":[-237.804016,6.79578495,206.899536],"isRenderEnabled":false,"rotationMatrix":[0.94982928,-0.312768906,0,0.256153673,0.777897775,0.573812127,-0.179470599,-0.545023561,0.818986952],"shapeName":"/levels/johnson_valley/art/shapes/rocks/s_rocks_desert_huge_sheet_3.dae","useInstanceRenderData":true}
{"class":"TSStatic","persistentId":"483f0a41-6945-49f2-bec8-08b21f388cd2","__parent":"trail_31","position":[-251.601303,-0.580394745,210.569336],"isRenderEnabled":false,"rotationMatrix":[-0.249704838,0.932786822,0.259916127,-0.932816744,-0.303740382,0.193894058,0.259808838,-0.194037825,0.945964456],"shapeName":"/levels/johnson_valley/art/shapes/rocks/s_rocks_desert_huge_sheet_2.dae","useInstanceRenderData":true}
{"class":"TSStatic","persistentId":"a04290f6-6f89-4bd5-a2bd-941cd6bffb68","__parent":"trail_31","position":[-255.216934,-5.2846756,211.320938],"isRenderEnabled":false,"rotationMatrix":[-0.705601454,0.362501293,0.608868122,-0.490552098,-0.869945049,-0.050549522,0.511357188,-0.334349215,0.791659355],"shapeName":"/levels/johnson_valley/art/shapes/rocks/s_rocks_desert_huge_sheet_2.dae","useInstanceRenderData":true}
{"class":"TSStatic","persistentId":"da7bce6c-f1cb-4ad3-95e5-1514f009ee76","__parent":"trail_31","position":[-245.543854,4.33418083,210.022583],"isRenderEnabled":false,"rotationMatrix":[-0.686842799,0.396897167,0.608868003,-0.532905936,-0.844663739,-0.0505495071,0.494225502,-0.359188884,0.791659355],"shapeName":"/levels/johnson_valley/art/shapes/rocks/s_rocks_desert_huge_sheet_2.dae","useInstanceRenderData":true}
{"class":"TSStatic","persistentId":"38142d2f-558e-4932-9ce2-a990408952db","__parent":"trail_31","position":[-233.768372,9.36817169,207.124557],"isRenderEnabled":false,"rotationMatrix":[0.194470704,0.762377501,0.617221475,-0.945565343,0.313085556,-0.0887922943,-0.260936469,-0.566355467,0.781763256],"shapeName":"/levels/johnson_valley/art/shapes/rocks/s_rocks_desert_huge_sheet_2.dae","useInstanceRenderData":true}
{"class":"TSStatic","persistentId":"6eb9daf6-b49f-4161-9af1-0fbd5054d25f","__parent":"trail_31","position":[-230.992188,4.85511923,205.68428],"isRenderEnabled":false,"rotationMatrix":[0.94982928,-0.312768906,0,0.256153673,0.777897775,0.573812127,-0.179470599,-0.545023561,0.818986952],"shapeName":"/levels/johnson_valley/art/shapes/rocks/s_rocks_desert_huge_sheet_3.dae","useInstanceRenderData":true}
{"class":"TSStatic","persistentId":"b54bcb91-10f9-44ee-8746-beb6f23230ac","__parent":"trail_31","position":[-243.866898,-8.54077721,205.562241],"isRenderEnabled":false,"rotationMatrix":[-0.763702631,0.645568967,-1.49011612e-08,-0.52871263,-0.625462532,0.573812306,0.370435297,0.438221663,0.818986893],"shapeName":"/levels/johnson_valley/art/shapes/rocks/s_rocks_desert_huge_sheet_3.dae","useInstanceRenderData":true}
{"class":"TSStatic","persistentId":"f65b4614-f7fd-4cac-b2d3-ba19e5de266e","__parent":"trail_31","position":[-224.756088,-16.1278305,196.719162],"isRenderEnabled":false,"shapeName":"/levels/johnson_valley/art/shapes/rocks/s_rocks_desert_large_02.dae","useInstanceRenderData":true}
{"class":"TSStatic","persistentId":"c46df22d-4d85-4c03-a9cb-76defc926f72","__parent":"trail_31","position":[-221.995605,-11.7029285,197.747833],"isRenderEnabled":false,"shapeName":"/levels/johnson_valley/art/shapes/rocks/s_rocks_desert_large_03.dae","useInstanceRenderData":true}
{"class":"TSStatic","persistentId":"7c68a70b-0076-4bfb-b5bf-44d91fd16686","__parent":"trail_31","position":[-225.347778,-9.93020725,197.435547],"isRenderEnabled":false,"rotationMatrix":[-0.504982829,-0.790126801,0.347406805,0.856645584,-0.508040667,0.0897354484,0.105594501,0.342919409,0.933411002],"shapeName":"/levels/johnson_valley/art/shapes/rocks/s_rocks_desert_large_04.dae","useInstanceRenderData":true}
{"class":"TSStatic","persistentId":"785a0508-c341-41e0-99e8-566fa52f571c","__parent":"trail_31","position":[-226.154373,-15.1884785,198.7323],"isRenderEnabled":false,"rotationMatrix":[0.0181045532,-0.999836087,0,0.999836087,0.0181045532,0,0,0,1],"shapeName":"/levels/johnson_valley/art/shapes/rocks/s_rocks_desert_large_03.dae","useInstanceRenderData":true}
{"class":"TSStatic","persistentId":"61dc55ca-1402-4dc5-8871-b54c7c97859f","__parent":"trail_31","position":[-225.591339,-12.368557,196.709518],"isRenderEnabled":false,"rotationMatrix":[0.113575637,-0.223252922,0.96812135,-0.423763603,-0.892231464,-0.156038254,0.898624122,-0.392532378,-0.195942402],"shapeName":"/levels/johnson_valley/art/shapes/rocks/s_rocks_desert_large_04.dae","useInstanceRenderData":true}
{"class":"TSStatic","persistentId":"7adf2445-7e96-40e2-b947-dcc1ebc79510","__parent":"trail_31","position":[-235.62056,-3.57869482,200.357925],"isRenderEnabled":false,"rotationMatrix":[0.000397861004,-0.997279406,0.0737182796,0.922281384,0.0288594961,0.385441154,-0.386519879,0.0678355098,0.919782996],"shapeName":"/levels/johnson_valley/art/shapes/rocks/s_rocks_desert_large_04.dae","useInstanceRenderData":true}
{"class":"TSStatic","persistentId":"909646ae-3a26-4015-b045-11af07bb7fe5","__parent":"trail_31","position":[-238.112762,-5.19165039,201.301987],"isRenderEnabled":false,"rotationMatrix":[0.497620821,0.809138119,0.312520742,-0.44583863,0.547657907,-0.708024621,-0.744044065,0.212994099,0.633270979],"shapeName":"/levels/johnson_valley/art/shapes/rocks/s_rocks_desert_large_05.dae","useInstanceRenderData":true}
{"class":"TSStatic","persistentId":"3a59cf23-1cbf-4bd9-9661-77fd51909bdb","__parent":"trail_31","position":[-243.697906,-9.57938957,207.513641],"isRenderEnabled":false,"shapeName":"/levels/johnson_valley/art/shapes/rocks/s_rocks_desert_large_06.dae","useInstanceRenderData":true}
{"class":"TSStatic","persistentId":"95349e78-c9b1-4eb6-ab0a-a77a522b38fc","__parent":"trail_31","position":[-239.396988,-2.63422799,202.84613],"isRenderEnabled":false,"rotationMatrix":[0.493545353,0.869720161,0,-0.869720161,0.493545353,0,0,0,1],"shapeName":"/levels/johnson_valley/art/shapes/rocks/s_rocks_desert_large_07.dae","useInstanceRenderData":true}
{"class":"TSStatic","persistentId":"7be6ab23-7545-4e7f-b4ab-6b00b552368c","__parent":"trail_31","position":[-209.78389,-19.8733749,192.936401],"isRenderEnabled":false,"rotationMatrix":[-0.999957442,0.00372726494,-0.00848095678,-0.00332607864,-0.998897433,-0.0468364619,-0.00864617527,-0.0468062423,0.998866558],"shapeName":"/levels/johnson_valley/art/shapes/rocks/s_rocks_desert_low_small.dae","useInstanceRenderData":true}
{"class":"TSStatic","persistentId":"b05ea656-06a0-4a05-801c-932242190587","__parent":"trail_31","position":[-213.647263,-30.1455479,193.568619],"isRenderEnabled":false,"rotationMatrix":[-0.9999578,0.00306911883,-0.00874068961,-0.00332607911,-0.999558806,0.0295369849,-0.00864617527,0.0295647904,0.999525487],"shapeName":"/levels/johnson_valley/art/shapes/rocks/s_rocks_desert_low_small.dae","useInstanceRenderData":true}
{"class":"TSStatic","persistentId":"1cdf7520-2e2a-4b5b-9179-4741980c12cb","__parent":"trail_31","position":[-220.712555,-14.0702267,196.71759],"isRenderEnabled":false,"rotationMatrix":[-0.833176136,0.464353293,0.300323069,-0.471820325,-0.880164027,0.0519361831,0.288450241,-0.0984265506,0.952422559],"shapeName":"/levels/johnson_valley/art/shapes/rocks/s_rocks_desert_low_small.dae","useInstanceRenderData":true}
{"class":"TSStatic","persistentId":"7476bbf6-7ff6-40b6-b67b-8398000ca909","__parent":"trail_31","position":[-222.055969,-14.9305096,197.099976],"isRenderEnabled":false,"rotationMatrix":[-0.690608621,0.673488677,0.263578475,-0.638686121,-0.738924623,0.21464245,0.339323699,-0.0201100409,0.940454721],"shapeName":"/levels/johnson_valley/art/shapes/rocks/s_rocks_desert_low_tiny.dae","useInstanceRenderData":true}
{"class":"TSStatic","persistentId":"77a7cb5e-9796-4195-9cdd-eed8d3b0efbb","__parent":"trail_31","position":[-223.97403,-12.9879265,197.828568],"isRenderEnabled":false,"rotationMatrix":[-0.690608621,0.673488677,0.263578475,-0.638686121,-0.738924623,0.21464245,0.339323699,-0.0201100409,0.940454721],"shapeName":"/levels/johnson_valley/art/shapes/rocks/s_rocks_desert_low_tiny.dae","useInstanceRenderData":true}
{"class":"TSStatic","persistentId":"9d2cecbb-3264-48ec-bbce-c02fad0b2f4d","__parent":"trail_31","position":[-229.127441,-10.0422926,198.873322],"isRenderEnabled":false,"rotationMatrix":[0.577837944,0.81613034,-0.00587608665,-0.800044596,0.567842841,0.193605185,0.161343783,-0.107171267,0.981061935],"shapeName":"/levels/johnson_valley/art/shapes/rocks/s_rocks_desert_low_tiny.dae","useInstanceRenderData":true}
{"class":"TSStatic","persistentId":"2fe12da7-31df-4f11-93de-92dadd7a5e21","__parent":"trail_31","position":[-226.025986,-7.63252497,198.764008],"isRenderEnabled":false,"rotationMatrix":[0.488913655,0.869530559,0.0698578432,-0.852000833,0.458796084,0.252192229,0.187238336,-0.182819188,0.965152323],"shapeName":"/levels/johnson_valley/art/shapes/rocks/s_rocks_desert_low_tiny.dae","useInstanceRenderData":true}
{"class":"TSStatic","persistentId":"e8308961-9cda-442b-9c46-a999814ac377","__parent":"trail_31","position":[-230.657501,-9.32003403,199.412338],"isRenderEnabled":false,"rotationMatrix":[0.755847037,-0.569756567,-0.322603196,0.534684002,0.821498871,-0.198122799,0.377899915,-0.0227402076,0.92556715],"shapeName":"/levels/johnson_valley/art/shapes/rocks/s_rocks_desert_low_tiny.dae","useInstanceRenderData":true}
{"class":"TSStatic","persistentId":"dd10afdd-84fa-447b-a06d-d6dad1ebe576","__parent":"trail_31","position":[-233.845078,-7.86333942,200.488525],"isRenderEnabled":false,"rotationMatrix":[0.760722399,-0.569756508,-0.310932249,0.537669778,0.821498871,-0.189870387,0.363610357,-0.0227402449,0.93127352],"shapeName":"/levels/johnson_valley/art/shapes/rocks/s_rocks_desert_low_tiny.dae","useInstanceRenderData":true}
{"class":"TSStatic","persistentId":"730d7dda-2082-4938-9c06-123d6b184d3f","__parent":"trail_31","position":[-235.671783,-4.32838297,201.326202],"isRenderEnabled":false,"rotationMatrix":[0.70947051,0.644860983,-0.284263968,-0.565158367,0.761585891,0.317148209,0.421007931,-0.064353168,0.904771268],"shapeName":"/levels/johnson_valley/art/shapes/rocks/s_rocks_desert_low_tiny.dae","useInstanceRenderData":true}
{"class":"TSStatic","persistentId":"de6b1807-6381-4d74-bb0f-54a0f1ef88bf","__parent":"trail_31","position":[-242.058716,-4.20232105,204.365341],"isRenderEnabled":false,"rotationMatrix":[-0.19341433,0.980544329,0.0335309654,-0.85850358,-0.185687661,0.478008628,0.474934816,0.0636671185,0.877714932],"shapeName":"/levels/johnson_valley/art/shapes/rocks/s_rocks_desert_low_small.dae","useInstanceRenderData":true}
{"class":"TSStatic","persistentId":"46e6b6f8-d9dc-406a-921d-53fac17c0c9a","__parent":"trail_31","position":[-250.171524,-5.88084173,208.585266],"isRenderEnabled":false,"rotationMatrix":[-0.531291842,0.827694237,0.180696771,-0.714112222,-0.552289486,0.430139691,0.455821037,0.099491924,0.884493351],"shapeName":"/levels/johnson_valley/art/shapes/rocks/s_rocks_desert_low_small.dae","useInstanceRenderData":true}
{"class":"TSStatic","persistentId":"7ac57395-2236-4fb9-a737-8d9c114e28d0","__parent":"trail_31","position":[-241.507431,-4.18393803,204.109573],"isRenderEnabled":false,"rotationMatrix":[0.128543496,0.990944564,-0.0388030857,-0.85233587,0.130395889,0.506478727,0.506952047,-0.0320313424,0.861378908],"shapeName":"/levels/johnson_valley/art/shapes/rocks/s_rocks_desert_low_tiny.dae","useInstanceRenderData":true}
{"class":"TSStatic","persistentId":"2be903f4-68d1-42a4-8ec6-e2fa580eef47","__parent":"trail_31","position":[-238.999115,-1.65015578,203.600861],"isRenderEnabled":false,"rotationMatrix":[0.73937279,0.647381544,-0.1850003,-0.522037387,0.724730849,0.449713528,0.425211608,-0.235928893,0.873803556],"shapeName":"/levels/johnson_valley/art/shapes/rocks/s_rocks_desert_low_tiny.dae","useInstanceRenderData":true}
{"class":"TSStatic","persistentId":"d46dbf94-a217-4251-90e6-6280fc116b8e","__parent":"trail_31","position":[-262.970886,-8.31697273,214.739288],"isRenderEnabled":false,"shapeName":"/levels/johnson_valley/art/shapes/rocks/s_rocks_desert_large_02.dae","useInstanceRenderData":true}
{"class":"TSStatic","persistentId":"943b5686-516a-42e8-8008-1d88abf9f457","__parent":"trail_31","position":[-267.101349,-18.465147,216.253616],"isRenderEnabled":false,"rotationMatrix":[0.874908626,-0.484288037,0,0.393899858,0.71161443,0.581762731,-0.281740695,-0.508989275,0.813358545],"shapeName":"/levels/johnson_valley/art/shapes/rocks/s_rocks_desert_large_02.dae","useInstanceRenderData":true}
{"class":"TSStatic","persistentId":"4517d733-92da-4046-80c5-2ead57e88587","__parent":"trail_31","position":[-258.115295,-14.0741568,212.211075],"isRenderEnabled":false,"rotationMatrix":[-0.52605319,0.850341618,0.0136942416,-0.769804418,-0.482950687,0.41732493,0.361482322,0.208993167,0.908654153],"shapeName":"/levels/johnson_valley/art/shapes/rocks/s_rocks_desert_huge_sheet_3.dae","useInstanceRenderData":true}
{"class":"TSStatic","persistentId":"6af12ab2-3c4c-4396-98cd-eb1bb75fa42e","__parent":"trail_31","position":[-256.883545,-9.83089733,212.211075],"isRenderEnabled":false,"rotationMatrix":[0.624397099,0.780987024,0.0136942118,-0.713349223,0.563003302,0.417324871,0.31821543,-0.270345181,0.908654153],"shapeName":"/levels/johnson_valley/art/shapes/rocks/s_rocks_desert_huge_sheet_3.dae","useInstanceRenderData":true}
{"class":"TSStatic","persistentId":"85d81e71-caeb-4653-9b80-531841b795c5","__parent":"trail_31","position":[-252.662109,-14.5092249,209.756531],"isRenderEnabled":false,"rotationMatrix":[0.941941381,0.247219756,-0.227219984,-0.275307447,0.956023753,-0.101115815,0.192229882,0.157800496,0.96857971],"shapeName":"/levels/johnson_valley/art/shapes/rocks/s_rocks_desert_large_03.dae","useInstanceRenderData":true}
{"class":"TSStatic","persistentId":"34624bda-62a1-4b32-9989-7315118cbccc","__parent":"trail_31","position":[-253.850632,-16.6599102,209.720963],"isRenderEnabled":false,"rotationMatrix":[0.742432654,-0.599379718,0.299228579,0.658816755,0.734233201,-0.163896635,-0.121467255,0.318818986,0.940000057],"shapeName":"/levels/johnson_valley/art/shapes/rocks/s_rocks_desert_large_02.dae","useInstanceRenderData":true}
{"class":"TSStatic","persistentId":"18252cb8-3091-42f2-a9c5-81f2d4ec9e6f","__parent":"trail_31","position":[-249.379944,-13.1866045,208.5578],"isRenderEnabled":false,"rotationMatrix":[1,0,0,0,0.679670691,0.733517528,0,-0.733517528,0.679670691],"shapeName":"/levels/johnson_valley/art/shapes/rocks/s_rocks_desert_large_05.dae","useInstanceRenderData":true}
{"class":"TSStatic","persistentId":"550a55d1-1bcd-4301-a6a5-7e5d50863ac0","__parent":"trail_31","position":[-261.854126,-16.5188484,214.154694],"isRenderEnabled":false,"rotationMatrix":[-0.493015051,0.869640172,-0.0257452726,-0.62183398,-0.331524372,0.709517241,0.608489335,0.365811706,0.704217732],"shapeName":"/levels/johnson_valley/art/shapes/rocks/s_rocks_desert_huge_sheet_3.dae","useInstanceRenderData":true}
{"class":"TSStatic","persistentId":"29c54bd6-38fa-477a-9eac-b007f60dd53a","__parent":"trail_31","position":[-254.37674,-11.1033974,211.097015],"isRenderEnabled":false,"rotationMatrix":[0.689856887,0,0.723945737,0,1,0,-0.723945737,0,0.689856887],"shapeName":"/levels/johnson_valley/art/shapes/rocks/s_rocks_desert_medium_01.dae","useInstanceRenderData":true}
{"class":"TSStatic","persistentId":"becb6331-4e4b-4035-9111-0b449abceba3","__parent":"trail_31","position":[-263.526367,-14.661047,213.999527],"isRenderEnabled":false,"rotationMatrix":[0.735596776,-0.633644938,0.239565462,0.436720401,0.713925123,0.547344863,-0.517853975,-0.298002064,0.801886559],"shapeName":"/levels/johnson_valley/art/shapes/rocks/s_rocks_desert_large_03.dae","useInstanceRenderData":true}
{"class":"TSStatic","persistentId":"10834d0c-d321-4986-b4c1-901fb6566cf4","__parent":"trail_31","position":[-265.646881,-9.28711033,216.0047],"isRenderEnabled":false,"shapeName":"/levels/johnson_valley/art/shapes/rocks/s_rocks_desert_large_06.dae","useInstanceRenderData":true}
{"class":"TSStatic","persistentId":"6862cdbd-74d4-4d1d-847e-6bdf469fdb20","__parent":"trail_31","position":[-268.767151,-14.0398979,215.866028],"isRenderEnabled":false,"rotationMatrix":[0.890593171,0.454800814,0,-0.454800814,0.890593171,0,0,0,1],"shapeName":"/levels/johnson_valley/art/shapes/rocks/s_rocks_desert_large_05.dae","useInstanceRenderData":true}
{"class":"TSStatic","persistentId":"1df997f0-1395-4a9d-8822-1cb87aadf6d6","__parent":"trail_31","position":[-268.747467,-8.8840723,215.86026],"isRenderEnabled":false,"rotationMatrix":[1,0,0,0,0.304258585,-0.952589393,0,0.952589393,0.304258585],"shapeName":"/levels/johnson_valley/art/shapes/rocks/s_rocks_desert_large_07.dae","useInstanceRenderData":true}
{"class":"TSStatic","persistentId":"e48dece0-c555-410e-b8f8-78d48914441a","__parent":"trail_31","position":[-266.491333,-13.2990208,215.687424],"isRenderEnabled":false,"rotationMatrix":[-0.690497756,0,0.72333467,0,1,0,-0.72333467,0,-0.690497756],"shapeName":"/levels/johnson_valley/art/shapes/rocks/s_rocks_desert_medium_03.dae","useInstanceRenderData":true}
{"class":"TSStatic","persistentId":"2dcfa658-c78e-47ff-9217-e87848080cb0","__parent":"trail_31","position":[-272.714142,-8.00996113,218.758133],"isRenderEnabled":false,"shapeName":"/levels/johnson_valley/art/shapes/rocks/s_rocks_desert_medium_04.dae","useInstanceRenderData":true}
{"class":"TSStatic","persistentId":"06a895d8-d870-4fc7-b635-87351f1bd764","__parent":"trail_31","position":[-274.72641,-10.8558817,218.116135],"isRenderEnabled":false,"rotationMatrix":[1,0,0,0,0.879995644,0.474981815,0,-0.474981815,0.879995644],"shapeName":"/levels/johnson_valley/art/shapes/rocks/s_rocks_desert_medium_05.dae","useInstanceRenderData":true}
{"class":"TSStatic","persistentId":"ee9c7a65-20c6-441b-9232-49f575dd3df3","__parent":"trail_31","position":[-262.100769,-10.8180914,213.16629],"isRenderEnabled":false,"shapeName":"/levels/johnson_valley/art/shapes/rocks/s_rocks_desert_large_03.dae","useInstanceRenderData":true}
{"class":"TSStatic","persistentId":"0139b929-114a-4fc4-959d-8d5d50232e94","__parent":"trail_31","position":[-274.241913,-9.43070602,218.718002],"isRenderEnabled":false,"rotationMatrix":[1,0,0,0,0.304258585,-0.952589393,0,0.952589393,0.304258585],"shapeName":"/levels/johnson_valley/art/shapes/rocks/s_rocks_desert_large_07.dae","useInstanceRenderData":true}
{"class":"TSStatic","persistentId":"1cd4d90e-1198-4d8a-89d6-8e75c1bacfc8","__parent":"trail_31","position":[-273.832611,-10.7459068,217.658737],"isRenderEnabled":false,"rotationMatrix":[1,0,0,0,-0.707439303,-0.706774592,0,0.706774592,-0.707439303],"shapeName":"/levels/johnson_valley/art/shapes/rocks/s_rocks_desert_medium_04.dae","useInstanceRenderData":true}
{"class":"TSStatic","persistentId":"3b73a70e-32a9-4cac-9aae-f5e563df77a8","__parent":"trail_31","position":[-283.903595,-15.6849995,221.322571],"isRenderEnabled":false,"rotationMatrix":[-0.515717745,-0.539565444,0.665511131,0.745115399,-0.665878773,0.0375411808,0.422893554,0.515243053,0.745443344],"shapeName":"/levels/johnson_valley/art/shapes/rocks/s_rocks_desert_huge_sheet_2.dae","useInstanceRenderData":true}
{"class":"TSStatic","persistentId":"0b742d62-bd72-498a-8116-49e2a921a6be","__parent":"trail_31","position":[-273.851196,-18.0016327,218.959396],"isRenderEnabled":false,"rotationMatrix":[-0.498898029,-0.666804492,0.553599477,0.81047529,-0.585217237,0.0255041122,0.306969702,0.461402655,0.832392454],"shapeName":"/levels/johnson_valley/art/shapes/rocks/s_rocks_desert_huge_sheet_2.dae","useInstanceRenderData":true}
{"class":"TSStatic","persistentId":"20f834f9-eb78-4857-83e9-fb43d5ad73dc","__parent":"trail_31","position":[-270.878052,-6.70899391,217.271637],"isRenderEnabled":false,"rotationMatrix":[-0.0956703424,0.887184739,0.451387107,-0.97002852,-0.184849143,0.15771912,0.223364592,-0.422769308,0.878279209],"shapeName":"/levels/johnson_valley/art/shapes/rocks/s_rocks_desert_huge_sheet_2.dae","useInstanceRenderData":true}
{"class":"TSStatic","persistentId":"344db2fc-c9ab-4b6b-9e1b-180cc3b4a0ee","__parent":"trail_31","position":[-285.032227,-8.31582642,221.759964],"isRenderEnabled":false,"rotationMatrix":[-0.713980198,0.541772544,0.443524569,-0.604488909,-0.796612978,-2.2649765e-05,0.35330537,-0.268121928,0.896262169],"shapeName":"/levels/johnson_valley/art/shapes/rocks/s_rocks_desert_huge_sheet_2.dae","useInstanceRenderData":true}
{"class":"TSStatic","persistentId":"88e3a2f1-a8c6-4041-913a-ee79ed47d96f","__parent":"trail_31","position":[-270.299408,0.566737175,220.677612],"isRenderEnabled":false,"rotationMatrix":[-0.713980198,0.541772544,0.443524569,-0.604488909,-0.796612978,-2.2649765e-05,0.35330537,-0.268121928,0.896262169],"shapeName":"/levels/johnson_valley/art/shapes/rocks/s_rocks_desert_huge_sheet_2.dae","useInstanceRenderData":true}
{"class":"TSStatic","persistentId":"34bef378-b8ab-478d-ab8c-b239fb627502","__parent":"trail_31","position":[-268.524536,4.65469265,219.930481],"isRenderEnabled":false,"shapeName":"/levels/johnson_valley/art/shapes/rocks/s_rocks_desert_large_02.dae","useInstanceRenderData":true}
{"class":"TSStatic","persistentId":"456ba969-9c39-4d58-8ac8-ea7ac18d2928","__parent":"trail_31","position":[-280.391968,-1.74285221,223.178345],"isRenderEnabled":false,"shapeName":"/levels/johnson_valley/art/shapes/rocks/s_rocks_desert_large_03.dae","useInstanceRenderData":true}
{"class":"TSStatic","persistentId":"572b3bc0-8549-4fcb-9182-e4315f6cd2f0","__parent":"trail_31","position":[-268.677795,2.90060592,222.409729],"isRenderEnabled":false,"rotationMatrix":[0.969311237,0,-0.245836705,0,1,0,0.245836705,0,0.969311237],"shapeName":"/levels/johnson_valley/art/shapes/rocks/s_rocks_desert_large_04.dae","useInstanceRenderData":true}
{"class":"TSStatic","persistentId":"7b1fe70e-89a7-46e2-984f-9501bd7f93e1","__parent":"trail_31","position":[-280.785797,-12.5812769,220.336151],"isRenderEnabled":false,"rotationMatrix":[0.0172935724,-0.999836147,0.005357638,0.955053747,0.018104434,0.295879304,-0.295927823,1.49011612e-08,0.955210328],"shapeName":"/levels/johnson_valley/art/shapes/rocks/s_rocks_desert_large_03.dae","useInstanceRenderData":true}
{"class":"TSStatic","persistentId":"5de35469-f94b-45c3-aa5d-8051ed508b85","__parent":"trail_31","position":[-272.83548,7.94918919,222.706696],"isRenderEnabled":false,"rotationMatrix":[0.932268202,0,-0.361767888,0,1,0,0.361767888,0,0.932268202],"shapeName":"/levels/johnson_valley/art/shapes/rocks/s_rocks_desert_large_04.dae","useInstanceRenderData":true}
{"class":"TSStatic","persistentId":"ae854fff-4593-49e0-baa6-d0bccc47f681","__parent":"trail_31","position":[-266.744598,4.90306139,219.23317],"isRenderEnabled":false,"rotationMatrix":[0.743697286,0.664955735,-0.068907544,-0.649744391,0.694708943,-0.308563977,-0.157310739,0.274250478,0.948704362],"shapeName":"/levels/johnson_valley/art/shapes/rocks/s_rocks_desert_large_04.dae","useInstanceRenderData":true}
{"class":"TSStatic","persistentId":"8ec98794-2b00-42f0-91f2-f81ac1a7857b","__parent":"trail_31","position":[-266.589294,7.20067024,219.917465],"isRenderEnabled":false,"rotationMatrix":[-0.89675808,-0.429098397,0.108168527,0.441532522,-0.851272345,0.283522904,-0.0295783691,0.302011251,0.952845395],"shapeName":"/levels/johnson_valley/art/shapes/rocks/s_rocks_desert_large_04.dae","useInstanceRenderData":true}
{"class":"TSStatic","persistentId":"262bdbf3-4049-44b4-9964-9e18cbf43939","__parent":"trail_31","position":[-274.597992,-13.8813562,217.122406],"isRenderEnabled":false,"shapeName":"/levels/johnson_valley/art/shapes/rocks/s_rocks_desert_large_03.dae","useInstanceRenderData":true}
{"class":"TSStatic","persistentId":"ccd24e55-1d46-4076-aad5-6af817d0a89c","__parent":"trail_31","position":[-272.961365,-11.6478167,216.533096],"isRenderEnabled":false,"rotationMatrix":[1,0,0,0,-0.132236719,0.991218328,0,-0.991218328,-0.132236719],"shapeName":"/levels/johnson_valley/art/shapes/rocks/s_rocks_desert_large_03.dae","useInstanceRenderData":true}
{"class":"TSStatic","persistentId":"c55579d1-6661-441f-aada-aa4388218911","__parent":"trail_31","position":[-266.455017,4.22404003,220.473373],"isRenderEnabled":false,"rotationMatrix":[0.959170163,0.282829672,7.4505806e-09,0.225236088,-0.763851285,0.604814291,0.17105943,-0.580119848,-0.796366811],"shapeName":"/levels/johnson_valley/art/shapes/rocks/s_rocks_desert_large_02.dae","useInstanceRenderData":true}
{"class":"TSStatic","persistentId":"d1b88ca0-747a-4b74-83ff-ba4147122bd7","__parent":"trail_31","position":[-263.631927,8.73668003,219.642899],"isRenderEnabled":false,"rotationMatrix":[0.717586279,0.692069888,0.0781618059,0.588233352,-0.662326574,0.464010179,0.372896045,-0.286989987,-0.882375002],"shapeName":"/levels/johnson_valley/art/shapes/rocks/s_rocks_desert_large_02.dae","useInstanceRenderData":true}
{"class":"TSStatic","persistentId":"2430ea14-bbd9-48c8-88b2-66b29ddc12d4","__parent":"trail_31","position":[-261.601807,13.0646296,222.310791],"isRenderEnabled":false,"rotationMatrix":[0.754628301,-0.646538258,-0.111912876,-0.646391273,-0.76181972,0.0425367057,-0.112759024,0.0402400941,-0.992807388],"shapeName":"/levels/johnson_valley/art/shapes/rocks/s_rocks_desert_large_02.dae","useInstanceRenderData":true}
{"class":"TSStatic","persistentId":"f21f15a8-0bcf-4ab1-933a-b776b5e5885e","__parent":"trail_31","position":[-270.41745,11.6535254,223.216766],"isRenderEnabled":false,"rotationMatrix":[0.817607641,-0.34886086,-0.458054602,0.454123616,0.87978518,0.140534341,0.353962779,-0.322915256,0.877744973],"shapeName":"/levels/johnson_valley/art/shapes/rocks/s_rocks_desert_low_flat_02.dae","useInstanceRenderData":true}
