{"name":"hairpins_line_two_decal2","class":"DecalRoad","persistentId":"da552189-06a5-4963-91ac-df285be0395f","__parent":"driftZones","position":[-803.752563,-200.999283,284.082001],"breakAngle":1,"distanceFade":[200,100],"hidden":true,"improvedSpline":true,"material":"spraypaint_mark","nodes":[[-803.752563,-200.999283,284.082001,0.300000012],[-800.558044,-203.036224,283.979004,0.400000006],[-797.085938,-205.110977,285.143005,0.200000018]],"overObjects":true,"renderPriority":2,"startEndFade":[1,1],"textureLength":3.20000267}
{"name":"hairpins_line_one_decal2","class":"DecalRoad","persistentId":"607d2d38-680b-4574-820b-5c3a78004e13","__parent":"driftZones","position":[-781.984558,-456.575714,196.507294],"hidden":true,"improvedSpline":true,"material":"spraypaint_mark","nodes":[[-781.984558,-456.575714,196.507294,0.600000024],[-779.474792,-454.901031,196.182358,0.300000012],[-776.26532,-452.461212,195.751999,0.200000018],[-773.927856,-450.901489,195.417358,0.300000012]],"renderPriority":1,"startEndFade":[1.29999995,1]}
{"name":"brink_line_two_decal1","class":"DecalRoad","persistentId":"91ce80e6-2643-4076-88da-e14c2fbffab2","__parent":"driftZones","position":[45.7765884,881.320007,268.403503],"detail":0.100000016,"hidden":true,"improvedSpline":true,"material":"spraypaint_mark","nodes":[[45.7765884,881.320007,268.403503,0.300000012],[46.1203613,878.489441,268.253265,0.200000018],[46.3598442,876.336121,268.087341,0.400000006]],"renderPriority":1,"startEndFade":[0.5,0.5],"textureLength":1.80000031}
{"name":"brink_line_two_decal2","class":"DecalRoad","persistentId":"f0cf69fe-c281-4304-b074-7a8b6e0f8efb","__parent":"driftZones","position":[45.7140579,881.332703,268.403137],"detail":0.100000016,"improvedSpline":true,"material":"spraypaint_mark","nodes":[[45.7140579,881.332703,268.403137,0.100000016],[45.9330177,879.405579,268.307495,0.200000018],[46.4465752,876.244263,268.078674,0.200000018]],"renderPriority":1,"startEndFade":[0.200000003,1],"textureLength":1.80000031}
{"name":"brink_line_one_decal2","class":"DecalRoad","persistentId":"e181212b-a71a-4d75-b3c7-33a78baebc97","__parent":"driftZones","position":[217.835007,922.148132,265.208984],"detail":0.100000016,"hidden":true,"improvedSpline":true,"material":"spraypaint_mark","nodes":[[217.835007,922.148132,265.208984,0.200000018],[218.118454,919.523315,265.139587,0.200000018],[218.497223,916.82605,265.007629,0.200000018]],"renderPriority":1,"startEndFade":[0,0.5],"textureLength":1.80000031}
{"name":"brink_line_one_sign","class":"TSStatic","__parent":"driftZones","position":[220.059616,924.632751,266.172821],"hidden":true,"isRenderEnabled":false,"rotationMatrix":[0.168252349,0.98195374,0.0863581672,-0.98574388,0.16760546,0.0147400945,0,-0.0876071006,0.996155083],"shapeName":"/art/shapes/objects/s_sign_drift.dae","useInstanceRenderData":true}
{"name":"brink_line_one_decal1","class":"DecalRoad","persistentId":"c25ef345-3b8f-47c8-a9e5-c49d68019cb1","__parent":"driftZones","position":[217.835007,922.148132,265.208984],"detail":0.100000016,"hidden":true,"improvedSpline":true,"material":"spraypaint_mark","nodes":[[217.835007,922.148132,265.208984,0.300000012],[218.174973,919.531433,265.139679,0.200000018],[218.387695,916.802307,265.007019,0.400000006]],"renderPriority":1,"startEndFade":[2,2],"textureLength":1.80000031}
{"name":"brink_line_two_sign","class":"TSStatic","__parent":"driftZones","position":[42.1541786,873.682129,268.430206],"hidden":true,"isRenderEnabled":false,"rotationMatrix":[0.143320739,-0.985901237,0.0863581598,0.989306092,0.145106852,0.0147400983,-0.0270634331,0.0833220929,0.996155083],"shapeName":"/art/shapes/objects/s_sign_drift.dae","useInstanceRenderData":true}
{"name":"hairpins_line_two_sign","class":"TSStatic","__parent":"driftZones","position":[-805.29657,-200.051743,283.746857],"hidden":true,"isRenderEnabled":false,"rotationMatrix":[-0.573911905,0.818573117,-0.0237230211,-0.808521628,-0.570990086,-0.142347515,-0.130067483,-0.0625143871,0.989532411],"shapeName":"/art/shapes/objects/s_sign_drift.dae","useInstanceRenderData":true}
{"name":"hairpins_line_one_sign","class":"TSStatic","__parent":"driftZones","position":[-773.353333,-449.30719,195.857468],"hidden":true,"isRenderEnabled":false,"rotationMatrix":[0.886448324,0.455539912,-0.0818092078,-0.447167844,0.888560295,0.102476656,0.119374618,-0.0542578101,0.991365612],"shapeName":"/art/shapes/objects/s_sign_drift.dae","useInstanceRenderData":true}
{"name":"hairpins_line_one_decal1","class":"DecalRoad","persistentId":"17be428d-bdd2-454c-9673-fdd8d38f621a","__parent":"driftZones","position":[-781.421204,-456.385895,196.429489],"hidden":true,"improvedSpline":true,"material":"spraypaint_mark","nodes":[[-781.421204,-456.385895,196.429489,0.600000024],[-779.229736,-454.838409,196.146118,0.300000012],[-776.246033,-452.532318,195.746765,0.200000018],[-774.71759,-451.245392,195.54483,0.300000012]],"renderPriority":1,"startEndFade":[1.29999995,1]}
{"name":"hairpins_line_two_decal1","class":"DecalRoad","persistentId":"967ce96d-057a-48ae-ad5c-3c24ea55cfff","__parent":"driftZones","position":[-804.041687,-201.072372,284.082001],"breakAngle":1,"distanceFade":[200,100],"hidden":true,"improvedSpline":true,"material":"spraypaint_mark","nodes":[[-804.041687,-201.072372,284.082001,0.5],[-800.5047,-202.906097,283.979004,0.400000006],[-797.367798,-205.085632,285.143005,0.5]],"overObjects":true,"renderPriority":2,"startEndFade":[2,2],"textureLength":3.20000267}
