{"name":"BeamLRTrigger_DerbyCP1","class":"BeamNGTrigger","persistentId":"636ea1f3-88e3-40e9-80f4-a53ba77fb7c2","__parent":"DerbyTrack","position":[127.802147,-41.4831238,23.8851967],"rotationMatrix":[0.715092838,0.699029446,0,-0.699029446,0.715092838,0,0,0,1],"scale":[9.09797382,20.0049934,8.26165104]}
{"name":"BeamLRTrigger_DerbyCP3","class":"BeamNGTrigger","persistentId":"c923c6e0-43e9-4459-b8fb-971baa9638b0","__parent":"DerbyTrack","position":[163.302246,-38.933815,23.8851967],"rotationMatrix":[0.747177601,-0.664624453,0,0.664624453,0.747177601,0,0,0,1],"scale":[9.09797382,20.0049934,8.26165104]}
{"name":"BeamLRTrigger_DerbyCP2","class":"BeamNGTrigger","persistentId":"e7502c13-333d-4a0e-8866-c1074051242f","__parent":"DerbyTrack","position":[36.889389,-27.5611954,26.9697208],"rotationMatrix":[0.0216876268,0.99967438,-0.0134465247,-0.974809349,0.0241306424,0.221730649,0.221982926,0.00829898566,0.975015223],"scale":[9.09797382,20.0049934,8.26165104]}
{"name":"BeamLRTrigger_DerbyCP4","class":"BeamNGTrigger","persistentId":"e5d7079d-b73c-4769-aa4d-8e42ec377616","__parent":"DerbyTrack","position":[293.766418,-21.724493,27.352478],"rotationMatrix":[0.022094667,-0.999755919,-7.4505806e-09,0.972790301,0.0214987397,0.230687767,-0.230631441,-0.00509698689,0.973027825],"scale":[9.09797382,20.0049934,8.26165104]}
{"name":"BeamLRTrigger_DerbyFinish","class":"BeamNGTrigger","persistentId":"8d615f7f-ee64-4bf4-952e-621813a025bf","__parent":"DerbyTrack","position":[161.772629,-13.3640223,24.0461349],"rotationMatrix":[0.715092838,0.699029446,0,-0.699029446,0.715092838,0,0,0,1],"scale":[9.09797382,20.0049934,8.26165104]}
