{"name":"prefab_unpacked","class":"SimGroup","persistentId":"d2bf113b-10bb-4b0e-a507-912819d08206","__parent":"construction_1","groupPosition":"0.000000 0.000000 0.000000","prefab_filename":"levels/italy/test_objects.prefab","prefab_loadmode":"auto","prefab_position":"600.000000 100.000000 100.000000","unpacked_prefab":"1"}
{"class":"TSStatic","persistentId":"004b360d-3664-496f-929e-de69b388a1ff","__parent":"construction_1","position":[1093.46375,1146.75671,154.275925],"annotation":"OBSTACLES","isRenderEnabled":false,"rotationMatrix":[8.04662591e-07,-0.992187619,0.124754786,1,7.98376277e-07,-1.00385463e-07,-4.97379847e-14,0.124754786,0.992187619],"shapeName":"/levels/italy/art/shapes/buildings/italy_construction_site_net.dae"}
{"class":"TSStatic","persistentId":"01d344a1-7c4e-4b97-b296-cc2bc20c7aa1","__parent":"construction_1","position":[845.208862,1360.13501,140.045517],"annotation":"OBSTACLES","isRenderEnabled":false,"rotationMatrix":[0.992949009,-0.118542761,0,0.118542761,0.992949009,0,0,0,1],"shapeName":"/levels/italy/art/shapes/buildings/italy_newjersey_plastic.DAE"}
{"class":"TSStatic","persistentId":"0240710b-ddfb-4d8b-874e-4cf64b0cebda","__parent":"construction_1","position":[879,1357.11597,139],"annotation":"OBSTACLES","isRenderEnabled":false,"rotationMatrix":[2.98023224e-08,0,0.999999881,0,1,0,-0.999999881,0,2.98023224e-08],"shapeName":"/levels/italy/art/shapes/buildings/s_sewer_pipe_2m.dae"}
{"class":"TSStatic","persistentId":"027ad023-56e0-464d-8ddf-bd230560aba7","__parent":"construction_1","position":[846.53241,1360.12048,140.045517],"annotation":"OBSTACLES","isRenderEnabled":false,"rotationMatrix":[-0.999606669,-0.0280474424,0,0.0280474424,-0.999606669,0,0,0,1],"shapeName":"/levels/italy/art/shapes/buildings/italy_newjersey_plastic.DAE"}
{"class":"TSStatic","persistentId":"0577a501-b025-4fc0-911b-091f1f778580","__parent":"construction_1","position":[901,1279.43652,147.224625],"annotation":"OBSTACLES","isRenderEnabled":false,"rotationMatrix":[-0.944531381,0.328419894,0,-0.328419894,-0.944531381,0,0,0,1],"shapeName":"/levels/italy/art/shapes/buildings/italy_construction_site_net_folded.dae"}
{"class":"TSStatic","persistentId":"058ddf5b-1d5a-4cec-beb3-9d334c34fc0c","__parent":"construction_1","position":[861.065491,1357.35022,139.153427],"annotation":"OBSTACLES","isRenderEnabled":false,"rotationMatrix":[-1,-5.96046377e-08,0,5.96046377e-08,-1,0,0,0,1],"shapeName":"/levels/italy/art/shapes/buildings/s_sewer_pipe_90d.DAE"}
{"class":"TSStatic","persistentId":"066fce25-ee04-4bf1-bd8b-ad188f8e858b","__parent":"construction_1","position":[857,1357.11597,139],"annotation":"OBSTACLES","isRenderEnabled":false,"rotationMatrix":[2.98023259e-08,-0.989622056,-0.143694818,6.21724894e-15,-0.143694818,0.989621937,-0.999999881,-2.94930391e-08,-4.28243307e-09],"shapeName":"/levels/italy/art/shapes/buildings/s_sewer_pipe_2m.dae"}
{"class":"TSStatic","persistentId":"08ca8395-1bb4-459f-8103-7068dccde898","__parent":"construction_1","position":[886.302246,1357.35095,139.153427],"annotation":"OBSTACLES","isRenderEnabled":false,"shapeName":"/levels/italy/art/shapes/buildings/s_sewer_pipe_90d.DAE"}
{"class":"TSStatic","persistentId":"09aa485f-df23-4344-a132-e75178faefd5","__parent":"construction_1","position":[882.685364,1356,139.527573],"annotation":"OBSTACLES","isRenderEnabled":false,"rotationMatrix":[0.750099659,-1.49011555e-07,0.661324501,0.66132462,4.17232513e-07,-0.750099421,-5.96046448e-08,0.999999821,4.1523964e-07],"shapeName":"/levels/italy/art/shapes/buildings/s_sewer_pipe_2m.dae"}
{"class":"TSStatic","persistentId":"0d20d9f2-a0fa-429e-8069-49edec235c7a","__parent":"construction_1","position":[879.967407,1360.10156,140.045517],"annotation":"OBSTACLES","isRenderEnabled":false,"rotationMatrix":[-0.992948771,0.118542977,0,-0.118542977,-0.992948771,0,0,0,1],"shapeName":"/levels/italy/art/shapes/buildings/italy_newjersey_plastic.DAE"}
{"class":"TSStatic","persistentId":"0e3c1891-b1a6-4b08-b0d4-351348cd3d7b","__parent":"construction_1","position":[867.419434,1356.19824,139.50885],"annotation":"OBSTACLES","isRenderEnabled":false,"rotationMatrix":[2.98023224e-08,-0.959384441,0.282101482,-1.11022302e-15,0.282101542,0.959384263,-0.999999881,-2.85918897e-08,8.4072882e-09],"scale":[1,1,0.833349586],"shapeName":"/levels/italy/art/shapes/buildings/s_sewer_pipe_2m.dae"}
{"class":"TSStatic","persistentId":"0e5106f8-b605-4204-a2f4-26bd22b9ae57","__parent":"construction_1","position":[899.916382,1356.33435,141.356888],"annotation":"OBSTACLES","isRenderEnabled":false,"rotationMatrix":[-1,1.24344945e-14,8.94069458e-08,8.94069458e-08,-8.94071803e-08,1,2.04281172e-14,1,8.94071803e-08],"shapeName":"/levels/italy/art/shapes/buildings/b_sewer_pipe_3m.DAE"}
{"class":"TSStatic","persistentId":"0e6240fb-687b-425f-bae4-8b032cd72b12","__parent":"construction_1","position":[922.387024,1275.21436,147.049393],"annotation":"OBSTACLES","isRenderEnabled":false,"rotationMatrix":[-0.996394098,-0.0848436132,0,0.0848436132,-0.996394098,0,0,0,1],"shapeName":"/levels/italy/art/shapes/buildings/italy_newjersey_plastic.DAE"}
{"class":"TSStatic","persistentId":"10784ac3-845e-4548-ac4b-a50333075558","__parent":"construction_1","position":[841.557739,1360.11487,140.045517],"annotation":"OBSTACLES","isRenderEnabled":false,"rotationMatrix":[-0.998122811,0.0612451583,0,-0.0612451583,-0.998122811,0,0,0,1],"shapeName":"/levels/italy/art/shapes/buildings/italy_newjersey_plastic.DAE"}
{"class":"TSStatic","persistentId":"10c30120-6e8d-4260-9ac8-cba246d4310a","__parent":"construction_1","position":[904.23053,1275.23682,147.049393],"annotation":"OBSTACLES","isRenderEnabled":false,"rotationMatrix":[0.998122811,-0.0612452552,0,0.0612452552,0.998122811,0,0,0,1],"shapeName":"/levels/italy/art/shapes/buildings/italy_newjersey_plastic.DAE"}
{"class":"TSStatic","persistentId":"1109572f-f225-4c71-b43d-633449be314b","__parent":"construction_1","position":[888.835571,1360.08081,140.045517],"annotation":"OBSTACLES","isRenderEnabled":false,"rotationMatrix":[0.997187018,0.0749536827,0,-0.0749536827,0.997187018,0,0,0,1],"shapeName":"/levels/italy/art/shapes/buildings/italy_newjersey_plastic.DAE"}
{"class":"TSStatic","persistentId":"1148b622-c22a-458b-8ac9-cd1dbecf74fd","__parent":"construction_1","position":[897.600769,1359.85474,140.045517],"annotation":"OBSTACLES","isRenderEnabled":false,"rotationMatrix":[-0.936832786,0.349777341,0,-0.349777341,-0.936832786,0,0,0,1],"shapeName":"/levels/italy/art/shapes/buildings/italy_newjersey_plastic.DAE"}
{"class":"TSStatic","persistentId":"11ffcfc6-acb5-4766-9f00-4d837a4e021e","__parent":"construction_1","position":[884.5,1356.5,139],"annotation":"OBSTACLES","isRenderEnabled":false,"rotationMatrix":[-2.98023224e-08,0,0.999999821,0,1,0,-0.999999821,0,-2.98023224e-08],"shapeName":"/levels/italy/art/shapes/buildings/b_sewer_pipe_4m.DAE"}
{"class":"TSStatic","persistentId":"123d40ce-9c1d-42a8-af6c-07bd1bee2efb","__parent":"construction_1","position":[879.400574,1358.56506,139.109558],"annotation":"OBSTACLES","isRenderEnabled":false,"rotationMatrix":[2.98023224e-08,-0.959384441,0.282101482,-1.11022302e-15,0.282101542,0.959384263,-0.999999881,-2.85918897e-08,8.4072882e-09],"scale":[1,1,0.833349586],"shapeName":"/levels/italy/art/shapes/buildings/s_sewer_pipe_2m.dae"}
{"class":"TSStatic","persistentId":"129cc4cb-55e5-4d5f-8aa7-1710315a3d23","__parent":"construction_1","position":[916,1275,147],"annotation":"OBSTACLES","isRenderEnabled":false,"rotationMatrix":[-0.999999404,-7.30156898e-07,0,7.30156898e-07,-0.999999404,0,0,0,1],"shapeName":"/levels/italy/art/shapes/buildings/italy_construction_site_net.dae"}
{"class":"TSStatic","persistentId":"1368da56-2d9e-4258-be9e-3ff4235238ed","__parent":"construction_1","position":[877.352661,1360.18335,140.045517],"annotation":"OBSTACLES","isRenderEnabled":false,"rotationMatrix":[0.989866138,0.142003566,0,-0.142003566,0.989866138,0,0,0,1],"shapeName":"/levels/italy/art/shapes/buildings/italy_newjersey_plastic.DAE"}
{"class":"TSStatic","persistentId":"14b8e558-3e48-4e1b-8c93-d6f695426e54","__parent":"construction_1","position":[833.744202,1358.08557,140.234772],"annotation":"OBSTACLES","isRenderEnabled":false,"rotationMatrix":[1.78813934e-07,-0.999999642,-1.42108547e-14,-8.94071448e-08,-6.32272013e-14,0.999999821,-0.999999881,-2.5331974e-07,-8.94070951e-08],"shapeName":"/levels/italy/art/shapes/buildings/italy_construction_site_net_rolled.dae"}
{"class":"TSStatic","persistentId":"17362f05-6a54-47d2-b310-c85d96cb391b","__parent":"construction_1","position":[875,1357.11597,139],"annotation":"OBSTACLES","isRenderEnabled":false,"rotationMatrix":[2.98023402e-08,-0.750204563,-0.661205173,7.66053887e-15,-0.661205232,0.750204563,-0.999999881,-2.23578631e-08,-1.97054533e-08],"shapeName":"/levels/italy/art/shapes/buildings/s_sewer_pipe_2m.dae"}
{"class":"TSStatic","persistentId":"177c7333-634b-41d1-86cb-c9b9dcaf6b49","__parent":"construction_1","position":[859,1357.11597,139],"annotation":"OBSTACLES","isRenderEnabled":false,"rotationMatrix":[2.98023402e-08,-0.750204563,-0.661205173,7.66053887e-15,-0.661205232,0.750204563,-0.999999881,-2.23578631e-08,-1.97054533e-08],"shapeName":"/levels/italy/art/shapes/buildings/s_sewer_pipe_2m.dae"}
{"class":"TSStatic","persistentId":"183c4705-456b-4a6d-9a75-44e8d3f742a3","__parent":"construction_1","position":[889,1357.11597,139],"annotation":"OBSTACLES","isRenderEnabled":false,"rotationMatrix":[2.98023259e-08,-0.989622056,-0.143694818,6.21724894e-15,-0.143694818,0.989621937,-0.999999881,-2.94930391e-08,-4.28243307e-09],"shapeName":"/levels/italy/art/shapes/buildings/s_sewer_pipe_2m.dae"}
{"class":"TSStatic","persistentId":"191d7cd5-e03c-4d3d-96ee-bd9f4a29eae7","__parent":"construction_1","position":[833.744202,1358.27405,140.564377],"annotation":"OBSTACLES","isRenderEnabled":false,"rotationMatrix":[3.06003614e-07,0.707106292,-0.70710665,-1.42090471e-07,-0.707106471,-0.707106471,-0.999999881,2.42344242e-07,-1.15904044e-07],"shapeName":"/levels/italy/art/shapes/buildings/italy_construction_site_net_rolled.dae"}
{"class":"TSStatic","persistentId":"1af9c03d-4903-4b43-9d5c-a9929628326b","__parent":"construction_1","position":[851.923096,1360.15564,140.045517],"annotation":"OBSTACLES","isRenderEnabled":false,"rotationMatrix":[-0.998301744,0.0582557321,0,-0.0582557358,-0.998301744,0,0,0,1],"shapeName":"/levels/italy/art/shapes/buildings/italy_newjersey_plastic.DAE"}
{"class":"TSStatic","persistentId":"1b3557f8-8fdd-417d-a084-710afb98659d","__parent":"construction_1","position":[1034,1361.25,142],"annotation":"OBSTACLES","isRenderEnabled":false,"rotationMatrix":[-0.999999404,-7.30156898e-07,0,7.30156898e-07,-0.999999404,0,0,0,1],"shapeName":"/levels/italy/art/shapes/buildings/italy_construction_site_net.dae"}
{"class":"TSStatic","persistentId":"1b903d0c-494e-4f90-92ec-6fc3bc2156f0","__parent":"construction_1","position":[362.753693,1465.8457,158.283829],"annotation":"OBSTACLES","isRenderEnabled":false,"rotationMatrix":[-4.47034836e-07,2.30926389e-14,0.999999821,1,-8.9406953e-08,3.7252903e-07,8.9406953e-08,0.999999762,4.08562073e-14],"shapeName":"/levels/italy/art/shapes/buildings/b_sewer_pipe_3m.DAE"}
{"class":"TSStatic","persistentId":"1bf5b282-fc49-4b4e-97b6-ed0f0985155e","__parent":"construction_1","position":[981,1360.75,142],"annotation":"OBSTACLES","isRenderEnabled":false,"rotationMatrix":[0.999999225,4.91737865e-07,0,-4.91737865e-07,0.999999225,0,0,0,1],"shapeName":"/levels/italy/art/shapes/buildings/italy_construction_site_net.dae"}
{"class":"TSStatic","persistentId":"20690d3f-157d-4cf7-870a-e52547b92b69","__parent":"construction_1","position":[879.58252,1358.56506,137.931717],"annotation":"OBSTACLES","isRenderEnabled":false,"shapeName":"/levels/italy/art/shapes/buildings/s_sewer_pipe_1m.DAE"}
{"class":"TSStatic","persistentId":"214213be-3480-416d-bc42-f9ed2bf50b85","__parent":"construction_1","position":[361.750824,1465.8457,159.984467],"annotation":"OBSTACLES","isRenderEnabled":false,"rotationMatrix":[0.866025746,1.4210853e-14,-0.499999523,-0.499999523,-8.94069387e-08,-0.866025746,-4.47034338e-08,1,-7.74286946e-08],"shapeName":"/levels/italy/art/shapes/buildings/b_sewer_pipe_3m.DAE"}
{"class":"TSStatic","persistentId":"2182a21b-8f50-4945-bf7b-192908a9e8b9","__parent":"construction_1","position":[900.416931,1356.33435,140.507004],"annotation":"OBSTACLES","isRenderEnabled":false,"rotationMatrix":[-4.47034836e-07,2.30926389e-14,0.999999821,1,-8.9406953e-08,3.7252903e-07,8.9406953e-08,0.999999762,4.08562073e-14],"shapeName":"/levels/italy/art/shapes/buildings/b_sewer_pipe_3m.DAE"}
{"class":"TSStatic","persistentId":"21aaf7eb-33fc-41d9-9636-f60ac3c578b7","__parent":"construction_1","position":[918.5,1279.43652,147.224625],"annotation":"OBSTACLES","isRenderEnabled":false,"rotationMatrix":[-0.999999404,-7.30156898e-07,0,7.30156898e-07,-0.999999404,0,0,0,1],"shapeName":"/levels/italy/art/shapes/buildings/italy_construction_site_net.dae"}
{"class":"TSStatic","persistentId":"234e1568-3fdd-4da9-89e8-46d36695b56e","__parent":"construction_1","position":[876.700745,1356.46973,139.525787],"annotation":"OBSTACLES","isRenderEnabled":false,"rotationMatrix":[1,2.68220873e-07,3.01980629e-14,-6.2172303e-15,-8.94070311e-08,1,2.68220873e-07,-1,-8.94070311e-08],"shapeName":"/levels/italy/art/shapes/buildings/s_sewer_pipe_2m.dae"}
{"class":"TSStatic","persistentId":"27313175-8003-4c17-b946-e7a8f2684e6e","__parent":"construction_1","position":[901.641235,1275.1958,147.049393],"annotation":"OBSTACLES","isRenderEnabled":false,"rotationMatrix":[0.998301744,-0.0582557134,0,0.0582557134,0.998301744,0,0,0,1],"shapeName":"/levels/italy/art/shapes/buildings/italy_newjersey_plastic.DAE"}
{"class":"TSStatic","persistentId":"279115ad-377f-40d4-a84e-18f542ca16d2","__parent":"construction_1","position":[860.833862,1357.35034,138.209122],"annotation":"OBSTACLES","isRenderEnabled":false,"shapeName":"/levels/italy/art/shapes/buildings/s_sewer_pipe_1m.DAE"}
{"class":"TSStatic","persistentId":"2a4e7b72-01c2-46ea-9bc3-6643d913ef58","__parent":"construction_1","position":[833.744202,1358.50061,140.234772],"annotation":"OBSTACLES","isRenderEnabled":false,"rotationMatrix":[3.06003614e-07,0.707106292,-0.70710665,-1.42090471e-07,-0.707106471,-0.707106471,-0.999999881,2.42344242e-07,-1.15904044e-07],"shapeName":"/levels/italy/art/shapes/buildings/italy_construction_site_net_rolled.dae"}
{"class":"TSStatic","persistentId":"2b77ed89-6196-444b-ae54-dd87611daaf0","__parent":"construction_1","position":[863,1357.11597,139],"annotation":"OBSTACLES","isRenderEnabled":false,"rotationMatrix":[2.98023224e-08,0,0.999999881,0,1,0,-0.999999881,0,2.98023224e-08],"shapeName":"/levels/italy/art/shapes/buildings/s_sewer_pipe_2m.dae"}
{"class":"TSStatic","persistentId":"2c36033d-3a10-4602-866f-de49dc7467a9","__parent":"construction_1","position":[919.773743,1275.21997,147.049393],"annotation":"OBSTACLES","isRenderEnabled":false,"rotationMatrix":[0.998122811,-0.0612452552,0,0.0612452552,0.998122811,0,0,0,1],"shapeName":"/levels/italy/art/shapes/buildings/italy_newjersey_plastic.DAE"}
{"class":"TSStatic","persistentId":"2d2ed205-8a88-4a38-8b81-64c6328d7735","__parent":"construction_1","position":[850.315918,1360.16089,140.045517],"annotation":"OBSTACLES","isRenderEnabled":false,"rotationMatrix":[0.999999762,-0.000749930274,0,0.000749930332,0.999999762,0,0,0,1],"shapeName":"/levels/italy/art/shapes/buildings/italy_newjersey_plastic.DAE"}
{"class":"TSStatic","persistentId":"2d36c801-5026-4f16-a6a9-eb749b03d444","__parent":"construction_1","position":[839.736328,1360.59363,139.527573],"annotation":"OBSTACLES","isRenderEnabled":false,"rotationMatrix":[-0.750100195,2.83122091e-07,0.661324203,-0.661324203,-3.42726707e-07,-0.750100195,1.4283529e-08,-1,4.4431485e-07],"shapeName":"/levels/italy/art/shapes/buildings/s_sewer_pipe_2m.dae"}
{"class":"TSStatic","persistentId":"2d9c4b15-86ad-444c-af12-20c21109fcba","__parent":"construction_1","position":[835.286499,1359.86914,140.045517],"annotation":"OBSTACLES","isRenderEnabled":false,"rotationMatrix":[0.781832516,0.623488903,0,-0.623488903,0.781832516,0,0,0,1],"shapeName":"/levels/italy/art/shapes/buildings/italy_newjersey_plastic.DAE"}
{"class":"TSStatic","persistentId":"2e0789c3-e148-4cd4-a95f-3aa9a8e742f5","__parent":"construction_1","position":[877.776001,1358.56506,139.109558],"annotation":"OBSTACLES","isRenderEnabled":false,"rotationMatrix":[2.98023224e-08,-0.959384441,0.282101482,-1.11022302e-15,0.282101542,0.959384263,-0.999999881,-2.85918897e-08,8.4072882e-09],"scale":[1,1,0.833349586],"shapeName":"/levels/italy/art/shapes/buildings/s_sewer_pipe_2m.dae"}
{"class":"TSStatic","persistentId":"2e163df2-e3f4-4499-8f64-bf8ee503643a","__parent":"construction_1","position":[978.5,1360.75,142],"annotation":"OBSTACLES","isRenderEnabled":false,"rotationMatrix":[0.999999225,4.91737865e-07,0,-4.91737865e-07,0.999999225,0,0,0,1],"shapeName":"/levels/italy/art/shapes/buildings/italy_construction_site_net.dae"}
{"class":"TSStatic","persistentId":"2f1ab5e5-fd32-415f-bf9a-ecc453664cee","__parent":"construction_1","position":[840.235474,1360.0531,140.045517],"annotation":"OBSTACLES","isRenderEnabled":false,"rotationMatrix":[-0.989866197,-0.14200373,0,0.142003715,-0.989866197,0,0,0,1],"shapeName":"/levels/italy/art/shapes/buildings/italy_newjersey_plastic.DAE"}
{"class":"TSStatic","persistentId":"30660b4b-96cd-4561-88d6-6e4b938dceff","__parent":"construction_1","position":[839.551086,1358.63635,139.527573],"annotation":"OBSTACLES","isRenderEnabled":false,"rotationMatrix":[-0.750100195,2.83122091e-07,0.661324203,-0.661324203,-3.42726707e-07,-0.750100195,1.4283529e-08,-1,4.4431485e-07],"shapeName":"/levels/italy/art/shapes/buildings/s_sewer_pipe_2m.dae"}
{"class":"TSStatic","persistentId":"32504b50-3458-4a35-ab25-84e3cb98cd6a","__parent":"construction_1","position":[888.5,1356.5,139],"annotation":"OBSTACLES","isRenderEnabled":false,"rotationMatrix":[-2.98023117e-08,0.418282866,-0.908316612,1.28785871e-14,-0.908316791,-0.418282717,-0.999999821,-1.24657991e-08,2.70699374e-08],"shapeName":"/levels/italy/art/shapes/buildings/b_sewer_pipe_4m.DAE"}
{"class":"TSStatic","persistentId":"345c2c0a-c8d7-46c0-a2c1-b219b17fb1d1","__parent":"construction_1","position":[872.5,1358,139],"annotation":"OBSTACLES","isRenderEnabled":false,"rotationMatrix":[-2.98023224e-08,0.101656988,-0.994819045,2.30371278e-14,-0.994819164,-0.10165704,-0.999999821,-3.02964032e-09,2.96479143e-08],"shapeName":"/levels/italy/art/shapes/buildings/b_sewer_pipe_4m.DAE"}
{"class":"TSStatic","persistentId":"34c652ef-2170-4dc2-82e0-f742d24608e0","__parent":"construction_1","position":[842.826782,1360.09937,140.045517],"annotation":"OBSTACLES","isRenderEnabled":false,"rotationMatrix":[0.999999762,-0.000749930274,0,0.000749930332,0.999999762,0,0,0,1],"shapeName":"/levels/italy/art/shapes/buildings/italy_newjersey_plastic.DAE"}
{"class":"TSStatic","persistentId":"353944be-7d6f-45fa-9488-82cb4acb2a0c","__parent":"construction_1","position":[877,1357.11597,139],"annotation":"OBSTACLES","isRenderEnabled":false,"rotationMatrix":[2.98023117e-08,0.981708646,0.190388754,7.32747196e-15,0.190388799,-0.981708527,-0.999999881,2.92571976e-08,5.67402747e-09],"shapeName":"/levels/italy/art/shapes/buildings/s_sewer_pipe_2m.dae"}
{"class":"TSStatic","persistentId":"38241752-1407-48a4-bce0-28084a96614a","__parent":"construction_1","position":[921.095947,1275.28149,147.049393],"annotation":"OBSTACLES","isRenderEnabled":false,"rotationMatrix":[0.989866138,0.142003566,0,-0.142003566,0.989866138,0,0,0,1],"shapeName":"/levels/italy/art/shapes/buildings/italy_newjersey_plastic.DAE"}
{"class":"TSStatic","persistentId":"3b08c9ad-9b40-4028-a4de-8c9d3c53a17f","__parent":"construction_1","position":[844.037903,1360.15588,140.045517],"annotation":"OBSTACLES","isRenderEnabled":false,"rotationMatrix":[-0.997187078,-0.074953787,0,0.074953787,-0.997187078,0,0,0,1],"shapeName":"/levels/italy/art/shapes/buildings/italy_newjersey_plastic.DAE"}
{"class":"TSStatic","persistentId":"3ccd11bf-c56a-450a-a580-a935b9cfe374","__parent":"construction_1","position":[361.761749,1465.8457,158.283829],"annotation":"OBSTACLES","isRenderEnabled":false,"rotationMatrix":[-0.866025507,2.57571793e-14,0.499999374,0.499999583,-8.94069032e-08,0.866025329,4.47034552e-08,0.999999762,7.74286448e-08],"shapeName":"/levels/italy/art/shapes/buildings/b_sewer_pipe_3m.DAE"}
{"class":"TSStatic","persistentId":"3d75db44-57ba-4b98-89cd-a5ec404665aa","__parent":"construction_1","position":[896.5,1356.5,139],"annotation":"OBSTACLES","isRenderEnabled":false,"rotationMatrix":[-2.98023224e-08,0,0.999999821,0,1,0,-0.999999821,0,-2.98023224e-08],"shapeName":"/levels/italy/art/shapes/buildings/b_sewer_pipe_4m.DAE"}
{"class":"TSStatic","persistentId":"3fb0c6c6-5fdd-408c-9130-0b669b2d2c94","__parent":"construction_1","position":[844.052979,1356.55957,139.525787],"annotation":"OBSTACLES","isRenderEnabled":false,"rotationMatrix":[-0.707107067,0.70710659,7.81597009e-14,6.32205825e-08,6.32205115e-08,1,0.70710659,0.707107067,-8.94073438e-08],"shapeName":"/levels/italy/art/shapes/buildings/s_sewer_pipe_2m.dae"}
{"class":"TSStatic","persistentId":"405d49ee-e258-4a1d-8f8d-14c0caa4a22d","__parent":"construction_1","position":[852.5,1356.5,139],"annotation":"OBSTACLES","isRenderEnabled":false,"rotationMatrix":[-2.98023224e-08,0,0.999999821,0,1,0,-0.999999821,0,-2.98023224e-08],"shapeName":"/levels/italy/art/shapes/buildings/b_sewer_pipe_4m.DAE"}
{"class":"TSStatic","persistentId":"40c4c1ea-8ebd-47b8-9b2a-a349bb8ecc20","__parent":"construction_1","position":[839.736328,1358.63611,139.527573],"annotation":"OBSTACLES","isRenderEnabled":false,"rotationMatrix":[-0.750100195,2.83122091e-07,0.661324203,-0.661324203,-3.42726707e-07,-0.750100195,1.4283529e-08,-1,4.4431485e-07],"shapeName":"/levels/italy/art/shapes/buildings/s_sewer_pipe_2m.dae"}
{"class":"TSStatic","persistentId":"410315d3-ff15-4695-ade9-95b748f8f436","__parent":"construction_1","position":[831,1358.5,140],"annotation":"OBSTACLES","isRenderEnabled":false,"rotationMatrix":[-2.98023224e-08,0.999999881,0,-0.999999881,-2.98023224e-08,0,0,0,1],"shapeName":"/levels/italy/art/shapes/buildings/italy_construction_site_net_folded.dae"}
{"class":"TSStatic","persistentId":"415882b7-f0d1-4795-8c90-6c064939e0bd","__parent":"construction_1","position":[903,1358.25,140],"annotation":"OBSTACLES","instanceColor":[0.988234997,0.996078014,0.988234997,0.00800000038],"isRenderEnabled":false,"rotationMatrix":[-2.08616214e-07,0.999999285,0,-0.999999285,-2.08616214e-07,0,0,0,1],"shapeName":"/levels/italy/art/shapes/buildings/italy_construction_site_net.dae"}
{"class":"TSStatic","persistentId":"443c351f-e463-4956-98bf-1091684ba9c6","__parent":"construction_1","position":[900.394592,1356.33435,142.207626],"annotation":"OBSTACLES","isRenderEnabled":false,"rotationMatrix":[8.04662534e-07,1.27897665e-13,-1,-1,-8.94069814e-08,-8.04662534e-07,-8.94069814e-08,1,5.59552133e-14],"shapeName":"/levels/italy/art/shapes/buildings/b_sewer_pipe_3m.DAE"}
{"class":"TSStatic","persistentId":"46a5b612-2ea3-47ba-8123-ecef82609bf5","__parent":"construction_1","position":[901.397461,1356.33435,140.507004],"annotation":"OBSTACLES","isRenderEnabled":false,"rotationMatrix":[-0.866025507,2.57571793e-14,0.499999374,0.499999583,-8.94069032e-08,0.866025329,4.47034552e-08,0.999999762,7.74286448e-08],"shapeName":"/levels/italy/art/shapes/buildings/b_sewer_pipe_3m.DAE"}
{"class":"TSStatic","persistentId":"46dd9f7e-afd6-41a1-a638-16723d03d827","__parent":"construction_1","position":[867,1357.11987,139],"annotation":"OBSTACLES","isRenderEnabled":false,"rotationMatrix":[0,-0.70805788,0.706154227,0,0.706154346,0.708057761,-0.999999821,0,0],"shapeName":"/levels/italy/art/shapes/buildings/s_sewer_pipe_T.DAE"}
{"class":"TSStatic","persistentId":"477ebf9a-ac63-47ce-8081-bae7a3dc2f2b","__parent":"construction_1","position":[1026.5,1361.25,142],"annotation":"OBSTACLES","isRenderEnabled":false,"rotationMatrix":[-0.999999404,-7.30156898e-07,0,7.30156898e-07,-0.999999404,0,0,0,1],"shapeName":"/levels/italy/art/shapes/buildings/italy_construction_site_net.dae"}
{"class":"TSStatic","persistentId":"47919047-079f-4316-b66d-0c4c347d109d","__parent":"construction_1","position":[856.5,1358,139],"annotation":"OBSTACLES","isRenderEnabled":false,"rotationMatrix":[-2.98023224e-08,0.101656988,-0.994819045,2.30371278e-14,-0.994819164,-0.10165704,-0.999999821,-3.02964032e-09,2.96479143e-08],"shapeName":"/levels/italy/art/shapes/buildings/b_sewer_pipe_4m.DAE"}
{"class":"TSStatic","persistentId":"47ca1e44-8558-43d3-b740-2b4443dd8a69","__parent":"construction_1","position":[869.044006,1356.19824,139.50885],"annotation":"OBSTACLES","isRenderEnabled":false,"rotationMatrix":[2.98023224e-08,-0.959384441,0.282101482,-1.11022302e-15,0.282101542,0.959384263,-0.999999881,-2.85918897e-08,8.4072882e-09],"scale":[1,1,0.833349586],"shapeName":"/levels/italy/art/shapes/buildings/s_sewer_pipe_2m.dae"}
{"class":"TSStatic","persistentId":"47f46c27-af36-4f15-b97a-d421e35f9c23","__parent":"construction_1","position":[839.550964,1356.6626,139.527573],"annotation":"OBSTACLES","isRenderEnabled":false,"rotationMatrix":[-0.750100195,2.83122091e-07,0.661324203,-0.661324203,-3.42726707e-07,-0.750100195,1.4283529e-08,-1,4.4431485e-07],"shapeName":"/levels/italy/art/shapes/buildings/s_sewer_pipe_2m.dae"}
{"class":"TSStatic","persistentId":"485256d9-c3d1-47a7-81e4-d99b782f4914","__parent":"construction_1","position":[857.386169,1357.35034,139.386963],"annotation":"OBSTACLES","isRenderEnabled":false,"rotationMatrix":[2.98023224e-08,-0.959384441,0.282101482,-1.11022302e-15,0.282101542,0.959384263,-0.999999881,-2.85918897e-08,8.4072882e-09],"scale":[1,1,0.833349586],"shapeName":"/levels/italy/art/shapes/buildings/s_sewer_pipe_2m.dae"}
{"class":"TSStatic","persistentId":"496abff5-b58c-4e80-98b7-ed031c1f4102","__parent":"construction_1","position":[858.300049,1360.09937,140.045517],"annotation":"OBSTACLES","isRenderEnabled":false,"rotationMatrix":[0.999999762,-0.000749930274,0,0.000749930332,0.999999762,0,0,0,1],"shapeName":"/levels/italy/art/shapes/buildings/italy_newjersey_plastic.DAE"}
{"class":"TSStatic","persistentId":"4b0d2e2f-3adc-4dba-aed5-6faa7149c4f6","__parent":"construction_1","position":[876.5,1358,139],"annotation":"OBSTACLES","isRenderEnabled":false,"rotationMatrix":[-2.98023366e-08,-0.126671001,-0.991944671,4.4408921e-15,-0.991944909,0.126671076,-0.999999821,3.77508602e-09,2.95622673e-08],"shapeName":"/levels/italy/art/shapes/buildings/b_sewer_pipe_4m.DAE"}
{"class":"TSStatic","persistentId":"4bb60f46-7538-4cdb-af7e-f2fbb88ae100","__parent":"construction_1","position":[881.138367,1360.08081,140.045517],"annotation":"OBSTACLES","isRenderEnabled":false,"rotationMatrix":[0.998301744,-0.0582557134,0,0.0582557134,0.998301744,0,0,0,1],"shapeName":"/levels/italy/art/shapes/buildings/italy_newjersey_plastic.DAE"}
{"class":"TSStatic","persistentId":"4c9a4c1b-5c06-40fc-af25-ca62508db59c","__parent":"construction_1","position":[1093.46375,1144.27588,154.587845],"annotation":"OBSTACLES","isRenderEnabled":false,"rotationMatrix":[8.04662591e-07,-0.992187619,0.124754786,1,7.98376277e-07,-1.00385463e-07,-4.97379847e-14,0.124754786,0.992187619],"shapeName":"/levels/italy/art/shapes/buildings/italy_construction_site_net.dae"}
{"class":"TSStatic","persistentId":"4d13b33a-d7be-470d-840d-4ecb81f8d481","__parent":"construction_1","position":[1093.46375,1141.79565,154.899719],"annotation":"OBSTACLES","isRenderEnabled":false,"rotationMatrix":[1.34110493e-07,-0.992187619,0.124754786,1,1.3306277e-07,-1.67309118e-08,-1.4210853e-14,0.124754786,0.992187619],"shapeName":"/levels/italy/art/shapes/buildings/italy_construction_site_net_folded.dae"}
{"class":"TSStatic","persistentId":"50db6ac2-f412-4ce6-9515-4a32a6670d3e","__parent":"construction_1","position":[903,1355.75,140],"annotation":"OBSTACLES","isRenderEnabled":false,"rotationMatrix":[-0.999999642,-1.63912773e-07,0,1.63912773e-07,-0.999999642,0,0,0,1],"shapeName":"/levels/italy/art/shapes/buildings/italy_construction_site_net_folded.dae"}
{"class":"TSStatic","persistentId":"5174a55c-894d-431b-811e-b408bb7b4aa0","__parent":"construction_1","position":[880.5,1356.5,139],"annotation":"OBSTACLES","isRenderEnabled":false,"rotationMatrix":[-2.98023437e-08,-0.978961766,0.204043537,-1.07205911e-14,0.204043701,0.978961587,-0.999999821,2.91753555e-08,-6.08097928e-09],"shapeName":"/levels/italy/art/shapes/buildings/b_sewer_pipe_4m.DAE"}
{"class":"TSStatic","persistentId":"519552eb-01b0-4895-adef-b485b95ed336","__parent":"construction_1","position":[862.942566,1357.35034,139.386963],"annotation":"OBSTACLES","isRenderEnabled":false,"rotationMatrix":[2.98023224e-08,-0.959384441,0.282101482,-1.11022302e-15,0.282101542,0.959384263,-0.999999881,-2.85918897e-08,8.4072882e-09],"scale":[1,1,0.833349586],"shapeName":"/levels/italy/art/shapes/buildings/s_sewer_pipe_2m.dae"}
{"class":"TSStatic","persistentId":"53e2e847-d89c-489d-a41a-88733c9362e4","__parent":"construction_1","position":[898.922668,1356.33435,141.357788],"annotation":"OBSTACLES","isRenderEnabled":false,"rotationMatrix":[1,0,0,0,-8.94069672e-08,-0.999999762,0,0.999999762,-8.94069672e-08],"shapeName":"/levels/italy/art/shapes/buildings/b_sewer_pipe_3m.DAE"}
{"class":"TSStatic","persistentId":"545ebb9c-6209-4c52-8978-7243f60463f2","__parent":"construction_1","position":[880.397461,1358.16455,139.527573],"annotation":"OBSTACLES","isRenderEnabled":false,"rotationMatrix":[3.72528916e-07,0.750098944,0.661325037,-8.94069245e-08,0.661325216,-0.750098825,-0.999999821,-4.47035688e-08,1.9526631e-07],"shapeName":"/levels/italy/art/shapes/buildings/s_sewer_pipe_2m.dae"}
{"class":"TSStatic","persistentId":"545f222d-2db1-40fd-906b-a123b6ab1653","__parent":"construction_1","position":[866.393311,1357.35095,139.153427],"annotation":"OBSTACLES","isRenderEnabled":false,"shapeName":"/levels/italy/art/shapes/buildings/s_sewer_pipe_90d.DAE"}
{"class":"TSStatic","persistentId":"555fe9f1-ade2-4445-8443-6732cbe2f769","__parent":"construction_1","position":[1088.96436,1151.71741,153.652161],"annotation":"OBSTACLES","isRenderEnabled":false,"rotationMatrix":[8.04662591e-07,-0.992187619,0.124754786,1,7.98376277e-07,-1.00385463e-07,-4.97379847e-14,0.124754786,0.992187619],"shapeName":"/levels/italy/art/shapes/buildings/italy_construction_site_net.dae"}
{"class":"TSStatic","persistentId":"57c28d0a-0572-422d-bca4-92d36fcc0029","__parent":"construction_1","position":[868.5,1358,139],"annotation":"OBSTACLES","isRenderEnabled":false,"rotationMatrix":[-2.98023224e-08,0,0.999999821,0,1,0,-0.999999821,0,-2.98023224e-08],"shapeName":"/levels/italy/art/shapes/buildings/b_sewer_pipe_4m.DAE"}
{"class":"TSStatic","persistentId":"589a7ad0-a354-41e5-ab0d-b62e3c844988","__parent":"construction_1","position":[883,1357.11597,139],"annotation":"OBSTACLES","isRenderEnabled":false,"rotationMatrix":[2.98023224e-08,0.750100076,0.661324203,-1.99840144e-15,0.661324322,-0.750099897,-0.999999881,2.23547261e-08,1.97090078e-08],"shapeName":"/levels/italy/art/shapes/buildings/s_sewer_pipe_2m.dae"}
{"class":"TSStatic","persistentId":"5b96fc1c-ef05-414d-9144-5a70f8183742","__parent":"construction_1","position":[914.799011,1275.21436,147.049393],"annotation":"OBSTACLES","isRenderEnabled":false,"rotationMatrix":[0.999606133,0.0280474033,0,-0.0280474033,0.999606133,0,0,0,1],"shapeName":"/levels/italy/art/shapes/buildings/italy_newjersey_plastic.DAE"}
{"class":"TSStatic","persistentId":"5c060ad4-cfb4-446f-a1eb-ad4b7eb201c7","__parent":"construction_1","position":[852.5,1358,139],"annotation":"OBSTACLES","isRenderEnabled":false,"rotationMatrix":[-2.98023224e-08,0,0.999999821,0,1,0,-0.999999821,0,-2.98023224e-08],"shapeName":"/levels/italy/art/shapes/buildings/b_sewer_pipe_4m.DAE"}
{"class":"TSStatic","persistentId":"5ca60847-8160-4dbe-9fd8-2df2f0d7081d","__parent":"construction_1","position":[866.618774,1357.11597,139],"annotation":"OBSTACLES","isRenderEnabled":false,"rotationMatrix":[2.98023224e-08,-0.959384441,0.282101482,-1.11022302e-15,0.282101542,0.959384263,-0.999999881,-2.85918897e-08,8.4072882e-09],"scale":[1,1,0.833349586],"shapeName":"/levels/italy/art/shapes/buildings/s_sewer_pipe_2m.dae"}
{"class":"TSStatic","persistentId":"5d1091e6-5236-43d4-a0a2-40070f4d1ee1","__parent":"construction_1","position":[860.682129,1360.13501,140.045517],"annotation":"OBSTACLES","isRenderEnabled":false,"rotationMatrix":[0.992949009,-0.118542761,0,0.118542761,0.992949009,0,0,0,1],"shapeName":"/levels/italy/art/shapes/buildings/italy_newjersey_plastic.DAE"}
{"class":"TSStatic","persistentId":"5f26590d-fe3a-460f-b360-e22384412a92","__parent":"construction_1","position":[864.618958,1360.11475,140.045517],"annotation":"OBSTACLES","isRenderEnabled":false,"rotationMatrix":[-0.998122811,0.0612451583,0,-0.0612451583,-0.998122811,0,0,0,1],"shapeName":"/levels/italy/art/shapes/buildings/italy_newjersey_plastic.DAE"}
{"class":"TSStatic","persistentId":"62679162-1a9d-4fba-983c-d9b365faa9a3","__parent":"construction_1","position":[866.771118,1357.22595,138.893219],"annotation":"OBSTACLES","isRenderEnabled":false,"rotationMatrix":[-0.959384501,0.199475646,0.199475363,0.282101512,0.678387344,0.678387403,2.97786642e-07,0.707106829,-0.707106829],"shapeName":"/levels/italy/art/shapes/buildings/s_sewer_pipe_2m.dae"}
{"class":"TSStatic","persistentId":"62fed986-3ddb-45e9-8527-3003d32a8f88","__parent":"construction_1","position":[917.29364,1275.17896,147.049393],"annotation":"OBSTACLES","isRenderEnabled":false,"rotationMatrix":[0.997187018,0.0749536827,0,-0.0749536827,0.997187018,0,0,0,1],"shapeName":"/levels/italy/art/shapes/buildings/italy_newjersey_plastic.DAE"}
{"class":"TSStatic","persistentId":"6465b59f-5b14-45f0-856c-57aa1679182b","__parent":"construction_1","position":[896.423584,1360.08081,140.045517],"annotation":"OBSTACLES","isRenderEnabled":false,"rotationMatrix":[0.998301744,-0.0582557134,0,0.0582557134,0.998301744,0,0,0,1],"shapeName":"/levels/italy/art/shapes/buildings/italy_newjersey_plastic.DAE"}
{"class":"TSStatic","persistentId":"64cf5569-b959-47b5-8211-9360e9f59947","__parent":"construction_1","position":[831,1356,140],"annotation":"OBSTACLES","isRenderEnabled":false,"rotationMatrix":[0.999999285,1.63912887e-07,0,-1.63912887e-07,0.999999285,0,0,0,1],"shapeName":"/levels/italy/art/shapes/buildings/italy_construction_site_net.dae"}
{"class":"TSStatic","persistentId":"6513ea31-f9cc-4c5d-94ca-df9b42b1f415","__parent":"construction_1","position":[861.068848,1357.35107,138.209122],"annotation":"OBSTACLES","isRenderEnabled":false,"rotationMatrix":[-1,-5.96046377e-08,0,5.96046377e-08,-1,0,0,0,1],"shapeName":"/levels/italy/art/shapes/buildings/s_sewer_pipe_1m.DAE"}
{"class":"TSStatic","persistentId":"661f9142-3efa-4185-ba55-f551eb068861","__parent":"construction_1","position":[876.134827,1358.56506,139.109558],"annotation":"OBSTACLES","isRenderEnabled":false,"rotationMatrix":[2.98023224e-08,-0.959384441,0.282101482,-1.11022302e-15,0.282101542,0.959384263,-0.999999881,-2.85918897e-08,8.4072882e-09],"scale":[1,1,0.833349586],"shapeName":"/levels/italy/art/shapes/buildings/s_sewer_pipe_2m.dae"}
{"class":"TSStatic","persistentId":"676bbde6-2a84-46bf-8b69-0a4230848bca","__parent":"construction_1","position":[362.731354,1465.8457,159.984451],"annotation":"OBSTACLES","isRenderEnabled":false,"rotationMatrix":[8.04662534e-07,1.27897665e-13,-1,-1,-8.94069814e-08,-8.04662534e-07,-8.94069814e-08,1,5.59552133e-14],"shapeName":"/levels/italy/art/shapes/buildings/b_sewer_pipe_3m.DAE"}
{"class":"TSStatic","persistentId":"683c7fc3-075d-40c0-b985-bac72d7dc5f7","__parent":"construction_1","position":[845,1357.11597,139],"annotation":"OBSTACLES","isRenderEnabled":false,"rotationMatrix":[2.98023117e-08,0.981708646,0.190388754,7.32747196e-15,0.190388799,-0.981708527,-0.999999881,2.92571976e-08,5.67402747e-09],"shapeName":"/levels/italy/art/shapes/buildings/s_sewer_pipe_2m.dae"}
{"class":"TSStatic","persistentId":"69eb27f5-a632-48f2-82d5-04c87026d96d","__parent":"construction_1","position":[1088.96436,1149.23706,153.964066],"annotation":"OBSTACLES","isRenderEnabled":false,"rotationMatrix":[8.04662591e-07,-0.992187619,0.124754786,1,7.98376277e-07,-1.00385463e-07,-4.97379847e-14,0.124754786,0.992187619],"shapeName":"/levels/italy/art/shapes/buildings/italy_construction_site_net.dae"}
{"class":"TSStatic","persistentId":"6aa4a2cc-dc9f-4f9c-811e-d7e5c4decd49","__parent":"construction_1","position":[1031.5,1361.25,142],"annotation":"OBSTACLES","isRenderEnabled":false,"rotationMatrix":[-0.999999404,-7.30156898e-07,0,7.30156898e-07,-0.999999404,0,0,0,1],"shapeName":"/levels/italy/art/shapes/buildings/italy_construction_site_net.dae"}
{"class":"TSStatic","persistentId":"6b99f112-d1b3-4ede-85a4-74ad3fb4ccca","__parent":"construction_1","position":[839,1357.11597,139],"annotation":"OBSTACLES","isRenderEnabled":false,"rotationMatrix":[2.98023188e-08,-0.781197131,-0.624284267,-1.69864123e-14,-0.624284387,0.781196833,-0.999999881,-2.32814816e-08,-1.86051139e-08],"shapeName":"/levels/italy/art/shapes/buildings/s_sewer_pipe_2m.dae"}
{"class":"TSStatic","persistentId":"6e7dd588-7b43-4b71-8a33-ebda33636d2f","__parent":"construction_1","position":[913.507935,1275.28149,147.049393],"annotation":"OBSTACLES","isRenderEnabled":false,"rotationMatrix":[0.998964131,0.0455061272,0,-0.0455061272,0.998964131,0,0,0,1],"shapeName":"/levels/italy/art/shapes/buildings/italy_newjersey_plastic.DAE"}
{"class":"TSStatic","persistentId":"6f0fca4b-a542-44e5-b348-77007d1ab109","__parent":"construction_1","position":[923.5,1275,147],"annotation":"OBSTACLES","isRenderEnabled":false,"rotationMatrix":[-0.999999404,-7.30156898e-07,0,7.30156898e-07,-0.999999404,0,0,0,1],"shapeName":"/levels/italy/art/shapes/buildings/italy_construction_site_net.dae"}
{"class":"TSStatic","persistentId":"70f3af05-23a1-4601-aecc-0cbb82a500cf","__parent":"construction_1","position":[880.977783,1357.35107,138.209122],"annotation":"OBSTACLES","isRenderEnabled":false,"rotationMatrix":[-1,-5.96046377e-08,0,5.96046377e-08,-1,0,0,0,1],"shapeName":"/levels/italy/art/shapes/buildings/s_sewer_pipe_1m.DAE"}
{"class":"TSStatic","persistentId":"713554c5-a4cf-4fe4-aaff-c58a1cd6d179","__parent":"construction_1","position":[986,1360.75,142],"annotation":"OBSTACLES","isRenderEnabled":false,"rotationMatrix":[0.999999225,4.91737865e-07,0,-4.91737865e-07,0.999999225,0,0,0,1],"shapeName":"/levels/italy/art/shapes/buildings/italy_construction_site_net.dae"}
{"class":"TSStatic","persistentId":"72f18c3d-2952-4a9f-a189-b5ade2435b84","__parent":"construction_1","position":[855.70874,1360.0531,140.045517],"annotation":"OBSTACLES","isRenderEnabled":false,"rotationMatrix":[-0.989866197,-0.14200373,0,0.142003715,-0.989866197,0,0,0,1],"shapeName":"/levels/italy/art/shapes/buildings/italy_newjersey_plastic.DAE"}
{"class":"TSStatic","persistentId":"73269425-031b-474a-b404-2a3d554eca45","__parent":"construction_1","position":[869.764648,1360.18335,140.045517],"annotation":"OBSTACLES","isRenderEnabled":false,"rotationMatrix":[0.998964131,0.0455061272,0,-0.0455061272,0.998964131,0,0,0,1],"shapeName":"/levels/italy/art/shapes/buildings/italy_newjersey_plastic.DAE"}
{"class":"TSStatic","persistentId":"739722f8-064a-4f6a-9e89-705eb4630c6d","__parent":"construction_1","position":[903.5,1279.43652,147.224625],"annotation":"OBSTACLES","isRenderEnabled":false,"rotationMatrix":[-0.999999404,-7.30156898e-07,0,7.30156898e-07,-0.999999404,0,0,0,1],"shapeName":"/levels/italy/art/shapes/buildings/italy_construction_site_net.dae"}
{"class":"TSStatic","persistentId":"742d53b0-fa5b-419c-8c7e-f0909f6e62a9","__parent":"construction_1","position":[860.651917,1357.35034,139.386963],"annotation":"OBSTACLES","isRenderEnabled":false,"rotationMatrix":[2.98023224e-08,-0.959384441,0.282101482,-1.11022302e-15,0.282101542,0.959384263,-0.999999881,-2.85918897e-08,8.4072882e-09],"scale":[1,1,0.833349586],"shapeName":"/levels/italy/art/shapes/buildings/s_sewer_pipe_2m.dae"}
