{"class":"TSStatic","persistentId":"c0603fc0-4522-4792-be3c-8522fb2f57bc","__parent":"event_city_track_props","position":[1097.04382,-177.668854,112.236725],"annotation":"POLE","isRenderEnabled":false,"rotationMatrix":[-0.175951719,-0.984289944,0.0146346539,0.973978817,-0.17191267,0.147686273,-0.142850235,0.0402395017,0.988925993],"shapeName":"/levels/johnson_valley/art/shapes/misc/featherflag_gavril.dae","useInstanceRenderData":true}
{"class":"TSStatic","persistentId":"5e0a75dc-bb15-460a-b1ca-c57861237b04","__parent":"event_city_track_props","position":[1093.3125,-155.587799,114.044533],"annotation":"POLE","isRenderEnabled":false,"rotationMatrix":[0.466589928,-0.881289065,-0.0749887526,0.884390175,0.463700891,0.0532488674,-0.0121552944,-0.0911647081,0.995761633],"shapeName":"/levels/johnson_valley/art/shapes/misc/featherflag_gavril.dae","useInstanceRenderData":true}
{"class":"TSStatic","persistentId":"3ed96a1e-b9db-405d-883b-e8b163a9944d","__parent":"event_city_track_props","position":[1097.65088,-172.716324,112.453911],"annotation":"POLE","isRenderEnabled":false,"rotationMatrix":[-0.0347753763,-0.99672699,-0.0729795545,0.992765427,-0.0428496599,0.112163775,-0.114923805,-0.0685510412,0.991006196],"shapeName":"/levels/johnson_valley/art/shapes/misc/featherflag_bruckell.dae","useInstanceRenderData":true}
{"class":"TSStatic","persistentId":"e4e78e4a-0ee1-473a-8f1a-21f97a41abbc","__parent":"event_city_track_props","position":[1095.6958,-161.548172,113.511513],"annotation":"POLE","isRenderEnabled":false,"rotationMatrix":[0.31815666,-0.942992449,-0.0976812169,0.947089911,0.311539531,0.0772261173,-0.0423920825,-0.117082894,0.992216945],"shapeName":"/levels/johnson_valley/art/shapes/misc/featherflag_bruckell.dae","useInstanceRenderData":true}
{"class":"TSStatic","persistentId":"ece0db74-c63c-4323-bb9e-999c876a7f0a","__parent":"event_city_track_props","position":[1078.84253,-194.412872,112.886612],"annotation":"POLE","isRenderEnabled":false,"rotationMatrix":[-0.997741103,0.0604586303,0.0292790513,-0.0626157671,-0.994871497,-0.079434149,0.0243264157,-0.0810880587,0.996410012],"shapeName":"/levels/johnson_valley/art/shapes/misc/featherflag_bruckell.dae","useInstanceRenderData":true}
{"class":"TSStatic","persistentId":"3d6ed66e-33c4-4321-8b18-4d8b3a88d8d2","__parent":"event_city_track_props","position":[1088.91309,-191.137482,112.838196],"annotation":"POLE","isRenderEnabled":false,"rotationMatrix":[-0.909861803,-0.414415091,0.0202869661,0.41014728,-0.905727029,-0.10694693,0.0626948774,-0.0889862925,0.994057715],"shapeName":"/levels/johnson_valley/art/shapes/misc/featherflag_bruckell.dae","useInstanceRenderData":true}
{"name":"trellis_startline_structure","class":"SimGroup","persistentId":"c5b5dabb-379a-4c05-a683-7dac3033cd6d","__parent":"event_city_track_props"}
{"class":"TSStatic","persistentId":"0925a037-2dfa-499f-a503-c5a5becfde57","__parent":"event_city_track_props","position":[1108.16968,-212.768631,115.213028],"isRenderEnabled":false,"rotationMatrix":[0.53588742,-0.844289422,0,0.844289422,0.53588742,0,0,0,1],"shapeName":"/levels/johnson_valley/art/shapes/misc/floodlight_portable.dae","useInstanceRenderData":true}
{"class":"TSStatic","persistentId":"a37607e8-083a-44d5-a3fd-148a7ff849c0","__parent":"event_city_track_props","position":[855.840881,91.4751968,118.43306],"annotation":"OBSTACLES","isRenderEnabled":false,"shapeName":"/art/shapes/garage_and_dealership/Clutter/clutter_barrels_red.dae","useInstanceRenderData":true}
{"class":"TSStatic","persistentId":"807cbde3-650f-41ce-83de-22eb3f16636b","__parent":"event_city_track_props","position":[852.917908,94.6277466,118.334061],"annotation":"OBSTACLES","isRenderEnabled":false,"rotationMatrix":[-0.757740259,0.652556062,0,-0.652556062,-0.757740259,0,0,0,1],"shapeName":"/art/shapes/garage_and_dealership/Clutter/ind_pallet_cans.DAE","useInstanceRenderData":true}
{"class":"TSStatic","persistentId":"7d24ecb0-6ce6-4a1e-821c-a94f1a786141","__parent":"event_city_track_props","position":[850.430603,93.9705734,118.427032],"annotation":"OBSTACLES","isRenderEnabled":false,"shapeName":"/art/shapes/garage_and_dealership/Clutter/clutter_workshop_hand_dolly.dae","useInstanceRenderData":true}
{"class":"TSStatic","persistentId":"7a21fc89-3acc-4efd-b274-76f6ce7754a0","__parent":"event_city_track_props","position":[864.864685,85.2118835,118.890793],"isRenderEnabled":false,"rotationMatrix":[0.998207152,-0.0598539412,0,0.0598539412,0.998207152,0,0,0,1],"shapeName":"/levels/johnson_valley/art/shapes/misc/floodlight_portable.dae","useInstanceRenderData":true}
{"class":"TSStatic","persistentId":"f331e802-8a1e-4f3c-88f9-ab0e48dd8b82","__parent":"event_city_track_props","position":[856.109009,91.5743256,118.442604],"annotation":"OBSTACLES","isRenderEnabled":false,"rotationMatrix":[0.334862769,-0.942266881,0,0.942266881,0.334862769,0,0,0,1],"shapeName":"/art/shapes/garage_and_dealership/Clutter/clutter_workshop_hand_truck.dae","useInstanceRenderData":true}
{"class":"TSStatic","persistentId":"c3838e2b-8b97-4ee0-ba62-9b6b421151f6","__parent":"event_city_track_props","position":[847.907288,95.7320328,118.508659],"annotation":"OBSTACLES","isRenderEnabled":false,"rotationMatrix":[0.722349226,0.691528261,0.000477685942,-0.69152838,0.722349048,0.000498650945,-2.24696123e-07,-0.000690533547,0.999999762],"shapeName":"/levels/johnson_valley/art/shapes/misc/hr_plasticbarrier_red.DAE","useInstanceRenderData":true}
{"class":"TSStatic","persistentId":"b5e1e3f4-7508-462e-9d97-883ab572a7fe","__parent":"event_city_track_props","position":[848.93042,96.7114716,118.509315],"annotation":"OBSTACLES","isRenderEnabled":false,"rotationMatrix":[0.722349226,0.691528261,0.000477685942,-0.69152838,0.722349048,0.000498650945,-2.24696123e-07,-0.000690533547,0.999999762],"shapeName":"/levels/johnson_valley/art/shapes/misc/hr_plasticbarrier_red.DAE","useInstanceRenderData":true}
{"class":"TSStatic","persistentId":"8b9724fa-759e-48e3-9fd4-c881fd7fb306","__parent":"event_city_track_props","position":[849.952026,97.689537,118.509995],"annotation":"OBSTACLES","isRenderEnabled":false,"rotationMatrix":[0.722349226,0.691528261,0.000477685942,-0.69152838,0.722349048,0.000498650945,-2.24696123e-07,-0.000690533547,0.999999762],"shapeName":"/levels/johnson_valley/art/shapes/misc/hr_plasticbarrier_red.DAE","useInstanceRenderData":true}
{"class":"TSStatic","persistentId":"4bd16219-00d6-46a8-a563-65ce1c7142a5","__parent":"event_city_track_props","position":[854.122253,92.1659393,118.391815],"annotation":"OBSTACLES","isRenderEnabled":false,"rotationMatrix":[-0.824095011,0.566451132,0,-0.566451132,-0.824095011,0,0,0,1],"shapeName":"/levels/johnson_valley/art/shapes/building/s_chair_metal.dae","useInstanceRenderData":true}
{"name":"p_tent_gazebo_3","class":"Prefab","persistentId":"874b2ed7-82b4-4264-a922-5d12adfd0ae0","__parent":"event_city_track_props","position":[852.911987,92.5624924,119.898582],"annotation":"OBSTACLES","fileName":"/levels/johnson_valley/art/prefabs/p_tent_gazebo_05.prefab","rotationMatrix":[-0.774240613,-0.632891357,0,0.632891357,-0.774240613,0,0,0,1],"scale":[0.605566382,0.745078921,0.605566382]}
{"class":"TSStatic","persistentId":"be8d8f5a-4096-4cd7-bbdf-41bdb6887ba0","__parent":"event_city_track_props","position":[847.240479,94.5240173,118.498756],"annotation":"OBSTACLES","isRenderEnabled":false,"rotationMatrix":[0.731784344,0.681536198,0,-0.681536198,0.731784344,0,0,0,1],"shapeName":"/levels/johnson_valley/art/shapes/building/s_trellis_metal_column.dae","useInstanceRenderData":true}
{"class":"TSStatic","persistentId":"3035257b-058a-41f8-9a41-66c01af398f9","__parent":"event_city_track_props","position":[853.387634,100.248947,118.498756],"annotation":"OBSTACLES","isRenderEnabled":false,"rotationMatrix":[0.731784344,0.681536198,0,-0.681536198,0.731784344,0,0,0,1],"shapeName":"/levels/johnson_valley/art/shapes/building/s_trellis_metal_column.dae","useInstanceRenderData":true}
{"class":"TSStatic","persistentId":"526bdfd8-1294-4fb0-b848-bb7514e0d827","__parent":"event_city_track_props","position":[852.965454,88.3770752,122.89875],"annotation":"OBSTACLES","isRenderEnabled":false,"rotationMatrix":[0.731784344,0.681536198,0,-0.681536198,0.731784344,0,0,0,1],"shapeName":"/levels/johnson_valley/art/shapes/building/s_trellis_metal_8m.dae","useInstanceRenderData":true}
{"class":"TSStatic","persistentId":"addeafb8-44b9-4eaf-8c85-4e47b1537ebd","__parent":"event_city_track_props","position":[852.965454,88.3770752,118.498756],"annotation":"OBSTACLES","isRenderEnabled":false,"rotationMatrix":[0.731784344,0.681536198,0,-0.681536198,0.731784344,0,0,0,1],"shapeName":"/levels/johnson_valley/art/shapes/building/s_trellis_metal_column.dae","useInstanceRenderData":true}
{"class":"TSStatic","persistentId":"8787649e-9dad-4b8f-8a3f-e54150e5eff9","__parent":"event_city_track_props","position":[859.11261,94.102005,118.498756],"annotation":"OBSTACLES","isRenderEnabled":false,"rotationMatrix":[0.731784344,0.681536198,0,-0.681536198,0.731784344,0,0,0,1],"shapeName":"/levels/johnson_valley/art/shapes/building/s_trellis_metal_column.dae","useInstanceRenderData":true}
{"class":"TSStatic","persistentId":"9a22b3ac-b00b-41bd-8124-19d6e771a192","__parent":"event_city_track_props","position":[853.387512,100.248871,122.89875],"annotation":"OBSTACLES","isRenderEnabled":false,"rotationMatrix":[-0.731784463,-0.681536198,0,0.681536198,-0.731784463,0,0,0,1],"shapeName":"/levels/johnson_valley/art/shapes/building/s_trellis_metal_8m.dae","useInstanceRenderData":true}
{"class":"TSStatic","persistentId":"333321f8-e46d-4e4b-a1c0-52e8378f66b0","__parent":"event_city_track_props","position":[847.240417,94.5239639,122.89875],"annotation":"OBSTACLES","isRenderEnabled":false,"rotationMatrix":[0.681536615,-0.731783986,0,0.731783986,0.681536615,0,0,0,1],"shapeName":"/levels/johnson_valley/art/shapes/building/s_trellis_metal_8m.dae","useInstanceRenderData":true}
{"class":"TSStatic","persistentId":"e2ee763a-2a59-4692-b7b3-e9abe61aa20d","__parent":"event_city_track_props","position":[859.112366,94.1018753,122.89875],"annotation":"OBSTACLES","isRenderEnabled":false,"rotationMatrix":[-0.681536436,0.731783867,0,-0.731783867,-0.681536436,0,0,0,1],"shapeName":"/levels/johnson_valley/art/shapes/building/s_trellis_metal_8m.dae","useInstanceRenderData":true}
{"class":"TSStatic","persistentId":"5740b7a9-acb8-43e5-8c6a-75cc43fdbb9d","__parent":"event_city_track_props","position":[851.8974,93.8391113,118.391815],"annotation":"OBSTACLES","isRenderEnabled":false,"rotationMatrix":[-0.492907405,0.870081842,0,-0.870081842,-0.492907405,0,0,0,1],"shapeName":"/levels/johnson_valley/art/shapes/building/s_chair_metal.dae","useInstanceRenderData":true}
{"class":"TSStatic","persistentId":"5790464f-7c87-4652-8771-7742a6bdbe34","__parent":"event_city_track_props","position":[852.429016,93.153717,118.391815],"annotation":"OBSTACLES","isRenderEnabled":false,"rotationMatrix":[-0.638150454,0.769911408,0,-0.769911408,-0.638150454,0,0,0,1],"shapeName":"/levels/johnson_valley/art/shapes/building/s_chair_metal.dae","useInstanceRenderData":true}
{"name":"road_meshes","class":"SimGroup","persistentId":"a05c8363-b3c5-45b1-9bb8-341041591df0","__parent":"event_city_track_props"}
{"name":"plastic_barrier","class":"SimGroup","persistentId":"00c5d20b-b9be-450d-b354-f1cc44823960","__parent":"event_city_track_props"}
{"name":"p_tent_gazebo_6","class":"Prefab","persistentId":"8694e0ab-f3df-4db3-8fe6-3d46d0c1e870","__parent":"event_city_track_props","position":[1089.68982,-183.412842,113.95076],"annotation":"OBSTACLES","fileName":"/levels/johnson_valley/art/prefabs/p_tent_gazebo_05.prefab","rotationMatrix":[-0.584054828,-0.811714411,0,0.811714411,-0.584054828,0,0,0,1],"scale":[0.605566382,0.745078921,0.605566382]}
{"class":"TSStatic","persistentId":"78c75fbc-f476-415d-b295-461553b89e16","__parent":"event_city_track_props","position":[1090.26111,-183.678406,112.471199],"annotation":"OBSTACLES","isRenderEnabled":false,"rotationMatrix":[-0.82381022,-0.566864491,0,0.566864491,-0.82381022,0,0,0,1],"shapeName":"/levels/johnson_valley/art/shapes/building/s_chair_metal.dae","useInstanceRenderData":true}
{"class":"TSStatic","persistentId":"c399ca7e-0ce9-4b53-80ae-1e9256e4e484","__parent":"event_city_track_props","position":[1090.90088,-183.004196,112.405899],"annotation":"OBSTACLES","isRenderEnabled":false,"rotationMatrix":[-0.71136272,-0.702824473,0,0.702824473,-0.71136272,0,0,0,1],"shapeName":"/levels/johnson_valley/art/shapes/building/s_chair_metal.dae","useInstanceRenderData":true}
{"class":"TSStatic","persistentId":"0929aefd-0966-4931-9f9a-8eeda4883581","__parent":"event_city_track_props","position":[1091.84607,-181.568893,112.258591],"annotation":"OBSTACLES","isRenderEnabled":false,"rotationMatrix":[-0.0871556997,0.996194422,0,-0.996194422,-0.0871556997,0,0,0,1],"shapeName":"/art/shapes/garage_and_dealership/Clutter/clutter_workshop_hand_dolly.dae","useInstanceRenderData":true}
{"class":"TSStatic","persistentId":"b64a4db7-db4c-4ba9-9709-bf815a653a76","__parent":"event_city_track_props","position":[1089.1344,-182.300125,112.385292],"annotation":"OBSTACLES","isRenderEnabled":false,"rotationMatrix":[0.811731517,-0.584030807,-1.86264515e-09,0.582319915,0.80935365,-0.0764863938,0.0446704105,0.0620864183,0.997070611],"shapeName":"/art/shapes/garage_and_dealership/Clutter/ind_pallet_cans.DAE","useInstanceRenderData":true}
{"class":"TSStatic","persistentId":"2152f091-2f5b-427f-90da-f133e5edbab0","__parent":"event_city_track_props","position":[1090.49878,-185.481323,112.602295],"annotation":"OBSTACLES","isRenderEnabled":false,"rotationMatrix":[-0.430007577,-0.902825296,0,0.902825296,-0.430007577,0,0,0,1],"shapeName":"/levels/johnson_valley/art/shapes/building/s_chair_metal.dae","useInstanceRenderData":true}
{"class":"TSStatic","persistentId":"4b1bce1b-05f8-4b52-acc7-ec005a94abc6","__parent":"event_city_track_props","position":[1081.85437,-189.974838,112.755188],"isRenderEnabled":false,"rotationMatrix":[0.185660124,0.982613981,-1.86264515e-09,-0.982236445,0.185588777,0.0277185049,0.027236592,-0.00514621846,0.999615788],"shapeName":"/levels/johnson_valley/art/shapes/misc/floodlight_portable.dae","useInstanceRenderData":true}
{"class":"TSStatic","persistentId":"6b00f5b4-5613-4334-a16d-1597ae437f61","__parent":"event_city_track_props","position":[1089.10144,-159.041855,113.53933],"isRenderEnabled":false,"rotationMatrix":[-0.994897246,-0.100230359,-0.0115285907,0.100891195,-0.988380671,-0.113684505,4.65661287e-10,-0.114267558,0.993449986],"shapeName":"/levels/johnson_valley/art/shapes/misc/floodlight_portable.dae","useInstanceRenderData":true}
