{"class":"TSStatic","persistentId":"78c517a5-8523-4364-ad8c-d7f9e2ce9a6d","__parent":"trellis_main","position":[1102.44397,-194.352676,120.392029],"annotation":"OBSTACLES","isRenderEnabled":false,"rotationMatrix":[-0.830547094,0.556948423,0,-0.556948423,-0.830547094,0,0,0,1],"shapeName":"/levels/johnson_valley/art/shapes/building/s_track_billboard_startline.dae","useInstanceRenderData":true}
{"class":"TSStatic","persistentId":"0c79d195-6c76-47e4-8a5c-27cf6a26e763","__parent":"trellis_main","position":[1092.66248,-187.778427,121.113235],"annotation":"OBSTACLES","isRenderEnabled":false,"rotationMatrix":[0.830545783,-0.556950331,-2.08616257e-07,2.98023224e-08,5.96046448e-07,-0.999999821,0.556950331,0.830545604,5.96046448e-07],"shapeName":"/levels/johnson_valley/art/shapes/building/s_trellis_metal_8m.dae","useInstanceRenderData":true}
{"class":"TSStatic","persistentId":"4d7443a5-dea0-468b-80a1-2bcb5ba25629","__parent":"trellis_main","position":[1096.21655,-182.476624,112.730598],"annotation":"OBSTACLES","isRenderEnabled":false,"rotationMatrix":[-0.830545425,0.556950331,-2.98023224e-07,-1.49011612e-07,4.76837158e-07,0.999999821,0.556950331,0.830545604,0],"shapeName":"/levels/johnson_valley/art/shapes/building/s_trellis_metal_8m.dae","useInstanceRenderData":true}
{"class":"TSStatic","persistentId":"81625179-babb-498a-8530-b7966407a3dd","__parent":"trellis_main","position":[1089.21167,-192.921021,120.914047],"annotation":"OBSTACLES","isRenderEnabled":false,"rotationMatrix":[0.830545843,-0.556950212,0,0.556950212,0.830545843,0,0,0,1],"shapeName":"/levels/johnson_valley/art/shapes/building/s_trellis_metal_6m.dae","useInstanceRenderData":true}
{"class":"TSStatic","persistentId":"40a1a603-dcb5-4aef-98db-b5d6bf0f967a","__parent":"trellis_main","position":[1096.32886,-182.307922,120.914047],"annotation":"OBSTACLES","isRenderEnabled":false,"rotationMatrix":[-0.830545783,0.556950033,0,-0.556950033,-0.830545783,0,0,0,1],"shapeName":"/levels/johnson_valley/art/shapes/building/s_trellis_metal_6m.dae","useInstanceRenderData":true}
{"class":"TSStatic","persistentId":"ecb4c02e-1942-4b5d-94fa-6f387c301b3c","__parent":"trellis_main","position":[1089.09875,-193.084747,112.730606],"annotation":"OBSTACLES","isRenderEnabled":false,"rotationMatrix":[-0.830545425,0.556950331,-2.98023224e-07,-1.49011612e-07,4.76837158e-07,0.999999821,0.556950331,0.830545604,0],"shapeName":"/levels/johnson_valley/art/shapes/building/s_trellis_metal_8m.dae","useInstanceRenderData":true}
{"class":"TSStatic","persistentId":"e95ff2b9-4f42-4140-b99d-2a0e95e58310","__parent":"trellis_main","position":[1099.63904,-192.456818,121.113228],"annotation":"OBSTACLES","isRenderEnabled":false,"rotationMatrix":[5.96046448e-08,7.74860382e-07,-0.999999821,-0.830545545,0.556950569,5.36441803e-07,0.55695039,0.830545545,7.74860382e-07],"shapeName":"/levels/johnson_valley/art/shapes/building/s_trellis_metal_8m.dae","useInstanceRenderData":true}
{"class":"TSStatic","persistentId":"05833191-21e7-4bb0-a1d9-95ec5e9069b1","__parent":"trellis_main","position":[1105.28076,-196.240067,121.11322],"annotation":"OBSTACLES","isRenderEnabled":false,"rotationMatrix":[-3.57627869e-07,-6.2584877e-07,0.999999881,0.830545664,-0.556950331,2.98023224e-08,0.55695045,0.830545664,8.34465027e-07],"shapeName":"/levels/johnson_valley/art/shapes/building/s_trellis_metal_8m.dae","useInstanceRenderData":true}
{"class":"TSStatic","persistentId":"43bc168f-d0f8-427a-aa7d-f6186c907d82","__parent":"trellis_main","position":[1112.2572,-200.918442,121.113228],"annotation":"OBSTACLES","isRenderEnabled":false,"rotationMatrix":[0.830545783,-0.556950331,-2.08616257e-07,2.98023224e-08,5.96046448e-07,-0.999999821,0.556950331,0.830545604,5.96046448e-07],"shapeName":"/levels/johnson_valley/art/shapes/building/s_trellis_metal_8m.dae","useInstanceRenderData":true}
{"class":"TSStatic","persistentId":"385fd795-dafb-4400-b545-c3a7096b19ef","__parent":"trellis_main","position":[1099.63904,-192.456818,119.713226],"annotation":"OBSTACLES","isRenderEnabled":false,"rotationMatrix":[5.96046448e-08,7.74860382e-07,-0.999999821,-0.830545545,0.556950569,5.36441803e-07,0.55695039,0.830545545,7.74860382e-07],"shapeName":"/levels/johnson_valley/art/shapes/building/s_trellis_metal_8m.dae","useInstanceRenderData":true}
{"class":"TSStatic","persistentId":"7a6ce9cb-4890-4fe6-8a10-db8ddaccb272","__parent":"trellis_main","position":[1105.28076,-196.240067,119.713219],"annotation":"OBSTACLES","isRenderEnabled":false,"rotationMatrix":[-3.57627869e-07,-6.2584877e-07,0.999999881,0.830545664,-0.556950331,2.98023224e-08,0.55695045,0.830545664,8.34465027e-07],"shapeName":"/levels/johnson_valley/art/shapes/building/s_trellis_metal_8m.dae","useInstanceRenderData":true}
{"class":"TSStatic","persistentId":"1ca45e23-2196-42fc-a302-898215ceb338","__parent":"trellis_main","position":[1092.77307,-187.613571,112.532555],"annotation":"OBSTACLES","isRenderEnabled":false,"rotationMatrix":[-0.830545783,0.556950033,0,-0.556950033,-0.830545783,0,0,0,1],"shapeName":"/levels/johnson_valley/art/shapes/building/s_trellis_metal_6m.dae","useInstanceRenderData":true}
{"class":"TSStatic","persistentId":"cfaec9b8-0a2b-4c52-ba91-2835fa2272a9","__parent":"trellis_main","position":[1092.77258,-187.61174,112.933983],"annotation":"OBSTACLES","isRenderEnabled":false,"rotationMatrix":[0.8305462,-0.556949735,0,0.556949735,0.8305462,0,0,0,1],"shapeName":"/levels/johnson_valley/art/shapes/building/s_trellis_metal_6m.dae","useInstanceRenderData":true}
{"class":"TSStatic","persistentId":"fc73050e-54aa-42c7-9c34-9b0b5c2f62b9","__parent":"trellis_main","position":[1092.73889,-187.589249,112.928291],"annotation":"OBSTACLES","isRenderEnabled":false,"rotationMatrix":[0.8305462,-0.556949735,0,0.556949735,0.8305462,0,0,0,1],"shapeName":"/levels/johnson_valley/art/shapes/building/s_trellis_metal_6m.dae","useInstanceRenderData":true}
{"class":"TSStatic","persistentId":"b807c93c-0dab-4afd-ad2a-c91f7d2ed45c","__parent":"trellis_main","position":[1100.08154,-192.513153,120.914413],"annotation":"OBSTACLES","isRenderEnabled":false,"rotationMatrix":[-0.556949735,-0.830546021,0,0.830546021,-0.556949735,0,0,0,1],"shapeName":"/levels/johnson_valley/art/shapes/building/s_trellis_metal_6m.dae","useInstanceRenderData":true}
{"class":"TSStatic","persistentId":"f556b98f-f96f-4259-9bba-1f5a207ebb58","__parent":"trellis_main","position":[1100.08154,-192.513153,119.515045],"annotation":"OBSTACLES","isRenderEnabled":false,"rotationMatrix":[-0.556949735,-0.830546021,0,0.830546021,-0.556949735,0,0,0,1],"shapeName":"/levels/johnson_valley/art/shapes/building/s_trellis_metal_6m.dae","useInstanceRenderData":true}
