{"name":"mine_centre_1","class":"SFXSpace","persistentId":"1548a0da-a8ae-4deb-b1fc-e3b73f8645b4","__parent":"mine_centre","position":[396.740936,-148.080582,131.277771],"rotationMatrix":[-0.950305939,-0.308542132,0.0414985307,0.308416605,-0.951204002,-0.00952106901,0.0424110964,0.00375081925,0.999094546],"scale":[68.1416473,14.5881758,9.90499306],"soundAmbience":"Level_Tunnel_Open_Dynamic"}
{"name":"mine_centre_10","class":"SFXSpace","persistentId":"de1c6fca-8ee6-4b03-b11a-397f98203c7f","__parent":"mine_centre","position":[34.8134079,-524.694763,129.685089],"rotationMatrix":[-0.778420568,-0.62600708,0.0466963947,0.627235234,-0.778624058,0.0177848209,0.0252260603,0.0431336276,0.998747408],"scale":[38.6011925,19.9035892,8.72368717],"soundAmbience":"Level_Tunnel_Open_Dynamic"}
{"name":"mine_centre_11","class":"SFXSpace","persistentId":"0468a1e1-8b32-4753-9197-c2b06370140b","__parent":"mine_centre","position":[22.0032139,-532.489624,129.831635],"rotationMatrix":[-0.795693934,-0.604277492,0.0414985754,0.604454994,-0.796582878,-0.00952111557,0.0388103351,0.0175080076,0.999094546],"scale":[68.1416473,12.4044867,9.90499306],"soundAmbience":"Level_Tunnel_Open_Dynamic"}
{"name":"mine_centre_12","class":"SFXSpace","persistentId":"837f7d55-96e2-46bc-983e-f23330f57788","__parent":"mine_centre","position":[5.70259571,-545.342468,132.173523],"rotationMatrix":[-0.861575186,-0.505481184,0.0466963388,0.506665766,-0.861957431,0.0177848004,0.0312609039,0.0389823243,0.998748362],"scale":[27.1356125,21.9885769,8.15243053],"soundAmbience":"Level_Tunnel_Open_Dynamic"}
{"name":"mine_centre_2","class":"SFXSpace","persistentId":"d9b98c5c-9f16-4585-a4b8-8a3c0f9485c3","__parent":"mine_centre","position":[386.474487,-165.134033,131.239975],"rotationMatrix":[-0.74312216,-0.667869627,0.0414984934,0.668119371,-0.743992031,-0.00952109601,0.0372333564,0.0206505228,0.999094546],"scale":[68.1416473,16.462038,9.90499306],"soundAmbience":"Level_Tunnel_Open_Dynamic"}
{"name":"mine_centre_3","class":"SFXSpace","persistentId":"f4e7f040-3473-47e9-937c-54fbd81b2180","__parent":"mine_centre","position":[335.334229,-211.287201,131.573532],"rotationMatrix":[-0.74312216,-0.667869627,0.0414984934,0.668119371,-0.743992031,-0.00952109601,0.0372333564,0.0206505228,0.999094546],"scale":[77.3208466,16.9191132,8.27772331],"soundAmbience":"Level_Tunnel_Open_Dynamic"}
{"name":"mine_centre_4","class":"SFXSpace","persistentId":"64f1a1a9-efb6-44e4-aae7-ee772beb3572","__parent":"mine_centre","position":[310.270996,-238.095642,129.961517],"rotationMatrix":[-0.62591207,-0.778790653,0.0414984934,0.779177248,-0.626729667,-0.00952111091,0.0334232636,0.0263751969,0.999094546],"scale":[18.671093,14.1793203,8.27772331],"soundAmbience":"Level_Tunnel_Open_Dynamic"}
{"name":"mine_centre_5","class":"SFXSpace","persistentId":"e600d4b1-af28-422c-9cf8-e382fe3e1dfa","__parent":"mine_centre","position":[257.646332,-297.352112,130.393021],"rotationMatrix":[-0.662991166,-0.748591304,-0.00775593799,0.747425497,-0.662474871,0.0497991368,-0.0424167402,0.0272190366,0.998729169],"scale":[71.1049576,19.5567169,8.27772331],"soundAmbience":"Level_Tunnel_Open_Dynamic"}
{"name":"mine_centre_6","class":"SFXSpace","persistentId":"90087d6e-0fa2-46ee-be43-bfa066ef0aa0","__parent":"mine_centre","position":[240.018982,-325.637817,124.172791],"rotationMatrix":[-0.662991166,-0.748591304,-0.00775593799,0.747425497,-0.662474871,0.0497991368,-0.0424167402,0.0272190366,0.998729169],"scale":[29.8256969,23.8911877,8.27772331],"soundAmbience":"Level_Tunnel_Open_Dynamic"}
{"name":"mine_centre_7","class":"SFXSpace","persistentId":"fc11746e-61b2-411f-8461-8e04e833e4e3","__parent":"mine_centre","position":[215.515305,-346.999115,128.986954],"rotationMatrix":[-0.662991166,-0.748591304,-0.00775593799,0.747425497,-0.662474871,0.0497991368,-0.0424167402,0.0272190366,0.998729169],"scale":[71.1049576,15.5966082,8.27772331],"soundAmbience":"Level_Tunnel_Open_Dynamic"}
{"name":"mine_centre_8","class":"SFXSpace","persistentId":"ae52eb04-cce8-4a73-a676-03dc3a55f2e8","__parent":"mine_centre","position":[168.79129,-390.626709,128.742935],"rotationMatrix":[-0.662991166,-0.748591304,-0.00775593799,0.747425497,-0.662474871,0.0497991368,-0.0424167402,0.0272190366,0.998729169],"scale":[71.1049576,17.6190987,8.27772331],"soundAmbience":"Level_Tunnel_Open_Dynamic"}
{"name":"mine_centre_9","class":"SFXSpace","persistentId":"d8031c40-dfa2-46ac-99a6-843b4eb9363c","__parent":"mine_centre","position":[114.031937,-451.991364,128.748154],"rotationMatrix":[-0.662991166,-0.748591304,-0.00775593799,0.747425497,-0.662474871,0.0497991368,-0.0424167402,0.0272190366,0.998729169],"scale":[111.25602,41.7223282,8.27772331],"soundAmbience":"Level_Tunnel_Open_Dynamic"}
{"name":"mine_centre_in","class":"SFXEmitter","persistentId":"32817d4e-855d-4ee5-894b-032ed7903270","__parent":"mine_centre","position":[-6.59628296,-552.081726,123.207771],"fadeInTime":0,"fadeOutTime":0,"isLooping":false,"maxDistance":16,"referenceDistance":10,"rotationMatrix":[1,0,0,0,0.999999762,-0.000690533896,0,0.000690533896,0.999999762],"scale":[16,16,16],"track":"event:>Snapshot Events>Snapshot_UT_Tunnel_C_Position","useTrackDescriptionOnly":true}
{"name":"mine_centre_mid_1","class":"SFXEmitter","persistentId":"72ae3b2c-2cd1-4a23-8d07-0971a47f2af1","__parent":"mine_centre","position":[280.448181,-273.440887,129.972687],"fadeInTime":0,"fadeOutTime":0,"isLooping":false,"maxDistance":8,"rotationMatrix":[1,0,0,0,0.999999762,-0.000690533896,0,0.000690533896,0.999999762],"scale":[8,8,8],"track":"event:>Snapshot Events>Snapshot_UT_Tunnel_E_Position","useTrackDescriptionOnly":true}
{"name":"mine_centre_mid_2","class":"SFXEmitter","persistentId":"10a7a773-0339-48fa-b004-dbe505bcfbd4","__parent":"mine_centre","position":[302.640869,-244.677612,129.578049],"fadeInTime":0,"fadeOutTime":0,"isLooping":false,"maxDistance":8,"rotationMatrix":[1,0,0,0,0.999999762,-0.000690533896,0,0.000690533896,0.999999762],"scale":[8,8,8],"track":"event:>Snapshot Events>Snapshot_UT_Tunnel_E_Position","useTrackDescriptionOnly":true}
{"name":"mine_centre_mid_3","class":"SFXEmitter","persistentId":"c71a7cd4-cda6-4d2f-81de-80a3331122d2","__parent":"mine_centre","position":[48.1109734,-510.481049,128.37233],"fadeInTime":0,"fadeOutTime":0,"isLooping":false,"maxDistance":12,"rotationMatrix":[1,0,0,0,0.999999762,-0.000690533896,0,0.000690533896,0.999999762],"scale":[12,12,12],"track":"event:>Snapshot Events>Snapshot_UT_Tunnel_D_Position","useTrackDescriptionOnly":true}
{"name":"mine_centre_mid_4","class":"SFXEmitter","persistentId":"0e8b4e54-530a-4d1b-a9e7-4ce907007728","__parent":"mine_centre","position":[71.2062607,-488.518097,125.882263],"fadeInTime":0,"fadeOutTime":0,"isLooping":false,"maxDistance":12,"rotationMatrix":[1,0,0,0,0.999999762,-0.000690533896,0,0.000690533896,0.999999762],"scale":[12,12,12],"track":"event:>Snapshot Events>Snapshot_UT_Tunnel_D_Position","useTrackDescriptionOnly":true}
{"name":"mine_centre_out","class":"SFXEmitter","persistentId":"58d14ce6-d7f0-41ca-863c-848236a2d13f","__parent":"mine_centre","position":[428.304382,-136.798599,121.733253],"fadeInTime":0,"fadeOutTime":0,"isLooping":false,"maxDistance":16,"referenceDistance":10,"rotationMatrix":[1,0,0,0,0.999999762,-0.000690533896,0,0.000690533896,0.999999762],"scale":[16,16,16],"track":"event:>Snapshot Events>Snapshot_UT_Tunnel_C_Position","useTrackDescriptionOnly":true}
