{"name":"utah_bs_01","class":"BeamNGTrigger","persistentId":"10c0aad1-9ec5-4e6f-ac6d-2b649426ec36","__parent":"busstops","position":[-621.234558,237.493286,301.92807],"luaFunction":"onBeamNGTrigger","rotationMatrix":[0.949381113,-0.314126343,-4.40195436e-10,0.314126313,0.949381053,-0.000690535759,0.000216916058,0.000655581418,0.999999762],"scale":[5.47792101,18.5187798,8.33231735],"stopName":"Tourist Information","ticking":true,"triggerColor":[255,0,240,45],"triggerMode":"Contains","triggerTestType":"Bounding box","type":"busstop"}
{"name":"utah_bs_04","class":"BeamNGTrigger","persistentId":"5efa9775-8d37-49a7-875b-c167262d1e8f","__parent":"busstops","position":[-881.193359,617.73584,266.628723],"luaFunction":"onBeamNGTrigger","rotationMatrix":[0.967724442,-0.252010882,-4.47012317e-05,0.252010822,0.967724502,-0.00068908761,0.000216916058,0.000655581418,0.999999762],"scale":[4.38105345,17.6874828,7.5010252],"stopName":"Building Site","ticking":true,"triggerColor":[255,0,240,45],"triggerMode":"Contains","triggerTestType":"Bounding box","type":"busstop"}
{"name":"utah_bs_03_b","class":"BeamNGTrigger","persistentId":"766ce4d1-173c-4441-bd74-0d4a952d9cba","__parent":"busstops","position":[962.815369,693.964111,237.124054],"luaFunction":"onBeamNGTrigger","rotationMatrix":[0.999872446,-0.0159506556,-0.000206431389,0.0159506127,0.999872506,-0.000658958161,0.000216916058,0.000655581418,0.999999762],"scale":[4.38105345,17.6874828,7.5010252],"stopName":"Utah Viewpoint","ticking":true,"triggerColor":[255,0,240,45],"triggerMode":"Contains","triggerTestType":"Bounding box","type":"busstop"}
{"name":"utah_bs_07_b","class":"BeamNGTrigger","persistentId":"81a4aaff-d4c8-4b84-ae8d-44fccf805c8f","__parent":"busstops","position":[-590.736694,-631.368713,165.724625],"luaFunction":"onBeamNGTrigger","rotationMatrix":[0.196380436,-0.980528414,0.000600217783,0.980528533,0.196380317,-0.000341435312,0.000216916058,0.000655581418,0.999999762],"scale":[5.30448151,17.6874828,7.5010252],"stopName":"Green Peak","ticking":true,"triggerColor":[255,0,240,45],"triggerMode":"Contains","triggerTestType":"Bounding box","type":"busstop"}
{"name":"utah_bs_07","class":"BeamNGTrigger","persistentId":"af207978-1f35-4317-9096-15d8f27eb65a","__parent":"busstops","position":[-580.138489,-625.103577,165.718216],"luaFunction":"onBeamNGTrigger","rotationMatrix":[0.221483842,-0.975164771,0.000591256074,0.97516489,0.221483737,-0.000356729142,0.000216916058,0.000655581418,0.999999762],"scale":[5.30448151,17.6874828,7.5010252],"stopName":"Green Peak","ticking":true,"triggerColor":[255,0,240,45],"triggerMode":"Contains","triggerTestType":"Bounding box","type":"busstop"}
{"name":"utah_bs_04_b","class":"BeamNGTrigger","persistentId":"b835f2f4-3dea-448f-87f0-a55311941d43","__parent":"busstops","position":[-881.79187,581.847534,264.329376],"luaFunction":"onBeamNGTrigger","rotationMatrix":[0.999998152,0.00175940339,-0.000218069137,-0.00175944809,0.999998152,-0.000655198935,0.000216916058,0.000655581418,0.999999762],"scale":[4.38105345,17.6874828,7.5010252],"stopName":"Building Site","ticking":true,"triggerColor":[255,0,240,45],"triggerMode":"Contains","triggerTestType":"Bounding box","type":"busstop"}
{"name":"utah_bs_01_b","class":"BeamNGTrigger","persistentId":"ba8cef4c-7cec-4a06-8885-90e729fa421e","__parent":"busstops","position":[-619.294312,234.002945,301.929932],"luaFunction":"onBeamNGTrigger","rotationMatrix":[0.94290632,-0.333057672,1.3815039e-05,0.333057642,0.94290626,-0.000690397515,0.000216916058,0.000655581418,0.999999762],"scale":[5.47792101,18.5187798,8.33231735],"stopName":"Tourist Information","ticking":true,"triggerColor":[255,0,240,45],"triggerMode":"Contains","triggerTestType":"Bounding box","type":"busstop"}
{"name":"utah_cp_hwy","class":"BeamNGTrigger","persistentId":"c7b2a81d-8e84-490b-a8ca-31be6160d148","__parent":"busstops","position":[75.4567719,-935.964722,144.766449],"luaFunction":"onBeamNGTrigger","rotationMatrix":[0.993474066,-0.114065476,-1.05501385e-10,0.114065431,0.993473828,-0.000690534071,7.87659592e-05,0.000686026295,0.999999762],"scale":[6.15442657,26.6927261,8.67588902],"type":"buswp"}
{"name":"utah_bs_03","class":"BeamNGTrigger","persistentId":"d6e298dd-b0f0-42a0-b6ca-f1ac8f4ce3a6","__parent":"busstops","position":[965.882324,705.505493,237.837692],"luaFunction":"onBeamNGTrigger","rotationMatrix":[0.999499202,-0.0316372439,-0.000196066569,0.0316372067,0.999499261,-0.000662115926,0.000216916058,0.000655581418,0.999999762],"scale":[4.38105345,17.6874828,7.5010252],"stopName":"Utah Viewpoint","ticking":true,"triggerColor":[255,0,240,45],"triggerMode":"Contains","triggerTestType":"Bounding box","type":"busstop"}
{"name":"utah_bs_02","class":"BeamNGTrigger","persistentId":"eb1825c6-9979-48f1-bb03-70bb99595fc8","__parent":"busstops","position":[824.629028,-238.262024,145.859955],"luaFunction":"onBeamNGTrigger","rotationMatrix":[0.903798759,0.427957416,-8.47649062e-10,-0.427957326,0.903798759,-0.000690536166,-0.000295519276,0.000624105567,0.999999762],"scale":[8.87980938,18.5187798,8.33231735],"stopName":"AJ Auto Repairs","ticking":true,"triggerColor":[255,0,240,45],"triggerMode":"Contains","triggerTestType":"Bounding box","type":"busstop"}
{"name":"utah_bs_06_b","class":"BeamNGTrigger","persistentId":"f699ec21-1105-41a2-a3c3-313d59263004","__parent":"busstops","position":[-276.194489,-375.977356,137.695755],"luaFunction":"onBeamNGTrigger","rotationMatrix":[0.630668402,-0.776053071,0.000371963833,0.776053011,0.630668283,-0.000581792323,0.000216916058,0.000655581418,0.999999762],"scale":[5.48424911,17.6874828,7.5010252],"stopName":"Utah Airport","ticking":true,"triggerColor":[255,0,240,45],"triggerMode":"Contains","triggerTestType":"Bounding box","type":"busstop"}
{"name":"utah_bs_06","class":"BeamNGTrigger","persistentId":"fb663fd8-a12a-4e32-b883-d8f321aa8857","__parent":"busstops","position":[-285.792206,-378.425018,137.699432],"luaFunction":"onBeamNGTrigger","rotationMatrix":[0.61359179,-0.789623797,0.000384564744,0.789623737,0.613591671,-0.000573540921,0.000216916058,0.000655581418,0.999999762],"scale":[5.75194597,17.6874828,7.5010252],"stopName":"Utah Airport","ticking":true,"triggerColor":[255,0,240,45],"triggerMode":"Contains","triggerTestType":"Bounding box","type":"busstop"}
{"name":"utah_bs_05_b","class":"BeamNGTrigger","persistentId":"fd624dc1-68e4-41e2-8323-2ca317944173","__parent":"busstops","position":[-640.934814,531.688782,258.224731],"luaFunction":"onBeamNGTrigger","rotationMatrix":[0.160106286,-0.987099588,0.000592694094,0.987099469,0.160106331,-0.000354334858,0.000254870218,0.000641779101,0.999999762],"scale":[7.48200846,21.0301228,7.5010252],"stopName":"Industrial Ruin","ticking":true,"triggerColor":[255,0,240,45],"triggerMode":"Contains","triggerTestType":"Bounding box","type":"busstop"}
{"name":"utah_bs_05","class":"BeamNGTrigger","persistentId":"fddf20df-489c-452e-8325-8f340e653eb9","__parent":"busstops","position":[-691.584229,531.012512,258.236816],"luaFunction":"onBeamNGTrigger","rotationMatrix":[-0.0438922271,-0.999036431,0.000664470601,0.999036312,-0.0438922346,-0.000187931888,0.000216916058,0.000655581418,0.999999762],"scale":[5.02552509,17.6874828,7.5010252],"stopName":"Industrial Ruin","ticking":true,"triggerColor":[255,0,240,45],"triggerMode":"Contains","triggerTestType":"Bounding box","type":"busstop"}
