{"class":"TSStatic","persistentId":"7593dcec-c57e-46af-b272-3840ad44a00e","__parent":"trail_035_rocks","position":[-648.891418,-24.8732338,253.015244],"isRenderEnabled":false,"rotationMatrix":[-0.75205493,0,0.659100175,0,1,0,-0.659100175,0,-0.75205493],"shapeName":"/levels/johnson_valley/art/shapes/rocks/s_rocks_desert_medium_03.dae","useInstanceRenderData":true}
{"class":"TSStatic","persistentId":"35f51121-f0dc-446c-b185-c31a275020c2","__parent":"trail_035_rocks","position":[-648.546204,-23.7232704,253.138046],"isRenderEnabled":false,"shapeName":"/levels/johnson_valley/art/shapes/rocks/s_rocks_desert_medium_03.dae","useInstanceRenderData":true}
{"class":"TSStatic","persistentId":"63c20418-8e3f-419e-a7c7-3b2218481bf0","__parent":"trail_035_rocks","position":[-647.976562,-24.9413834,252.743973],"isRenderEnabled":false,"shapeName":"/levels/johnson_valley/art/shapes/rocks/s_rocks_desert_medium_04.dae","useInstanceRenderData":true}
{"class":"TSStatic","persistentId":"6d0949fb-c59b-4188-bdcb-55bacae6f87d","__parent":"trail_035_rocks","position":[-648.331665,-26.8854065,252.60759],"isRenderEnabled":false,"rotationMatrix":[-0.952123284,0,0.305713683,0,1,0,-0.305713683,0,-0.952123284],"shapeName":"/levels/johnson_valley/art/shapes/rocks/s_rocks_desert_small_03.dae","useInstanceRenderData":true}
{"class":"TSStatic","persistentId":"f9337c56-2317-408a-a6a3-d7e249841669","__parent":"trail_035_rocks","position":[-648.312012,-27.8135719,252.023575],"isRenderEnabled":false,"rotationMatrix":[1,0,0,0,0.735231042,0.677816629,0,-0.677816629,0.735231042],"shapeName":"/levels/johnson_valley/art/shapes/rocks/s_rocks_desert_medium_05.dae","useInstanceRenderData":true}
{"class":"TSStatic","persistentId":"a3a738f2-8a5a-4a64-9000-a193144880e1","__parent":"trail_035_rocks","position":[-650.938477,-26.1275635,252.32608],"isRenderEnabled":false,"rotationMatrix":[0.931465507,0.0853921175,-0.353666872,0.0489611775,-0.992644787,-0.110721119,-0.360520273,0.0858169571,-0.928795218],"shapeName":"/levels/johnson_valley/art/shapes/rocks/s_rocks_desert_medium_02.dae","useInstanceRenderData":true}
{"class":"TSStatic","persistentId":"c48c8483-9ebb-43e8-892b-0acc7a5323f8","__parent":"trail_035_rocks","position":[-655.431702,-30.6214237,252.10466],"isRenderEnabled":false,"shapeName":"/levels/johnson_valley/art/shapes/rocks/s_rocks_desert_large_05.dae","useInstanceRenderData":true}
{"class":"TSStatic","persistentId":"8d7ccff5-4eca-4abe-89eb-c4fe98d5795f","__parent":"trail_035_rocks","position":[-655.669922,-32.7366943,250.482529],"isRenderEnabled":false,"rotationMatrix":[0.0407631993,0.999168754,0,-0.999168754,0.0407631993,0,0,0,1],"shapeName":"/levels/johnson_valley/art/shapes/rocks/s_rocks_desert_large_02.dae","useInstanceRenderData":true}
{"class":"TSStatic","persistentId":"35269c81-0635-4cab-b2cb-49e43388e1af","__parent":"trail_035_rocks","position":[-653.120605,-33.5447807,249.986481],"isRenderEnabled":false,"rotationMatrix":[0.953777373,0.216519237,-0.208394259,-0.0407176316,0.780174136,0.624235749,0.297742873,-0.586896658,0.752928615],"shapeName":"/levels/johnson_valley/art/shapes/rocks/s_rocks_desert_collection_03.dae","useInstanceRenderData":true}
{"class":"TSStatic","persistentId":"b5797d2d-7b11-4760-bd25-a5760b41eda9","__parent":"trail_035_rocks","position":[-655.892151,-25.9380875,253.550217],"isRenderEnabled":false,"shapeName":"/levels/johnson_valley/art/shapes/rocks/s_rocks_desert_medium_04.dae","useInstanceRenderData":true}
{"class":"TSStatic","persistentId":"0785c91c-8cc2-4ca8-b97b-b9a827abebdc","__parent":"trail_035_rocks","position":[-655.933044,-26.8441448,253.469788],"isRenderEnabled":false,"rotationMatrix":[0.710102081,0.704098761,0,-0.704098761,0.710102081,0,0,0,1],"shapeName":"/levels/johnson_valley/art/shapes/rocks/s_rocks_desert_small_01.dae","useInstanceRenderData":true}
{"class":"TSStatic","persistentId":"c8c649d5-12ed-493c-86cc-230338d61460","__parent":"trail_035_rocks","position":[-654.333679,-24.8793564,253.67482],"isRenderEnabled":false,"rotationMatrix":[-0.143053174,0,-0.989714861,0,1,0,0.989714861,0,-0.143053174],"shapeName":"/levels/johnson_valley/art/shapes/rocks/s_rocks_desert_medium_05.dae","useInstanceRenderData":true}
{"class":"TSStatic","persistentId":"07b7f98a-dc61-4641-abce-fec6379f9519","__parent":"trail_035_rocks","position":[-665.422241,-22.1041584,255.507889],"isRenderEnabled":false,"shapeName":"/levels/johnson_valley/art/shapes/rocks/s_rocks_desert_large_05.dae","useInstanceRenderData":true}
{"class":"TSStatic","persistentId":"28d9668d-fbaa-413f-851d-4e271fe2f2f8","__parent":"trail_035_rocks","position":[-666.71637,-19.0933533,255.066925],"isRenderEnabled":false,"rotationMatrix":[0.994466901,0,-0.105050653,-0.0109703215,0.994532347,-0.10385105,0.104476273,0.104428872,0.989029467],"shapeName":"/levels/johnson_valley/art/shapes/rocks/s_rocks_desert_collection_03.dae","useInstanceRenderData":true}
{"class":"TSStatic","persistentId":"98adc840-6ef0-4124-b295-f6680cf70feb","__parent":"trail_035_rocks","position":[-668.119141,-25.5513916,255.176071],"isRenderEnabled":false,"rotationMatrix":[0.998370886,0.0110619999,-0.0559748672,-9.31322575e-10,0.981026292,0.193874702,0.0570574589,-0.193558857,0.979428113],"shapeName":"/levels/johnson_valley/art/shapes/rocks/s_rocks_desert_collection_02.dae","useInstanceRenderData":true}
{"class":"TSStatic","persistentId":"c37ee4ea-1bd4-4a41-8db5-ed124ef31c83","__parent":"trail_035_rocks","position":[-654.245605,-17.7064247,252.077744],"isRenderEnabled":false,"rotationMatrix":[0.999812543,-0.00943458825,-0.016908979,0.00260797981,0.93092072,-0.365211993,0.0191865433,0.3650994,0.930770814],"shapeName":"/levels/johnson_valley/art/shapes/rocks/s_rocks_desert_collection_02.dae","useInstanceRenderData":true}
{"class":"TSStatic","persistentId":"a473a4bf-62fe-4983-8a8e-a7ae4edf916a","__parent":"trail_035_rocks","position":[-658.260742,-17.1924839,252.657227],"isRenderEnabled":false,"rotationMatrix":[0.984836638,-0.0368464366,-0.16952619,-0.0152379582,0.955035627,-0.296099126,0.172813743,0.294192493,0.939992666],"scale":[1.29423833,1.29423833,1.29423833],"shapeName":"/levels/johnson_valley/art/shapes/rocks/s_rocks_desert_collection_03.dae","useInstanceRenderData":true}
{"class":"TSStatic","persistentId":"c29f34eb-784a-4798-a940-2323c8703b9c","__parent":"trail_035_rocks","position":[-650.196777,-18.3817158,252.032867],"isRenderEnabled":false,"rotationMatrix":[0.993773282,-0.111421257,0,0.106319562,0.948270977,-0.299129218,0.0333293602,0.297266632,0.954212606],"shapeName":"/levels/johnson_valley/art/shapes/rocks/s_rocks_desert_huge_sheet_3.dae","useInstanceRenderData":true}
{"class":"TSStatic","persistentId":"e0fd8ed9-fe66-449f-ad7f-f9b344b165dd","__parent":"trail_035_rocks","position":[-643.552856,-4.81520748,244.719498],"isRenderEnabled":false,"shapeName":"/levels/johnson_valley/art/shapes/rocks/s_rocks_desert_medium_05.dae","useInstanceRenderData":true}
{"class":"TSStatic","persistentId":"ec643fd9-be22-4b27-9023-eddfb1f8314d","__parent":"trail_035_rocks","position":[-638.396912,8.23736382,242.385025],"isRenderEnabled":false,"rotationMatrix":[-0.601951599,0.794649839,0.0786485523,-0.79710567,-0.603839517,0.000279506668,0.0477132201,-0.0625229627,0.996902347],"shapeName":"/levels/johnson_valley/art/shapes/rocks/s_rocks_desert_collection_03.dae","useInstanceRenderData":true}
{"class":"TSStatic","persistentId":"d99bcafa-c46e-4fd9-b900-4d25c5684c75","__parent":"trail_035_rocks","position":[-635.928223,11.3595486,242.119827],"isRenderEnabled":false,"rotationMatrix":[0.981559634,0.0167880822,0.190417528,0,0.99613601,-0.0878239051,-0.191156149,0.0862044021,0.977766931],"shapeName":"/levels/johnson_valley/art/shapes/rocks/s_rocks_desert_collection_02.dae","useInstanceRenderData":true}
{"class":"TSStatic","persistentId":"788491ca-a06d-4f5c-be74-e929da2c47ae","__parent":"trail_035_rocks","position":[-631.547241,3.08556747,245.728256],"isRenderEnabled":false,"rotationMatrix":[0.569505036,0.819614828,0.0624138564,-0.647144854,0.493889809,-0.580754876,-0.506820917,0.290351987,0.811682343],"shapeName":"/levels/johnson_valley/art/shapes/rocks/s_rocks_desert_low_small.dae","useInstanceRenderData":true}
{"class":"TSStatic","persistentId":"01a58431-7fae-403b-ac47-9d897c5787a6","__parent":"trail_035_rocks","position":[-633.171692,-3.41602039,248.015213],"isRenderEnabled":false,"rotationMatrix":[0.673575878,0.737991214,0.0407976061,-0.504398823,0.499316573,-0.704460621,-0.540256679,0.453929424,0.708569527],"shapeName":"/levels/johnson_valley/art/shapes/rocks/s_rocks_desert_low_small.dae","useInstanceRenderData":true}
{"class":"TSStatic","persistentId":"cde3d652-6519-41e1-85dc-ffedc209d15f","__parent":"trail_035_rocks","position":[-658.662537,-4.75361061,246.077408],"isRenderEnabled":false,"rotationMatrix":[0.977036953,-0.209370673,0.0395318083,0.192863226,0.790159583,-0.58176595,0.0905682892,0.576031029,0.812394977],"shapeName":"/levels/johnson_valley/art/shapes/rocks/s_rocks_desert_low_small.dae","useInstanceRenderData":true}
{"class":"TSStatic","persistentId":"f7b48881-19c0-4c1c-a79f-a66688e57b94","__parent":"trail_035_rocks","position":[-658.926208,6.01700544,238.845764],"isRenderEnabled":false,"rotationMatrix":[1,0,0,0,0.846262574,-0.532765985,0,0.532765985,0.846262574],"shapeName":"/levels/johnson_valley/art/shapes/rocks/s_rocks_desert_low_small.dae","useInstanceRenderData":true}
{"class":"TSStatic","persistentId":"7dab411d-94b4-4afe-8a2f-63a87a1d714a","__parent":"trail_035_rocks","position":[-633.739807,13.2597103,242.236923],"isRenderEnabled":false,"rotationMatrix":[0.982068419,0.0454942621,0.182953313,-3.7252903e-09,0.970446348,-0.241316929,-0.188524917,0.236989722,0.953044713],"shapeName":"/levels/johnson_valley/art/shapes/rocks/s_rocks_desert_collection_03.dae","useInstanceRenderData":true}
{"class":"TSStatic","persistentId":"e34386e5-bc9e-4fd9-97fb-2fd5c7751ada","__parent":"trail_035_rocks","position":[-641.66803,-9.3358345,246.938568],"isRenderEnabled":false,"rotationMatrix":[0.997910559,0.0298074149,0.0573244542,9.31322575e-10,0.887225032,-0.461336911,-0.0646109506,0.460372984,0.885371208],"shapeName":"/levels/johnson_valley/art/shapes/rocks/s_rocks_desert_low_tiny.dae","useInstanceRenderData":true}
{"class":"TSStatic","persistentId":"1b3ba265-7b77-4e19-953b-9a553d94b9b2","__parent":"trail_035_rocks","position":[-642.260986,-15.4325743,250.280914],"isRenderEnabled":false,"rotationMatrix":[0.606414557,0.719335079,-0.338848531,-0.791701078,0.506577611,-0.341450512,-0.0739643127,0.475327313,0.8766945],"shapeName":"/levels/johnson_valley/art/shapes/rocks/s_rocks_desert_low_tiny.dae","useInstanceRenderData":true}
{"class":"TSStatic","persistentId":"8a7b2588-8ad3-4048-b7d2-47184216ff5a","__parent":"trail_035_rocks","position":[-643.150818,-18.4882069,251.703995],"isRenderEnabled":false,"rotationMatrix":[0.0942797661,0.905505836,-0.413727492,-0.983089626,0.150213838,0.104740515,0.156990737,0.396856308,0.904355526],"shapeName":"/levels/johnson_valley/art/shapes/rocks/s_rocks_desert_low_tiny.dae","useInstanceRenderData":true}
{"class":"TSStatic","persistentId":"154dd59e-ea3d-4e1e-bac7-9a09b829222b","__parent":"trail_035_rocks","position":[-654.300232,-21.5912685,253.657013],"isRenderEnabled":false,"rotationMatrix":[1,0,0,0,0.976426005,0.215852395,0,-0.215852395,0.976426005],"shapeName":"/levels/johnson_valley/art/shapes/rocks/s_rocks_desert_medium_03.dae","useInstanceRenderData":true}
{"class":"TSStatic","persistentId":"08b5c3e5-20c4-4a99-9ba0-6b860ee7f804","__parent":"trail_035_rocks","position":[-658.337402,-25.7004051,253.898239],"isRenderEnabled":false,"rotationMatrix":[0.0633020401,-0.150316104,-0.986609459,0.00962470472,0.988637984,-0.150007665,0.99794817,-7.4505806e-09,0.0640295148],"shapeName":"/levels/johnson_valley/art/shapes/rocks/s_rocks_desert_medium_05.dae","useInstanceRenderData":true}
{"class":"TSStatic","persistentId":"c2c2d69b-3a94-4ca4-94be-87b64d81269f","__parent":"trail_035_rocks","position":[-658.324829,-26.7895832,253.638062],"isRenderEnabled":false,"shapeName":"/levels/johnson_valley/art/shapes/rocks/s_rocks_desert_small_02.dae","useInstanceRenderData":true}
{"class":"TSStatic","persistentId":"9889718a-8427-4632-b044-58dcf0e9c912","__parent":"trail_035_rocks","position":[-643.322632,4.96907425,242.053497],"isRenderEnabled":false,"rotationMatrix":[0.851766407,0.519096851,-0.0709394813,-0.523817301,0.846457005,-0.0955300033,0.0104578957,0.118528575,0.992895544],"shapeName":"/levels/johnson_valley/art/shapes/rocks/s_rocks_desert_low_tiny.dae","useInstanceRenderData":true}
{"class":"TSStatic","persistentId":"0dfb850b-d46a-4325-bb83-b713cc00fc17","__parent":"trail_035_rocks","position":[-642.10199,7.2683115,242.189819],"isRenderEnabled":false,"rotationMatrix":[0.998099506,-0.0132534765,0.0601803996,0.00439812941,0.989428103,0.144957334,-0.0614653714,-0.144417167,0.987606049],"scale":[0.751147389,0.751147389,0.751147389],"shapeName":"/levels/johnson_valley/art/shapes/rocks/s_rocks_desert_collection_03.dae","useInstanceRenderData":true}
{"class":"TSStatic","persistentId":"9ac48ac7-034b-4cc5-98c3-30499914ecf4","__parent":"trail_035_rocks","position":[-641.521301,12.6336203,242.062729],"isRenderEnabled":false,"rotationMatrix":[0.949415624,0.00775604416,0.313926369,0.0300291739,0.992871106,-0.115348436,-0.312583059,0.118940555,0.942414403],"shapeName":"/levels/johnson_valley/art/shapes/rocks/s_rocks_desert_collection_02.dae","useInstanceRenderData":true}
{"class":"TSStatic","persistentId":"1d3510c8-ff72-461d-a28b-423cf0ba2daf","__parent":"trail_035_rocks","position":[-668.898743,25.8678055,241.317383],"isRenderEnabled":false,"rotationMatrix":[-0.0829170942,0.986057997,0.144272119,-0.957325578,-0.119033813,0.2633605,0.276861995,-0.116278283,0.953848422],"shapeName":"/levels/johnson_valley/art/shapes/rocks/s_rocks_desert_low_small.dae","useInstanceRenderData":true}
{"class":"TSStatic","persistentId":"40311b96-7072-4cde-9b23-752a01b8bd06","__parent":"trail_035_rocks","position":[-655.674133,22.6936455,236.957611],"isRenderEnabled":false,"rotationMatrix":[0.625569701,-0.738040924,-0.252899081,0.76283884,0.646588624,-7.4505806e-09,0.163521662,-0.192921251,0.96749264],"shapeName":"/levels/johnson_valley/art/shapes/rocks/s_rocks_desert_low_tiny.dae","useInstanceRenderData":true}
{"class":"TSStatic","persistentId":"6eaf0a26-c140-4e91-8a30-5a0c9c7aacc1","__parent":"trail_035_rocks","position":[-668.224121,5.25271702,241.127594],"isRenderEnabled":false,"rotationMatrix":[0.966513634,-0.249097824,-0.0616571903,0.167873859,0.795482159,-0.582259774,0.19408685,0.552411437,0.810661376],"shapeName":"/levels/johnson_valley/art/shapes/rocks/s_rocks_desert_low_small.dae","useInstanceRenderData":true}
{"class":"TSStatic","persistentId":"de5be4ee-14dd-46e7-b37d-2e08d3e910f2","__parent":"trail_035_rocks","position":[-653.657288,5.62284184,240.520767],"isRenderEnabled":false,"rotationMatrix":[0.659647703,-0.459835827,0.594487846,0.646236598,0.750871956,-0.136269674,-0.383722544,0.474069834,0.792473793],"shapeName":"/levels/johnson_valley/art/shapes/rocks/s_rocks_desert_low_tiny.dae","useInstanceRenderData":true}
{"class":"TSStatic","persistentId":"1be2dfb6-77b1-4cf1-94a5-5c219c6df243","__parent":"trail_035_rocks","position":[-651.340698,13.6645927,237.340363],"isRenderEnabled":false,"rotationMatrix":[0.879847407,0.472826004,0.048001036,-0.388905287,0.774356306,-0.499124199,-0.273168802,0.420485288,0.865199924],"shapeName":"/levels/johnson_valley/art/shapes/rocks/s_rocks_desert_low_tiny.dae","useInstanceRenderData":true}
{"class":"TSStatic","persistentId":"d9f341de-53fb-4f41-a19c-bc48fc35222d","__parent":"trail_035_rocks","position":[-653.241211,11.3567781,237.542328],"isRenderEnabled":false,"rotationMatrix":[-0.808524966,-0.546588659,-0.218010545,0.388905674,-0.774356246,0.499124348,-0.441633463,0.318768919,0.838657439],"shapeName":"/levels/johnson_valley/art/shapes/rocks/s_rocks_desert_low_tiny.dae","useInstanceRenderData":true}
{"class":"TSStatic","persistentId":"5b3ff954-2b24-49c4-bc87-7fad7071cdea","__parent":"trail_035_rocks","position":[-637.915466,17.7028542,240.345016],"isRenderEnabled":false,"shapeName":"/levels/johnson_valley/art/shapes/rocks/s_rocks_desert_large_02.dae","useInstanceRenderData":true}
{"class":"TSStatic","persistentId":"0e461f57-0bd8-4899-897f-dee30d7a380d","__parent":"trail_035_rocks","position":[-638.496704,15.8017797,242.345261],"isRenderEnabled":false,"rotationMatrix":[-0.976490378,0.215560675,0,-0.215560675,-0.976490378,0,0,0,1],"shapeName":"/levels/johnson_valley/art/shapes/rocks/s_rocks_desert_large_06.dae","useInstanceRenderData":true}
{"class":"TSStatic","persistentId":"8faadd38-78f5-4c54-9d42-fbbfa336be67","__parent":"trail_035_rocks","position":[-652.843506,27.0225754,238.141922],"isRenderEnabled":false,"rotationMatrix":[0.959972739,-0.190151095,-0.205657139,0.243153781,0.930210769,0.274925709,0.139027074,-0.313927472,0.939212978],"shapeName":"/levels/johnson_valley/art/shapes/rocks/s_rocks_desert_huge_sheet_3.dae","useInstanceRenderData":true}
{"class":"TSStatic","persistentId":"84ea98e8-943a-43e0-bbbe-c7484e96dd58","__parent":"trail_035_rocks","position":[-655.767944,-23.7789116,254.050171],"isRenderEnabled":false,"rotationMatrix":[0.198742747,-0.979639769,0.028409401,0.976275325,0.195351541,-0.093402423,0.0859509185,0.0462984517,0.995223045],"scale":[0.700000048,0.700000048,0.700000048],"shapeName":"/levels/johnson_valley/art/shapes/rocks/s_rocks_desert_low_tiny.dae","useInstanceRenderData":true}
{"class":"TSStatic","persistentId":"f6e8ca20-efba-4970-8fe1-51c403cb5550","__parent":"trail_035_rocks","position":[-650.436829,-22.8291664,253.357391],"isRenderEnabled":false,"rotationMatrix":[0.983606875,0,-0.180326119,0,1,0,0.180326119,0,0.983606875],"shapeName":"/levels/johnson_valley/art/shapes/rocks/s_rocks_desert_collection_03.dae","useInstanceRenderData":true}
{"class":"TSStatic","persistentId":"cbaa4b15-9c35-441f-b2d6-d4bfa13f0803","__parent":"trail_035_rocks","position":[-638.865845,-17.9529095,252.592789],"isRenderEnabled":false,"rotationMatrix":[0.814120173,0,0.580696344,0.127554685,0.975576878,-0.178828105,-0.566513896,0.219658121,0.794236898],"shapeName":"/levels/johnson_valley/art/shapes/rocks/s_rocks_desert_collection_02.dae","useInstanceRenderData":true}
{"class":"TSStatic","persistentId":"5a2b3249-d270-4071-b325-2d6f55c05089","__parent":"trail_035_rocks","position":[-634.707703,-18.2274055,253.790741],"isRenderEnabled":false,"shapeName":"/levels/johnson_valley/art/shapes/rocks/s_rocks_desert_large_05.dae","useInstanceRenderData":true}
{"class":"TSStatic","persistentId":"39246ae5-a3fe-43ee-92aa-c3ee72d62c2f","__parent":"trail_035_rocks","position":[-636.726562,-21.4893513,254.067062],"isRenderEnabled":false,"rotationMatrix":[0.561429322,-0.827524662,0,0.789927006,0.535921395,0.297999233,-0.246601731,-0.167305499,0.954566121],"shapeName":"/levels/johnson_valley/art/shapes/rocks/s_rocks_desert_low_tiny.dae","useInstanceRenderData":true}
{"class":"TSStatic","persistentId":"9bb5fa35-7627-4311-ad41-402d58406314","__parent":"trail_035_rocks","position":[-642.646973,-23.3417683,252.887344],"isRenderEnabled":false,"rotationMatrix":[0.175310373,0.984513164,0,-0.984513164,0.175310373,0,0,0,1],"shapeName":"/levels/johnson_valley/art/shapes/rocks/s_rocks_desert_low_tiny.dae","useInstanceRenderData":true}
{"class":"TSStatic","persistentId":"c983895b-07a0-41d0-8597-a6586169adfc","__parent":"trail_035_rocks","position":[-642.146973,-26.0691128,251.882294],"isRenderEnabled":false,"rotationMatrix":[1,0,0,0,-0.957025051,0.290004462,0,-0.290004462,-0.957025051],"shapeName":"/levels/johnson_valley/art/shapes/rocks/s_rocks_desert_large_06.dae","useInstanceRenderData":true}
{"class":"TSStatic","persistentId":"00e6b94f-c910-423c-af10-7d46adda4fc9","__parent":"trail_035_rocks","position":[-639.221436,-24.3788681,253.01593],"isRenderEnabled":false,"rotationMatrix":[1,0,0,0,0.97143358,0.237311617,0,-0.237311617,0.97143358],"scale":[0.768994093,0.768994093,0.768994093],"shapeName":"/levels/johnson_valley/art/shapes/rocks/s_rocks_desert_collection_03.dae","useInstanceRenderData":true}
{"class":"TSStatic","persistentId":"8a366ee8-ece9-4603-8da8-4a7f6a89b8dd","__parent":"trail_035_rocks","position":[-627.357605,-16.1478634,255.772522],"isRenderEnabled":false,"rotationMatrix":[-0.876788259,0.480876952,1.56689595e-07,0.480876952,0.876788139,2.85693829e-07,0,3.2584137e-07,-1.00000024],"shapeName":"/levels/johnson_valley/art/shapes/rocks/s_rocks_desert_large_06.dae","useInstanceRenderData":true}
{"class":"TSStatic","persistentId":"4df30727-a750-4d2e-87db-7fec056a6de5","__parent":"trail_035_rocks","position":[-625.798889,-15.3329983,255.917938],"isRenderEnabled":false,"rotationMatrix":[0.843025446,-0.529712141,0.0933444798,-0.526308119,-0.848176241,-0.0599727854,0.110940889,0.0014306251,-0.993825912],"shapeName":"/levels/johnson_valley/art/shapes/rocks/s_rocks_desert_large_06.dae","useInstanceRenderData":true}
{"class":"TSStatic","persistentId":"9746235c-fcc9-4902-a5b1-b64f1afd6a63","__parent":"trail_035_rocks","position":[-630.833984,-16.286808,254.996292],"isRenderEnabled":false,"rotationMatrix":[-0.973320842,0.227994576,0.0257930029,0.227931872,0.947851658,0.222765073,0.02634128,0.222700909,-0.974531054],"shapeName":"/levels/johnson_valley/art/shapes/rocks/s_rocks_desert_large_06.dae","useInstanceRenderData":true}
{"class":"TSStatic","persistentId":"ce110e9a-78e8-46c5-9a94-512719491bd7","__parent":"trail_035_rocks","position":[-628.749329,-13.8962088,256.451019],"isRenderEnabled":false,"rotationMatrix":[0.931579411,0,0.363537848,0.0690095946,0.981817424,-0.176839679,-0.356927812,0.1898278,0.914640903],"scale":[0.845117211,0.845117211,0.845117211],"shapeName":"/levels/johnson_valley/art/shapes/rocks/s_rocks_desert_collection_03.dae","useInstanceRenderData":true}
{"class":"TSStatic","persistentId":"0abb6bdf-a310-40f4-beaa-c9ef8ee7b947","__parent":"trail_035_rocks","position":[-643.082886,21.1066437,236.816803],"isRenderEnabled":false,"rotationMatrix":[0.68529284,0.72826761,0,-0.499601662,0.470120311,-0.727588475,-0.529879153,0.498611152,0.686013818],"shapeName":"/levels/johnson_valley/art/shapes/rocks/s_rocks_desert_huge_sheet_3.dae","useInstanceRenderData":true}
{"class":"TSStatic","persistentId":"2b561491-7e44-4bf7-a9ad-5c2e82e69a67","__parent":"trail_035_rocks","position":[-645.82312,17.2082443,236.724747],"isRenderEnabled":false,"rotationMatrix":[0.970557153,0.240871042,0,-0.240871042,0.970557153,0,0,0,1],"shapeName":"/levels/johnson_valley/art/shapes/rocks/s_rocks_desert_large_05.dae","useInstanceRenderData":true}
{"class":"TSStatic","persistentId":"62e7650a-119c-48ed-a1dd-c0d7a10163c2","__parent":"trail_035_rocks","position":[-652.86908,16.6907539,235.899033],"isRenderEnabled":false,"rotationMatrix":[0.761517644,-0.648144186,-4.65661287e-10,0.648103535,0.76146996,-0.0111917648,0.00725387782,0.00852272473,0.999937356],"shapeName":"/levels/johnson_valley/art/shapes/rocks/s_rocks_desert_low_small.dae","useInstanceRenderData":true}
{"class":"TSStatic","persistentId":"f6f2f8fe-e360-4012-a8f2-9401a1e36365","__parent":"trail_035_rocks","position":[-644.097046,16.961195,239.259674],"isRenderEnabled":false,"rotationMatrix":[0.811810374,0.101759478,0.574985981,0.14967747,0.915534019,-0.37335518,-0.56441164,0.389156073,0.728008926],"shapeName":"/levels/johnson_valley/art/shapes/rocks/s_rocks_desert_low_tiny.dae","useInstanceRenderData":true}
{"class":"TSStatic","persistentId":"2e7b6f62-b0bd-4b9d-9b15-f9f2abfd2310","__parent":"trail_035_rocks","position":[-646.990601,20.5865746,235.86174],"isRenderEnabled":false,"rotationMatrix":[-0.944519281,0.328425497,0.00448500738,-0.327862591,-0.943545103,0.0472111963,0.0197371673,0.0431214161,0.998874843],"shapeName":"/levels/johnson_valley/art/shapes/rocks/s_rocks_desert_low_small.dae","useInstanceRenderData":true}
{"class":"TSStatic","persistentId":"3ca33fe6-f801-4571-b7e4-7b1c0902a65d","__parent":"trail_035_rocks","position":[-639.659363,28.9517803,233.363983],"isRenderEnabled":false,"rotationMatrix":[0.694621146,-0.71937567,-1.49011612e-08,0.636583507,0.614677966,-0.465759993,0.335056484,0.32352674,0.88491106],"shapeName":"/levels/johnson_valley/art/shapes/rocks/s_rocks_desert_low_tiny.dae","useInstanceRenderData":true}
{"class":"TSStatic","persistentId":"5d33f7f7-2214-43f3-b012-bffd3f399e20","__parent":"trail_035_rocks","position":[-642.633545,28.6978416,234.869461],"isRenderEnabled":false,"rotationMatrix":[-0.985008121,-0.172506735,0,0.172506735,-0.985008121,0,0,0,1],"shapeName":"/levels/johnson_valley/art/shapes/rocks/s_rocks_desert_large_05.dae","useInstanceRenderData":true}
{"class":"TSStatic","persistentId":"e1150efb-beb4-43c7-82a9-5155cb5c2cd3","__parent":"trail_035_rocks","position":[-639.932922,25.2851086,235.458023],"isRenderEnabled":false,"rotationMatrix":[-0.773374319,-0.633949399,0,0.633949399,-0.773374319,0,0,0,1],"shapeName":"/levels/johnson_valley/art/shapes/rocks/s_rocks_desert_large_03.dae","useInstanceRenderData":true}
{"class":"TSStatic","persistentId":"dc1e680b-2242-4b6b-a0c8-4cc6d76808d0","__parent":"trail_035_rocks","position":[-647.823669,15.8497334,237.165009],"isRenderEnabled":false,"rotationMatrix":[0.988800704,0.0647849292,0.134447202,-3.7252903e-09,0.90086782,-0.434093446,-0.14924188,0.429231912,0.89077878],"shapeName":"/levels/johnson_valley/art/shapes/rocks/s_rocks_desert_low_tiny.dae","useInstanceRenderData":true}
{"class":"TSStatic","persistentId":"af3dcbc6-2a22-464e-91cb-562f31b1230a","__parent":"trail_035_rocks","position":[-645.627808,13.0287161,239.588211],"isRenderEnabled":false,"rotationMatrix":[0.287352979,0.957824767,5.96046448e-08,-0.663553536,0.199069977,-0.721157312,-0.690742373,0.207226604,0.692771316],"scale":[0.77331543,0.77331543,0.77331543],"shapeName":"/levels/johnson_valley/art/shapes/rocks/s_rocks_desert_huge_sheet_3.dae","useInstanceRenderData":true}
{"class":"TSStatic","persistentId":"d0b0e57d-8bb2-4809-b305-9ba8c0883f69","__parent":"trail_035_rocks","position":[-648.486511,8.81020641,240.342697],"isRenderEnabled":false,"rotationMatrix":[0.719588041,-0.694401205,0,0.694401205,0.719588041,0,0,0,1],"shapeName":"/levels/johnson_valley/art/shapes/rocks/s_rocks_desert_large_05.dae","useInstanceRenderData":true}
{"class":"TSStatic","persistentId":"29373632-bad4-4d6b-ad49-06158bf4fa86","__parent":"trail_035_rocks","position":[-649.853394,3.71309614,242.127014],"isRenderEnabled":false,"rotationMatrix":[0.736798525,-0.65945065,0.149173155,0.671400428,0.739635706,-0.0464800186,-0.0796824992,0.134401336,0.987718046],"shapeName":"/levels/johnson_valley/art/shapes/rocks/s_rocks_desert_low_small.dae","useInstanceRenderData":true}
{"class":"TSStatic","persistentId":"9ac98d52-26cf-4495-b4e8-fd88f482fab3","__parent":"trail_035_rocks","position":[-653.983704,2.89509344,241.128342],"isRenderEnabled":false,"rotationMatrix":[-0.980050683,0,0.198746353,0,1,0,-0.198746353,0,-0.980050683],"shapeName":"/levels/johnson_valley/art/shapes/rocks/s_rocks_desert_medium_02.dae","useInstanceRenderData":true}
{"class":"TSStatic","persistentId":"b0939051-f470-47e5-9132-6012715381e6","__parent":"trail_035_rocks","position":[-636.602661,5.72484875,242.668457],"isRenderEnabled":false,"rotationMatrix":[0.871297359,-0.412491143,0.265879452,0.444210052,0.893184841,-0.069987312,-0.208610356,0.179086104,0.961462379],"shapeName":"/levels/johnson_valley/art/shapes/rocks/s_rocks_desert_low_small.dae","useInstanceRenderData":true}
{"class":"TSStatic","persistentId":"d0e14bfa-4d2c-4168-9374-99f3f2ecc37f","__parent":"trail_035_rocks","position":[-644.443604,-2.39955044,243.66629],"isRenderEnabled":false,"rotationMatrix":[0.998755872,-0.0181774125,-0.0464363955,9.31322575e-10,0.931197524,-0.364514947,0.0498673953,0.364061415,0.930038989],"shapeName":"/levels/johnson_valley/art/shapes/rocks/s_rocks_desert_low_small.dae","useInstanceRenderData":true}
{"class":"TSStatic","persistentId":"d0abbafe-c348-4104-b761-1d9afabe7ffd","__parent":"trail_035_rocks","position":[-638.860168,-4.40022659,245.08252],"isRenderEnabled":false,"rotationMatrix":[0.937447131,-0.0680762082,0.341406584,0.192023054,0.919128716,-0.343990564,-0.290379047,0.388030887,0.874706805],"shapeName":"/levels/johnson_valley/art/shapes/rocks/s_rocks_desert_low_small.dae","useInstanceRenderData":true}
{"class":"TSStatic","persistentId":"51258157-cf64-4a98-8c9a-6dfb80039f2e","__parent":"trail_035_rocks","position":[-640.841309,2.90548015,242.438354],"isRenderEnabled":false,"rotationMatrix":[0.991550446,0.0119155115,0.12917307,-9.31322575e-10,0.995772421,-0.0918545574,-0.129721463,0.0910784304,0.98735863],"shapeName":"/levels/johnson_valley/art/shapes/rocks/s_rocks_desert_low_tiny.dae","useInstanceRenderData":true}
{"class":"TSStatic","persistentId":"aa64a76b-8053-4fed-b534-acce5f0ae04f","__parent":"trail_035_rocks","position":[-646.312927,1.28865957,242.909836],"isRenderEnabled":false,"rotationMatrix":[0.88583082,-0.464007795,-0.000694230199,0.456629932,0.872009575,-0.176318914,0.0824187323,0.155871719,0.98433286],"shapeName":"/levels/johnson_valley/art/shapes/rocks/s_rocks_desert_low_tiny.dae","useInstanceRenderData":true}
{"class":"TSStatic","persistentId":"9a4c6344-5972-4960-bb24-8f585aa5ec76","__parent":"trail_035_rocks","position":[-645.704407,-9.20160103,247.175446],"isRenderEnabled":false,"rotationMatrix":[0.994348288,-0.0505087897,-0.0933829248,1.86264515e-09,0.879582286,-0.475746781,0.106167361,0.473058015,0.87461108],"shapeName":"/levels/johnson_valley/art/shapes/rocks/s_rocks_desert_low_small.dae","useInstanceRenderData":true}
{"class":"TSStatic","persistentId":"bf17f78e-14dd-476b-ba02-ac6ee3f52310","__parent":"trail_035_rocks","position":[-651.410034,-4.68328047,245.654343],"isRenderEnabled":false,"rotationMatrix":[-0.913606286,0.392502278,-0.106140345,-0.394016534,-0.7901932,0.469410181,0.100373194,0.470677078,0.876577616],"shapeName":"/levels/johnson_valley/art/shapes/rocks/s_rocks_desert_low_small.dae","useInstanceRenderData":true}
{"class":"TSStatic","persistentId":"c3f35318-059f-490a-8c73-6ead2d5a24f3","__parent":"trail_035_rocks","position":[-648.674316,10.5183582,239.531265],"isRenderEnabled":false,"rotationMatrix":[0.967122912,-0.183930904,-0.175620794,7.4505806e-09,0.690579534,-0.723256409,0.254309326,0.699477851,0.66787529],"shapeName":"/levels/johnson_valley/art/shapes/rocks/s_rocks_desert_medium_03.dae","useInstanceRenderData":true}
{"class":"TSStatic","persistentId":"b0ea946f-a8b6-4a9f-852b-2011cd3e54b7","__parent":"trail_035_rocks","position":[-649.164795,11.6572361,238.932953],"isRenderEnabled":false,"shapeName":"/levels/johnson_valley/art/shapes/rocks/s_rocks_desert_small_02.dae","useInstanceRenderData":true}
{"class":"TSStatic","persistentId":"ddd9e585-ab94-4802-9e1f-c4e9651d03ad","__parent":"trail_035_rocks","position":[-649.680908,12.2192364,238.579468],"isRenderEnabled":false,"rotationMatrix":[-0.455646753,0.848252296,-0.269915283,-0.880949497,-0.473210454,7.4505806e-09,-0.127726704,0.237781733,0.962884068],"shapeName":"/levels/johnson_valley/art/shapes/rocks/s_rocks_desert_small_04.dae","useInstanceRenderData":true}
{"class":"TSStatic","persistentId":"1fc02edf-3a60-4048-91ca-143fb82a193d","__parent":"trail_035_rocks","position":[-652.342285,17.9604397,236.486816],"isRenderEnabled":false,"rotationMatrix":[0.875650764,0,-0.482944816,0,1,0,0.482944816,0,0.875650764],"shapeName":"/levels/johnson_valley/art/shapes/rocks/s_rocks_desert_medium_03.dae","useInstanceRenderData":true}
{"class":"TSStatic","persistentId":"0cf946b0-7593-4d4d-b384-90f422012c83","__parent":"trail_035_rocks","position":[-654.358337,12.1313219,236.550323],"isRenderEnabled":false,"rotationMatrix":[-0.0456947088,0.962672174,-0.266785145,-0.885566056,-0.162618876,-0.435118198,-0.462260485,0.216373265,0.859940648],"shapeName":"/levels/johnson_valley/art/shapes/rocks/s_rocks_desert_large_04.dae","useInstanceRenderData":true}
{"class":"TSStatic","persistentId":"61d1c381-3982-4236-9902-a9d35f71c14f","__parent":"trail_035_rocks","position":[-647.266968,11.9986868,239.046906],"isRenderEnabled":false,"rotationMatrix":[-0.0316823721,0.85887903,-0.511197627,-0.998999059,-0.0433689356,-0.0109507293,-0.0315754414,0.510339022,0.859393418],"scale":[0.823535204,0.823535204,0.823535204],"shapeName":"/levels/johnson_valley/art/shapes/rocks/s_rocks_desert_collection_03.dae","useInstanceRenderData":true}
{"class":"TSStatic","persistentId":"c27f45c0-a5be-4659-ad57-60f544f2407b","__parent":"trail_035_rocks","position":[-647.466614,11.5800228,239.573746],"isRenderEnabled":false,"rotationMatrix":[0.943920612,0.330172479,7.4505806e-09,-0.283001423,0.809064746,-0.515096545,-0.170070708,0.486210227,0.857132196],"scale":[0.764062524,0.764062524,0.764062524],"shapeName":"/levels/johnson_valley/art/shapes/rocks/s_rocks_desert_low_tiny.dae","useInstanceRenderData":true}
{"class":"TSStatic","persistentId":"235002ce-7523-4f43-a1eb-f3314045bcaa","__parent":"trail_035_rocks","position":[-674.622253,-25.0596104,255.736115],"isRenderEnabled":false,"rotationMatrix":[0.982556224,0.0659716874,-0.173870504,0.0114832837,0.911652565,0.410801291,0.185610741,-0.405631959,0.894992352],"shapeName":"/levels/johnson_valley/art/shapes/rocks/s_rocks_desert_collection_03.dae","useInstanceRenderData":true}
{"class":"TSStatic","persistentId":"66794a04-2636-4b40-94fd-a0b7969cdba2","__parent":"trail_035_rocks","position":[-678.661621,-17.3640766,256.469849],"isRenderEnabled":false,"rotationMatrix":[0.0805597901,-0.994282246,0.0700911433,0.973171473,0.0936638713,0.210152835,-0.215516254,0.0512808561,0.975152791],"shapeName":"/levels/johnson_valley/art/shapes/rocks/s_rocks_desert_collection_01.dae","useInstanceRenderData":true}
{"class":"TSStatic","persistentId":"ef52277c-74ed-4492-a314-9d98dfd68e4d","__parent":"trail_035_rocks","position":[-629.384583,-68.7107086,226.022766],"isRenderEnabled":false,"rotationMatrix":[-0.124219894,0.992254674,-5.96046448e-08,-0.858596265,-0.107487202,0.5012573,0.497374952,0.0622661412,0.865298271],"shapeName":"/levels/johnson_valley/art/shapes/rocks/s_rocks_desert_huge_sheet_3.dae","useInstanceRenderData":true}
{"class":"TSStatic","persistentId":"59a9a37c-75d6-4dbd-a6bf-88f99e8ebdad","__parent":"trail_035_rocks","position":[-626.312988,-75.824646,225.655884],"isRenderEnabled":false,"rotationMatrix":[-0.58916986,-0.572859943,0.569833279,0.701933086,-0.71217525,0.00979432464,0.40021053,0.405755341,0.821701944],"shapeName":"/levels/johnson_valley/art/shapes/rocks/s_rocks_desert_huge_sheet_2.dae","useInstanceRenderData":true}
{"class":"TSStatic","persistentId":"30dcc22c-a0f5-4f95-b08c-a129143efbc3","__parent":"trail_035_rocks","position":[-620.888855,-73.8426437,223.363281],"isRenderEnabled":false,"rotationMatrix":[0.671332479,-0.731194675,-0.121107653,0.589979947,0.626117706,-0.50980413,0.448593736,0.270796955,0.851723313],"shapeName":"/levels/johnson_valley/art/shapes/rocks/s_rocks_desert_low_small.dae","useInstanceRenderData":true}
{"class":"TSStatic","persistentId":"c86be9b9-4b6a-4ad3-a836-88b1de45637e","__parent":"trail_035_rocks","position":[-624.6922,-69.8967056,223.815277],"isRenderEnabled":false,"rotationMatrix":[-0.689902902,0.717948616,0.0926458314,-0.637847006,-0.663411498,0.391198158,0.342322558,0.210794985,0.915631294],"shapeName":"/levels/johnson_valley/art/shapes/rocks/s_rocks_desert_low_small.dae","useInstanceRenderData":true}
{"class":"TSStatic","persistentId":"07c2ffae-addc-4588-807f-7e6e353940e0","__parent":"trail_035_rocks","position":[-611.80481,-78.0847244,219.982544],"isRenderEnabled":false,"rotationMatrix":[0.67491442,-0.737666667,-0.0183928013,0.622463286,0.582543314,-0.522668779,0.396270007,0.341307849,0.85233736],"shapeName":"/levels/johnson_valley/art/shapes/rocks/s_rocks_desert_low_small.dae","useInstanceRenderData":true}
{"class":"TSStatic","persistentId":"f88307c3-2e24-4c6c-ae13-36274ba6d7c5","__parent":"trail_035_rocks","position":[-610.184631,-75.7520218,218.841537],"isRenderEnabled":false,"rotationMatrix":[0.465754747,0.813795865,-0.347575605,-0.82169646,0.54351604,0.171479389,0.328462124,0.205734327,0.921838403],"shapeName":"/levels/johnson_valley/art/shapes/rocks/s_rocks_desert_low_small.dae","useInstanceRenderData":true}
{"class":"TSStatic","persistentId":"59613b48-1f8f-417c-a943-711ffa244d19","__parent":"trail_035_rocks","position":[-611.035034,-71.9140472,218.568192],"isRenderEnabled":false,"rotationMatrix":[0.00333964825,0.999994397,-1.49011612e-08,-0.952514052,0.00318109989,0.30447787,0.304476142,-0.00101684034,0.952519417],"shapeName":"/levels/johnson_valley/art/shapes/rocks/s_rocks_desert_low_tiny.dae","useInstanceRenderData":true}
{"class":"TSStatic","persistentId":"62f90f80-bb28-4370-861f-540e7e2725ff","__parent":"trail_035_rocks","position":[-611.279907,-66.2589111,220.189072],"isRenderEnabled":false,"rotationMatrix":[1,0,0,0,0.877145588,0.48022452,0,-0.48022452,0.877145588],"shapeName":"/levels/johnson_valley/art/shapes/rocks/s_rocks_desert_low_tiny.dae","useInstanceRenderData":true}
{"class":"TSStatic","persistentId":"04ebc15b-570d-4f49-9dc2-936014e30824","__parent":"trail_035_rocks","position":[-619.177673,-64.4891281,222.610199],"isRenderEnabled":false,"rotationMatrix":[-0.411265254,0.911515534,0,-0.911515534,-0.411265254,0,0,0,1],"shapeName":"/levels/johnson_valley/art/shapes/rocks/s_rocks_desert_large_05.dae","useInstanceRenderData":true}
{"class":"TSStatic","persistentId":"0932ae71-2174-4056-b802-40b13ffd5490","__parent":"trail_035_rocks","position":[-617.169556,-64.370636,222.058762],"isRenderEnabled":false,"shapeName":"/levels/johnson_valley/art/shapes/rocks/s_rocks_desert_large_06.dae","useInstanceRenderData":true}
{"class":"TSStatic","persistentId":"40d64e53-1fda-4186-b2ca-e0ebe611cc74","__parent":"trail_035_rocks","position":[-624.558838,-56.917881,225.66951],"isRenderEnabled":false,"rotationMatrix":[0.998012424,-0.0277117863,0.0565976836,9.31322575e-10,0.89812243,0.439745426,-0.0630177855,-0.438871384,0.89633733],"shapeName":"/levels/johnson_valley/art/shapes/rocks/s_rocks_desert_collection_03.dae","useInstanceRenderData":true}
{"class":"TSStatic","persistentId":"6f5d3ac9-b135-429b-8f41-8f47e900344e","__parent":"trail_035_rocks","position":[-621.660645,-54.5139618,226.82991],"isRenderEnabled":false,"rotationMatrix":[0.992052555,-0.0748128518,0.101166859,0.0217559859,0.893914938,0.447708279,-0.123928905,-0.441949159,0.888438225],"shapeName":"/levels/johnson_valley/art/shapes/rocks/s_rocks_desert_collection_02.dae","useInstanceRenderData":true}
{"class":"TSStatic","persistentId":"51cc4695-3c8b-49bf-8010-56be82fb7d38","__parent":"trail_035_rocks","position":[-628.696838,-54.455246,226.623047],"isRenderEnabled":false,"rotationMatrix":[0.999807894,0.0112964837,-0.0160163362,-9.31322575e-10,0.817188203,0.576370955,0.0195993241,-0.576260209,0.817031205],"shapeName":"/levels/johnson_valley/art/shapes/rocks/s_rocks_desert_collection_03.dae","useInstanceRenderData":true}
{"class":"TSStatic","persistentId":"7bfde973-148a-4d5e-8e79-342235825b35","__parent":"trail_035_rocks","position":[-629.188538,-51.963913,229.079376],"isRenderEnabled":false,"rotationMatrix":[-0.143992901,0.687072277,0.712178051,-0.970872879,-0.237354159,0.032689333,0.191498399,-0.686727405,0.701237321],"scale":[1.32395029,1.32395029,1.32395029],"shapeName":"/levels/johnson_valley/art/shapes/rocks/s_rocks_desert_collection_03.dae","useInstanceRenderData":true}
{"class":"TSStatic","persistentId":"cba83569-ef30-4494-94f3-9b7421d4e577","__parent":"trail_035_rocks","position":[-624.85968,-52.6670723,228.190384],"isRenderEnabled":false,"rotationMatrix":[1,0,0,0,0.745418906,0.666596293,0,-0.666596293,0.745418906],"shapeName":"/levels/johnson_valley/art/shapes/rocks/s_rocks_desert_collection_01.dae","useInstanceRenderData":true}
