{"name":"waterfall_spashes","class":"SimGroup","persistentId":"5bbf6b0b-b605-4f12-ba63-652be091a987","__parent":"particles"}
{"name":"splash39","class":"ParticleEmitterNode","persistentId":"0fa41e4d-1ed1-4917-a2d9-ab6e04187287","__parent":"particles","position":[52.9416313,1262.32349,137.277771],"dataBlock":"lightExampleEmitterNodeData1","emitter":"BNGP_23","rotationMatrix":[0.549248338,0.831170559,-0.0864966586,-0.722155333,0.420013011,-0.549618721,-0.420497179,0.364341199,0.830925763],"scale":[1.31294918,1.31294918,1.31294918],"velocity":2}
{"name":"splash38","class":"ParticleEmitterNode","persistentId":"1766f4ef-e549-4ed2-9060-0fdfc163e3fe","__parent":"particles","position":[52.517807,1258.49927,137.095947],"dataBlock":"lightExampleEmitterNodeData1","emitter":"BNGP_23","rotationMatrix":[0.421453625,0.906684339,0.0173319951,-0.51457864,0.254841387,-0.818697035,-0.746716678,0.336124182,0.573964179],"scale":[1.31294918,1.31294918,1.31294918],"velocity":5}
{"name":"splash37","class":"ParticleEmitterNode","persistentId":"1f634183-055e-41cb-8bf8-af19dbaeb16b","__parent":"particles","position":[62.2155037,1261.91016,144.953522],"dataBlock":"lightExampleEmitterNodeData1","emitter":"BNGP_23","rotationMatrix":[0.0572332218,0.998360813,1.78697483e-08,-0.137120754,0.00786076486,-0.99052316,-0.988899589,0.0566908307,0.13734585],"scale":[1.31294918,1.31294918,1.31294918],"velocity":5}
{"name":"splash30","class":"ParticleEmitterNode","persistentId":"3a5861d5-9e0b-48be-8a9b-f68b0c39cbfc","__parent":"particles","position":[56.2179031,1233.10559,144.627731],"dataBlock":"lightExampleEmitterNodeData1","emitter":"BNGP_23","rotationMatrix":[0.0572332218,0.998360813,1.78697483e-08,0.0550045706,-0.00315323984,-0.998481095,-0.99684453,0.0571462959,-0.0550948866],"scale":[1.31294918,1.31294918,1.31294918],"velocity":5}
{"name":"splash41","class":"ParticleEmitterNode","persistentId":"4b614a78-d07b-4b7e-ad3e-7dc2da96419a","__parent":"particles","position":[49.3263893,1242.04028,137.186172],"dataBlock":"lightExampleEmitterNodeData1","emitter":"BNGP_23","rotationMatrix":[0.421453625,0.906684339,0.0173319951,-0.51457864,0.254841387,-0.818697035,-0.746716678,0.336124182,0.573964179],"scale":[1.31294918,1.31294918,1.31294918],"velocity":5}
{"name":"splash35","class":"ParticleEmitterNode","persistentId":"54c7fa2e-9852-4f5d-96f7-10743a27a49a","__parent":"particles","position":[59.7654381,1238.15869,144.659042],"dataBlock":"lightExampleEmitterNodeData1","emitter":"BNGP_23","rotationMatrix":[0.367924571,0.929694116,0.0173324123,-0.375182748,0.165481463,-0.912060142,-0.850805163,0.329066515,0.409689903],"scale":[1.31294918,1.31294918,1.31294918],"velocity":5}
{"name":"splash31","class":"ParticleEmitterNode","persistentId":"59363211-b55a-4317-8bf2-c527a6f9e401","__parent":"particles","position":[47.3855515,1226.30444,137.989349],"dataBlock":"lightExampleEmitterNodeData1","emitter":"BNGP_23","rotationMatrix":[0.367924929,0.929693997,0.0173319243,-0.528548837,0.224435017,-0.818697155,-0.765027761,0.292058349,0.57396394],"scale":[1.31294918,1.31294918,1.31294918],"velocity":5}
{"name":"splash40","class":"ParticleEmitterNode","persistentId":"74eee0c3-b1dd-418d-9869-f2d050e77041","__parent":"particles","position":[54.462204,1267.2384,137.849289],"dataBlock":"lightExampleEmitterNodeData1","emitter":"BNGP_23","rotationMatrix":[0.421453923,0.906684279,0.0173321068,-0.622751236,0.303260893,-0.721258461,-0.659209847,0.293183595,0.692449212],"scale":[1.31294918,1.31294918,1.31294918],"velocity":5}
{"name":"splash34","class":"ParticleEmitterNode","persistentId":"76155269-9725-416c-a9ee-a4ae24d3d10c","__parent":"particles","position":[49.7502136,1245.8645,137.367996],"dataBlock":"lightExampleEmitterNodeData1","emitter":"BNGP_23","rotationMatrix":[0.549248338,0.831170559,-0.0864966586,-0.722155333,0.420013011,-0.549618721,-0.420497179,0.364341199,0.830925763],"scale":[1.31294918,1.31294918,1.31294918],"velocity":2}
{"name":"splash29","class":"ParticleEmitterNode","persistentId":"77424ffb-e2f6-4637-a8be-eb22cdd80157","__parent":"particles","position":[51.2707863,1250.77942,137.939514],"dataBlock":"lightExampleEmitterNodeData1","emitter":"BNGP_23","rotationMatrix":[0.421453923,0.906684279,0.0173321068,-0.622751236,0.303260893,-0.721258461,-0.659209847,0.293183595,0.692449212],"scale":[1.31294918,1.31294918,1.31294918],"velocity":5}
{"name":"splash44","class":"ParticleEmitterNode","persistentId":"85e150c3-5b98-498c-b845-36734561d690","__parent":"particles","position":[60.5350609,1249.87854,144.419495],"dataBlock":"lightExampleEmitterNodeData1","emitter":"BNGP_23","rotationMatrix":[0.367924571,0.929694116,0.0173324123,-0.375182748,0.165481463,-0.912060142,-0.850805163,0.329066515,0.409689903],"scale":[1.31294918,1.31294918,1.31294918],"velocity":5}
{"name":"splash33","class":"ParticleEmitterNode","persistentId":"9894c684-d390-411b-81a6-507bdbc2bd52","__parent":"particles","position":[48.8176079,1235.14185,138.742691],"dataBlock":"lightExampleEmitterNodeData1","emitter":"BNGP_23","rotationMatrix":[0.367925048,0.929693937,0.0173320752,-0.639358521,0.266471475,-0.721258461,-0.675168037,0.254287571,0.692449212],"scale":[1.31294918,1.31294918,1.31294918],"velocity":5}
{"name":"splash32","class":"ParticleEmitterNode","persistentId":"99f3a712-eb22-4b58-b9af-8d1debdc7454","__parent":"particles","position":[47.5859032,1230.14685,138.171173],"dataBlock":"lightExampleEmitterNodeData1","emitter":"BNGP_23","rotationMatrix":[0.499901205,0.861752331,-0.0864966884,-0.745394468,0.377235234,-0.549618781,-0.441005647,0.339229226,0.830925763],"scale":[1.31294918,1.31294918,1.31294918],"velocity":2}
{"name":"splash42","class":"ParticleEmitterNode","persistentId":"a2fd9ef1-707f-4492-96cc-794ec6f8b8f4","__parent":"particles","position":[65.6253891,1266.98096,144.659042],"dataBlock":"lightExampleEmitterNodeData1","emitter":"BNGP_23","rotationMatrix":[0.367924571,0.929694116,0.0173324123,-0.375182748,0.165481463,-0.912060142,-0.850805163,0.329066515,0.409689903],"scale":[1.31294918,1.31294918,1.31294918],"velocity":5}
{"name":"splash36","class":"ParticleEmitterNode","persistentId":"f9759428-d3aa-400b-8290-7c83c938e12d","__parent":"particles","position":[60.222538,1252.09949,144.4729],"dataBlock":"lightExampleEmitterNodeData1","emitter":"BNGP_23","rotationMatrix":[0.0572332218,0.998360813,1.78697483e-08,0.0550045706,-0.00315323984,-0.998481095,-0.99684453,0.0571462959,-0.0550948866],"scale":[1.31294918,1.31294918,1.31294918],"velocity":5}
