{"class":"TSStatic","persistentId":"59e99943-01ab-4b20-9669-c212470732a7","__parent":"quarryRocks","position":[566.857849,-829.878967,161.57547],"isRenderEnabled":false,"rotationMatrix":[0.762605667,0.642215014,-0.0774117261,-0.366596222,0.527683139,0.766262293,0.532953918,-0.555977225,0.637847662],"scale":[3.00166011,3.00166011,3.00166011],"shapeName":"/levels/west_coast_usa/art/shapes/rocks/eca_rock_big_wide.dae","useInstanceRenderData":true}
{"class":"TSStatic","persistentId":"26d68a90-7d3a-404c-ae3c-fcc2020dfcb2","__parent":"quarryRocks","position":[583.776978,-818.973694,162.039551],"isRenderEnabled":false,"rotationMatrix":[0.96232307,0.270626754,0.0263724849,-0.100684635,0.264561057,0.959098697,0.252580583,-0.925618052,0.281841159],"scale":[3.00166011,3.00166011,3.00166011],"shapeName":"/levels/west_coast_usa/art/shapes/rocks/eca_rock_big_wide_lowc.dae","useInstanceRenderData":true}
{"class":"TSStatic","persistentId":"fab963da-e468-4219-98f5-69822e98a799","__parent":"quarryRocks","position":[606.482117,-808.855408,163.041183],"isRenderEnabled":false,"rotationMatrix":[-0.590422034,-0.800886154,-0.0999150574,0.511394262,-0.275454044,-0.814002931,0.624401689,-0.531701267,0.572202861],"scale":[3.00166011,3.00166011,3.00166011],"shapeName":"/levels/west_coast_usa/art/shapes/rocks/eca_rock_big_wide_lowc.dae","useInstanceRenderData":true}
{"class":"TSStatic","persistentId":"3a6d67f8-6ae2-40d9-8683-026bd08a47b7","__parent":"quarryRocks","position":[616.413025,-792.658203,165.422089],"isRenderEnabled":false,"rotationMatrix":[0.572001815,0.819214582,0.041248858,-0.376813412,0.2177701,0.90032655,0.728577852,-0.530531585,0.433255911],"scale":[3.00166011,3.00166011,3.00166011],"shapeName":"/levels/west_coast_usa/art/shapes/rocks/eca_rock_big_wide_lowc.dae","useInstanceRenderData":true}
{"class":"TSStatic","persistentId":"1b8b0c0f-426f-47cb-a9ce-55a9c227229c","__parent":"quarryRocks","position":[627.49353,-785.543823,163.281219],"isRenderEnabled":false,"rotationMatrix":[-0.903002024,-0.427370548,-0.0440746993,-0.20330739,0.334679127,0.920139194,-0.378489435,0.839847922,-0.38910377],"scale":[3.00166011,3.00166011,3.00166011],"shapeName":"/levels/west_coast_usa/art/shapes/rocks/eca_rock_big_wide_lowc.dae","useInstanceRenderData":true}
{"class":"TSStatic","persistentId":"209470fe-d817-48b1-b712-4d02dfa493ee","__parent":"quarryRocks","position":[640.374634,-783.097168,164.444824],"isRenderEnabled":false,"rotationMatrix":[-0.998847485,0.0479873791,0.000122718513,0.0155974254,0.322236955,0.946530342,0.0453819782,0.945441842,-0.322613716],"scale":[3.00166011,3.00166011,3.00166011],"shapeName":"/levels/west_coast_usa/art/shapes/rocks/eca_rock_big_wide_lowc.dae","useInstanceRenderData":true}
{"class":"TSStatic","persistentId":"3c653a83-9734-44be-8c44-bc9ef0bfb57d","__parent":"quarryRocks","position":[659.054993,-788.258789,165.832413],"isRenderEnabled":false,"rotationMatrix":[0.918018937,-0.396428466,-0.00925777853,-0.18454349,-0.406454444,-0.894839764,0.350977123,0.823188305,-0.446291208],"scale":[3.00166011,3.00166011,3.00166011],"shapeName":"/levels/west_coast_usa/art/shapes/rocks/eca_rock_big_wide_lowc.dae","useInstanceRenderData":true}
{"class":"TSStatic","persistentId":"c73b3f07-5600-418f-ba78-5da1581c5948","__parent":"quarryRocks","position":[676.2677,-793.866699,164.586533],"isRenderEnabled":false,"rotationMatrix":[0.955404282,-0.28953287,-0.058080107,-0.214980811,-0.547115326,-0.808979154,0.20244956,0.785388231,-0.584960341],"scale":[3.00166011,3.00166011,3.00166011],"shapeName":"/levels/west_coast_usa/art/shapes/rocks/eca_rock_big_wide_lowc.dae","useInstanceRenderData":true}
{"class":"TSStatic","persistentId":"ac6d892c-4965-4ed8-9b87-98968dee0e57","__parent":"quarryRocks","position":[696.604309,-797.2099,162.701492],"isRenderEnabled":false,"rotationMatrix":[-0.978146076,0.106543362,0.178547233,-0.205523491,-0.625447392,-0.752712429,0.0314753503,-0.772958219,0.633675754],"scale":[3.00166011,3.00166011,3.00166011],"shapeName":"/levels/west_coast_usa/art/shapes/rocks/eca_rock_big_wide_lowc.dae","useInstanceRenderData":true}
{"class":"TSStatic","persistentId":"1df8ab3a-c3a1-4b3d-9b77-3163db3ed0a1","__parent":"quarryRocks","position":[716.659546,-798.227295,161.180527],"isRenderEnabled":false,"rotationMatrix":[-0.978150845,0.106669292,0.178443909,-0.199533716,-0.722677827,-0.661757171,0.0583683215,-0.682904065,0.728172421],"scale":[3.00166011,3.00166011,3.00166011],"shapeName":"/levels/west_coast_usa/art/shapes/rocks/eca_rock_big_wide_lowc.dae","useInstanceRenderData":true}
{"class":"TSStatic","persistentId":"1ad08606-1752-4a8e-8524-dd4686f5905f","__parent":"quarryRocks","position":[735.763428,-798.312805,160.081741],"isRenderEnabled":false,"rotationMatrix":[0.998098671,0.00833085366,-0.0610706881,0.0300973486,0.798789978,0.600856721,0.0537883043,-0.601552308,0.797020495],"scale":[3.00166011,3.00166011,3.00166011],"shapeName":"/levels/west_coast_usa/art/shapes/rocks/eca_rock_big_wide_lowc.dae","useInstanceRenderData":true}
{"class":"TSStatic","persistentId":"65046a3a-7bb7-460e-8643-9928bba67b34","__parent":"quarryRocks","position":[744.278992,-798.338562,160.719971],"isRenderEnabled":false,"rotationMatrix":[-0.990484118,-0.0774844512,0.11374481,-0.00125766546,0.831521273,0.555491507,-0.137623176,0.550062358,-0.823706031],"scale":[1.81651628,1.81651628,1.81651628],"shapeName":"/levels/west_coast_usa/art/shapes/rocks/eca_rock_big_wide_lowc.dae","useInstanceRenderData":true}
{"class":"TSStatic","persistentId":"a25fddf2-6461-492c-b9c6-3b65fa4a470a","__parent":"quarryRocks","position":[592.926331,-816.191345,161.645065],"isRenderEnabled":false,"rotationMatrix":[0.06668365,-0.393185526,-0.917037725,0.971776247,0.23402977,-0.0296777189,0.226282865,-0.889176607,0.397694468],"scale":[3.42119145,3.42119145,3.42119145],"shapeName":"/levels/west_coast_usa/art/shapes/rocks/eca_rock_big_wide_lowc.dae","useInstanceRenderData":true}
{"class":"TSStatic","persistentId":"6d5cd4b8-b5a4-47b7-9792-0b399d64165b","__parent":"quarryRocks","position":[553.547791,-838.410706,162.969833],"isRenderEnabled":false,"rotationMatrix":[0.980104625,0.00914095342,-0.198270857,0.0910960361,0.866794825,0.490273744,0.176341712,-0.49858126,0.848716915],"scale":[3.00166011,3.00166011,3.00166011],"shapeName":"/levels/west_coast_usa/art/shapes/rocks/eca_rock_big_wide.dae","useInstanceRenderData":true}
{"class":"TSStatic","persistentId":"bf25442a-b732-43c3-a10a-1eaad81ad16f","__parent":"quarryRocks","position":[541.256287,-835.115845,166.913269],"isRenderEnabled":false,"rotationMatrix":[0.989232898,-0.13271217,-0.0616907924,0.146183029,0.875908077,0.459799558,-0.00698552281,-0.463866979,0.885877371],"scale":[2.01489353,2.01489353,2.01489353],"shapeName":"/levels/west_coast_usa/art/shapes/rocks/eca_rock_big_wide.dae","useInstanceRenderData":true}
{"class":"TSStatic","persistentId":"9b89ec63-c0e4-420a-ae10-59cfeed94d1f","__parent":"quarryRocks","position":[576.170227,-821.280457,164.313583],"isRenderEnabled":false,"rotationMatrix":[0.814911604,0.57810384,-0.0414114892,-0.208318651,0.358828247,0.909860075,0.540853262,-0.732828796,0.412843168],"scale":[3.06279302,3.06279302,3.06279302],"shapeName":"/levels/west_coast_usa/art/shapes/rocks/eca_rock_big_wide_lowc.dae","useInstanceRenderData":true}
{"class":"TSStatic","persistentId":"4bf708d0-7790-422a-94c4-eab4579af4e2","__parent":"quarryRocks","position":[582.995483,-818.608826,164.376511],"isRenderEnabled":false,"rotationMatrix":[0.905486405,0.412752956,0.0986377299,0.194193572,-0.196334243,-0.961115122,-0.377337068,0.889431477,-0.257931948],"scale":[3.06279302,3.06279302,3.06279302],"shapeName":"/levels/west_coast_usa/art/shapes/rocks/eca_rock_big_wide_lowc.dae","useInstanceRenderData":true}
{"class":"TSStatic","persistentId":"b32bbc2d-8c8f-471a-9ae2-c5ab45cea420","__parent":"quarryRocks","position":[626.157349,-783.408691,170.528168],"isRenderEnabled":false,"rotationMatrix":[-0.882417679,-0.469276786,-0.0334472507,-0.133464202,0.181521535,0.974288166,-0.45113939,0.864192903,-0.222809672],"scale":[2.12695312,2.12695312,2.12695312],"shapeName":"/levels/west_coast_usa/art/shapes/rocks/eca_rock_big_wide_lowc.dae","useInstanceRenderData":true}
{"class":"TSStatic","persistentId":"837ddf25-bd97-4316-875a-1093bc3974d9","__parent":"quarryRocks","position":[636.053162,-780.816528,170.757889],"isRenderEnabled":false,"rotationMatrix":[-0.996073484,-0.0884729177,0.00310330838,-0.0141330026,0.193526447,0.980993152,-0.0873919129,0.977097631,-0.194016695],"scale":[2.12695312,2.12695312,2.12695312],"shapeName":"/levels/west_coast_usa/art/shapes/rocks/eca_rock_big_wide_lowc.dae","useInstanceRenderData":true}
{"class":"TSStatic","persistentId":"85deb17a-7d77-43d6-8eb1-636beb07a90e","__parent":"quarryRocks","position":[617.511475,-789.794739,170.141342],"isRenderEnabled":false,"rotationMatrix":[0.702010155,0.700886965,0.126250535,0.337729335,-0.171564937,-0.925475121,-0.626993299,0.692331433,-0.357150435],"scale":[2.12695312,2.12695312,2.12695312],"shapeName":"/levels/west_coast_usa/art/shapes/rocks/eca_rock_big_wide_lowc.dae","useInstanceRenderData":true}
{"class":"TSStatic","persistentId":"87728f64-a90d-4cb5-b727-f177d769c9f8","__parent":"quarryRocks","position":[582.224304,-837.91217,148.916992],"isRenderEnabled":false,"rotationMatrix":[0.677761793,0.734724641,-0.0286117494,-0.36123848,0.366620004,0.857377648,0.640426159,-0.570762038,0.513891935],"scale":[1.58652329,1.58652329,1.58652329],"shapeName":"/levels/west_coast_usa/art/shapes/rocks/eca_rock_big_wide_lowc.dae","useInstanceRenderData":true}
{"class":"TSStatic","persistentId":"c213703c-31fc-48d8-aae8-bad42f8d17cb","__parent":"quarryRocks","position":[589.361511,-833.220337,147.916855],"isRenderEnabled":false,"rotationMatrix":[0.91133672,0.408497393,-0.0509430468,-0.138535976,0.420865536,0.896481872,0.387650728,-0.809939384,0.440141857],"scale":[1.58652329,1.58652329,1.58652329],"shapeName":"/levels/west_coast_usa/art/shapes/rocks/eca_rock_big_wide_lowc.dae","useInstanceRenderData":true}
{"class":"TSStatic","persistentId":"b4dc6344-5a71-4e14-9797-6dfb7923f2a5","__parent":"quarryRocks","position":[595.936279,-831.115723,147.674408],"isRenderEnabled":false,"rotationMatrix":[0.997906625,-0.0241654012,-0.0599871539,0.0644717962,0.444598258,0.893406928,0.00508065894,-0.89540416,0.445225537],"scale":[1.58652329,1.58652329,1.58652329],"shapeName":"/levels/west_coast_usa/art/shapes/rocks/eca_rock_big_wide_lowc.dae","useInstanceRenderData":true}
{"class":"TSStatic","persistentId":"a1718b71-ce9d-4ca3-a398-9e0415f1a8fc","__parent":"quarryRocks","position":[604.224976,-832.349792,147.049301],"isRenderEnabled":false,"rotationMatrix":[-0.931943178,0.346045792,0.10832607,-0.273961544,-0.476254463,-0.835539937,-0.237544298,-0.808352828,0.538645089],"scale":[1.58652329,1.58652329,1.58652329],"shapeName":"/levels/west_coast_usa/art/shapes/rocks/eca_rock_big_wide_lowc.dae","useInstanceRenderData":true}
{"class":"TSStatic","persistentId":"5d2c7cc5-2f6a-4021-bc96-b6e1432878dd","__parent":"quarryRocks","position":[611.033386,-838.217712,145.857162],"isRenderEnabled":false,"rotationMatrix":[-0.625393271,0.768728971,0.133937776,-0.525233388,-0.287769675,-0.800823689,-0.577073097,-0.571178198,0.583731174],"scale":[1.58652329,1.58652329,1.58652329],"shapeName":"/levels/west_coast_usa/art/shapes/rocks/eca_rock_big_wide_lowc.dae","useInstanceRenderData":true}
{"class":"TSStatic","persistentId":"fabbe066-8161-45e5-b61a-0ce7a1a00619","__parent":"quarryRocks","position":[613.353333,-845.716797,145.119003],"isRenderEnabled":false,"rotationMatrix":[0.0308305025,-0.996800303,-0.0737475455,0.662687302,-0.0348498821,0.748084903,-0.748261333,-0.0719353855,0.659492433],"scale":[1.58652329,1.58652329,1.58652329],"shapeName":"/levels/west_coast_usa/art/shapes/rocks/eca_rock_big_wide_lowc.dae","useInstanceRenderData":true}
{"class":"TSStatic","persistentId":"ef380e8d-7bd1-4871-9215-8b114a8a7cd4","__parent":"quarryRocks","position":[611.497864,-852.85321,144.965363],"isRenderEnabled":false,"rotationMatrix":[0.566467762,0.800724804,0.194818184,-0.508972108,0.525873005,-0.681472659,-0.648121655,0.286875337,0.705436707],"scale":[1.58652329,1.58652329,1.58652329],"shapeName":"/levels/west_coast_usa/art/shapes/rocks/eca_rock_big_wide_lowc.dae","useInstanceRenderData":true}
{"class":"TSStatic","persistentId":"a959184e-706d-4309-abd9-477bc0c98126","__parent":"quarryRocks","position":[605.991394,-856.595337,144.923935],"isRenderEnabled":false,"rotationMatrix":[0.980162203,0.172905937,0.096879378,0.0880075544,-0.817664742,0.568928063,0.177585885,-0.549115717,-0.816661119],"scale":[1.58652329,1.58652329,1.58652329],"shapeName":"/levels/west_coast_usa/art/shapes/rocks/eca_rock_big_wide_lowc.dae","useInstanceRenderData":true}
{"class":"TSStatic","persistentId":"a97cd9bb-1e4f-41b0-907d-7f86d769a50c","__parent":"quarryRocks","position":[599.76886,-854.987732,143.625519],"isRenderEnabled":false,"rotationMatrix":[-0.494718313,-0.661569476,0.563542187,0.853655457,-0.491459608,0.17245248,0.162868917,0.566386223,0.807886362],"scale":[1.58652329,1.58652329,1.58652329],"shapeName":"/levels/west_coast_usa/art/shapes/rocks/eca_rock_big_wide_lowc.dae","useInstanceRenderData":true}
{"class":"TSStatic","persistentId":"3f99696a-021a-464d-af29-99348228f8d2","__parent":"quarryRocks","position":[578.367371,-847.762512,149.29277],"isRenderEnabled":false,"rotationMatrix":[0.143958211,0.98285687,-0.115189791,-0.530524492,0.174913406,0.829427123,0.835356295,-0.0582920015,0.54660964],"scale":[1.58652329,1.58652329,1.58652329],"shapeName":"/levels/west_coast_usa/art/shapes/rocks/eca_rock_big_wide_lowc.dae","useInstanceRenderData":true}
{"class":"TSStatic","persistentId":"774e4604-2239-4a40-9c4f-d8b5033fb1dc","__parent":"quarryRocks","position":[579.415344,-855.03833,149.862732],"isRenderEnabled":false,"rotationMatrix":[-0.37222302,0.928135395,0.0038805902,-0.447791457,-0.183243275,0.875159979,0.81297791,0.324016809,0.483818173],"scale":[1.58652329,1.58652329,1.58652329],"shapeName":"/levels/west_coast_usa/art/shapes/rocks/eca_rock_big_wide_lowc.dae","useInstanceRenderData":true}
{"class":"TSStatic","persistentId":"15980f41-532c-44c7-9c6e-10f5a89f80b0","__parent":"quarryRocks","position":[584.23645,-862.95752,149.555817],"isRenderEnabled":false,"rotationMatrix":[0.687504411,-0.726163089,-0.00499296188,-0.369738162,-0.35595572,0.858247817,-0.625005126,-0.588203013,-0.51321137],"scale":[1.58652329,1.58652329,1.58652329],"shapeName":"/levels/west_coast_usa/art/shapes/rocks/eca_rock_big_wide_lowc.dae","useInstanceRenderData":true}
{"class":"TSStatic","persistentId":"81de06ff-a0aa-43f0-8341-b156d61a8a15","__parent":"quarryRocks","position":[591.262329,-868.37616,149.180099],"isRenderEnabled":false,"rotationMatrix":[-0.891458511,0.436053067,0.123123333,0.158471674,0.554626584,-0.816869617,-0.424485981,-0.708693862,-0.563528657],"scale":[1.58652329,1.58652329,1.58652329],"shapeName":"/levels/west_coast_usa/art/shapes/rocks/eca_rock_big_wide_lowc.dae","useInstanceRenderData":true}
{"class":"TSStatic","persistentId":"f6475ae4-aed2-4068-97b0-fbd8e59b67ab","__parent":"quarryRocks","position":[601.217346,-870.565002,148.223404],"isRenderEnabled":false,"rotationMatrix":[0.99563092,-0.0778358579,-0.0515820384,-0.000982340425,-0.561110735,0.827739775,-0.0933710933,-0.824072659,-0.558735728],"scale":[1.58652329,1.58652329,1.58652329],"shapeName":"/levels/west_coast_usa/art/shapes/rocks/eca_rock_big_wide_lowc.dae","useInstanceRenderData":true}
{"class":"TSStatic","persistentId":"c66a92d2-c12f-497b-abcb-7e804e925b9c","__parent":"quarryRocks","position":[612.66748,-869.529663,148.787064],"isRenderEnabled":false,"rotationMatrix":[-0.951130152,-0.308160573,0.0197055489,-0.244585663,0.7128793,-0.65725261,0.188491672,-0.62995249,-0.753412604],"scale":[1.58652329,1.58652329,1.58652329],"shapeName":"/levels/west_coast_usa/art/shapes/rocks/eca_rock_big_wide_lowc.dae","useInstanceRenderData":true}
{"class":"TSStatic","persistentId":"bc8a44e9-5684-4195-a949-52753c8e99f8","__parent":"quarryRocks","position":[619.505737,-866.487671,149.141769],"isRenderEnabled":false,"rotationMatrix":[0.738618135,0.674123824,-0.000511690974,0.577629745,-0.632500648,0.516029835,0.347544372,-0.381444573,-0.856570482],"scale":[1.58652329,1.58652329,1.58652329],"shapeName":"/levels/west_coast_usa/art/shapes/rocks/eca_rock_big_wide_lowc.dae","useInstanceRenderData":true}
{"class":"TSStatic","persistentId":"45e63172-ec0d-4a93-9032-aa9ed9e26445","__parent":"quarryRocks","position":[626.591309,-854.486572,149.799408],"isRenderEnabled":false,"rotationMatrix":[-0.253406405,-0.965342045,-0.0624450445,0.703940749,-0.228293896,0.672568917,-0.663514972,0.126475841,0.737395167],"scale":[1.58652329,1.58652329,1.58652329],"shapeName":"/levels/west_coast_usa/art/shapes/rocks/eca_rock_big_wide_lowc.dae","useInstanceRenderData":true}
{"class":"TSStatic","persistentId":"a144a219-6427-499c-9bb4-5334f0d0aa5b","__parent":"quarryRocks","position":[561.964844,-840.698242,158.06102],"isRenderEnabled":false,"rotationMatrix":[0.768990636,0.618538022,-0.161444068,-0.377875745,0.643528819,0.665643156,0.515619397,-0.450867623,0.728598118],"scale":[3.00166011,3.00166011,3.00166011],"shapeName":"/levels/west_coast_usa/art/shapes/rocks/eca_rock_big_wide.dae","useInstanceRenderData":true}
{"class":"TSStatic","persistentId":"aeb38ef1-0886-48f2-828d-c5f42b364f36","__parent":"quarryRocks","position":[551.509277,-835.734009,165.629013],"isRenderEnabled":false,"rotationMatrix":[0.224576294,-0.82110101,-0.524746478,-0.970136702,-0.239044666,-0.0411441028,-0.0916542858,0.518315792,-0.850264072],"scale":[2.52871084,2.52871084,2.52871084],"shapeName":"/levels/west_coast_usa/art/shapes/rocks/eca_rock_big_wide.dae","useInstanceRenderData":true}
{"class":"TSStatic","persistentId":"419250d3-d867-4f32-8f6b-8d01fd48292a","__parent":"quarryRocks","position":[609.619507,-777.708557,178.985855],"isRenderEnabled":false,"rotationMatrix":[-0.806352615,0.0583102256,0.588554144,0.390444994,0.799943805,0.455678314,-0.444239587,0.597235203,-0.667803884],"scale":[2.12695312,2.12695312,2.12695312],"shapeName":"/levels/west_coast_usa/art/shapes/rocks/eca_rock_big_wide_lowc.dae","useInstanceRenderData":true}
{"class":"TSStatic","persistentId":"1cbc0c27-2746-4a23-a5e9-310ed88e544b","__parent":"quarryRocks","position":[595.994995,-789.796021,177.488953],"isRenderEnabled":false,"rotationMatrix":[-0.646424174,-0.743600607,-0.170864791,-0.645712495,0.413881779,0.64168334,-0.406438142,0.525128841,-0.747695565],"scale":[2.12695312,2.12695312,2.12695312],"shapeName":"/levels/west_coast_usa/art/shapes/rocks/eca_rock_big_wide_lowc.dae","useInstanceRenderData":true}
{"class":"TSStatic","persistentId":"76c85a2b-d6cb-4cf4-ac2d-9bcec6916f0c","__parent":"quarryRocks","position":[584.430664,-799.540588,175.100571],"isRenderEnabled":false,"rotationMatrix":[-0.807657838,-0.568217874,-0.157537162,-0.566799521,0.674476564,0.473096013,-0.162566423,0.471391499,-0.866811872],"scale":[2.12695312,2.12695312,2.12695312],"shapeName":"/levels/west_coast_usa/art/shapes/rocks/eca_rock_big_wide_lowc.dae","useInstanceRenderData":true}
{"class":"TSStatic","persistentId":"4703ad63-c4af-4812-ac54-425c726f5a81","__parent":"quarryRocks","position":[615.283813,-771.77301,181.279404],"isRenderEnabled":false,"rotationMatrix":[0.445863247,-0.444839954,-0.776738942,-0.799986005,-0.58730638,-0.122855842,-0.40153259,0.676157176,-0.617724061],"scale":[2.32768559,2.32768559,2.32768559],"shapeName":"/levels/west_coast_usa/art/shapes/rocks/eca_rock_big_wide_lowc.dae","useInstanceRenderData":true}
{"class":"TSStatic","persistentId":"83cde749-80eb-4106-bbb1-f9878f557c26","__parent":"quarryRocks","position":[625.320496,-767.14917,181.265121],"isRenderEnabled":false,"rotationMatrix":[-0.166535378,0.635402083,0.754009545,0.962832928,0.269702077,-0.0146202147,-0.212647676,0.72355032,-0.656701088],"scale":[2.32768559,2.32768559,2.32768559],"shapeName":"/levels/west_coast_usa/art/shapes/rocks/eca_rock_big_wide_lowc.dae","useInstanceRenderData":true}
{"class":"TSStatic","persistentId":"3f907a9b-8c78-4480-9750-0337609d4a6c","__parent":"quarryRocks","position":[639.47821,-764.39386,181.431778],"isRenderEnabled":false,"rotationMatrix":[0.995600939,-0.060101293,-0.0718794093,-0.0933153853,-0.705061555,-0.702980042,-0.00842938572,0.706595063,-0.707568288],"scale":[2.32768559,2.32768559,2.32768559],"shapeName":"/levels/west_coast_usa/art/shapes/rocks/eca_rock_big_wide_lowc.dae","useInstanceRenderData":true}
{"class":"TSStatic","persistentId":"9d492ace-d959-42c6-911d-5535ad74d843","__parent":"quarryRocks","position":[651.682007,-768.075623,178.457077],"isRenderEnabled":false,"rotationMatrix":[-0.954951763,0.269601941,0.124023482,0.277964234,0.666233063,0.692003906,0.103937045,0.695304453,-0.711160183],"scale":[2.32768559,2.32768559,2.32768559],"shapeName":"/levels/west_coast_usa/art/shapes/rocks/eca_rock_big_wide_lowc.dae","useInstanceRenderData":true}
{"class":"TSStatic","persistentId":"07aea3fd-4d77-4941-a696-44a98296914e","__parent":"quarryRocks","position":[667.579224,-769.495178,178.034348],"isRenderEnabled":false,"rotationMatrix":[0.930864096,-0.299723446,-0.208944827,0.361591876,0.837718368,0.409242272,0.0523774028,-0.456501663,0.888179481],"scale":[2.32768559,2.32768559,2.32768559],"shapeName":"/levels/west_coast_usa/art/shapes/rocks/eca_rock_big_wide_lowc.dae","useInstanceRenderData":true}
{"class":"TSStatic","persistentId":"4e2f8407-689e-4d57-964d-d19f066a98d8","__parent":"quarryRocks","position":[604.987793,-783.392883,176.851257],"isRenderEnabled":false,"rotationMatrix":[-0.703996062,0.164163604,0.69097048,-0.507837176,-0.796493769,-0.328176141,0.496478975,-0.581935108,0.644096494],"scale":[2.12695312,2.12695312,2.12695312],"shapeName":"/levels/west_coast_usa/art/shapes/rocks/eca_rock_big_wide_lowc.dae","useInstanceRenderData":true}
{"class":"TSStatic","persistentId":"13d3f704-4907-44c3-bffe-782b8d8d2c6d","__parent":"quarryRocks","position":[691.462585,-772.269531,173.31073],"isRenderEnabled":false,"rotationMatrix":[0.643725276,0.762613833,0.0635442436,-0.589388072,0.441111922,0.676787794,0.488097697,-0.47311753,0.733430505],"scale":[1.36167002,1.36167002,1.36167002],"shapeName":"/levels/west_coast_usa/art/shapes/rocks/eca_rock_big_wide_lowc.dae","useInstanceRenderData":true}
{"class":"TSStatic","persistentId":"dc3de9ce-7308-4fb4-89bb-28c5bdf2c49d","__parent":"quarryRocks","position":[698.465332,-766.528381,173.1698],"isRenderEnabled":false,"rotationMatrix":[0.925680399,0.35278669,-0.136592031,-0.188985497,0.744016171,0.640877843,0.327719867,-0.567434072,0.75539273],"scale":[1.78071308,1.78071308,1.78071308],"shapeName":"/levels/west_coast_usa/art/shapes/rocks/eca_rock_big_wide_lowc.dae","useInstanceRenderData":true}
{"class":"TSStatic","persistentId":"0b1fbf33-c311-434c-9816-1124d0c7d32a","__parent":"quarryRocks","position":[707.018677,-764.720764,172.171341],"isRenderEnabled":false,"rotationMatrix":[0.997685313,0.0374692753,-0.0567456372,0.00647095311,0.778392315,0.627744853,0.0676915124,-0.626658976,0.776348114],"scale":[1.78071308,1.78071308,1.78071308],"shapeName":"/levels/west_coast_usa/art/shapes/rocks/eca_rock_big_wide_lowc.dae","useInstanceRenderData":true}
{"class":"TSStatic","persistentId":"e3791787-c86f-40f6-bb5a-9c450aad8ff1","__parent":"quarryRocks","position":[717.253418,-765.325806,170.564972],"isRenderEnabled":false,"rotationMatrix":[-0.977032304,0.115951091,0.178783461,0.20205465,0.770619333,0.604416907,-0.0676912069,0.626658738,-0.776348472],"scale":[1.64155293,1.64155293,1.64155293],"shapeName":"/levels/west_coast_usa/art/shapes/rocks/eca_rock_big_wide_lowc.dae","useInstanceRenderData":true}
{"class":"TSStatic","persistentId":"327e75c2-8a8e-496b-b9a1-c1ff9f117700","__parent":"quarryRocks","position":[726.233337,-765.935547,169.183792],"isRenderEnabled":false,"rotationMatrix":[-0.987045527,0.071385704,0.14368391,0.146368057,0.767423391,0.624209702,-0.0657067522,0.637154162,-0.767930508],"scale":[1.64155293,1.64155293,1.64155293],"shapeName":"/levels/west_coast_usa/art/shapes/rocks/eca_rock_big_wide_lowc.dae","useInstanceRenderData":true}
{"class":"TSStatic","persistentId":"32586ec3-18e6-40a3-9447-c3b66eac7c0a","__parent":"quarryRocks","position":[736.203979,-767.783569,168.474243],"isRenderEnabled":false,"rotationMatrix":[-0.890970469,0.452451319,0.0382115915,0.355578095,0.642912626,0.678400874,0.282376587,0.618022084,-0.73369813],"scale":[1.64155293,1.64155293,1.64155293],"shapeName":"/levels/west_coast_usa/art/shapes/rocks/eca_rock_big_wide_lowc.dae","useInstanceRenderData":true}
{"class":"TSStatic","persistentId":"d97c78dc-8dde-4a71-995d-f919a061875b","__parent":"quarryRocks","position":[743.475098,-772.924316,167.188614],"isRenderEnabled":false,"rotationMatrix":[-0.88668704,0.46178326,0.0233031362,0.342852384,0.622835994,0.703226626,0.310224235,0.631531179,-0.710584164],"scale":[1.64155293,1.64155293,1.64155293],"shapeName":"/levels/west_coast_usa/art/shapes/rocks/eca_rock_big_wide_lowc.dae","useInstanceRenderData":true}
{"class":"TSStatic","persistentId":"10fb4927-029f-4839-89e8-bc06087269fe","__parent":"quarryRocks","position":[752.185547,-774.327759,166.720474],"isRenderEnabled":false,"rotationMatrix":[-0.979085803,-0.183147088,0.0885884091,-0.0956449956,0.798678994,0.594107628,-0.179562777,0.573209405,-0.799492359],"scale":[1.57334006,1.57334006,1.57334006],"shapeName":"/levels/west_coast_usa/art/shapes/rocks/eca_rock_big_wide_lowc.dae","useInstanceRenderData":true}
{"class":"TSStatic","persistentId":"3db29add-03d5-4313-a9e6-da60d26d7479","__parent":"quarryRocks","position":[759.925293,-773.359314,165.542542],"isRenderEnabled":false,"rotationMatrix":[0.47223711,-0.66271472,-0.581206679,0.862988591,0.481912971,0.151691988,0.179562479,-0.573209405,0.799492478],"scale":[1.57334006,1.57334006,1.57334006],"shapeName":"/levels/west_coast_usa/art/shapes/rocks/eca_rock_big_wide_lowc.dae","useInstanceRenderData":true}
{"class":"TSStatic","persistentId":"d7cd65c1-19a7-40cc-bfe0-afb38f496447","__parent":"quarryRocks","position":[767.624634,-769.617798,165.754944],"isRenderEnabled":false,"rotationMatrix":[-0.199176669,0.774686277,0.600158334,0.96337229,0.267005861,-0.0249344409,-0.179562181,0.573209524,-0.799492717],"scale":[1.57334006,1.57334006,1.57334006],"shapeName":"/levels/west_coast_usa/art/shapes/rocks/eca_rock_big_wide_lowc.dae","useInstanceRenderData":true}
{"class":"TSStatic","persistentId":"9bcf5a62-4a65-4ade-8d19-cfba2285b3ef","__parent":"quarryRocks","position":[775.395752,-767.569519,165.156876],"isRenderEnabled":false,"rotationMatrix":[-0.0701637268,0.769523025,0.63475281,0.986152649,0.149361849,-0.0720674992,-0.150265411,0.620906711,-0.769346952],"scale":[1.57334006,1.57334006,1.57334006],"shapeName":"/levels/west_coast_usa/art/shapes/rocks/eca_rock_big_wide_lowc.dae","useInstanceRenderData":true}
{"class":"TSStatic","persistentId":"f0594483-333c-4305-adbf-1edc185a8402","__parent":"quarryRocks","position":[782.876282,-766.957397,165.259781],"isRenderEnabled":false,"rotationMatrix":[0.0700927973,-0.799928904,-0.595986962,-0.997535229,-0.0543048382,-0.0444300175,0.00317579508,0.597632349,-0.801763535],"scale":[1.57334006,1.57334006,1.57334006],"shapeName":"/levels/west_coast_usa/art/shapes/rocks/eca_rock_big_wide_lowc.dae","useInstanceRenderData":true}
{"class":"TSStatic","persistentId":"e942ed84-e2bc-4453-a10d-e1b2d7aa51ec","__parent":"quarryRocks","position":[789.315247,-766.828186,165.803833],"isRenderEnabled":false,"rotationMatrix":[-0.31525588,-0.760284185,-0.567962289,-0.936390996,0.346465826,0.0559733659,0.15422377,0.549480855,-0.821148634],"scale":[1.57334006,1.57334006,1.57334006],"shapeName":"/levels/west_coast_usa/art/shapes/rocks/eca_rock_big_wide_lowc.dae","useInstanceRenderData":true}
{"class":"TSStatic","persistentId":"6ee606f9-0e0a-4e2d-bd67-a2a19f15287f","__parent":"quarryRocks","position":[607.882263,-803.980408,168.971817],"isRenderEnabled":false,"rotationMatrix":[0.605169535,0.793105423,0.0689479709,-0.470925152,0.286808968,0.834248424,0.64187187,-0.537331104,0.547061145],"scale":[1.22011769,1.22011769,1.22011769],"shapeName":"/levels/west_coast_usa/art/shapes/rocks/eca_rock_big_wide_lowc.dae","useInstanceRenderData":true}
{"class":"TSStatic","persistentId":"e4368fa7-164f-41c7-a3f1-2579bc70ade7","__parent":"quarryRocks","position":[610.063538,-807.197693,163.252441],"isRenderEnabled":false,"rotationMatrix":[0.726008773,0.655467331,-0.208023548,-0.246803209,0.530695677,0.810833037,0.64187181,-0.537330925,0.547061205],"scale":[1.22011769,1.22011769,1.22011769],"shapeName":"/levels/west_coast_usa/art/shapes/rocks/eca_rock_big_wide_lowc.dae","useInstanceRenderData":true}
{"class":"TSStatic","persistentId":"987f7779-8e19-4b02-b974-ebd1014e3b77","__parent":"quarryRocks","position":[611.941345,-810.62323,159.012283],"isRenderEnabled":false,"rotationMatrix":[0.604262292,0.795473754,-0.0457023084,-0.572708905,0.473491132,0.669186711,0.553959966,-0.37819019,0.741687655],"scale":[1.22011769,1.22011769,1.22011769],"shapeName":"/levels/west_coast_usa/art/shapes/rocks/eca_rock_big_wide_lowc.dae","useInstanceRenderData":true}
{"class":"TSStatic","persistentId":"2f4cff03-9a56-4894-ae80-55e6325cd674","__parent":"quarryRocks","position":[604.069214,-808.928589,168.184158],"isRenderEnabled":false,"rotationMatrix":[0.596389532,0.745185018,0.298360467,-0.66225791,0.246757746,0.707478046,0.453579187,-0.619524121,0.640668333],"scale":[0.911719203,0.911719203,0.911719203],"shapeName":"/levels/west_coast_usa/art/shapes/rocks/eca_rock_big_wide_lowc.dae","useInstanceRenderData":true}
{"class":"TSStatic","persistentId":"bdfc05aa-dd6d-4c4c-9f44-99dc983bae28","__parent":"quarryRocks","position":[606.51001,-809.981018,164.593002],"isRenderEnabled":false,"rotationMatrix":[0.434181571,0.813464403,0.386990994,-0.657474756,-0.00751185417,0.753439009,0.615802944,-0.581566155,0.531570911],"scale":[0.911719203,0.911719203,0.911719203],"shapeName":"/levels/west_coast_usa/art/shapes/rocks/eca_rock_big_wide_lowc.dae","useInstanceRenderData":true}
{"class":"TSStatic","persistentId":"3667060d-718b-4eae-b8b2-4db9a374eb4d","__parent":"quarryRocks","position":[593.489319,-815.312073,167.358429],"isRenderEnabled":false,"rotationMatrix":[0.937470794,0.342633545,0.0612440482,-0.192965448,0.365181386,0.910717905,0.289677262,-0.86558944,0.408463299],"scale":[1.30518782,1.30518782,1.30518782],"shapeName":"/levels/west_coast_usa/art/shapes/rocks/eca_rock_big_wide_lowc.dae","useInstanceRenderData":true}
{"class":"TSStatic","persistentId":"62246407-6d41-4809-8c76-471e859018bb","__parent":"quarryRocks","position":[607.851685,-803.760498,166.62381],"isRenderEnabled":false,"rotationMatrix":[0.618787289,0.784723997,0.0361991823,-0.370754451,0.251108766,0.894139469,0.692562819,-0.566703141,0.446322918],"scale":[2.86098695,2.86098695,2.86098695],"shapeName":"/levels/west_coast_usa/art/shapes/rocks/eca_rock_big_wide_lowc.dae","useInstanceRenderData":true}
{"class":"TSStatic","persistentId":"a4aa7c64-4a10-4f53-935e-11c5bb150daf","__parent":"quarryRocks","position":[595.584656,-851.280823,143.226501],"isRenderEnabled":false,"rotationMatrix":[-0.773766518,-0.366669148,0.516564786,-0.454999954,0.889059842,-0.0504736602,-0.440749884,-0.27409178,-0.854759216],"scale":[1.58652329,1.58652329,1.58652329],"shapeName":"/levels/west_coast_usa/art/shapes/rocks/eca_rock_big_wide_lowc.dae","useInstanceRenderData":true}
{"class":"TSStatic","persistentId":"cbb23f9a-4a69-4900-b3e2-79d61608c45a","__parent":"quarryRocks","position":[627.859802,-846.483459,150.664856],"isRenderEnabled":false,"rotationMatrix":[-0.0716633797,-0.987192929,-0.142527223,0.672783554,-0.153335333,0.72377491,-0.736360133,-0.044021666,0.675156057],"scale":[1.58652329,1.58652329,1.58652329],"shapeName":"/levels/west_coast_usa/art/shapes/rocks/eca_rock_big_wide_lowc.dae","useInstanceRenderData":true}
{"class":"TSStatic","persistentId":"f06f8655-65e9-4072-b295-bdf9bc873ee3","__parent":"quarryRocks","position":[618.337891,-825.808838,152.854904],"isRenderEnabled":false,"rotationMatrix":[-0.704882145,0.709241271,-0.0108507276,0.441530943,0.450687051,0.775842488,0.555149794,0.542086661,-0.630833268],"scale":[1.13632798,1.13632798,1.13632798],"shapeName":"/levels/west_coast_usa/art/shapes/rocks/eca_rock_big_wide_lowc.dae","useInstanceRenderData":true}
{"class":"TSStatic","persistentId":"a67d106b-09fe-4a7e-af23-884e85e76f29","__parent":"quarryRocks","position":[621.993896,-830.746887,152.096848],"isRenderEnabled":false,"rotationMatrix":[-0.607721806,0.793852985,0.0217112005,0.394245923,0.277851224,0.875995874,0.689379454,0.54092145,-0.481829524],"scale":[1.13632798,1.13632798,1.13632798],"shapeName":"/levels/west_coast_usa/art/shapes/rocks/eca_rock_big_wide_lowc.dae","useInstanceRenderData":true}
{"class":"TSStatic","persistentId":"9f611522-d476-4626-9b3d-2bca28d0409e","__parent":"quarryRocks","position":[627.691284,-840.503906,152.370041],"isRenderEnabled":false,"rotationMatrix":[0.277777731,-0.96034348,-0.0240769684,-0.606058836,-0.155745029,-0.780022919,0.745340228,0.231264889,-0.625287056],"scale":[1.13632798,1.13632798,1.13632798],"shapeName":"/levels/west_coast_usa/art/shapes/rocks/eca_rock_big_wide_lowc.dae","useInstanceRenderData":true}
{"class":"TSStatic","persistentId":"6b454e14-a057-4d62-89f4-f608f3646827","__parent":"quarryRocks","position":[623.085815,-862.481445,149.161179],"isRenderEnabled":false,"rotationMatrix":[0.495117307,0.862845063,0.101770371,0.705188274,-0.467521429,0.533041358,0.507511973,-0.192150682,-0.839946151],"scale":[1.58652329,1.58652329,1.58652329],"shapeName":"/levels/west_coast_usa/art/shapes/rocks/eca_rock_big_wide_lowc.dae","useInstanceRenderData":true}
{"class":"TSStatic","persistentId":"2cf11989-550c-45a7-aa24-de0bd943a045","__parent":"quarryRocks","position":[601.888489,-818.260132,156.084396],"isRenderEnabled":false,"rotationMatrix":[-0.973213792,-0.210880756,-0.0915690288,0.173384488,-0.411677122,-0.894684434,0.150974855,-0.886595607,0.437212825],"scale":[1.35710454,1.35710454,1.35710454],"shapeName":"/levels/west_coast_usa/art/shapes/rocks/eca_rock_big_wide_lowc.dae","useInstanceRenderData":true}
{"class":"TSStatic","persistentId":"9af638b0-b22e-46ad-a5ea-3129c50d6c7f","__parent":"quarryRocks","position":[610.069458,-814.331787,157.277664],"isRenderEnabled":false,"rotationMatrix":[-0.589243293,-0.787218273,-0.181879073,0.622463167,-0.298794746,-0.723368168,0.515104055,-0.539452791,0.666076958],"scale":[1.35710454,1.35710454,1.35710454],"shapeName":"/levels/west_coast_usa/art/shapes/rocks/eca_rock_big_wide_lowc.dae","useInstanceRenderData":true}
{"class":"TSStatic","persistentId":"b704ed0e-3e49-44ce-9e9c-26633a5d26cb","__parent":"quarryRocks","position":[645.442627,-786.566956,160.700867],"isRenderEnabled":false,"rotationMatrix":[0.949843407,-0.291894913,-0.112226769,-0.14810209,-0.103796482,-0.983510196,0.275432825,0.950801671,-0.141820669],"scale":[1.22998023,1.22998023,1.22998023],"shapeName":"/levels/west_coast_usa/art/shapes/rocks/eca_rock_big_wide_lowc.dae","useInstanceRenderData":true}
{"class":"TSStatic","persistentId":"fac8251b-aca2-44e1-b7e2-eef43514f025","__parent":"quarryRocks","position":[646.421936,-785.12207,166.28418],"isRenderEnabled":false,"rotationMatrix":[-0.903231382,0.34718895,0.25225395,-0.360019922,-0.293088794,-0.885711014,-0.233576268,-0.890818775,0.389722526],"scale":[1.22998023,1.22998023,1.22998023],"shapeName":"/levels/west_coast_usa/art/shapes/rocks/eca_rock_big_wide_lowc.dae","useInstanceRenderData":true}
{"class":"TSStatic","persistentId":"da02bd09-ef90-4ffb-a6dc-cc9dac45569f","__parent":"quarryRocks","position":[648.395447,-782.683044,172.283417],"isRenderEnabled":false,"rotationMatrix":[0.940795243,-0.309604138,-0.138020188,-0.248881966,-0.354465723,-0.901339114,0.230134875,0.882326305,-0.410534501],"scale":[1.22998023,1.22998023,1.22998023],"shapeName":"/levels/west_coast_usa/art/shapes/rocks/eca_rock_big_wide_lowc.dae","useInstanceRenderData":true}
{"class":"TSStatic","persistentId":"6b104392-e5b7-4e7d-9338-d6fbaceb962a","__parent":"quarryRocks","position":[579.541748,-825.127075,155.721542],"isRenderEnabled":false,"rotationMatrix":[-0.125640035,0.299101174,0.94591397,0.86919409,0.492819428,-0.0403814018,-0.478242934,0.817109227,-0.321894884],"scale":[1.72060537,1.72060537,1.72060537],"shapeName":"/levels/west_coast_usa/art/shapes/rocks/eca_rock_big_narrow.dae","useInstanceRenderData":true}
{"class":"TSStatic","persistentId":"db8e878b-8d91-44a0-b6e8-1214d4dcd8f2","__parent":"quarryRocks","position":[725.385803,-801.663818,159.233551],"isRenderEnabled":false,"rotationMatrix":[-3.57627869e-07,0.82196492,0.569537938,-0.99999994,-3.57627869e-07,-1.1920929e-07,1.78813934e-07,-0.569537938,0.821965039],"scale":[1.97685552,1.97685552,1.97685552],"shapeName":"/levels/west_coast_usa/art/shapes/rocks/eca_rock_big_narrow.dae","useInstanceRenderData":true}
{"class":"TSStatic","persistentId":"39982c66-9b04-4e23-b157-b3db458f34e1","__parent":"quarryRocks","position":[515.949707,-821.658264,170.375778],"isRenderEnabled":false,"rotationMatrix":[0.8341465,0.544923365,0.0851950794,-0.530890882,0.751402617,0.391853303,0.149514169,-0.372092336,0.916074693],"scale":[1.11699224,1.11699224,1.11699224],"shapeName":"/levels/west_coast_usa/art/shapes/rocks/eca_rock_big_wide.dae","useInstanceRenderData":true}
{"class":"TSStatic","persistentId":"5773a7e3-7637-40c4-be4a-afa191ef6a4b","__parent":"quarryRocks","position":[520.971985,-819.576721,170.582169],"isRenderEnabled":false,"rotationMatrix":[0.996900976,-0.0413382985,-0.0669301376,0.0661182851,0.901289523,0.428142011,0.0426247641,-0.431240499,0.90122956],"scale":[1.11699224,1.11699224,1.11699224],"shapeName":"/levels/west_coast_usa/art/shapes/rocks/eca_rock_big_wide.dae","useInstanceRenderData":true}
{"class":"TSStatic","persistentId":"0200079a-d3d0-4d50-9138-b911454fa4cb","__parent":"quarryRocks","position":[576.079651,-807.867371,172.224243],"isRenderEnabled":false,"rotationMatrix":[0.965335071,0.24221319,-0.0972677171,-0.133087695,0.777330279,0.614853859,0.224534839,-0.580594897,0.782619774],"scale":[1.43666983,1.43666983,1.43666983],"shapeName":"/levels/west_coast_usa/art/shapes/rocks/eca_rock_big_wide_lowc.dae","useInstanceRenderData":true}
{"class":"TSStatic","persistentId":"4a87f068-0f24-46e8-a001-010687d32f39","__parent":"quarryRocks","position":[566.971863,-811.578186,171.808243],"isRenderEnabled":false,"rotationMatrix":[0.918568373,0.381452084,0.10356842,-0.383325577,0.795796871,0.468795091,0.0964034051,-0.470320791,0.877214193],"scale":[1.43666983,1.43666983,1.43666983],"shapeName":"/levels/west_coast_usa/art/shapes/rocks/eca_rock_big_wide_lowc.dae","useInstanceRenderData":true}
{"class":"TSStatic","persistentId":"edc4eeab-c2c3-4ac5-a574-6d95c6115459","__parent":"quarryRocks","position":[596.511169,-811.856995,169.055649],"isRenderEnabled":false,"rotationMatrix":[-0.556813836,-0.220234096,0.800908983,0.665638983,0.458467305,0.588839829,-0.4968732,0.860990465,-0.10868454],"scale":[2.3878417,2.3878417,2.3878417],"shapeName":"/levels/west_coast_usa/art/shapes/rocks/eca_rock_big_narrow.dae","useInstanceRenderData":true}
{"class":"TSStatic","persistentId":"bb7b5802-3d8e-4bcb-b0dd-67250c2e631c","__parent":"quarryRocks","position":[677.755066,-773.860107,176.325958],"isRenderEnabled":false,"rotationMatrix":[-0.260985255,-0.929465771,-0.260729581,0.962890744,-0.231409431,-0.138891622,0.0687597468,-0.287302792,0.955368638],"scale":[1.41584468,1.41584468,1.41584468],"shapeName":"/levels/west_coast_usa/art/shapes/rocks/eca_rock_big_narrow.dae","useInstanceRenderData":true}
{"class":"TSStatic","persistentId":"138f8c4b-adbc-4ec0-b4ad-58b80fa842a6","__parent":"quarryRocks","position":[609.357727,-852.936768,144.864288],"isRenderEnabled":false,"rotationMatrix":[0.727588236,-0.686014175,0,0.686014175,0.727588236,0,0,0,1],"shapeName":"/levels/west_coast_usa/art/shapes/rocksJV/s_rocks_desert_low_tiny_lowc.dae","useInstanceRenderData":true}
