{"class":"TSStatic","__parent":"Buildings","isRenderEnabled":false,"shapeName":"/levels/west_coast_usa/art/shapes/roads/cables.dae","useInstanceRenderData":true}
{"class":"TSStatic","__parent":"Buildings","position":[271.361694,-154.484039,143.352097],"decalType":"Visible Mesh Final","isRenderEnabled":false,"shapeName":"/levels/west_coast_usa/art/shapes/objects/driftWall.dae","useInstanceRenderData":true}
{"class":"TSStatic","persistentId":"ea42afa4-30d9-4fa0-9419-43500cddecd8","__parent":"Buildings","position":[-386.100006,184.300003,100.400002],"isRenderEnabled":false,"shapeName":"/levels/west_coast_usa/art/shapes/objects/s_precast_wall_3x3.dae","useInstanceRenderData":true}
{"class":"TSStatic","persistentId":"8e497529-fe21-4dca-b389-46b56471fced","__parent":"Buildings","position":[-386.100006,181.299988,100.400002],"isRenderEnabled":false,"shapeName":"/levels/west_coast_usa/art/shapes/objects/s_precast_wall_3x3.dae","useInstanceRenderData":true}
{"class":"TSStatic","persistentId":"00ff5cf0-d1dd-4422-affe-3eb46ad89911","__parent":"Buildings","collisionType":"Visible Mesh Final","decalType":"Visible Mesh Final","isRenderEnabled":false,"shapeName":"/levels/west_coast_usa/art/shapes/buildings/s_park_convention_center.dae","useInstanceRenderData":true}
{"name":"refinery","class":"SimGroup","persistentId":"d4829176-ce5f-428b-b4c4-b9d76668282a","__parent":"Buildings"}
{"class":"TSStatic","persistentId":"cdcc10f8-b0e4-4734-a668-68da5d11ed84","__parent":"Buildings","position":[-736.335754,125.609451,117.442345],"isRenderEnabled":false,"rotationMatrix":[0.707106948,0.70710659,-2.23517418e-08,-0.685325265,0.685325563,0.246288821,0.174152464,-0.174152508,0.969196498],"shapeName":"/levels/west_coast_usa/art/shapes/objects/s_gm_cube_4m.dae","useInstanceRenderData":true}
{"class":"TSStatic","persistentId":"4d10850b-6e0c-45f3-8e26-2eafe90975be","__parent":"Buildings","position":[-678.33728,312.643829,128.796524],"isRenderEnabled":false,"rotationMatrix":[0.70318234,0.711009502,0,-0.711009502,0.70318234,0,0,0,1],"shapeName":"/levels/west_coast_usa/art/shapes/objects/s_gm_cube_1m.dae","useInstanceRenderData":true}
{"class":"TSStatic","persistentId":"0a0f1157-029c-43c7-ac1c-6ab2358e38dd","__parent":"Buildings","position":[-678.134033,312.451019,128.636505],"isRenderEnabled":false,"rotationMatrix":[0.70318234,0.711009502,0,-0.711009502,0.70318234,0,0,0,1],"shapeName":"/levels/west_coast_usa/art/shapes/objects/s_gm_cube_1m.dae","useInstanceRenderData":true}
{"class":"TSStatic","persistentId":"0b748a59-5159-412d-a592-4c4403fba60e","__parent":"Buildings","position":[-652.806702,258.190491,123.717796],"isRenderEnabled":false,"rotationMatrix":[-0.709989071,0.704212904,0,-0.704212904,-0.709989071,0,0,0,1],"shapeName":"/levels/west_coast_usa/art/shapes/objects/screenfence1.dae","useInstanceRenderData":true}
{"class":"TSStatic","persistentId":"701315ff-1bc4-4245-bca6-9b711fc07338","__parent":"Buildings","collisionType":"None","decalType":"None","isRenderEnabled":false,"shapeName":"/levels/west_coast_usa/art/shapes/buildings/s_cables_suburb1.dae","useInstanceRenderData":true}
{"class":"TSStatic","persistentId":"9b844442-483e-4e27-90a2-9e1e1212252c","__parent":"Buildings","collisionType":"Visible Mesh Final","decalType":"Visible Mesh Final","isRenderEnabled":false,"shapeName":"/levels/west_coast_usa/art/shapes/roads/sidewalk_valleyroad2.dae","useInstanceRenderData":true}
{"class":"TSStatic","persistentId":"16226ab0-9b20-4c63-878d-24e04f188421","__parent":"Buildings","collisionType":"Visible Mesh Final","decalType":"Visible Mesh Final","isRenderEnabled":false,"shapeName":"/levels/west_coast_usa/art/shapes/roads/sidewalk_intersection_canyon.dae","useInstanceRenderData":true}
{"class":"TSStatic","persistentId":"cee3c45e-9047-4928-a026-4b891fc0c21c","__parent":"Buildings","isRenderEnabled":false,"shapeName":"/levels/west_coast_usa/art/shapes/buildings/city_park_walls_south.dae","useInstanceRenderData":true}
{"class":"TSStatic","__parent":"Buildings","position":[-853.415466,912.494202,77.2497559],"isRenderEnabled":false,"rotationMatrix":[-2.38418579e-07,-0.999999881,-2.98023224e-08,2.08616257e-07,5.96046448e-08,0.999999881,-0.999999881,3.27825546e-07,2.98023224e-07],"shapeName":"/levels/west_coast_usa/art/shapes/objects/s_concrete_noiseblocker.dae","useInstanceRenderData":true}
{"class":"TSStatic","__parent":"Buildings","position":[-830.310608,912.384155,73.25],"isRenderEnabled":false,"rotationMatrix":[1,9.87562601e-08,1.19209332e-07,-1.19209361e-07,3.57627869e-07,0.99999994,9.87562174e-08,-0.99999994,3.57627869e-07],"shapeName":"/levels/west_coast_usa/art/shapes/objects/s_concrete_noiseblocker.dae","useInstanceRenderData":true}
{"class":"TSStatic","__parent":"Buildings","position":[-853.415466,912.494202,73.25],"isRenderEnabled":false,"rotationMatrix":[-2.38418579e-07,-0.999999881,-2.98023224e-08,2.08616257e-07,5.96046448e-08,0.999999881,-0.999999881,3.27825546e-07,2.98023224e-07],"shapeName":"/levels/west_coast_usa/art/shapes/objects/s_concrete_noiseblocker.dae","useInstanceRenderData":true}
{"class":"TSStatic","__parent":"Buildings","position":[-830.310608,912.384155,77.2497559],"isRenderEnabled":false,"rotationMatrix":[1,9.87562601e-08,1.19209332e-07,-1.19209361e-07,3.57627869e-07,0.99999994,9.87562174e-08,-0.99999994,3.57627869e-07],"shapeName":"/levels/west_coast_usa/art/shapes/objects/s_concrete_noiseblocker.dae","useInstanceRenderData":true}
{"class":"TSStatic","persistentId":"a893768e-3ee2-47d2-99c6-522c5fdf37e1","__parent":"Buildings","isRenderEnabled":false,"shapeName":"/levels/west_coast_usa/art/shapes/buildings/dealership_sport_fixed_door.dae","useInstanceRenderData":true}
{"name":"bluezone_walls","class":"Prefab","persistentId":"af62a761-d8da-4737-b30b-a1a1240e7c00","__parent":"Buildings","filename":"/levels/west_coast_usa/art/prefabs/bluezone_walls.prefab"}
{"class":"TSStatic","persistentId":"0049f555-25a0-4828-8821-360f3b74bca0","__parent":"Buildings","position":[-727.134338,30.6155109,110.66655],"annotation":"BUILDINGS","isRenderEnabled":false,"rotationMatrix":[0.728062153,-0.685511112,0,0.685511112,0.728062153,0,0,0,1],"scale":[1,1,2.00213623],"shapeName":"/levels/west_coast_usa/art/shapes/objects/wall_metal1.dae","useInstanceRenderData":true}
{"class":"TSStatic","persistentId":"ebdec86d-bb42-4bce-9827-35abbf64e0f3","__parent":"Buildings","position":[-721.065552,37.2153282,107.50061],"annotation":"BUILDINGS","isRenderEnabled":false,"rotationMatrix":[0.728062153,-0.685511112,0,0.685511112,0.728062153,0,0,0,1],"scale":[1,1,2.00213623],"shapeName":"/levels/west_coast_usa/art/shapes/objects/wall_metal1.dae","useInstanceRenderData":true}
{"class":"TSStatic","persistentId":"23ad1cde-7d78-4f34-acb8-fc3c3088ceb9","__parent":"Buildings","position":[-726.717529,30.4447746,108.838867],"isRenderEnabled":false,"rotationMatrix":[0.721563995,-0.692347944,0,0.692347944,0.721563995,0,0,0,1],"scale":[1,4.41128826,3.01772499],"shapeName":"/levels/west_coast_usa/art/shapes/objects/wall_brick1.dae","useInstanceRenderData":true}
{"class":"TSStatic","persistentId":"1c3e3e52-cc14-47c2-a044-8efa1ae6eda5","__parent":"Buildings","position":[-721.658569,35.540699,108.838867],"isRenderEnabled":false,"rotationMatrix":[0.721563995,-0.692347944,0,0.692347944,0.721563995,0,0,0,1],"scale":[1,4.41128826,3.01772499],"shapeName":"/levels/west_coast_usa/art/shapes/objects/wall_brick1.dae","useInstanceRenderData":true}
{"class":"TSStatic","persistentId":"bc2de3fb-5330-40ac-b1e6-1ab233ab023c","__parent":"Buildings","position":[-721.010132,42.1435547,118.760452],"isRenderEnabled":false,"rotationMatrix":[0.672116399,-0.740445495,0,0.740445495,0.672116399,0,0,0,1],"shapeName":"/levels/west_coast_usa/art/shapes/objects/wall_wood1.dae","useInstanceRenderData":true}
{"class":"TSStatic","persistentId":"8d5df0f3-5127-461c-a863-3b25d8345cfc","__parent":"Buildings","position":[-713.560547,49.4849548,119.303734],"isRenderEnabled":false,"rotationMatrix":[0.70637995,-0.707832932,0,0.707832932,0.70637995,0,0,0,1],"shapeName":"/levels/west_coast_usa/art/shapes/objects/wall_wood1.dae","useInstanceRenderData":true}
{"class":"TSStatic","persistentId":"17633e08-731e-4dad-aa72-aa62c2394b4f","__parent":"Buildings","position":[156.583496,784.52063,102.029594],"annotation":"BUILDINGS","isRenderEnabled":false,"shapeName":"/levels/west_coast_usa/art/shapes/objects/wall_metal1.dae","useInstanceRenderData":true}
{"class":"TSStatic","persistentId":"94addfc0-f52f-455b-b13a-fca4ac23817f","__parent":"Buildings","position":[151.198975,784.656738,102.029594],"annotation":"BUILDINGS","isRenderEnabled":false,"shapeName":"/levels/west_coast_usa/art/shapes/objects/wall_metal1.dae","useInstanceRenderData":true}
{"class":"TSStatic","persistentId":"11654b7c-9511-4885-b207-cbbe52464e38","__parent":"Buildings","position":[-874.026245,239.639282,158.320847],"isRenderEnabled":false,"rotationMatrix":[0.708179951,0.706031978,0,-0.706031978,0.708179951,0,0,0,1],"shapeName":"/levels/west_coast_usa/art/shapes/objects/wall_brick1.dae","useInstanceRenderData":true}
{"class":"TSStatic","persistentId":"0d3bf48e-d856-4039-95bb-bef6719da9a9","__parent":"Buildings","position":[-914.105164,309.681305,158.023651],"annotation":"BUILDINGS","isRenderEnabled":false,"rotationMatrix":[0.715717316,-0.698390186,0,0.698390186,0.715717316,0,0,0,1],"scale":[1,1,0.641528368],"shapeName":"/levels/west_coast_usa/art/shapes/objects/wall_metal1.dae","useInstanceRenderData":true}
{"class":"TSStatic","persistentId":"5bea3754-3f38-470d-85df-7e117959c1f5","__parent":"Buildings","isRenderEnabled":false,"shapeName":"/levels/west_coast_usa/art/shapes/buildings/condo_park_fence.dae","useInstanceRenderData":true}
{"class":"TSStatic","persistentId":"9f399ccb-4f16-405f-bc22-a77d9de79b50","__parent":"Buildings","position":[659.957886,-634.52887,227.949493],"annotation":"BUILDINGS","isRenderEnabled":false,"rotationMatrix":[0.00410360098,0.999991715,0,-0.999991715,0.00410360098,0,0,0,1],"scale":[1.17521167,1,1.17521167],"shapeName":"/levels/west_coast_usa/art/shapes/objects/wall_metal1.dae","useInstanceRenderData":true}
{"class":"TSStatic","persistentId":"2586a03b-f498-4f7c-9d13-96459c48f7b2","__parent":"Buildings","decalType":"Visible Mesh Final","isRenderEnabled":false,"shapeName":"/levels/west_coast_usa/art/shapes/roads/sidewalk_brittlebush2.dae","useInstanceRenderData":true}
{"class":"TSStatic","persistentId":"04e4d7b8-bf8e-4330-b60e-1068fef5c74c","__parent":"Buildings","decalType":"None","isRenderEnabled":false,"shapeName":"/levels/west_coast_usa/art/shapes/buildings/fencing_pipeline.dae","useInstanceRenderData":true}
{"class":"TSStatic","persistentId":"cd97bb27-0346-44e0-928c-45cdc747f3b8","__parent":"Buildings","collisionType":"Visible Mesh Final","decalType":"Visible Mesh Final","isRenderEnabled":false,"shapeName":"/levels/west_coast_usa/art/shapes/roads/sidewalk_pipeline.dae","useInstanceRenderData":true}
{"class":"TSStatic","persistentId":"e6bc39e3-9729-4bc3-88ba-93dfcb34e487","__parent":"Buildings","position":[-866.555725,899.243225,74.2417374],"isRenderEnabled":false,"rotationMatrix":[0.00773807801,0.999969959,0,-0.999969959,0.00773807801,0,0,0,1],"shapeName":"/levels/west_coast_usa/art/shapes/buildings/buildingblock_concrete.dae","useInstanceRenderData":true}
{"class":"TSStatic","persistentId":"53f51c66-817b-432c-ba8e-f58e868d66b3","__parent":"Buildings","position":[-866.555725,903.25647,74.2417374],"isRenderEnabled":false,"rotationMatrix":[0.00773807801,0.999969959,0,-0.999969959,0.00773807801,0,0,0,1],"shapeName":"/levels/west_coast_usa/art/shapes/buildings/buildingblock_concrete.dae","useInstanceRenderData":true}
{"class":"TSStatic","persistentId":"c96ed875-073e-460f-96fb-8db7e5949919","__parent":"Buildings","position":[-866.555725,907.258606,74.2417374],"isRenderEnabled":false,"rotationMatrix":[0.00773807801,0.999969959,0,-0.999969959,0.00773807801,0,0,0,1],"shapeName":"/levels/west_coast_usa/art/shapes/buildings/buildingblock_concrete.dae","useInstanceRenderData":true}
{"class":"TSStatic","persistentId":"39f534ff-19a3-4834-8c4d-4909c65a8151","__parent":"Buildings","position":[-866.555725,911.250549,74.2417374],"isRenderEnabled":false,"rotationMatrix":[0.00773807801,0.999969959,0,-0.999969959,0.00773807801,0,0,0,1],"shapeName":"/levels/west_coast_usa/art/shapes/buildings/buildingblock_concrete.dae","useInstanceRenderData":true}
{"class":"TSStatic","persistentId":"23357635-8b18-488d-9160-b9823ebeb3ed","__parent":"Buildings","position":[-866.555725,915.279907,74.2417374],"isRenderEnabled":false,"rotationMatrix":[0.00773807801,0.999969959,0,-0.999969959,0.00773807801,0,0,0,1],"shapeName":"/levels/west_coast_usa/art/shapes/buildings/buildingblock_concrete.dae","useInstanceRenderData":true}
{"class":"TSStatic","persistentId":"afb255a3-e030-49d3-82d1-28d1ba913542","__parent":"Buildings","isRenderEnabled":false,"shapeName":"/levels/west_coast_usa/art/shapes/buildings/garage_industrial.dae","useInstanceRenderData":true}
{"class":"TSStatic","persistentId":"e500fd25-5991-46fb-80d7-23bca87f6ea3","__parent":"Buildings","isRenderEnabled":false,"shapeName":"/levels/west_coast_usa/art/shapes/buildings/garage_bridge.dae","useInstanceRenderData":true}
{"class":"TSStatic","persistentId":"912ab997-abf9-4118-8e44-52e361998bff","__parent":"Buildings","position":[0,-1.65206528,0],"collisionType":"Visible Mesh Final","decalType":"Visible Mesh Final","isRenderEnabled":false,"shapeName":"/levels/west_coast_usa/art/shapes/buildings/dealership_mid.dae","useInstanceRenderData":true}
{"class":"TSStatic","persistentId":"92f0365d-3283-4606-ad5c-154cbebf6de6","__parent":"Buildings","position":[-873.275085,433.423462,168.745667],"rotationMatrix":[0.735482812,0.677543342,0,-0.677543342,0.735482812,0,0,0,1],"shapeName":"/levels/west_coast_usa/art/shapes/objects/flag_usa_anim.dae","useInstanceRenderData":true}
{"class":"TSStatic","persistentId":"0dce9097-cf3a-43b2-8e03-d7dddfc35985","__parent":"Buildings","isRenderEnabled":false,"shapeName":"/levels/west_coast_usa/art/shapes/buildings/dealership_new.dae","useInstanceRenderData":true}
{"class":"TSStatic","persistentId":"e508efaa-f466-4655-8c52-f65b3a6e7baf","__parent":"Buildings","position":[-93.1810989,-20.2225361,119.766869],"annotation":"BUILDINGS","isRenderEnabled":false,"rotationMatrix":[0.628833413,-0.777540326,0,0.777540326,0.628833413,0,0,0,1],"shapeName":"/levels/west_coast_usa/art/shapes/buildings/office_mobile3.dae","useInstanceRenderData":true}
{"class":"TSStatic","persistentId":"e633ff65-4bd0-48b6-b04e-b7cb0328d8c8","__parent":"Buildings","position":[152.777252,756.453003,101.866264],"annotation":"BUILDINGS","isRenderEnabled":false,"rotationMatrix":[-0.847346246,0.531040549,0,-0.531040549,-0.847346246,0,0,0,1],"shapeName":"/levels/west_coast_usa/art/shapes/buildings/warehouse_storage.dae","useInstanceRenderData":true}
{"class":"TSStatic","persistentId":"65a8eed1-3740-431c-8bb9-9e0462394b82","__parent":"Buildings","position":[-468.137604,219.818588,145.266891],"shapeName":"/levels/west_coast_usa/art/shapes/objects/flag_usa_anim.dae","useInstanceRenderData":true}
{"class":"TSStatic","persistentId":"6ee809f8-909f-4335-99d2-3c177b06e283","__parent":"Buildings","position":[-341.66748,342.36618,119.723877],"shapeName":"/levels/west_coast_usa/art/shapes/objects/flag_usa_anim.dae","useInstanceRenderData":true}
{"class":"TSStatic","persistentId":"b76565d1-caf9-40f6-a64d-018f1a23c6f2","__parent":"Buildings","position":[-739.729309,761.619934,98.6719284],"rotationMatrix":[0.735482812,0.677543342,0,-0.677543342,0.735482812,0,0,0,1],"shapeName":"/levels/west_coast_usa/art/shapes/objects/flag_usa_anim.dae","useInstanceRenderData":true}
{"class":"TSStatic","persistentId":"1eb8c507-6311-4b77-a9b3-9e8d655d56a5","__parent":"Buildings","annotation":"OBSTACLES","isRenderEnabled":false,"shapeName":"/levels/west_coast_usa/art/shapes/buildings/gasstation_north_fencing.dae","useInstanceRenderData":true}
{"class":"TSStatic","persistentId":"1c03f711-8b89-44ca-b0b3-4e597f51b76a","__parent":"Buildings","position":[895.789612,-724.20929,173.301483],"isRenderEnabled":false,"rotationMatrix":[-0.53499794,-0.84485358,0,0.84485358,-0.53499794,0,0,0,1],"shapeName":"/levels/west_coast_usa/art/shapes/buildings/celltower.dae","useInstanceRenderData":true}
{"class":"TSStatic","persistentId":"a569fecf-b1ab-410f-8383-3f0ac6d7e796","__parent":"Buildings","position":[927.828247,-506.041534,163.140625],"isRenderEnabled":false,"rotationMatrix":[-0.977970958,0.207833081,-0.0194719564,-0.208136588,-0.977983594,0.0151083777,-0.0159032252,0.0188283734,0.999696255],"shapeName":"/levels/west_coast_usa/art/shapes/objects/gas_cylinder.dae","useInstanceRenderData":true}
{"class":"TSStatic","persistentId":"f3a9d394-8cef-4522-aedc-86c648b66dbf","__parent":"Buildings","position":[892.665344,-497.057709,163.037659],"annotation":"OBSTACLES","isRenderEnabled":false,"rotationMatrix":[-0.988714457,0.149813041,0,-0.149813041,-0.988714457,0,0,0,1],"shapeName":"/levels/west_coast_usa/art/shapes/buildings/transformer_ground.dae","useInstanceRenderData":true}
{"class":"TSStatic","persistentId":"4c737c71-6142-4a8f-a78b-91572e6ce1f0","__parent":"Buildings","decalType":"Visible Mesh Final","isRenderEnabled":false,"shapeName":"/levels/west_coast_usa/art/shapes/buildings/chinatown_corner1.dae","useInstanceRenderData":true}
{"class":"TSStatic","persistentId":"5c6be925-08a5-4da4-9e71-a6a01139f9f7","__parent":"Buildings","decalType":"Visible Mesh Final","isRenderEnabled":false,"shapeName":"/levels/west_coast_usa/art/shapes/buildings/chinatown_corner2.dae","useInstanceRenderData":true}
{"class":"TSStatic","persistentId":"63044a1c-566a-486d-b66b-0a37ba4719cd","__parent":"Buildings","decalType":"Visible Mesh Final","isRenderEnabled":false,"shapeName":"/levels/west_coast_usa/art/shapes/buildings/gasstation_north.dae","useInstanceRenderData":true}
{"class":"TSStatic","persistentId":"0c0fb3bd-5d7a-411c-b9a7-256c291099de","__parent":"Buildings","position":[127.129013,659.184509,81.5669403],"annotation":"BUILDINGS","isRenderEnabled":false,"rotationMatrix":[-0.561090767,0.827754438,0,-0.827754438,-0.561090767,0,0,0,1],"shapeName":"/levels/west_coast_usa/art/shapes/buildings/office_mobile4.dae","useInstanceRenderData":true}
{"class":"TSStatic","persistentId":"83d1ea30-d50a-44af-8981-d724c5ee10fe","__parent":"Buildings","decalType":"Visible Mesh Final","isRenderEnabled":false,"shapeName":"/levels/west_coast_usa/art/shapes/buildings/station_downtown.dae","useInstanceRenderData":true}
{"class":"TSStatic","persistentId":"e3e6ffb3-b96f-403c-bc34-cab63795694c","__parent":"Buildings","isRenderEnabled":false,"shapeName":"/levels/west_coast_usa/art/shapes/buildings/imports_fencing.dae","useInstanceRenderData":true}
{"class":"TSStatic","persistentId":"61b01fa3-daa2-4859-b85a-16ffb0d1883b","__parent":"Buildings","position":[-71.6672974,645.752502,74.6893845],"isRenderEnabled":false,"shapeName":"/levels/west_coast_usa/art/shapes/buildings/shack_electrical.dae","useInstanceRenderData":true}
{"class":"TSStatic","persistentId":"a2324739-b891-4712-9373-a606bc702381","__parent":"Buildings","position":[650.270081,-328.63092,152.691101],"isRenderEnabled":false,"rotationMatrix":[0.750429988,-0.660950005,-6.67062022e-06,0.660950005,0.750429988,7.62477111e-06,-3.37586243e-08,-1.01308033e-05,1],"shapeName":"/levels/west_coast_usa/art/shapes/objects/floodlight_portable.dae","useInstanceRenderData":true}
{"class":"TSStatic","persistentId":"bcc1d568-0629-40b4-8a57-d71f06157ae0","__parent":"Buildings","position":[-545.748413,296.80426,102.937012],"isRenderEnabled":false,"rotationMatrix":[-0.678110898,-0.734959364,0,0.734959364,-0.678110898,0,0,0,1],"shapeName":"/levels/west_coast_usa/art/shapes/buildings/guardhouse.dae","useInstanceRenderData":true}
{"class":"TSStatic","persistentId":"d4fa2233-9648-478a-b3ac-f1ef3c2739f4","__parent":"Buildings","position":[-557.89801,283.079559,104.231277],"annotation":"BUILDINGS","isRenderEnabled":false,"rotationMatrix":[-0.727696776,-0.68589896,0,0.68589896,-0.727696776,0,0,0,1],"shapeName":"/levels/west_coast_usa/art/shapes/buildings/office_mobile3.dae","useInstanceRenderData":true}
{"class":"TSStatic","persistentId":"91a2df74-c683-4457-9647-5d4a0ff03105","__parent":"Buildings","position":[6.85433006,71.8094177,119.401825],"isRenderEnabled":false,"rotationMatrix":[-0.996695399,-0.0810547024,0.00537145836,0.0810203403,-0.996692538,-0.00633299677,0.00586701045,-0.00587687036,0.999965549],"shapeName":"/levels/west_coast_usa/art/shapes/objects/floodlight_portable.dae","useInstanceRenderData":true}
{"class":"TSStatic","persistentId":"1d25da0a-6a8b-481f-a265-58966fe60451","__parent":"Buildings","position":[192.542877,-317.452087,141.956909],"isRenderEnabled":false,"rotationMatrix":[-0.728125691,-0.685443759,-6.91827563e-06,0.685443759,-0.728125691,-7.40080577e-06,3.54625627e-08,-1.01308051e-05,1],"shapeName":"/levels/west_coast_usa/art/shapes/objects/floodlight_portable.dae","useInstanceRenderData":true}
{"class":"TSStatic","persistentId":"11aea1b1-3a94-4fbd-b132-da0ae03be268","__parent":"Buildings","position":[637.499207,-307.914337,152.735992],"annotation":"BUILDINGS","isRenderEnabled":false,"rotationMatrix":[0.999735594,-0.0229950082,0,0.0229950082,0.999735594,0,0,0,1],"shapeName":"/levels/west_coast_usa/art/shapes/buildings/office_mobile3.dae","useInstanceRenderData":true}
{"class":"TSStatic","persistentId":"ff36fccf-9b4d-459c-9b29-e6e1fab7a8bd","__parent":"Buildings","position":[-3.93067837,69.1418762,119.743095],"isRenderEnabled":false,"rotationMatrix":[-0.304646611,0.952465653,0,-0.952465653,-0.304646611,0,0,0,1],"shapeName":"/levels/west_coast_usa/art/shapes/buildings/guardhouse.dae","useInstanceRenderData":true}
{"class":"TSStatic","persistentId":"f6533d31-d5fe-4991-ad1c-dba54102e432","__parent":"Buildings","position":[-281.060242,-91.6019211,119.513481],"isRenderEnabled":false,"rotationMatrix":[0.573583484,-0.819147348,0,0.819147348,0.573583484,0,0,0,1],"shapeName":"/levels/west_coast_usa/art/shapes/buildings/guardhouse.dae","useInstanceRenderData":true}
{"class":"TSStatic","persistentId":"d0b8c4c9-0a0b-42eb-ab5e-97838f25dec0","__parent":"Buildings","position":[201.467316,-300.708099,142.486572],"isRenderEnabled":false,"rotationMatrix":[-0.0853357688,-0.996352136,0,0.996352136,-0.0853357688,0,0,0,1],"shapeName":"/levels/west_coast_usa/art/shapes/buildings/guardhouse.dae","useInstanceRenderData":true}
{"class":"TSStatic","persistentId":"3f38c36e-9809-42c9-9ac9-7111bb550632","__parent":"Buildings","position":[638.022217,-315.233734,152.850861],"isRenderEnabled":false,"rotationMatrix":[-0.000243425369,-0.999999881,0,0.999999881,-0.000243425369,0,0,0,1],"shapeName":"/levels/west_coast_usa/art/shapes/buildings/guardhouse.dae","useInstanceRenderData":true}
{"class":"TSStatic","persistentId":"b8a98e5a-32e0-489d-a36d-3a310f3031ca","__parent":"Buildings","position":[-211.856552,19.0452805,122.491524],"isRenderEnabled":false,"rotationMatrix":[0.728599846,-0.684939563,0,0.684939563,0.728599846,0,0,0,1],"shapeName":"/levels/west_coast_usa/art/shapes/buildings/shack_electrical.dae","useInstanceRenderData":true}
{"class":"TSStatic","persistentId":"a981585a-e679-496e-86ac-4228c4310397","__parent":"Buildings","position":[-167.853912,-299.897278,118.744141],"annotation":"BUILDINGS","isRenderEnabled":false,"rotationMatrix":[-0.864267468,-0.503031969,-5.08109906e-06,0.503031969,-0.864267468,-8.76446757e-06,1.737817e-08,-1.01308015e-05,1],"shapeName":"/levels/west_coast_usa/art/shapes/buildings/office_mobile3.dae","useInstanceRenderData":true}
{"class":"TSStatic","persistentId":"65b57657-05c2-4daa-82f1-46e44e2de33f","__parent":"Buildings","position":[-69.7198715,-10.5953035,120.092064],"isRenderEnabled":false,"rotationMatrix":[-0.689828634,0.723972678,0,-0.723972678,-0.689828634,0,0,0,1],"shapeName":"/levels/west_coast_usa/art/shapes/buildings/shack_electrical.dae","useInstanceRenderData":true}
{"class":"TSStatic","persistentId":"f863725e-cd76-4cea-8ca8-964b8a07408c","__parent":"Buildings","position":[-432.435638,112.970047,99.4542007],"isRenderEnabled":false,"rotationMatrix":[-0.979134321,0.20321399,0,-0.20321399,-0.979134321,0,0,0,1],"shapeName":"/levels/west_coast_usa/art/shapes/buildings/shack_electrical.dae","useInstanceRenderData":true}
{"class":"TSStatic","persistentId":"eab0d2ad-43de-4846-bd1b-0a282c41038d","__parent":"Buildings","position":[359.095734,838.643921,131.866898],"isRenderEnabled":false,"rotationMatrix":[0.14388296,-0.989594579,0,0.989594579,0.14388296,0,0,0,1],"shapeName":"/levels/west_coast_usa/art/shapes/buildings/shack_electrical.dae","useInstanceRenderData":true}
{"class":"TSStatic","persistentId":"d689e7a8-ed72-427e-ae21-ae3b8edeeca9","__parent":"Buildings","position":[870.894531,729.645081,149.445526],"isRenderEnabled":false,"shapeName":"/levels/west_coast_usa/art/shapes/buildings/shack_electrical.dae","useInstanceRenderData":true}
{"class":"TSStatic","persistentId":"f7113f8a-e89e-43e9-8e9b-e93f50c32b43","__parent":"Buildings","position":[872.185669,735.879333,149.467484],"annotation":"OBSTACLES","isRenderEnabled":false,"rotationMatrix":[-1.1920929e-07,0.999999821,0,-0.999999821,-1.1920929e-07,0,0,0,1],"shapeName":"/levels/west_coast_usa/art/shapes/buildings/transformer_ground.dae","useInstanceRenderData":true}
{"class":"TSStatic","persistentId":"370041f5-d380-444c-a616-c243004a0f24","__parent":"Buildings","position":[242.616913,-772.113403,155.80658],"isRenderEnabled":false,"shapeName":"/levels/west_coast_usa/art/shapes/buildings/shack_electrical.dae","useInstanceRenderData":true}
{"class":"TSStatic","persistentId":"6496db6c-ee68-46b2-930f-8c7a3f5768f1","__parent":"Buildings","position":[243.406952,-779.695435,155.988602],"annotation":"OBSTACLES","isRenderEnabled":false,"shapeName":"/levels/west_coast_usa/art/shapes/buildings/transformer_ground.dae","useInstanceRenderData":true}
{"class":"TSStatic","persistentId":"053c37b4-d567-461a-97d9-b427e44737a7","__parent":"Buildings","position":[-795.401306,-119.978149,113.414574],"isRenderEnabled":false,"rotationMatrix":[-0.862093151,-0.506749868,0,0.506749868,-0.862093151,0,0,0,1],"shapeName":"/levels/west_coast_usa/art/shapes/buildings/shack_electrical.dae","useInstanceRenderData":true}
{"class":"TSStatic","persistentId":"3a118872-7e53-48ac-9bbc-1f402c269bfa","__parent":"Buildings","position":[-150.493515,4.78811216,126.381386],"isRenderEnabled":false,"rotationMatrix":[0.753031433,0.657984555,0,-0.657984555,0.753031433,0,0,0,1],"shapeName":"/levels/west_coast_usa/art/shapes/objects/sign_rentabox.dae","useInstanceRenderData":true}
{"class":"TSStatic","persistentId":"29663be2-638e-458b-b773-a786894920d5","__parent":"Buildings","position":[-94.4861603,73.4508133,126.144821],"isRenderEnabled":false,"rotationMatrix":[0.711842,-0.702339649,0,0.702339649,0.711842,0,0,0,1],"shapeName":"/levels/west_coast_usa/art/shapes/objects/sign_rentabox.dae","useInstanceRenderData":true}
{"class":"TSStatic","persistentId":"f2f3e7f6-7774-41c8-a5fc-24c470a78428","__parent":"Buildings","position":[-96.1035385,-17.4629498,129.310333],"isRenderEnabled":false,"rotationMatrix":[0.774858654,0.632134497,0,-0.632134497,0.774858654,0,0,0,1],"shapeName":"/levels/west_coast_usa/art/shapes/objects/sign_lemon.dae","useInstanceRenderData":true}
{"class":"TSStatic","persistentId":"7fc3b7a4-42d1-4547-8033-e2bad31cca86","__parent":"Buildings","collisionType":"Visible Mesh Final","decalType":"Visible Mesh Final","isRenderEnabled":false,"shapeName":"/levels/west_coast_usa/art/shapes/roads/sidewalk_industrial1.dae","useInstanceRenderData":true}
{"class":"TSStatic","persistentId":"56f756f0-fee0-42fc-bee1-b89d8d15c12e","__parent":"Buildings","isRenderEnabled":false,"shapeName":"/levels/west_coast_usa/art/shapes/buildings/industrial1_fencing.dae","useInstanceRenderData":true}
{"class":"TSStatic","persistentId":"da0f26d8-4109-41d8-a507-5459404f56d5","__parent":"Buildings","collisionType":"Visible Mesh Final","decalType":"Visible Mesh Final","isRenderEnabled":false,"shapeName":"/levels/west_coast_usa/art/shapes/roads/sidewalk_sports.dae","useInstanceRenderData":true}
{"class":"TSStatic","persistentId":"2bc1579c-55a8-408c-8e8c-89ff8df87ef1","__parent":"Buildings","collisionType":"Visible Mesh Final","decalType":"Visible Mesh Final","isRenderEnabled":false,"shapeName":"/levels/west_coast_usa/art/shapes/roads/sidewalk_solar.dae","useInstanceRenderData":true}
{"class":"TSStatic","persistentId":"d61a4890-90fc-47df-9fb7-5e63e52bbf73","__parent":"Buildings","position":[-16.9156456,59.5103035,119.798332],"annotation":"OBSTACLES","isRenderEnabled":false,"rotationMatrix":[0.721782804,0.692119598,0,-0.692119598,0.721782804,0,0,0,1],"shapeName":"/levels/west_coast_usa/art/shapes/buildings/transformer_ground.dae","useInstanceRenderData":true}
{"class":"TSStatic","persistentId":"8bca12b3-696f-4fb5-a6c4-f0319727ef20","__parent":"Buildings","position":[-89.5472641,-18.1167793,119.816414],"annotation":"BUILDINGS","isRenderEnabled":false,"rotationMatrix":[-0.613454938,0.789729774,0,-0.789729774,-0.613454938,0,0,0,1],"shapeName":"/levels/west_coast_usa/art/shapes/buildings/office_mobile3.dae","useInstanceRenderData":true}
{"class":"TSStatic","persistentId":"f32e98d8-ee08-4176-8600-8b312c120270","__parent":"Buildings","position":[534.884949,-107.051491,147.56221],"annotation":"BUILDINGS","isRenderEnabled":false,"rotationMatrix":[0.999551296,0.0299543515,0,-0.0299543515,0.999551296,0,0,0,1],"shapeName":"/levels/west_coast_usa/art/shapes/buildings/office_mobile4.dae","useInstanceRenderData":true}
{"class":"TSStatic","persistentId":"a86d61ca-f36b-4506-a8c6-83453c631290","__parent":"Buildings","position":[-127.882874,-40.5828743,119.880676],"isRenderEnabled":false,"rotationMatrix":[-0.579229474,0.81507355,0.0121681653,-0.815117657,-0.579291582,0.00205782382,0.0087261945,-0.00872653536,0.999923825],"shapeName":"/levels/west_coast_usa/art/shapes/buildings/shelter_industrial.dae","useInstanceRenderData":true}
{"class":"TSStatic","persistentId":"5becb29f-d11d-4e94-b554-104b6e4e94c1","__parent":"Buildings","position":[-69.0860062,-6.61370468,119.78672],"isRenderEnabled":false,"shapeName":"/levels/west_coast_usa/art/shapes/buildings/celltower.dae","useInstanceRenderData":true}
{"class":"TSStatic","persistentId":"87754be8-fa39-4287-8503-7b8f2e8e8bac","__parent":"Buildings","position":[-718.877991,-57.0029068,102.108757],"isRenderEnabled":false,"rotationMatrix":[-0.718890131,-0.695123971,0,0.695123971,-0.718890131,0,0,0,1],"shapeName":"/levels/west_coast_usa/art/shapes/buildings/house_small3.dae"}
{"class":"TSStatic","persistentId":"0f18cc25-9be8-41e2-81e3-27dbd9c70ff3","__parent":"Buildings","position":[-709.699707,-42.1271362,101.564903],"isRenderEnabled":false,"rotationMatrix":[-0.692014992,0.721882701,0,-0.721882701,-0.692014992,0,0,0,1],"shapeName":"/levels/west_coast_usa/art/shapes/buildings/house_small2.dae"}
{"class":"TSStatic","persistentId":"f5fc4114-5112-4746-9665-58193fb29423","__parent":"Buildings","position":[-577.891663,87.1796265,101.807358],"isRenderEnabled":false,"rotationMatrix":[-0.718890131,-0.695123971,0,0.695123971,-0.718890131,0,0,0,1],"shapeName":"/levels/west_coast_usa/art/shapes/buildings/house_small3.dae"}
{"class":"TSStatic","persistentId":"fbaaa282-076e-4eac-8feb-48713d129a06","__parent":"Buildings","position":[-587.596069,77.3682251,101.791481],"isRenderEnabled":false,"rotationMatrix":[-0.704946399,-0.709260643,0,0.709260643,-0.704946399,0,0,0,1],"shapeName":"/levels/west_coast_usa/art/shapes/buildings/house_small1.dae"}
{"class":"TSStatic","persistentId":"d542c472-e878-48d5-88ab-9669a796838c","__parent":"Buildings","position":[-695.729248,-31.5714874,102.025795],"isRenderEnabled":false,"rotationMatrix":[-0.75338161,-0.657583654,0,0.657583654,-0.75338161,0,0,0,1],"shapeName":"/levels/west_coast_usa/art/shapes/buildings/house_small1.dae"}
{"class":"TSStatic","persistentId":"67e08a8b-5a5f-465f-9a25-562651c9de9f","__parent":"Buildings","position":[843.136597,-948.816711,173.327148],"isRenderEnabled":false,"shapeName":"/levels/west_coast_usa/art/shapes/buildings/cabin1.dae"}
{"class":"TSStatic","persistentId":"4d73df4f-5e1d-479b-b32a-21af3038a0eb","__parent":"Buildings","position":[-555.465942,111.816689,101.148277],"isRenderEnabled":false,"rotationMatrix":[-0.683798552,-0.729671001,0,0.729671001,-0.683798552,0,0,0,1],"shapeName":"/levels/west_coast_usa/art/shapes/buildings/house_small1.dae"}
{"class":"TSStatic","persistentId":"526c7483-fe47-4e3a-9636-66419ea37f93","__parent":"Buildings","position":[-601.280457,61.4272919,102.171249],"isRenderEnabled":false,"rotationMatrix":[-0.692014992,0.721882701,0,-0.721882701,-0.692014992,0,0,0,1],"shapeName":"/levels/west_coast_usa/art/shapes/buildings/house_small2.dae"}
{"class":"TSStatic","persistentId":"2e6a447b-b8af-4788-80a9-fe1898b9e45c","__parent":"Buildings","position":[-566.165466,97.6431808,101.223076],"isRenderEnabled":false,"rotationMatrix":[-0.724291742,-0.689493775,0,0.689493775,-0.724291742,0,0,0,1],"shapeName":"/levels/west_coast_usa/art/shapes/buildings/house_small2.dae"}
{"class":"TSStatic","persistentId":"22db9978-de93-4f32-a64a-03a2fb12a40c","__parent":"Buildings","position":[-637.987976,-936.104553,164.954041],"isRenderEnabled":false,"rotationMatrix":[0.63026309,0.776382029,0,-0.776382029,0.63026309,0,0,0,1],"shapeName":"/levels/west_coast_usa/art/shapes/buildings/cabin1.dae"}
{"class":"TSStatic","persistentId":"04c5e2de-7e13-48b9-9e15-2534cc6a5b45","__parent":"Buildings","position":[-682.673401,-22.4552803,102.108757],"isRenderEnabled":false,"rotationMatrix":[-0.718890131,-0.695123971,0,0.695123971,-0.718890131,0,0,0,1],"shapeName":"/levels/west_coast_usa/art/shapes/buildings/house_small3.dae"}
{"class":"TSStatic","persistentId":"704d1ac4-9d5d-4396-baa1-b1072474ba01","__parent":"Buildings","position":[-56.4329262,2.77371168,119.63414],"isRenderEnabled":false,"rotationMatrix":[-0.73660475,-0.676323354,0,0.676323354,-0.73660475,0,0,0,1],"shapeName":"/levels/west_coast_usa/art/shapes/buildings/warehouse_storage.dae","useInstanceRenderData":true}
{"class":"TSStatic","persistentId":"426e2190-7e36-4975-9a1b-27b0d3f10200","__parent":"Buildings","position":[-233.602859,-110.764397,120.516075],"annotation":"BUILDINGS","isRenderEnabled":false,"rotationMatrix":[0.817082047,0.576518297,0.00186110602,-0.576519251,0.817083478,-1.16415322e-10,-0.00152067898,-0.00107296358,0.999998271],"shapeName":"/levels/west_coast_usa/art/shapes/objects/wall_metal1.dae","useInstanceRenderData":true}
{"class":"TSStatic","persistentId":"09173d73-1dc7-434c-8ee2-ffc6987dfc0c","__parent":"Buildings","position":[-236.068466,-112.504097,120.510468],"annotation":"BUILDINGS","isRenderEnabled":false,"rotationMatrix":[0.817082047,0.576518297,0.00186110602,-0.576519251,0.817083478,-1.16415322e-10,-0.00152067898,-0.00107296358,0.999998271],"shapeName":"/levels/west_coast_usa/art/shapes/objects/wall_metal1.dae","useInstanceRenderData":true}
{"class":"TSStatic","persistentId":"f679f5bf-07af-44c4-82a8-805b4c63f6d3","__parent":"Buildings","position":[-241.006134,-115.988113,120.499214],"annotation":"BUILDINGS","isRenderEnabled":false,"rotationMatrix":[0.817082047,0.576518297,0.00186110602,-0.576519251,0.817083478,-1.16415322e-10,-0.00152067898,-0.00107296358,0.999998271],"shapeName":"/levels/west_coast_usa/art/shapes/objects/wall_metal1.dae","useInstanceRenderData":true}
{"class":"TSStatic","persistentId":"743897e5-a80c-4b20-9b2e-d4f9470bda61","__parent":"Buildings","position":[-238.540588,-114.248383,120.504829],"annotation":"BUILDINGS","isRenderEnabled":false,"rotationMatrix":[0.817082047,0.576518297,0.00186110602,-0.576519251,0.817083478,-1.16415322e-10,-0.00152067898,-0.00107296358,0.999998271],"shapeName":"/levels/west_coast_usa/art/shapes/objects/wall_metal1.dae","useInstanceRenderData":true}
{"class":"TSStatic","persistentId":"31101821-3bd3-4228-b000-c2a7f9780e31","__parent":"Buildings","position":[-250.875763,-122.951942,120.47673],"annotation":"BUILDINGS","isRenderEnabled":false,"rotationMatrix":[0.817082047,0.576518297,0.00186110602,-0.576519251,0.817083478,-1.16415322e-10,-0.00152067898,-0.00107296358,0.999998271],"shapeName":"/levels/west_coast_usa/art/shapes/objects/wall_metal1.dae","useInstanceRenderData":true}
{"class":"TSStatic","persistentId":"23651012-76f0-4f0c-8d4b-2716122d0b90","__parent":"Buildings","position":[-248.410095,-121.212181,120.482346],"annotation":"BUILDINGS","isRenderEnabled":false,"rotationMatrix":[0.817082047,0.576518297,0.00186110602,-0.576519251,0.817083478,-1.16415322e-10,-0.00152067898,-0.00107296358,0.999998271],"shapeName":"/levels/west_coast_usa/art/shapes/objects/wall_metal1.dae","useInstanceRenderData":true}
{"class":"TSStatic","persistentId":"4fdcf3c6-355e-41bd-a2a0-3c9c07fcf34a","__parent":"Buildings","position":[-245.937958,-119.467888,120.487984],"annotation":"BUILDINGS","isRenderEnabled":false,"rotationMatrix":[0.817082047,0.576518297,0.00186110602,-0.576519251,0.817083478,-1.16415322e-10,-0.00152067898,-0.00107296358,0.999998271],"shapeName":"/levels/west_coast_usa/art/shapes/objects/wall_metal1.dae","useInstanceRenderData":true}
{"class":"TSStatic","persistentId":"d7e357b5-d722-488a-8f67-4fc04e8f1619","__parent":"Buildings","position":[-243.472488,-117.728142,120.493599],"annotation":"BUILDINGS","isRenderEnabled":false,"rotationMatrix":[0.817082047,0.576518297,0.00186110602,-0.576519251,0.817083478,-1.16415322e-10,-0.00152067898,-0.00107296358,0.999998271],"shapeName":"/levels/west_coast_usa/art/shapes/objects/wall_metal1.dae","useInstanceRenderData":true}
{"class":"TSStatic","persistentId":"f3911570-02c3-4232-8661-a874803a10bb","__parent":"Buildings","position":[-231.125336,-109.016304,120.521721],"annotation":"BUILDINGS","isRenderEnabled":false,"rotationMatrix":[0.817082047,0.576518297,0.00186110602,-0.576519251,0.817083478,-1.16415322e-10,-0.00152067898,-0.00107296358,0.999998271],"shapeName":"/levels/west_coast_usa/art/shapes/objects/wall_metal1.dae","useInstanceRenderData":true}
{"class":"TSStatic","persistentId":"0f6b2947-db14-41ef-a11e-8b916cb124ef","__parent":"Buildings","position":[-228.659698,-107.276588,120.527336],"annotation":"BUILDINGS","isRenderEnabled":false,"rotationMatrix":[0.817082047,0.576518297,0.00186110602,-0.576519251,0.817083478,-1.16415322e-10,-0.00152067898,-0.00107296358,0.999998271],"shapeName":"/levels/west_coast_usa/art/shapes/objects/wall_metal1.dae","useInstanceRenderData":true}
{"class":"TSStatic","persistentId":"d31f7013-b554-41a1-bb20-0864d1a14c7d","__parent":"Buildings","position":[-226.187561,-105.53231,120.532967],"annotation":"BUILDINGS","isRenderEnabled":false,"rotationMatrix":[0.817082047,0.576518297,0.00186110602,-0.576519251,0.817083478,-1.16415322e-10,-0.00152067898,-0.00107296358,0.999998271],"shapeName":"/levels/west_coast_usa/art/shapes/objects/wall_metal1.dae","useInstanceRenderData":true}
{"class":"TSStatic","persistentId":"86efffc1-0964-47d1-b321-f374e66e9307","__parent":"Buildings","position":[-223.721954,-103.792618,120.538589],"annotation":"BUILDINGS","isRenderEnabled":false,"rotationMatrix":[0.817082047,0.576518297,0.00186110602,-0.576519251,0.817083478,-1.16415322e-10,-0.00152067898,-0.00107296358,0.999998271],"shapeName":"/levels/west_coast_usa/art/shapes/objects/wall_metal1.dae","useInstanceRenderData":true}
{"class":"TSStatic","persistentId":"e3511ff4-4ffe-4957-95d0-d036c45d804d","__parent":"Buildings","position":[-221.255783,-102.052505,120.544205],"annotation":"BUILDINGS","isRenderEnabled":false,"rotationMatrix":[0.817082047,0.576518297,0.00186110602,-0.576519251,0.817083478,-1.16415322e-10,-0.00152067898,-0.00107296358,0.999998271],"shapeName":"/levels/west_coast_usa/art/shapes/objects/wall_metal1.dae","useInstanceRenderData":true}
