{"name":"signColliders_bollards","class":"SimGroup","persistentId":"0274b4fc-3d31-4c51-aa8a-c9ce91760374","__parent":"road_signs"}
{"class":"TSStatic","persistentId":"ac204635-268f-4066-8386-b4ff159eef4e","__parent":"road_signs","position":[-983.430115,-334.36908,103.008743],"isRenderEnabled":false,"rotationMatrix":[0.999957144,0.00925583392,-8.74227837e-08,0.00925583392,-0.999957561,-8.74227979e-08,-8.82282123e-08,8.66098802e-08,-1.00000048],"shapeName":"/levels/west_coast_usa/art/shapes/objects/pole_fence1.dae","useInstanceRenderData":true}
{"class":"TSStatic","persistentId":"e53fd0f1-78ba-4964-8e0d-b9133c4d0d64","__parent":"road_signs","position":[-983.452942,-334.391876,104.156189],"isRenderEnabled":false,"rotationMatrix":[0.306802452,-0.951773465,0,0.951773465,0.306802452,0,0,0,1],"shapeName":"/levels/west_coast_usa/art/shapes/objects/sign_stop.dae","useInstanceRenderData":true}
{"class":"TSStatic","persistentId":"bbe76fe1-d59e-4064-a759-7da117850ba6","__parent":"road_signs","position":[-36.1380196,-998.391296,132.096466],"isRenderEnabled":false,"rotationMatrix":[0.625816703,0.77997005,0,-0.77997005,0.625816703,0,0,0,1],"shapeName":"/levels/west_coast_usa/art/shapes/objects/sign_chevron_L.dae","useInstanceRenderData":true}
{"class":"TSStatic","persistentId":"67e1cae9-e882-4d65-a7b6-919c450240d5","__parent":"road_signs","position":[-36.0600166,-998.438232,131.164871],"isRenderEnabled":false,"rotationMatrix":[-0.625816703,-0.77997005,-8.74227766e-08,-0.77997005,0.625816703,-8.74227837e-08,1.22897802e-07,1.34765017e-08,-1],"shapeName":"/levels/west_coast_usa/art/shapes/objects/pole_fence1.dae","useInstanceRenderData":true}
{"class":"TSStatic","persistentId":"9b49a6fc-46af-421b-8973-ac55098b6a79","__parent":"road_signs","position":[-26.5161476,-998.286804,132.000534],"isRenderEnabled":false,"rotationMatrix":[0.625816703,0.77997005,0,-0.77997005,0.625816703,0,0,0,1],"shapeName":"/levels/west_coast_usa/art/shapes/objects/sign_chevron_L.dae","useInstanceRenderData":true}
{"class":"TSStatic","persistentId":"f399e2c5-4ea0-4303-824d-66f6c1533756","__parent":"road_signs","position":[-26.4381447,-998.33374,131.068939],"isRenderEnabled":false,"rotationMatrix":[-0.625816703,-0.77997005,-8.74227766e-08,-0.77997005,0.625816703,-8.74227837e-08,1.22897802e-07,1.34765017e-08,-1],"shapeName":"/levels/west_coast_usa/art/shapes/objects/pole_fence1.dae","useInstanceRenderData":true}
{"class":"TSStatic","persistentId":"6fe16065-7f46-4864-9f7f-86dba0b32d15","__parent":"road_signs","position":[-17.22328,-998.320007,131.785461],"isRenderEnabled":false,"rotationMatrix":[0.346286178,0.93812871,0,-0.93812871,0.346286178,0,0,0,1],"shapeName":"/levels/west_coast_usa/art/shapes/objects/sign_chevron_L.dae","useInstanceRenderData":true}
{"class":"TSStatic","persistentId":"d895fda1-e2c3-480f-a592-3e783240888d","__parent":"road_signs","position":[-17.1344223,-998.339783,130.853867],"isRenderEnabled":false,"rotationMatrix":[-0.346286178,-0.93812871,-8.74227766e-08,-0.93812871,0.346286178,-8.74227837e-08,1.12287132e-07,5.17405105e-08,-1],"shapeName":"/levels/west_coast_usa/art/shapes/objects/pole_fence1.dae","useInstanceRenderData":true}
{"class":"TSStatic","persistentId":"ed145478-7385-43ae-a0b2-31533160bb56","__parent":"road_signs","position":[893.220215,-470.571228,161.622467],"isRenderEnabled":false,"rotationMatrix":[-0.999928236,-0.0119636646,0,0.0119636646,-0.999928236,0,0,0,1],"shapeName":"/levels/west_coast_usa/art/shapes/objects/pole_fence2.dae","useInstanceRenderData":true}
{"class":"TSStatic","persistentId":"4f053546-8be1-41b7-b756-08aa6e382392","__parent":"road_signs","position":[892.116516,-471.214783,161.622467],"isRenderEnabled":false,"rotationMatrix":[-0.999720097,0.0236703381,0,-0.0236703381,-0.999720097,0,0,0,1],"shapeName":"/levels/west_coast_usa/art/shapes/objects/pole_fence2.dae","useInstanceRenderData":true}
{"class":"TSStatic","persistentId":"07c19217-e480-4a6b-9a03-f5a1d2662f24","__parent":"road_signs","position":[892.659485,-470.835419,163.667725],"annotation":"TRAFFIC_SIGNS","isRenderEnabled":false,"rotationMatrix":[-0.863776684,-0.503875256,0,0.503875256,-0.863776684,0,0,0,1],"shapeName":"/levels/west_coast_usa/art/shapes/objects/sign_twoway.dae","useInstanceRenderData":true}
{"class":"TSStatic","persistentId":"78b16997-fd3b-4bac-8716-4282badb912b","__parent":"road_signs","position":[935.319031,-467.500244,162.519333],"isRenderEnabled":false,"rotationMatrix":[-0.464785159,0.885423422,-8.74227766e-08,0.885423422,0.464785159,-8.74227837e-08,-3.67733719e-08,-1.18038997e-07,-1],"shapeName":"/levels/west_coast_usa/art/shapes/objects/pole_fence1.dae","useInstanceRenderData":true}
{"class":"TSStatic","persistentId":"86a38deb-64d0-4461-a7d5-cc681d5418ed","__parent":"road_signs","position":[935.273499,-467.4776,164.040359],"isRenderEnabled":false,"rotationMatrix":[-0.463081747,-0.886315584,0,0.886315584,-0.463081747,0,0,0,1],"shapeName":"/levels/west_coast_usa/art/shapes/objects/sign_yield.dae","useInstanceRenderData":true}
{"class":"TSStatic","persistentId":"a504ae78-56a7-4c9f-b87b-669fd9eaf17a","__parent":"road_signs","position":[904.690002,-447.109375,163.695251],"isRenderEnabled":false,"rotationMatrix":[-0.762726665,0.646721184,9.31322575e-10,-0.64661938,-0.76260674,0.0177385863,0.0114719188,0.01352969,0.999842644],"shapeName":"/levels/west_coast_usa/art/shapes/objects/sign_chevron_R.dae","useInstanceRenderData":true}
{"class":"TSStatic","persistentId":"4b9ea19d-9c17-45bd-a6f3-6d3c96f8443f","__parent":"road_signs","position":[-784.190796,-848.238525,125.801102],"isRenderEnabled":false,"rotationMatrix":[0.677063107,-0.735925198,0,0.735925198,0.677063107,0,0,0,1],"shapeName":"/levels/west_coast_usa/art/shapes/objects/sign_chevron_R.dae","useInstanceRenderData":true}
{"class":"TSStatic","persistentId":"1224c5df-cb00-4768-a114-d1ba6a354f78","__parent":"road_signs","position":[-784.24884,-848.314026,124.835052],"annotation":"POLE","isRenderEnabled":false,"rotationMatrix":[-0.713461697,-0.700694144,-8.74227766e-08,-0.700694144,0.713461697,-8.74227837e-08,1.23629448e-07,-1.11618004e-09,-1],"shapeName":"/levels/west_coast_usa/art/shapes/objects/pole_fence1.dae","useInstanceRenderData":true}
{"class":"TSStatic","persistentId":"f2df3cc2-3c73-4587-b09a-86150a28d92b","__parent":"road_signs","position":[-801.407532,-845.595093,123.971756],"isRenderEnabled":false,"rotationMatrix":[0.677063107,-0.735925198,0,0.735925198,0.677063107,0,0,0,1],"shapeName":"/levels/west_coast_usa/art/shapes/objects/sign_chevron_R.dae","useInstanceRenderData":true}
{"class":"TSStatic","persistentId":"2e937b9e-d84f-41f8-a823-1dec92ca9bee","__parent":"road_signs","position":[-801.465576,-845.670593,123.005707],"annotation":"POLE","isRenderEnabled":false,"rotationMatrix":[-0.713461697,-0.700694144,-8.74227766e-08,-0.700694144,0.713461697,-8.74227837e-08,1.23629448e-07,-1.11618004e-09,-1],"shapeName":"/levels/west_coast_usa/art/shapes/objects/pole_fence1.dae","useInstanceRenderData":true}
{"class":"TSStatic","persistentId":"aa314b2e-eded-435b-a9b7-2dc47761886f","__parent":"road_signs","position":[-819.225037,-839.982544,122.349434],"isRenderEnabled":false,"rotationMatrix":[0.472096384,-0.881547153,0,0.881547153,0.472096384,0,0,0,1],"shapeName":"/levels/west_coast_usa/art/shapes/objects/sign_chevron_R.dae","useInstanceRenderData":true}
{"class":"TSStatic","persistentId":"95277c18-a37f-4331-915f-e10a0d6a2317","__parent":"road_signs","position":[-819.30011,-840.041138,121.383385],"annotation":"POLE","isRenderEnabled":false,"rotationMatrix":[-0.865688086,-0.500583708,-8.74227766e-08,-0.500583708,0.865688086,-8.74227837e-08,1.19443285e-07,-3.19184501e-08,-1],"shapeName":"/levels/west_coast_usa/art/shapes/objects/pole_fence1.dae","useInstanceRenderData":true}
{"class":"TSStatic","persistentId":"e2362bcc-5d0b-4d8d-bcb1-5e9dd198e785","__parent":"road_signs","position":[205.853287,630.510925,102.34642],"isRenderEnabled":false,"rotationMatrix":[0.855630755,-0.517587125,0,0.517587125,0.855630755,0,0,0,1],"shapeName":"/levels/west_coast_usa/art/shapes/objects/sign_chevron_R.dae","useInstanceRenderData":true}
{"class":"TSStatic","persistentId":"b8fde10f-127b-48c1-b7f5-b100bcbfab4e","__parent":"road_signs","position":[205.818649,630.422241,101.380371],"annotation":"POLE","isRenderEnabled":false,"rotationMatrix":[-0.489418417,-0.872049034,-8.74227766e-08,-0.872049034,0.489418417,-8.74227837e-08,1.19023277e-07,3.34506254e-08,-1],"shapeName":"/levels/west_coast_usa/art/shapes/objects/pole_fence1.dae","useInstanceRenderData":true}
{"class":"TSStatic","persistentId":"ef3e47f9-dfe5-485f-a87f-7bd878830d1b","__parent":"road_signs","position":[200.453705,631.41095,102.34642],"isRenderEnabled":false,"rotationMatrix":[0.749596417,-0.661895454,0,0.661895454,0.749596417,0,0,0,1],"shapeName":"/levels/west_coast_usa/art/shapes/objects/sign_chevron_R.dae","useInstanceRenderData":true}
{"class":"TSStatic","persistentId":"655a8084-2749-4d5e-9ad1-e062d5a638ef","__parent":"road_signs","position":[200.403809,631.329834,101.380371],"annotation":"POLE","isRenderEnabled":false,"rotationMatrix":[-0.637106717,-0.770775557,-8.74227766e-08,-0.770775557,0.637106717,-8.74227837e-08,1.23080994e-07,1.16856924e-08,-1],"shapeName":"/levels/west_coast_usa/art/shapes/objects/pole_fence1.dae","useInstanceRenderData":true}
{"class":"TSStatic","persistentId":"54bdfdf0-fbb8-49f2-a385-7100e0371b16","__parent":"road_signs","position":[-901.616882,-406.250549,102.388412],"annotation":"POLE","isRenderEnabled":false,"rotationMatrix":[0.511640429,-0.859199286,-8.74227766e-08,-0.859199286,-0.511640429,-8.74227837e-08,3.0384566e-08,1.19842639e-07,-1],"shapeName":"/levels/west_coast_usa/art/shapes/objects/pole_fence1.dae","useInstanceRenderData":true}
{"class":"TSStatic","persistentId":"a820620a-b02d-4c29-95d1-7118817594d7","__parent":"road_signs","position":[-901.676025,-406.194305,103.535843],"isRenderEnabled":false,"rotationMatrix":[-0.667708993,-0.744422138,0,0.744422138,-0.667708993,0,0,0,1],"shapeName":"/levels/west_coast_usa/art/shapes/objects/sign_stop.dae","useInstanceRenderData":true}
{"class":"TSStatic","persistentId":"df0bdb29-5b9f-4dc4-91ee-95e7c5241f4c","__parent":"road_signs","position":[-882.212952,-389.792236,102.186516],"annotation":"POLE","isRenderEnabled":false,"rotationMatrix":[-0.866894007,-0.498491794,-8.74227766e-08,-0.498491794,0.866894007,-8.74227837e-08,1.19365851e-07,-3.22067457e-08,-1],"shapeName":"/levels/west_coast_usa/art/shapes/objects/pole_fence1.dae","useInstanceRenderData":true}
{"class":"TSStatic","persistentId":"54e3362a-7861-4a6b-a94b-c5c29df2d706","__parent":"road_signs","position":[-882.155823,-389.733948,103.333946],"isRenderEnabled":false,"rotationMatrix":[-0.734163761,0.678972244,0,-0.678972244,-0.734163761,0,0,0,1],"shapeName":"/levels/west_coast_usa/art/shapes/objects/sign_stop.dae","useInstanceRenderData":true}
{"class":"TSStatic","persistentId":"543fc900-9149-47e2-8b68-d9a395bf8d63","__parent":"road_signs","position":[-736.27478,-577.941284,106.937843],"isRenderEnabled":false,"rotationMatrix":[-0.954310417,-0.298820019,0,0.298820019,-0.954310417,0,0,0,1],"shapeName":"/levels/west_coast_usa/art/shapes/objects/sign_stop.dae","useInstanceRenderData":true}
{"class":"TSStatic","persistentId":"b49a0c0b-ff82-470d-92ca-5d70f5b3cd75","__parent":"road_signs","position":[-736.252686,-578.019836,105.790413],"annotation":"POLE","isRenderEnabled":false,"rotationMatrix":[0.000879704952,-0.99999994,-8.74228192e-08,-0.99999994,-0.000880360603,-8.74228263e-08,8.73458532e-08,8.74997212e-08,-1.00000072],"shapeName":"/levels/west_coast_usa/art/shapes/objects/pole_fence1.dae","useInstanceRenderData":true}
{"class":"TSStatic","persistentId":"a8710539-7542-4d51-b3b6-79a45edd8f0f","__parent":"road_signs","position":[-771.378113,-510.210602,102.405693],"isRenderEnabled":false,"rotationMatrix":[0.808351099,0.588700533,0,-0.588700533,0.808351099,0,0,0,1],"shapeName":"/levels/west_coast_usa/art/shapes/objects/sign_stop.dae","useInstanceRenderData":true}
{"class":"TSStatic","persistentId":"cc8af2b4-2597-4310-8dee-87222037fe5e","__parent":"road_signs","position":[-771.424194,-510.14325,101.258263],"annotation":"POLE","isRenderEnabled":false,"rotationMatrix":[-0.32108444,0.947050393,-8.74227766e-08,0.947050393,0.32108444,-8.74227837e-08,-5.47236922e-08,-1.1086388e-07,-1],"shapeName":"/levels/west_coast_usa/art/shapes/objects/pole_fence1.dae","useInstanceRenderData":true}
{"class":"TSStatic","persistentId":"e37bf361-996e-4701-aa4a-1e8e894c9bfe","__parent":"road_signs","position":[866.901184,-477.766754,165.004196],"isRenderEnabled":false,"rotationMatrix":[-0.970072031,-0.242818564,-4.65661287e-10,0.242647737,-0.969389558,0.0375041477,-0.00910670124,0.0363817103,0.999296486],"shapeName":"/levels/west_coast_usa/art/shapes/objects/sign_chevron_R.dae","useInstanceRenderData":true}
{"class":"TSStatic","persistentId":"c20d0dde-a372-4876-8d4e-652b3adc5434","__parent":"road_signs","position":[969.998535,-468.135834,163.996124],"annotation":"TRAFFIC_SIGNS","isRenderEnabled":false,"rotationMatrix":[-0.193924114,-0.981016517,0,0.981016517,-0.193924114,0,0,0,1],"shapeName":"/levels/west_coast_usa/art/shapes/objects/sign_twoway.dae","useInstanceRenderData":true}
{"class":"TSStatic","persistentId":"4af8c6b2-e149-4690-8800-c975f98e5a31","__parent":"road_signs","position":[970.161682,-467.527496,162.508163],"annotation":"POLE","isRenderEnabled":false,"rotationMatrix":[-0.841445804,-0.540341616,0,0.540341616,-0.841445804,0,0,0,1],"shapeName":"/levels/west_coast_usa/art/shapes/objects/pole_fence2.dae","useInstanceRenderData":true}
{"class":"TSStatic","persistentId":"fe0810f0-d3a1-47e3-b1c8-a4e514196ebf","__parent":"road_signs","position":[969.922668,-468.788544,162.508163],"annotation":"POLE","isRenderEnabled":false,"rotationMatrix":[-0.841445804,-0.540341616,0,0.540341616,-0.841445804,0,0,0,1],"shapeName":"/levels/west_coast_usa/art/shapes/objects/pole_fence2.dae","useInstanceRenderData":true}
{"class":"TSStatic","persistentId":"4f6ac248-2c7d-442e-ac72-6fa74733a26a","__parent":"road_signs","position":[974.357849,-963.034973,167.128448],"annotation":"POLE","isRenderEnabled":false,"rotationMatrix":[-0.969327807,-0.245771527,0,0.245771527,-0.969327807,0,0,0,1],"shapeName":"/levels/west_coast_usa/art/shapes/objects/pole_fence2.dae","useInstanceRenderData":true}
{"class":"TSStatic","persistentId":"91353b2a-e7d0-4345-80bc-9d949846080a","__parent":"road_signs","position":[974.010254,-963.560181,168.616409],"annotation":"TRAFFIC_SIGNS","isRenderEnabled":false,"rotationMatrix":[-0.49487251,-0.868965626,0,0.868965626,-0.49487251,0,0,0,1],"shapeName":"/levels/west_coast_usa/art/shapes/objects/sign_twoway.dae","useInstanceRenderData":true}
{"class":"TSStatic","persistentId":"df9d9f4a-61f9-4f33-be52-a057e7604051","__parent":"road_signs","position":[973.731445,-964.155212,167.128448],"annotation":"POLE","isRenderEnabled":false,"rotationMatrix":[-0.969327807,-0.245771527,0,0.245771527,-0.969327807,0,0,0,1],"shapeName":"/levels/west_coast_usa/art/shapes/objects/pole_fence2.dae","useInstanceRenderData":true}
{"class":"TSStatic","persistentId":"5a4102eb-c602-4c02-85aa-b00f4d10d726","__parent":"road_signs","position":[930.402832,-181.052917,152.05719],"isRenderEnabled":false,"rotationMatrix":[0.828358769,-0.560197949,0,0.560197949,0.828358769,0,0,0,1],"shapeName":"/levels/west_coast_usa/art/shapes/objects/sign_chevron_L.dae","useInstanceRenderData":true}
{"class":"TSStatic","persistentId":"f556e903-fdbb-4d42-96f7-dca9c41b9909","__parent":"road_signs","position":[930.362366,-181.134399,151.125595],"annotation":"POLE","isRenderEnabled":false,"rotationMatrix":[-0.828358769,0.560197949,-8.74227766e-08,0.560197949,0.828358769,-8.74227837e-08,2.34433468e-08,-1.21391523e-07,-1],"shapeName":"/levels/west_coast_usa/art/shapes/objects/pole_fence1.dae","useInstanceRenderData":true}
{"class":"TSStatic","persistentId":"b97705ee-e100-4a78-9e02-720dbc27e896","__parent":"road_signs","position":[930.671143,-192.860474,152.726044],"isRenderEnabled":false,"rotationMatrix":[0.94084537,-0.338836312,0,0.338836312,0.94084537,0,0,0,1],"shapeName":"/levels/west_coast_usa/art/shapes/objects/sign_chevron_L.dae","useInstanceRenderData":true}
{"class":"TSStatic","persistentId":"a733c88f-c440-41c8-b50d-249db5747854","__parent":"road_signs","position":[930.652039,-192.949402,151.794449],"annotation":"POLE","isRenderEnabled":false,"rotationMatrix":[-0.94084537,0.338836312,-8.74227766e-08,0.338836312,0.94084537,-8.74227837e-08,5.26292965e-08,-1.11873362e-07,-1],"shapeName":"/levels/west_coast_usa/art/shapes/objects/pole_fence1.dae","useInstanceRenderData":true}
{"class":"TSStatic","persistentId":"b8b1c14a-014e-4103-aeb3-ab955b04cc6e","__parent":"road_signs","position":[932.014954,-207.040924,153.624725],"isRenderEnabled":false,"rotationMatrix":[0.979054153,-0.203599989,0,0.203599989,0.979054153,0,0,0,1],"shapeName":"/levels/west_coast_usa/art/shapes/objects/sign_chevron_L.dae","useInstanceRenderData":true}
{"class":"TSStatic","persistentId":"b96868b4-5a06-484c-a848-5ee9618b05ae","__parent":"road_signs","position":[932.008545,-207.131653,152.69313],"annotation":"POLE","isRenderEnabled":false,"rotationMatrix":[-0.979054153,0.203599989,-8.74227766e-08,0.203599989,0.979054153,-8.74227837e-08,6.77923566e-08,-1.03390953e-07,-1],"shapeName":"/levels/west_coast_usa/art/shapes/objects/pole_fence1.dae","useInstanceRenderData":true}
{"class":"TSStatic","persistentId":"8eb33d96-cb13-43e7-9e4e-23035978df22","__parent":"road_signs","position":[590.304871,998.012268,121.881905],"annotation":"POLE","isRenderEnabled":false,"rotationMatrix":[0.615838706,-0.787872255,0,0.787872255,0.615838706,0,0,0,1],"shapeName":"/levels/west_coast_usa/art/shapes/objects/pole_fence2.dae","useInstanceRenderData":true}
{"class":"TSStatic","persistentId":"e1771449-f117-4341-8f87-85fd8c8cc94a","__parent":"road_signs","position":[591.58252,997.890747,121.881905],"annotation":"POLE","isRenderEnabled":false,"rotationMatrix":[0.615838706,-0.787872255,0,0.787872255,0.615838706,0,0,0,1],"shapeName":"/levels/west_coast_usa/art/shapes/objects/pole_fence2.dae","useInstanceRenderData":true}
{"class":"TSStatic","persistentId":"2630e7e2-13ae-4bb4-b44c-48b37dcf3d83","__parent":"road_signs","position":[590.925537,997.906067,123.369865],"annotation":"TRAFFIC_SIGNS","isRenderEnabled":false,"rotationMatrix":[0.99474597,-0.102373987,0,0.102373987,0.99474597,0,0,0,1],"shapeName":"/levels/west_coast_usa/art/shapes/objects/sign_twoway.dae","useInstanceRenderData":true}
{"class":"TSStatic","persistentId":"3f76725f-c971-4477-8759-04d8284629ba","__parent":"road_signs","position":[-88.5628586,82.5814667,125.511925],"annotation":"TRAFFIC_SIGNS","isRenderEnabled":false,"rotationMatrix":[-0.981841028,-0.0498655848,-0.183034241,0.188769504,-0.161096156,-0.968717754,0.0188195668,-0.985678196,0.167583913],"shapeName":"/levels/west_coast_usa/art/shapes/objects/sign_twoway.dae","useInstanceRenderData":true}
{"class":"TSStatic","persistentId":"80b84266-1843-4e88-9271-6ee75cec5c6e","__parent":"road_signs","position":[-247.65329,493.606995,75.8763885],"annotation":"POLE","isRenderEnabled":false,"rotationMatrix":[-0.878708184,-0.477359414,-8.74227766e-08,-0.477359414,0.878708184,-8.74227837e-08,1.18551199e-07,-3.50870408e-08,-1],"shapeName":"/levels/west_coast_usa/art/shapes/objects/pole_fence1.dae","useInstanceRenderData":true}
{"class":"TSStatic","persistentId":"32c0b767-2f53-41f2-b7ef-1e5f3be65c0a","__parent":"road_signs","position":[-247.707092,493.680359,76.8079834],"isRenderEnabled":false,"rotationMatrix":[0.878708184,0.477359414,0,-0.477359414,0.878708184,0,0,0,1],"shapeName":"/levels/west_coast_usa/art/shapes/objects/sign_chevron_L.dae","useInstanceRenderData":true}
{"class":"TSStatic","persistentId":"78d1a83c-1bef-47d6-ae44-7faac6d2a924","__parent":"road_signs","position":[-239.968781,491.198059,75.9289627],"annotation":"POLE","isRenderEnabled":false,"rotationMatrix":[-0.746974528,-0.664852738,-8.74227766e-08,-0.664852738,0.746974528,-8.74227837e-08,1.23425863e-07,-7.17932913e-09,-1],"shapeName":"/levels/west_coast_usa/art/shapes/objects/pole_fence1.dae","useInstanceRenderData":true}
{"class":"TSStatic","persistentId":"c9e943c9-64fb-46cb-bade-dde7ae2dc3ba","__parent":"road_signs","position":[-240.037872,491.257263,76.8605576],"isRenderEnabled":false,"rotationMatrix":[0.746974528,0.664852738,0,-0.664852738,0.746974528,0,0,0,1],"shapeName":"/levels/west_coast_usa/art/shapes/objects/sign_chevron_L.dae","useInstanceRenderData":true}
{"class":"TSStatic","persistentId":"48a16031-7721-4131-8645-8552f0c49df2","__parent":"road_signs","position":[-231.437149,488.680206,75.9022141],"annotation":"POLE","isRenderEnabled":false,"rotationMatrix":[-0.813029647,-0.582222104,-8.74227766e-08,-0.582222104,0.813029647,-8.74227837e-08,1.21976797e-07,-2.01778541e-08,-1],"shapeName":"/levels/west_coast_usa/art/shapes/objects/pole_fence1.dae","useInstanceRenderData":true}
{"class":"TSStatic","persistentId":"2370fdce-b9ed-48ba-b636-10770ce202e8","__parent":"road_signs","position":[-231.499603,488.746399,76.8338089],"isRenderEnabled":false,"rotationMatrix":[0.813029647,0.582222104,0,-0.582222104,0.813029647,0,0,0,1],"shapeName":"/levels/west_coast_usa/art/shapes/objects/sign_chevron_L.dae","useInstanceRenderData":true}
{"class":"TSStatic","persistentId":"2404b2c4-2d43-4618-b533-9fad089d82bd","__parent":"road_signs","position":[-263.450134,-110.142967,121.856636],"isRenderEnabled":false,"rotationMatrix":[0.994976282,-0.100112811,0,0.100112811,0.994976282,0,0,0,1],"shapeName":"/levels/west_coast_usa/art/shapes/objects/sign_chevron_L.dae","useInstanceRenderData":true}
{"class":"TSStatic","persistentId":"f25dd9e8-431a-49cb-a184-344145ebdc8b","__parent":"road_signs","position":[-263.447021,-110.233871,120.925041],"annotation":"POLE","isRenderEnabled":false,"rotationMatrix":[-0.994976282,0.100112811,-8.74227766e-08,0.100112811,0.994976282,-8.74227837e-08,7.82314515e-08,-9.57357429e-08,-1],"shapeName":"/levels/west_coast_usa/art/shapes/objects/pole_fence1.dae","useInstanceRenderData":true}
{"class":"TSStatic","persistentId":"785ef623-9a2d-4b97-8b78-401ce8169545","__parent":"road_signs","position":[-274.325958,-58.1894379,121.93811],"isRenderEnabled":false,"rotationMatrix":[-0.934564114,0.355782658,-0.00296749943,-0.355794579,-0.934517503,0.00934858527,0.00055288407,0.00979267154,0.999951899],"shapeName":"/levels/west_coast_usa/art/shapes/objects/sign_speed25.dae","useInstanceRenderData":true}
{"class":"TSStatic","persistentId":"13037ec1-8d71-4613-9ae2-b8025a3ac982","__parent":"road_signs","position":[-150.868454,21.8857765,125.19426],"isRenderEnabled":false,"rotationMatrix":[0.567483127,-0.823385,0,0.823385,0.567483127,0,0,0,1],"shapeName":"/levels/west_coast_usa/art/shapes/objects/sign_speed25.dae","useInstanceRenderData":true}
{"class":"TSStatic","persistentId":"a083b8aa-c638-46d6-bbdf-91c0fe2a8f43","__parent":"road_signs","position":[-193.946396,-78.4063721,121.955925],"isRenderEnabled":false,"rotationMatrix":[0.480341166,-0.877081752,0,0.877081752,0.480341166,0,0,0,1],"shapeName":"/levels/west_coast_usa/art/shapes/objects/sign_speed25.dae","useInstanceRenderData":true}
{"class":"TSStatic","persistentId":"f77160d4-994f-4f42-adab-9094333321de","__parent":"road_signs","position":[-193.857529,-78.3406754,120.829506],"annotation":"POLE","isRenderEnabled":false,"rotationMatrix":[-0.464785159,0.885423422,-8.74227766e-08,0.885423422,0.464785159,-8.74227837e-08,-3.67733719e-08,-1.18038997e-07,-1],"shapeName":"/levels/west_coast_usa/art/shapes/objects/pole_fence1.dae","useInstanceRenderData":true}
{"class":"TSStatic","persistentId":"cf7f1f63-495f-4a1c-b20b-32da48b8fbcb","__parent":"road_signs","position":[-169.360413,155.535507,123.665878],"isRenderEnabled":false,"rotationMatrix":[-0.794576406,-0.607164204,0,0.607164204,-0.794576406,0,0,0,1],"shapeName":"/levels/west_coast_usa/art/shapes/objects/sign_speed25.dae","useInstanceRenderData":true}
{"class":"TSStatic","persistentId":"4d77740d-1a1c-41d3-949a-f812b4697b35","__parent":"road_signs","position":[-56.2064476,109.535248,127.426834],"annotation":"POLE","isRenderEnabled":false,"rotationMatrix":[-0.398057163,0.917360604,-8.74227766e-08,0.917360604,0.398057163,-8.74227837e-08,-4.53989593e-08,-1.14997484e-07,-1],"shapeName":"/levels/west_coast_usa/art/shapes/objects/pole_fence1.dae","useInstanceRenderData":true}
{"class":"TSStatic","persistentId":"4d44d736-ed16-4baa-8c54-5fc1ed97cb73","__parent":"road_signs","position":[-56.1549568,109.471954,128.57428],"isRenderEnabled":false,"rotationMatrix":[0.75707382,0.653329551,0,-0.653329551,0.75707382,0,0,0,1],"shapeName":"/levels/west_coast_usa/art/shapes/objects/sign_stop.dae","useInstanceRenderData":true}
{"class":"TSStatic","persistentId":"fc598aa2-3cb6-47e8-a0a3-602e7d232309","__parent":"road_signs","position":[-195.756607,-57.1092224,121.850731],"isRenderEnabled":false,"rotationMatrix":[0.0348436236,0.999392748,0,-0.999392748,0.0348436236,0,0,0,1],"shapeName":"/levels/west_coast_usa/art/shapes/objects/sign_speed25.dae","useInstanceRenderData":true}
{"class":"TSStatic","persistentId":"1dd26256-5090-4266-897f-0e8848f9a8c9","__parent":"road_signs","position":[-260.343903,-54.2947617,122.429817],"isRenderEnabled":false,"shapeName":"/levels/west_coast_usa/art/shapes/objects/sign_speed25.dae","useInstanceRenderData":true}
{"class":"TSStatic","persistentId":"0a0f6558-855f-485d-969c-da08cba43ef6","__parent":"road_signs","position":[-258.849121,-43.8435631,122.493126],"isRenderEnabled":false,"rotationMatrix":[-0.365796059,-0.930694878,0,0.930694878,-0.365796059,0,0,0,1],"shapeName":"/levels/west_coast_usa/art/shapes/objects/sign_speed5.dae","useInstanceRenderData":true}
{"class":"TSStatic","persistentId":"7b495bae-85c0-4046-84b3-ec2dd1c5969a","__parent":"road_signs","position":[-258.75708,-43.8658371,121.570412],"annotation":"POLE","isRenderEnabled":false,"rotationMatrix":[-0.464785159,0.885423422,-8.74227766e-08,0.885423422,0.464785159,-8.74227837e-08,-3.67733719e-08,-1.18038997e-07,-1],"shapeName":"/levels/west_coast_usa/art/shapes/objects/pole_fence1.dae","useInstanceRenderData":true}
{"class":"TSStatic","persistentId":"894977fa-3f79-4b03-8cc9-cc10fb4ddb58","__parent":"road_signs","position":[-191.11293,-10.9108963,123.203972],"isRenderEnabled":false,"rotationMatrix":[-0.683483481,0.729966164,0,-0.729966164,-0.683483481,0,0,0,1],"shapeName":"/levels/west_coast_usa/art/shapes/objects/sign_speed5.dae","useInstanceRenderData":true}
{"class":"TSStatic","persistentId":"d7c8e466-64ed-442b-a1c1-8c61b2d18ec3","__parent":"road_signs","position":[-144.329483,22.2144184,123.15963],"annotation":"POLE","isRenderEnabled":false,"rotationMatrix":[0.614790916,0.78869009,-8.74227766e-08,0.78869009,-0.614790916,-8.74227837e-08,-1.22696235e-07,-1.5202744e-08,-1],"shapeName":"/levels/west_coast_usa/art/shapes/objects/pole_fence1.dae","useInstanceRenderData":true}
{"class":"TSStatic","persistentId":"4f7e62c2-706c-44dc-b535-db77a2f0ca11","__parent":"road_signs","position":[-144.347153,22.307457,124.082344],"isRenderEnabled":false,"rotationMatrix":[-0.998710096,-0.0507735312,0,0.0507735312,-0.998710096,0,0,0,1],"shapeName":"/levels/west_coast_usa/art/shapes/objects/sign_speed5.dae","useInstanceRenderData":true}
{"class":"TSStatic","persistentId":"539e367c-71e3-407a-b0e0-875daf83ba22","__parent":"road_signs","position":[-54.2681274,77.8645554,124.017227],"annotation":"POLE","isRenderEnabled":false,"rotationMatrix":[0.823833644,0.566831708,-8.74227766e-08,0.566831708,-0.823833644,-8.74227837e-08,-1.21575852e-07,2.24678303e-08,-1],"shapeName":"/levels/west_coast_usa/art/shapes/objects/pole_fence1.dae","useInstanceRenderData":true}
{"class":"TSStatic","persistentId":"a5f780be-4fb6-4c40-992e-6ceb82a16823","__parent":"road_signs","position":[-54.2569427,77.9586029,124.939941],"isRenderEnabled":false,"rotationMatrix":[-0.967606366,0.252463251,0,-0.252463251,-0.967606366,0,0,0,1],"shapeName":"/levels/west_coast_usa/art/shapes/objects/sign_speed5.dae","useInstanceRenderData":true}
{"class":"TSStatic","persistentId":"cd21a57e-91a6-4657-9f00-a503e5727698","__parent":"road_signs","position":[-260.87796,-2.59680176,122.517433],"isRenderEnabled":false,"rotationMatrix":[0.00512418151,0.999986887,0,-0.999986887,0.00512418151,0,0,0,1],"shapeName":"/levels/west_coast_usa/art/shapes/objects/sign_yield.dae","useInstanceRenderData":true}
{"class":"TSStatic","persistentId":"bf32c3e3-b1ad-4a68-a525-db2bfa898060","__parent":"road_signs","position":[-260.922089,-2.61122131,120.703346],"annotation":"POLE","isRenderEnabled":false,"rotationMatrix":[0.57067287,0.821177483,0,-0.821177483,0.57067287,0,0,0,1],"shapeName":"/levels/west_coast_usa/art/shapes/objects/pole_fence2.dae","useInstanceRenderData":true}
{"class":"TSStatic","persistentId":"7158107b-a9af-40f4-af00-24f03c5b2d2b","__parent":"road_signs","position":[-108.500656,93.2459564,126.958122],"isRenderEnabled":false,"rotationMatrix":[-0.808727145,-0.588183999,0,0.588183999,-0.808727145,0,0,0,1],"shapeName":"/levels/west_coast_usa/art/shapes/objects/sign_yield.dae","useInstanceRenderData":true}
{"class":"TSStatic","persistentId":"fe6ee0b0-074d-4293-88a6-12c2148b983c","__parent":"road_signs","position":[-108.462906,93.2189484,125.193794],"annotation":"POLE","isRenderEnabled":false,"rotationMatrix":[-0.999645948,-0.02660756,0,0.02660756,-0.999645948,0,0,0,1],"shapeName":"/levels/west_coast_usa/art/shapes/objects/pole_fence2.dae","useInstanceRenderData":true}
{"class":"TSStatic","persistentId":"44cabb0b-958a-459a-a7fa-eedcaf3d787c","__parent":"road_signs","position":[-169.275848,155.444183,122.77742],"annotation":"POLE","isRenderEnabled":false,"rotationMatrix":[-0.999645948,-0.02660756,0,0.02660756,-0.999645948,0,0,0,1],"shapeName":"/levels/west_coast_usa/art/shapes/objects/pole_fence2.dae","useInstanceRenderData":true}
{"class":"TSStatic","persistentId":"498d4965-d87e-40f5-bccf-3f513faf1d19","__parent":"road_signs","position":[-169.333252,155.509445,124.664963],"isRenderEnabled":false,"rotationMatrix":[-0.820205033,-0.572069645,0,0.572069645,-0.820205033,0,0,0,1],"shapeName":"/levels/west_coast_usa/art/shapes/objects/sign_stop.dae","useInstanceRenderData":true}
{"class":"TSStatic","persistentId":"38488b87-b0f4-4956-80d9-3a99c63c6c2b","__parent":"road_signs","position":[-139.540146,145.759613,124.274208],"isRenderEnabled":false,"rotationMatrix":[0.706703782,0.707509577,0,-0.707509577,0.706703782,0,0,0,1],"shapeName":"/levels/west_coast_usa/art/shapes/objects/sign_stop.dae","useInstanceRenderData":true}
{"class":"TSStatic","persistentId":"8df8b45d-89fb-4723-8bf8-41dc0d341348","__parent":"road_signs","position":[-139.596176,145.818924,123.126778],"annotation":"POLE","isRenderEnabled":false,"rotationMatrix":[-0.464785159,0.885423422,-8.74227766e-08,0.885423422,0.464785159,-8.74227837e-08,-3.67733719e-08,-1.18038997e-07,-1],"shapeName":"/levels/west_coast_usa/art/shapes/objects/pole_fence1.dae","useInstanceRenderData":true}
{"class":"TSStatic","persistentId":"6a6fa2c9-9111-4eb7-9c38-5d52401b1f79","__parent":"road_signs","position":[988.615906,644.438293,134.552521],"isRenderEnabled":false,"rotationMatrix":[0.970971823,0.239163756,0.00372140645,-0.239192724,0.970854402,0.0151065663,-6.98351044e-10,-0.0155581813,0.999879122],"shapeName":"/levels/west_coast_usa/art/shapes/objects/arrowboard_L.dae"}
{"class":"TSStatic","persistentId":"5722cff2-67a7-4f39-9810-27c815d340fe","__parent":"road_signs","position":[967.084229,634.950012,133.990417],"isRenderEnabled":false,"rotationMatrix":[0.970971823,0.239192694,0,-0.239192694,0.970971823,0,0,0,1],"shapeName":"/levels/west_coast_usa/art/shapes/objects/arrowboard_L.dae"}
{"name":"construction_signs","class":"Prefab","persistentId":"ab382415-33d8-4eb6-960e-ae630a8a1e8b","__parent":"road_signs","filename":"levels/west_coast_usa/art/prefabs/construction_signs.prefab"}
{"class":"TSStatic","persistentId":"8e127927-436b-460b-819b-2259cd09bf8c","__parent":"road_signs","position":[846.709656,-107.434975,154.910706],"annotation":"POLE","isRenderEnabled":false,"rotationMatrix":[0.653715134,-0.756740928,-8.74227908e-08,-0.756740928,-0.65371573,-8.74228121e-08,9.00678643e-09,1.23306009e-07,-1.00000072],"shapeName":"/levels/west_coast_usa/art/shapes/objects/pole_fence1.dae","useInstanceRenderData":true}
{"class":"TSStatic","persistentId":"e2e132f4-61db-4fc0-bc77-f3938a7ad737","__parent":"road_signs","position":[846.900818,-107.704384,155.8423],"isRenderEnabled":false,"rotationMatrix":[-0.65371573,0.756740928,0,-0.756740928,-0.65371573,0,0,0,1],"shapeName":"/levels/west_coast_usa/art/shapes/objects/sign_chevron_L.dae","useInstanceRenderData":true}
{"class":"TSStatic","persistentId":"5449e567-73ad-4b81-bb68-cda79c7dedad","__parent":"road_signs","position":[-75.858139,113.077301,126.187401],"annotation":"POLE","isRenderEnabled":false,"shapeName":"/levels/west_coast_usa/art/shapes/objects/pole_fence2.dae","useInstanceRenderData":true}
{"class":"TSStatic","persistentId":"d0a90dcd-e928-4163-b8d8-593efaff5ab7","__parent":"road_signs","position":[-75.3922043,113.500954,127.675362],"annotation":"TRAFFIC_SIGNS","isRenderEnabled":false,"rotationMatrix":[0.69326067,0.720686913,0,-0.720686913,0.69326067,0,0,0,1],"shapeName":"/levels/west_coast_usa/art/shapes/objects/sign_twoway.dae","useInstanceRenderData":true}
{"class":"TSStatic","persistentId":"bb9a1c0c-354a-4117-8410-1d2d01591827","__parent":"road_signs","position":[-74.9755325,114.009178,126.187401],"annotation":"POLE","isRenderEnabled":false,"shapeName":"/levels/west_coast_usa/art/shapes/objects/pole_fence2.dae","useInstanceRenderData":true}
{"class":"TSStatic","persistentId":"1575b438-32ca-427b-af61-27e95ba1a621","__parent":"road_signs","position":[904.589355,-268.755096,155.47403],"annotation":"POLE","isRenderEnabled":false,"rotationMatrix":[0.363569736,-0.931567192,-8.74227766e-08,-0.931567192,-0.363569736,-8.74227837e-08,4.96559167e-08,1.1322448e-07,-1],"shapeName":"/levels/west_coast_usa/art/shapes/objects/pole_fence1.dae","useInstanceRenderData":true}
{"class":"TSStatic","persistentId":"d08f533e-e5af-4633-acfb-88ac3b78cdfe","__parent":"road_signs","position":[993.288513,-269.368774,152.100204],"isRenderEnabled":false,"rotationMatrix":[-0.905174255,0.425041139,0,-0.425041139,-0.905174255,0,0,0,1],"shapeName":"/levels/west_coast_usa/art/shapes/objects/sign_chevron_L.dae","useInstanceRenderData":true}
{"class":"TSStatic","persistentId":"25a72727-fefd-4c60-98bf-caacf0d65b44","__parent":"road_signs","position":[993.315735,-269.281982,151.16861],"annotation":"POLE","isRenderEnabled":false,"rotationMatrix":[0.905174255,-0.425041139,-8.74227766e-08,-0.425041139,-0.905174255,-8.74227837e-08,-4.19745732e-08,1.1629114e-07,-1],"shapeName":"/levels/west_coast_usa/art/shapes/objects/pole_fence1.dae","useInstanceRenderData":true}
{"class":"TSStatic","persistentId":"9bd1d79a-e888-41c5-8ef4-41f5657ebe13","__parent":"road_signs","position":[990.034851,-255.056625,150.892532],"isRenderEnabled":false,"rotationMatrix":[-0.999394655,-0.0347911716,0,0.0347911716,-0.999394655,0,0,0,1],"shapeName":"/levels/west_coast_usa/art/shapes/objects/sign_chevron_L.dae","useInstanceRenderData":true}
{"class":"TSStatic","persistentId":"993309fc-cde5-4058-add7-109d3f646720","__parent":"road_signs","position":[990.01947,-254.966965,149.960938],"annotation":"POLE","isRenderEnabled":false,"rotationMatrix":[0.999394655,0.0347911716,-8.74227766e-08,0.0347911716,-0.999394655,-8.74227837e-08,-9.04114046e-08,8.43283345e-08,-1],"shapeName":"/levels/west_coast_usa/art/shapes/objects/pole_fence1.dae","useInstanceRenderData":true}
{"class":"TSStatic","persistentId":"4e7fed54-f9dc-421b-ae38-96f75b221e92","__parent":"road_signs","position":[970.214233,-230.6492,147.1138],"annotation":"POLE","isRenderEnabled":false,"rotationMatrix":[0.732276201,0.681007683,-8.74227766e-08,0.681007683,-0.732276201,-8.74227837e-08,-1.23553207e-07,4.48204318e-09,-1],"shapeName":"/levels/west_coast_usa/art/shapes/objects/pole_fence1.dae","useInstanceRenderData":true}
{"class":"TSStatic","persistentId":"92bdf5b3-2c17-4a0a-820e-632d808433c5","__parent":"road_signs","position":[970.284546,-230.706879,148.045395],"isRenderEnabled":false,"rotationMatrix":[-0.732276201,-0.681007683,0,0.681007683,-0.732276201,0,0,0,1],"shapeName":"/levels/west_coast_usa/art/shapes/objects/sign_chevron_L.dae","useInstanceRenderData":true}
{"class":"TSStatic","persistentId":"ed15b994-96df-43eb-8e56-4455faeaad91","__parent":"road_signs","position":[904.532288,-268.814667,156.421829],"isRenderEnabled":false,"rotationMatrix":[-0.477184534,0.878803134,0,-0.878803134,-0.477184534,0,0,0,1],"shapeName":"/levels/west_coast_usa/art/shapes/objects/sign_chevron_R.dae","useInstanceRenderData":true}
{"class":"TSStatic","persistentId":"0516f404-85db-47fd-bbe9-f3b163ded4fb","__parent":"road_signs","position":[915.920349,-268.033813,156.026352],"isRenderEnabled":false,"rotationMatrix":[-0.339004338,0.940784693,0,-0.940784693,-0.339004338,0,0,0,1],"shapeName":"/levels/west_coast_usa/art/shapes/objects/sign_chevron_R.dae","useInstanceRenderData":true}
{"class":"TSStatic","persistentId":"fbe1a905-183e-469e-8609-c222dc374d86","__parent":"road_signs","position":[915.985779,-267.983521,155.078552],"annotation":"POLE","isRenderEnabled":false,"rotationMatrix":[0.218724594,-0.975786686,-8.74227766e-08,-0.975786686,-0.218724594,-8.74227837e-08,6.61844766e-08,1.04427507e-07,-1],"shapeName":"/levels/west_coast_usa/art/shapes/objects/pole_fence1.dae","useInstanceRenderData":true}
{"class":"TSStatic","persistentId":"f83663a7-0682-409c-b25d-82671092c519","__parent":"road_signs","position":[928.226807,-269.720551,155.938553],"isRenderEnabled":false,"rotationMatrix":[-0.259670317,0.965697229,0,-0.965697229,-0.259670317,0,0,0,1],"shapeName":"/levels/west_coast_usa/art/shapes/objects/sign_chevron_R.dae","useInstanceRenderData":true}
{"class":"TSStatic","persistentId":"6a32e258-353a-42dd-b16e-4aae016653c2","__parent":"road_signs","position":[928.296204,-269.675873,154.990753],"annotation":"POLE","isRenderEnabled":false,"rotationMatrix":[0.136898398,-0.990585148,-8.74227766e-08,-0.990585148,-0.136898398,-8.74227837e-08,7.46316715e-08,9.85677531e-08,-1],"shapeName":"/levels/west_coast_usa/art/shapes/objects/pole_fence1.dae","useInstanceRenderData":true}
{"class":"TSStatic","persistentId":"ccbc2879-5bc7-441e-b80d-bec5d43942eb","__parent":"road_signs","position":[938.154297,-272.79306,155.642639],"isRenderEnabled":false,"rotationMatrix":[-0.077564165,0.996987104,0,-0.996987104,-0.077564165,0,0,0,1],"shapeName":"/levels/west_coast_usa/art/shapes/objects/sign_chevron_R.dae","useInstanceRenderData":true}
{"class":"TSStatic","persistentId":"f534b9f4-4878-4c04-b8b6-ba25f6a9e2af","__parent":"road_signs","position":[938.230774,-272.761932,154.694839],"annotation":"POLE","isRenderEnabled":false,"rotationMatrix":[-0.0476909131,-0.998862028,-8.74227766e-08,-0.998862028,0.0476909131,-8.74227837e-08,9.14925735e-08,8.31540348e-08,-1],"shapeName":"/levels/west_coast_usa/art/shapes/objects/pole_fence1.dae","useInstanceRenderData":true}
{"class":"TSStatic","persistentId":"612f83a1-24d9-45f5-b097-7c93778b78ff","__parent":"road_signs","position":[945.598694,-277.711212,155.524887],"isRenderEnabled":false,"rotationMatrix":[0.0107971057,0.999941468,0,-0.999941468,0.0107971057,0,0,0,1],"shapeName":"/levels/west_coast_usa/art/shapes/objects/sign_chevron_R.dae","useInstanceRenderData":true}
{"class":"TSStatic","persistentId":"4be02855-5f7f-45d4-83d7-71ec8a2a9b53","__parent":"road_signs","position":[945.677612,-277.686951,154.577087],"annotation":"POLE","isRenderEnabled":false,"rotationMatrix":[-0.13572827,-0.990746021,-8.74227766e-08,-0.990746021,0.13572827,-8.74227837e-08,9.84795179e-08,7.47480442e-08,-1],"shapeName":"/levels/west_coast_usa/art/shapes/objects/pole_fence1.dae","useInstanceRenderData":true}
