{"name":"fuel_nodeline_pump_icon_1","class":"BeamNGPointOfInterest","persistentId":"cf29facf-381d-4789-ab29-c72262f656b2","__parent":"Petrol_station","position":[-312.293945,61.145134,34.0775299]}
{"name":"fuel_nodeline_pump_area_1","class":"BeamNGGameplayArea","persistentId":"b2500c3e-7ce1-4360-ad07-a46b6d9bab27","__parent":"Petrol_station","position":[-312.294983,61.144722,32.3296814],"rotationMatrix":[0.708287716,-0.705923975,0,0.705923975,0.708287716,0,0,0,1],"scale":[1.89999998,0.449999988,1]}
{"class":"TSStatic","persistentId":"024c840e-c20f-4a8e-9cd4-eee0db21ee84","__parent":"Petrol_station","position":[-312.090393,72.2068329,32.3186951],"annotation":"OBSTACLES","isRenderEnabled":false,"rotationMatrix":[0.965925694,-0.258819133,0,0.258819133,0.965925694,0,0,0,1],"shapeName":"/levels/hirochi_raceway/art/shapes/buildings/hr_petrolstation_sign.DAE"}
{"class":"TSStatic","persistentId":"2ef962c5-3675-43f6-8ae8-20a474d0443d","__parent":"Petrol_station","position":[-301.724182,55.048111,31.8447075],"annotation":"OBSTACLES","isRenderEnabled":false,"rotationMatrix":[0.850206077,0.526449978,0,-0.526450038,0.850206196,0,0,0,1],"shapeName":"/levels/hirochi_raceway/art/shapes/buildings/hr_drum.DAE"}
{"class":"TSStatic","persistentId":"3cb8719f-6927-4471-95d0-5ff854973592","__parent":"Petrol_station","position":[-306.944244,51.8222885,32.1296806],"annotation":"BUILDINGS","isRenderEnabled":false,"rotationMatrix":[-0.70710659,-0.70710659,0,0.70710659,-0.70710659,0,0,0,1],"shapeName":"/levels/hirochi_raceway/art/shapes/buildings/hirochi_petrolstation_pump.DAE"}
{"class":"TSStatic","persistentId":"483d0fea-69c6-4282-b1b5-8a9e43025a72","__parent":"Petrol_station","position":[-304.493317,56.3902054,31.9941635],"annotation":"OBSTACLES","isRenderEnabled":false,"rotationMatrix":[0.23381415,0.95843786,0.163486421,-0.967284441,0.212274984,0.138925418,0.0984473005,-0.190620601,0.976714909],"shapeName":"/levels/hirochi_raceway/art/shapes/buildings/hr_drum.DAE"}
{"class":"TSStatic","persistentId":"4f4372f0-0c68-49d5-b500-4098dcb66b88","__parent":"Petrol_station","position":[-301.319366,54.5745049,31.8447075],"annotation":"OBSTACLES","isRenderEnabled":false,"rotationMatrix":[-0.473075032,-0.881022215,0,0.881022036,-0.473075092,0,0,0,1],"shapeName":"/levels/hirochi_raceway/art/shapes/buildings/hr_drum.DAE"}
{"class":"TSStatic","persistentId":"6b68c1cd-6254-4300-8f03-2456a92c8eb8","__parent":"Petrol_station","position":[-304.338501,56.1212006,31.8485107],"annotation":"OBSTACLES","isRenderEnabled":false,"rotationMatrix":[0.492223352,-0.843684852,-0.214271262,0.864884019,0.501856267,0.010769479,0.0984473079,-0.19062075,0.97671479],"shapeName":"/levels/hirochi_raceway/art/shapes/buildings/hr_smalltrolley.DAE"}
{"class":"TSStatic","persistentId":"d97818ac-082b-4416-8c75-9f06744da56e","__parent":"Petrol_station","position":[-300.725647,54.1817894,31.8447075],"annotation":"OBSTACLES","isRenderEnabled":false,"rotationMatrix":[0.999524951,0.0308160633,0,-0.0308160782,0.999525011,0,0,0,1],"shapeName":"/levels/hirochi_raceway/art/shapes/buildings/hr_drum.DAE"}
{"class":"TSStatic","persistentId":"e4b5e73b-05fb-4c17-94b1-4e1fcdc99daf","__parent":"Petrol_station","position":[-315.386902,58.4972382,32.3272362],"annotation":"OBSTACLES","isRenderEnabled":false,"rotationMatrix":[-0.965925395,0.258818924,0,-0.258818924,-0.965925395,0,0,0,1],"shapeName":"/levels/hirochi_raceway/art/shapes/buildings/hr_firextinguisher.DAE"}
{"class":"TSStatic","persistentId":"e5a66270-11a1-4a2f-b5d3-0a1642325a1e","__parent":"Petrol_station","position":[-314.661621,58.6276245,32.3020973],"annotation":"OBSTACLES","isRenderEnabled":false,"shapeName":"/levels/hirochi_raceway/art/shapes/buildings/hr_plasticbarrel.DAE"}
{"class":"TSStatic","persistentId":"fa892f38-f84a-4e22-a7c5-393882cc3e90","__parent":"Petrol_station","position":[-310.835449,62.716053,32.3277969],"annotation":"OBSTACLES","isRenderEnabled":false,"rotationMatrix":[-0.034920495,0.999390125,0,-0.999390125,-0.034920495,0,0,0,1],"shapeName":"/levels/hirochi_raceway/art/shapes/buildings/hr_metalbin.DAE"}
{"class":"Prefab","persistentId":"e2c11c3a-99e0-4e5f-b4fc-25af3c1176a7","__parent":"Petrol_station","position":[-310.658325,49.473114,32.2373886],"annotation":"OBSTACLES","filename":"/levels/hirochi_raceway/art/prefabs/tire_set.prefab"}
