{"class":"TSStatic","persistentId":"4562adf1-4c64-4f3e-b860-6a1bed91ab89","__parent":"speedCamera_006","position":[403.47821,1605.84131,77.1556015],"isRenderEnabled":false,"rotationMatrix":[0.968736172,-0.248090595,0.00116441748,0.248091727,0.968736112,-0.000942544371,-0.000894176832,0.00120195909,0.999998868],"scale":[0.908789277,0.908789277,0.908789277],"shapeName":"/levels/west_coast_usa/art/shapes/objects/s_sign_speedcam.dae","useInstanceRenderData":true}
{"class":"TSStatic","persistentId":"bbe0a5e9-bd80-4271-820c-f177c098f231","__parent":"speedCamera_006","position":[409.202576,1678.75061,72.4549026],"isRenderEnabled":false,"rotationMatrix":[0.995709956,0.0925294161,0,-0.0925294161,0.995709956,0,0,0,1],"shapeName":"/levels/west_coast_usa/art/shapes/objects/s_camera_pole.dae","useInstanceRenderData":true}
{"class":"TSStatic","persistentId":"e74fd602-abfa-4efa-ae18-73548f38059f","__parent":"speedCamera_006","position":[409.202576,1678.75061,77.4427643],"isRenderEnabled":false,"rotationMatrix":[0.995709956,0.0925294161,0,-0.0925294161,0.995709956,0,0,0,1],"shapeName":"/levels/west_coast_usa/art/shapes/objects/s_camera_speed1.dae","useInstanceRenderData":true}
{"class":"TSStatic","persistentId":"e8b5c0e2-2955-441c-a0c2-f391e07c1fbb","__parent":"speedCamera_006","position":[409.202576,1678.75061,76.6427689],"isRenderEnabled":false,"rotationMatrix":[0.995709956,0.0925294161,0,-0.0925294161,0.995709956,0,0,0,1],"shapeName":"/levels/west_coast_usa/art/shapes/objects/s_camera_elbow.dae","useInstanceRenderData":true}
{"class":"TSStatic","persistentId":"bb2ac54c-8c68-456d-8e9e-7542e7891d26","__parent":"speedCamera_006","position":[408.735809,1678.7074,76.8427658],"isRenderEnabled":false,"rotationMatrix":[0.995709956,0.0925294161,0,-0.0925294161,0.995709956,0,0,0,1],"shapeName":"/levels/west_coast_usa/art/shapes/objects/s_camera_light2.dae","useInstanceRenderData":true}
{"name":"speedTrapLight6","class":"SpotLight","persistentId":"392c1958-cf94-43b3-adfa-1eba85336309","__parent":"speedCamera_006","position":[409.369843,1678.49768,77.4925537],"brightness":2.5,"color":[0.706376135,0.956328213,0.990281641,1],"flareScale":5,"flareType":"BNG_Sunflare_3","isEnabled":false,"outerAngle":60,"range":50,"rotationMatrix":[-0.982659101,-0.177529931,-0.053525582,0.182642996,-0.97652185,-0.114224903,-0.031990543,-0.122020163,0.992011964],"shadowDarkenColor":[0,0,0,0]}
{"name":"speedTrapTrigger6","class":"BeamNGTrigger","persistentId":"0a259251-76f0-4b8f-9f8c-6bbb9d7e803e","__parent":"speedCamera_006","position":[414.281372,1646.19482,76.2989044],"luaFunction":"onBeamNGTrigger","rotationMatrix":[0.999889672,-0.0148531543,0,0.0148531543,0.999889672,0,0,0,1],"scale":[11.5505304,9.5470953,8.0629158],"speedLimit":"15.6464","speedTrapLightName":"speedTrapLight6","speedTrapType":"speed"}
