{"class":"TSStatic","persistentId":"ad885571-04f3-40ec-a4b3-a553134f4f81","__parent":"machinery","position":[-1480.354,-924.666931,104.162743],"decalType":"None","isRenderEnabled":false,"rotationMatrix":[0.734310508,-0.678813517,0,0.678813517,0.734310508,0,0,0,0.999999881],"shapeName":"/levels/west_coast_usa/art/shapes/buildings/steel_factory/s_steel_factory_machinery_01.dae","useInstanceRenderData":true}
{"class":"TSStatic","persistentId":"83fb59e0-3da9-4df3-acdf-9ce79aadda34","__parent":"machinery","position":[-1419.26501,-981.030945,104.162743],"decalType":"None","isRenderEnabled":false,"rotationMatrix":[0.734310508,-0.678813517,0,0.678813517,0.734310508,0,0,0,0.999999881],"shapeName":"/levels/west_coast_usa/art/shapes/buildings/steel_factory/s_steel_factory_machinery_03.dae","useInstanceRenderData":true}
{"class":"TSStatic","persistentId":"4b33c0d9-19c0-46c9-881b-673bc064fb90","__parent":"machinery","position":[-1447.70801,-954.737732,104.162743],"decalType":"None","isRenderEnabled":false,"rotationMatrix":[0.734310508,-0.678813517,0,0.678813517,0.734310508,0,0,0,0.999999881],"shapeName":"/levels/west_coast_usa/art/shapes/buildings/steel_factory/s_steel_factory_machinery_03.dae","useInstanceRenderData":true}
{"class":"TSStatic","persistentId":"134741e9-6770-46d4-9b3e-bbcbd7e3de67","__parent":"machinery","position":[-1447.70801,-954.737732,104.162743],"decalType":"None","isRenderEnabled":false,"rotationMatrix":[0.734310508,-0.678813517,0,0.678813517,0.734310508,0,0,0,0.999999881],"shapeName":"/levels/west_coast_usa/art/shapes/buildings/steel_factory/s_steel_factory_machinery_02.dae","useInstanceRenderData":true}
{"class":"TSStatic","persistentId":"0aa2bdea-ce63-411e-8872-3ce84eca724c","__parent":"machinery","position":[-1419.26501,-981.030945,104.162743],"decalType":"None","isRenderEnabled":false,"rotationMatrix":[0.734310508,-0.678813517,0,0.678813517,0.734310508,0,0,0,0.999999881],"shapeName":"/levels/west_coast_usa/art/shapes/buildings/steel_factory/s_steel_factory_machinery_01.dae","useInstanceRenderData":true}
{"class":"TSStatic","persistentId":"f3762aa2-47aa-4990-9ace-c6fa0c188196","__parent":"machinery","position":[-1480.354,-924.666931,104.162743],"decalType":"None","isRenderEnabled":false,"rotationMatrix":[0.734310508,-0.678813517,0,0.678813517,0.734310508,0,0,0,0.999999881],"shapeName":"/levels/west_coast_usa/art/shapes/buildings/steel_factory/s_steel_factory_machinery_04.dae","useInstanceRenderData":true}
{"class":"TSStatic","persistentId":"64db1221-9ca0-47ec-b1d1-2b81c8df078a","__parent":"machinery","position":[-1306.66943,-780.532654,104.408997],"decalType":"None","isRenderEnabled":false,"rotationMatrix":[-0.679441273,-0.733729839,0,0.733729839,-0.679441273,0,0,0,0.999999881],"shapeName":"/levels/west_coast_usa/art/shapes/buildings/steel_factory/s_steel_factory_machinery_05.dae","useInstanceRenderData":true}
{"class":"TSStatic","persistentId":"e760f906-f5f3-45b7-b72a-c2166842fc8d","__parent":"machinery","position":[-1339.50269,-816.000549,104.408997],"decalType":"None","isRenderEnabled":false,"rotationMatrix":[-0.679441273,-0.733729839,0,0.733729839,-0.679441273,0,0,0,0.999999881],"shapeName":"/levels/west_coast_usa/art/shapes/buildings/steel_factory/s_steel_factory_machinery_05.dae","useInstanceRenderData":true}
{"class":"TSStatic","persistentId":"4fe614fc-016b-4186-a3ff-b062b9fcc229","__parent":"machinery","position":[-1429.9292,-904.594604,104.408997],"decalType":"None","isRenderEnabled":false,"rotationMatrix":[-0.679441273,-0.733729839,0,0.733729839,-0.679441273,0,0,0,0.999999881],"shapeName":"/levels/west_coast_usa/art/shapes/buildings/steel_factory/s_steel_factory_machinery_05.dae","useInstanceRenderData":true}
{"class":"TSStatic","persistentId":"1b521f7d-e241-4c83-ac16-5bc21fad30cd","__parent":"machinery","position":[-1374.96619,-899.334412,104.408997],"decalType":"None","isRenderEnabled":false,"rotationMatrix":[-0.679441273,-0.733729839,0,0.733729839,-0.679441273,0,0,0,0.999999881],"shapeName":"/levels/west_coast_usa/art/shapes/buildings/steel_factory/s_steel_factory_machinery_05.dae","useInstanceRenderData":true}
{"class":"TSStatic","persistentId":"fb33176a-a461-4128-9bfd-19cc660dcf04","__parent":"machinery","position":[-1316.79846,-831.336548,104.408997],"decalType":"None","isRenderEnabled":false,"rotationMatrix":[-0.679441273,-0.733729839,0,0.733729839,-0.679441273,0,0,0,0.999999881],"scale":[0.899999976,0.899999976,0.899999976],"shapeName":"/levels/west_coast_usa/art/shapes/buildings/steel_factory/s_steel_factory_machinery_05.dae","useInstanceRenderData":true}
{"class":"TSStatic","persistentId":"3999eb0e-5f8c-4a01-ac11-43b0c0aba164","__parent":"machinery","position":[-1407.36572,-881.810547,104.408997],"decalType":"None","isRenderEnabled":false,"rotationMatrix":[-0.679441273,-0.733729839,0,0.733729839,-0.679441273,0,0,0,0.999999881],"shapeName":"/levels/west_coast_usa/art/shapes/buildings/steel_factory/s_steel_factory_machinery_06.dae","useInstanceRenderData":true}
{"class":"TSStatic","persistentId":"5b413d58-eef3-48bd-b5ba-8fa4fe3376a8","__parent":"machinery","position":[-1429.13318,-905.317322,104.408997],"decalType":"None","isRenderEnabled":false,"rotationMatrix":[-0.679441273,-0.733729839,0,0.733729839,-0.679441273,0,0,0,0.999999881],"shapeName":"/levels/west_coast_usa/art/shapes/buildings/steel_factory/s_steel_factory_machinery_06.dae","useInstanceRenderData":true}
{"class":"TSStatic","persistentId":"4e16471b-4dda-4cf9-b1b2-4a94081c4779","__parent":"machinery","position":[-1396.43274,-870.003906,104.408997],"decalType":"None","isRenderEnabled":false,"rotationMatrix":[-0.679441273,-0.733729839,0,0.733729839,-0.679441273,0,0,0,0.999999881],"shapeName":"/levels/west_coast_usa/art/shapes/buildings/steel_factory/s_steel_factory_machinery_06.dae","useInstanceRenderData":true}
{"class":"TSStatic","persistentId":"3a904dc1-e6d7-432d-833c-94def58dd5ff","__parent":"machinery","position":[-1316.82532,-793.097473,104.408997],"decalType":"None","isRenderEnabled":false,"rotationMatrix":[-0.679441273,-0.733729839,0,0.733729839,-0.679441273,0,0,0,0.999999881],"shapeName":"/levels/west_coast_usa/art/shapes/buildings/steel_factory/s_steel_factory_machinery_06.dae","useInstanceRenderData":true}
{"class":"TSStatic","persistentId":"f51cf4aa-7ae5-436c-806e-9dc08013965f","__parent":"machinery","position":[-1338.69421,-816.713623,104.408997],"decalType":"None","isRenderEnabled":false,"rotationMatrix":[-0.679441273,-0.733729839,0,0.733729839,-0.679441273,0,0,0,0.999999881],"shapeName":"/levels/west_coast_usa/art/shapes/buildings/steel_factory/s_steel_factory_machinery_06.dae","useInstanceRenderData":true}
{"class":"TSStatic","persistentId":"0636c0ea-8ac8-404d-a2ba-ba1a06737adc","__parent":"machinery","position":[-1283.99646,-757.64563,104.408997],"decalType":"None","isRenderEnabled":false,"rotationMatrix":[-0.679441273,-0.733729839,0,0.733729839,-0.679441273,0,0,0,0.999999881],"shapeName":"/levels/west_coast_usa/art/shapes/buildings/steel_factory/s_steel_factory_machinery_06.dae","useInstanceRenderData":true}
{"class":"TSStatic","persistentId":"c5c0802a-f3e9-461d-9772-021d5ad91ca8","__parent":"machinery","position":[-1305.88708,-781.285278,104.408997],"decalType":"None","isRenderEnabled":false,"rotationMatrix":[-0.679441273,-0.733729839,0,0.733729839,-0.679441273,0,0,0,0.999999881],"shapeName":"/levels/west_coast_usa/art/shapes/buildings/steel_factory/s_steel_factory_machinery_06.dae","useInstanceRenderData":true}
{"class":"TSStatic","persistentId":"a8121478-437a-453a-b02b-dafefa0f5b11","__parent":"machinery","position":[-1316.08594,-831.989075,104.408997],"decalType":"None","isRenderEnabled":false,"rotationMatrix":[-0.679441273,-0.733729839,0,0.733729839,-0.679441273,0,0,0,0.999999881],"scale":[0.899999976,0.899999976,0.899999976],"shapeName":"/levels/west_coast_usa/art/shapes/buildings/steel_factory/s_steel_factory_machinery_06.dae","useInstanceRenderData":true}
{"class":"TSStatic","persistentId":"c9b317ea-cd35-470b-8a0e-f42b3d96e819","__parent":"machinery","position":[-1296.39954,-810.735229,104.408997],"decalType":"None","isRenderEnabled":false,"rotationMatrix":[-0.679441273,-0.733729839,0,0.733729839,-0.679441273,0,0,0,0.999999881],"scale":[0.899999976,0.899999976,0.899999976],"shapeName":"/levels/west_coast_usa/art/shapes/buildings/steel_factory/s_steel_factory_machinery_06.dae","useInstanceRenderData":true}
{"class":"TSStatic","persistentId":"6c24eb7b-586f-4ad0-8c26-e78d9a1d6f07","__parent":"machinery","position":[-1352.3031,-876.440918,104.408997],"decalType":"None","isRenderEnabled":false,"rotationMatrix":[-0.679441273,-0.733729839,0,0.733729839,-0.679441273,0,0,0,0.999999881],"shapeName":"/levels/west_coast_usa/art/shapes/buildings/steel_factory/s_steel_factory_machinery_06.dae","useInstanceRenderData":true}
{"class":"TSStatic","persistentId":"f507dd3e-380d-4c1d-b5ae-0d6fa27119cc","__parent":"machinery","position":[-1374.17737,-900.062988,104.408997],"decalType":"None","isRenderEnabled":false,"rotationMatrix":[-0.679441273,-0.733729839,0,0.733729839,-0.679441273,0,0,0,0.999999881],"shapeName":"/levels/west_coast_usa/art/shapes/buildings/steel_factory/s_steel_factory_machinery_06.dae","useInstanceRenderData":true}
{"class":"TSStatic","persistentId":"2da10a9d-35ac-4d5d-845a-99175839ef89","__parent":"machinery","position":[-1336.47375,-852.57605,104.408997],"decalType":"None","isRenderEnabled":false,"rotationMatrix":[-0.679441273,-0.733729839,0,0.733729839,-0.679441273,0,0,0,0.999999881],"scale":[0.899999976,0.899999976,0.899999976],"shapeName":"/levels/west_coast_usa/art/shapes/buildings/steel_factory/s_steel_factory_machinery_05.dae","useInstanceRenderData":true}
