id=0
list=barnfind_all
slotp=28.945104598999,-349.74282836914,191.94526672363
slotr=0.0052622835510741,0.00061113140268744,-0.11007332416121,0.99390935109714