id=1
list=barnfind_all
slotp=-383.1413269043,734.49475097656,248.93455505371
slotr=0.0029933944105063,0.0049765905312329,-0.75997918988634,0.64992145992904