id=2
list=barnfind_all
slotp=828.20867919922,-682.80651855469,180.35363769531
slotr=0.0049223979302384,0.00056223438675796,-0.3954323758061,0.91848173093179