hours=8.5,13.5
id=4
pspos=-1766.7913818359,1415.3477783203,138.31959533691
psrot=0.0052410205784178,-0.0003050015623179,-0.7031167699673,0.71105502351654
slots=4
slotp1=-1766.9143066406,1412.0819091797,138.32284545898
slotr1=0.0048834092734125,0.0023514129636398,-0.70667678024006,0.70751576055978
slotp2=-1766.9141845703,1408.9987792969,138.32440185547
slotr2=0.0016295870523021,0.0024767280730137,-0.71356499658954,0.70058276163938
slotp3=-1766.8649902344,1406.0998535156,138.31977844238
slotr3=0.0030559343782214,0.0034627226860807,-0.71164860379932,0.70252041644863
slotp4=-1766.7788085938,1403.0153808594,138.32092285156
slotr4=0.0043753512138521,0.0016073892609104,-0.70503273532221,0.70915944238627