hours=7,12
id=3
pspos=181.70405578613,1369.4344482422,187.32197570801
psrot=0.00070545536492346,-0.0047196410987736,0.92340680392119,0.38379304552413
slots=4
slotp1=183.76612854004,1371.4493408203,187.32054138184
slotr1=-0.00029800291707049,-0.0043069981036762,0.92586315020498,0.37783433943212
slotp2=185.66177368164,1373.3046875,187.33410644531
slotr2=0.00051929269501683,-0.0064437089558101,0.92526371806927,0.37926937784985
slotp3=187.5746307373,1375.1656494141,187.3429107666
slotr3=0.0016049921513377,-0.00355246048247,0.92467389100842,0.38074006790993
slotp4=189.51260375977,1377.0484619141,187.34049987793
slotr4=0.00096306590683758,-0.0063897774466842,0.92713031687548,0.37468335802196