club=italyCrossroadsRaceClub
opsp=642.7978515625,911.01892089844,177.73799133301
opsr=0.011746422914662,0.0075522453237166,0.9993270505919,0.033918005462836
pspos=638.86547851563,911.10040283203,177.7361907959
psrot=-0.0079916030694492,0.0097954794478728,0.99925388320724,0.036494653827816
psscl=3.5,6.2,10
cname=Crossroads Race Club
hours=0,0
restricted=1