club=italyAirportRaceClub
opsp=-630.37475585938,1840.6207275391,152.62838745117
opsr=0.0021281186129357,0.0044566165909999,-0.77494974221933,0.63200356542818
pspos=-632.43212890625,1852.7379150391,152.62603759766
psrot=0.0037180759227794,0.0023555160852724,-0.77422639198438,0.63289345186237
psscl=3.5,6.2,10
cname=Airport Drag Club
hours=0,0
restricted=1
id=10