club=italyHighwayRaceClubA
opsp=622.85052490234,1178.3038330078,163.50512695313
opsr=-0.013500243453819,0.021204049472094,-0.58649563912733,0.80956222552519
pspos=624.50994873047,1181.7332763672,163.61996459961
psrot=-0.0044791006013363,0.010108965090756,-0.59304051953997,0.80509669522757
psscl=3.5,6.2,10
cname=Quick Drag Race Club
hours=0,0
restricted=1