club=italyHighwayRaceClubB
opsp=-1329.8132324219,1502.802734375,164.52243041992
opsr=0.0018379032488114,-0.0033629019216947,0.68917865950305,0.72458131930646
pspos=-1329.9063720703,1498.6734619141,164.52178955078
psrot=0.0025839669223858,-0.0030358341279736,0.69099229474326,0.72285112950838
psscl=3.5,5.8,10
cname=Highway Run Club
hours=0,0