club=italyVineyardRaceClub
opsp=126.95180511475,-305.18078613281,193.22906494141
opsr=-0.016379008085404,-0.018572961258995,-0.018454012170341,0.99952299755385
pspos=123.22050476074,-305.61315917969,193.2467956543
psrot=-0.015993136221763,0.015554356887166,-0.019682927155691,0.99955733400051
psscl=3.5,6.2,10
cname=Vineyard Race Club
hours=0,0
restricted=1