{"class":"TSStatic","persistentId":"53ea3f3f-0b01-4853-bd13-e09d3aad2f02","__parent":"CBF_concreteStore","position":[-537.227112,58.5987625,102.910721],"isRenderEnabled":false,"rotationMatrix":[0.707106829,-0.707106709,0,0.707106709,0.707106829,0,0,0,1],"scale":[1.24892569,1.24892569,1.24892569],"shapeName":"/art/shapes/objects/s_scrap_fence_end_5.dae","useInstanceRenderData":true}
{"class":"TSStatic","persistentId":"10f9fd58-c347-4542-81f4-f2e6ad632b35","__parent":"CBF_concreteStore","position":[-541.675842,63.0699844,102.99382],"isRenderEnabled":false,"rotationMatrix":[0.707106829,-0.707106769,0,0.707106769,0.707106829,0,0,0,1],"scale":[1.24892569,1.24892569,1.24892569],"shapeName":"/art/shapes/objects/s_scrap_fence_5.dae","useInstanceRenderData":true}
{"class":"TSStatic","persistentId":"6625acbc-c8b0-44e4-b173-496828ace546","__parent":"CBF_concreteStore","position":[-533.568298,60.4721336,99.4399948],"isRenderEnabled":false,"rotationMatrix":[-0.707106709,0.707106471,0,-0.707106471,-0.707106709,0,0,0,1],"shapeName":"/levels/west_coast_usa/art/shapes/objects/s_gm_flip_ramp_4x4.dae","useInstanceRenderData":true}
{"class":"TSStatic","persistentId":"9363d351-5cd5-427f-b3f4-ed6c38060495","__parent":"CBF_concreteStore","position":[-530.739868,57.6437073,99.4399948],"isRenderEnabled":false,"rotationMatrix":[-0.707106709,0.707106471,0,-0.707106471,-0.707106709,0,0,0,1],"shapeName":"/levels/west_coast_usa/art/shapes/objects/s_gm_flip_ramp_4x4.dae","useInstanceRenderData":true}
{"class":"TSStatic","persistentId":"2dc873cb-fd0b-4697-b233-0b1eb1a16cf3","__parent":"CBF_concreteStore","position":[-539.366882,65.4536972,99.4982529],"isRenderEnabled":false,"rotationMatrix":[-0.707106709,0.707106411,0,-0.707106411,-0.707106709,0,0,0,1],"shapeName":"/levels/west_coast_usa/art/shapes/buildings/s_concrete_store_office.dae","useInstanceRenderData":true}
{"class":"TSStatic","persistentId":"618a8739-e461-4616-97b4-8e3b8dfd9927","__parent":"CBF_concreteStore","position":[-496.114563,56.2040749,99.6892166],"isRenderEnabled":false,"rotationMatrix":[0.982968152,-0.183775961,0,0.183775961,0.982968152,0,0,0,1],"shapeName":"/levels/west_coast_usa/art/shapes/buildings/leanto_small.dae","useInstanceRenderData":true}
{"class":"TSStatic","persistentId":"f3d96d03-c4d5-4a2c-a57f-e274dd61de43","__parent":"CBF_concreteStore","position":[-509.758118,91.6290054,101.895744],"isRenderEnabled":false,"rotationMatrix":[0.999838054,-0.0179948304,0,0.0179948304,0.999838054,0,0,0,1],"shapeName":"/levels/driver_training/art/shapes/buildings/s_light_pole.dae","useInstanceRenderData":true}
{"class":"TSStatic","persistentId":"77355d06-280c-4583-86dc-55e6bd1de928","__parent":"CBF_concreteStore","position":[-498.049225,39.3646355,99.0241623],"isRenderEnabled":false,"rotationMatrix":[-0.309974045,-0.950744927,0,0.950744927,-0.309974045,0,0,0,0.999999881],"shapeName":"/levels/driver_training/art/shapes/buildings/s_light_pole.dae","useInstanceRenderData":true}
{"class":"TSStatic","persistentId":"33b1d8fe-bd5c-4de2-afad-df6ce1911463","__parent":"CBF_concreteStore","position":[-536.962524,82.4128494,101.892632],"isRenderEnabled":false,"rotationMatrix":[0.71971643,0.694268167,0,-0.694268167,0.71971643,0,0,0,1],"shapeName":"/levels/driver_training/art/shapes/buildings/s_light_pole.dae","useInstanceRenderData":true}
{"class":"TSStatic","persistentId":"ba07c179-9eed-4cd3-a378-aa21d48b5508","__parent":"CBF_concreteStore","position":[-551.434448,46.9605103,99.3713989],"isRenderEnabled":false,"rotationMatrix":[-0.707106709,-0.707106531,0,0.707106531,-0.707106709,0,0,0,1],"shapeName":"/levels/west_coast_usa/art/shapes/buildings/warehouse_large.dae","useInstanceRenderData":true}
{"class":"TSStatic","persistentId":"68899100-e0b9-4b72-8f4f-bcc8957374df","__parent":"CBF_concreteStore","position":[-489.3349,75.4241943,99.6559219],"isRenderEnabled":false,"rotationMatrix":[0.20990932,0.977720737,0,-0.977720737,0.20990932,0,0,0,1],"shapeName":"/levels/west_coast_usa/art/shapes/buildings/s_moviestudio_signwarn_002.dae","useInstanceRenderData":true}
{"class":"TSStatic","persistentId":"0023aff8-df87-4a83-8d72-c36a01aba8ec","__parent":"CBF_concreteStore","position":[-491.790619,75.4780045,99.4999542],"instanceColor":[1,0.768627524,0.215686291,1],"isRenderEnabled":false,"rotationMatrix":[0.73652333,0.676412046,0,-0.676412046,0.73652333,0,0,0,0.999999881],"shapeName":"/levels/west_coast_usa/art/shapes/objects/bollard_yellow.dae","useInstanceRenderData":true}
{"class":"TSStatic","persistentId":"c19795ce-6694-436b-96ce-670e722437ed","__parent":"CBF_concreteStore","position":[-494.746704,75.554245,99.3976746],"instanceColor":[1,0.768627524,0.215686291,1],"isRenderEnabled":false,"rotationMatrix":[0.73652333,0.676412046,0,-0.676412046,0.73652333,0,0,0,0.999999881],"shapeName":"/levels/west_coast_usa/art/shapes/objects/bollard_yellow.dae","useInstanceRenderData":true}
{"class":"TSStatic","persistentId":"1010ab53-ec45-4137-ae5a-bb1b816eff0e","__parent":"CBF_concreteStore","position":[-497.599609,75.0008163,99.5504074],"isRenderEnabled":false,"rotationMatrix":[0.0848573446,-0.996269345,-0.015693374,0.996331096,0.0846660733,0.0124771725,-0.0111019313,-0.0166945774,0.999799013],"shapeName":"/levels/west_coast_usa/art/shapes/objects/jerseybarrier_3m.dae","useInstanceRenderData":true}
{"class":"TSStatic","persistentId":"12cd9cda-90d9-49f0-9bd2-a6ed1481fc4e","__parent":"CBF_concreteStore","position":[-493.237549,73.6771851,99.9434052],"isRenderEnabled":false,"rotationMatrix":[0.999304116,-0.0372995846,0,0.0372995846,0.999304116,0,0,0,1],"shapeName":"/levels/west_coast_usa/art/shapes/buildings/transformer_ground.dae","useInstanceRenderData":true}
{"class":"TSStatic","persistentId":"e21f3273-d997-4d66-8f1f-05c0e8ca16f1","__parent":"CBF_concreteStore","position":[-494.746704,71.9280167,99.3976746],"instanceColor":[1,0.768627524,0.215686291,1],"isRenderEnabled":false,"rotationMatrix":[0.73652333,0.676412046,0,-0.676412046,0.73652333,0,0,0,0.999999881],"shapeName":"/levels/west_coast_usa/art/shapes/objects/bollard_yellow.dae","useInstanceRenderData":true}
{"class":"TSStatic","persistentId":"4649cf76-d2c0-44fc-8f79-bbb2345ac3c8","__parent":"CBF_concreteStore","position":[-495.820007,73.760788,99.3976746],"instanceColor":[1,0.768627524,0.215686291,1],"isRenderEnabled":false,"rotationMatrix":[0.73652333,0.676412046,0,-0.676412046,0.73652333,0,0,0,0.999999881],"shapeName":"/levels/west_coast_usa/art/shapes/objects/bollard_yellow.dae","useInstanceRenderData":true}
{"class":"TSStatic","persistentId":"0ed070e8-6759-4d6e-8e1e-d32948125934","__parent":"CBF_concreteStore","position":[-500.903076,74.4960709,99.5479889],"isRenderEnabled":false,"rotationMatrix":[0.256234825,-0.966398656,-0.0204323158,0.966606081,0.256264448,0.00119981263,0.00407658238,-0.0200574324,0.99979049],"shapeName":"/levels/west_coast_usa/art/shapes/objects/jerseybarrier_3m.dae","useInstanceRenderData":true}
{"class":"TSStatic","persistentId":"2cf9c318-2d49-4a68-98cd-1bea3bf6a32c","__parent":"CBF_concreteStore","position":[-489.718079,76.0091858,103.512962],"isRenderEnabled":false,"rotationMatrix":[-0.720774531,0.69317013,2.23517418e-08,-0.666263282,-0.692796111,0.275912166,0.19125405,0.198870331,0.961182833],"shapeName":"/levels/west_coast_usa/art/shapes/objects/s_camera_light1.dae","useInstanceRenderData":true}
{"class":"TSStatic","persistentId":"0d9a712e-c03b-46f3-b667-0aba0c1f3fc9","__parent":"CBF_concreteStore","position":[-489.883667,75.8373489,99.8666687],"isRenderEnabled":false,"rotationMatrix":[-0.173648119,-0.98480767,0,0.98480767,-0.173648119,0,0,0,1],"scale":[0.726550341,0.726550341,0.726550341],"shapeName":"/levels/west_coast_usa/art/shapes/objects/s_camera_pole.dae","useInstanceRenderData":true}
{"class":"TSStatic","persistentId":"7065b21e-8a13-46c7-a960-29a76fe2bf18","__parent":"CBF_concreteStore","position":[-576.72229,35.0475769,101.054245],"isRenderEnabled":false,"rotationMatrix":[0.717917502,0.696128249,1.86264515e-08,-0.692908406,0.714596868,-0.0960699692,-0.0668770224,0.0689703003,0.99537456],"shapeName":"/levels/west_coast_usa/art/shapes/objects/s_gm_pipe_concrete_d120.dae","useInstanceRenderData":true}
{"class":"TSStatic","persistentId":"f0cd84e2-f294-4aa3-8441-6d043f9e0bde","__parent":"CBF_concreteStore","position":[-573.719238,18.596941,100.741844],"isRenderEnabled":false,"rotationMatrix":[0.682052374,-0.731303394,0,0.731303394,0.682052374,0,0,0,1],"shapeName":"/levels/west_coast_usa/art/shapes/objects/s_gm_pipe_concrete_d30.dae","useInstanceRenderData":true}
{"class":"TSStatic","persistentId":"40c38509-5976-48e1-8bdf-b0beeb7bb034","__parent":"CBF_concreteStore","position":[-580.942322,25.8677425,100.555992],"isRenderEnabled":false,"rotationMatrix":[0.707106709,-0.707106948,0,0.707106948,0.707106709,0,0,0,1],"shapeName":"/levels/west_coast_usa/art/shapes/objects/s_gm_barrier_concrete_01.dae","useInstanceRenderData":true}
{"class":"TSStatic","persistentId":"d5f1ffa9-b2a5-4a44-aca6-1f118d67fc53","__parent":"CBF_concreteStore","position":[-587.041687,28.4370766,100.555992],"isRenderEnabled":false,"rotationMatrix":[0.744239628,0.667912662,0,-0.667912662,0.744239628,0,0,0,1],"shapeName":"/levels/west_coast_usa/art/shapes/objects/s_gm_barrier_concrete_02.dae","useInstanceRenderData":true}
{"class":"TSStatic","persistentId":"a6d95348-c341-450b-8093-cc4a190fd610","__parent":"CBF_concreteStore","position":[-578.261658,32.1837769,100.843422],"isRenderEnabled":false,"rotationMatrix":[-0.72000134,0.693923891,-0.00829225592,-0.693949521,-0.720024347,0.000297903782,-0.00576389953,0.00596889574,0.999965549],"shapeName":"/levels/west_coast_usa/art/shapes/objects/s_gm_pipe_concrete_d60.dae","useInstanceRenderData":true}
{"class":"TSStatic","persistentId":"9771d04b-7760-4231-9e26-8891a467188d","__parent":"CBF_concreteStore","position":[-587.874939,27.4774361,100.555992],"isRenderEnabled":false,"rotationMatrix":[0.706163764,0.708048463,0,-0.708048463,0.706163764,0,0,0,1],"shapeName":"/levels/west_coast_usa/art/shapes/objects/s_gm_barrier_concrete_02.dae","useInstanceRenderData":true}
{"class":"TSStatic","persistentId":"d564d7fd-6f5a-4476-95e8-a2b8b3732d56","__parent":"CBF_concreteStore","position":[-588.60437,26.8295517,100.555992],"isRenderEnabled":false,"rotationMatrix":[0.714784026,0.69934535,0,-0.69934535,0.714784026,0,0,0,1],"shapeName":"/levels/west_coast_usa/art/shapes/objects/s_gm_barrier_concrete_02.dae","useInstanceRenderData":true}
{"class":"TSStatic","persistentId":"6da7dca3-7676-49a1-bdf6-19aa7106bfc3","__parent":"CBF_concreteStore","position":[-589.404114,26.1867313,100.555992],"isRenderEnabled":false,"rotationMatrix":[0.687285662,0.726387322,0,-0.726387322,0.687285662,0,0,0,1],"shapeName":"/levels/west_coast_usa/art/shapes/objects/s_gm_barrier_concrete_02.dae","useInstanceRenderData":true}
{"class":"TSStatic","persistentId":"d14a03b7-9235-43e1-befc-885adb52b3ae","__parent":"CBF_concreteStore","position":[-580.231079,24.9617825,100.555992],"isRenderEnabled":false,"rotationMatrix":[0.707106709,-0.707106948,0,0.707106948,0.707106709,0,0,0,1],"shapeName":"/levels/west_coast_usa/art/shapes/objects/s_gm_barrier_concrete_01.dae","useInstanceRenderData":true}
{"class":"TSStatic","persistentId":"caf82b33-4ccf-488e-a5d9-c3149cdb70a3","__parent":"CBF_concreteStore","position":[-579.249146,24.4569721,100.555992],"isRenderEnabled":false,"rotationMatrix":[0.707106709,-0.707106948,0,0.707106948,0.707106709,0,0,0,1],"shapeName":"/levels/west_coast_usa/art/shapes/objects/s_gm_barrier_concrete_01.dae","useInstanceRenderData":true}
{"class":"TSStatic","persistentId":"49ae00a2-1fd4-4e9e-bb7e-b5e55e1846fc","__parent":"CBF_concreteStore","position":[-574.527771,22.2284203,100.621391],"isRenderEnabled":false,"rotationMatrix":[0.707106709,-0.707106948,0,0.707106948,0.707106709,0,0,0,1],"shapeName":"/levels/west_coast_usa/art/shapes/objects/s_gm_barrier_concrete_01.dae","useInstanceRenderData":true}
{"class":"TSStatic","persistentId":"0dc02d84-0083-44f5-b120-9be6a3c32020","__parent":"CBF_concreteStore","position":[-573.648132,21.6605663,100.621391],"isRenderEnabled":false,"rotationMatrix":[0.686704278,-0.726936817,0,0.726936817,0.686704278,0,0,0,1],"shapeName":"/levels/west_coast_usa/art/shapes/objects/s_gm_barrier_concrete_01.dae","useInstanceRenderData":true}
{"class":"TSStatic","persistentId":"cd8348ef-cf26-4784-a910-f78246f8cf46","__parent":"CBF_concreteStore","position":[-572.944458,20.5038338,100.621391],"isRenderEnabled":false,"rotationMatrix":[0.707106709,-0.707106948,0,0.707106948,0.707106709,0,0,0,1],"shapeName":"/levels/west_coast_usa/art/shapes/objects/s_gm_barrier_concrete_01.dae","useInstanceRenderData":true}
{"class":"TSStatic","persistentId":"a2bca827-9914-437a-b353-056f18ad93ae","__parent":"CBF_concreteStore","position":[-577.756104,35.7146797,101.07354],"isRenderEnabled":false,"rotationMatrix":[0.717917502,0.696128249,1.86264515e-08,-0.692908406,0.714596868,-0.0960699692,-0.0668770224,0.0689703003,0.99537456],"shapeName":"/levels/west_coast_usa/art/shapes/objects/s_gm_pipe_concrete_d120.dae","useInstanceRenderData":true}
{"class":"TSStatic","persistentId":"35418aa5-95b5-40b4-a2e8-d1bbe9e9e292","__parent":"CBF_concreteStore","position":[-578.982422,36.2234344,101.093147],"isRenderEnabled":false,"rotationMatrix":[0.717917502,0.696128249,1.86264515e-08,-0.692908406,0.714596868,-0.0960699692,-0.0668770224,0.0689703003,0.99537456],"shapeName":"/levels/west_coast_usa/art/shapes/objects/s_gm_pipe_concrete_d120.dae","useInstanceRenderData":true}
{"class":"TSStatic","persistentId":"b9400700-93a0-482c-a90f-82c294c0fcb8","__parent":"CBF_concreteStore","position":[-578.049866,36.2450333,102.106544],"isRenderEnabled":false,"rotationMatrix":[0.717917502,0.696128249,1.86264515e-08,-0.692908406,0.714596868,-0.0960699692,-0.0668770224,0.0689703003,0.99537456],"shapeName":"/levels/west_coast_usa/art/shapes/objects/s_gm_pipe_concrete_d120.dae","useInstanceRenderData":true}
{"class":"TSStatic","persistentId":"9e6f37fc-c452-4f79-a591-bc3ee2bb5202","__parent":"CBF_concreteStore","position":[-577.131897,35.4833069,102.087456],"isRenderEnabled":false,"rotationMatrix":[0.717917502,0.696128249,1.86264515e-08,-0.692908406,0.714596868,-0.0960699692,-0.0668770224,0.0689703003,0.99537456],"shapeName":"/levels/west_coast_usa/art/shapes/objects/s_gm_pipe_concrete_d120.dae","useInstanceRenderData":true}
{"class":"TSStatic","persistentId":"ea9fbdd5-26d4-415c-8e46-de2211dc1ac4","__parent":"CBF_concreteStore","position":[-573.487244,18.8133335,100.741844],"isRenderEnabled":false,"rotationMatrix":[0.682052374,-0.731303394,0,0.731303394,0.682052374,0,0,0,1],"shapeName":"/levels/west_coast_usa/art/shapes/objects/s_gm_pipe_concrete_d30.dae","useInstanceRenderData":true}
{"class":"TSStatic","persistentId":"5f23f6f4-e946-45fa-b5e3-4e80288d172c","__parent":"CBF_concreteStore","position":[-573.256592,19.0284061,100.741844],"isRenderEnabled":false,"rotationMatrix":[0.682052374,-0.731303394,0,0.731303394,0.682052374,0,0,0,1],"shapeName":"/levels/west_coast_usa/art/shapes/objects/s_gm_pipe_concrete_d30.dae","useInstanceRenderData":true}
{"class":"TSStatic","persistentId":"8824963b-58d6-4edd-bc91-ca29dc63de98","__parent":"CBF_concreteStore","position":[-572.272888,19.9458847,100.741844],"isRenderEnabled":false,"rotationMatrix":[0.682052374,-0.731303394,0,0.731303394,0.682052374,0,0,0,1],"shapeName":"/levels/west_coast_usa/art/shapes/objects/s_gm_pipe_concrete_d30.dae","useInstanceRenderData":true}
{"class":"TSStatic","persistentId":"d3bdd803-5e45-4e52-91af-a80c9277d492","__parent":"CBF_concreteStore","position":[-571.97229,20.2262974,100.741844],"isRenderEnabled":false,"rotationMatrix":[0.682052374,-0.731303394,0,0.731303394,0.682052374,0,0,0,1],"shapeName":"/levels/west_coast_usa/art/shapes/objects/s_gm_pipe_concrete_d30.dae","useInstanceRenderData":true}
{"class":"TSStatic","persistentId":"6586ebbf-6bf6-4454-a6d4-f1a93f3fd8d7","__parent":"CBF_concreteStore","position":[-571.436462,20.7259865,100.741844],"isRenderEnabled":false,"rotationMatrix":[0.682052374,-0.731303394,0,0.731303394,0.682052374,0,0,0,1],"shapeName":"/levels/west_coast_usa/art/shapes/objects/s_gm_pipe_concrete_d30.dae","useInstanceRenderData":true}
{"class":"TSStatic","persistentId":"2cf19000-03a7-4e64-ae9b-d496ff9ee2e3","__parent":"CBF_concreteStore","position":[-572.675476,19.5704708,100.741844],"isRenderEnabled":false,"rotationMatrix":[0.633138001,-0.77403903,0,0.77403903,0.633138001,0,0,0,1],"shapeName":"/levels/west_coast_usa/art/shapes/objects/s_gm_pipe_concrete_d30.dae","useInstanceRenderData":true}
{"class":"TSStatic","persistentId":"07272b81-f3d4-49cf-a451-74cbc277f1cc","__parent":"CBF_concreteStore","position":[-577.962158,32.881218,100.840988],"isRenderEnabled":false,"rotationMatrix":[-0.708167672,0.705996096,-0.00829610601,-0.706021369,-0.708191156,0.000157686882,-0.00576389907,0.00596889574,0.999965549],"shapeName":"/levels/west_coast_usa/art/shapes/objects/s_gm_pipe_concrete_d60.dae","useInstanceRenderData":true}
{"class":"TSStatic","persistentId":"770123ec-cebe-468e-9dfb-940cdb4912b2","__parent":"CBF_concreteStore","position":[-577.265686,33.1241455,100.843552],"isRenderEnabled":false,"rotationMatrix":[-0.694622397,0.719326973,-0.00829760358,-0.719351768,-0.694646358,-2.32830644e-10,-0.00576389814,0.00596889481,0.999965549],"shapeName":"/levels/west_coast_usa/art/shapes/objects/s_gm_pipe_concrete_d60.dae","useInstanceRenderData":true}
{"class":"TSStatic","persistentId":"2ac91db4-8fa9-4492-b310-f00585642df7","__parent":"CBF_concreteStore","position":[-582.213379,21.0861092,100.555992],"isRenderEnabled":false,"rotationMatrix":[0.67049408,-0.741914809,0,0.741914809,0.67049408,0,0,0,1],"shapeName":"/levels/west_coast_usa/art/shapes/objects/s_gm_barrier_concrete_01.dae","useInstanceRenderData":true}
{"class":"TSStatic","persistentId":"d5fef820-a8ee-4795-a265-9262397e3394","__parent":"CBF_concreteStore","position":[-583.38678,22.2594986,100.555992],"isRenderEnabled":false,"rotationMatrix":[0.73458612,-0.678515494,0,0.678515494,0.73458612,0,0,0,1],"shapeName":"/levels/west_coast_usa/art/shapes/objects/s_gm_barrier_concrete_01.dae","useInstanceRenderData":true}
{"class":"TSStatic","persistentId":"b660101c-32fb-4f23-9d61-d1b744addd92","__parent":"CBF_concreteStore","position":[-584.573181,23.4458885,100.555992],"isRenderEnabled":false,"rotationMatrix":[0.707106709,-0.707106948,0,0.707106948,0.707106709,0,0,0,1],"shapeName":"/levels/west_coast_usa/art/shapes/objects/s_gm_barrier_concrete_01.dae","useInstanceRenderData":true}
{"class":"TSStatic","persistentId":"32ef9c34-67a1-4e63-9512-4d37006dabca","__parent":"CBF_concreteStore","position":[-581.378174,19.4352398,100.555992],"isRenderEnabled":false,"rotationMatrix":[0.714784026,0.69934535,0,-0.69934535,0.714784026,0,0,0,1],"shapeName":"/levels/west_coast_usa/art/shapes/objects/s_gm_barrier_concrete_02.dae","useInstanceRenderData":true}
{"class":"TSStatic","persistentId":"7390bef2-156e-401c-ac66-2a52b1992b78","__parent":"CBF_concreteStore","position":[-581.956299,18.8284054,100.555992],"isRenderEnabled":false,"rotationMatrix":[0.714784026,0.69934535,0,-0.69934535,0.714784026,0,0,0,1],"shapeName":"/levels/west_coast_usa/art/shapes/objects/s_gm_barrier_concrete_02.dae","useInstanceRenderData":true}
{"class":"TSStatic","persistentId":"d4f23545-6f44-4146-9a3d-a9bc062efaa8","__parent":"CBF_concreteStore","position":[-580.596436,19.9395657,100.555992],"isRenderEnabled":false,"rotationMatrix":[0.714784026,0.69934535,0,-0.69934535,0.714784026,0,0,0,1],"shapeName":"/levels/west_coast_usa/art/shapes/objects/s_gm_barrier_concrete_02.dae","useInstanceRenderData":true}
{"class":"TSStatic","persistentId":"b1b0ec1f-3362-4acc-8d02-2ca5209d59eb","__parent":"CBF_concreteStore","position":[-580.327576,20.4220104,100.828209],"isRenderEnabled":false,"rotationMatrix":[1.78813934e-07,1.49011612e-07,-1.00000024,-0.694651484,0.719346523,-1.49011612e-07,0.719346762,0.694651484,1.78813934e-07],"shapeName":"/levels/west_coast_usa/art/shapes/objects/s_gm_barrier_concrete_02.dae","useInstanceRenderData":true}
{"class":"TSStatic","persistentId":"a8c8ca55-c42b-4d3f-b804-999f53e4ebb8","__parent":"CBF_concreteStore","position":[-586.210754,28.9206295,100.555992],"isRenderEnabled":false,"rotationMatrix":[0.714784026,0.69934535,0,-0.69934535,0.714784026,0,0,0,1],"shapeName":"/levels/west_coast_usa/art/shapes/objects/s_gm_barrier_concrete_02.dae","useInstanceRenderData":true}
{"class":"TSStatic","persistentId":"5aeffaf5-e403-463b-859c-f211a341b0db","__parent":"CBF_concreteStore","position":[-590.254456,28.2837944,100.555992],"isRenderEnabled":false,"rotationMatrix":[0.666476488,0.745526195,0,-0.745526195,0.666476488,0,0,0,1],"shapeName":"/levels/west_coast_usa/art/shapes/objects/s_gm_barrier_concrete_02.dae","useInstanceRenderData":true}
{"class":"TSStatic","persistentId":"769d00e6-9482-4d55-93d6-7dd2c1bc5df7","__parent":"CBF_concreteStore","position":[-589.42041,28.823513,100.555992],"isRenderEnabled":false,"rotationMatrix":[0.728725076,0.684806287,0,-0.684806287,0.728725076,0,0,0,1],"shapeName":"/levels/west_coast_usa/art/shapes/objects/s_gm_barrier_concrete_02.dae","useInstanceRenderData":true}
{"class":"TSStatic","persistentId":"bba3747d-5819-463f-8fb6-009f49a66826","__parent":"CBF_concreteStore","position":[-588.908081,29.5671005,100.555992],"isRenderEnabled":false,"rotationMatrix":[0.757789671,0.652498901,0,-0.652498901,0.757789671,0,0,0,1],"shapeName":"/levels/west_coast_usa/art/shapes/objects/s_gm_barrier_concrete_02.dae","useInstanceRenderData":true}
{"class":"TSStatic","persistentId":"f3bcb84d-995e-4f12-9acd-00168c2805c7","__parent":"CBF_concreteStore","position":[-586.859375,25.9554729,100.555992],"isRenderEnabled":false,"rotationMatrix":[0.707106709,-0.707106948,0,0.707106948,0.707106709,0,0,0,1],"shapeName":"/levels/west_coast_usa/art/shapes/objects/s_gm_barrier_concrete_01.dae","useInstanceRenderData":true}
{"class":"TSStatic","persistentId":"9f2eec0f-c08e-4ea7-93b3-349ee7e4e428","__parent":"CBF_concreteStore","position":[-586.148132,25.0495129,100.555992],"isRenderEnabled":false,"rotationMatrix":[0.707106709,-0.707106948,0,0.707106948,0.707106709,0,0,0,1],"shapeName":"/levels/west_coast_usa/art/shapes/objects/s_gm_barrier_concrete_01.dae","useInstanceRenderData":true}
{"class":"TSStatic","persistentId":"626ae764-ba86-45d6-a4e1-9cbbaca15cbe","__parent":"CBF_concreteStore","position":[-585.166199,24.5447025,100.555992],"isRenderEnabled":false,"rotationMatrix":[0.707106709,-0.707106948,0,0.707106948,0.707106709,0,0,0,1],"shapeName":"/levels/west_coast_usa/art/shapes/objects/s_gm_barrier_concrete_01.dae","useInstanceRenderData":true}
{"class":"TSStatic","persistentId":"d36210a2-0e00-41a2-ae0f-ba94dd3dfa93","__parent":"CBF_concreteStore","position":[-632.34906,49.2075844,103.170158],"isRenderEnabled":false,"rotationMatrix":[0.707106709,-0.707106709,0,0.707106709,0.707106709,0,0,0,0.999999881],"shapeName":"/levels/west_coast_usa/art/shapes/objects/s_camera_pole.dae","useInstanceRenderData":true}
{"class":"TSStatic","persistentId":"42d76bfd-9fd2-4f57-adeb-3e526282551b","__parent":"CBF_concreteStore","position":[-634.185913,47.3706779,103.170158],"isRenderEnabled":false,"rotationMatrix":[0.707106709,-0.707106709,0,0.707106709,0.707106709,0,0,0,0.999999881],"shapeName":"/levels/west_coast_usa/art/shapes/objects/s_camera_pole.dae","useInstanceRenderData":true}
{"class":"TSStatic","persistentId":"eab81e4b-125e-449b-810a-dcd10ef6e231","__parent":"CBF_concreteStore","position":[-587.265137,28.5722103,100.746704],"isRenderEnabled":false,"rotationMatrix":[-0.721786022,0.692116678,0,-0.692116678,-0.721786022,0,0,0,1],"shapeName":"/levels/west_coast_usa/art/shapes/buildings/leanto_small.dae","useInstanceRenderData":true}
{"class":"TSStatic","persistentId":"664b3b65-5503-4310-aa64-c0a503ecdf3c","__parent":"CBF_concreteStore","position":[-592.433533,31.055954,100.555992],"isRenderEnabled":false,"rotationMatrix":[0.745525837,-0.666476846,0,0.666476846,0.745525837,0,0,0,1],"shapeName":"/levels/west_coast_usa/art/shapes/objects/s_gm_barrier_concrete_02.dae","useInstanceRenderData":true}
{"class":"TSStatic","persistentId":"9c543f11-7b37-47a4-92aa-f991a6151960","__parent":"CBF_concreteStore","position":[-591.893799,30.2219086,100.555992],"isRenderEnabled":false,"rotationMatrix":[0.684805989,-0.728725433,0,0.728725433,0.684805989,0,0,0,1],"shapeName":"/levels/west_coast_usa/art/shapes/objects/s_gm_barrier_concrete_02.dae","useInstanceRenderData":true}
{"class":"TSStatic","persistentId":"279d48c6-d026-4ea6-a309-f7dec8a8019f","__parent":"CBF_concreteStore","position":[-591.150208,29.7095795,100.555992],"isRenderEnabled":false,"rotationMatrix":[0.652498543,-0.757790029,0,0.757790029,0.652498543,0,0,0,1],"shapeName":"/levels/west_coast_usa/art/shapes/objects/s_gm_barrier_concrete_02.dae","useInstanceRenderData":true}
{"class":"TSStatic","persistentId":"9be1443f-812b-445b-96df-63f398087ca8","__parent":"CBF_concreteStore","position":[-593.983826,32.0064507,100.555992],"isRenderEnabled":false,"rotationMatrix":[0.684805989,-0.728725433,0,0.728725433,0.684805989,0,0,0,1],"shapeName":"/levels/west_coast_usa/art/shapes/objects/s_gm_barrier_concrete_02.dae","useInstanceRenderData":true}
{"class":"TSStatic","persistentId":"957e1617-37c6-430b-80f9-327bea2697d5","__parent":"CBF_concreteStore","position":[-593.240234,31.4941177,100.555992],"isRenderEnabled":false,"rotationMatrix":[0.652498543,-0.757790029,0,0.757790029,0.652498543,0,0,0,1],"shapeName":"/levels/west_coast_usa/art/shapes/objects/s_gm_barrier_concrete_02.dae","useInstanceRenderData":true}
{"class":"TSStatic","persistentId":"e076b537-c470-46f5-960b-0b797c34ead7","__parent":"CBF_concreteStore","position":[-589.59552,31.389534,100.555992],"isRenderEnabled":false,"rotationMatrix":[0.571146131,-0.820848465,0,0.820848465,0.571146131,0,0,0,1],"shapeName":"/levels/west_coast_usa/art/shapes/objects/s_gm_barrier_concrete_02.dae","useInstanceRenderData":true}
{"class":"TSStatic","persistentId":"9382cb67-8ed8-4412-a944-ad81a6e25b98","__parent":"CBF_concreteStore","position":[-590.282532,31.9755859,100.555992],"isRenderEnabled":false,"rotationMatrix":[0.606270194,-0.79525882,0,0.79525882,0.606270194,0,0,0,1],"shapeName":"/levels/west_coast_usa/art/shapes/objects/s_gm_barrier_concrete_02.dae","useInstanceRenderData":true}
{"class":"TSStatic","persistentId":"36cffbc0-11c2-4903-ad20-6ab8ccfdb17b","__parent":"CBF_concreteStore","position":[-568.459473,15.4378519,100.652061],"isRenderEnabled":false,"rotationMatrix":[0.708899736,0.705309272,0,-0.705309272,0.708899736,0,0,0,1],"shapeName":"/levels/west_coast_usa/art/shapes/buildings/transformer_ground.dae","useInstanceRenderData":true}
{"class":"TSStatic","persistentId":"b2d90cb6-2264-48af-8488-a74f27492e84","__parent":"CBF_concreteStore","position":[-564.320374,17.011713,99.3154755],"instanceColor":[1,0.768627524,0.215686291,1],"isRenderEnabled":false,"rotationMatrix":[-0.594110966,0.804382801,0,-0.804382801,-0.594110966,0,0,0,1],"shapeName":"/levels/west_coast_usa/art/shapes/objects/bollard_yellow.dae","useInstanceRenderData":true}
{"class":"TSStatic","persistentId":"bb2f47ae-1114-44a8-ba98-bbfcb31ecb7f","__parent":"CBF_concreteStore","position":[-571.084534,10.329217,100.189339],"instanceColor":[1,0.768627524,0.215686291,1],"isRenderEnabled":false,"rotationMatrix":[-0.705916047,0.708295763,0,-0.708295763,-0.705916047,0,0,0,1],"shapeName":"/levels/west_coast_usa/art/shapes/objects/bollard_yellow.dae","useInstanceRenderData":true}
{"class":"TSStatic","persistentId":"0f7cd2e6-e86c-44e0-9601-b28643ea972c","__parent":"CBF_concreteStore","position":[-572.496338,11.7458086,100.189339],"instanceColor":[1,0.768627524,0.215686291,1],"isRenderEnabled":false,"rotationMatrix":[-0.705916047,0.708295763,0,-0.708295763,-0.705916047,0,0,0,1],"shapeName":"/levels/west_coast_usa/art/shapes/objects/bollard_yellow.dae","useInstanceRenderData":true}
{"class":"TSStatic","persistentId":"08a5af1a-7ddc-4cb2-b305-413bb9d4a43c","__parent":"CBF_concreteStore","position":[-573.908142,13.1624002,100.189339],"instanceColor":[1,0.768627524,0.215686291,1],"isRenderEnabled":false,"rotationMatrix":[-0.705916047,0.708295763,0,-0.708295763,-0.705916047,0,0,0,1],"shapeName":"/levels/west_coast_usa/art/shapes/objects/bollard_yellow.dae","useInstanceRenderData":true}
{"class":"TSStatic","persistentId":"f1c1ef68-8e4e-4a46-b125-3f8be4e6cd83","__parent":"CBF_concreteStore","position":[-575.319946,14.5789919,100.189339],"instanceColor":[1,0.768627524,0.215686291,1],"isRenderEnabled":false,"rotationMatrix":[-0.705916047,0.708295763,0,-0.708295763,-0.705916047,0,0,0,1],"shapeName":"/levels/west_coast_usa/art/shapes/objects/bollard_yellow.dae","useInstanceRenderData":true}
{"class":"TSStatic","persistentId":"b4baaaac-f1da-456a-9b05-0b9d4152799a","__parent":"CBF_concreteStore","position":[-576.73175,15.9955816,100.189339],"instanceColor":[1,0.768627524,0.215686291,1],"isRenderEnabled":false,"rotationMatrix":[-0.705916047,0.708295763,0,-0.708295763,-0.705916047,0,0,0,1],"shapeName":"/levels/west_coast_usa/art/shapes/objects/bollard_yellow.dae","useInstanceRenderData":true}
{"class":"TSStatic","persistentId":"e6e014b0-7efc-400a-8f51-4065da213bc9","__parent":"CBF_concreteStore","position":[-578.143555,17.4121723,100.189339],"instanceColor":[1,0.768627524,0.215686291,1],"isRenderEnabled":false,"rotationMatrix":[-0.705916047,0.708295763,0,-0.708295763,-0.705916047,0,0,0,1],"shapeName":"/levels/west_coast_usa/art/shapes/objects/bollard_yellow.dae","useInstanceRenderData":true}
