{"class":"TSStatic","persistentId":"be8c7c12-8420-440a-8206-53a7d47fdea3","__parent":"trail_019","position":[-71.0921631,137.45932,189.323471],"isRenderEnabled":false,"rotationMatrix":[-0.517555237,-0.792177558,-0.323406309,0.848404527,-0.524188519,-0.0737333819,-0.111115873,-0.312540412,0.943383157],"shapeName":"/levels/johnson_valley/art/shapes/rocks/s_rocks_desert_low_small.dae","useInstanceRenderData":true}
{"class":"TSStatic","persistentId":"8509631e-28ec-4794-8112-af50a883d9a3","__parent":"trail_019","position":[-69.4746323,130.742599,188.633026],"isRenderEnabled":false,"rotationMatrix":[-0.193964124,0.962327898,-0.190534383,-0.961804211,-0.14830327,0.230085447,0.193160772,0.227884993,0.954336107],"shapeName":"/levels/johnson_valley/art/shapes/rocks/s_rocks_desert_low_tiny.dae","useInstanceRenderData":true}
{"class":"TSStatic","persistentId":"49456488-9e3a-4f29-a315-49b767192dd5","__parent":"trail_019","position":[-161.98053,200.55661,198.52681],"isRenderEnabled":false,"shapeName":"/levels/johnson_valley/art/shapes/rocks/s_rocks_desert_huge_sheet_1.dae","useInstanceRenderData":true}
{"class":"TSStatic","persistentId":"8d3f9f76-8c10-4559-b2f1-3f70714247ea","__parent":"trail_019","position":[-130.686325,209.925919,197.387054],"isRenderEnabled":false,"rotationMatrix":[-0.163782358,-0.914679766,0.369508743,0.955747485,-0.0543353558,0.289127618,-0.244381785,0.400510997,0.883101642],"shapeName":"/levels/johnson_valley/art/shapes/rocks/s_rocks_desert_huge_sheet_3.dae","useInstanceRenderData":true}
{"class":"TSStatic","persistentId":"241e7041-d7eb-438b-93b9-8efcc930eb03","__parent":"trail_019","position":[-135.814743,207.478287,199.13324],"isRenderEnabled":false,"rotationMatrix":[0.173756778,0.767769217,-0.616716623,-0.979243279,0.201068699,-0.0255803466,0.104362696,0.608360171,0.786769629],"shapeName":"/levels/johnson_valley/art/shapes/rocks/s_rocks_desert_huge_sheet_3.dae","useInstanceRenderData":true}
{"class":"TSStatic","persistentId":"c0de35a7-5be9-4d21-996d-ff0bc125ff48","__parent":"trail_019","position":[-168.534119,443.550262,140.897263],"isRenderEnabled":false,"rotationMatrix":[-0.157525897,-0.950487614,0.267877877,0.987507463,-0.15057683,0.0464262292,-0.00379134715,0.271844745,0.96233362],"shapeName":"/levels/johnson_valley/art/shapes/rocks/s_rocks_desert_huge_sheet_1.dae","useInstanceRenderData":true}
{"class":"TSStatic","persistentId":"1541ea81-6b46-490d-ab57-2fb0abeea3a4","__parent":"trail_019","position":[-174.688797,438.390198,143.121048],"isRenderEnabled":false,"rotationMatrix":[0.9876405,-0.099622719,0.121002227,-0.011342749,0.724558473,0.689120114,-0.156325191,-0.681975424,0.714473248],"shapeName":"/levels/johnson_valley/art/shapes/rocks/s_rocks_desert_large_05.dae","useInstanceRenderData":true}
{"class":"TSStatic","persistentId":"2ed7a199-1159-468f-a370-830a7ab97b28","__parent":"trail_019","position":[-172.08461,441.119202,142.711777],"isRenderEnabled":false,"rotationMatrix":[0.858402669,0.512976468,0,-0.512976468,0.858402669,0,0,0,1],"shapeName":"/levels/johnson_valley/art/shapes/rocks/s_rocks_desert_large_06.dae","useInstanceRenderData":true}
{"class":"TSStatic","persistentId":"8eede1e3-eb55-444a-82eb-11d186d75d0e","__parent":"trail_019","position":[-165.915649,438.349426,142.598038],"isRenderEnabled":false,"rotationMatrix":[0.973798037,-0.0357153192,-0.224592477,0.225093663,0.0106406212,0.974278986,-0.0324069038,-0.999305308,0.0184011459],"shapeName":"/levels/johnson_valley/art/shapes/rocks/s_rocks_desert_large_03.dae","useInstanceRenderData":true}
{"class":"TSStatic","persistentId":"62a24d85-1048-4306-b2ec-6895a63c47d5","__parent":"trail_019","position":[-171.610687,438.285919,142.958954],"isRenderEnabled":false,"rotationMatrix":[0.421030104,-0.897609055,0.130506665,0.734760225,0.421874464,0.5311777,-0.531847239,-0.127750814,0.837148964],"shapeName":"/levels/johnson_valley/art/shapes/rocks/s_rocks_desert_large_02.dae","useInstanceRenderData":true}
{"class":"TSStatic","persistentId":"227a2001-b332-4b34-bc5c-0b3e532354b9","__parent":"trail_019","position":[-162.457199,427.782166,145.663712],"isRenderEnabled":false,"rotationMatrix":[-0.625743747,0.543995976,0.559028208,-0.700411558,-0.707289815,-0.0957293808,0.343318701,-0.451451987,0.823603868],"shapeName":"/levels/johnson_valley/art/shapes/rocks/s_rocks_desert_large_04.dae","useInstanceRenderData":true}
{"class":"TSStatic","persistentId":"da1a2652-b0e5-435f-9ed2-009a1cfbc308","__parent":"trail_019","position":[-166.34285,429.733826,145.548569],"isRenderEnabled":false,"rotationMatrix":[0.941327512,0.327457458,0.0816953331,-0.328555733,0.944484591,-9.31322575e-10,-0.0771599859,-0.0268414654,0.996657372],"shapeName":"/levels/johnson_valley/art/shapes/rocks/s_rocks_desert_low_flat_01.dae","useInstanceRenderData":true}
{"class":"TSStatic","persistentId":"ff51b98e-f569-484f-8858-8b1dd2d294e0","__parent":"trail_019","position":[-169.059189,432.740906,145.360611],"isRenderEnabled":false,"rotationMatrix":[-0.363523722,0.930582941,-0.0432009399,-0.810234845,-0.292944193,0.507645071,0.459750324,0.21954377,0.860482574],"shapeName":"/levels/johnson_valley/art/shapes/rocks/s_rocks_desert_huge_sheet_3.dae","useInstanceRenderData":true}
{"class":"TSStatic","persistentId":"df3aaee8-8c54-4bdf-a8de-657436edca65","__parent":"trail_019","position":[-165.086288,422.40271,147.157227],"isRenderEnabled":false,"rotationMatrix":[0.756133914,0.654416978,0,-0.654416978,0.756133914,0,0,0,1],"shapeName":"/levels/johnson_valley/art/shapes/rocks/s_rocks_desert_medium_01.dae","useInstanceRenderData":true}
{"class":"TSStatic","persistentId":"33777537-a7f7-4cb6-810d-f515c5984450","__parent":"trail_019","position":[-168.485397,425.54715,146.581436],"isRenderEnabled":false,"rotationMatrix":[0.563460946,-0.80096662,-0.202396765,0.792618155,0.455039144,0.405827612,-0.232955858,-0.389091343,0.891257286],"shapeName":"/levels/johnson_valley/art/shapes/rocks/s_rocks_desert_medium_02.dae","useInstanceRenderData":true}
{"class":"TSStatic","persistentId":"43e9b90e-c7d0-45ad-a0ea-095604cb223e","__parent":"trail_019","position":[-164.223236,423.883881,146.828033],"isRenderEnabled":false,"rotationMatrix":[-0.834352612,0,0.551230669,0,1,0,-0.551230669,0,-0.834352612],"shapeName":"/levels/johnson_valley/art/shapes/rocks/s_rocks_desert_medium_03.dae","useInstanceRenderData":true}
{"class":"TSStatic","persistentId":"86cb2e8b-0a55-421a-b7f3-83eba3b2d6ec","__parent":"trail_019","position":[-169.398956,425.008026,147.316177],"isRenderEnabled":false,"rotationMatrix":[0.582428217,0.812882066,0,-0.812882066,0.582428217,0,0,0,1],"shapeName":"/levels/johnson_valley/art/shapes/rocks/s_rocks_desert_medium_04.dae","useInstanceRenderData":true}
{"class":"TSStatic","persistentId":"db5f2e76-d219-4307-a232-19f350f3cfb5","__parent":"trail_019","position":[-166.917572,425.279541,146.346115],"isRenderEnabled":false,"rotationMatrix":[1,0,0,0,0.733450651,0.679742754,0,-0.679742754,0.733450651],"shapeName":"/levels/johnson_valley/art/shapes/rocks/s_rocks_desert_medium_05.dae","useInstanceRenderData":true}
{"class":"TSStatic","persistentId":"b31346b5-4e8e-45e7-baa1-f7af4099212b","__parent":"trail_019","position":[-163.543121,430.280029,145.799408],"isRenderEnabled":false,"rotationMatrix":[0.727320671,-0.347855151,0.591609299,0.431461692,0.902131259,1.49011612e-08,-0.533709228,0.255256653,0.806224823],"shapeName":"/levels/johnson_valley/art/shapes/rocks/s_rocks_desert_medium_01.dae","useInstanceRenderData":true}
{"class":"TSStatic","persistentId":"fc1c044a-c7db-470c-ab49-bdb92818469c","__parent":"trail_019","position":[-168.643448,399.157654,151.443832],"isRenderEnabled":false,"rotationMatrix":[-0.869253397,-0.489405364,0.069860667,0.466932505,-0.766356587,0.441215634,-0.16239512,0.416148484,0.894677758],"shapeName":"/levels/johnson_valley/art/shapes/rocks/s_rocks_desert_huge_sheet_3.dae","useInstanceRenderData":true}
{"class":"TSStatic","persistentId":"a2e3b70d-4a74-4f38-8969-12bbda991eed","__parent":"trail_019","position":[-161.099228,412.033478,148.622391],"isRenderEnabled":false,"rotationMatrix":[0.605242968,-0.737663388,0.299221963,0.779908776,0.624781966,-0.0372816548,-0.159447193,0.255930245,0.953454912],"shapeName":"/levels/johnson_valley/art/shapes/rocks/s_rocks_desert_huge_sheet_2.dae","useInstanceRenderData":true}
{"class":"TSStatic","persistentId":"e8be2b44-7a49-430f-99c6-d3be9202b9cd","__parent":"trail_019","position":[-175.040634,396.162506,151.056839],"isRenderEnabled":false,"rotationMatrix":[-0.95582509,-0.17710197,-0.234593421,0.0343899354,-0.860004783,0.509126604,-0.291918665,0.478568137,0.8281039],"shapeName":"/levels/johnson_valley/art/shapes/rocks/s_rocks_desert_huge_sheet_3.dae","useInstanceRenderData":true}
{"class":"TSStatic","persistentId":"851e27ce-2f07-464c-ad46-e2a9759417c9","__parent":"trail_019","position":[-166.427368,405.369354,149.557831],"isRenderEnabled":false,"rotationMatrix":[0.647076249,0.72961992,0.221239835,-0.760194123,0.595238507,0.260376513,0.0582854375,-0.33666867,0.939817548],"shapeName":"/levels/johnson_valley/art/shapes/rocks/s_rocks_desert_large_04.dae","useInstanceRenderData":true}
{"class":"TSStatic","persistentId":"bd28af22-5274-4db0-9312-67923a086974","__parent":"trail_019","position":[-162.27713,404.546539,150.008835],"isRenderEnabled":false,"rotationMatrix":[0.695624709,-0.6771276,-0.240009546,0.716818094,0.632010877,0.294506609,-0.0477298871,-0.376909256,0.925019622],"shapeName":"/levels/johnson_valley/art/shapes/rocks/s_rocks_desert_large_02.dae","useInstanceRenderData":true}
{"class":"TSStatic","persistentId":"b530404a-ea97-4b0e-949b-12e0f07cc5ef","__parent":"trail_019","position":[-165.467606,401.894989,150.86972],"isRenderEnabled":false,"rotationMatrix":[-0.822891235,0.56464684,-0.0634324402,-0.353725374,-0.596445441,-0.720507443,-0.444666266,-0.57046169,0.690539837],"shapeName":"/levels/johnson_valley/art/shapes/rocks/s_rocks_desert_large_03.dae","useInstanceRenderData":true}
{"class":"TSStatic","persistentId":"3926344f-073e-474a-9ff6-b957ee35a6ca","__parent":"trail_019","position":[-162.056381,388.69046,154.083618],"isRenderEnabled":false,"rotationMatrix":[-0.696258068,-0.624194443,-0.354409933,0.717459619,-0.620207906,-0.317165911,-0.0218346119,-0.475104034,0.879658699],"shapeName":"/levels/johnson_valley/art/shapes/rocks/s_rocks_desert_large_02.dae","useInstanceRenderData":true}
{"class":"TSStatic","persistentId":"82a9b065-fd27-4bfd-aec0-4817f2b53643","__parent":"trail_019","position":[-156.165634,391.574249,153.884735],"isRenderEnabled":false,"rotationMatrix":[-0.210431933,-0.976919889,0.0366857648,0.933013082,-0.211895823,-0.290837884,0.291898906,-0.0269732922,0.956068754],"shapeName":"/levels/johnson_valley/art/shapes/rocks/s_rocks_desert_large_04.dae","useInstanceRenderData":true}
{"class":"TSStatic","persistentId":"f788a30d-3ae3-4bd4-8860-3ca1a23fe2c3","__parent":"trail_019","position":[-156.332733,388.495667,155.007523],"isRenderEnabled":false,"rotationMatrix":[-0.929318666,0.332192093,-0.161291972,-0.206531972,-0.829631686,-0.518705785,-0.306122899,-0.448731065,0.839600623],"shapeName":"/levels/johnson_valley/art/shapes/rocks/s_rocks_desert_large_03.dae","useInstanceRenderData":true}
{"class":"TSStatic","persistentId":"7ccf3050-cd3d-4442-866d-5254d80ce080","__parent":"trail_019","position":[-160.561142,386.57785,155.238785],"isRenderEnabled":false,"rotationMatrix":[0.328128278,0.943920314,0.0366856977,-0.900163233,0.324220836,-0.290837795,-0.286422044,0.0624089241,0.956068754],"shapeName":"/levels/johnson_valley/art/shapes/rocks/s_rocks_desert_large_04.dae","useInstanceRenderData":true}
{"class":"TSStatic","persistentId":"22ebcfba-8fa9-48d1-a11f-32d4fde1a6d8","__parent":"trail_019","position":[-152.810699,380.069641,156.067398],"isRenderEnabled":false,"rotationMatrix":[-0.675280333,-0.692374229,-0.254193723,0.571778297,-0.273721099,-0.773399293,0.465903521,-0.667603791,0.580722928],"shapeName":"/levels/johnson_valley/art/shapes/rocks/s_rocks_desert_large_04.dae","useInstanceRenderData":true}
{"class":"TSStatic","persistentId":"35699888-a53e-4db8-af65-bfda95a40f0b","__parent":"trail_019","position":[-154.501083,384.340485,156.752945],"isRenderEnabled":false,"shapeName":"/levels/johnson_valley/art/shapes/rocks/s_rocks_desert_medium_01.dae","useInstanceRenderData":true}
{"class":"TSStatic","persistentId":"8ed1d80a-8145-4874-828b-0d74535f46ca","__parent":"trail_019","position":[-159.175079,383.037994,157.188492],"isRenderEnabled":false,"rotationMatrix":[-0.515282869,-0.737936139,-0.435814381,0.822725654,-0.568343759,-0.0104059577,-0.240013361,-0.363917649,0.899976432],"shapeName":"/levels/johnson_valley/art/shapes/rocks/s_rocks_desert_medium_02.dae","useInstanceRenderData":true}
{"class":"TSStatic","persistentId":"aa9b5152-1b58-4829-9db4-428fab9535e1","__parent":"trail_019","position":[-155.223831,385.833893,156.193176],"isRenderEnabled":false,"rotationMatrix":[0.826627076,0.334208131,-0.452761263,-0.374827504,0.927094579,7.4505806e-09,0.419752568,0.169707298,0.891631842],"shapeName":"/levels/johnson_valley/art/shapes/rocks/s_rocks_desert_medium_03.dae","useInstanceRenderData":true}
{"class":"TSStatic","persistentId":"d46ae022-ae84-47b9-826f-623e406df888","__parent":"trail_019","position":[-153.758926,381.531006,156.812164],"isRenderEnabled":false,"rotationMatrix":[0.975561559,0.085104689,-0.20257546,0,0.921944737,0.387321502,0.21972625,-0.377855986,0.899413824],"shapeName":"/levels/johnson_valley/art/shapes/rocks/s_rocks_desert_medium_04.dae","useInstanceRenderData":true}
{"class":"TSStatic","persistentId":"0633e773-fbf8-414c-a4f2-3dd9dff890e2","__parent":"trail_019","position":[-158.958954,375.628082,158.240448],"isRenderEnabled":false,"shapeName":"/levels/johnson_valley/art/shapes/rocks/s_rocks_desert_large_06.dae","useInstanceRenderData":true}
{"class":"TSStatic","persistentId":"bb863853-e04d-4e22-bd14-1b29d345fcfa","__parent":"trail_019","position":[-162.599518,387.155762,156.06041],"isRenderEnabled":false,"rotationMatrix":[0.856211722,-0.495124578,-0.147489622,0.500599325,0.865679145,-3.7252903e-09,0.127678707,-0.0738331974,0.989063621],"shapeName":"/levels/johnson_valley/art/shapes/rocks/s_rocks_desert_large_07.dae","useInstanceRenderData":true}
{"class":"TSStatic","persistentId":"52ada475-0478-49eb-94c1-92ad34141fb5","__parent":"trail_019","position":[-157.216354,385.557404,155.599457],"isRenderEnabled":false,"rotationMatrix":[-0.730252624,-0.673305929,0.115717858,0.671197712,-0.67549932,0.305277973,-0.127378151,0.300599545,0.945206165],"shapeName":"/levels/johnson_valley/art/shapes/rocks/s_rocks_desert_huge_sheet_3.dae","useInstanceRenderData":true}
{"class":"TSStatic","persistentId":"f79b48e3-3162-458a-ab3b-1d17c5bd9e1a","__parent":"trail_019","position":[-142.535141,352.923584,159.288986],"isRenderEnabled":false,"rotationMatrix":[-0.585949302,-0.720220804,0.371410847,0.746064901,-0.658372521,-0.0996668488,0.316308677,0.218696848,0.92310375],"shapeName":"/levels/johnson_valley/art/shapes/rocks/s_rocks_desert_huge_sheet_2.dae","useInstanceRenderData":true}
{"class":"TSStatic","persistentId":"2d550320-5b6a-46da-b124-d723ffc3ac2c","__parent":"trail_019","position":[-155.968201,369.49762,157.894287],"isRenderEnabled":false,"rotationMatrix":[0.287660003,-0.957732677,0,0.957732677,0.287660003,0,0,0,1],"shapeName":"/levels/johnson_valley/art/shapes/rocks/s_rocks_desert_large_02.dae","useInstanceRenderData":true}
{"class":"TSStatic","persistentId":"75fe8096-5978-4a77-ab25-b6c30e456989","__parent":"trail_019","position":[-156.97493,371.683746,157.52626],"isRenderEnabled":false,"rotationMatrix":[-0.937115192,0.324577123,0.128317967,-0.321576446,-0.945859671,0.044033058,0.135662869,1.86264515e-09,0.990755081],"shapeName":"/levels/johnson_valley/art/shapes/rocks/s_rocks_desert_large_02.dae","useInstanceRenderData":true}
{"class":"TSStatic","persistentId":"a2e3483c-24bf-46a1-b70f-70ee548449b1","__parent":"trail_019","position":[-139.00473,355.295441,158.227005],"isRenderEnabled":false,"rotationMatrix":[0.598778725,-0.797145784,0.0776052475,0.724318564,0.580317438,0.372282565,-0.34179917,-0.166703954,0.924869239],"shapeName":"/levels/johnson_valley/art/shapes/rocks/s_rocks_desert_large_05.dae","useInstanceRenderData":true}
{"class":"TSStatic","persistentId":"729d39eb-a573-4152-bfb7-7581254937fd","__parent":"trail_019","position":[-141.319092,360.928345,158.047852],"isRenderEnabled":false,"rotationMatrix":[0.906453371,0.413154006,-0.0874418989,-0.422305942,0.886809289,-0.187688664,0,0.207058266,0.978328645],"shapeName":"/levels/johnson_valley/art/shapes/rocks/s_rocks_desert_large_06.dae","useInstanceRenderData":true}
{"class":"TSStatic","persistentId":"19068ea5-909c-4b48-ae64-146019855646","__parent":"trail_019","position":[-146.586304,361.746277,158.141357],"isRenderEnabled":false,"rotationMatrix":[0.82855773,0.45450446,0.326982796,-0.471282512,0.881437778,-0.030988194,-0.302299261,-0.128425777,0.944522083],"shapeName":"/levels/johnson_valley/art/shapes/rocks/s_rocks_desert_large_07.dae","useInstanceRenderData":true}
{"class":"TSStatic","persistentId":"55ac1477-4a65-4cf8-b0d0-5c67ba28090d","__parent":"trail_019","position":[-144.8237,367.395172,157.986221],"isRenderEnabled":false,"shapeName":"/levels/johnson_valley/art/shapes/rocks/s_rocks_desert_medium_05.dae","useInstanceRenderData":true}
{"class":"TSStatic","persistentId":"36137b41-e9e0-4ca0-8824-d3879b22b6fe","__parent":"trail_019","position":[-132.470078,352.093811,158.709885],"isRenderEnabled":false,"rotationMatrix":[-0.0619521141,0,0.99807924,0,1,0,-0.99807924,0,-0.0619521141],"shapeName":"/levels/johnson_valley/art/shapes/rocks/s_rocks_desert_medium_04.dae","useInstanceRenderData":true}
{"class":"TSStatic","persistentId":"7f42c351-ff7f-46d2-89c6-7dd00e206ac1","__parent":"trail_019","position":[-131.399963,354.8638,158.781738],"isRenderEnabled":false,"rotationMatrix":[0.993300676,-0.115558356,3.7252903e-09,0.0965107232,0.829573691,0.549993813,-0.063556388,-0.546309292,0.835168719],"shapeName":"/levels/johnson_valley/art/shapes/rocks/s_rocks_desert_medium_03.dae","useInstanceRenderData":true}
{"class":"TSStatic","persistentId":"1d6738d9-6c63-4f6d-8d15-9ede11d2be24","__parent":"trail_019","position":[-135.766998,362.449982,158.125885],"isRenderEnabled":false,"rotationMatrix":[0.130311489,0.952894449,0.27388221,2.98023224e-08,-0.276237726,0.961089492,0.991473258,-0.125241131,-0.0359971523],"shapeName":"/levels/johnson_valley/art/shapes/rocks/s_rocks_desert_medium_02.dae","useInstanceRenderData":true}
{"class":"TSStatic","persistentId":"ca9b520e-c6a2-4965-98c0-f73a3dab4928","__parent":"trail_019","position":[-136.473297,351.698792,159.71698],"isRenderEnabled":false,"rotationMatrix":[-0.129113078,0,0.99162972,0,1,0,-0.99162972,0,-0.129113078],"shapeName":"/levels/johnson_valley/art/shapes/rocks/s_rocks_desert_medium_01.dae","useInstanceRenderData":true}
{"class":"TSStatic","persistentId":"f5e8f384-da23-4b42-826a-8e0b02b85f99","__parent":"trail_019","position":[-140.266296,356.262451,157.953232],"isRenderEnabled":false,"rotationMatrix":[-0.568806887,0.815572679,0.106304839,-0.789154947,-0.504773259,-0.349913061,-0.231719658,-0.282923758,0.930730999],"shapeName":"/levels/johnson_valley/art/shapes/rocks/s_rocks_desert_large_05.dae","useInstanceRenderData":true}
{"class":"TSStatic","persistentId":"9a14d114-ee5e-4a84-9f64-90482e59a09b","__parent":"trail_019","position":[-141.814926,357.535217,157.264999],"isRenderEnabled":false,"rotationMatrix":[0.984098256,0.154580295,0.087495923,-0.0969344676,0.880143583,-0.464705288,-0.148843244,0.4488343,0.881131947],"shapeName":"/levels/johnson_valley/art/shapes/rocks/s_rocks_desert_large_05.dae","useInstanceRenderData":true}
{"class":"TSStatic","persistentId":"59f70d4c-420f-4c24-92e4-47f0671c654b","__parent":"trail_019","position":[-127.683769,356.44809,158.77121],"isRenderEnabled":false,"rotationMatrix":[-0.86531651,-0.0733987391,-0.49582231,0.127397045,-0.988940477,-0.0759380683,-0.484765053,-0.128876776,0.865097463],"shapeName":"/levels/johnson_valley/art/shapes/rocks/s_rocks_desert_huge_sheet_2.dae","useInstanceRenderData":true}
{"class":"TSStatic","persistentId":"ddf80764-5957-4340-8d96-b48e80139940","__parent":"trail_019","position":[-128.520081,363.658295,158.67952],"isRenderEnabled":false,"rotationMatrix":[-0.345850348,-0.796585202,-0.49582234,0.931029916,-0.356955171,-0.0759380609,-0.116495162,-0.487888575,0.865097463],"shapeName":"/levels/johnson_valley/art/shapes/rocks/s_rocks_desert_huge_sheet_2.dae","useInstanceRenderData":true}
{"class":"TSStatic","persistentId":"8ed64845-fb67-4d15-a5ec-c101babd8edf","__parent":"trail_019","position":[-129.843567,342.659973,159.079819],"isRenderEnabled":false,"rotationMatrix":[0.919995308,0.114923984,0.374701411,-0.171454221,0.97772193,0.121092111,-0.352437407,-0.175648302,0.919203758],"shapeName":"/levels/johnson_valley/art/shapes/rocks/s_rocks_desert_huge_sheet_2.dae","useInstanceRenderData":true}
{"class":"TSStatic","persistentId":"3a286886-112f-47b3-acaa-87c792de7be9","__parent":"trail_019","position":[-131.310333,348.832855,157.821808],"isRenderEnabled":false,"rotationMatrix":[0.616740763,-0.747284412,0.24737978,0.778114557,0.626282692,-0.048038058,-0.119031571,0.222116858,0.967727005],"shapeName":"/levels/johnson_valley/art/shapes/rocks/s_rocks_desert_huge_sheet_2.dae","useInstanceRenderData":true}
{"class":"TSStatic","persistentId":"005806e5-6139-4da8-a356-ef47117d777a","__parent":"trail_019","position":[-142.023956,325.126526,161.456802],"isRenderEnabled":false,"rotationMatrix":[-0.816917181,0.071221143,0.572341263,-0.0789976716,-0.996811271,0.011286079,0.571319878,-0.0359938294,0.819937944],"shapeName":"/levels/johnson_valley/art/shapes/rocks/s_rocks_desert_huge_sheet_2.dae","useInstanceRenderData":true}
{"class":"TSStatic","persistentId":"90eb8615-9655-49aa-be76-fb616379c03f","__parent":"trail_019","position":[-129.668015,334.560608,160.098618],"isRenderEnabled":false,"rotationMatrix":[0.131200671,-0.982347429,-0.133342668,0.921582878,0.0712898374,0.381579697,-0.365337729,-0.172949851,0.914667547],"shapeName":"/levels/johnson_valley/art/shapes/rocks/s_rocks_desert_huge_sheet_3.dae","useInstanceRenderData":true}
{"class":"TSStatic","persistentId":"69673ebf-50db-48d0-8dc4-8908f8b6ef80","__parent":"trail_019","position":[-129.130829,325.4534,159.479874],"isRenderEnabled":false,"rotationMatrix":[0.734806538,0.676211119,0.0528957881,-0.666379094,0.705175936,0.242210373,0.126484483,-0.213226423,0.968780756],"shapeName":"/levels/johnson_valley/art/shapes/rocks/s_rocks_desert_low_flat_02.dae","useInstanceRenderData":true}
{"class":"TSStatic","persistentId":"e8dafd4a-8594-4e6d-9648-e299202d0435","__parent":"trail_019","position":[-115.70565,300.248566,159.652283],"isRenderEnabled":false,"rotationMatrix":[0.811299801,0.570182383,-0.129169509,-0.535895884,0.813605249,0.225526318,0.233684108,-0.113748059,0.965636134],"shapeName":"/levels/johnson_valley/art/shapes/rocks/s_rocks_desert_large_02.dae","useInstanceRenderData":true}
{"class":"TSStatic","persistentId":"8e941670-e6c3-4252-bcf7-e0d8c85f04d5","__parent":"trail_019","position":[-114.191795,296.260162,161.207748],"isRenderEnabled":false,"rotationMatrix":[0.930622935,0.180306509,-0.318481565,-0.190210983,0.981743217,0,0.312667131,0.0605786853,0.947929084],"shapeName":"/levels/johnson_valley/art/shapes/rocks/s_rocks_desert_large_05.dae","useInstanceRenderData":true}
{"class":"TSStatic","persistentId":"b244951f-246f-4f46-a77d-5ab3480e1e8a","__parent":"trail_019","position":[-112.135796,300.888153,161.359772],"isRenderEnabled":false,"rotationMatrix":[0.729226947,-0.145375699,-0.668650806,0.594457388,0.618546128,0.513829827,0.338892996,-0.772182941,0.537480175],"shapeName":"/levels/johnson_valley/art/shapes/rocks/s_rocks_desert_large_06.dae","useInstanceRenderData":true}
{"class":"TSStatic","persistentId":"c27688da-089a-4736-a943-205db079ac35","__parent":"trail_019","position":[-119.70002,302.104584,160.62822],"isRenderEnabled":false,"rotationMatrix":[0.880326331,0,0.474368751,-0.0667791888,0.990041614,0.123927876,-0.469644785,-0.140774921,0.87155968],"shapeName":"/levels/johnson_valley/art/shapes/rocks/s_rocks_desert_medium_01.dae","useInstanceRenderData":true}
{"class":"TSStatic","persistentId":"51c50fad-ad5f-4e3d-a63b-19af093279da","__parent":"trail_019","position":[-112.186867,303.912109,161.936234],"isRenderEnabled":false,"shapeName":"/levels/johnson_valley/art/shapes/rocks/s_rocks_desert_medium_02.dae","useInstanceRenderData":true}
{"class":"TSStatic","persistentId":"0efcca64-3891-40ab-a007-94a3de5fbb8d","__parent":"trail_019","position":[-109.475418,301.105377,162.423996],"isRenderEnabled":false,"shapeName":"/levels/johnson_valley/art/shapes/rocks/s_rocks_desert_medium_03.dae","useInstanceRenderData":true}
{"class":"TSStatic","persistentId":"ec449e74-6204-4bf3-b43c-e5460bf54e8c","__parent":"trail_019","position":[-125.010651,313.607178,158.735291],"isRenderEnabled":false,"rotationMatrix":[0.558687449,0.724555433,-0.40359363,-0.719543397,0.66544497,0.198595628,0.41246292,0.179450259,0.893124819],"shapeName":"/levels/johnson_valley/art/shapes/rocks/s_rocks_desert_large_03.dae","useInstanceRenderData":true}
{"class":"TSStatic","persistentId":"d9276a15-390a-4ff5-900a-ed613af15c34","__parent":"trail_019","position":[-138.371231,321.261017,160.989059],"isRenderEnabled":false,"rotationMatrix":[0.636860073,-0.758543789,0.137915671,0.689005315,0.640233517,0.33966586,-0.34594962,-0.121295057,0.930379689],"shapeName":"/levels/johnson_valley/art/shapes/rocks/s_rocks_desert_large_04.dae","useInstanceRenderData":true}
{"class":"TSStatic","persistentId":"ae88b7c3-37ae-4768-8778-883a235d15ba","__parent":"trail_019","position":[-116.128983,296.740021,161.1754],"isRenderEnabled":false,"rotationMatrix":[0.21472168,-0.913146079,-0.34649539,0.976675332,0.200754762,0.0761769414,-1.49011612e-08,-0.354770303,0.934953511],"shapeName":"/levels/johnson_valley/art/shapes/rocks/s_rocks_desert_large_07.dae","useInstanceRenderData":true}
{"class":"TSStatic","persistentId":"1d2b392f-073e-4864-acf2-bfe1dcd4e548","__parent":"trail_019","position":[-137.045212,317.639832,161.14003],"isRenderEnabled":false,"rotationMatrix":[-0.657512188,0.373681605,-0.654248297,-0.153306976,-0.916531563,-0.369415879,-0.737682641,-0.142594472,0.659917712],"shapeName":"/levels/johnson_valley/art/shapes/rocks/s_rocks_desert_large_03.dae","useInstanceRenderData":true}
{"class":"TSStatic","persistentId":"53bc44b7-060f-43df-982e-86600b9f032a","__parent":"trail_019","position":[-127.121521,310.506805,159.524368],"isRenderEnabled":false,"rotationMatrix":[0.0172328353,-0.999835968,0.00555050373,0.951688409,0.0181046724,0.306530774,-0.30658105,-1.49011612e-08,0.951844573],"shapeName":"/levels/johnson_valley/art/shapes/rocks/s_rocks_desert_large_02.dae","useInstanceRenderData":true}
{"class":"TSStatic","persistentId":"f0f40d71-7dec-4ee2-b312-1d2865f439a9","__parent":"trail_019","position":[-137.788986,319.080322,162.04541],"isRenderEnabled":false,"rotationMatrix":[0.0181045532,-0.999836087,0,0.999836087,0.0181045532,0,0,0,1],"shapeName":"/levels/johnson_valley/art/shapes/rocks/s_rocks_desert_medium_01.dae","useInstanceRenderData":true}
{"class":"TSStatic","persistentId":"88046061-750a-471e-9495-b27be4048f47","__parent":"trail_019","position":[-128.363922,323.029694,159.30867],"isRenderEnabled":false,"rotationMatrix":[0.652501225,-0.658032358,-0.375813484,0.680716813,0.726889491,-0.090864785,0.332966864,-0.196533144,0.922229826],"shapeName":"/levels/johnson_valley/art/shapes/rocks/s_rocks_desert_large_04.dae","useInstanceRenderData":true}
{"class":"TSStatic","persistentId":"bcd769d7-829c-4141-8225-3c7d214079d5","__parent":"trail_019","position":[-114.576729,311.835144,160.711121],"isRenderEnabled":false,"rotationMatrix":[0.974307001,-0.0511115454,-0.219347835,0.00837382302,0.981456876,-0.191499963,0.225068301,0.184742972,0.956668317],"shapeName":"/levels/johnson_valley/art/shapes/rocks/s_rocks_desert_large_02.dae","useInstanceRenderData":true}
{"class":"TSStatic","persistentId":"527d0e67-6fc9-47bb-a1cf-7196d3feeb61","__parent":"trail_019","position":[-123.153694,310.556396,159.967346],"isRenderEnabled":false,"shapeName":"/levels/johnson_valley/art/shapes/rocks/s_rocks_desert_medium_03.dae","useInstanceRenderData":true}
{"class":"TSStatic","persistentId":"7037760c-59b3-41bd-a4fa-de1c31a3dd45","__parent":"trail_019","position":[-115.448708,306.855316,161.440704],"isRenderEnabled":false,"shapeName":"/levels/johnson_valley/art/shapes/rocks/s_rocks_desert_medium_02.dae","useInstanceRenderData":true}
{"class":"TSStatic","persistentId":"72d95b00-5021-4802-9ab4-204eecfbe763","__parent":"trail_019","position":[-124.722725,311.740723,159.750641],"isRenderEnabled":false,"rotationMatrix":[0.440607309,0,-0.897699833,0,1,0,0.897699833,0,0.440607309],"shapeName":"/levels/johnson_valley/art/shapes/rocks/s_rocks_desert_medium_01.dae","useInstanceRenderData":true}
{"class":"TSStatic","persistentId":"3537a73b-dbc5-4a74-9f91-6e7fe762dcad","__parent":"trail_019","position":[-114.102821,307.950378,161.214401],"isRenderEnabled":false,"rotationMatrix":[-0.186315417,5.96046448e-08,-0.982490301,0.876061857,-0.452676892,-0.16613254,-0.444750309,-0.891674995,0.0843402147],"shapeName":"/levels/johnson_valley/art/shapes/rocks/s_rocks_desert_medium_02.dae","useInstanceRenderData":true}
{"class":"TSStatic","persistentId":"1256cf58-0b53-4242-ba6b-ce7d184cf508","__parent":"trail_019","position":[-95.7104187,293.197418,164.853394],"isRenderEnabled":false,"rotationMatrix":[-0.211099148,-0.976441205,0.0447145402,0.938686311,-0.189754963,0.287855387,-0.272589058,0.102739021,0.956629455],"shapeName":"/levels/johnson_valley/art/shapes/rocks/s_rocks_desert_huge_sheet_3.dae","useInstanceRenderData":true}
{"class":"TSStatic","persistentId":"b68b6c37-cc23-444e-8cab-9c6dbae8e8e5","__parent":"trail_019","position":[-111.067421,291.707001,161.357529],"isRenderEnabled":false,"rotationMatrix":[0.616776586,-0.732391179,0.288426727,0.754060686,0.654869139,0.0503884926,-0.225785881,0.186412752,0.956175208],"shapeName":"/levels/johnson_valley/art/shapes/rocks/s_rocks_desert_huge_sheet_2.dae","useInstanceRenderData":true}
{"class":"TSStatic","persistentId":"e889169a-4da7-4e83-a562-c964cf4ad976","__parent":"trail_019","position":[-103.214172,307.19693,162.991364],"isRenderEnabled":false,"rotationMatrix":[0.899852812,0.43143028,0.0642868429,-0.435091853,0.898246765,0.0620308369,-0.0309834667,-0.0837893039,0.99600172],"shapeName":"/levels/johnson_valley/art/shapes/rocks/s_rocks_desert_huge_sheet_1.dae","useInstanceRenderData":true}
{"class":"TSStatic","persistentId":"6b60df0d-9972-4126-aeb1-8e30d7fb483e","__parent":"trail_019","position":[-113.698151,283.942627,163.02356],"isRenderEnabled":false,"rotationMatrix":[-0.121900201,-0.991359949,0.0484374166,0.920996308,-0.0947858095,0.377864718,-0.370008707,0.0906724036,0.924592912],"shapeName":"/levels/johnson_valley/art/shapes/rocks/s_rocks_desert_huge_sheet_3.dae","useInstanceRenderData":true}
{"class":"TSStatic","persistentId":"807515f9-8450-4e91-b05f-3530346d1565","__parent":"trail_019","position":[-101.306862,294.181274,164.641708],"isRenderEnabled":false,"rotationMatrix":[0.0181045532,-0.999836087,0,0.999836087,0.0181045532,0,0,0,1],"shapeName":"/levels/johnson_valley/art/shapes/rocks/s_rocks_desert_large_04.dae","useInstanceRenderData":true}
{"class":"TSStatic","persistentId":"0b6456bc-ff15-45d5-8279-f754a0f92f77","__parent":"trail_019","position":[-111.048378,300.21582,161.970581],"isRenderEnabled":false,"rotationMatrix":[0.880493462,-0.405356467,-0.245799467,0.47405827,0.752889991,0.456536263,0,-0.518500447,0.855077326],"shapeName":"/levels/johnson_valley/art/shapes/rocks/s_rocks_desert_medium_05.dae","useInstanceRenderData":true}
{"class":"TSStatic","persistentId":"fb492132-66d0-47af-af12-db0b5ae2cc32","__parent":"trail_019","position":[-110.958862,286.999542,163.435089],"isRenderEnabled":false,"shapeName":"/levels/johnson_valley/art/shapes/rocks/s_rocks_desert_large_07.dae","useInstanceRenderData":true}
{"class":"TSStatic","persistentId":"6d067b36-cc81-44de-8ba5-baac244c3812","__parent":"trail_019","position":[-104.975006,285.166962,164.403137],"isRenderEnabled":false,"shapeName":"/levels/johnson_valley/art/shapes/rocks/s_rocks_desert_large_06.dae","useInstanceRenderData":true}
{"class":"TSStatic","persistentId":"c7f09a64-f99c-4ca8-9c50-36975c8ceff9","__parent":"trail_019","position":[-104.229851,294.715302,162.771896],"isRenderEnabled":false,"rotationMatrix":[0.573513389,-0.809664845,-0.124600917,0.706175804,0.411543846,0.576148927,-0.415208668,-0.418419302,0.807791471],"shapeName":"/levels/johnson_valley/art/shapes/rocks/s_rocks_desert_large_05.dae","useInstanceRenderData":true}
{"class":"TSStatic","persistentId":"1a0df413-9ed5-41eb-96b0-6396ddb06735","__parent":"trail_019","position":[-114.770058,280.529449,163.346985],"isRenderEnabled":false,"rotationMatrix":[-0.467858911,0.749318719,0.468647838,-0.883803964,-0.396666646,-0.248087719,-1.49011612e-08,-0.53026253,0.847833633],"shapeName":"/levels/johnson_valley/art/shapes/rocks/s_rocks_desert_medium_02.dae","useInstanceRenderData":true}
{"class":"TSStatic","persistentId":"5beee1cb-b48c-4db9-95b5-4fb500ecdeb8","__parent":"trail_019","position":[-105.517021,296.199707,163.672668],"isRenderEnabled":false,"shapeName":"/levels/johnson_valley/art/shapes/rocks/s_rocks_desert_medium_01.dae","useInstanceRenderData":true}
{"class":"TSStatic","persistentId":"8218d074-26d3-42a3-811a-6a4c6c7910df","__parent":"trail_019","position":[-123.005615,269.709412,165.639313],"isRenderEnabled":false,"rotationMatrix":[0.0181045532,-0.999836087,0,0.999836087,0.0181045532,0,0,0,1],"shapeName":"/levels/johnson_valley/art/shapes/rocks/s_rocks_desert_large_03.dae","useInstanceRenderData":true}
{"class":"TSStatic","persistentId":"e5b1fb4a-50e1-4605-a28b-643091567dde","__parent":"trail_019","position":[-114.588829,272.375061,163.476028],"isRenderEnabled":false,"rotationMatrix":[0.018104434,-0.932602525,-0.360451162,0.999836206,0.0168870091,0.00652688742,-1.49011612e-08,-0.36051023,0.932755232],"shapeName":"/levels/johnson_valley/art/shapes/rocks/s_rocks_desert_large_02.dae","useInstanceRenderData":true}
{"class":"TSStatic","persistentId":"39a1e6c9-02fe-4368-9bc1-250328a77203","__parent":"trail_019","position":[-105.609657,293.143829,163.206375],"isRenderEnabled":false,"rotationMatrix":[-0.797289848,-0.602952957,-0.0278840065,0.582091331,-0.780283332,0.228754103,-0.159685329,0.166152179,0.973084807],"shapeName":"/levels/johnson_valley/art/shapes/rocks/s_rocks_desert_huge_sheet_3.dae","useInstanceRenderData":true}
{"class":"TSStatic","persistentId":"1694d109-1c97-48e8-bcba-0313376de1dd","__parent":"trail_019","position":[-107.571289,297.277344,162.576462],"isRenderEnabled":false,"rotationMatrix":[1,0,0,0,0.986418009,0.164254427,0,-0.164254427,0.986418009],"shapeName":"/levels/johnson_valley/art/shapes/rocks/s_rocks_desert_large_07.dae","useInstanceRenderData":true}
{"class":"TSStatic","persistentId":"16a0ef87-1fde-4325-b2ea-074b17add217","__parent":"trail_019","position":[-95.8770905,284.727325,165.394318],"isRenderEnabled":false,"rotationMatrix":[0.202438295,0.978505671,-0.0393071324,-0.960565865,0.206219137,0.186511725,0.190608695,7.4505806e-09,0.981666088],"shapeName":"/levels/johnson_valley/art/shapes/rocks/s_rocks_desert_large_04.dae","useInstanceRenderData":true}
{"class":"TSStatic","persistentId":"543f75ed-80c7-4eee-bbad-383bafe5a6b6","__parent":"trail_019","position":[-100.894753,274.925201,164.561111],"isRenderEnabled":false,"rotationMatrix":[0.840918541,0.430953562,-0.327315152,-0.401603758,0.902374148,0.156318247,0.362726629,7.4505806e-09,0.931895614],"shapeName":"/levels/johnson_valley/art/shapes/rocks/s_rocks_desert_large_03.dae","useInstanceRenderData":true}
{"class":"TSStatic","persistentId":"e8edf3f9-aa83-41c9-976a-6ccead533c42","__parent":"trail_019","position":[-93.9446182,275.889008,165.520187],"isRenderEnabled":false,"rotationMatrix":[0.0111588836,-0.989164829,0.146385312,0.999937892,0.011038661,-0.0016336292,0,0.146394432,0.989226282],"shapeName":"/levels/johnson_valley/art/shapes/rocks/s_rocks_desert_large_02.dae","useInstanceRenderData":true}
{"class":"TSStatic","persistentId":"bd617a81-77af-4090-9653-a1e665d9886a","__parent":"trail_019","position":[-103.521019,258.549103,167.231384],"isRenderEnabled":false,"rotationMatrix":[0.89583993,-0.444376916,0,0.444376916,0.89583993,0,0,0,1],"shapeName":"/levels/johnson_valley/art/shapes/rocks/s_rocks_desert_large_07.dae","useInstanceRenderData":true}
{"class":"TSStatic","persistentId":"b4949699-d54b-40b7-8de6-b3013c90e1fa","__parent":"trail_019","position":[-101.455772,265.316345,166.340683],"isRenderEnabled":false,"shapeName":"/levels/johnson_valley/art/shapes/rocks/s_rocks_desert_large_06.dae","useInstanceRenderData":true}
{"class":"TSStatic","persistentId":"33a01afe-b824-4a94-88af-d7bc92624499","__parent":"trail_019","position":[-99.2022018,256.984985,167.120377],"isRenderEnabled":false,"rotationMatrix":[0.999033451,-0.0439557917,-4.65661287e-10,0.0423371084,0.962243795,0.268876225,-0.011818666,-0.268616349,0.96317476],"shapeName":"/levels/johnson_valley/art/shapes/rocks/s_rocks_desert_large_05.dae","useInstanceRenderData":true}
{"class":"TSStatic","persistentId":"25ff8c94-f7f2-4c73-bc2c-81d5a1991e96","__parent":"trail_019","position":[-101.258598,232.946686,178.582779],"isRenderEnabled":false,"shapeName":"/levels/johnson_valley/art/shapes/rocks/s_rocks_desert_medium_01.dae","useInstanceRenderData":true}
{"class":"TSStatic","persistentId":"eacba27d-6a9b-498c-9c11-cc7919329fbe","__parent":"trail_019","position":[-101.86676,231.036758,179.633347],"isRenderEnabled":false,"rotationMatrix":[-0.207532287,-0.96013236,0.187285423,0.978227973,-0.203693271,0.0397328511,7.4505806e-09,0.191453725,0.981501639],"shapeName":"/levels/johnson_valley/art/shapes/rocks/s_rocks_desert_medium_02.dae","useInstanceRenderData":true}
{"class":"TSStatic","persistentId":"32ca71b6-12ff-43d0-bdd3-204e9f42e9eb","__parent":"trail_019","position":[-106.153229,230.280151,179.90274],"isRenderEnabled":false,"rotationMatrix":[0.829358697,-0.558716595,0,0.558716595,0.829358697,0,0,0,1],"shapeName":"/levels/johnson_valley/art/shapes/rocks/s_rocks_desert_medium_03.dae","useInstanceRenderData":true}
{"class":"TSStatic","persistentId":"a566aa2b-3ca5-43b1-b800-36c8285fef3a","__parent":"trail_019","position":[-104.875694,234.449417,177.767166],"isRenderEnabled":false,"rotationMatrix":[0.92777586,0,0.37313804,-0.191906303,0.85760808,0.477158725,-0.320006222,-0.514303863,0.795668066],"shapeName":"/levels/johnson_valley/art/shapes/rocks/s_rocks_desert_medium_04.dae","useInstanceRenderData":true}
{"class":"TSStatic","persistentId":"e8cc1e85-43f3-4067-8618-39b4d700a7b5","__parent":"trail_019","position":[-105.947243,238.470093,176.264145],"isRenderEnabled":false,"rotationMatrix":[0.721708298,0,0.692197442,0,1,0,-0.692197442,0,0.721708298],"shapeName":"/levels/johnson_valley/art/shapes/rocks/s_rocks_desert_medium_05.dae","useInstanceRenderData":true}
{"class":"TSStatic","persistentId":"16f13ab4-c161-42da-a95a-90f6dea3cb05","__parent":"trail_019","position":[-101.459396,224.698013,181.829575],"isRenderEnabled":false,"rotationMatrix":[0.960186958,-1.49011612e-08,0.279358327,-0.226128861,0.587177396,0.777231514,-0.164032951,-0.809458554,0.563800037],"shapeName":"/levels/johnson_valley/art/shapes/rocks/s_rocks_desert_large_05.dae","useInstanceRenderData":true}
{"class":"TSStatic","persistentId":"cdd0d739-1b18-4644-8c6d-6dfde64a0bb4","__parent":"trail_019","position":[-99.519165,254.909256,169.395966],"isRenderEnabled":false,"rotationMatrix":[0.659257829,-0.751917243,0,0.703926802,0.617181301,0.351531923,-0.264322788,-0.231750235,0.936175942],"shapeName":"/levels/johnson_valley/art/shapes/rocks/s_rocks_desert_large_06.dae","useInstanceRenderData":true}
