{"class":"TSStatic","persistentId":"0de822d6-60fb-4fc7-8537-75da4773edea","__parent":"trail_027_rocks","position":[601.461243,-509.647308,147.276672],"isRenderEnabled":false,"rotationMatrix":[0.894036889,0.447993308,0,-0.447993308,0.894036889,0,0,0,1],"shapeName":"/levels/johnson_valley/art/shapes/rocks/s_rocks_desert_large_05.dae","useInstanceRenderData":true}
{"class":"TSStatic","persistentId":"39a28e95-b803-4e9d-9385-fd8345183f78","__parent":"trail_027_rocks","position":[653.430969,-492.172791,174.898453],"isRenderEnabled":false,"rotationMatrix":[-0.964363337,-0.0563759021,0.258505911,0.123784989,-0.959646344,0.252500117,0.233839318,0.275500953,0.932426095],"shapeName":"/levels/johnson_valley/art/shapes/rocks/s_rocks_desert_large_06.dae","useInstanceRenderData":true}
{"class":"TSStatic","persistentId":"2f4ef27b-d2fe-4d50-a65c-5c8067cdcea4","__parent":"trail_027_rocks","position":[662.014526,-490.747345,177.207413],"isRenderEnabled":false,"rotationMatrix":[1,0,0,0,0.7207129,0.693233609,0,-0.693233609,0.7207129],"shapeName":"/levels/johnson_valley/art/shapes/rocks/s_rocks_desert_large_05.dae","useInstanceRenderData":true}
{"class":"TSStatic","persistentId":"8f871ed6-ca10-4d7a-beb7-4e67ede331af","__parent":"trail_027_rocks","position":[661.871826,-486.285919,177.218842],"isRenderEnabled":false,"rotationMatrix":[1,0,0,0,-0.966641068,-0.256133676,0,0.256133676,-0.966641068],"shapeName":"/levels/johnson_valley/art/shapes/rocks/s_rocks_desert_medium_02.dae","useInstanceRenderData":true}
{"class":"TSStatic","persistentId":"7376aa36-36c5-4aa7-bf08-b41623f3b28f","__parent":"trail_027_rocks","position":[665.852295,-484.347046,179.19809],"isRenderEnabled":false,"rotationMatrix":[-0.0195297003,0,0.999809086,0,1,0,-0.999809086,0,-0.0195297003],"shapeName":"/levels/johnson_valley/art/shapes/rocks/s_rocks_desert_medium_01.dae","useInstanceRenderData":true}
{"class":"TSStatic","persistentId":"9a895617-8726-4e7c-8ecb-e02aab2ebc14","__parent":"trail_027_rocks","position":[661.109802,-481.514221,179.060638],"isRenderEnabled":false,"rotationMatrix":[1,0,0,0,0.961800814,-0.273750186,0,0.273750186,0.961800814],"shapeName":"/levels/johnson_valley/art/shapes/rocks/s_rocks_desert_large_06.dae","useInstanceRenderData":true}
{"class":"TSStatic","persistentId":"2dab57dd-b45b-4eb8-ab62-7863a48c4ea9","__parent":"trail_027_rocks","position":[664.339844,-480.434967,179.621017],"isRenderEnabled":false,"rotationMatrix":[-0.20687294,-0.940435767,-0.269785464,-0.978367805,0.198852301,0.0570453107,1.49011612e-08,0.275750548,-0.961229324],"shapeName":"/levels/johnson_valley/art/shapes/rocks/s_rocks_desert_medium_03.dae","useInstanceRenderData":true}
{"class":"TSStatic","persistentId":"e4d84e26-b5e6-4935-a396-ecef1bdc8eb0","__parent":"trail_027_rocks","position":[664.19989,-466.255768,185.202438],"isRenderEnabled":false,"rotationMatrix":[0.0522746444,-0.998598099,0.00830744207,-0.986222029,-0.0529304743,-0.156730026,0.156950042,0,-0.987606406],"shapeName":"/levels/johnson_valley/art/shapes/rocks/s_rocks_desert_medium_02.dae","useInstanceRenderData":true}
{"class":"TSStatic","persistentId":"0af04bc7-f4ee-40ae-8a0d-d2d54d1751a8","__parent":"trail_027_rocks","position":[666.835205,-458.573059,187.17012],"isRenderEnabled":false,"rotationMatrix":[-0.363856077,0,0.931455255,0,1,0,-0.931455255,0,-0.363856077],"shapeName":"/levels/johnson_valley/art/shapes/rocks/s_rocks_desert_medium_02.dae","useInstanceRenderData":true}
{"class":"TSStatic","persistentId":"546f5d04-6000-41b8-81c6-ee6e31c8117f","__parent":"trail_027_rocks","position":[667.883789,-456.447144,187.343582],"isRenderEnabled":false,"rotationMatrix":[-0.732852817,0,-0.680387318,0,1,0,0.680387318,0,-0.732852817],"shapeName":"/levels/johnson_valley/art/shapes/rocks/s_rocks_desert_large_06.dae","useInstanceRenderData":true}
{"class":"TSStatic","persistentId":"77519f1e-3f8b-4b77-b6f6-5fd97fb3db0c","__parent":"trail_027_rocks","position":[668.65509,-442.331665,188.469208],"isRenderEnabled":false,"rotationMatrix":[-0.849437594,-0.0178989619,0.527384937,0.0210668594,-0.999777794,-4.65661287e-10,0.527267873,0.0111103449,0.849626422],"shapeName":"/levels/johnson_valley/art/shapes/rocks/s_rocks_desert_medium_01.dae","useInstanceRenderData":true}
{"class":"TSStatic","persistentId":"38fb9505-4201-4c40-9ff7-1447bf157009","__parent":"trail_027_rocks","position":[677.335938,-431.248199,191.938507],"isRenderEnabled":false,"rotationMatrix":[0.958726585,-0.284329563,0,0.284329563,0.958726585,0,0,0,1],"shapeName":"/levels/johnson_valley/art/shapes/rocks/s_rocks_desert_large_03.dae","useInstanceRenderData":true}
{"class":"TSStatic","persistentId":"0cab9789-0251-472b-a578-6378108d9538","__parent":"trail_027_rocks","position":[675.219543,-430.264801,189.43811],"isRenderEnabled":false,"rotationMatrix":[-0.984692216,0.174300805,0,-0.174300805,-0.984692216,0,0,0,1],"shapeName":"/levels/johnson_valley/art/shapes/rocks/s_rocks_desert_large_03.dae","useInstanceRenderData":true}
{"class":"TSStatic","persistentId":"8c4712ca-7be0-41f3-bd69-d1fb173caeca","__parent":"trail_027_rocks","position":[619.340393,-501.822327,157.727707],"isRenderEnabled":false,"rotationMatrix":[0.899456024,0,0.437011212,0,1,0,-0.437011212,0,0.899456024],"shapeName":"/levels/johnson_valley/art/shapes/rocks/s_rocks_desert_collection_03.dae","useInstanceRenderData":true}
{"class":"TSStatic","persistentId":"6bec1cc7-c4ce-473f-aeb5-4cd3581f3062","__parent":"trail_027_rocks","position":[619.915771,-505.671936,158.735031],"isRenderEnabled":false,"rotationMatrix":[0.857575655,-3.7252903e-09,0.514357865,0.110732481,0.976551712,-0.184621409,-0.502297103,0.215282932,0.837466955],"shapeName":"/levels/johnson_valley/art/shapes/rocks/s_rocks_desert_collection_02.dae","useInstanceRenderData":true}
{"class":"TSStatic","persistentId":"56bcc4e4-b40c-4447-aa89-ed537249e84d","__parent":"trail_027_rocks","position":[627.240295,-501.901855,162.325424],"isRenderEnabled":false,"rotationMatrix":[-0.159258127,0.941366196,-0.297433704,-0.838537455,-0.287995696,-0.462508082,-0.521048963,0.175751165,0.835236192],"shapeName":"/levels/johnson_valley/art/shapes/rocks/s_rocks_desert_collection_03.dae","useInstanceRenderData":true}
{"class":"TSStatic","persistentId":"df48999a-6bf4-4c25-b2f0-f307511fde7f","__parent":"trail_027_rocks","position":[626.481934,-505.746216,162.66983],"isRenderEnabled":false,"rotationMatrix":[0.303200185,-0.895591497,0.325554043,0.797847271,0.425391674,0.427178562,-0.521065474,0.130221859,0.843524218],"shapeName":"/levels/johnson_valley/art/shapes/rocks/s_rocks_desert_collection_02.dae","useInstanceRenderData":true}
{"class":"TSStatic","persistentId":"4c71884b-2ef3-4684-9d34-1a9130085f74","__parent":"trail_027_rocks","position":[631.817688,-500.892609,164.969955],"isRenderEnabled":false,"rotationMatrix":[0.821099818,0.0133525766,0.570628405,0.0795935243,0.98728019,-0.1376324,-0.565207839,0.158428282,0.809592783],"shapeName":"/levels/johnson_valley/art/shapes/rocks/s_rocks_desert_collection_03.dae","useInstanceRenderData":true}
{"class":"TSStatic","persistentId":"9ddd3d17-3006-4657-adf5-e181751f97d3","__parent":"trail_027_rocks","position":[609.144653,-505.860901,152.137573],"isRenderEnabled":false,"rotationMatrix":[-0.593472481,-0.721259296,-0.357176572,0.604577363,-0.692438126,0.393719673,-0.53129673,0.0177209377,0.84700036],"shapeName":"/levels/johnson_valley/art/shapes/rocks/s_rocks_desert_collection_03.dae","useInstanceRenderData":true}
{"class":"TSStatic","persistentId":"9b2c7149-a116-4293-9126-fb3690bbd9df","__parent":"trail_027_rocks","position":[607.201538,-502.570068,151.080307],"isRenderEnabled":false,"rotationMatrix":[-0.0180932283,-0.290461987,0.956715405,-0.00549221039,0.95688653,0.290410042,-0.999821126,1.49011612e-08,-0.0189085007],"shapeName":"/levels/johnson_valley/art/shapes/rocks/s_rocks_desert_medium_01.dae","useInstanceRenderData":true}
{"class":"TSStatic","persistentId":"efab9e01-e7b0-4c8e-8470-c76987776dd1","__parent":"trail_027_rocks","position":[607.585938,-504.069885,151.332336],"isRenderEnabled":false,"shapeName":"/levels/johnson_valley/art/shapes/rocks/s_rocks_desert_small_04.dae","useInstanceRenderData":true}
{"class":"TSStatic","persistentId":"872d6d70-9e79-4027-a6c3-c42a78b3bde7","__parent":"trail_027_rocks","position":[606.913147,-504.472107,150.853668],"isRenderEnabled":false,"rotationMatrix":[-0.88005197,0,-0.474877119,0,1,0,0.474877119,0,-0.88005197],"shapeName":"/levels/johnson_valley/art/shapes/rocks/s_rocks_desert_small_01.dae","useInstanceRenderData":true}
{"class":"TSStatic","persistentId":"30d09bcb-2368-4d07-8db7-dd3d5d56c28a","__parent":"trail_027_rocks","position":[610.162964,-501.289764,152.722992],"isRenderEnabled":false,"rotationMatrix":[0.981138706,0,0.19330503,0,1,0,-0.19330503,0,0.981138706],"shapeName":"/levels/johnson_valley/art/shapes/rocks/s_rocks_desert_medium_03.dae","useInstanceRenderData":true}
{"class":"TSStatic","persistentId":"7c4a4652-d84d-4e76-9b41-b304e679ccd3","__parent":"trail_027_rocks","position":[610.450256,-502.965942,152.605667],"isRenderEnabled":false,"rotationMatrix":[-0.536491394,0,0.843905687,0,1,0,-0.843905687,0,-0.536491394],"shapeName":"/levels/johnson_valley/art/shapes/rocks/s_rocks_desert_medium_04.dae","useInstanceRenderData":true}
{"class":"TSStatic","persistentId":"a0570d04-f491-418e-9be1-a95f61e58e01","__parent":"trail_027_rocks","position":[606.431274,-503.630402,150.887543],"isRenderEnabled":false,"shapeName":"/levels/johnson_valley/art/shapes/rocks/s_rocks_desert_small_02.dae","useInstanceRenderData":true}
{"class":"TSStatic","persistentId":"9029e734-1834-439d-aa1a-b551ba991aeb","__parent":"trail_027_rocks","position":[611.469238,-495.774811,155.280975],"isRenderEnabled":false,"rotationMatrix":[0.977074921,-0.116079822,0.178465948,3.7252903e-09,0.838278413,0.545242488,-0.212895796,-0.532742798,0.819060802],"shapeName":"/levels/johnson_valley/art/shapes/rocks/s_rocks_desert_collection_03.dae","useInstanceRenderData":true}
{"class":"TSStatic","persistentId":"071434b2-cce8-4a04-ac5a-a617618c66eb","__parent":"trail_027_rocks","position":[587.942688,-519.627014,136.602386],"isRenderEnabled":false,"rotationMatrix":[0.948137939,-0.0274541602,0.316671222,-0.0343667157,0.981568575,0.187994733,-0.315995783,-0.189127907,0.929718971],"shapeName":"/levels/johnson_valley/art/shapes/rocks/s_rocks_desert_collection_03.dae","useInstanceRenderData":true}
{"class":"TSStatic","persistentId":"28c5e21e-5e39-4bd5-aef6-6402aa2bc813","__parent":"trail_027_rocks","position":[583.345703,-511.892059,135.844299],"isRenderEnabled":false,"rotationMatrix":[0.905765414,0.0306968428,0.422666222,-0.0942323655,0.98699218,0.130256116,-0.413169831,-0.15781033,0.896876037],"shapeName":"/levels/johnson_valley/art/shapes/rocks/s_rocks_desert_collection_02.dae","useInstanceRenderData":true}
{"class":"TSStatic","persistentId":"cd8f194d-9a75-4b48-86b1-af0f03bd1f75","__parent":"trail_027_rocks","position":[596.963867,-513.268066,141.983994],"isRenderEnabled":false,"rotationMatrix":[0.392706275,0.731600225,0.557263553,-0.665547907,0.644259095,-0.37679711,-0.634687006,-0.222915083,0.739919722],"shapeName":"/levels/johnson_valley/art/shapes/rocks/s_rocks_desert_collection_03.dae","useInstanceRenderData":true}
{"class":"TSStatic","persistentId":"79f30deb-404d-4bf4-a74a-8a00dc1e73f6","__parent":"trail_027_rocks","position":[591.779297,-508.325653,141.244125],"isRenderEnabled":false,"rotationMatrix":[0.840694785,0.0908394009,0.53383559,-0.254420936,0.936504364,0.241308108,-0.478019059,-0.338685453,0.810425758],"shapeName":"/levels/johnson_valley/art/shapes/rocks/s_rocks_desert_collection_02.dae","useInstanceRenderData":true}
{"class":"TSStatic","persistentId":"34ed1eee-10cf-4c4a-bc28-e600d5b3af6d","__parent":"trail_027_rocks","position":[594.30719,-520.159241,139.457733],"isRenderEnabled":false,"rotationMatrix":[0.875285029,0.0195587724,0.483211756,-0.127884477,0.972974479,0.192265958,-0.466392219,-0.23008278,0.854131222],"shapeName":"/levels/johnson_valley/art/shapes/rocks/s_rocks_desert_collection_01.dae","useInstanceRenderData":true}
{"class":"TSStatic","persistentId":"2d5c93a4-2bbd-41b8-a56d-182f1593c1b4","__parent":"trail_027_rocks","position":[622.803955,-498.072845,158.763992],"isRenderEnabled":false,"rotationMatrix":[-0.989617944,0,0.143721759,0,1,0,-0.143721759,0,-0.989617944],"shapeName":"/levels/johnson_valley/art/shapes/rocks/s_rocks_desert_medium_02.dae","useInstanceRenderData":true}
{"class":"TSStatic","persistentId":"f9509fe2-761c-402e-a5c7-216c2f3d0258","__parent":"trail_027_rocks","position":[623.256348,-500.15451,159.424622],"isRenderEnabled":false,"rotationMatrix":[-0.96133399,-0.0832348317,-0.26250574,-0.112843797,0.988588989,0.0997902825,0.251204282,0.125553921,-0.959756732],"shapeName":"/levels/johnson_valley/art/shapes/rocks/s_rocks_desert_medium_03.dae","useInstanceRenderData":true}
{"class":"TSStatic","persistentId":"367f732f-ab65-4351-8975-e2aa3c70bf0d","__parent":"trail_027_rocks","position":[628.333496,-498.608429,161.602905],"isRenderEnabled":false,"rotationMatrix":[-0.912253976,0,-0.409624785,0,1,0,0.409624785,0,-0.912253976],"shapeName":"/levels/johnson_valley/art/shapes/rocks/s_rocks_desert_medium_02.dae","useInstanceRenderData":true}
{"class":"TSStatic","persistentId":"c99b99b6-6f91-4bd5-adc9-7bf759b10520","__parent":"trail_027_rocks","position":[649.926208,-496.833282,173.562836],"isRenderEnabled":false,"rotationMatrix":[0.787166595,-0.461377352,0.409267187,-0.182635993,0.459450006,0.869223595,-0.58907789,-0.758970737,0.27739954],"shapeName":"/levels/johnson_valley/art/shapes/rocks/s_rocks_desert_small_01.dae","useInstanceRenderData":true}
{"class":"TSStatic","persistentId":"82425042-bcaa-4b14-8406-14a72e00a3e1","__parent":"trail_027_rocks","position":[706.835876,-430.20697,208.339554],"isRenderEnabled":false,"rotationMatrix":[0.804291844,0.38676706,0.451138467,0.385958463,-0.917264581,0.0982946604,0.451830477,0.0950631201,-0.887024403],"shapeName":"/levels/johnson_valley/art/shapes/rocks/s_rocks_desert_large_06.dae","useInstanceRenderData":true}
{"class":"TSStatic","persistentId":"1b2dbfe1-fa47-410d-b2d8-cfd707434f83","__parent":"trail_027_rocks","position":[707.384338,-432.422668,208.381454],"isRenderEnabled":false,"rotationMatrix":[-0.797834277,-0.401802361,-0.449460566,-0.39913559,0.910778701,-0.105701916,0.451830387,0.0950630978,-0.887024045],"shapeName":"/levels/johnson_valley/art/shapes/rocks/s_rocks_desert_large_06.dae","useInstanceRenderData":true}
{"class":"TSStatic","persistentId":"16ef633e-be8d-492a-b289-1df09800f58f","__parent":"trail_027_rocks","position":[707.154297,-434.156067,208.078552],"isRenderEnabled":false,"rotationMatrix":[0.614405215,-0.754063964,0.232150733,-0.646804094,-0.649885416,-0.399116307,0.451830506,0.0950631201,-0.887024641],"shapeName":"/levels/johnson_valley/art/shapes/rocks/s_rocks_desert_large_06.dae","useInstanceRenderData":true}
{"class":"TSStatic","persistentId":"fe7f0992-bc56-42db-ab22-c476c139317f","__parent":"trail_027_rocks","position":[705.841431,-430.592682,207.142639],"isRenderEnabled":false,"rotationMatrix":[0.395459771,-0.91600275,-0.0674567223,-0.537995338,-0.171486378,-0.825320065,0.744427621,0.362672269,-0.560621142],"shapeName":"/levels/johnson_valley/art/shapes/rocks/s_rocks_desert_large_06.dae","useInstanceRenderData":true}
{"class":"TSStatic","persistentId":"dab6d1b3-403e-4ffe-80d9-4bf18545d80c","__parent":"trail_027_rocks","position":[666.647339,-432.637726,187.077698],"isRenderEnabled":false,"scale":[1.18867183,1.18867183,1.18867183],"shapeName":"/levels/johnson_valley/art/shapes/rocks/s_rocks_desert_medium_04.dae","useInstanceRenderData":true}
{"class":"TSStatic","persistentId":"8a613a55-89fb-4dca-be75-a08f97d834f0","__parent":"trail_027_rocks","position":[666.981506,-434.191467,187.204773],"isRenderEnabled":false,"rotationMatrix":[0.511195183,0,0.859464645,0,1,0,-0.859464645,0,0.511195183],"shapeName":"/levels/johnson_valley/art/shapes/rocks/s_rocks_desert_medium_05.dae","useInstanceRenderData":true}
{"class":"TSStatic","persistentId":"681d63fd-e585-4ecf-8ef4-4f2998d83a8e","__parent":"trail_027_rocks","position":[670.049744,-431.485687,186.995407],"isRenderEnabled":false,"rotationMatrix":[0.877920151,-0.362391233,-0.31293577,0.447741449,0.85293746,0.268375069,0.169657856,-0.375726193,0.911068618],"shapeName":"/levels/johnson_valley/art/shapes/rocks/s_rocks_desert_large_06.dae","useInstanceRenderData":true}
{"class":"TSStatic","persistentId":"43cb84ef-4ed4-4c17-831e-7025ddb50ddc","__parent":"trail_027_rocks","position":[650.628601,-501.870728,175.458084],"isRenderEnabled":false,"rotationMatrix":[-0.885269403,-0.0347965956,-0.4637748,-0.222201973,-0.84437561,0.487499565,-0.408563495,0.534620166,0.739768267],"shapeName":"/levels/johnson_valley/art/shapes/rocks/s_rocks_desert_huge_sheet_3.dae","useInstanceRenderData":true}
{"class":"TSStatic","persistentId":"7f79d12e-ec91-43f1-914c-27f121b4d340","__parent":"trail_027_rocks","position":[610.167236,-485.324921,160.513397],"isRenderEnabled":false,"rotationMatrix":[0.920854151,-0.385506481,-0.058415588,0.348379344,0.746209979,0.567276359,-0.175098419,-0.542729616,0.821453094],"scale":[1.51274419,1.51274419,1.51274419],"shapeName":"/levels/johnson_valley/art/shapes/rocks/s_rocks_desert_huge_sheet_3.dae","useInstanceRenderData":true}
{"class":"TSStatic","persistentId":"d5fac5b9-68fc-4e98-80f2-9229ce60f5c3","__parent":"trail_027_rocks","position":[638.487061,-495.935028,168.795441],"isRenderEnabled":false,"rotationMatrix":[-0.00306999683,0.893683195,0.448687702,-0.824329019,0.251744032,-0.507056594,-0.566102386,-0.371423095,0.735916376],"shapeName":"/levels/johnson_valley/art/shapes/rocks/s_rocks_desert_low_tiny.dae","useInstanceRenderData":true}
{"class":"TSStatic","persistentId":"2b04c737-4a09-4401-bfca-ec8656c34366","__parent":"trail_027_rocks","position":[639.620117,-498.341919,169.677078],"isRenderEnabled":false,"rotationMatrix":[-0.280802488,-0.876300871,0.391467273,0.863807976,-0.0529764891,0.50102818,-0.418312907,0.478842497,0.771831691],"shapeName":"/levels/johnson_valley/art/shapes/rocks/s_rocks_desert_low_tiny.dae","useInstanceRenderData":true}
{"class":"TSStatic","persistentId":"f3afd9fc-54c6-4f97-8734-8e3b6824d288","__parent":"trail_027_rocks","position":[688.505127,-431.40802,197.099747],"isRenderEnabled":false,"rotationMatrix":[0.153297067,0.988116384,0.0112098455,-0.497645855,0.0673948526,0.864757895,0.853726149,-0.138143212,0.502063692],"shapeName":"/levels/johnson_valley/art/shapes/rocks/s_rocks_desert_medium_05.dae","useInstanceRenderData":true}
{"class":"TSStatic","persistentId":"9935d3e9-1f0c-40e5-b965-438a8edb0f07","__parent":"trail_027_rocks","position":[688.84259,-431.647156,197.542862],"isRenderEnabled":false,"shapeName":"/levels/johnson_valley/art/shapes/rocks/s_rocks_desert_small_03.dae","useInstanceRenderData":true}
{"class":"TSStatic","persistentId":"add93bc1-4096-446a-8db9-7d9a4e664012","__parent":"trail_027_rocks","position":[684.758057,-426.982483,196.161926],"isRenderEnabled":false,"rotationMatrix":[-0.858168602,-0.316386253,-0.404285312,0.248967737,-0.945199847,0.211216986,-0.44895649,0.0806057751,0.889910579],"shapeName":"/levels/johnson_valley/art/shapes/rocks/s_rocks_desert_collection_03.dae","useInstanceRenderData":true}
{"class":"TSStatic","persistentId":"58800b43-5ad7-48e0-af29-867eca89c493","__parent":"trail_027_rocks","position":[698.888489,-425.788879,202.340073],"isRenderEnabled":false,"rotationMatrix":[0.650056243,0.110130958,0.751863003,-0.18627879,0.982347012,0.0171638653,-0.736700058,-0.151213616,0.659095883],"shapeName":"/levels/johnson_valley/art/shapes/rocks/s_rocks_desert_huge_sheet_2.dae","useInstanceRenderData":true}
{"class":"TSStatic","persistentId":"ec7760ec-5574-4184-83be-891af1edff32","__parent":"trail_027_rocks","position":[701.25592,-435.480316,204.171097],"isRenderEnabled":false,"shapeName":"/levels/johnson_valley/art/shapes/rocks/s_rocks_desert_large_05.dae","useInstanceRenderData":true}
{"class":"TSStatic","persistentId":"f96d7e35-a9ae-4336-9c74-f350c8b6c965","__parent":"trail_027_rocks","position":[699.577454,-435.733795,201.85997],"isRenderEnabled":false,"shapeName":"/levels/johnson_valley/art/shapes/rocks/s_rocks_desert_large_03.dae","useInstanceRenderData":true}
{"class":"TSStatic","persistentId":"7b79a6fc-55c8-4a81-a6ec-ad78fa143586","__parent":"trail_027_rocks","position":[698.767212,-437.393127,203.208969],"isRenderEnabled":false,"rotationMatrix":[-0.148137331,-0.960027635,0.237490714,0.71453315,0.0621268153,0.696837306,-0.683737695,0.272922754,0.676768661],"shapeName":"/levels/johnson_valley/art/shapes/rocks/s_rocks_desert_low_tiny.dae","useInstanceRenderData":true}
{"class":"TSStatic","persistentId":"19ee30c5-3529-47ff-9dfa-0b7a4495a4ee","__parent":"trail_027_rocks","position":[695.81604,-427.257385,200.677109],"isRenderEnabled":false,"rotationMatrix":[0.425034165,-0.902956724,0.063365221,0.673493505,0.362240195,0.644351423,-0.604774833,-0.231195346,0.762099862],"shapeName":"/levels/johnson_valley/art/shapes/rocks/s_rocks_desert_low_tiny.dae","useInstanceRenderData":true}
{"class":"TSStatic","persistentId":"fe4e7ee9-ede9-4bd8-a8d6-637c8ab5ba04","__parent":"trail_027_rocks","position":[696.173706,-429.911102,200.029709],"isRenderEnabled":false,"rotationMatrix":[0.528922796,-0.845101118,-0.0777469426,0.673493385,0.362240314,0.644351244,-0.516378939,-0.393174082,0.760767281],"shapeName":"/levels/johnson_valley/art/shapes/rocks/s_rocks_desert_low_tiny.dae","useInstanceRenderData":true}
{"class":"TSStatic","persistentId":"3f7c8ac2-91d6-4af0-bcee-e0906382a4d4","__parent":"trail_027_rocks","position":[694.027222,-425.119507,199.443619],"isRenderEnabled":false,"rotationMatrix":[0.247330725,-0.931883812,0.265367955,0.673493505,0.362240255,0.644351304,-0.696587443,0.0193556547,0.71721077],"shapeName":"/levels/johnson_valley/art/shapes/rocks/s_rocks_desert_low_tiny.dae","useInstanceRenderData":true}
{"class":"TSStatic","persistentId":"65f5188d-a4d5-470d-9485-6136ed939a2a","__parent":"trail_027_rocks","position":[704.013855,-429.092743,206.81366],"isRenderEnabled":false,"shapeName":"/levels/johnson_valley/art/shapes/rocks/s_rocks_desert_large_04.dae","useInstanceRenderData":true}
{"class":"TSStatic","persistentId":"3b0434fb-7809-4a65-aefc-091300aa9912","__parent":"trail_027_rocks","position":[701.717529,-428.397858,204.913452],"isRenderEnabled":false,"shapeName":"/levels/johnson_valley/art/shapes/rocks/s_rocks_desert_large_05.dae","useInstanceRenderData":true}
{"class":"TSStatic","persistentId":"5b0c9619-4485-4ab6-98b3-42fc1fbd5ee4","__parent":"trail_027_rocks","position":[698.668518,-432.258026,200.617905],"isRenderEnabled":false,"rotationMatrix":[0.971533835,-0.0706717744,-0.226113856,0.235615313,0.387550175,0.89122957,0.0246456787,-0.91913563,0.393169463],"shapeName":"/levels/johnson_valley/art/shapes/rocks/s_rocks_desert_medium_04.dae","useInstanceRenderData":true}
{"class":"TSStatic","persistentId":"d1c690c4-be45-4575-8acd-a177c152c9fd","__parent":"trail_027_rocks","position":[699.312073,-432.270813,201.232056],"isRenderEnabled":false,"rotationMatrix":[0.612305343,-0.40110746,-0.681318462,0.322685987,0.91349417,-0.247794464,0.721772611,-0.0681260973,0.688769162],"shapeName":"/levels/johnson_valley/art/shapes/rocks/s_rocks_desert_medium_05.dae","useInstanceRenderData":true}
{"class":"TSStatic","persistentId":"5ea35385-7c53-404e-8b29-6acee879aa2a","__parent":"trail_027_rocks","position":[702.167786,-429.772034,204.123566],"isRenderEnabled":false,"rotationMatrix":[0.696717858,0.717345238,0,-0.717345238,0.696717858,0,0,0,1],"shapeName":"/levels/johnson_valley/art/shapes/rocks/s_rocks_desert_large_06.dae","useInstanceRenderData":true}
{"class":"TSStatic","persistentId":"8f5bdaf2-1b75-4c5b-832e-998b9ef3437f","__parent":"trail_027_rocks","position":[693.506958,-432.221375,198.461594],"isRenderEnabled":false,"rotationMatrix":[0.0811569095,-0.957413256,-0.277079761,-0.966837585,-0.00808107853,-0.255263597,0.242153645,0.288607568,-0.926319003],"shapeName":"/levels/johnson_valley/art/shapes/rocks/s_rocks_desert_medium_02.dae","useInstanceRenderData":true}
{"class":"TSStatic","persistentId":"d9b99067-1adb-407d-8a94-c57035193d51","__parent":"trail_027_rocks","position":[693.21228,-434.04425,199.545639],"isRenderEnabled":false,"rotationMatrix":[0.069460988,0.997584581,0,-0.997584581,0.069460988,0,0,0,1],"shapeName":"/levels/johnson_valley/art/shapes/rocks/s_rocks_desert_medium_04.dae","useInstanceRenderData":true}
{"class":"TSStatic","persistentId":"db0af1d8-2fca-496a-ac91-c4f51f2e4fc9","__parent":"trail_027_rocks","position":[717.707458,-432.778046,215.34964],"isRenderEnabled":false,"rotationMatrix":[0.601901054,0,-0.798570633,0,1,0,0.798570633,0,0.601901054],"shapeName":"/levels/johnson_valley/art/shapes/rocks/s_rocks_desert_medium_05.dae","useInstanceRenderData":true}
{"class":"TSStatic","persistentId":"6a56dce3-1b6c-4277-baf4-233cf50e1ffe","__parent":"trail_027_rocks","position":[718.715271,-434.706299,215.695953],"isRenderEnabled":false,"rotationMatrix":[0.228515506,0.481466621,0.846150339,-0.903409123,0.428779423,-2.98023224e-08,-0.362811863,-0.764420033,0.532944202],"shapeName":"/levels/johnson_valley/art/shapes/rocks/s_rocks_desert_medium_02.dae","useInstanceRenderData":true}
{"class":"TSStatic","persistentId":"9d8a95d7-e0f5-42aa-92c4-8542747992ee","__parent":"trail_027_rocks","position":[717.389526,-434.489044,214.941498],"isRenderEnabled":false,"rotationMatrix":[0.988880396,0.0540939495,0.138525784,-3.7252903e-09,0.931497633,-0.363747299,-0.148712963,0.359702587,0.921139777],"shapeName":"/levels/johnson_valley/art/shapes/rocks/s_rocks_desert_medium_03.dae","useInstanceRenderData":true}
{"class":"TSStatic","persistentId":"28309ba1-efa5-497e-b4f0-f9a50b2f32a1","__parent":"trail_027_rocks","position":[719.886536,-433.101868,215.965271],"isRenderEnabled":false,"rotationMatrix":[0.968478203,3.7252903e-09,0.249098197,-0.0522389747,0.977763116,0.203101829,-0.243559018,-0.209712341,0.946942329],"shapeName":"/levels/johnson_valley/art/shapes/rocks/s_rocks_desert_large_07.dae","useInstanceRenderData":true}
{"class":"TSStatic","persistentId":"899d7179-eeb1-444c-b2c6-981754d16157","__parent":"trail_027_rocks","position":[720.027771,-435.412384,216.66571],"isRenderEnabled":false,"rotationMatrix":[0.391875029,0.916318953,0.0824217722,-0.916776597,0.381410003,0.118519962,0.0771656111,-0.12200737,0.989524961],"shapeName":"/levels/johnson_valley/art/shapes/rocks/s_rocks_desert_medium_02.dae","useInstanceRenderData":true}
{"class":"TSStatic","persistentId":"6f208ba0-45fe-47c9-9164-6e37e754fc20","__parent":"trail_027_rocks","position":[721.053162,-433.176666,216.476151],"isRenderEnabled":false,"rotationMatrix":[-0.965518236,0,-0.260335207,-0.133933082,0.857511997,0.496724337,0.223240569,0.514463902,-0.827943563],"shapeName":"/levels/johnson_valley/art/shapes/rocks/s_rocks_desert_medium_02.dae","useInstanceRenderData":true}
{"class":"TSStatic","persistentId":"c7ef01e3-0832-408e-9e33-01f5801ef2bb","__parent":"trail_027_rocks","position":[722.846985,-430.696686,218.474701],"isRenderEnabled":false,"rotationMatrix":[0.943077803,-0.259895891,0.207504958,0.198311344,0.940340519,0.276463836,-0.266977161,-0.219576329,0.938354611],"shapeName":"/levels/johnson_valley/art/shapes/rocks/s_rocks_desert_low_tiny.dae","useInstanceRenderData":true}
{"class":"TSStatic","persistentId":"54ebe2e1-5f60-4782-b552-2b180ed701c8","__parent":"trail_027_rocks","position":[727.000061,-432.486755,219.846512],"isRenderEnabled":false,"rotationMatrix":[0.0509305596,0.998702109,2.98023224e-08,-0.913471639,0.0465841293,-0.404226899,-0.403702289,0.0205874741,0.914658725],"shapeName":"/levels/johnson_valley/art/shapes/rocks/s_rocks_desert_low_tiny.dae","useInstanceRenderData":true}
{"class":"TSStatic","persistentId":"eff676d6-7176-4733-abad-a5ad32c6b1bd","__parent":"trail_027_rocks","position":[723.595703,-438.067902,220.078445],"isRenderEnabled":false,"rotationMatrix":[0.918151081,-0.0118302517,0.396053821,0.0723037124,0.987773776,-0.138112828,-0.389577657,0.155444607,0.907780945],"shapeName":"/levels/johnson_valley/art/shapes/rocks/s_rocks_desert_collection_03.dae","useInstanceRenderData":true}
{"class":"TSStatic","persistentId":"4cd599eb-3853-4107-abaa-fe4aeb5d9a61","__parent":"trail_027_rocks","position":[725.655151,-441.061768,222.032089],"isRenderEnabled":false,"rotationMatrix":[0.246660411,0.966006935,-0.0773888826,-0.821479261,0.166053534,-0.545525193,-0.514130533,0.198132783,0.834513724],"shapeName":"/levels/johnson_valley/art/shapes/rocks/s_rocks_desert_collection_02.dae","useInstanceRenderData":true}
{"class":"TSStatic","persistentId":"c7182065-4ebf-475f-905d-d7fae6fc5466","__parent":"trail_027_rocks","position":[660.901489,-431.984741,189.729828],"isRenderEnabled":false,"rotationMatrix":[0.394704044,-0.913973451,0.0941342711,0.815132618,0.301046789,-0.494903624,0.423989952,0.272072375,0.863833964],"scale":[1.18500972,1.18500972,1.18500972],"shapeName":"/levels/johnson_valley/art/shapes/rocks/s_rocks_desert_huge_sheet_3.dae","useInstanceRenderData":true}
{"class":"TSStatic","persistentId":"de36e6c0-9046-4709-8822-80a66f4d13d8","__parent":"trail_027_rocks","position":[669.233521,-441.27771,188.767609],"isRenderEnabled":false,"rotationMatrix":[0.826197863,-0.0234807506,0.56289047,0.116660662,0.984605908,-0.130159408,-0.551169097,0.173204601,0.816218555],"shapeName":"/levels/johnson_valley/art/shapes/rocks/s_rocks_desert_low_tiny.dae","useInstanceRenderData":true}
{"class":"TSStatic","persistentId":"8438d183-de43-4ebf-994c-ba5f1ed69079","__parent":"trail_027_rocks","position":[666.721436,-441.307434,188.469147],"isRenderEnabled":false,"rotationMatrix":[0.917514443,-0.0546968952,-0.393923104,0.0235369708,0.996229231,-0.0835064799,0.39700526,0.0673466474,0.915342152],"shapeName":"/levels/johnson_valley/art/shapes/rocks/s_rocks_desert_low_tiny.dae","useInstanceRenderData":true}
{"class":"TSStatic","persistentId":"13a56708-9812-47ef-b4d7-ff5b3a6d98ce","__parent":"trail_027_rocks","position":[669.289062,-445.990692,189.164566],"isRenderEnabled":false,"rotationMatrix":[0.801931143,0.25705868,-0.539283991,-0.213311508,0.966395795,0.143448114,0.558036327,-7.4505806e-09,0.829816461],"shapeName":"/levels/johnson_valley/art/shapes/rocks/s_rocks_desert_large_06.dae","useInstanceRenderData":true}
{"class":"TSStatic","persistentId":"ba1dbf91-72f6-4fd6-b192-3db06adfbb58","__parent":"trail_027_rocks","position":[667.149475,-446.684174,188.305084],"isRenderEnabled":false,"rotationMatrix":[-0.889462352,0,-0.457008064,0,1,0,0.457008064,0,-0.889462352],"shapeName":"/levels/johnson_valley/art/shapes/rocks/s_rocks_desert_medium_02.dae","useInstanceRenderData":true}
{"class":"TSStatic","persistentId":"2c3feb10-4764-47de-a7f5-178513008a78","__parent":"trail_027_rocks","position":[667.54364,-447.643372,188.894485],"isRenderEnabled":false,"rotationMatrix":[0.965960622,0,-0.258689135,0,1,0,0.258689135,0,0.965960622],"shapeName":"/levels/johnson_valley/art/shapes/rocks/s_rocks_desert_small_02.dae","useInstanceRenderData":true}
{"class":"TSStatic","persistentId":"6ebb672d-b922-4b69-b693-14b51b8bc4b5","__parent":"trail_027_rocks","position":[661.382629,-456.498566,189.518143],"isRenderEnabled":false,"rotationMatrix":[0.970615149,0.0821797326,-0.226169571,0,0.939878464,0.341509044,0.240637049,-0.331473887,0.912260294],"shapeName":"/levels/johnson_valley/art/shapes/rocks/s_rocks_desert_collection_03.dae","useInstanceRenderData":true}
{"class":"TSStatic","persistentId":"4e3857d4-2b79-4e99-b95c-bcf57499c914","__parent":"trail_027_rocks","position":[662.142822,-453.418518,189.031143],"isRenderEnabled":false,"shapeName":"/levels/johnson_valley/art/shapes/rocks/s_rocks_desert_large_05.dae","useInstanceRenderData":true}
{"class":"TSStatic","persistentId":"1c30815e-8fe6-4d12-97ea-1912eb9d9652","__parent":"trail_027_rocks","position":[667.038513,-452.262421,188.329025],"isRenderEnabled":false,"rotationMatrix":[0.111563742,0.213831633,0.970479012,-0.918989539,-0.349430799,0.182636827,0.378168821,-0.912235737,0.157525301],"shapeName":"/levels/johnson_valley/art/shapes/rocks/s_rocks_desert_medium_05.dae","useInstanceRenderData":true}
{"class":"TSStatic","persistentId":"5797ab0c-7311-48e5-b9fd-2d7538697fed","__parent":"trail_027_rocks","position":[669.638611,-451.234497,189.860458],"isRenderEnabled":false,"shapeName":"/levels/johnson_valley/art/shapes/rocks/s_rocks_desert_medium_02.dae","useInstanceRenderData":true}
{"class":"TSStatic","persistentId":"10ee7653-653d-46c0-bdc4-eeffa8aaf263","__parent":"trail_027_rocks","position":[667.229004,-450.612061,187.976837],"isRenderEnabled":false,"rotationMatrix":[-0.674451351,0,0.73831892,0,1,0,-0.73831892,0,-0.674451351],"shapeName":"/levels/johnson_valley/art/shapes/rocks/s_rocks_desert_medium_02.dae","useInstanceRenderData":true}
{"class":"TSStatic","persistentId":"ce7a1456-95ef-4f45-bee2-a3179c603a9b","__parent":"trail_027_rocks","position":[666.242126,-451.189606,188.456085],"isRenderEnabled":false,"rotationMatrix":[0.815645456,0.578552008,0,-0.578552008,0.815645456,0,0,0,1],"shapeName":"/levels/johnson_valley/art/shapes/rocks/s_rocks_desert_medium_05.dae","useInstanceRenderData":true}
{"class":"TSStatic","persistentId":"3c3774a0-7cdc-4ff7-9196-83671aaf97d0","__parent":"trail_027_rocks","position":[661.03125,-475.766663,183.04512],"isRenderEnabled":false,"rotationMatrix":[0.998312831,0.0191538427,-0.0548142195,0.00541722775,0.909183681,0.416360021,0.0578110889,-0.415954471,0.907545984],"shapeName":"/levels/johnson_valley/art/shapes/rocks/s_rocks_desert_collection_03.dae","useInstanceRenderData":true}
{"class":"TSStatic","persistentId":"8ba532a0-eaeb-4fe4-8dbd-f6b4e333c912","__parent":"trail_027_rocks","position":[667.988403,-472.986603,184.844635],"isRenderEnabled":false,"rotationMatrix":[0.902329624,0,0.431046635,-0.149732873,0.937727988,0.313442647,-0.404204458,-0.347370446,0.846139789],"shapeName":"/levels/johnson_valley/art/shapes/rocks/s_rocks_desert_collection_02.dae","useInstanceRenderData":true}
{"class":"TSStatic","persistentId":"3a4f8b3e-8d6c-4018-9c9b-9eda2744ab67","__parent":"trail_027_rocks","position":[663.593567,-481.724365,178.495071],"isRenderEnabled":false,"shapeName":"/levels/johnson_valley/art/shapes/rocks/s_rocks_desert_medium_03.dae","useInstanceRenderData":true}
{"class":"TSStatic","persistentId":"a55827a8-5478-4596-9442-430eb886d5f7","__parent":"trail_027_rocks","position":[663.605652,-478.270569,180.761658],"isRenderEnabled":false,"rotationMatrix":[0.838201523,-0.291202545,0.461106628,0.125449389,-0.719879627,-0.682667792,0.53073597,0.630058706,-0.566872954],"shapeName":"/levels/johnson_valley/art/shapes/rocks/s_rocks_desert_medium_02.dae","useInstanceRenderData":true}
{"class":"TSStatic","persistentId":"9ea3138d-c00b-4018-a5b5-284c1b037ff5","__parent":"trail_027_rocks","position":[665.992493,-477.911804,181.062973],"isRenderEnabled":false,"rotationMatrix":[0.0979644656,0.979669571,0.175072834,-0.985541105,0.119939208,-0.119680412,-0.138245359,-0.160817027,0.977254391],"shapeName":"/levels/johnson_valley/art/shapes/rocks/s_rocks_desert_medium_03.dae","useInstanceRenderData":true}
{"class":"TSStatic","persistentId":"073dc330-3ca1-4cda-9f30-53d3398bdcb5","__parent":"trail_027_rocks","position":[664.822693,-478.644348,180.524643],"isRenderEnabled":false,"rotationMatrix":[0.00525140762,0.374411613,-0.927247941,-0.00212046504,0.927262604,0.374405622,0.999984205,-4.47034836e-08,0.00566333532],"shapeName":"/levels/johnson_valley/art/shapes/rocks/s_rocks_desert_medium_05.dae","useInstanceRenderData":true}
{"class":"TSStatic","persistentId":"227d4325-2e23-4e2a-96d2-04c2233fea55","__parent":"trail_027_rocks","position":[665.191589,-476.920868,181.149536],"isRenderEnabled":false,"rotationMatrix":[1,0,0,0,-0.918207645,-0.396098644,0,0.396098644,-0.918207645],"shapeName":"/levels/johnson_valley/art/shapes/rocks/s_rocks_desert_medium_03.dae","useInstanceRenderData":true}
{"class":"TSStatic","persistentId":"22f326ec-9f0c-40fc-9c6b-c94223259d20","__parent":"trail_027_rocks","position":[665.717163,-468.546936,184.340515],"isRenderEnabled":false,"rotationMatrix":[-0.836423755,0,-0.548082829,0,1,0,0.548082829,0,-0.836423755],"shapeName":"/levels/johnson_valley/art/shapes/rocks/s_rocks_desert_large_06.dae","useInstanceRenderData":true}
{"class":"TSStatic","persistentId":"8bcd6220-be74-481a-be26-5f98b671526b","__parent":"trail_027_rocks","position":[667.672668,-467.038055,186.343109],"isRenderEnabled":false,"rotationMatrix":[0.929005504,-0.0103341155,0.369921505,-0.0562933795,0.984030724,0.168862686,-0.365759194,-0.177698508,0.913588226],"shapeName":"/levels/johnson_valley/art/shapes/rocks/s_rocks_desert_collection_03.dae","useInstanceRenderData":true}
{"class":"TSStatic","persistentId":"f04f9dd3-93e2-4533-8eb2-acba13a7232a","__parent":"trail_027_rocks","position":[669.774902,-460.939636,188.405441],"isRenderEnabled":false,"rotationMatrix":[0.746781468,0.26624763,0.609450281,-0.379180193,0.92329216,0.0612689406,-0.54638797,-0.276845992,0.790453315],"shapeName":"/levels/johnson_valley/art/shapes/rocks/s_rocks_desert_collection_02.dae","useInstanceRenderData":true}
{"class":"TSStatic","persistentId":"8519b583-831d-4ea8-b5bd-ab28442400a0","__parent":"trail_027_rocks","position":[665.643188,-463.567688,186.28598],"isRenderEnabled":false,"rotationMatrix":[0.99331367,-0.115446821,0,0.112516567,0.968101501,0.223873973,-0.0258455407,-0.222377062,0.974618077],"shapeName":"/levels/johnson_valley/art/shapes/rocks/s_rocks_desert_low_tiny.dae","useInstanceRenderData":true}
{"class":"TSStatic","persistentId":"15dd6f83-f744-4605-bff1-1f861feae81c","__parent":"trail_027_rocks","position":[668.279602,-463.579193,187.278214],"isRenderEnabled":false,"rotationMatrix":[0.865591645,-0.0446788445,0.498753309,7.4505806e-09,0.996011615,0.0892237499,-0.500750482,-0.0772313252,0.862139344],"shapeName":"/levels/johnson_valley/art/shapes/rocks/s_rocks_desert_low_tiny.dae","useInstanceRenderData":true}
{"class":"TSStatic","persistentId":"d0eb8908-09fd-4f43-965d-c3d165ff1ff5","__parent":"trail_027_rocks","position":[666.182739,-474.307709,183.389023],"isRenderEnabled":false,"shapeName":"/levels/johnson_valley/art/shapes/rocks/s_rocks_desert_medium_05.dae","useInstanceRenderData":true}
{"class":"TSStatic","persistentId":"fdbe45b8-5b01-47c5-8058-1c6b69800c9b","__parent":"trail_027_rocks","position":[667.207825,-475.245209,183.075928],"isRenderEnabled":false,"rotationMatrix":[0.734707594,-0.0589401424,0.675818682,0.344671816,-0.825621843,-0.446710467,0.584299684,0.561137199,-0.586275578],"shapeName":"/levels/johnson_valley/art/shapes/rocks/s_rocks_desert_medium_03.dae","useInstanceRenderData":true}
{"class":"TSStatic","persistentId":"1b618d94-94ee-46b1-b630-a4b29d6c925a","__parent":"trail_027_rocks","position":[665.895264,-475.697998,182.147369],"isRenderEnabled":false,"shapeName":"/levels/johnson_valley/art/shapes/rocks/s_rocks_desert_medium_04.dae","useInstanceRenderData":true}
{"class":"TSStatic","persistentId":"43c65a1a-10b2-44a3-8417-26b27d232025","__parent":"trail_027_rocks","position":[663.846069,-475.785889,182.080887],"isRenderEnabled":false,"rotationMatrix":[-0.993335605,-1.86264515e-09,-0.115256675,-0.0465347916,0.914869726,0.401058495,0.105444841,0.403749168,-0.908772707],"shapeName":"/levels/johnson_valley/art/shapes/rocks/s_rocks_desert_medium_04.dae","useInstanceRenderData":true}
{"class":"TSStatic","persistentId":"c3fa0aaa-5294-4bf7-b0fb-6e88343e3b1d","__parent":"trail_027_rocks","position":[664.901306,-475.626953,182.312225],"isRenderEnabled":false,"shapeName":"/levels/johnson_valley/art/shapes/rocks/s_rocks_desert_small_03.dae","useInstanceRenderData":true}
{"class":"TSStatic","persistentId":"490845d9-e5cd-4a14-b677-17dd869570ee","__parent":"trail_027_rocks","position":[664.292725,-475.182709,182.44072],"isRenderEnabled":false,"shapeName":"/levels/johnson_valley/art/shapes/rocks/s_rocks_desert_small_02.dae","useInstanceRenderData":true}
