{"class":"TSStatic","persistentId":"fe43ceb7-d9f5-446a-b663-0dafccbc2e82","__parent":"fs_5_meshes","position":[153.258865,1764.58655,102.26265],"isRenderEnabled":false,"shapeName":"/levels/west_coast_usa/art/shapes/objects/bollard_yellow.dae","useInstanceRenderData":true}
{"class":"TSStatic","persistentId":"eecf0742-92ad-4ad8-95e3-509ae08b7929","__parent":"fs_5_meshes","position":[153.083084,1765.1604,102.279869],"isRenderEnabled":false,"shapeName":"/levels/west_coast_usa/art/shapes/objects/bollard_yellow.dae","useInstanceRenderData":true}
{"class":"TSStatic","persistentId":"7ad00205-de40-4a3d-a7ae-88e53ce9200c","__parent":"fs_5_meshes","position":[144.862885,1762.90491,102.380836],"isRenderEnabled":false,"shapeName":"/levels/west_coast_usa/art/shapes/objects/bollard_yellow.dae","useInstanceRenderData":true}
{"class":"TSStatic","persistentId":"21d3ca58-0741-4ab9-9e92-3b1d15e78773","__parent":"fs_5_meshes","position":[145.038666,1762.33105,102.363617],"isRenderEnabled":false,"shapeName":"/levels/west_coast_usa/art/shapes/objects/bollard_yellow.dae","useInstanceRenderData":true}
{"class":"TSStatic","persistentId":"40cadd14-9b4b-4bb7-ba6e-d6b90105ac93","__parent":"fs_5_meshes","position":[147.15184,1754.13196,102.189362],"isRenderEnabled":false,"shapeName":"/levels/west_coast_usa/art/shapes/objects/bollard_yellow.dae","useInstanceRenderData":true}
{"class":"TSStatic","persistentId":"eb4c372f-9233-4fb6-9402-ab1da6b10010","__parent":"fs_5_meshes","position":[147.327621,1753.55811,102.141144],"isRenderEnabled":false,"shapeName":"/levels/west_coast_usa/art/shapes/objects/bollard_yellow.dae","useInstanceRenderData":true}
{"class":"TSStatic","persistentId":"4c32ec60-a9e7-40c1-a1fd-0ab06129f63d","__parent":"fs_5_meshes","position":[155.407181,1756.37488,102.064445],"isRenderEnabled":false,"shapeName":"/levels/west_coast_usa/art/shapes/objects/bollard_yellow.dae","useInstanceRenderData":true}
{"class":"TSStatic","persistentId":"d1e5fbd7-08a1-4114-87b6-106309b90cdb","__parent":"fs_5_meshes","position":[155.582962,1755.80103,102.010704],"isRenderEnabled":false,"shapeName":"/levels/west_coast_usa/art/shapes/objects/bollard_yellow.dae","useInstanceRenderData":true}
{"class":"TSStatic","persistentId":"84ab4f3c-7dbc-4016-b716-9c16915f5852","__parent":"fs_5_meshes","position":[158.448212,1785.68018,102.554161],"isRenderEnabled":false,"rotationMatrix":[0.939692616,0.342020154,0,-0.342020154,0.939692616,0,0,0,1],"shapeName":"/levels/west_coast_usa/art/shapes/objects/pole_light_bridge.dae","useInstanceRenderData":true}
{"class":"TSStatic","persistentId":"ed19ccf5-9494-4b58-a326-4058dfdb8330","__parent":"fs_5_meshes","position":[149.953598,1739.27344,101.512062],"isRenderEnabled":false,"rotationMatrix":[0.258819044,-0.965925753,0,0.965925753,0.258819044,0,0,0,1],"shapeName":"/levels/west_coast_usa/art/shapes/objects/pole_light_bridge.dae","useInstanceRenderData":true}
{"class":"TSStatic","persistentId":"02fc2841-b35c-49f6-a921-89a9d95d63bd","__parent":"fs_5_meshes","position":[170.451324,1748.31079,101.198151],"isRenderEnabled":false,"rotationMatrix":[0.906307817,-0.422618181,0,0.422618181,0.906307817,0,0,0,1],"shapeName":"/levels/west_coast_usa/art/shapes/objects/pole_light_bridge.dae","useInstanceRenderData":true}
{"class":"TSStatic","persistentId":"c3c3ec91-3ddb-4565-aa1a-ae169ce94121","__parent":"fs_5_meshes","position":[134.069336,1758.72217,102.503624],"isRenderEnabled":false,"rotationMatrix":[0.906307817,-0.422618181,0,0.422618181,0.906307817,0,0,0,1],"shapeName":"/levels/west_coast_usa/art/shapes/objects/pole_light_bridge.dae","useInstanceRenderData":true}
{"class":"TSStatic","persistentId":"b9e19fc8-8bfd-4092-a0c8-20549767b33a","__parent":"fs_5_meshes","position":[137.345154,1750.81348,102.316383],"decalType":"None","isRenderEnabled":false,"rotationMatrix":[0.999945223,0.000486278615,-0.0104555311,-5.23853087e-05,0.999140203,0.0414592065,0.0104667014,-0.0414563902,0.999085486],"shapeName":"/levels/west_coast_usa/art/shapes/buildings/s_fuel_manhole_refill.dae","useInstanceRenderData":true}
{"class":"TSStatic","persistentId":"a2fa128f-7f01-407d-b7eb-63d90727b011","__parent":"fs_5_meshes","position":[138.665176,1746.5304,102.064835],"decalType":"None","isRenderEnabled":false,"rotationMatrix":[0.999748826,0.000506676326,-0.0224065073,0.00101682125,0.997689605,0.0679298863,0.0223891586,-0.0679356083,0.997438431],"shapeName":"/levels/west_coast_usa/art/shapes/buildings/s_fuel_manhole_refill.dae","useInstanceRenderData":true}
{"class":"TSStatic","persistentId":"97aec694-7e37-4a9c-9117-c435e2d9902e","__parent":"fs_5_meshes","position":[139.919098,1742.25183,101.689903],"decalType":"None","isRenderEnabled":false,"rotationMatrix":[0.999732256,0.000835666084,-0.0231239107,0.0013678096,0.995465815,0.0951102227,0.0230985414,-0.0951163918,0.995198131],"shapeName":"/levels/west_coast_usa/art/shapes/buildings/s_fuel_manhole_refill.dae","useInstanceRenderData":true}
{"class":"TSStatic","persistentId":"f65e492f-df21-47d4-9157-73a724fadfba","__parent":"fs_5_meshes","position":[136.154068,1750.50403,102.318817],"decalType":"None","isRenderEnabled":false,"rotationMatrix":[0.999809325,0.000496333465,-0.0195202511,0.000292800309,0.999183416,0.0404027961,0.0195243638,-0.0404008068,0.998992801],"shapeName":"/levels/west_coast_usa/art/shapes/buildings/s_fuel_manhole_refill_double.dae","useInstanceRenderData":true}
{"class":"TSStatic","persistentId":"fe8a363c-2ed4-4a89-bb1c-79eb2daa9bca","__parent":"fs_5_meshes","position":[137.43396,1746.18115,102.067078],"decalType":"None","isRenderEnabled":false,"rotationMatrix":[0.999773145,0.000576899271,-0.0212911703,0.000955129974,0.997413158,0.0718758106,0.0212775581,-0.0718798488,0.997186303],"shapeName":"/levels/west_coast_usa/art/shapes/buildings/s_fuel_manhole_refill_double.dae","useInstanceRenderData":true}
{"class":"TSStatic","persistentId":"5f8cc73d-b588-4326-a28b-960bdef7089f","__parent":"fs_5_meshes","position":[138.572952,1741.91516,101.696007],"decalType":"None","isRenderEnabled":false,"rotationMatrix":[0.999705374,0.00104545907,-0.0242497325,0.00112259213,0.996011376,0.0892195627,0.0242462829,-0.0892205015,0.995716751],"shapeName":"/levels/west_coast_usa/art/shapes/buildings/s_fuel_manhole_refill_double.dae","useInstanceRenderData":true}
{"class":"TSStatic","persistentId":"4158be41-47eb-4e6b-bcd4-2bff8dd9feee","__parent":"fs_5_meshes","position":[136.484329,1741.28601,101.691467],"decalType":"None","isRenderEnabled":false,"rotationMatrix":[0.999745131,0.000341857551,-0.0225729644,0.00166678149,0.996038675,0.088905476,0.0225139372,-0.0889204368,0.995784283],"shapeName":"/levels/west_coast_usa/art/shapes/buildings/s_fuel_manhole_refill.dae","useInstanceRenderData":true}
{"class":"TSStatic","persistentId":"15bd21e9-206f-46a1-9d37-5b25e27a8eb6","__parent":"fs_5_meshes","position":[135.253067,1745.52759,102.064667],"decalType":"None","isRenderEnabled":false,"rotationMatrix":[0.999874115,0.000259781984,-0.0158644374,0.000854928978,0.997531354,0.0702175349,0.0158435162,-0.0702222586,0.997405529],"shapeName":"/levels/west_coast_usa/art/shapes/buildings/s_fuel_manhole_refill.dae","useInstanceRenderData":true}
{"class":"TSStatic","persistentId":"72a294a5-7442-43e2-aba1-86dbe47d544a","__parent":"fs_5_meshes","position":[133.977081,1749.73132,102.321007],"decalType":"None","isRenderEnabled":false,"rotationMatrix":[0.999963641,0.000229032376,-0.00852181017,0,0.999639034,0.0268663224,0.00852488726,-0.0268653464,0.999602735],"shapeName":"/levels/west_coast_usa/art/shapes/buildings/s_fuel_manhole_refill.dae","useInstanceRenderData":true}
{"class":"TSStatic","persistentId":"f32430da-caaa-4758-a710-fb9ffef45704","__parent":"fs_5_meshes","position":[126.23996,1765.1886,102.745415],"isRenderEnabled":false,"rotationMatrix":[-0.275637507,0.96126157,0,-0.96126157,-0.275637507,0,0,0,0.999999881],"shapeName":"/levels/west_coast_usa/art/shapes/buildings/s_fuel_main_05.dae","useInstanceRenderData":true}
{"class":"TSStatic","persistentId":"58e1b18f-9e52-40dd-8243-48f35b539d90","__parent":"fs_5_meshes","position":[150.341309,1759.39453,102.374855],"decalType":"None","isRenderEnabled":false,"rotationMatrix":[-0.961260915,-0.275637805,0,0.275637805,-0.961260915,0,0,0,1],"shapeName":"/levels/west_coast_usa/art/shapes/buildings/s_fuel_structure_05.dae","useInstanceRenderData":true}
{"class":"TSStatic","persistentId":"4d41b2b5-20a6-474f-a903-ebcfd5af568e","__parent":"fs_5_meshes","position":[164.684784,1766.10071,102.095276],"isRenderEnabled":false,"rotationMatrix":[-0.189391494,0.981901407,0,-0.981901407,-0.189391494,0,0,0,1],"shapeName":"/levels/west_coast_usa/art/shapes/buildings/s_mascot.dae","useInstanceRenderData":true}
{"class":"TSStatic","persistentId":"bd77410f-4c0c-4e89-8639-e77959c5a392","__parent":"fs_5_meshes","position":[140,1750,100],"collisionType":"Visible Mesh Final","decalType":"Visible Mesh Final","isRenderEnabled":false,"rotationMatrix":[0.99999994,0,0,0,0.99999994,0,0,0,0.999999881],"shapeName":"/levels/west_coast_usa/art/shapes/buildings/s_fuel_island_curbs.dae","useInstanceRenderData":true}
{"class":"TSStatic","persistentId":"bec6f95c-6086-4023-9b83-57b1ffdd502f","__parent":"fs_5_meshes","position":[124.711411,1748.98718,102.464195],"isRenderEnabled":false,"rotationMatrix":[0.275638044,-0.961261392,0,0.961261392,0.275638044,0,0,0,1],"shapeName":"/levels/west_coast_usa/art/shapes/buildings/s_fuel_charger_concrete_base.dae","useInstanceRenderData":true}
{"class":"TSStatic","persistentId":"7e615327-c08f-430e-8f0d-6ceff9dd7219","__parent":"fs_5_meshes","position":[126.316437,1743.59131,102.189217],"isRenderEnabled":false,"rotationMatrix":[-0.275637507,0.96126157,0,-0.96126157,-0.275637507,0,0,0,0.999999881],"shapeName":"/levels/west_coast_usa/art/shapes/buildings/s_fuel_charger_concrete_base.dae","useInstanceRenderData":true}
{"class":"TSStatic","persistentId":"576f043c-9d97-4a7c-a524-54b677e0f107","__parent":"fs_5_meshes","position":[127.889206,1738.39856,101.913383],"isRenderEnabled":false,"rotationMatrix":[0.288907647,-0.957357287,0,0.957357287,0.288907647,0,0,0,1],"shapeName":"/levels/west_coast_usa/art/shapes/buildings/s_fuel_charger_concrete_base.dae","useInstanceRenderData":true}
{"class":"TSStatic","persistentId":"896a8217-39c2-4874-a95a-0449a6493ea7","__parent":"fs_5_meshes","position":[124.806747,1748.98718,102.514198],"isRenderEnabled":false,"rotationMatrix":[-0.275637507,0.96126157,0,-0.96126157,-0.275637507,0,0,0,0.999999881],"shapeName":"/levels/west_coast_usa/art/shapes/buildings/s_fuel_charger_car_2020.dae","useInstanceRenderData":true}
{"class":"TSStatic","persistentId":"51768969-6b01-49fb-a926-05761ca28e22","__parent":"fs_5_meshes","position":[126.408241,1743.62341,102.23922],"isRenderEnabled":false,"rotationMatrix":[-0.275637507,0.96126157,0,-0.96126157,-0.275637507,0,0,0,0.999999881],"shapeName":"/levels/west_coast_usa/art/shapes/buildings/s_fuel_charger_car_2020.dae","useInstanceRenderData":true}
{"class":"TSStatic","persistentId":"d258370d-5a05-4400-a34a-0ace6d3ed961","__parent":"fs_5_meshes","position":[127.984535,1738.43298,101.963387],"isRenderEnabled":false,"rotationMatrix":[-0.288907409,0.957357168,0,-0.957357168,-0.288907409,0,0,0,1],"shapeName":"/levels/west_coast_usa/art/shapes/buildings/s_fuel_charger_car_2020.dae","useInstanceRenderData":true}
{"class":"TSStatic","persistentId":"a5feb4f6-cb83-468f-a214-1654b7eb93db","__parent":"fs_5_meshes","position":[164.555466,1766.09546,102.288048],"isRenderEnabled":false,"rotationMatrix":[0.939598501,0.3422786,0,-0.3422786,0.939598501,0,0,0,1],"scale":[2.04487157,2.73618698,1.03279328],"shapeName":"/levels/west_coast_usa/art/shapes/buildings/s_fuel_charger_concrete_base.dae","useInstanceRenderData":true}
{"class":"TSStatic","persistentId":"db079701-5e29-4c26-94ca-4a87000c84a9","__parent":"fs_5_meshes","position":[168.050064,1749.15015,101.717758],"isRenderEnabled":false,"rotationMatrix":[0.98480767,0.173648164,0,-0.173648164,0.98480767,0,0,0,0.999999881],"scale":[1,0.824479342,1],"shapeName":"/levels/west_coast_usa/art/shapes/buildings/s_fuel_sign_tyranos.dae","useInstanceRenderData":true}
