{"class":"TSStatic","persistentId":"b5e7a779-c226-4a31-aec0-330d2fe531f9","__parent":"trail_036_rocks","position":[-709.906311,108.044334,230.703262],"isRenderEnabled":false,"rotationMatrix":[0.212573051,-0.946293533,0.24360013,0.912883699,0.281236768,0.295886874,-0.348505139,0.159481093,0.923639476],"shapeName":"/levels/johnson_valley/art/shapes/rocks/s_rocks_desert_low_tiny.dae","useInstanceRenderData":true}
{"class":"TSStatic","persistentId":"ab44ce4e-271f-4df5-a1f4-64606a910c36","__parent":"trail_036_rocks","position":[-705.035339,110.929657,230.80394],"isRenderEnabled":false,"rotationMatrix":[-0.999095559,-0.0425149351,0,0.0425149351,-0.999095559,0,0,0,1],"shapeName":"/levels/johnson_valley/art/shapes/rocks/s_rocks_desert_large_05.dae","useInstanceRenderData":true}
{"class":"TSStatic","persistentId":"ac32f7a3-d7bd-4fe9-aadd-3e3ac15699ee","__parent":"trail_036_rocks","position":[-719.410767,105.627098,226.875504],"isRenderEnabled":false,"rotationMatrix":[0.205504119,-0.961137593,0.184342921,0.847558439,0.268965423,0.457495421,-0.489297986,0.0622242987,0.869894028],"shapeName":"/levels/johnson_valley/art/shapes/rocks/s_rocks_desert_low_tiny.dae","useInstanceRenderData":true}
{"class":"TSStatic","persistentId":"2234a7be-97cb-42a7-8c6c-125ca2b2b05d","__parent":"trail_036_rocks","position":[-720.323608,102.412384,226.130875],"isRenderEnabled":false,"rotationMatrix":[0.506565094,0.862201691,0,-0.862201691,0.506565094,0,0,0,1],"shapeName":"/levels/johnson_valley/art/shapes/rocks/s_rocks_desert_large_06.dae","useInstanceRenderData":true}
{"class":"TSStatic","persistentId":"afc81771-a314-45c0-aff6-72e670681876","__parent":"trail_036_rocks","position":[-726.932983,101.084244,224.003708],"isRenderEnabled":false,"rotationMatrix":[0.439905941,-0.898034573,0.00407744944,0.875414491,0.429829419,0.221124381,-0.200329959,-0.0937044621,0.975237072],"shapeName":"/levels/johnson_valley/art/shapes/rocks/s_rocks_desert_low_tiny.dae","useInstanceRenderData":true}
{"class":"TSStatic","persistentId":"8ca214cc-77cc-4bca-a7dd-6bce0d5a5f33","__parent":"trail_036_rocks","position":[-729.174438,99.0010376,222.022644],"isRenderEnabled":false,"rotationMatrix":[0.850854039,0.47767055,0.218811154,0.482538581,-0.875205755,0.0342306942,0.207855731,0.0764594898,-0.975166798],"shapeName":"/levels/johnson_valley/art/shapes/rocks/s_rocks_desert_large_06.dae","useInstanceRenderData":true}
{"class":"TSStatic","persistentId":"15630116-936f-46fe-b205-a3a90e614beb","__parent":"trail_036_rocks","position":[-725.893982,102.110069,223.175674],"isRenderEnabled":false,"shapeName":"/levels/johnson_valley/art/shapes/rocks/s_rocks_desert_medium_02.dae","useInstanceRenderData":true}
{"class":"TSStatic","persistentId":"ed26c94f-e948-4e0b-bb12-8ad16f5b30cb","__parent":"trail_036_rocks","position":[-730.145508,101.235733,222.911423],"isRenderEnabled":false,"rotationMatrix":[1,0,0,0,-0.970185876,-0.242361039,0,0.242361039,-0.970185876],"shapeName":"/levels/johnson_valley/art/shapes/rocks/s_rocks_desert_medium_02.dae","useInstanceRenderData":true}
{"class":"TSStatic","persistentId":"1e8fbdda-ed5e-4d25-8d8f-83613a0a784f","__parent":"trail_036_rocks","position":[-729.165466,100.836929,223.573761],"isRenderEnabled":false,"shapeName":"/levels/johnson_valley/art/shapes/rocks/s_rocks_desert_small_02.dae","useInstanceRenderData":true}
{"class":"TSStatic","persistentId":"0c1d54e1-99d1-474a-9557-ecf450018be2","__parent":"trail_036_rocks","position":[-726.545471,99.7186661,223.906754],"isRenderEnabled":false,"shapeName":"/levels/johnson_valley/art/shapes/rocks/s_rocks_desert_medium_03.dae","useInstanceRenderData":true}
{"class":"TSStatic","persistentId":"4d182d86-072d-42e5-91b9-4b56ff662e94","__parent":"trail_036_rocks","position":[-727.757263,102.669464,223.762894],"isRenderEnabled":false,"rotationMatrix":[0.0452983379,0,-0.99897337,0,1,0,0.99897337,0,0.0452983379],"shapeName":"/levels/johnson_valley/art/shapes/rocks/s_rocks_desert_medium_01.dae","useInstanceRenderData":true}
{"class":"TSStatic","persistentId":"97265f21-c0f3-4f5e-b0a0-c9d03ffd0971","__parent":"trail_036_rocks","position":[-735.366821,93.6302414,221.003204],"isRenderEnabled":false,"rotationMatrix":[0.316650808,-0.940995276,-0.119415447,0.939575016,0.293891966,0.175573692,-0.130118787,-0.167795315,0.977196932],"shapeName":"/levels/johnson_valley/art/shapes/rocks/s_rocks_desert_low_small.dae","useInstanceRenderData":true}
{"class":"TSStatic","persistentId":"6624b371-8946-439a-a5c6-050bd057b04e","__parent":"trail_036_rocks","position":[-745.169922,79.2359085,217.614929],"isRenderEnabled":false,"rotationMatrix":[0.565237045,0.822024643,0.0691544265,-0.747294128,0.474736512,0.464947939,0.349368572,-0.314484477,0.88263303],"shapeName":"/levels/johnson_valley/art/shapes/rocks/s_rocks_desert_huge_sheet_3.dae","useInstanceRenderData":true}
{"class":"TSStatic","persistentId":"46a3fc8a-293a-4add-b535-e9f99e33b874","__parent":"trail_036_rocks","position":[-744.402405,82.5243683,217.96225],"isRenderEnabled":false,"rotationMatrix":[0.896161437,-0.350849062,0.271660775,0.364559025,0.931180298,7.4505806e-09,-0.252965182,0.0990363955,0.962393045],"shapeName":"/levels/johnson_valley/art/shapes/rocks/s_rocks_desert_large_05.dae","useInstanceRenderData":true}
{"class":"TSStatic","persistentId":"bd190ffc-f8de-4774-aad4-b0ec3d5ee2e9","__parent":"trail_036_rocks","position":[-742.269531,82.9982224,218.765152],"isRenderEnabled":false,"rotationMatrix":[0.0777934194,0.996937811,0.00793952681,0.996969402,-0.0777908564,-0.000619519502,4.65661287e-10,0.0079636611,-0.999968171],"shapeName":"/levels/johnson_valley/art/shapes/rocks/s_rocks_desert_medium_02.dae","useInstanceRenderData":true}
{"class":"TSStatic","persistentId":"f58d10ec-7bff-4edf-a7d8-a1e725a78781","__parent":"trail_036_rocks","position":[-745.585205,83.7017136,219.54805],"isRenderEnabled":false,"rotationMatrix":[0.562387109,-0.826874018,0,0.823111296,0.559827924,0.0952911973,-0.0787938237,-0.0535905361,0.995449424],"shapeName":"/levels/johnson_valley/art/shapes/rocks/s_rocks_desert_low_tiny.dae","useInstanceRenderData":true}
{"class":"TSStatic","persistentId":"633f7480-447b-4a14-9e08-68bd02d4c732","__parent":"trail_036_rocks","position":[-745.769104,81.8893661,218.866653],"isRenderEnabled":false,"rotationMatrix":[0.656499863,0.754326046,0,-0.754326046,0.656499863,0,0,0,1],"shapeName":"/levels/johnson_valley/art/shapes/rocks/s_rocks_desert_medium_03.dae","useInstanceRenderData":true}
{"class":"TSStatic","persistentId":"fd16366a-ef51-45cb-ac61-5490058d9485","__parent":"trail_036_rocks","position":[-748.934753,83.1857071,218.400269],"isRenderEnabled":false,"rotationMatrix":[1,0,0,0,-0.999999762,-3.25841313e-07,0,3.25841313e-07,-0.999999762],"shapeName":"/levels/johnson_valley/art/shapes/rocks/s_rocks_desert_medium_02.dae","useInstanceRenderData":true}
{"class":"TSStatic","persistentId":"47ec8eee-0902-4229-97ab-f648ea72f6d8","__parent":"trail_036_rocks","position":[-746.358643,84.4137192,218.186264],"isRenderEnabled":false,"rotationMatrix":[0.420567214,-0.907232881,0.0071714893,-0.902234435,-0.419054627,-0.101812705,0.0953731015,0.0363487117,-0.994777441],"shapeName":"/levels/johnson_valley/art/shapes/rocks/s_rocks_desert_large_06.dae","useInstanceRenderData":true}
{"class":"TSStatic","persistentId":"6c37d1a1-7ec8-4580-9a8d-f8281ed5ff08","__parent":"trail_036_rocks","position":[-747.962524,84.1999893,218.948288],"isRenderEnabled":false,"shapeName":"/levels/johnson_valley/art/shapes/rocks/s_rocks_desert_small_01.dae","useInstanceRenderData":true}
{"class":"TSStatic","persistentId":"38c970a0-9274-4a7b-9273-7b20dce6a6a1","__parent":"trail_036_rocks","position":[-743.267029,87.9234467,220.290176],"isRenderEnabled":false,"rotationMatrix":[-0.0351853371,0,0.999380708,0,1,0,-0.999380708,0,-0.0351853371],"shapeName":"/levels/johnson_valley/art/shapes/rocks/s_rocks_desert_medium_05.dae","useInstanceRenderData":true}
{"class":"TSStatic","persistentId":"0b3b5da3-c462-4c0b-b50f-a222aba52820","__parent":"trail_036_rocks","position":[-739.844666,86.2121887,219.99054],"isRenderEnabled":false,"shapeName":"/levels/johnson_valley/art/shapes/rocks/s_rocks_desert_medium_05.dae","useInstanceRenderData":true}
{"class":"TSStatic","persistentId":"f5234174-4e11-4e0a-8503-b4e98d320db3","__parent":"trail_036_rocks","position":[-739.810242,87.4975586,220.079971],"isRenderEnabled":false,"rotationMatrix":[-0.88524127,0,-0.465131938,0,1,0,0.465131938,0,-0.88524127],"shapeName":"/levels/johnson_valley/art/shapes/rocks/s_rocks_desert_medium_04.dae","useInstanceRenderData":true}
{"class":"TSStatic","persistentId":"606eebdf-9ad2-4a29-afe5-85eb7ca52f84","__parent":"trail_036_rocks","position":[-746.924988,60.6021805,211.276489],"isRenderEnabled":false,"rotationMatrix":[0.862258077,0.505642176,-0.0289301127,-0.432331532,0.76459223,0.478004307,0.26381892,-0.39965567,0.877880931],"shapeName":"/levels/johnson_valley/art/shapes/rocks/s_rocks_desert_low_tiny.dae","useInstanceRenderData":true}
{"class":"TSStatic","persistentId":"36986702-f483-4651-a81a-d2e8ac13a088","__parent":"trail_036_rocks","position":[-752.288208,65.4516678,213.736816],"isRenderEnabled":false,"shapeName":"/levels/johnson_valley/art/shapes/rocks/s_rocks_desert_large_05.dae","useInstanceRenderData":true}
{"class":"TSStatic","persistentId":"575c0123-a95b-4791-903d-7a59ecca3d5a","__parent":"trail_036_rocks","position":[-750.153259,66.7444077,214.125549],"isRenderEnabled":false,"rotationMatrix":[1,0,0,0,0.700982451,-0.713178515,0,0.713178515,0.700982451],"shapeName":"/levels/johnson_valley/art/shapes/rocks/s_rocks_desert_large_06.dae","useInstanceRenderData":true}
{"class":"TSStatic","persistentId":"a308553d-269c-45d7-b5a4-ffee29c23835","__parent":"trail_036_rocks","position":[-744.125122,70.1927338,215.045807],"isRenderEnabled":false,"rotationMatrix":[0.63880527,0.766989231,0.0604576617,-0.711349487,0.558869302,0.426200449,0.293103278,-0.315265596,0.902606249],"shapeName":"/levels/johnson_valley/art/shapes/rocks/s_rocks_desert_low_tiny.dae","useInstanceRenderData":true}
{"class":"TSStatic","persistentId":"dfbe219f-202b-45aa-8f92-4fd78c5a324d","__parent":"trail_036_rocks","position":[-743.686951,70.5444946,215.154327],"isRenderEnabled":false,"rotationMatrix":[0.951909304,0.114230566,-0.284288704,0,0.927895844,0.37283951,0.306379974,-0.35490942,0.883272648],"scale":[0.721679688,0.721679688,0.721679688],"shapeName":"/levels/johnson_valley/art/shapes/rocks/s_rocks_desert_collection_03.dae","useInstanceRenderData":true}
{"class":"TSStatic","persistentId":"6fb415d1-7ca9-4b17-becc-6de234e71bfa","__parent":"trail_036_rocks","position":[-748.808655,69.2770081,215.423004],"isRenderEnabled":false,"rotationMatrix":[1,0,0,0,0.86776644,0.496972144,0,-0.496972144,0.86776644],"shapeName":"/levels/johnson_valley/art/shapes/rocks/s_rocks_desert_collection_03.dae","useInstanceRenderData":true}
{"class":"TSStatic","persistentId":"ea25afa8-c0e9-4cae-ac86-4db633319b3a","__parent":"trail_036_rocks","position":[-750.44928,76.3322754,217.809067],"isRenderEnabled":false,"rotationMatrix":[0.973982155,0.0432731733,0.22245498,-0.0967297629,0.967074335,0.235394523,-0.204944238,-0.250788093,0.946098924],"shapeName":"/levels/johnson_valley/art/shapes/rocks/s_rocks_desert_low_tiny.dae","useInstanceRenderData":true}
{"class":"TSStatic","persistentId":"9da9e3fc-af21-43d0-ab2c-a9d90290b4ce","__parent":"trail_036_rocks","position":[-747.424194,76.6237411,217.858826],"isRenderEnabled":false,"rotationMatrix":[0.969662011,0.144908115,-0.196868435,-0.0921879113,0.962663829,0.254518628,0.226399943,-0.228648156,0.946817338],"shapeName":"/levels/johnson_valley/art/shapes/rocks/s_rocks_desert_low_tiny.dae","useInstanceRenderData":true}
{"class":"TSStatic","persistentId":"52d33d89-28e0-4d3e-874f-2a7e4001bd3d","__parent":"trail_036_rocks","position":[-751.856262,79.4813843,217.270203],"isRenderEnabled":false,"shapeName":"/levels/johnson_valley/art/shapes/rocks/s_rocks_desert_large_05.dae","useInstanceRenderData":true}
{"class":"TSStatic","persistentId":"4dd40e5b-57b4-434c-9f9b-dde4cca9a08a","__parent":"trail_036_rocks","position":[-757.973999,69.879425,212.371017],"isRenderEnabled":false,"rotationMatrix":[0.182087004,-0.982659459,-0.0349920988,0.837324142,0.136303127,0.529442668,-0.51549238,-0.125704303,0.847623706],"shapeName":"/levels/johnson_valley/art/shapes/rocks/s_rocks_desert_low_tiny.dae","useInstanceRenderData":true}
{"class":"TSStatic","persistentId":"572930d8-1e94-431f-9a6f-72bb6923c6f1","__parent":"trail_036_rocks","position":[-754.763794,66.746521,213.681335],"isRenderEnabled":false,"rotationMatrix":[0.936298847,-0.0108735431,0.351035893,-0.0356582925,0.991412163,0.125818998,-0.349389374,-0.130321532,0.927870333],"shapeName":"/levels/johnson_valley/art/shapes/rocks/s_rocks_desert_collection_03.dae","useInstanceRenderData":true}
{"class":"TSStatic","persistentId":"497918ed-9f3c-49bc-ba97-fe0539d7efce","__parent":"trail_036_rocks","position":[-749.751709,60.8425522,212.139847],"isRenderEnabled":false,"rotationMatrix":[0.995922327,0.0282649323,-0.0856723711,-2.79396772e-09,0.949651599,0.313307941,0.0902145281,-0.312030375,0.945779264],"scale":[0.828515649,0.828515649,0.828515649],"shapeName":"/levels/johnson_valley/art/shapes/rocks/s_rocks_desert_collection_02.dae","useInstanceRenderData":true}
{"class":"TSStatic","persistentId":"0423eac7-72c3-4520-ba8f-7b03aaab0446","__parent":"trail_036_rocks","position":[-743.637939,62.2437935,210.585159],"isRenderEnabled":false,"rotationMatrix":[0.91691947,0.172212288,-0.360002279,-1.49011612e-08,0.902097881,0.431531459,0.399072289,-0.395679563,0.82715106],"shapeName":"/levels/johnson_valley/art/shapes/rocks/s_rocks_desert_collection_03.dae","useInstanceRenderData":true}
{"class":"TSStatic","persistentId":"cde771a4-a758-4fe5-9d8c-d054da4954e9","__parent":"trail_036_rocks","position":[-746.989929,66.6828461,214.0811],"isRenderEnabled":false,"rotationMatrix":[0.843732297,-0.366336942,-0.392317533,0.484041393,0.83517313,0.261131734,0.231990829,-0.410223216,0.88198477],"shapeName":"/levels/johnson_valley/art/shapes/rocks/s_rocks_desert_low_tiny.dae","useInstanceRenderData":true}
{"class":"TSStatic","persistentId":"e489a918-e61e-49e6-bfd3-6e3dd23a2d53","__parent":"trail_036_rocks","position":[-735.43335,68.6166306,211.242813],"isRenderEnabled":false,"rotationMatrix":[0.986990273,0.074250564,-0.142607957,-0.0085449703,0.909947515,0.414635509,0.16055268,-0.408022612,0.898743808],"shapeName":"/levels/johnson_valley/art/shapes/rocks/s_rocks_desert_low_small.dae","useInstanceRenderData":true}
{"class":"TSStatic","persistentId":"8c50468a-6169-4fca-80e4-de2b4a273f77","__parent":"trail_036_rocks","position":[-732.719604,79.9998627,216.00032],"isRenderEnabled":false,"rotationMatrix":[0.994760692,0.0394865125,-0.0942972153,0.00171393715,0.91582346,0.401577383,0.102216497,-0.399635047,0.910957515],"shapeName":"/levels/johnson_valley/art/shapes/rocks/s_rocks_desert_low_small.dae","useInstanceRenderData":true}
{"class":"TSStatic","persistentId":"2916ab29-704d-49ba-80ae-88929706b18c","__parent":"trail_036_rocks","position":[-728.750488,69.8443298,210.619415],"isRenderEnabled":false,"rotationMatrix":[0.946218491,-0.273136467,-0.173398256,0.321082622,0.858574927,0.399693638,0.0397044644,-0.43387267,0.90009892],"shapeName":"/levels/johnson_valley/art/shapes/rocks/s_rocks_desert_low_tiny.dae","useInstanceRenderData":true}
{"class":"TSStatic","persistentId":"0082542e-f5bb-489b-b7ee-130a9fbcc21a","__parent":"trail_036_rocks","position":[-729.21875,87.2180634,219.003815],"isRenderEnabled":false,"rotationMatrix":[1,0,0,0,0.922577679,0.385811329,0,-0.385811329,0.922577679],"shapeName":"/levels/johnson_valley/art/shapes/rocks/s_rocks_desert_low_tiny.dae","useInstanceRenderData":true}
{"class":"TSStatic","persistentId":"e46c228b-1d93-45d4-a851-322cf91c028a","__parent":"trail_036_rocks","position":[-727.048706,84.5926361,218.058228],"isRenderEnabled":false,"rotationMatrix":[0.865281165,-0.484697729,-0.127893031,0.48668173,0.751134098,0.446025193,-0.120122589,-0.448180377,0.885835707],"shapeName":"/levels/johnson_valley/art/shapes/rocks/s_rocks_desert_low_tiny.dae","useInstanceRenderData":true}
{"class":"TSStatic","persistentId":"3de34745-ce03-456b-a316-0d0eef93467d","__parent":"trail_036_rocks","position":[-742.257263,75.2682877,215.635712],"isRenderEnabled":false,"rotationMatrix":[0.816778183,0.576951802,0,-0.537500918,0.760928452,0.36342901,0.209681034,-0.296840906,0.931621909],"shapeName":"/levels/johnson_valley/art/shapes/rocks/s_rocks_desert_low_tiny.dae","useInstanceRenderData":true}
{"class":"TSStatic","persistentId":"437eeff6-76cf-49e6-8060-cd6958cf5ce3","__parent":"trail_036_rocks","position":[-743.755554,59.0215034,209.809799],"isRenderEnabled":false,"rotationMatrix":[0.258617759,-0.960051537,-0.106854282,0.928509712,0.277570605,-0.246625394,0.266432703,-0.0354335532,0.963202],"shapeName":"/levels/johnson_valley/art/shapes/rocks/s_rocks_desert_low_tiny.dae","useInstanceRenderData":true}
{"class":"TSStatic","persistentId":"8c11a143-835a-4533-bb18-cfc4c6e96bed","__parent":"trail_036_rocks","position":[-743.135864,56.4133568,209.207825],"isRenderEnabled":false,"rotationMatrix":[0.187756717,-0.92401588,-0.333079427,0.928509712,0.277570784,-0.246625364,0.320338875,-0.262961984,0.910073638],"shapeName":"/levels/johnson_valley/art/shapes/rocks/s_rocks_desert_low_tiny.dae","useInstanceRenderData":true}
{"class":"TSStatic","persistentId":"783b541b-c88c-4559-ba10-d13728342d5e","__parent":"trail_036_rocks","position":[-720.67749,99.4766541,225.483475],"isRenderEnabled":false,"rotationMatrix":[0.951108515,0,0.308856845,-0.128859431,0.908808231,0.396815836,-0.280691624,-0.417214036,0.864375293],"scale":[1.25307608,1.25307608,1.25307608],"shapeName":"/levels/johnson_valley/art/shapes/rocks/s_rocks_desert_collection_03.dae","useInstanceRenderData":true}
{"class":"TSStatic","persistentId":"6333ca76-ba59-4be5-a246-a634fcef4319","__parent":"trail_036_rocks","position":[-711.595337,102.006256,229.251053],"isRenderEnabled":false,"rotationMatrix":[0.822029531,-0.567402303,0.0481878966,0.484380096,0.741218328,0.464727104,-0.299404979,-0.358678102,0.884141743],"shapeName":"/levels/johnson_valley/art/shapes/rocks/s_rocks_desert_huge_sheet_3.dae","useInstanceRenderData":true}
{"class":"TSStatic","persistentId":"c832c61f-3274-4584-bb48-d6c1a76a5c85","__parent":"trail_036_rocks","position":[-710.215881,105.449966,230.785156],"isRenderEnabled":false,"rotationMatrix":[0.960277438,9.31322575e-10,0.279047012,-0.0270243548,0.995299459,0.0929982141,-0.277735353,-0.0968451574,0.955763638],"scale":[0.88496089,0.88496089,0.88496089],"shapeName":"/levels/johnson_valley/art/shapes/rocks/s_rocks_desert_collection_03.dae","useInstanceRenderData":true}
{"class":"TSStatic","persistentId":"67487258-5412-4b45-b04d-ddb1ccabd08a","__parent":"trail_036_rocks","position":[-714.880737,110.675034,227.481308],"isRenderEnabled":false,"rotationMatrix":[0.765731871,0.633211672,0.112684011,-0.488587439,0.686640739,-0.538337052,-0.418254733,0.357165813,0.835161984],"shapeName":"/levels/johnson_valley/art/shapes/rocks/s_rocks_desert_huge_sheet_3.dae","useInstanceRenderData":true}
{"class":"TSStatic","persistentId":"76413823-5534-4ac3-a20d-f84a7241bc69","__parent":"trail_036_rocks","position":[-725.27179,97.0100708,223.164322],"isRenderEnabled":false,"rotationMatrix":[0.504073322,-0.831883729,-0.232119322,0.840618193,0.410904765,0.35287118,-0.198168963,-0.372996688,0.906422913],"shapeName":"/levels/johnson_valley/art/shapes/rocks/s_rocks_desert_low_small.dae","useInstanceRenderData":true}
{"class":"TSStatic","persistentId":"880bb890-0011-4958-b8c0-65d2108f295f","__parent":"trail_036_rocks","position":[-718.50415,97.1875076,225.547409],"isRenderEnabled":false,"rotationMatrix":[0.583418727,-0.812095284,0.0111228526,0.738510013,0.536153793,0.408830136,-0.337972611,-0.230304807,0.912542701],"shapeName":"/levels/johnson_valley/art/shapes/rocks/s_rocks_desert_low_small.dae","useInstanceRenderData":true}
{"class":"TSStatic","persistentId":"f2759e75-e9ff-43f0-9200-c569f294760b","__parent":"trail_036_rocks","position":[-496.17688,85.0848083,227.777084],"isRenderEnabled":false,"rotationMatrix":[0.982268572,0.0789297223,0.17005454,-3.7252903e-09,0.907058239,-0.421005189,-0.187479183,0.413540184,0.89097476],"shapeName":"/levels/johnson_valley/art/shapes/rocks/s_rocks_desert_collection_03.dae","useInstanceRenderData":true}
{"class":"TSStatic","persistentId":"1e9c5e57-7457-4724-978c-2e67d9ce6bb0","__parent":"trail_036_rocks","position":[-492.537933,87.6954041,227.718277],"isRenderEnabled":false,"rotationMatrix":[-0.340936303,0.831889629,-0.437861145,-0.885677338,-0.440392017,-0.147074014,-0.315179825,0.337660819,0.886931181],"shapeName":"/levels/johnson_valley/art/shapes/rocks/s_rocks_desert_collection_02.dae","useInstanceRenderData":true}
{"class":"TSStatic","persistentId":"6e70f79c-73a7-4b66-aa01-d398b30bdb62","__parent":"trail_036_rocks","position":[-493.412445,85.0161209,228.732376],"isRenderEnabled":false,"rotationMatrix":[0.859764695,0.501159608,0.0982023254,-0.401775986,0.782482028,-0.475707799,-0.315247089,0.369541436,0.874104381],"shapeName":"/levels/johnson_valley/art/shapes/rocks/s_rocks_desert_low_small.dae","useInstanceRenderData":true}
{"class":"TSStatic","persistentId":"b67aa870-abf0-44ca-87a2-fcbea0f58811","__parent":"trail_036_rocks","position":[-502.064331,83.2722626,227.067993],"isRenderEnabled":false,"rotationMatrix":[0.837661743,0.536700249,0.10136836,-0.441311687,0.774410009,-0.453357548,-0.321817815,0.335025221,0.88554579],"shapeName":"/levels/johnson_valley/art/shapes/rocks/s_rocks_desert_low_small.dae","useInstanceRenderData":true}
{"class":"TSStatic","persistentId":"bb136399-54fe-4b9e-ba7b-bab6a2f69b80","__parent":"trail_036_rocks","position":[-606.120911,101.255608,247.766479],"isRenderEnabled":false,"rotationMatrix":[0.645979702,-0.76335454,2.10486888e-07,-0.76335454,-0.645979524,-2.48732505e-07,3.25841341e-07,0,-0.999999762],"shapeName":"/levels/johnson_valley/art/shapes/rocks/s_rocks_desert_large_06.dae","useInstanceRenderData":true}
{"class":"TSStatic","persistentId":"b59b0623-af9c-4794-988a-71c34b9226a6","__parent":"trail_036_rocks","position":[-608.361816,104.226089,246.892609],"isRenderEnabled":false,"rotationMatrix":[-0.635859966,0.771803796,-0.000749468803,0.746741354,0.615457058,0.252170205,0.195087209,0.15978533,-0.967682362],"shapeName":"/levels/johnson_valley/art/shapes/rocks/s_rocks_desert_medium_02.dae","useInstanceRenderData":true}
{"class":"TSStatic","persistentId":"22295c98-544b-4bd5-8f78-b95308cbc9d6","__parent":"trail_036_rocks","position":[-602.503113,98.5172882,249.694107],"isRenderEnabled":false,"rotationMatrix":[0.724945784,0.68866992,0.0136855096,-0.654610395,0.695002615,-0.297416389,-0.214333206,0.20665209,0.954649746],"shapeName":"/levels/johnson_valley/art/shapes/rocks/s_rocks_desert_low_tiny.dae","useInstanceRenderData":true}
{"class":"TSStatic","persistentId":"d9aba4b6-3677-47b4-b993-04c1ac9bccbe","__parent":"trail_036_rocks","position":[-594.503418,99.8680649,247.171646],"isRenderEnabled":false,"rotationMatrix":[0.276816189,0.699564576,-0.658772945,-0.929849625,0.367939353,-2.98023224e-08,0.242388397,0.612559915,0.752341747],"shapeName":"/levels/johnson_valley/art/shapes/rocks/s_rocks_desert_huge_sheet_2.dae","useInstanceRenderData":true}
{"class":"TSStatic","persistentId":"ed8bad9e-eed6-4e56-84c1-92b0000bc909","__parent":"trail_036_rocks","position":[-607.700317,99.0874481,247.345627],"isRenderEnabled":false,"rotationMatrix":[-0.344467163,0.937724113,-0.0449002087,-0.798560143,-0.31782186,-0.511166453,-0.493603319,-0.140224487,0.858308136],"shapeName":"/levels/johnson_valley/art/shapes/rocks/s_rocks_desert_huge_sheet_3.dae","useInstanceRenderData":true}
{"class":"TSStatic","persistentId":"8ba9245e-0863-4489-90f2-8e7159182e05","__parent":"trail_036_rocks","position":[-623.281982,123.229149,243.634033],"isRenderEnabled":false,"rotationMatrix":[0.763197064,0.646165729,3.7252903e-09,-0.636217237,0.751446724,-0.174800873,-0.11295034,0.133407503,0.984603822],"shapeName":"/levels/johnson_valley/art/shapes/rocks/s_rocks_desert_low_tiny.dae","useInstanceRenderData":true}
{"class":"TSStatic","persistentId":"c858882d-35a7-44e2-896a-dbebe8d6fc03","__parent":"trail_036_rocks","position":[-621.094421,125.274109,242.804947],"isRenderEnabled":false,"rotationMatrix":[0.736576915,0.434799343,-0.518077135,-0.603516877,0.7683056,-0.213245958,0.305322319,0.469740361,0.828324914],"shapeName":"/levels/johnson_valley/art/shapes/rocks/s_rocks_desert_low_tiny.dae","useInstanceRenderData":true}
{"class":"TSStatic","persistentId":"a366da76-e5da-4a2a-abb6-abab16b4179e","__parent":"trail_036_rocks","position":[-623.310425,122.824188,243.408905],"isRenderEnabled":false,"rotationMatrix":[0.974569201,0.081870988,0.208595395,-3.7252903e-09,0.930868745,-0.365353793,-0.224086821,0.356062561,0.907195985],"shapeName":"/levels/johnson_valley/art/shapes/rocks/s_rocks_desert_medium_03.dae","useInstanceRenderData":true}
{"class":"TSStatic","persistentId":"f85fdb28-7962-48e6-9151-ef979f25c932","__parent":"trail_036_rocks","position":[-621.306335,120.899078,243.700256],"isRenderEnabled":false,"rotationMatrix":[-0.969056249,-0.245121732,0.0290782284,-0.23726882,0.957479954,0.164120808,-0.0680713952,0.152142927,-0.986011624],"shapeName":"/levels/johnson_valley/art/shapes/rocks/s_rocks_desert_medium_02.dae","useInstanceRenderData":true}
{"class":"TSStatic","persistentId":"74a9059f-f7f9-44bb-b900-66b40b432a94","__parent":"trail_036_rocks","position":[-621.025513,122.837608,243.856613],"isRenderEnabled":false,"shapeName":"/levels/johnson_valley/art/shapes/rocks/s_rocks_desert_medium_05.dae","useInstanceRenderData":true}
{"class":"TSStatic","persistentId":"7852dc32-0f75-4cc3-b1cd-10bb24111f6c","__parent":"trail_036_rocks","position":[-626.528381,129.295609,242.889694],"isRenderEnabled":false,"rotationMatrix":[0.934022427,0.356445014,-0.0234304871,-0.356542885,0.934278965,0,0.0218906123,0.00835397467,0.999725461],"shapeName":"/levels/johnson_valley/art/shapes/rocks/s_rocks_desert_low_tiny.dae","useInstanceRenderData":true}
{"class":"TSStatic","persistentId":"1dce6228-fbf5-4d63-bd43-ebae1b9f9f03","__parent":"trail_036_rocks","position":[-624.865295,130.610779,242.856018],"isRenderEnabled":false,"shapeName":"/levels/johnson_valley/art/shapes/rocks/s_rocks_desert_medium_04.dae","useInstanceRenderData":true}
{"class":"TSStatic","persistentId":"3db2d8f4-e519-4ecb-8de6-26ee00c0b5e4","__parent":"trail_036_rocks","position":[-625.495544,126.334747,242.990662],"isRenderEnabled":false,"scale":[0.685302734,0.685302734,0.685302734],"shapeName":"/levels/johnson_valley/art/shapes/rocks/s_rocks_desert_collection_03.dae","useInstanceRenderData":true}
{"class":"TSStatic","persistentId":"f625a2e6-19c6-4598-8e81-cfbe0cd0b502","__parent":"trail_036_rocks","position":[-618.637451,117.814529,245.131653],"isRenderEnabled":false,"rotationMatrix":[0.856763244,0.515709996,0,-0.512249827,0.851014793,-0.115645625,-0.0596396029,0.0990809128,0.993290544],"shapeName":"/levels/johnson_valley/art/shapes/rocks/s_rocks_desert_low_tiny.dae","useInstanceRenderData":true}
{"class":"TSStatic","persistentId":"a5de78f3-8310-4feb-a0d7-7bcb67a7078d","__parent":"trail_036_rocks","position":[-613.491638,110.383514,245.223312],"isRenderEnabled":false,"rotationMatrix":[-0.749192953,-0.596170545,0.288600683,-0.654474854,0.733313203,-0.184158653,-0.101844713,-0.326852292,-0.939571738],"shapeName":"/levels/johnson_valley/art/shapes/rocks/s_rocks_desert_large_06.dae","useInstanceRenderData":true}
{"class":"TSStatic","persistentId":"28a89b06-eb1a-47f8-87b7-b9446db02de6","__parent":"trail_036_rocks","position":[-612.184753,108.862801,245.610672],"isRenderEnabled":false,"rotationMatrix":[0.819509983,0.507852018,-0.265498966,0.563942373,-0.797027946,0.216136634,-0.101844698,-0.326852262,-0.939571619],"shapeName":"/levels/johnson_valley/art/shapes/rocks/s_rocks_desert_large_06.dae","useInstanceRenderData":true}
{"class":"TSStatic","persistentId":"e615bd27-27bd-487a-a5e5-7b9de502c7c0","__parent":"trail_036_rocks","position":[-606.118591,108.236061,246.614471],"isRenderEnabled":false,"rotationMatrix":[0.995883763,-0.0367762521,-0.0828435868,3.7252903e-09,0.913988054,-0.405741066,0.0906396806,0.404070944,0.910225868],"shapeName":"/levels/johnson_valley/art/shapes/rocks/s_rocks_desert_collection_03.dae","useInstanceRenderData":true}
{"class":"TSStatic","persistentId":"c92f5da7-5db6-4c93-b5a6-a73110606a1e","__parent":"trail_036_rocks","position":[-608.963135,106.590477,247.130325],"isRenderEnabled":false,"rotationMatrix":[-0.618201375,-0.784951389,-0.0409649983,0.770753562,-0.615592599,0.164269343,-0.154161215,0.0699776262,0.98556453],"shapeName":"/levels/johnson_valley/art/shapes/rocks/s_rocks_desert_low_tiny.dae","useInstanceRenderData":true}
{"class":"TSStatic","persistentId":"b787d57e-1a70-4355-9014-16574aa8824c","__parent":"trail_036_rocks","position":[-606.717346,105.880028,247.590271],"isRenderEnabled":false,"shapeName":"/levels/johnson_valley/art/shapes/rocks/s_rocks_desert_medium_04.dae","useInstanceRenderData":true}
{"class":"TSStatic","persistentId":"2c84794d-5acc-4d70-b3fe-33c6cb7f8637","__parent":"trail_036_rocks","position":[-607.592896,105.68869,247.618393],"isRenderEnabled":false,"rotationMatrix":[0.771440864,7.4505806e-09,0.636300981,0.2106103,0.943633676,-0.255340427,-0.600435078,0.330991596,0.727957606],"shapeName":"/levels/johnson_valley/art/shapes/rocks/s_rocks_desert_small_04.dae","useInstanceRenderData":true}
{"class":"TSStatic","persistentId":"fa8df1dd-3d5c-4873-b07a-5cc6af456c20","__parent":"trail_036_rocks","position":[-606.967651,104.313606,247.369141],"isRenderEnabled":false,"rotationMatrix":[-0.983341217,0,-0.181768775,0,1,0,0.181768775,0,-0.983341217],"shapeName":"/levels/johnson_valley/art/shapes/rocks/s_rocks_desert_medium_02.dae","useInstanceRenderData":true}
{"class":"TSStatic","persistentId":"96702ab8-f115-4998-a894-128b527c359d","__parent":"trail_036_rocks","position":[-609.986633,112.501167,245.661774],"isRenderEnabled":false,"rotationMatrix":[0.77025497,0.576081753,-0.273563683,-0.626759291,0.763058186,-0.157844573,0.117813624,0.293039143,0.948813975],"shapeName":"/levels/johnson_valley/art/shapes/rocks/s_rocks_desert_low_tiny.dae","useInstanceRenderData":true}
{"class":"TSStatic","persistentId":"ed790b0f-66c7-4d20-a8a8-73b941257f13","__parent":"trail_036_rocks","position":[-607.177307,102.519051,248.081528],"isRenderEnabled":false,"rotationMatrix":[0.891115189,-0.223896891,-0.394694686,0.40625307,0.781150818,0.474090397,0.202168688,-0.582815111,0.787054181],"shapeName":"/levels/johnson_valley/art/shapes/rocks/s_rocks_desert_medium_04.dae","useInstanceRenderData":true}
{"class":"TSStatic","persistentId":"6c548ff5-2517-4bcb-9353-61d5396e9959","__parent":"trail_036_rocks","position":[-598.288818,95.5271835,251.118011],"isRenderEnabled":false,"rotationMatrix":[-0.515821695,0.849516392,-0.110680632,-0.854768038,-0.519010425,0,-0.0574444011,0.094606258,0.993856013],"shapeName":"/levels/johnson_valley/art/shapes/rocks/s_rocks_desert_collection_03.dae","useInstanceRenderData":true}
{"class":"TSStatic","persistentId":"0abc84cb-3a6b-40c7-95f6-1dec6f776c2c","__parent":"trail_036_rocks","position":[-600.723572,93.3774796,250.454163],"isRenderEnabled":false,"rotationMatrix":[0.909470439,0.0117222704,0.415603369,-0.107558504,0.972207725,0.207950145,-0.401615173,-0.23382619,0.885455012],"shapeName":"/levels/johnson_valley/art/shapes/rocks/s_rocks_desert_low_flat_01.dae","useInstanceRenderData":true}
{"class":"TSStatic","persistentId":"d132ac26-df60-41c9-ad18-79123d937320","__parent":"trail_036_rocks","position":[-592.459106,93.327179,250.251541],"isRenderEnabled":false,"rotationMatrix":[0.349372566,0.932072639,-0.0958099663,-0.897115588,0.362263739,0.252880991,0.270411909,-0.00239712,0.962741733],"shapeName":"/levels/johnson_valley/art/shapes/rocks/s_rocks_desert_low_tiny.dae","useInstanceRenderData":true}
{"class":"TSStatic","persistentId":"fc5bf2f2-2fef-4399-9ba4-735bd037f542","__parent":"trail_036_rocks","position":[-588.586121,85.7936325,247.411484],"isRenderEnabled":false,"rotationMatrix":[0.852181196,-0.00738768652,-0.523194551,-0.0526819304,0.993607998,-0.0998385921,0.520587921,0.112643473,0.846344888],"shapeName":"/levels/johnson_valley/art/shapes/rocks/s_rocks_desert_huge_sheet_2.dae","useInstanceRenderData":true}
{"class":"TSStatic","persistentId":"478c5223-12b1-4fc0-b020-9d3461b3c7fa","__parent":"trail_036_rocks","position":[-582.122803,85.8784256,244.592682],"isRenderEnabled":false,"rotationMatrix":[0.364312291,0.926724136,-0.0919715762,-0.82240802,0.366486967,0.435123086,0.436945498,-0.0828824639,0.895661235],"shapeName":"/levels/johnson_valley/art/shapes/rocks/s_rocks_desert_low_small.dae","useInstanceRenderData":true}
{"class":"TSStatic","persistentId":"05d8e4de-d0a4-4796-b642-4f6b3c130ca7","__parent":"trail_036_rocks","position":[-582.09967,88.7203751,245.167648],"isRenderEnabled":false,"rotationMatrix":[0.414011002,0.899485767,0.139715582,-0.817196429,0.299661815,0.492334187,0.400980085,-0.318006873,0.859119713],"shapeName":"/levels/johnson_valley/art/shapes/rocks/s_rocks_desert_low_tiny.dae","useInstanceRenderData":true}
{"class":"TSStatic","persistentId":"d50a841f-e750-447f-91f5-87a0c0fbf8d4","__parent":"trail_036_rocks","position":[-572.664307,84.0474854,241.554688],"isRenderEnabled":false,"rotationMatrix":[0.277831256,0.954958797,-0.1042272,-0.950836062,0.28882879,0.111751996,0.136822373,0.0680548176,0.988255143],"shapeName":"/levels/johnson_valley/art/shapes/rocks/s_rocks_desert_low_small.dae","useInstanceRenderData":true}
{"class":"TSStatic","persistentId":"53ec4ced-44e2-4af6-a338-26458655bb42","__parent":"trail_036_rocks","position":[-571.876099,88.4161224,241.756546],"isRenderEnabled":false,"rotationMatrix":[0.320425689,-0.932029307,-0.16925922,0.944188297,0.328651726,-0.0222786218,0.0763916597,-0.15267396,0.985319734],"shapeName":"/levels/johnson_valley/art/shapes/rocks/s_rocks_desert_low_small.dae","useInstanceRenderData":true}
{"class":"TSStatic","persistentId":"09cdbf55-7043-436a-b4b6-956d434a0900","__parent":"trail_036_rocks","position":[-576.822449,85.8610306,242.396454],"isRenderEnabled":false,"rotationMatrix":[0.636827826,-0.738317013,-0.222122192,0.719938517,0.672540784,-0.171398416,0.27593258,-0.0507630557,0.959835589],"shapeName":"/levels/johnson_valley/art/shapes/rocks/s_rocks_desert_low_tiny.dae","useInstanceRenderData":true}
{"class":"TSStatic","persistentId":"f69e8702-28fa-49c9-89e3-e8caa71e822f","__parent":"trail_036_rocks","position":[-579.353699,92.6071472,245.249893],"isRenderEnabled":false,"rotationMatrix":[0.658095002,0.752934813,-2.98023224e-08,-0.634443641,0.554529071,0.538496614,0.405452907,-0.354381859,0.842627645],"shapeName":"/levels/johnson_valley/art/shapes/rocks/s_rocks_desert_huge_sheet_3.dae","useInstanceRenderData":true}
{"class":"TSStatic","persistentId":"287f976f-2d94-46c1-8196-51db1e97d877","__parent":"trail_036_rocks","position":[-577.116516,90.7292633,243.467911],"isRenderEnabled":false,"rotationMatrix":[0.637635648,-0.434387714,-0.636182308,0.593837619,0.803225636,0.0467486382,0.490690917,-0.407597631,0.770121098],"shapeName":"/levels/johnson_valley/art/shapes/rocks/s_rocks_desert_low_tiny.dae","useInstanceRenderData":true}
{"class":"TSStatic","persistentId":"95ac0d2c-e18a-4f21-b7cc-350ed4e64643","__parent":"trail_036_rocks","position":[-582.469727,91.0667648,246.383484],"isRenderEnabled":false,"rotationMatrix":[0.963096976,0.099977389,-0.249897331,-1.11758709e-08,0.928453088,0.371449709,0.269154519,-0.357742071,0.894190371],"scale":[0.871716261,0.871716261,0.871716261],"shapeName":"/levels/johnson_valley/art/shapes/rocks/s_rocks_desert_collection_02.dae","useInstanceRenderData":true}
{"class":"TSStatic","persistentId":"44b9e67c-2db0-4e71-980a-ef89aed9c833","__parent":"trail_036_rocks","position":[-586.532593,90.5323334,247.443192],"isRenderEnabled":false,"shapeName":"/levels/johnson_valley/art/shapes/rocks/s_rocks_desert_medium_04.dae","useInstanceRenderData":true}
{"class":"TSStatic","persistentId":"59c5827a-15dc-409b-b7c0-a3b8a2bd035a","__parent":"trail_036_rocks","position":[-587.122253,91.716362,247.694397],"isRenderEnabled":false,"rotationMatrix":[-0.860641241,0,0.50921154,0,1,0,-0.50921154,0,-0.860641241],"shapeName":"/levels/johnson_valley/art/shapes/rocks/s_rocks_desert_medium_02.dae","useInstanceRenderData":true}
{"class":"TSStatic","persistentId":"c45ddade-caec-45ac-91bf-4a4ab394b13b","__parent":"trail_036_rocks","position":[-556.380798,81.1131592,242.688431],"isRenderEnabled":false,"rotationMatrix":[1,0,0,0,0.667342126,-0.744751215,0,0.744751215,0.667342126],"shapeName":"/levels/johnson_valley/art/shapes/rocks/s_rocks_desert_huge_sheet_3.dae","useInstanceRenderData":true}
{"class":"TSStatic","persistentId":"a3a4f414-de21-45ef-bc61-b68fec571de1","__parent":"trail_036_rocks","position":[-561.546021,77.500473,245.162125],"isRenderEnabled":false,"rotationMatrix":[-0.0104262829,-0.740557015,0.671912611,0.999900877,-0.0140775442,5.96046448e-08,0.0094588995,0.671846032,0.740630388],"shapeName":"/levels/johnson_valley/art/shapes/rocks/s_rocks_desert_huge_sheet_2.dae","useInstanceRenderData":true}
{"class":"TSStatic","persistentId":"07fa0968-ef30-4d1b-a374-2bb97d61fa7a","__parent":"trail_036_rocks","position":[-568.902893,77.4116287,244.848724],"isRenderEnabled":false,"rotationMatrix":[0.950500131,0.310543835,-0.010584943,-0.217497423,0.640606284,-0.736422658,-0.221910745,0.702272058,0.676438868],"shapeName":"/levels/johnson_valley/art/shapes/rocks/s_rocks_desert_huge_sheet_3.dae","useInstanceRenderData":true}
{"class":"TSStatic","persistentId":"d703e289-f6f9-40ea-9cd4-20ddfd5918fc","__parent":"trail_036_rocks","position":[-567.089233,81.2887039,242.039963],"isRenderEnabled":false,"rotationMatrix":[-0.125803947,0.899068058,-0.419344604,-0.991187513,-0.131586432,0.0152381808,-0.0414799303,0.41756618,0.907699227],"shapeName":"/levels/johnson_valley/art/shapes/rocks/s_rocks_desert_low_small.dae","useInstanceRenderData":true}
{"class":"TSStatic","persistentId":"5dd28371-9dd0-4fea-bd18-a4f19d17523d","__parent":"trail_036_rocks","position":[-566.217773,85.2590179,241.178146],"isRenderEnabled":false,"rotationMatrix":[0.394901276,-0.914875925,-0.0839933008,0.917470872,0.397483826,-0.0159293208,0.0479593277,-0.0707709044,0.996338964],"shapeName":"/levels/johnson_valley/art/shapes/rocks/s_rocks_desert_low_tiny.dae","useInstanceRenderData":true}
{"class":"TSStatic","persistentId":"dc0bbbb1-09a5-4160-9fb7-7d711c2fccd2","__parent":"trail_036_rocks","position":[-564.654419,89.8861542,242.528061],"isRenderEnabled":false,"rotationMatrix":[1,0,0,0,0.843357027,0.537353635,0,-0.537353635,0.843357027],"shapeName":"/levels/johnson_valley/art/shapes/rocks/s_rocks_desert_collection_03.dae","useInstanceRenderData":true}
{"class":"TSStatic","persistentId":"21cbc3a1-fc03-4497-bcd9-6db91dcf6d7d","__parent":"trail_036_rocks","position":[-560.983215,92.2280655,243.247772],"isRenderEnabled":false,"rotationMatrix":[0.997993708,0.00501314132,-0.0631148219,0.0112711079,0.96687007,0.255020142,0.0623022802,-0.255219877,0.964873672],"shapeName":"/levels/johnson_valley/art/shapes/rocks/s_rocks_desert_collection_02.dae","useInstanceRenderData":true}
{"class":"TSStatic","persistentId":"440bcf5f-3ea4-41b8-8b31-5e039e843ae9","__parent":"trail_036_rocks","position":[-556.000061,92.2568283,242.336411],"isRenderEnabled":false,"rotationMatrix":[0.969126761,0,-0.246563017,0.0494834371,0.979654193,0.194496781,0.241546512,-0.200692832,0.949409127],"shapeName":"/levels/johnson_valley/art/shapes/rocks/s_rocks_desert_collection_03.dae","useInstanceRenderData":true}
{"class":"TSStatic","persistentId":"5ab7f9e2-8826-4439-8e6c-043fb44c9109","__parent":"trail_036_rocks","position":[-546.988647,89.5617981,238.979385],"isRenderEnabled":false,"shapeName":"/levels/johnson_valley/art/shapes/rocks/s_rocks_desert_large_05.dae","useInstanceRenderData":true}
