{"class":"TSStatic","persistentId":"47872ff7-e8c8-4491-bb3b-30a67685bb8c","__parent":"map_boundery","position":[-1496.34338,481.617126,120.10984],"isRenderEnabled":false,"rotationMatrix":[0.412259936,0.911066234,0,-0.911066234,0.412259936,0,0,0,1],"shapeName":"/levels/johnson_valley/art/shapes/misc/s_map_exit_sign.dae","useInstanceRenderData":true}
{"class":"TSStatic","persistentId":"9a84cf28-8098-4b4c-9659-3e95bc560126","__parent":"map_boundery","position":[1817.48938,4750.97656,110.557922],"annotation":"OBSTACLES","isRenderEnabled":false,"rotationMatrix":[-0.898887277,-0.437779069,-0.0187318921,0.437991142,-0.898933053,-0.00910751522,-0.0128516397,-0.0163910333,0.999783039],"shapeName":"/levels/johnson_valley/art/shapes/building/s_dealership_trailer.dae","useInstanceRenderData":true}
{"class":"TSStatic","persistentId":"e41c995e-c87f-4a7b-aa00-a664bc9f01bf","__parent":"map_boundery","position":[1782.52856,4810.18164,110.385712],"annotation":"OBSTACLES","isRenderEnabled":false,"rotationMatrix":[-0.809128881,-0.586529076,-0.0359731391,0.587093294,-0.809490681,-0.00679226313,-0.0251360629,-0.0266154073,0.999329686],"shapeName":"/levels/johnson_valley/art/shapes/building/s_semi_trailer_02.dae","useInstanceRenderData":true}
{"class":"TSStatic","persistentId":"97944420-9b47-4079-9f4d-84600d9f7bd7","__parent":"map_boundery","position":[1851.49084,4710.12256,111.111504],"annotation":"OBSTACLES","isRenderEnabled":false,"rotationMatrix":[0.837234199,0.545767784,0.0342988484,-0.545943499,0.837808013,-0.00484121731,-0.0313780271,-0.014672,0.9993999],"shapeName":"/levels/johnson_valley/art/shapes/building/s_semi_trailer.dae","useInstanceRenderData":true}
{"class":"TSStatic","persistentId":"d7dd94e0-8bcc-4a88-bb0c-ab79b7266d31","__parent":"map_boundery","position":[3256.62842,-5616.21777,82.2424927],"annotation":"OBSTACLES","isRenderEnabled":false,"rotationMatrix":[0.118365049,0.99235189,-0.0350319743,-0.992933273,0.118590772,0.0044297846,0.00855037384,0.0342600867,0.999376357],"shapeName":"/levels/johnson_valley/art/shapes/building/s_semi_trailer_02.dae","useInstanceRenderData":true}
{"class":"TSStatic","persistentId":"e3734c88-86a5-4ec3-ace5-775f0a132ad8","__parent":"map_boundery","position":[3176.99878,-5611.15283,82.3358002],"annotation":"OBSTACLES","isRenderEnabled":false,"rotationMatrix":[-0.1175282,-0.992766678,0.0245371386,0.993069708,-0.117478848,0.00344662927,-0.000539110973,0.0247721579,0.999692976],"shapeName":"/levels/johnson_valley/art/shapes/building/s_semi_trailer.dae","useInstanceRenderData":true}
{"class":"TSStatic","persistentId":"fec2d8eb-b6b2-4f13-97bd-196f62dfa851","__parent":"map_boundery","position":[3289.91772,-5620.17871,82.201683],"annotation":"OBSTACLES","decalType":"None","isRenderEnabled":false,"rotationMatrix":[0.105525494,0.993962884,-0.030036509,-0.994415283,0.105526328,-0.00156161841,0.00161745027,0.0300335512,0.999547601],"shapeName":"/levels/johnson_valley/art/shapes/building/s_motorhome_02.dae","useInstanceRenderData":true}
{"class":"TSStatic","persistentId":"5c3a5229-a8c7-4b22-a529-ff1a4e1005f5","__parent":"map_boundery","position":[3199.65356,-5614.11621,82.2534332],"decalType":"None","isRenderEnabled":false,"rotationMatrix":[0.921011209,-0.389536113,0,0.389536113,0.921011209,0,0,0,1],"shapeName":"/levels/johnson_valley/art/shapes/misc/excavator.dae","useInstanceRenderData":true}
{"class":"TSStatic","persistentId":"2dd466d7-0c27-4d21-aeff-5aa8515d856b","__parent":"map_boundery","position":[-1495.75378,482.984344,119.258118],"annotation":"OBSTACLES","isRenderEnabled":false,"rotationMatrix":[0.896960318,-0.442111075,0,0.442111075,0.896960318,0,0,0,1],"shapeName":"/levels/johnson_valley/art/shapes/misc/s_fence_wood_post_1.dae","useInstanceRenderData":true}
{"class":"TSStatic","persistentId":"ffdd2a8e-233a-4545-abee-ffe7546fed07","__parent":"map_boundery","position":[-1496.6106,481.170929,119.258118],"annotation":"OBSTACLES","isRenderEnabled":false,"rotationMatrix":[-0.442111254,-0.89696008,0,0.89696008,-0.442111254,0,0,0,1],"shapeName":"/levels/johnson_valley/art/shapes/misc/s_fence_wood_post_1.dae","useInstanceRenderData":true}
{"class":"TSStatic","persistentId":"76c18439-9209-48eb-8c7a-8655f496fefa","__parent":"map_boundery","position":[-1496.16968,482.073151,119.325386],"annotation":"OBSTACLES","isRenderEnabled":false,"rotationMatrix":[0.431368232,0.902175903,0,-0.902175903,0.431368232,0,0,0,1],"shapeName":"/levels/johnson_valley/art/shapes/misc/s_fence_wood_slats_1.dae","useInstanceRenderData":true}
{"class":"TSStatic","persistentId":"abcd3cbf-10f4-4092-a5c7-6e8f11045f4d","__parent":"map_boundery","position":[-1499.24048,474.910034,119.140717],"annotation":"OBSTACLES","isRenderEnabled":false,"rotationMatrix":[-0.442111254,-0.89696008,0,0.89696008,-0.442111254,0,0,0,1],"shapeName":"/levels/johnson_valley/art/shapes/misc/s_fence_wood_post_1.dae","useInstanceRenderData":true}
{"class":"TSStatic","persistentId":"b6bf229e-5cd7-4470-940d-f235073e8e88","__parent":"map_boundery","position":[-1498.79956,475.812256,119.207985],"annotation":"OBSTACLES","isRenderEnabled":false,"rotationMatrix":[0.431368232,0.902175903,0,-0.902175903,0.431368232,0,0,0,1],"shapeName":"/levels/johnson_valley/art/shapes/misc/s_fence_wood_slats_1.dae","useInstanceRenderData":true}
{"class":"TSStatic","persistentId":"dea6a023-9527-4ff9-84e1-723f665e720f","__parent":"map_boundery","position":[-1498.38367,476.72345,119.140717],"annotation":"OBSTACLES","isRenderEnabled":false,"rotationMatrix":[0.896960318,-0.442111075,0,0.442111075,0.896960318,0,0,0,1],"shapeName":"/levels/johnson_valley/art/shapes/misc/s_fence_wood_post_1.dae","useInstanceRenderData":true}
{"class":"TSStatic","persistentId":"8facbe03-e4d7-4efd-85ed-516d7bb3747f","__parent":"map_boundery","position":[-1499.31531,477.100159,119.225555],"annotation":"OBSTACLES","isRenderEnabled":false,"rotationMatrix":[-0.956307411,0.292364031,0,-0.292364031,-0.956307411,0,0,0,1],"shapeName":"/levels/johnson_valley/art/shapes/misc/s_fence_wood_slats_1.dae","useInstanceRenderData":true}
{"class":"TSStatic","persistentId":"d1e34a67-e386-4ff5-ab7a-77d261c01af4","__parent":"map_boundery","position":[-1500.2782,477.375885,119.425751],"annotation":"OBSTACLES","isRenderEnabled":false,"rotationMatrix":[0.303762913,0.952747881,0,-0.952747881,0.303762913,0,0,0,1],"scale":[0.660644412,0.660644412,0.660644412],"shapeName":"/levels/johnson_valley/art/shapes/misc/s_fence_wood_post_1.dae","useInstanceRenderData":true}
{"class":"TSStatic","persistentId":"79d6f767-ced2-4ba1-af10-5f5cbadc6b38","__parent":"map_boundery","position":[-1498.36267,476.801422,119.425751],"annotation":"OBSTACLES","isRenderEnabled":false,"rotationMatrix":[0.303762913,0.952747881,0,-0.952747881,0.303762913,0,0,0,1],"scale":[0.660644412,0.660644412,0.660644412],"shapeName":"/levels/johnson_valley/art/shapes/misc/s_fence_wood_post_1.dae","useInstanceRenderData":true}
{"class":"TSStatic","persistentId":"5721bcae-2237-43e3-9d5a-0cb6bb76a1c3","__parent":"map_boundery","position":[-1496.65454,481.089935,119.425751],"annotation":"OBSTACLES","isRenderEnabled":false,"rotationMatrix":[-0.771652579,-0.636044085,0,0.636044085,-0.771652579,0,0,0,1],"scale":[0.660644412,0.660644412,0.660644412],"shapeName":"/levels/johnson_valley/art/shapes/misc/s_fence_wood_post_1.dae","useInstanceRenderData":true}
{"class":"TSStatic","persistentId":"8b174266-c3e8-46ba-8969-d7fd03f8ca85","__parent":"map_boundery","position":[-1497.31433,481.843536,119.225555],"annotation":"OBSTACLES","isRenderEnabled":false,"rotationMatrix":[0.645213366,-0.764002502,0,0.764002502,0.645213366,0,0,0,1],"shapeName":"/levels/johnson_valley/art/shapes/misc/s_fence_wood_slats_1.dae","useInstanceRenderData":true}
{"class":"TSStatic","persistentId":"d0983eea-0f43-41a6-ad1f-7a1df3d2c2cb","__parent":"map_boundery","position":[1886.36438,4656.58301,111.437737],"annotation":"OBSTACLES","decalType":"None","isRenderEnabled":false,"rotationMatrix":[0.836847842,0.546703875,0.0282949936,-0.546531975,0.837318301,-0.0141730914,-0.0314403996,-0.00360339601,0.999499142],"shapeName":"/levels/johnson_valley/art/shapes/building/s_truck.dae","useInstanceRenderData":true}
{"class":"TSStatic","persistentId":"3da135f7-c65b-4371-ad51-328f9ea42952","__parent":"map_boundery","position":[1827.43091,4748.63672,110.931023],"annotation":"OBSTACLES","decalType":"None","isRenderEnabled":false,"rotationMatrix":[0.522701442,0.852515817,9.31322575e-10,-0.852326274,0.522585213,-0.0210856572,-0.0179758593,0.0110215023,0.999777675],"shapeName":"/levels/johnson_valley/art/shapes/building/s_motorhome_01.dae","useInstanceRenderData":true}
{"class":"TSStatic","persistentId":"0ccfe28c-3fcb-497c-ac48-27380ede038f","__parent":"map_boundery","position":[1879.3822,4668.89746,111.481781],"annotation":"OBSTACLES","decalType":"None","isRenderEnabled":false,"rotationMatrix":[0.831492364,0.551624715,0.0658069253,-0.55216819,0.83365649,-0.0112744421,-0.0610796325,-0.0269618854,0.9977687],"shapeName":"/levels/johnson_valley/art/shapes/building/s_motorhome_01.dae","useInstanceRenderData":true}
{"class":"TSStatic","persistentId":"c1afb9d8-d9ea-48f4-879d-7f4be91ba3b4","__parent":"map_boundery","position":[1869.80005,4682.44043,111.262039],"annotation":"OBSTACLES","decalType":"None","isRenderEnabled":false,"rotationMatrix":[0.839104176,0.543397903,0.0249572136,-0.543242097,0.839471698,-0.0132380892,-0.0281444229,-0.00244967639,0.999600887],"shapeName":"/levels/johnson_valley/art/shapes/building/s_motorhome_02.dae","useInstanceRenderData":true}
{"class":"TSStatic","persistentId":"a22e7c72-2eb2-4a13-bfc3-f11c32c2202c","__parent":"map_boundery","position":[1842.6355,4724.36914,111.011993],"annotation":"OBSTACLES","decalType":"None","isRenderEnabled":false,"rotationMatrix":[0.839899302,0.540424705,0.0501025952,-0.540637851,0.84119153,-0.0103649814,-0.0477473699,-0.018381821,0.998690307],"shapeName":"/levels/johnson_valley/art/shapes/building/s_motorhome_01.dae","useInstanceRenderData":true}
{"class":"TSStatic","persistentId":"4fffdc0e-2589-4b74-8d6e-f0adc915dfb8","__parent":"map_boundery","position":[1792.06946,4794.73389,110.482689],"annotation":"OBSTACLES","decalType":"None","isRenderEnabled":false,"rotationMatrix":[-0.841312885,-0.540547967,0.000117859337,0.540480733,-0.841204762,0.0159516558,-0.00852349214,0.0134840393,0.999872744],"shapeName":"/levels/johnson_valley/art/shapes/building/s_motorhome_01.dae","useInstanceRenderData":true}
{"class":"TSStatic","persistentId":"2a91537c-e316-4fb1-b61e-a34910372728","__parent":"map_boundery","position":[1766.04114,4834.81299,110.451828],"annotation":"OBSTACLES","decalType":"None","isRenderEnabled":false,"rotationMatrix":[-0.839103818,-0.543398082,-0.0249572005,0.543470085,-0.839416862,0.00439258246,-0.0233364198,-0.00987765938,0.99967885],"shapeName":"/levels/johnson_valley/art/shapes/building/s_motorhome_02.dae","useInstanceRenderData":true}
{"class":"TSStatic","persistentId":"96fd20bb-edcf-44eb-94d8-47fd5596bf51","__parent":"map_boundery","position":[1849.9707,4712.59863,111.023796],"annotation":"OBSTACLES","decalType":"None","isRenderEnabled":false,"rotationMatrix":[0.836328983,0.546781301,0.0397994108,-0.546851754,0.837168992,-0.010059691,-0.038819287,-0.0133511694,0.999157071],"shapeName":"/levels/johnson_valley/art/shapes/building/s_truck.dae","useInstanceRenderData":true}
{"class":"TSStatic","persistentId":"b6945a2c-412b-4d0c-a64a-25f787c7674f","__parent":"map_boundery","position":[1818.96619,4748.34131,110.575516],"annotation":"OBSTACLES","decalType":"None","isRenderEnabled":false,"rotationMatrix":[-0.893120527,-0.443716407,-0.0738370568,0.445204854,-0.895419121,-0.00419081375,-0.0642555654,-0.0366155133,0.997261524],"shapeName":"/levels/johnson_valley/art/shapes/building/s_truck.dae","useInstanceRenderData":true}
{"class":"TSStatic","persistentId":"4f55578a-7162-4c8f-9a0a-1b6990d00987","__parent":"map_boundery","position":[1806.34094,4772.91504,110.580101],"annotation":"OBSTACLES","decalType":"None","isRenderEnabled":false,"rotationMatrix":[-0.837038755,-0.546720684,-0.0215139817,0.546811163,-0.837253809,0.00194652891,-0.0190768708,-0.010134764,0.999766648],"shapeName":"/levels/johnson_valley/art/shapes/building/s_truck.dae","useInstanceRenderData":true}
{"class":"TSStatic","persistentId":"69d213e7-7e89-4e64-bca8-51231a40a60b","__parent":"map_boundery","position":[1784.05847,4807.37256,110.448936],"annotation":"OBSTACLES","decalType":"None","isRenderEnabled":false,"rotationMatrix":[-0.837095261,-0.546965182,-0.0100346757,0.546910822,-0.837154746,0.00778067159,-0.012656332,0.00102509046,0.999919355],"shapeName":"/levels/johnson_valley/art/shapes/building/s_truck.dae","useInstanceRenderData":true}
{"class":"TSStatic","persistentId":"623ff3ca-1706-4e40-8b22-940de413241d","__parent":"map_boundery","position":[3157.75562,-5600.98145,81.8562851],"annotation":"OBSTACLES","decalType":"None","isRenderEnabled":false,"rotationMatrix":[1.78813934e-07,0.997054279,-0.0766966641,-0.999999821,1.78813934e-07,0,0,0.0766966641,0.997054458],"shapeName":"/levels/johnson_valley/art/shapes/misc/hr_plasticbarrier.DAE","useInstanceRenderData":true}
{"class":"TSStatic","persistentId":"90104777-f281-46e5-8626-3ab29cc9c211","__parent":"map_boundery","position":[3157.75439,-5602.37354,81.9546814],"annotation":"OBSTACLES","decalType":"None","isRenderEnabled":false,"rotationMatrix":[2.98023224e-07,0.998511493,-0.0545367114,-0.999999702,2.98023224e-07,0,0,0.0545367114,0.998511791],"shapeName":"/levels/johnson_valley/art/shapes/misc/hr_plasticbarrier_red.DAE","useInstanceRenderData":true}
{"class":"TSStatic","persistentId":"1cc75ac4-c156-484c-b144-9b79e4d102db","__parent":"map_boundery","position":[3157.75439,-5599.57764,81.7556915],"annotation":"OBSTACLES","decalType":"None","isRenderEnabled":false,"rotationMatrix":[1.78813934e-07,0.997054279,-0.0766966641,-0.999999821,1.78813934e-07,0,0,0.0766966641,0.997054458],"shapeName":"/levels/johnson_valley/art/shapes/misc/hr_plasticbarrier_red.DAE","useInstanceRenderData":true}
{"class":"TSStatic","persistentId":"7449d886-a539-432e-afcf-8cf840930c7f","__parent":"map_boundery","position":[3157.75562,-5598.17725,81.6405792],"annotation":"OBSTACLES","decalType":"None","isRenderEnabled":false,"rotationMatrix":[1.78813934e-07,0.997054279,-0.0766966641,-0.999999821,1.78813934e-07,0,0,0.0766966641,0.997054458],"shapeName":"/levels/johnson_valley/art/shapes/misc/hr_plasticbarrier.DAE","useInstanceRenderData":true}
{"class":"TSStatic","persistentId":"53c035b5-2798-4768-90f4-6a5bad34c31c","__parent":"map_boundery","position":[3157.75439,-5605.18701,82.0804977],"annotation":"OBSTACLES","decalType":"None","isRenderEnabled":false,"rotationMatrix":[0,0.999191523,-0.0402030833,-1,0,0,0,0.0402030833,0.999191523],"shapeName":"/levels/johnson_valley/art/shapes/misc/hr_plasticbarrier_red.DAE","useInstanceRenderData":true}
{"class":"TSStatic","persistentId":"31761593-06c2-409c-88c8-527135e5f639","__parent":"map_boundery","position":[3157.75562,-5603.7832,82.016655],"annotation":"OBSTACLES","decalType":"None","isRenderEnabled":false,"rotationMatrix":[0,0.999191523,-0.0402030833,-1,0,0,0,0.0402030833,0.999191523],"shapeName":"/levels/johnson_valley/art/shapes/misc/hr_plasticbarrier.DAE","useInstanceRenderData":true}
{"class":"TSStatic","persistentId":"6904bcbf-4860-4ff3-aa9b-933d650cc9ec","__parent":"map_boundery","position":[3156.75317,-5606.52539,82.2225342],"annotation":"OBSTACLES","isRenderEnabled":false,"shapeName":"/art/shapes/race/cone.dae","useInstanceRenderData":true}
{"class":"TSStatic","persistentId":"ef7aa927-c484-4000-a920-d65b226d4c95","__parent":"map_boundery","position":[3155.13843,-5606.40918,82.2298889],"annotation":"OBSTACLES","isRenderEnabled":false,"shapeName":"/art/shapes/race/cone.dae","useInstanceRenderData":true}
{"class":"TSStatic","persistentId":"4b6877eb-a870-4e3d-8571-4291e0fbfbaf","__parent":"map_boundery","position":[3153.50024,-5606.18555,82.2316971],"annotation":"OBSTACLES","isRenderEnabled":false,"shapeName":"/art/shapes/race/cone.dae","useInstanceRenderData":true}
{"class":"TSStatic","persistentId":"54c48d6d-16aa-46a3-b91e-8e07141d6716","__parent":"map_boundery","position":[3151.85107,-5605.92041,82.2307358],"annotation":"OBSTACLES","isRenderEnabled":false,"shapeName":"/art/shapes/race/cone.dae","useInstanceRenderData":true}
{"class":"TSStatic","persistentId":"76d61058-09a6-4ac8-b818-dd9cf1ad3aa5","__parent":"map_boundery","position":[3150.15771,-5605.98438,82.2474976],"annotation":"OBSTACLES","isRenderEnabled":false,"shapeName":"/art/shapes/race/cone.dae","useInstanceRenderData":true}
{"class":"TSStatic","persistentId":"6b0b9674-6dca-4d9a-8cf9-2698479e4993","__parent":"map_boundery","position":[3148.30322,-5605.61182,82.2421341],"annotation":"OBSTACLES","isRenderEnabled":false,"shapeName":"/art/shapes/race/cone.dae","useInstanceRenderData":true}
{"class":"TSStatic","persistentId":"b883b7fe-eef3-48b5-b072-a5740dcb176a","__parent":"map_boundery","position":[3146.64355,-5605.55469,82.2521286],"annotation":"OBSTACLES","isRenderEnabled":false,"shapeName":"/art/shapes/race/cone.dae","useInstanceRenderData":true}
{"class":"TSStatic","persistentId":"08735366-c917-4e3e-84e5-ffdb907da3f1","__parent":"map_boundery","position":[3144.646,-5605.3335,82.2560043],"annotation":"OBSTACLES","isRenderEnabled":false,"shapeName":"/art/shapes/race/cone.dae","useInstanceRenderData":true}
{"class":"TSStatic","persistentId":"a1fd2a43-da4d-49be-a792-23a896b74c19","__parent":"map_boundery","position":[3142.36182,-5605.08105,82.2604828],"annotation":"OBSTACLES","isRenderEnabled":false,"shapeName":"/art/shapes/race/cone.dae","useInstanceRenderData":true}
{"class":"TSStatic","persistentId":"b5c680f7-c5a0-45e3-be5c-e928a75cea47","__parent":"map_boundery","position":[3140.50024,-5604.92725,82.3820267],"annotation":"OBSTACLES","isRenderEnabled":false,"rotationMatrix":[-0.0696589947,-0.185361028,0.980198443,-0.936082244,0.351781189,2.98023224e-08,-0.344815433,-0.917546391,-0.198017955],"shapeName":"/art/shapes/race/cone.dae","useInstanceRenderData":true}
{"class":"TSStatic","persistentId":"0dd3123d-1747-444c-9730-15163b988e06","__parent":"map_boundery","position":[3139.41797,-5602.44824,82.11203],"annotation":"OBSTACLES","decalType":"None","isRenderEnabled":false,"rotationMatrix":[-0.986465335,0.163788378,-0.00770937512,-0.163943619,-0.984378934,0.0641918927,0.00292493915,0.0645869821,0.997907817],"shapeName":"/levels/johnson_valley/art/shapes/misc/arrowboard_R.dae","useInstanceRenderData":true}
{"class":"TSStatic","persistentId":"1e082ccd-9b27-4d19-889e-3c37cc0511db","__parent":"map_boundery","position":[3239.33838,-5614.66797,82.1502838],"annotation":"OBSTACLES","isRenderEnabled":false,"rotationMatrix":[0.995801568,-0.0914482623,0.00405962486,0.091538325,0.994821787,-0.0441627093,2.32830644e-10,0.0443489067,0.999016106],"shapeName":"/levels/johnson_valley/art/shapes/misc/arrowboard_L.dae","useInstanceRenderData":true}
{"class":"TSStatic","persistentId":"b0575753-b70b-4e1b-a5e7-8c1668e03c5e","__parent":"map_boundery","position":[3243.94629,-5615.79492,82.1456909],"annotation":"OBSTACLES","isRenderEnabled":false,"rotationMatrix":[1.78813934e-07,0.999576271,-0.0291019958,-0.999999821,1.78813934e-07,0,0,0.0291019958,0.999576449],"shapeName":"/levels/johnson_valley/art/shapes/misc/hr_plasticbarrier.DAE","useInstanceRenderData":true}
{"class":"TSStatic","persistentId":"edb42bdb-3738-4879-a8e9-7a66738515ef","__parent":"map_boundery","position":[3243.94507,-5614.38477,82.0993805],"annotation":"OBSTACLES","isRenderEnabled":false,"rotationMatrix":[7.15255737e-07,0.999055803,-0.043442294,-0.999999821,7.15255737e-07,-9.31322575e-09,1.3038516e-08,0.043442294,0.999055922],"shapeName":"/levels/johnson_valley/art/shapes/misc/hr_plasticbarrier_red.DAE","useInstanceRenderData":true}
{"class":"TSStatic","persistentId":"d9828d5d-d2f7-46e5-a21c-93e708216407","__parent":"map_boundery","position":[3243.94629,-5612.9917,82.0164566],"annotation":"OBSTACLES","isRenderEnabled":false,"rotationMatrix":[2.98023224e-07,0.997844934,-0.0656170696,-1,2.98023224e-07,-1.11758709e-08,1.11758709e-08,0.0656170696,0.997844875],"shapeName":"/levels/johnson_valley/art/shapes/misc/hr_plasticbarrier.DAE","useInstanceRenderData":true}
{"class":"TSStatic","persistentId":"0545131c-eabb-4a5a-9540-87f40524892d","__parent":"map_boundery","position":[3243.94507,-5611.58691,81.9314575],"annotation":"OBSTACLES","isRenderEnabled":false,"rotationMatrix":[2.98023224e-07,0.997844934,-0.0656170696,-1,2.98023224e-07,-1.11758709e-08,1.11758709e-08,0.0656170696,0.997844875],"shapeName":"/levels/johnson_valley/art/shapes/misc/hr_plasticbarrier_red.DAE","useInstanceRenderData":true}
{"class":"TSStatic","persistentId":"3e91b42f-c9dd-4e8c-957a-62367360b770","__parent":"map_boundery","position":[3243.94629,-5610.18506,81.8319092],"annotation":"OBSTACLES","isRenderEnabled":false,"rotationMatrix":[2.98023224e-07,0.997844934,-0.0656170696,-1,2.98023224e-07,-1.11758709e-08,1.11758709e-08,0.0656170696,0.997844875],"shapeName":"/levels/johnson_valley/art/shapes/misc/hr_plasticbarrier.DAE","useInstanceRenderData":true}
{"class":"TSStatic","persistentId":"3de92410-2480-4f3b-a64b-2a1a308a5513","__parent":"map_boundery","position":[3158.58569,-5606.73584,82.2184143],"annotation":"OBSTACLES","isRenderEnabled":false,"shapeName":"/art/shapes/race/cone.dae","useInstanceRenderData":true}
{"class":"TSStatic","persistentId":"96d99c39-8c41-4eaa-9bdc-481fc2d9aba6","__parent":"map_boundery","position":[3160.30933,-5606.91992,82.2137985],"annotation":"OBSTACLES","isRenderEnabled":false,"shapeName":"/art/shapes/race/cone.dae","useInstanceRenderData":true}
{"class":"TSStatic","persistentId":"ca65fa72-45eb-41cd-a99c-06631986babf","__parent":"map_boundery","position":[3161.84937,-5607.17139,82.2143021],"annotation":"OBSTACLES","isRenderEnabled":false,"shapeName":"/art/shapes/race/cone.dae","useInstanceRenderData":true}
{"class":"TSStatic","persistentId":"7924d0a3-d525-4979-86d6-9548d93da01a","__parent":"map_boundery","position":[3163.86548,-5607.29883,82.2159653],"annotation":"OBSTACLES","isRenderEnabled":false,"shapeName":"/art/shapes/race/cone.dae","useInstanceRenderData":true}
{"class":"TSStatic","persistentId":"dacb8cbf-9ccf-46f4-aeb4-7f7ca4a301c8","__parent":"map_boundery","position":[3165.92358,-5607.59473,82.2088165],"annotation":"OBSTACLES","isRenderEnabled":false,"shapeName":"/art/shapes/race/cone.dae","useInstanceRenderData":true}
{"class":"TSStatic","persistentId":"67753a6e-bec5-4f01-b71b-0c0dac63e21a","__parent":"map_boundery","position":[3167.71582,-5607.72119,82.2040863],"annotation":"OBSTACLES","isRenderEnabled":false,"shapeName":"/art/shapes/race/cone.dae","useInstanceRenderData":true}
{"class":"TSStatic","persistentId":"35cee716-0fca-4a36-b8b1-a508d5ddcab4","__parent":"map_boundery","position":[3172.31201,-5608.43652,82.2114182],"annotation":"OBSTACLES","isRenderEnabled":false,"shapeName":"/art/shapes/race/cone.dae","useInstanceRenderData":true}
{"class":"TSStatic","persistentId":"027c053d-f46a-4fdd-8b40-c4884f3cefe9","__parent":"map_boundery","position":[3178.14307,-5609.00049,82.2026062],"annotation":"OBSTACLES","isRenderEnabled":false,"shapeName":"/art/shapes/race/cone.dae","useInstanceRenderData":true}
{"class":"TSStatic","persistentId":"84154e28-6d67-45da-94f9-2582880dded0","__parent":"map_boundery","position":[3183.83691,-5609.91748,82.21418],"annotation":"OBSTACLES","isRenderEnabled":false,"shapeName":"/art/shapes/race/cone.dae","useInstanceRenderData":true}
{"class":"TSStatic","persistentId":"18c9149f-31d0-43e7-8dcb-9de617c5840d","__parent":"map_boundery","position":[3189.09961,-5610.58398,82.2209702],"annotation":"OBSTACLES","isRenderEnabled":false,"shapeName":"/art/shapes/race/cone.dae","useInstanceRenderData":true}
{"class":"TSStatic","persistentId":"3c18923f-3c61-4afd-8a08-49462a4e31ac","__parent":"map_boundery","position":[3218.15991,-5613.97168,82.2301559],"annotation":"OBSTACLES","isRenderEnabled":false,"shapeName":"/art/shapes/race/cone.dae","useInstanceRenderData":true}
{"class":"TSStatic","persistentId":"d4fb901c-1c3c-45a3-b7a9-bd65e274fc59","__parent":"map_boundery","position":[3224.25488,-5614.75928,82.2318726],"annotation":"OBSTACLES","isRenderEnabled":false,"shapeName":"/art/shapes/race/cone.dae","useInstanceRenderData":true}
{"class":"TSStatic","persistentId":"e473bcda-7233-4cb3-979c-7cb99f8b71fd","__parent":"map_boundery","position":[3229.97144,-5615.5,82.2265472],"annotation":"OBSTACLES","isRenderEnabled":false,"shapeName":"/art/shapes/race/cone.dae","useInstanceRenderData":true}
{"class":"TSStatic","persistentId":"eb442e8b-8d0e-4e67-aa72-29fed3a0d700","__parent":"map_boundery","position":[3235.99731,-5616.15527,82.2267075],"annotation":"OBSTACLES","isRenderEnabled":false,"shapeName":"/art/shapes/race/cone.dae","useInstanceRenderData":true}
{"class":"TSStatic","persistentId":"314338ab-05b0-40a8-b925-f6a6d2b83f00","__parent":"map_boundery","position":[3242.23633,-5616.61621,82.2455139],"annotation":"OBSTACLES","isRenderEnabled":false,"shapeName":"/art/shapes/race/cone.dae","useInstanceRenderData":true}
{"class":"TSStatic","persistentId":"691fc1e0-ff2c-46b4-b4bd-846722ed93fc","__parent":"map_boundery","position":[3136.54541,-5600.34766,81.9953156],"annotation":"OBSTACLES","isRenderEnabled":false,"rotationMatrix":[1,0,0,0,0.998772204,-0.0495384336,0,0.0495384336,0.998772204],"shapeName":"/art/shapes/race/cone.dae","useInstanceRenderData":true}
{"class":"TSStatic","persistentId":"1a83a585-6380-4861-9442-6d90e47241cd","__parent":"map_boundery","position":[3136.44141,-5601.7002,82.0806274],"annotation":"OBSTACLES","isRenderEnabled":false,"rotationMatrix":[1,0,0,0,0.999369621,-0.0355016291,0,0.0355016291,0.999369621],"shapeName":"/art/shapes/race/cone.dae","useInstanceRenderData":true}
{"class":"TSStatic","persistentId":"9af6f885-ffaa-4c30-b582-5872551ece51","__parent":"map_boundery","position":[3137.10498,-5603.25,82.1742706],"annotation":"OBSTACLES","isRenderEnabled":false,"rotationMatrix":[1,0,0,0,0.99968183,-0.0252245534,0,0.0252245534,0.99968183],"shapeName":"/art/shapes/race/cone.dae","useInstanceRenderData":true}
{"class":"TSStatic","persistentId":"52924d9b-b9a1-4b75-96ba-661782eafbb2","__parent":"map_boundery","position":[3138.10449,-5604.34521,82.2377319],"annotation":"OBSTACLES","isRenderEnabled":false,"rotationMatrix":[1,0,0,0,0.999912083,-0.0132616963,0,0.0132616963,0.999912083],"shapeName":"/art/shapes/race/cone.dae","useInstanceRenderData":true}
{"class":"TSStatic","persistentId":"704e0cbd-8b30-4064-9474-9fbc21d50721","__parent":"map_boundery","position":[3195.21631,-5609.00781,80.8981247],"decalType":"None","isRenderEnabled":false,"rotationMatrix":[0.932374835,-0.361492872,0,0.361492872,0.932374835,0,0,0,1],"shapeName":"/levels/johnson_valley/art/shapes/rocks/s_rocks_desert_large_03.dae","useInstanceRenderData":true}
{"class":"TSStatic","persistentId":"b0d00d1d-c737-4bd3-a124-09707ee4286e","__parent":"map_boundery","position":[3194.01465,-5608.40381,82.0957718],"decalType":"None","isRenderEnabled":false,"shapeName":"/levels/johnson_valley/art/shapes/rocks/s_rocks_desert_tiny_01.dae","useInstanceRenderData":true}
{"class":"TSStatic","persistentId":"48b2f867-662e-4feb-b094-8735c5fa65b0","__parent":"map_boundery","position":[3194.50781,-5608.97656,82.1209259],"decalType":"None","isRenderEnabled":false,"shapeName":"/levels/johnson_valley/art/shapes/rocks/s_rocks_desert_tiny_02.dae","useInstanceRenderData":true}
{"class":"TSStatic","persistentId":"72ff6aeb-0964-4f9c-97f1-5958df62b362","__parent":"map_boundery","position":[3194.32544,-5608.78516,82.1125946],"decalType":"None","isRenderEnabled":false,"shapeName":"/levels/johnson_valley/art/shapes/rocks/s_rocks_desert_tiny_04.dae","useInstanceRenderData":true}
{"class":"TSStatic","persistentId":"f6f64507-bcbb-4465-92b9-645b25b92a04","__parent":"map_boundery","position":[3196.8855,-5608.21387,82.0755005],"decalType":"None","isRenderEnabled":false,"shapeName":"/levels/johnson_valley/art/shapes/rocks/s_rocks_desert_small_07.dae","useInstanceRenderData":true}
{"class":"TSStatic","persistentId":"7de5ddcc-0803-4567-b19f-1e5c0a5085eb","__parent":"map_boundery","position":[3198.4624,-5605.27148,81.9207916],"decalType":"None","isRenderEnabled":false,"scale":[0.669531226,0.669531226,0.669531226],"shapeName":"/levels/johnson_valley/art/shapes/rocks/s_rocks_desert_collection_03.dae","useInstanceRenderData":true}
{"class":"TSStatic","persistentId":"24fb43e2-e9b7-4ed0-becf-560bcd8e83fb","__parent":"map_boundery","position":[3201.7583,-5605.83008,81.8934937],"decalType":"None","isRenderEnabled":false,"scale":[0.741406202,0.741406202,0.741406202],"shapeName":"/levels/johnson_valley/art/shapes/rocks/s_rocks_desert_collection_02.dae","useInstanceRenderData":true}
{"class":"TSStatic","persistentId":"20075ebb-66f9-4589-9a9a-1642251db705","__parent":"map_boundery","position":[1834.14221,4737.17969,110.935249],"annotation":"OBSTACLES","decalType":"None","isRenderEnabled":false,"rotationMatrix":[0.836847842,0.546703875,0.0282949936,-0.546531975,0.837318301,-0.0141730914,-0.0314403996,-0.00360339601,0.999499142],"shapeName":"/levels/johnson_valley/art/shapes/building/s_truck.dae","useInstanceRenderData":true}
{"class":"TSStatic","persistentId":"e7496328-bff1-4d83-8985-d2fcfbd709c9","__parent":"map_boundery","position":[3253.64819,-5615.89648,82.1471558],"annotation":"OBSTACLES","decalType":"None","isRenderEnabled":false,"rotationMatrix":[0.107969701,0.993377864,-0.0392758772,-0.994152963,0.107827544,-0.00572613068,-0.00145319849,0.0396644846,0.999212027],"shapeName":"/levels/johnson_valley/art/shapes/building/s_truck.dae","useInstanceRenderData":true}
{"class":"TSStatic","persistentId":"a67668ce-6686-4f05-8528-2f3c4182536e","__parent":"map_boundery","position":[3308.23242,-5621.93799,82.1596069],"annotation":"OBSTACLES","decalType":"None","isRenderEnabled":false,"rotationMatrix":[0.107648492,0.993760467,-0.0291906297,-0.994188905,0.107583761,-0.00378418062,-0.000620127656,0.0294283591,0.999566674],"shapeName":"/levels/johnson_valley/art/shapes/building/s_motorhome_01.dae","useInstanceRenderData":true}
{"class":"TSStatic","persistentId":"113a3658-10ce-41d1-8c31-4b5235201e6d","__parent":"map_boundery","position":[-1497.953,482.610901,119.425751],"annotation":"OBSTACLES","isRenderEnabled":false,"rotationMatrix":[-0.771652579,-0.636044085,0,0.636044085,-0.771652579,0,0,0,1],"scale":[0.660644412,0.660644412,0.660644412],"shapeName":"/levels/johnson_valley/art/shapes/misc/s_fence_wood_post_1.dae","useInstanceRenderData":true}
{"class":"TSStatic","persistentId":"4c3c7f0d-a664-44e4-ae68-6c3c59f1ebaf","__parent":"map_boundery","position":[3160.53809,-5615.8291,82.3837433],"annotation":"OBSTACLES","decalType":"None","isRenderEnabled":false,"rotationMatrix":[2.98023224e-07,0.999879897,0.0155040268,-1.00000012,2.98023224e-07,1.76951289e-08,1.25728548e-08,-0.0155040268,0.999879777],"shapeName":"/levels/johnson_valley/art/shapes/misc/hr_plasticbarrier.DAE","useInstanceRenderData":true}
{"class":"TSStatic","persistentId":"8b1ad687-283a-4b3f-8fa7-525b6d230690","__parent":"map_boundery","position":[3160.53687,-5614.42188,82.4129333],"annotation":"OBSTACLES","decalType":"None","isRenderEnabled":false,"rotationMatrix":[2.98023224e-07,0.999879897,0.0155040268,-1.00000012,2.98023224e-07,1.76951289e-08,1.25728548e-08,-0.0155040268,0.999879777],"shapeName":"/levels/johnson_valley/art/shapes/misc/hr_plasticbarrier_red.DAE","useInstanceRenderData":true}
{"class":"TSStatic","persistentId":"91cbe584-2ecf-49aa-bb04-f52c83d4ee43","__parent":"map_boundery","position":[3160.53809,-5613.0166,82.4273453],"annotation":"OBSTACLES","decalType":"None","isRenderEnabled":false,"rotationMatrix":[2.98023224e-07,0.999879897,0.0155040268,-1.00000012,2.98023224e-07,1.76951289e-08,1.25728548e-08,-0.0155040268,0.999879777],"shapeName":"/levels/johnson_valley/art/shapes/misc/hr_plasticbarrier.DAE","useInstanceRenderData":true}
