{"class":"TSStatic","persistentId":"1d4ccb44-3571-4285-8730-600c14313a19","__parent":"CBF_noiseblockers","position":[-964.955322,-317.024719,101.0401],"isRenderEnabled":false,"rotationMatrix":[0,-1,-1.86264515e-09,0.998874009,0,-0.0474422351,0.0474422351,1.86264515e-09,0.998874009],"shapeName":"/levels/west_coast_usa/art/shapes/objects/construction_sign_big_b.DAE","useInstanceRenderData":true}
{"class":"TSStatic","persistentId":"b222fd56-6de1-4110-9f43-1d50c77c8247","__parent":"CBF_noiseblockers","position":[-963.819885,-320.789276,101.008018],"isRenderEnabled":false,"rotationMatrix":[0.422618389,-0.906307638,-1.86264515e-09,0.904463589,0.421758533,-0.0637582093,0.0577845648,0.0269453861,0.997965395],"shapeName":"/levels/west_coast_usa/art/shapes/objects/construction_sign_big_b.DAE","useInstanceRenderData":true}
{"class":"TSStatic","persistentId":"95fa5b2c-f5cd-43cb-a679-a23213a1b09c","__parent":"CBF_noiseblockers","position":[-962.800049,-322.995026,101.012314],"isRenderEnabled":false,"rotationMatrix":[0.882117212,0.466365397,-0.0661253557,-0.46481508,0.884587526,0.0381039158,0.0762640163,-0.0028760545,0.997083485],"shapeName":"/levels/west_coast_usa/art/shapes/objects/constructionbarrier.dae","useInstanceRenderData":true}
{"class":"TSStatic","persistentId":"bb291ec8-f0d6-4fb5-b3ad-cf092abf45a7","__parent":"CBF_noiseblockers","position":[-962.002319,-324.848999,100.961472],"isRenderEnabled":false,"rotationMatrix":[0.882117212,0.466365308,-0.0661253408,-0.467481405,0.884001434,-0.00159999449,0.0577087142,0.0323237553,0.997810066],"shapeName":"/levels/west_coast_usa/art/shapes/objects/constructionbarrier.dae","useInstanceRenderData":true}
{"class":"TSStatic","persistentId":"532450de-5137-41b1-8a40-45cac4c2f641","__parent":"CBF_noiseblockers","position":[-961.194092,-326.704132,100.905632],"isRenderEnabled":false,"rotationMatrix":[0.882117212,0.466365397,-0.0661253557,-0.46481508,0.884587526,0.0381039158,0.0762640163,-0.0028760545,0.997083485],"shapeName":"/levels/west_coast_usa/art/shapes/objects/constructionbarrier.dae","useInstanceRenderData":true}
{"class":"TSStatic","persistentId":"5b28e692-5f51-44d4-9fb0-a5aa205ce8fb","__parent":"CBF_noiseblockers","position":[-965.782043,-314.606903,101.078392],"isRenderEnabled":false,"rotationMatrix":[0.974525452,0.211328804,-0.0751019716,-0.212154448,0.977231205,-0.00309996214,0.0727368742,0.01895421,0.997171044],"shapeName":"/levels/west_coast_usa/art/shapes/objects/constructionbarrier.dae","useInstanceRenderData":true}
{"class":"TSStatic","persistentId":"1a5de2f9-e328-420b-bb3e-db93ed49dd18","__parent":"CBF_noiseblockers","position":[-965.614258,-312.593994,100.959404],"isRenderEnabled":false,"rotationMatrix":[0.929290593,-0.359958619,-0.0827574134,0.357925683,0.932946503,-0.0387294739,0.0911492556,0.0063699279,0.995816886],"shapeName":"/levels/west_coast_usa/art/shapes/objects/constructionbarrier.dae","useInstanceRenderData":true}
{"class":"TSStatic","persistentId":"6a2b3ae6-7aae-463c-a59a-d81e50c55828","__parent":"CBF_noiseblockers","position":[-962.289673,-316.840332,100.967117],"isRenderEnabled":false,"rotationMatrix":[0.991142392,0.1328035,0,-0.1328035,0.991142392,0,0,0,1],"shapeName":"/levels/west_coast_usa/art/shapes/objects/jerseybarrier_3m.dae","useInstanceRenderData":true}
{"class":"TSStatic","persistentId":"d4b5d948-cf99-410c-a2f1-a2e765b0072b","__parent":"CBF_noiseblockers","position":[-961.878113,-319.880066,100.967117],"isRenderEnabled":false,"rotationMatrix":[0.991142392,0.1328035,0,-0.1328035,0.991142392,0,0,0,1],"shapeName":"/levels/west_coast_usa/art/shapes/objects/jerseybarrier_3m.dae","useInstanceRenderData":true}
{"class":"TSStatic","persistentId":"35fbadd3-40c9-4eca-860f-92790cba9b28","__parent":"CBF_noiseblockers","position":[-623.60614,33.8527069,100.591125],"isRenderEnabled":false,"rotationMatrix":[0.737333179,0.675529242,0,-0.675529242,0.737333179,0,0,0,1],"shapeName":"/levels/west_coast_usa/art/shapes/objects/s_containers_40_white.dae","useInstanceRenderData":true}
{"class":"TSStatic","persistentId":"acfcd1ea-8092-4a3a-a617-32bfb399bfe5","__parent":"CBF_noiseblockers","position":[-625.678955,30.4527245,100.591125],"isRenderEnabled":false,"rotationMatrix":[0.653830409,0.75664109,0,-0.75664109,0.653830409,0,0,0,1],"shapeName":"/levels/west_coast_usa/art/shapes/objects/s_containers_40_white.dae","useInstanceRenderData":true}
{"class":"TSStatic","persistentId":"3193b0b0-76c6-4b3f-8c09-3b99fb14edd0","__parent":"CBF_noiseblockers","position":[-601.79834,18.6967678,100.555992],"isRenderEnabled":false,"rotationMatrix":[-0.410698295,-0.911771417,0,0.911771417,-0.410698295,0,0,0,1],"shapeName":"/levels/west_coast_usa/art/shapes/objects/s_crane_tower.dae","useInstanceRenderData":true}
{"class":"TSStatic","persistentId":"a881d4ae-668b-4dfd-bfb2-6cc837e3155d","__parent":"CBF_noiseblockers","position":[-607.381226,23.2501221,101.50193],"isRenderEnabled":false,"rotationMatrix":[0.619067669,0.785337627,0,-0.785337627,0.619067669,0,0,0,1],"shapeName":"/levels/west_coast_usa/art/shapes/objects/dumpster.dae","useInstanceRenderData":true}
{"class":"TSStatic","persistentId":"4924e344-4228-4850-bd8e-a43c07facedc","__parent":"CBF_noiseblockers","position":[-632.247498,50.7412682,102.491135],"isRenderEnabled":false,"rotationMatrix":[-0.684331894,-0.729170382,0,0.729170382,-0.684331894,0,0,0,1],"shapeName":"/levels/west_coast_usa/art/shapes/objects/construction_sign_small_a.DAE","useInstanceRenderData":true}
{"class":"TSStatic","persistentId":"a8220c38-9be5-4fbf-8fba-8e3db4f32067","__parent":"CBF_noiseblockers","position":[-624.512695,58.9338303,102.491135],"isRenderEnabled":false,"rotationMatrix":[-0.684331894,-0.729170382,0,0.729170382,-0.684331894,0,0,0,1],"shapeName":"/levels/west_coast_usa/art/shapes/objects/construction_sign_small_a.DAE","useInstanceRenderData":true}
{"class":"TSStatic","persistentId":"a44c2052-73d0-4a09-ad21-043ccd4523a4","__parent":"CBF_noiseblockers","position":[-717.055054,-99.2327118,100.256149],"isRenderEnabled":false,"rotationMatrix":[0.712652564,-0.701517045,0,0.701517045,0.712652564,0,0,0,1],"shapeName":"/levels/west_coast_usa/art/shapes/objects/construction_sign_small_a.DAE","useInstanceRenderData":true}
{"class":"TSStatic","persistentId":"2d2f1044-028a-4f88-9e14-ca16a0d53fec","__parent":"CBF_noiseblockers","position":[-695.013977,-121.080986,100.256149],"isRenderEnabled":false,"rotationMatrix":[0.712652564,-0.701517045,0,0.701517045,0.712652564,0,0,0,1],"shapeName":"/levels/west_coast_usa/art/shapes/objects/construction_sign_small_a.DAE","useInstanceRenderData":true}
{"class":"TSStatic","persistentId":"160b1f09-27b4-4921-9629-b9c70e4f3146","__parent":"CBF_noiseblockers","position":[-686.493042,-129.844894,100.256149],"isRenderEnabled":false,"rotationMatrix":[0.719618976,-0.694369137,0,0.694369137,0.719618976,0,0,0,1],"shapeName":"/levels/west_coast_usa/art/shapes/objects/construction_sign_small_a.DAE","useInstanceRenderData":true}
{"class":"TSStatic","persistentId":"ef635bcd-a966-4997-859b-61ae2c87fb68","__parent":"CBF_noiseblockers","position":[-708.497375,-107.656639,100.256149],"isRenderEnabled":false,"rotationMatrix":[0.712652564,-0.701517045,0,0.701517045,0.712652564,0,0,0,1],"shapeName":"/levels/west_coast_usa/art/shapes/objects/construction_sign_small_a.DAE","useInstanceRenderData":true}
{"class":"TSStatic","persistentId":"24b191a9-d435-4a84-85fb-c33a9ce91f58","__parent":"CBF_noiseblockers","position":[-488.297424,76.6457748,99.6268692],"isRenderEnabled":false,"rotationMatrix":[0.212974966,0.976899087,-0.0176084861,-0.976269662,0.212044954,-0.0439852998,-0.0392353982,0.0265584011,0.998876989],"shapeName":"/levels/west_coast_usa/art/shapes/objects/construction_sign_small_a.DAE","useInstanceRenderData":true}
{"class":"TSStatic","persistentId":"f08daefc-4fa2-42ee-8889-bddcc7482a87","__parent":"CBF_noiseblockers","position":[-485.943481,87.1017914,99.4585419],"isRenderEnabled":false,"rotationMatrix":[0.342656195,0.93886131,0.0335559398,-0.938114822,0.340035617,0.0656984225,0.0502714962,-0.0539912991,0.997275174],"shapeName":"/levels/west_coast_usa/art/shapes/objects/construction_sign_small_a.DAE","useInstanceRenderData":true}
{"class":"TSStatic","persistentId":"1c6c34c3-3ac8-4d72-acac-815aeaea0e39","__parent":"CBF_noiseblockers","position":[-488.364258,77.5461578,99.8268661],"isRenderEnabled":false,"rotationMatrix":[-0.173648119,-0.984807491,0,0.984807491,-0.173648119,0,0,0,1],"shapeName":"/levels/west_coast_usa/art/shapes/objects/s_fence_hoarding.dae","useInstanceRenderData":true}
{"class":"TSStatic","persistentId":"99b0007d-2c47-4e1e-9200-9dfa2a155dd8","__parent":"CBF_noiseblockers","position":[-492.100128,81.2951813,99.8268661],"isRenderEnabled":false,"rotationMatrix":[0.707106948,-0.707106531,0,0.707106531,0.707106948,0,0,0,1],"shapeName":"/levels/west_coast_usa/art/shapes/objects/s_fence_hoarding.dae","useInstanceRenderData":true}
{"name":"CBF_precast_planter","class":"SimGroup","persistentId":"8c1cb66b-ff32-40cf-ae0d-f342f58f30ed","__parent":"CBF_noiseblockers"}
{"name":"p_noiseblocker_cementbatch_a","internalName":"p_noiseblocker_cementbatch_a","class":"Prefab","persistentId":"42569ee8-7d23-4033-8b3b-4fa16fe2894d","__parent":"CBF_noiseblockers","fileName":"/levels/west_coast_usa/art/prefabs/p_noiseblocker_cementbatch_a.prefab.json"}
