{"class":"TSStatic","persistentId":"d631da00-fbab-4eca-b6a1-f7a190c6e29f","__parent":"speedCamera_002","position":[-399.809784,216.534302,103.332802],"isRenderEnabled":false,"rotationMatrix":[0.658847094,-0.752276957,3.7252903e-09,0.752186,0.658767462,0.0155469067,-0.0116955796,-0.0102430321,0.999879122],"shapeName":"/levels/west_coast_usa/art/shapes/objects/s_camera_light1.dae","useInstanceRenderData":true}
{"class":"TSStatic","persistentId":"c2116873-f982-4916-99bd-699fb173818d","__parent":"speedCamera_002","position":[-399.354919,216.311111,103.005486],"isRenderEnabled":false,"rotationMatrix":[0.65884304,-0.752280474,0,0.752280474,0.65884304,0,0,0,1],"shapeName":"/levels/west_coast_usa/art/shapes/objects/s_camera_elbow.dae","useInstanceRenderData":true}
{"class":"TSStatic","persistentId":"1299bcd6-70d3-4713-8daa-b8e97a1f8cc4","__parent":"speedCamera_002","position":[-399.276611,216.221649,100.762787],"isRenderEnabled":false,"rotationMatrix":[0.65884304,-0.752280474,0,0.752280474,0.65884304,0,0,0,1],"shapeName":"/levels/west_coast_usa/art/shapes/objects/s_camera_pole.dae","useInstanceRenderData":true}
{"class":"TSStatic","persistentId":"ffcd8e5c-23a2-4c58-bb69-1774f266d608","__parent":"speedCamera_002","position":[-399.349792,216.305206,103.972107],"isRenderEnabled":false,"rotationMatrix":[0.65884304,-0.752280474,0,0.752280474,0.65884304,0,0,0,1],"scale":[0.717460155,1,1],"shapeName":"/levels/west_coast_usa/art/shapes/objects/s_camera_elbow.dae","useInstanceRenderData":true}
{"class":"TSStatic","persistentId":"9bb441f8-577b-4a50-a1c5-d6d9fc98ad4c","__parent":"speedCamera_002","position":[-399.573395,216.55159,104.171906],"isRenderEnabled":false,"rotationMatrix":[0.658842921,-0.752280593,-4.65661287e-09,0.751858354,0.658473134,0.0334995687,-0.0252010673,-0.0220709592,0.999438703],"shapeName":"/levels/west_coast_usa/art/shapes/objects/s_camera_light2.dae","useInstanceRenderData":true}
{"class":"TSStatic","persistentId":"5c7b6ac9-7b56-4a4b-b766-89783b1a8423","__parent":"speedCamera_002","position":[-399.35553,216.311737,104.840118],"isRenderEnabled":false,"rotationMatrix":[0.65884304,-0.752280474,0,0.752280474,0.65884304,0,0,0,1],"shapeName":"/levels/west_coast_usa/art/shapes/objects/s_camera_elbow.dae","useInstanceRenderData":true}
{"class":"TSStatic","persistentId":"8a1caf14-8a54-48c4-ad14-c1774b3da3e7","__parent":"speedCamera_002","position":[-399.834106,216.514191,105.122383],"isRenderEnabled":false,"rotationMatrix":[0.658846498,-0.752277672,-3.7252903e-08,0.733409226,0.642321348,0.222563565,-0.167429507,-0.146635294,0.974918187],"shapeName":"/levels/west_coast_usa/art/shapes/objects/s_camera_light1.dae","useInstanceRenderData":true}
{"name":"speedTrapLight2","class":"SpotLight","persistentId":"a4369444-5a70-4730-91e2-aa289c3d25b9","__parent":"speedCamera_002","position":[-399.875305,216.447067,103.333389],"brightness":2.5,"color":[0.706376135,0.956328213,0.990281641,1],"flareScale":10,"flareType":"BNG_Sunflare_3","isEnabled":false,"outerAngle":60,"range":60,"rotationMatrix":[-0.765327215,0.643631041,-0.00359593146,-0.643164814,-0.764963865,-0.0341891982,-0.0247559901,-0.0238531549,0.999408901],"shadowDarkenColor":[0,0,0,0],"shadowSoftness":0.699999988}
{"class":"TSStatic","persistentId":"9e15a673-4322-486b-b18c-6b0a32f1fbdc","__parent":"speedCamera_002","position":[-426.657227,160.859909,102.551201],"isRenderEnabled":false,"rotationMatrix":[0.798842907,-0.601539731,-1.76219018e-07,0.601539731,0.798842907,3.90536314e-07,-9.41517868e-08,-4.17979919e-07,1],"scale":[0.879199028,0.879199028,0.879199028],"shapeName":"/levels/west_coast_usa/art/shapes/objects/s_sign_speedcam.dae","useInstanceRenderData":true}
{"class":"TSStatic","persistentId":"b6276636-df89-460c-83b4-a92be4dca503","__parent":"speedCamera_002","position":[-426.626251,160.930634,100.215675],"isRenderEnabled":false,"rotationMatrix":[-0.800806761,0.598923087,-1.16910499e-07,-0.598923087,-0.800806761,4.68195083e-08,-6.55814176e-08,1.07513756e-07,1],"scale":[1,1,0.831604004],"shapeName":"/levels/west_coast_usa/art/shapes/objects/pole_traffic1.dae","useInstanceRenderData":true}
{"name":"speedTrapTrigger2","class":"BeamNGTrigger","persistentId":"4d7dbade-e5aa-492a-be62-f16a5e6cb602","__parent":"speedCamera_002","position":[-416.087463,197.746811,103.53701],"luaFunction":"onBeamNGTrigger","rotationMatrix":[0.908038437,-0.41888684,0,0.41888684,0.908038437,0,0,0,1],"scale":[9.5470953,9.5470953,8.0629158],"speedLimit":"15.6464","speedTrapLightName":"speedTrapLight2","speedTrapType":"speed"}
