{"name":"Generic_Reverb","class":"SFXEmitter","persistentId":"1c7c5ce3-5db7-4baf-88b1-e25c3a1001c4","__parent":"Snapshots","position":[-326.264282,-780.430176,1655.20862],"fadeInTime":0,"fadeOutTime":0,"is3D":false,"isLooping":false,"locked":true,"maxDistance":0.00999999978,"referenceDistance":0,"rotationMatrix":[1,0,0,0,0.999999762,-0.000690533896,0,0.000690533896,0.999999762],"scale":[0.00999999978,0.00999999978,0.00999999978]}
{"name":"Level_Tunnel_Closed_02","class":"SFXSpace","persistentId":"d8a2ec85-2589-4fe3-b3a9-4b47dde2b69d","__parent":"Snapshots","position":[1296.35925,917.463135,138.975159],"cloneOrigin":"SFX_Green_8","locked":true,"rotationMatrix":[0.333590895,0.942415237,-0.023861587,-0.940598428,0.334430605,0.0585698038,0.0631771609,0.0029058035,0.99799794],"scale":[43.534214,48.1357002,63.9407883],"soundAmbience":"Level_Tunnel_Closed_Dynamic"}
{"name":"Level_Tunnel_Closed_1","class":"SFXSpace","persistentId":"54ab7943-1c01-4f52-9ea4-26bf0428b89c","__parent":"Snapshots","position":[1433.98071,875.359924,127.928299],"cloneOrigin":"SFX_Green_8","locked":true,"rotationMatrix":[0.691996396,0.721704125,-0.0168291498,-0.715617299,0.688856721,0.115622632,0.0950382054,-0.0679672882,0.993150175],"scale":[45.014843,136.540222,101.65303],"soundAmbience":"Level_Tunnel_Closed_Dynamic"}
{"name":"Level_Tunnel_Closed_2","class":"SFXSpace","persistentId":"ea227468-c2fd-4fa1-8910-b9c378b2de24","__parent":"Snapshots","position":[1358.02661,900.704285,135.751099],"cloneOrigin":"SFX_Green_8","locked":true,"rotationMatrix":[0.333590895,0.942415237,-0.023861587,-0.940598428,0.334430605,0.0585698038,0.0631771609,0.0029058035,0.99799794],"scale":[52.3596039,170.038574,63.9407883],"soundAmbience":"Level_Tunnel_Closed_Dynamic"}
{"name":"Level_Tunnel_Closed_In","class":"SFXEmitter","persistentId":"51ba109e-b1a1-4808-ac32-ff816fad4c9c","__parent":"Snapshots","position":[1493.35925,834.672302,149.026199],"fadeInTime":0,"fadeOutTime":0,"isLooping":false,"locked":true,"maxDistance":30,"referenceDistance":5,"rotationMatrix":[1,0,0,0,0.999999762,-0.000690533896,0,0.000690533896,0.999999762],"scale":[30,30,30],"track":"event:>Snapshot Events>Snapshot_IT_Tunnel_Closed_Position_In","useTrackDescriptionOnly":true}
{"name":"Level_Tunnel_Closed_In1","class":"SFXEmitter","persistentId":"a4c9b787-7350-4a79-8620-229031371a76","__parent":"Snapshots","position":[1482.95789,823.719849,147.95842],"fadeInTime":0,"fadeOutTime":0,"isLooping":false,"locked":true,"maxDistance":30,"referenceDistance":5,"rotationMatrix":[1,0,0,0,0.999999762,-0.000690533896,0,0.000690533896,0.999999762],"scale":[30,30,30],"track":"event:>Snapshot Events>Snapshot_IT_Tunnel_Closed_Position_In","useTrackDescriptionOnly":true}
{"name":"Level_Tunnel_Closed_Out","class":"SFXEmitter","persistentId":"f7348107-3e50-48e9-86e6-52bf7429d765","__parent":"Snapshots","position":[1276.65808,930.057007,160.122787],"fadeInTime":0,"fadeOutTime":0,"isLooping":false,"locked":true,"maxDistance":17,"rotationMatrix":[1,0,0,0,0.999999762,-0.000690533896,0,0.000690533896,0.999999762],"scale":[17,17,17],"track":"event:>Snapshot Events>Snapshot_IT_Tunnel_Closed_Position_Out","useTrackDescriptionOnly":true}
{"name":"Level_Tunnel_Closed_Out1","class":"SFXEmitter","persistentId":"bc3dfbcf-7dfa-41a9-ac83-7a58aa26687d","__parent":"Snapshots","position":[1271.51587,915.690063,160.078751],"fadeInTime":0,"fadeOutTime":0,"isLooping":false,"locked":true,"maxDistance":17,"rotationMatrix":[1,0,0,0,0.999999762,-0.000690533896,0,0.000690533896,0.999999762],"scale":[17,17,17],"track":"event:>Snapshot Events>Snapshot_IT_Tunnel_Closed_Position_Out","useTrackDescriptionOnly":true}
{"name":"Level_Tunnel_Open_01","class":"SFXEmitter","persistentId":"35074146-a8fa-4dba-b0fa-079f29ab77ff","__parent":"Snapshots","position":[875.866516,1092.16882,151.676117],"fadeInTime":0,"fadeOutTime":0,"isLooping":false,"locked":true,"maxDistance":12,"rotationMatrix":[1,0,0,0,0.999999762,-0.000690533896,0,0.000690533896,0.999999762],"scale":[12,12,12],"track":"event:>Snapshot Events>Snapshot_IT_Tunnel_Open_Position","useTrackDescriptionOnly":true}
{"name":"Level_Tunnel_Open_02","class":"SFXEmitter","persistentId":"d363ea3a-28e1-4184-8844-1d5d3d88aa34","__parent":"Snapshots","position":[863.775085,1058.45569,151.598785],"fadeInTime":0,"fadeOutTime":0,"isLooping":false,"locked":true,"maxDistance":12,"rotationMatrix":[1,0,0,0,0.999999762,-0.000690533896,0,0.000690533896,0.999999762],"scale":[12,12,12],"track":"event:>Snapshot Events>Snapshot_IT_Tunnel_Open_Position","useTrackDescriptionOnly":true}
{"name":"Level_Tunnel_Open_IT","class":"SFXSpace","persistentId":"e6e6b30a-4022-48dc-87c3-1c32a5311ef3","__parent":"Snapshots","position":[869.810486,1075.32422,155.11319],"locked":true,"rotationMatrix":[0.943653762,-0.330934167,7.27595761e-12,0.330934137,0.943653584,-0.000690533838,0.000228521327,0.000651624985,0.999999762],"scale":[8.60024548,35.7559624,10],"soundAmbience":"Level_Tunnel_Open_Dynamic"}
{"name":"Level_Tunnel_Sewer","class":"SFXSpace","persistentId":"48b9f161-eaa2-433a-a070-f6174bf49706","__parent":"Snapshots","position":[1571.45569,259.825897,133.221436],"cloneOrigin":"SFX_Green_8","locked":true,"rotationMatrix":[-0.331101835,0.943576157,0.00610647351,-0.942907453,-0.331100047,0.0360324308,0.0360211506,0.00617256202,0.999332249],"scale":[6.70800781,54.1674385,25.6182518],"soundAmbience":"Level_Tunnel_Open_Dynamic"}
{"name":"Level_Tunnel_Sewer_In","class":"SFXEmitter","persistentId":"652d7ad2-d20c-40d1-8a61-dc8afa92ca2d","__parent":"Snapshots","position":[1546.63916,251.214218,141.390503],"fadeInTime":0,"fadeOutTime":0,"isLooping":false,"locked":true,"maxDistance":8,"rotationMatrix":[1,0,0,0,0.999999762,-0.000690533896,0,0.000690533896,0.999999762],"scale":[8,8,8],"track":"event:>Snapshot Events>Snapshot_IT_Tunnel_Sewer_In","useTrackDescriptionOnly":true}
{"name":"Level_Tunnel_Sewer_Out","class":"SFXEmitter","persistentId":"802d9689-5329-4cc8-a938-5d980557b145","__parent":"Snapshots","position":[1596.76538,269.167328,139.766525],"fadeInTime":0,"fadeOutTime":0,"isLooping":false,"locked":true,"maxDistance":8,"rotationMatrix":[1,0,0,0,0.999999762,-0.000690533896,0,0.000690533896,0.999999762],"scale":[8,8,8],"track":"event:>Snapshot Events>Snapshot_IT_Tunnel_Sewer_Out","useTrackDescriptionOnly":true}
{"name":"Reverb_Del_Wall_01","class":"SFXEmitter","persistentId":"c89dfb6d-e4e5-4091-8268-59d431e060f7","__parent":"Snapshots","position":[-1052.62097,-644.752075,347.390381],"fadeInTime":0,"fadeOutTime":0,"isLooping":false,"locked":true,"maxDistance":20,"rotationMatrix":[1,0,0,0,0.999999762,-0.000690533896,0,0.000690533896,0.999999762],"scale":[20,20,20],"track":"event:>Special>Slap Delays>Delay_10","useTrackDescriptionOnly":true}
{"name":"Reverb_Mountains_01","class":"SFXSpace","persistentId":"3f676865-d62e-4f7f-940f-2f089519ebc9","__parent":"Snapshots","position":[-864.342529,-1182.28955,269.042786],"locked":true,"rotationMatrix":[0.785071671,0.619404793,-2.4374458e-10,-0.619404852,0.785071433,-0.000690534478,-0.000427720224,0.000542118913,0.999999762],"scale":[475.92511,173.32959,372.214691],"soundAmbience":"Reverb_IT_Mountains"}
{"name":"Reverb_Mountains_02","class":"SFXSpace","persistentId":"d9f8fb16-055e-4f4f-8a0c-a8e4783b785a","__parent":"Snapshots","position":[-1604.99658,-789.858215,221.470444],"locked":true,"rotationMatrix":[-0.197669491,-0.980268538,-1.73713488e-10,0.980268419,-0.197669446,-0.000690532906,0.000676908414,-0.000136498144,0.999999762],"scale":[248.955872,190.209335,509.660767],"soundAmbience":"Reverb_IT_Mountains"}
{"name":"Reverb_Mountains_03","class":"SFXSpace","persistentId":"27daf0c0-810c-4ccc-8783-501073efb1ae","__parent":"Snapshots","position":[-1581.19873,-1203.93762,278.9245],"locked":true,"rotationMatrix":[0.0893865898,-0.99599719,1.12777343e-10,0.995997012,0.089386411,-0.000690533139,0.000687769614,6.1723782e-05,0.999999762],"scale":[670.891357,207.370911,319.442596],"soundAmbience":"Reverb_IT_Mountains"}
{"name":"Reverb_Mountains_04","class":"SFXSpace","persistentId":"971be3f1-378d-4571-94c2-0652229d16b7","__parent":"Snapshots","position":[-1248.35217,-1382.41809,276.961731],"locked":true,"rotationMatrix":[0.957067907,0.289863706,7.18500814e-11,-0.289863646,0.957067668,-0.000690534071,-0.000200160735,0.000660887687,0.999999762],"scale":[475.92511,173.32959,306.758392],"soundAmbience":"Reverb_IT_Mountains"}
{"name":"Reverb_Mountains_05","class":"SFXSpace","persistentId":"691ec14a-4963-4270-a343-9fbaaf9e6fa8","__parent":"Snapshots","position":[-477.286346,-921.240601,269.382019],"locked":true,"rotationMatrix":[0.847111464,0.531415462,-6.0936145e-11,-0.531415582,0.847111225,-0.000690534827,-0.000366960798,0.000584959285,0.999999762],"scale":[475.92511,182.324951,405.972351],"soundAmbience":"Reverb_IT_Mountains"}
{"name":"Reverb_Mountains_06","class":"SFXSpace","persistentId":"fa25ebb9-6ab1-4dac-bbf4-25e79ec36296","__parent":"Snapshots","position":[-257.106628,-813.02478,269.392212],"locked":true,"rotationMatrix":[0.950670481,0.31020236,7.68523023e-11,-0.310202628,0.950670302,-0.000690534711,-0.000214205575,0.000656470307,0.999999762],"scale":[45.1304779,149.901749,405.972351],"soundAmbience":"Reverb_IT_Mountains"}
{"name":"Reverb_Mountains_07","class":"SFXSpace","persistentId":"ad43b3b0-462b-4150-a002-4c2fcef7446a","__parent":"Snapshots","position":[-243.950821,-919.490112,343.77124],"locked":true,"rotationMatrix":[0.950670481,0.31020236,7.68523023e-11,-0.310202628,0.950670302,-0.000690534711,-0.000214205575,0.000656470307,0.999999762],"scale":[45.1304779,90.1455688,224.55368],"soundAmbience":"Reverb_IT_Mountains"}
{"name":"Reverb_Mountains_08","class":"SFXSpace","persistentId":"2d482833-2013-4738-be8f-32e8863bfd32","__parent":"Snapshots","position":[-804.622864,-952.305786,309.806824],"locked":true,"rotationMatrix":[0.847111464,0.531415462,-6.0936145e-11,-0.531415582,0.847111225,-0.000690534827,-0.000366960798,0.000584959285,0.999999762],"scale":[312.574219,130.411697,405.972351],"soundAmbience":"Reverb_IT_Mountains"}
{"name":"Reverb_Town_Castle_01","class":"SFXSpace","persistentId":"bd664736-bcd3-4437-aa1d-47e45db6f290","__parent":"Snapshots","position":[-1127.50037,719.09137,368.577057],"locked":true,"rotationMatrix":[1,0,0,0,0.999999762,-0.000690533896,0,0.000690533896,0.999999762],"scale":[89.0306015,73.270752,45.6118965],"soundAmbience":"Reverb_IT_Towns"}
{"name":"Reverb_Town_Castle_02","class":"SFXSpace","persistentId":"a2724abd-529d-4f40-b917-a70ee9233c2a","__parent":"Snapshots","position":[-1165.34265,708.219421,367.387665],"locked":true,"rotationMatrix":[1,0,0,0,0.999999762,-0.000690533896,0,0.000690533896,0.999999762],"scale":[53.3244362,48.6978569,45.6118965],"soundAmbience":"Reverb_IT_Towns"}
{"name":"Reverb_Town_Castle_03","class":"SFXSpace","persistentId":"c75df94d-cb5e-4482-9c04-cae9dbf74b4b","__parent":"Snapshots","position":[-1062.49878,788.839905,366.139069],"locked":true,"rotationMatrix":[0.995410264,-0.0956993103,-1.8189894e-11,0.0956992954,0.995410025,-0.000690533605,6.60836158e-05,0.000687364431,0.999999762],"scale":[53.3244362,208.176514,93.1000748],"soundAmbience":"Reverb_IT_Towns"}
{"name":"Reverb_Town_Castle_04","class":"SFXSpace","persistentId":"5a4e3da3-60e7-43f3-be0f-5b21c3871b43","__parent":"Snapshots","position":[-1018.72333,911.377502,386.208221],"locked":true,"rotationMatrix":[1,0,0,0,0.999999762,-0.000690533896,0,0.000690533896,0.999999762],"scale":[149.260925,156.679626,80.2443619],"soundAmbience":"Reverb_IT_Towns"}
{"name":"Reverb_Town_Castle_05","class":"SFXSpace","persistentId":"dfc7d0fd-56f2-45cc-b298-48f229d439d8","__parent":"Snapshots","position":[-1039.4447,1014.01025,400.223297],"locked":true,"rotationMatrix":[1,0,0,0,0.999999762,-0.000690533896,0,0.000690533896,0.999999762],"scale":[105.687851,59.0150261,80.2443619],"soundAmbience":"Reverb_IT_Towns"}
{"name":"Reverb_Town_Generic_02","class":"SFXSpace","persistentId":"20d02711-ae1e-4668-aafc-3a4a4e1dc9ef","__parent":"Snapshots","position":[458.262299,1373.75,159.17276],"locked":true,"rotationMatrix":[1,0,0,0,0.999999762,-0.000690533896,0,0.000690533896,0.999999762],"scale":[204.332581,193.273911,63.135273],"soundAmbience":"Reverb_IT_Towns"}
{"name":"Reverb_Town_Generic_03","class":"SFXSpace","persistentId":"9413ac15-bdce-48fd-85c1-dff349c7c826","__parent":"Snapshots","position":[621.714539,1304.52612,143.484039],"locked":true,"rotationMatrix":[1,0,0,0,0.999999762,-0.000690533896,0,0.000690533896,0.999999762],"scale":[139.72023,126.500244,63.135273],"soundAmbience":"Reverb_IT_Towns"}
{"name":"Reverb_Town_Generic_04","class":"SFXSpace","persistentId":"c3630b41-bcf3-43aa-b740-ba1581647c84","__parent":"Snapshots","position":[823.654785,1308.21912,148.005096],"locked":true,"rotationMatrix":[1,0,0,0,0.999999762,-0.000690533896,0,0.000690533896,0.999999762],"scale":[307.977295,88.5014191,63.135273],"soundAmbience":"Reverb_IT_Towns"}
{"name":"Reverb_Town_Generic_05","class":"SFXSpace","persistentId":"27bbd43b-2059-44c8-96d4-05a886de6129","__parent":"Snapshots","position":[717.570557,1363.71472,140.919556],"locked":true,"rotationMatrix":[0.884534776,-0.466474622,1.45519152e-10,0.466474503,0.884534538,-0.000690533838,0.000322116422,0.0006108011,0.999999762],"scale":[93.5197296,49.5358009,63.135273],"soundAmbience":"Reverb_IT_Towns"}
{"name":"Reverb_Town_Generic_06","class":"SFXSpace","persistentId":"3550ad5b-cf59-426e-8f00-6f8ee7a6c9eb","__parent":"Snapshots","position":[1045.24121,1307.35291,141.945145],"locked":true,"rotationMatrix":[1,0,0,0,0.999999762,-0.000690533896,0,0.000690533896,0.999999762],"scale":[138.977966,89.7595367,63.135273],"soundAmbience":"Reverb_IT_Towns"}
{"name":"Reverb_Town_Generic_07","class":"SFXSpace","persistentId":"1cf40506-2b0f-4d77-be89-bed208433d4f","__parent":"Snapshots","position":[1171.31079,1300.94824,144.615799],"locked":true,"rotationMatrix":[0.999489784,-0.0319413021,-9.09494702e-13,0.0319412947,0.999489546,-0.000690534187,2.2056558e-05,0.000690181681,0.999999762],"scale":[138.977966,92.6887131,63.135273],"soundAmbience":"Reverb_IT_Towns"}
{"name":"Reverb_Town_Generic_08","class":"SFXSpace","persistentId":"bd0a23d2-9365-45e6-b84e-353f94523ffb","__parent":"Snapshots","position":[1297.58594,1304.70166,156.606476],"locked":true,"rotationMatrix":[0.996791661,0.0800405145,-3.63797881e-12,-0.0800404847,0.996791422,-0.000690534303,-5.52706733e-05,0.000688318396,0.999999762],"scale":[147.371704,88.3459702,63.135273],"soundAmbience":"Reverb_IT_Towns"}
{"name":"Reverb_Town_Generic_09","class":"SFXSpace","persistentId":"9a3c1184-a5b0-4cc3-a86c-a6a80782eb12","__parent":"Snapshots","position":[1320.38354,1362.31824,145.661438],"locked":true,"rotationMatrix":[0.996791661,0.0800405145,-3.63797881e-12,-0.0800404847,0.996791422,-0.000690534303,-5.52706733e-05,0.000688318396,0.999999762],"scale":[104.595123,24.9431076,63.135273],"soundAmbience":"Reverb_IT_Towns"}
{"name":"Reverb_Town_Generic_10","class":"SFXSpace","persistentId":"c34d5433-1ed5-4c78-9aa2-8a0c6de07bb6","__parent":"Snapshots","position":[1307.53992,1252.84119,142.421814],"locked":true,"rotationMatrix":[0.995690763,0.092736356,-2.27373675e-11,-0.0927363262,0.995690525,-0.000690534012,-6.40375874e-05,0.000687558262,0.999999762],"scale":[138.977966,55.2340393,63.135273],"soundAmbience":"Reverb_IT_Towns"}
{"name":"Reverb_Town_Generic_11","class":"SFXSpace","persistentId":"d6820fd1-3754-44fd-91d8-ebcbcb29dca5","__parent":"Snapshots","position":[1199.12549,1214.01636,156.039169],"locked":true,"rotationMatrix":[0.998008907,0.0630742833,-1.63709046e-11,-0.0630742684,0.998008668,-0.000690533838,-4.35549227e-05,0.000689158973,0.999999762],"scale":[161.054138,98.9004974,63.135273],"soundAmbience":"Reverb_IT_Towns"}
{"name":"Reverb_Town_Generic_12","class":"SFXSpace","persistentId":"a113f17b-99ab-4440-a36d-c5a6f47c2fad","__parent":"Snapshots","position":[1139.96118,1132.80835,146.100739],"locked":true,"rotationMatrix":[0.000109968503,1.00000012,-1.42790668e-10,-1,0.000110018998,-0.000690534012,-0.000690534303,7.6048309e-08,0.999999762],"scale":[68.0629654,59.0670395,63.135273],"soundAmbience":"Reverb_IT_Towns"}
{"name":"Reverb_Town_Generic_13","class":"SFXSpace","persistentId":"e627ca75-d766-494d-a710-09979a84ac3b","__parent":"Snapshots","position":[1089.4176,1144.29895,161.542725],"locked":true,"rotationMatrix":[0.203338161,0.979108632,-1.72803993e-10,-0.979108512,0.203338146,-0.000690534071,-0.000676108059,0.00014041207,0.999999762],"scale":[71.3427353,83.9269409,63.135273],"soundAmbience":"Reverb_IT_Towns"}
{"name":"Reverb_Town_Generic_14","class":"SFXSpace","persistentId":"d30ca598-b8a6-4f01-8c52-a5320f7d3384","__parent":"Snapshots","position":[1018.67236,1146.64734,147.604019],"locked":true,"rotationMatrix":[-0.00296406657,0.99999553,-9.27684596e-11,-0.99999541,-0.00296398625,-0.000690533721,-0.000690531044,-2.04668322e-06,0.999999762],"scale":[68.0629654,83.9269409,63.135273],"soundAmbience":"Reverb_IT_Towns"}
{"name":"Reverb_Town_Generic_15","class":"SFXSpace","persistentId":"a9584213-1551-47ba-aae6-949ddd0ece35","__parent":"Snapshots","position":[972.662598,1209.27783,155.194839],"locked":true,"rotationMatrix":[-0.00296406657,0.99999553,-9.27684596e-11,-0.99999541,-0.00296398625,-0.000690533721,-0.000690531044,-2.04668322e-06,0.999999762],"scale":[68.0629654,83.9269409,63.135273],"soundAmbience":"Reverb_IT_Towns"}
{"name":"Reverb_Town_Generic_16","class":"SFXSpace","persistentId":"3b37b150-cbcd-4a70-8e93-5a6636f19762","__parent":"Snapshots","position":[907.746582,1239.20752,164.052689],"locked":true,"rotationMatrix":[0.686744571,0.726899266,-3.97321287e-10,-0.726899147,0.686744511,-0.000690533197,-0.000501948991,0.000474220782,0.999999762],"scale":[68.0629654,150.431213,63.135273],"soundAmbience":"Reverb_IT_Towns"}
{"name":"Reverb_Town_Generic_17","class":"SFXSpace","persistentId":"1b225774-3f6a-496c-840f-1c0a52c2a7f2","__parent":"Snapshots","position":[1041.56543,1236.09827,152.800629],"locked":true,"rotationMatrix":[-0.0298883244,0.999553561,9.7679731e-10,-0.999553382,-0.029888235,-0.000690532732,-0.000690225745,-2.06392288e-05,0.999999762],"scale":[122.74147,208.604736,68.1167297],"soundAmbience":"Reverb_IT_Towns"}
{"name":"Reverb_Town_Generic_18","class":"SFXSpace","persistentId":"1b498555-9fc0-4138-88a4-27c2c9175141","__parent":"Snapshots","position":[1392.16052,1370.84375,138.380432],"locked":true,"rotationMatrix":[0.831274748,0.555861533,-9.64064384e-11,-0.555861413,0.83127445,-0.000690534303,-0.000383841339,0.000574023346,0.999999762],"scale":[52.3536072,24.9431076,63.135273],"soundAmbience":"Reverb_IT_Towns"}
{"name":"Reverb_Town_Large_1","class":"SFXSpace","persistentId":"2ae01aa7-ec3c-4009-af38-3c61a8d1776b","__parent":"Snapshots","position":[329.113678,-762.510498,216.602112],"locked":true,"rotationMatrix":[0.927493453,0.373840153,3.30146577e-10,-0.373840004,0.927493095,-0.00069053506,-0.000258149696,0.000640466111,0.999999762],"scale":[91.1352386,59.6292686,63.135273],"soundAmbience":"Reverb_IT_Towns"}
{"name":"Reverb_Town_Large_10","class":"SFXSpace","persistentId":"f1ad61a3-27d7-4a44-8df3-deecaa5fecff","__parent":"Snapshots","position":[325.747711,-873.117432,259.542053],"locked":true,"rotationMatrix":[-0.832265377,-0.554377615,-5.88897819e-10,0.5543769,-0.832265258,-0.000690533721,0.000382816681,-0.000574707694,0.999999762],"scale":[59.1209068,47.689579,72.5580521],"soundAmbience":"Reverb_IT_Towns"}
{"name":"Reverb_Town_Large_11","class":"SFXSpace","persistentId":"a1c70e35-2162-4e42-943d-7df0912ff6a0","__parent":"Snapshots","position":[378.698883,-860.243042,252.239319],"locked":true,"rotationMatrix":[-0.9791224,0.203270525,-8.46739567e-10,-0.203270912,-0.9791224,-0.000690534653,-0.000140364806,-0.000676117372,0.999999762],"scale":[64.9868927,51.775528,72.5580521],"soundAmbience":"Reverb_IT_Towns"}
{"name":"Reverb_Town_Large_12","class":"SFXSpace","persistentId":"722d4dbf-4451-4577-9ce1-5adc0c32250b","__parent":"Snapshots","position":[218.264114,-773.841125,251.889862],"locked":true,"rotationMatrix":[-0.9791224,0.203270525,-8.46739567e-10,-0.203270912,-0.9791224,-0.000690534653,-0.000140364806,-0.000676117372,0.999999762],"scale":[64.9868927,51.775528,72.5580521],"soundAmbience":"Reverb_IT_Towns"}
{"name":"Reverb_Town_Large_13","class":"SFXSpace","persistentId":"6f9f8882-0a81-4f83-b0a3-c3c27acf7169","__parent":"Snapshots","position":[189.971558,-777.322876,252.904205],"locked":true,"rotationMatrix":[-0.854924738,0.518751144,-6.866685e-10,-0.518751383,-0.854924858,-0.000690535118,-0.000358215126,-0.000590355077,0.999999762],"scale":[35.690567,35.1055145,61.3181992],"soundAmbience":"Reverb_IT_Towns"}
{"name":"Reverb_Town_Large_14","class":"SFXSpace","persistentId":"450648de-c59f-4c7a-85db-a04d6072dbd7","__parent":"Snapshots","position":[337.988403,-809.951416,212.783493],"locked":true,"rotationMatrix":[-0.369162887,0.929363847,-3.32875061e-10,-0.929363966,-0.369163096,-0.000690535235,-0.000641757739,-0.000254919665,0.999999762],"scale":[72.7346344,36.6100159,71.3493195],"soundAmbience":"Reverb_IT_Towns"}
{"name":"Reverb_Town_Large_15","class":"SFXSpace","persistentId":"e6381e62-0984-45cb-b08b-bf382bea2949","__parent":"Snapshots","position":[306.413544,-748.005737,229.239349],"locked":true,"rotationMatrix":[-0.517452836,0.855710685,-3.41060513e-10,-0.855710804,-0.517453074,-0.000690534886,-0.000590897456,-0.000357318902,0.999999762],"scale":[20.333601,55.8258171,71.3493195],"soundAmbience":"Reverb_IT_Towns"}
{"name":"Reverb_Town_Large_16","class":"SFXSpace","persistentId":"60490e98-f8b0-4be3-a5ad-687419730da9","__parent":"Snapshots","position":[271.501068,-843.650452,232.390656],"locked":true,"rotationMatrix":[-0.517452836,0.855710685,-3.41060513e-10,-0.855710804,-0.517453074,-0.000690534886,-0.000590897456,-0.000357318902,0.999999762],"scale":[109.974846,148.934235,100.985886],"soundAmbience":"Reverb_IT_Towns"}
{"name":"Reverb_Town_Large_17","class":"SFXSpace","persistentId":"d0c8c38b-ca1e-4edc-82ba-4e308a3eb373","__parent":"Snapshots","position":[231.314545,-876.120789,239.684845],"locked":true,"rotationMatrix":[-0.999994218,-0.00314128469,-6.78937795e-10,0.00314079039,-0.999994338,-0.000690534886,2.16936951e-06,-0.000690530578,0.999999762],"scale":[83.4271088,189.686844,100.985886],"soundAmbience":"Reverb_IT_Towns"}
{"name":"Reverb_Town_Large_2","class":"SFXSpace","persistentId":"378e027a-e151-43c4-ab8c-7281c6498a85","__parent":"Snapshots","position":[269.495819,-780.757751,236.160995],"locked":true,"rotationMatrix":[0.996257246,0.0864408538,5.1841198e-10,-0.0864407197,0.996256948,-0.000690534944,-5.9690552e-05,0.000687950174,0.999999762],"scale":[91.1352386,59.6292686,72.5580521],"soundAmbience":"Reverb_IT_Towns"}
{"name":"Reverb_Town_Large_3","class":"SFXSpace","persistentId":"c8129fb5-4f54-496c-99d7-f9ee6e09c0b8","__parent":"Snapshots","position":[177.949432,-825.325867,254.689178],"locked":true,"rotationMatrix":[0.075064078,0.997178972,-2.99223757e-10,-0.997178972,0.0750635415,-0.000690535293,-0.000688586908,5.18342567e-05,0.999999762],"scale":[91.1352386,59.6292686,72.5580521],"soundAmbience":"Reverb_IT_Towns"}
{"name":"Reverb_Town_Large_4","class":"SFXSpace","persistentId":"529d4b95-18c0-4030-96b4-2234627f9655","__parent":"Snapshots","position":[173.542404,-901.203369,254.603271],"locked":true,"rotationMatrix":[0.075064078,0.997178972,-2.99223757e-10,-0.997178972,0.0750635415,-0.000690535293,-0.000688586908,5.18342567e-05,0.999999762],"scale":[91.1352386,59.6292686,72.5580521],"soundAmbience":"Reverb_IT_Towns"}
{"name":"Reverb_Town_Large_5","class":"SFXSpace","persistentId":"acbff6eb-8342-4834-89d1-029322b28de1","__parent":"Snapshots","position":[188.333618,-954.020569,256.596527],"locked":true,"rotationMatrix":[-0.727400064,0.686213732,-1.58252078e-10,-0.68621397,-0.727400184,-0.00069053442,-0.000473854307,-0.000502294744,0.999999762],"scale":[91.1352386,61.7330208,72.5580521],"soundAmbience":"Reverb_IT_Towns"}
{"name":"Reverb_Town_Large_6","class":"SFXSpace","persistentId":"c0c7a697-4acc-437a-aecc-510cb8dbcd69","__parent":"Snapshots","position":[220.199982,-989.288208,257.788025],"locked":true,"rotationMatrix":[-0.993557811,-0.113328546,1.34605216e-10,0.113328047,-0.99355787,-0.000690535409,7.8257428e-05,-0.000686086365,0.999999762],"scale":[35.6998901,34.1364403,72.5580521],"soundAmbience":"Reverb_IT_Towns"}
{"name":"Reverb_Town_Large_7","class":"SFXSpace","persistentId":"860fbc78-feb8-48f3-b189-078c3b9461f7","__parent":"Snapshots","position":[251.694244,-976.549194,251.889771],"locked":true,"rotationMatrix":[-0.810978889,-0.58507663,3.54702934e-11,0.585075974,-0.810978591,-0.000690535177,0.00040401594,-0.00056000828,0.999999762],"scale":[50.8249741,34.1364403,72.5580521],"soundAmbience":"Reverb_IT_Towns"}
{"name":"Reverb_Town_Large_8","class":"SFXSpace","persistentId":"059cb8de-7c23-4c93-b6c8-8c275b96479a","__parent":"Snapshots","position":[271.272217,-940.117676,252.915222],"locked":true,"rotationMatrix":[-0.339868218,-0.940473557,-6.46650733e-10,0.940473318,-0.339867741,-0.000690534478,0.00064942945,-0.000234690131,0.999999762],"scale":[59.1209068,32.1956635,72.5580521],"soundAmbience":"Reverb_IT_Towns"}
{"name":"Reverb_Town_Large_9","class":"SFXSpace","persistentId":"ead13f8f-f7da-4d47-b047-51cbd8ae5c28","__parent":"Snapshots","position":[290.222473,-892.403381,249.425476],"locked":true,"rotationMatrix":[-0.656018436,-0.754745603,-6.62112143e-10,0.754745126,-0.656018078,-0.000690534594,0.000521178008,-0.000453003129,0.999999762],"scale":[59.1209068,47.689579,72.5580521],"soundAmbience":"Reverb_IT_Towns"}
{"name":"Reverb_Town_Small_01","class":"SFXSpace","persistentId":"8f7984d7-8f56-498e-91f5-813d1658c2f6","__parent":"Snapshots","position":[-492.928253,711.163086,297.269257],"locked":true,"rotationMatrix":[1,0,0,0,0.999999762,-0.000690533896,0,0.000690533896,0.999999762],"scale":[46.4722481,35.2934494,36.3298721],"soundAmbience":"Reverb_IT_Towns"}
{"name":"Reverb_Town_Small_02","class":"SFXSpace","persistentId":"7d28a7c7-da4c-418a-89c2-1d56cb64110b","__parent":"Snapshots","position":[157.069183,-378.537994,188.97641],"locked":true,"rotationMatrix":[0.999990582,-0.00435943063,2.3010216e-10,0.0043594772,0.999990284,-0.000690534245,3.01016962e-06,0.000690527319,0.999999762],"scale":[84.5044403,76.3132019,63.135273],"soundAmbience":"Reverb_IT_Towns"}
{"name":"Reverb_Town_Small_1","class":"SFXSpace","persistentId":"ade0f8dd-7de1-499b-b00c-b67c647677a0","__parent":"Snapshots","position":[1078.77087,-583.402588,147.067642],"locked":true,"rotationMatrix":[0.998113453,0.0613986291,1.90084393e-10,-0.0613985695,0.998113155,-0.000690534362,-4.23979909e-05,0.000689231092,0.999999762],"scale":[99.0433502,102.557625,63.135273],"soundAmbience":"Reverb_IT_Towns"}
{"name":"Reverb_Town_Small_2","class":"SFXSpace","persistentId":"f05dd3b4-f7e2-4f7a-93a5-15c86de56354","__parent":"Snapshots","position":[1088.74963,-516.864502,144.545914],"locked":true,"rotationMatrix":[0.999988079,-0.00487480965,2.25554686e-10,0.00487488694,0.999987781,-0.000690534187,3.366089e-06,0.000690526329,0.999999762],"scale":[68.9598007,78.8546066,63.135273],"soundAmbience":"Reverb_IT_Towns"}
{"name":"Reverb_Town_Small_3","class":"SFXSpace","persistentId":"8f0d553c-416d-4441-9998-0ad9792eeb9f","__parent":"Snapshots","position":[1097.60229,-690.3078,141.523392],"locked":true,"rotationMatrix":[0.999988079,-0.00487480965,2.25554686e-10,0.00487488694,0.999987781,-0.000690534187,3.366089e-06,0.000690526329,0.999999762],"scale":[105.472885,119.185097,63.135273],"soundAmbience":"Reverb_IT_Towns"}
{"name":"Reverb_Town_Small_4","class":"SFXSpace","persistentId":"29d34d7b-2bd6-4a19-a22b-9c498f11c088","__parent":"Snapshots","position":[1101.44153,-775.25946,133.130386],"locked":true,"rotationMatrix":[0.999988079,-0.00487480965,2.25554686e-10,0.00487488694,0.999987781,-0.000690534187,3.366089e-06,0.000690526329,0.999999762],"scale":[99.7449722,63.3881264,63.135273],"soundAmbience":"Reverb_IT_Towns"}
