{"class":"TSStatic","persistentId":"002c22e4-6f7c-4b73-be91-848e975890f4","__parent":"rocks_trail","position":[-194.13121,-65.7403488,31.2491245],"isRenderEnabled":false,"rotationMatrix":[0.971680164,0,-0.236297369,0,1,0,0.236297369,0,0.971680164],"shapeName":"/levels/hirochi_raceway/art/shapes/rocks/eca_rock_medium_1.dae"}
{"class":"TSStatic","persistentId":"00b1850d-f159-4204-beb6-1509c461d41f","__parent":"rocks_trail","position":[-253.958466,-164.507065,40.1293335],"isRenderEnabled":false,"rotationMatrix":[0.527095914,0.845540762,-0.085020937,-0.669911623,0.474987745,0.570617795,0.522865057,-0.243813515,0.816802144],"shapeName":"/levels/hirochi_raceway/art/shapes/rocks/eca_rock_big_narrow.dae"}
{"class":"TSStatic","persistentId":"018ed38b-ce35-4113-b64c-9486b2ae72a8","__parent":"rocks_trail","position":[-256.717682,-158.113098,41.6585426],"isRenderEnabled":false,"rotationMatrix":[0.307378739,0.951587141,0,-0.951587141,0.307378739,0,0,0,1],"shapeName":"/levels/hirochi_raceway/art/shapes/rocks/eca_rock_medium_2.dae"}
{"class":"TSStatic","persistentId":"0340c957-36ca-468a-b657-f43e3178ea0d","__parent":"rocks_trail","position":[-258.61499,-75.5895081,40.6101532],"isRenderEnabled":false,"shapeName":"/levels/hirochi_raceway/art/shapes/rocks/eca_rock_medium_1.dae"}
{"class":"TSStatic","persistentId":"042663f0-be0e-403b-a06b-a9e0777416f9","__parent":"rocks_trail","position":[-259.655243,-156.779266,42.0882034],"isRenderEnabled":false,"shapeName":"/levels/hirochi_raceway/art/shapes/rocks/eca_rock_small_5.dae"}
{"class":"TSStatic","persistentId":"06267a95-e0d4-4cc3-95f8-f401ec426894","__parent":"rocks_trail","position":[-237.097672,-83.884285,34.8765907],"isRenderEnabled":false,"rotationMatrix":[0.269100636,0.921482921,-0.280090868,-0.867629588,0.358191311,0.344843477,0.41809383,0.150217652,0.895897388],"shapeName":"/levels/hirochi_raceway/art/shapes/rocks/eca_rock_medium_1.dae"}
{"class":"TSStatic","persistentId":"068a5322-47a1-4a60-98c5-dd65abe523e1","__parent":"rocks_trail","position":[-135.26857,-99.1854019,29.2148285],"isRenderEnabled":false,"rotationMatrix":[0.984581769,-0.0420002602,0.16979225,-0.0567723662,-0.994922638,0.0831036866,0.165438801,-0.0914609656,-0.981969118],"shapeName":"/levels/hirochi_raceway/art/shapes/rocks/eca_rock_big_narrow.dae"}
{"class":"TSStatic","persistentId":"087f384d-94a5-42b4-8f03-00a6392cc86d","__parent":"rocks_trail","position":[-142.160599,-94.2798767,29.6278],"isRenderEnabled":false,"rotationMatrix":[0.988734245,0,-0.149681836,0,1,0,0.149681836,0,0.988734245],"shapeName":"/levels/hirochi_raceway/art/shapes/rocks/eca_rock_medium_2.dae"}
{"class":"TSStatic","persistentId":"0a03f843-ed06-4c35-9886-0183fb45826a","__parent":"rocks_trail","position":[-217.15799,-173.803162,36.9284744],"isRenderEnabled":false,"shapeName":"/levels/hirochi_raceway/art/shapes/rocks/eca_rock_medium_1.dae"}
{"class":"TSStatic","persistentId":"0d167b9e-42d0-4931-86ce-aa8067d7cee7","__parent":"rocks_trail","position":[-154.633606,-126.081009,37.570755],"isRenderEnabled":false,"rotationMatrix":[0.954131663,0.0106681567,-0.2991952,0.0625283495,0.970222771,0.233997121,0.292782247,-0.241972059,0.925054491],"shapeName":"/levels/hirochi_raceway/art/shapes/rocks/eca_rock_big_narrow.dae"}
{"class":"TSStatic","persistentId":"0dafb0df-9ee3-44be-91a0-ac603fa25a85","__parent":"rocks_trail","position":[-247.842148,-49.9401474,31.3591118],"isRenderEnabled":false,"rotationMatrix":[0.87896359,0,-0.476889491,0,1,0,0.476889491,0,0.87896359],"shapeName":"/levels/hirochi_raceway/art/shapes/rocks/eca_rock_medium_1.dae"}
{"class":"TSStatic","persistentId":"0e232c9d-10e9-4f46-9827-1584a9957bb6","__parent":"rocks_trail","position":[-230.819458,-119.436333,32.9813118],"isRenderEnabled":false,"rotationMatrix":[0.724597752,0.689172387,0,-0.689172387,0.724597752,0,0,0,1],"shapeName":"/levels/hirochi_raceway/art/shapes/rocks/eca_rock_medium_2.dae"}
{"class":"TSStatic","persistentId":"0f4f2e8a-7cc5-4081-82b1-66e6c23d3691","__parent":"rocks_trail","position":[-214.092896,-54.8691406,28.1462994],"isRenderEnabled":false,"rotationMatrix":[0.1148341,-0.315755814,-0.941865206,-0.907284617,0.352770209,-0.228882357,0.404533446,0.880824924,-0.245970204],"shapeName":"/levels/hirochi_raceway/art/shapes/rocks/eca_rock_medium_1.dae"}
{"class":"TSStatic","persistentId":"0ffd5f5a-6ab1-46a8-8d56-62cf3bc8d396","__parent":"rocks_trail","position":[-259.326752,-154.41214,41.8588066],"isRenderEnabled":false,"rotationMatrix":[1,0,0,0,-0.999789536,-0.0205900539,0,0.0205900539,-0.999789536],"shapeName":"/levels/hirochi_raceway/art/shapes/rocks/eca_rock_small_3.dae"}
{"class":"TSStatic","persistentId":"106f1ebf-86b6-41d1-b117-c5c95a53ee00","__parent":"rocks_trail","position":[-252.963791,-60.2074051,33.7018509],"isRenderEnabled":false,"rotationMatrix":[0.835677147,-0.528017581,0.151133955,0.549221039,0.803413987,-0.229960635,2.81528258e-08,0.27517876,0.961392999],"shapeName":"/levels/hirochi_raceway/art/shapes/rocks/eca_rock_medium_1.dae"}
{"class":"TSStatic","persistentId":"1122cbdd-8abe-46b7-b43a-93489870fda2","__parent":"rocks_trail","position":[-160.445572,-195.194763,36.1115379],"isRenderEnabled":false,"rotationMatrix":[0.842893302,-0.538081467,6.75208867e-09,0.537810385,0.842468441,-0.0317347385,0.0170758776,0.0267490074,0.999496341],"shapeName":"/levels/hirochi_raceway/art/shapes/rocks/eca_rock_medium_1.dae"}
{"class":"TSStatic","persistentId":"114cf317-a582-4ace-b8ac-d8ff64eabf12","__parent":"rocks_trail","position":[-144.98555,-113.67704,32.4898415],"isRenderEnabled":false,"rotationMatrix":[0.978715539,-0.205224544,-3.13957571e-08,0.18485491,0.881574512,-0.43434459,0.0891380236,0.425099492,0.900746465],"shapeName":"/levels/hirochi_raceway/art/shapes/rocks/eca_rock_big_narrow.dae"}
{"class":"TSStatic","persistentId":"11bf79b3-ad3b-42d0-a638-ea833410629d","__parent":"rocks_trail","position":[-170.47319,-132.914978,37.2612305],"isRenderEnabled":false,"rotationMatrix":[0.469926387,0.517254829,-0.715273857,-0.5282619,0.813989818,0.241580099,0.707184076,0.264326692,0.655761182],"shapeName":"/levels/hirochi_raceway/art/shapes/rocks/eca_rock_big_narrow.dae"}
{"class":"TSStatic","persistentId":"12f0fb68-cd9f-4a71-8a1f-49022ae900fd","__parent":"rocks_trail","position":[-249.007217,-45.4795303,31.4057217],"isRenderEnabled":false,"rotationMatrix":[-0.179256618,-0.983802915,0,0.983802915,-0.179256618,0,0,0,1],"shapeName":"/levels/hirochi_raceway/art/shapes/rocks/eca_rock_medium_1.dae"}
{"class":"TSStatic","persistentId":"1426a628-e4cd-4999-8b24-008613fb06ea","__parent":"rocks_trail","position":[-245.811722,-176.754776,38.615078],"isRenderEnabled":false,"rotationMatrix":[0.73699826,0.675893843,0,-0.675893843,0.73699826,0,0,0,1],"shapeName":"/levels/hirochi_raceway/art/shapes/rocks/eca_rock_big_narrow.dae"}
{"class":"TSStatic","persistentId":"17ece516-ecc7-4fef-b02b-69adc6f4f307","__parent":"rocks_trail","position":[-255.804062,-77.2329636,39.9325066],"isRenderEnabled":false,"rotationMatrix":[0.312153637,0.919374824,-0.239390895,-0.729539096,0.39338088,0.559485018,0.608547926,-1.61831792e-07,0.793515384],"shapeName":"/levels/hirochi_raceway/art/shapes/rocks/eca_rock_big_narrow.dae"}
{"class":"TSStatic","persistentId":"1a1dcffa-5626-49af-b1b0-02b2d13770ce","__parent":"rocks_trail","position":[-243.624115,-165.532486,37.1016617],"isRenderEnabled":false,"rotationMatrix":[0.830041349,0.554684281,-0.0579375625,-0.553114712,0.832056463,0.0417722538,0.0713775754,-0.0026265136,0.997445583],"shapeName":"/levels/hirochi_raceway/art/shapes/rocks/eca_rock_medium_1.dae"}
{"class":"TSStatic","persistentId":"1a48f78b-9675-4bee-80f6-01312ce4c24c","__parent":"rocks_trail","position":[-141.998932,-91.4488907,29.0123901],"isRenderEnabled":false,"rotationMatrix":[0.789180696,0.0444358215,-0.612550378,-0.0994586423,0.993460834,-0.0560699701,0.606053054,0.105172932,0.788439631],"shapeName":"/levels/hirochi_raceway/art/shapes/rocks/eca_rock_big_narrow.dae"}
{"class":"TSStatic","persistentId":"1fc804b3-c8a3-498a-9048-17d4ba6dee3b","__parent":"rocks_trail","position":[-186.159546,-74.6764984,30.9925652],"isRenderEnabled":false,"rotationMatrix":[0.968010664,0,-0.250907719,0,1,0,0.250907719,0,0.968010664],"shapeName":"/levels/hirochi_raceway/art/shapes/rocks/eca_rock_big_wide.dae"}
{"class":"TSStatic","persistentId":"24c71934-e40d-4114-8ed9-c8f209bf80e4","__parent":"rocks_trail","position":[-154.111816,-144.890564,33.9439545],"isRenderEnabled":false,"rotationMatrix":[0.747010052,-0.221546009,-0.626812935,0.284336329,0.958724201,1.2665987e-07,0.600940824,-0.178225353,0.779170394],"shapeName":"/levels/hirochi_raceway/art/shapes/rocks/eca_rock_big_narrow.dae"}
{"class":"TSStatic","persistentId":"24d65061-d342-41bf-a554-fd158b43f5e0","__parent":"rocks_trail","position":[-199.868179,-176.017273,35.9424057],"isRenderEnabled":false,"rotationMatrix":[0.0722267404,-0.933707416,0.350677848,-0.953681767,-0.167594522,-0.249809414,0.292020977,-0.316392422,-0.902562439],"shapeName":"/levels/hirochi_raceway/art/shapes/rocks/eca_rock_medium_1.dae"}
{"class":"TSStatic","persistentId":"25384a3f-7045-44e6-b7aa-39e8d13f7c00","__parent":"rocks_trail","position":[-180.331757,-74.4654388,30.1288395],"isRenderEnabled":false,"rotationMatrix":[0.97067982,-0.230032563,0.0697631463,0.240378827,0.928900957,-0.281712681,3.47863036e-08,0.290222138,0.95695895],"shapeName":"/levels/hirochi_raceway/art/shapes/rocks/eca_rock_big_wide.dae"}
{"class":"TSStatic","persistentId":"255fa943-3dba-463e-b7a5-232551770ee0","__parent":"rocks_trail","position":[-240.512863,-135.794113,34.0341339],"isRenderEnabled":false,"rotationMatrix":[1,0,0,0,0.952058256,-0.30591467,0,0.30591467,0.952058256],"shapeName":"/levels/hirochi_raceway/art/shapes/rocks/eca_rock_big_narrow.dae"}
{"class":"TSStatic","persistentId":"275f7fb8-9ff9-44fa-a240-adf1fe08d6ef","__parent":"rocks_trail","position":[-244.748154,-154.420731,35.6317139],"isRenderEnabled":false,"rotationMatrix":[0.797533095,-0.0776839927,-0.59825182,1.3737008e-07,0.991673887,-0.128770292,0.603274703,0.102698803,0.790893674],"shapeName":"/levels/hirochi_raceway/art/shapes/rocks/eca_rock_big_narrow.dae"}
{"class":"TSStatic","persistentId":"27715f8e-259c-49aa-8201-202773aa2ff9","__parent":"rocks_trail","position":[-223.796661,-104.620773,32.2655563],"isRenderEnabled":false,"rotationMatrix":[0.868962049,0,-0.494878918,0,1,0,0.494878918,0,0.868962049],"shapeName":"/levels/hirochi_raceway/art/shapes/rocks/eca_rock_big_narrow.dae"}
{"class":"TSStatic","persistentId":"282a001d-9549-4d4e-a7f2-e57d01525b2d","__parent":"rocks_trail","position":[-248.50116,-170.786743,38.092411],"isRenderEnabled":false,"rotationMatrix":[0.539363742,0.312205583,-0.782059014,-0.500967979,0.865465939,2.33761966e-07,0.676845729,0.391785622,0.623206198],"shapeName":"/levels/hirochi_raceway/art/shapes/rocks/eca_rock_medium_1.dae"}
{"class":"TSStatic","persistentId":"28590af5-5dd7-4cad-8aca-fe1cabb3d9c7","__parent":"rocks_trail","position":[-219.598434,-159.794998,35.5909386],"isRenderEnabled":false,"rotationMatrix":[-0.239762112,-0.717600942,-0.653882563,0.659232378,-0.61477977,0.432963699,-0.71268934,-0.327252448,0.620467305],"shapeName":"/levels/hirochi_raceway/art/shapes/rocks/eca_rock_big_narrow.dae"}
{"class":"TSStatic","persistentId":"2a7e39bd-32d8-4999-b577-3ef93c945b79","__parent":"rocks_trail","position":[-176.032471,-173.568604,36.9375038],"isRenderEnabled":false,"rotationMatrix":[0.718503833,-0.65925622,-0.221659496,0.677724063,0.735245585,0.0100668315,0.156338662,-0.157457188,0.975071311],"shapeName":"/levels/hirochi_raceway/art/shapes/rocks/eca_rock_medium_1.dae"}
{"class":"TSStatic","persistentId":"2b038975-155a-42b1-97b3-2bc582c4949e","__parent":"rocks_trail","position":[-162.933334,-77.8601227,29.3683548],"isRenderEnabled":false,"rotationMatrix":[0.288218409,0.829199314,-0.478914022,-0.927034974,0.366909832,0.0773689449,0.239872769,0.421670884,0.874445975],"shapeName":"/levels/hirochi_raceway/art/shapes/rocks/eca_rock_big_narrow.dae"}
{"class":"TSStatic","persistentId":"2cf0c9ac-d5e8-4620-824a-68477c432350","__parent":"rocks_trail","position":[-160.678345,-197.234711,36.5925293],"isRenderEnabled":false,"rotationMatrix":[0.786334336,-0.600786209,0.143992797,0.617800236,0.764676988,-0.18327336,-1.20139152e-08,0.233073041,0.972458899],"shapeName":"/levels/hirochi_raceway/art/shapes/rocks/eca_rock_big_narrow.dae"}
{"class":"TSStatic","persistentId":"2ff31200-c43c-4e64-8464-b7b49e663b94","__parent":"rocks_trail","position":[-198.339172,-165.672729,36.9168663],"isRenderEnabled":false,"rotationMatrix":[0.352674276,0.896729589,-0.267392486,-0.714566886,0.442581296,0.541773319,0.604166925,1.52097215e-08,0.796859026],"shapeName":"/levels/hirochi_raceway/art/shapes/rocks/eca_rock_medium_2.dae"}
{"class":"TSStatic","persistentId":"321ec8f5-4fe6-4509-b1e0-5741804301ef","__parent":"rocks_trail","position":[-252.792877,-87.6163559,39.8827209],"isRenderEnabled":false,"rotationMatrix":[0.442843348,0.878611028,-0.178693131,-0.814779043,0.477537185,0.328774244,0.374197394,-2.28032668e-08,0.927349448],"shapeName":"/levels/hirochi_raceway/art/shapes/rocks/eca_rock_big_narrow.dae"}
{"class":"TSStatic","persistentId":"340c3211-dc83-4bfa-9ecd-cf668e700545","__parent":"rocks_trail","position":[-219.277405,-109.463799,33.8645515],"isRenderEnabled":false,"rotationMatrix":[0.0226691216,0.999685943,0.010711574,-0.903861821,0.0250724331,-0.427091032,-0.4272255,-3.18811688e-09,0.904145777],"shapeName":"/levels/hirochi_raceway/art/shapes/rocks/eca_rock_medium_1.dae"}
{"class":"TSStatic","persistentId":"37e8c4a1-e45b-40dd-b276-79b310e78dcd","__parent":"rocks_trail","position":[-215.804047,-134.420609,35.6644592],"isRenderEnabled":false,"rotationMatrix":[0.322398037,-0.940200627,-0.109919429,0.889900386,0.340621442,-0.303405255,0.322702676,-1.97736068e-08,0.946500719],"shapeName":"/levels/hirochi_raceway/art/shapes/rocks/eca_rock_big_narrow.dae"}
{"class":"TSStatic","persistentId":"3863cbfd-9cc0-4cab-9db1-004a1fbd93aa","__parent":"rocks_trail","position":[-245.21051,-135.539215,33.3679466],"isRenderEnabled":false,"shapeName":"/levels/hirochi_raceway/art/shapes/rocks/eca_rock_medium_2.dae"}
{"class":"TSStatic","persistentId":"39d851c4-0003-4247-bbe0-c6321c0e0ed9","__parent":"rocks_trail","position":[-243.341812,-137.254807,33.5000534],"isRenderEnabled":false,"shapeName":"/levels/hirochi_raceway/art/shapes/rocks/eca_rock_medium_2.dae"}
{"class":"TSStatic","persistentId":"3e74bb41-8abe-4712-abfd-422fae8d641d","__parent":"rocks_trail","position":[-198.500168,-65.0409927,31.4389458],"isRenderEnabled":false,"rotationMatrix":[-0.12541239,-0.803387165,0.582096338,0.992093563,-0.0987723246,0.0774249062,-0.00470821699,0.587204576,0.809424341],"shapeName":"/levels/hirochi_raceway/art/shapes/rocks/eca_rock_big_narrow.dae"}
{"class":"TSStatic","persistentId":"3f5c8b03-56ff-4135-9bf6-c4b1d2bda38d","__parent":"rocks_trail","position":[-275.247498,-113.655052,43.1551552],"isRenderEnabled":false,"rotationMatrix":[0.000363797415,-0.935628593,0.352985799,0.999999344,0.000340379134,-0.00012841537,9.07784958e-11,0.352985591,0.935629189],"shapeName":"/levels/hirochi_raceway/art/shapes/rocks/eca_rock_big_narrow.dae"}
{"class":"TSStatic","persistentId":"40bc5e32-9079-446e-bbf2-9d09e912b171","__parent":"rocks_trail","position":[-255.689392,-152.738861,41.7699013],"isRenderEnabled":false,"rotationMatrix":[-0.993682086,0.021223519,0.11020387,-6.4028427e-10,0.981955767,-0.189109176,-0.112228923,-0.187914446,-0.975752354],"shapeName":"/levels/hirochi_raceway/art/shapes/rocks/eca_rock_big_narrow.dae"}
{"class":"TSStatic","persistentId":"42fef1ab-7dc8-4160-af56-5e007a6d7286","__parent":"rocks_trail","position":[-155.067459,-166.702652,36.9225807],"isRenderEnabled":false,"rotationMatrix":[0.142009825,0.988139153,-0.0584394485,-0.986889422,0.145911112,0.0690082982,0.0767169073,0.0478732511,0.995903373],"shapeName":"/levels/hirochi_raceway/art/shapes/rocks/eca_rock_big_narrow.dae"}
{"class":"TSStatic","persistentId":"44cf01e4-4d85-4d1f-9793-8ea0b0a28bad","__parent":"rocks_trail","position":[-236.166428,-171.031952,37.3956604],"isRenderEnabled":false,"rotationMatrix":[0.342611015,0.614365399,0.710755348,-0.864153683,0.50290066,-0.0181443281,-0.368586451,-0.607984602,0.703206837],"shapeName":"/levels/hirochi_raceway/art/shapes/rocks/eca_rock_medium_1.dae"}
{"class":"TSStatic","persistentId":"4534b4f1-d921-4f99-8d00-27f2969368f7","__parent":"rocks_trail","position":[-220.246078,-74.8292999,31.3399429],"isRenderEnabled":false,"rotationMatrix":[0.963557124,0.267502427,-9.66247171e-09,-0.264368892,0.952269971,-0.152616426,-0.0408252329,0.147054657,0.98828572],"shapeName":"/levels/hirochi_raceway/art/shapes/rocks/eca_rock_big_narrow.dae"}
{"class":"TSStatic","persistentId":"47236381-7639-48db-b5af-70ec6bb88d8d","__parent":"rocks_trail","position":[-210.095825,-155.066528,36.4023399],"isRenderEnabled":false,"rotationMatrix":[0.667521119,-0.153277606,-0.728643119,-0.046110075,-0.985214055,0.165006995,-0.7431615,-0.0765474066,-0.664718747],"scale":[0.925600052,0.925600052,0.925600052],"shapeName":"/levels/hirochi_raceway/art/shapes/rocks/eca_rock_medium_1.dae"}
{"class":"TSStatic","persistentId":"4785207e-75bc-4fde-ac66-6adaefd0c19d","__parent":"rocks_trail","position":[-135.422119,-104.841942,29.6494961],"isRenderEnabled":false,"rotationMatrix":[-0.977344334,0.0988997072,-0.187116325,-0.118631989,-0.988150656,0.0973534286,-0.175270557,0.117344499,0.977503419],"shapeName":"/levels/hirochi_raceway/art/shapes/rocks/eca_rock_big_narrow.dae"}
{"class":"TSStatic","persistentId":"4b1ac7a4-5544-4adb-9fbd-f3d59ab4d505","__parent":"rocks_trail","position":[-198.942932,-204.543777,38.3478622],"isRenderEnabled":false,"rotationMatrix":[0.509241641,0.860624194,0,-0.860624194,0.509241641,0,0,0,1],"shapeName":"/levels/hirochi_raceway/art/shapes/rocks/eca_rock_big_wide.dae"}
{"class":"TSStatic","persistentId":"4b57821d-8797-439f-84f2-5333b3dcf4e2","__parent":"rocks_trail","position":[-221.811737,-74.8801041,31.0597839],"isRenderEnabled":false,"rotationMatrix":[-0.931748092,-0.274508476,0.237678006,-0.282606602,0.959235907,-1.97906047e-08,-0.227989212,-0.0671693385,-0.971342921],"shapeName":"/levels/hirochi_raceway/art/shapes/rocks/eca_rock_medium_1.dae"}
{"class":"TSStatic","persistentId":"4b8f9cc5-582c-4e78-b155-b134affd0a3d","__parent":"rocks_trail","position":[-158.846039,-79.4866562,29.2399693],"isRenderEnabled":false,"rotationMatrix":[0.305392712,0.934081972,-0.184999451,0.950451732,-0.310878217,-0.000665792264,-0.0581334159,-0.175631508,-0.982735693],"shapeName":"/levels/hirochi_raceway/art/shapes/rocks/eca_rock_big_narrow.dae"}
{"class":"TSStatic","persistentId":"4d83923b-4b92-46ad-b280-54b94ef3d6b1","__parent":"rocks_trail","position":[-240.446609,-138.32962,34.3145828],"isRenderEnabled":false,"rotationMatrix":[0.0406529047,0.906306744,0.420660049,-0.998995245,0.0448108651,2.50103767e-07,-0.0188499913,-0.420237899,0.90721792],"shapeName":"/levels/hirochi_raceway/art/shapes/rocks/eca_rock_medium_1.dae"}
{"class":"TSStatic","persistentId":"52483bae-5582-4c04-a8bd-1beef94f254c","__parent":"rocks_trail","position":[-193.838669,-166.375519,35.7472687],"isRenderEnabled":false,"rotationMatrix":[0.768802106,0.516176581,0.377497196,0.587637007,-0.803087592,-0.0986505821,0.252242178,0.297673434,-0.920739949],"shapeName":"/levels/hirochi_raceway/art/shapes/rocks/eca_rock_big_narrow.dae"}
{"class":"TSStatic","persistentId":"52a90b46-a542-4d62-a0c0-6c88627c7c86","__parent":"rocks_trail","position":[-144.342926,-111.592621,31.4308224],"isRenderEnabled":false,"rotationMatrix":[0.999889612,-0.0143740615,-0.00435568299,-0.0108420774,-0.891463697,0.452964216,-0.0103938384,-0.452864975,-0.891519189],"shapeName":"/levels/hirochi_raceway/art/shapes/rocks/eca_rock_big_narrow.dae"}
{"class":"TSStatic","persistentId":"52fd2ca5-d2e3-4bea-a29b-95fca793a7c9","__parent":"rocks_trail","position":[-255.367096,-157.209656,41.4131966],"isRenderEnabled":false,"rotationMatrix":[0.271637678,-0.221820712,0.936487198,0.473592788,0.877911448,0.0705755278,-0.837807417,0.424343407,0.343525857],"shapeName":"/levels/hirochi_raceway/art/shapes/rocks/eca_rock_medium_1.dae"}
{"class":"TSStatic","persistentId":"545f05b4-c6c2-4e36-987d-d693a8f73cda","__parent":"rocks_trail","position":[-276.682281,-100.456947,44.1785698],"isRenderEnabled":false,"rotationMatrix":[0.860324442,0.493624508,0.127190962,-0.509747624,0.833112895,0.214666069,-1.25571393e-08,-0.249517754,0.968370318],"shapeName":"/levels/hirochi_raceway/art/shapes/rocks/eca_rock_medium_1.dae"}
{"class":"TSStatic","persistentId":"59c20ab2-d29a-4bcb-85d7-b6af812f542b","__parent":"rocks_trail","position":[-224.244232,-183.832291,37.6962433],"isRenderEnabled":false,"rotationMatrix":[0.245236561,0.968945324,-0.031685885,-0.960957646,0.247275129,0.124160916,0.128140286,-4.65086547e-09,0.991756439],"shapeName":"/levels/hirochi_raceway/art/shapes/rocks/eca_rock_big_narrow.dae"}
{"class":"TSStatic","persistentId":"5a4ff388-259d-426e-8f4f-31b622831dd4","__parent":"rocks_trail","position":[-165.996643,-124.637421,38.4020538],"isRenderEnabled":false,"rotationMatrix":[0.91806376,0,-0.396432877,0,1,0,0.396432877,0,0.91806376],"shapeName":"/levels/hirochi_raceway/art/shapes/rocks/eca_rock_big_narrow.dae"}
{"class":"TSStatic","persistentId":"5bccdf71-8e3c-44b0-be6d-913c3387aa30","__parent":"rocks_trail","position":[-182.972931,-71.391243,29.9923401],"isRenderEnabled":false,"rotationMatrix":[0.321765125,0.946819246,0,-0.946819246,0.321765125,0,0,0,1],"shapeName":"/levels/hirochi_raceway/art/shapes/rocks/eca_rock_medium_2.dae"}
{"class":"TSStatic","persistentId":"5bd7766e-8ff5-42cc-a87f-e8cd62d2eb3f","__parent":"rocks_trail","position":[-240.060638,-137.180374,33.6166077],"isRenderEnabled":false,"locked":true,"shapeName":"/levels/hirochi_raceway/art/shapes/rocks/eca_rock_big_wide.dae"}
{"class":"TSStatic","persistentId":"5d0836a6-63b6-4f56-a17c-4b55d90856df","__parent":"rocks_trail","position":[-220.980164,-156.272568,35.0475006],"isRenderEnabled":false,"rotationMatrix":[0.554429412,0.49455747,0.669342875,0.831433296,-0.364352107,-0.419483423,0.0364182815,0.78908807,-0.613199651],"shapeName":"/levels/hirochi_raceway/art/shapes/rocks/eca_rock_big_narrow.dae"}
{"class":"TSStatic","persistentId":"5fed62c3-0084-473a-ba9c-fae728071341","__parent":"rocks_trail","position":[-138.190018,-77.2673264,30.3605785],"isRenderEnabled":false,"rotationMatrix":[0.552512944,0.83350414,-8.38190317e-08,-0.831564546,0.55122745,-0.0681761801,-0.056825161,0.0376683064,0.997673273],"shapeName":"/levels/hirochi_raceway/art/shapes/rocks/eca_rock_big_narrow.dae"}
{"class":"TSStatic","persistentId":"60151399-0b6e-4476-bf47-92ff9b52711c","__parent":"rocks_trail","position":[-209.262451,-171.251358,36.2875481],"isRenderEnabled":false,"rotationMatrix":[-0.462671787,-0.750962377,-0.471158504,0.875296831,-0.471289515,-0.108359545,-0.140678138,-0.462538481,0.875367284],"shapeName":"/levels/hirochi_raceway/art/shapes/rocks/eca_rock_big_narrow.dae"}
{"class":"TSStatic","persistentId":"6561d2ec-e2d6-421f-a56e-23f3cc39ea71","__parent":"rocks_trail","position":[-205.541229,-55.9431305,29.0800858],"isRenderEnabled":false,"rotationMatrix":[-0.173921779,-0.953236461,0.247169107,-0.984712958,0.170720652,-0.0344973467,-0.00931229256,-0.249391899,-0.968357861],"shapeName":"/levels/hirochi_raceway/art/shapes/rocks/eca_rock_medium_1.dae"}
{"class":"TSStatic","persistentId":"65ca4709-7cf3-4c7f-8ab8-0f807c12297e","__parent":"rocks_trail","position":[-211.149155,-103.92907,35.0957298],"isRenderEnabled":false,"rotationMatrix":[0.414396793,0.885175347,-0.211514816,-0.910096288,0.403049678,-0.0963097289,-1.17287211e-08,0.23240906,0.972617805],"shapeName":"/levels/hirochi_raceway/art/shapes/rocks/eca_rock_big_narrow.dae"}
{"class":"TSStatic","persistentId":"67281c93-8bf1-432b-8723-db0b7971ebe6","__parent":"rocks_trail","position":[-246.975632,-158.118729,37.6501846],"isRenderEnabled":false,"rotationMatrix":[0.336498559,0.932570219,-0.13069199,-0.869306862,0.360987157,0.337628365,0.362040401,-3.29858807e-08,0.932162285],"shapeName":"/levels/hirochi_raceway/art/shapes/rocks/eca_rock_medium_1.dae"}
{"class":"TSStatic","persistentId":"68177dee-85e7-43ff-a878-60e35be8c080","__parent":"rocks_trail","position":[-250.360718,-168.536362,38.4912643],"isRenderEnabled":false,"rotationMatrix":[0.0818445086,0,-0.99664557,0,1,0,0.99664557,0,0.0818445086],"shapeName":"/levels/hirochi_raceway/art/shapes/rocks/eca_rock_medium_2.dae"}
{"class":"TSStatic","persistentId":"69435e8d-072f-4394-a648-a56e08b3c1c4","__parent":"rocks_trail","position":[-226.559372,-140.260788,35.9936028],"isRenderEnabled":false,"shapeName":"/levels/hirochi_raceway/art/shapes/rocks/eca_rock_medium_1.dae"}
{"class":"TSStatic","persistentId":"6beb8a92-df1d-4b29-81e7-b54501598af2","__parent":"rocks_trail","position":[-252.637878,-63.7611656,34.7370491],"isRenderEnabled":false,"rotationMatrix":[0.796231747,-0.601316035,-0.0665860623,0.5100196,0.726360083,-0.460739255,0.325415611,0.332894772,0.885033667],"shapeName":"/levels/hirochi_raceway/art/shapes/rocks/eca_rock_big_wide.dae"}
{"class":"TSStatic","persistentId":"6c04ca79-8e2a-4a7c-912b-bd535da4b51e","__parent":"rocks_trail","position":[-208.671906,-154.165604,36.2866516],"isRenderEnabled":false,"rotationMatrix":[0.66652,-0.264255881,-0.697079241,-0.325273812,-0.944449961,0.0470164604,-0.670780957,0.195404634,-0.715450525],"shapeName":"/levels/hirochi_raceway/art/shapes/rocks/eca_rock_medium_1.dae"}
{"class":"TSStatic","persistentId":"6e2ba29f-e6cd-4ec6-8563-94834891d604","__parent":"rocks_trail","position":[-226.735336,-107.245735,32.6789742],"isRenderEnabled":false,"rotationMatrix":[0.338230133,0.805864811,0.485985965,-0.941063285,0.289637804,0.174669355,-4.55882052e-08,-0.516422153,0.85633409],"shapeName":"/levels/hirochi_raceway/art/shapes/rocks/eca_rock_medium_1.dae"}
{"class":"TSStatic","persistentId":"6ef1b080-a708-45bb-a0bc-1ca2fc9f6c1e","__parent":"rocks_trail","position":[-161.280609,-148.308029,38.3379135],"isRenderEnabled":false,"shapeName":"/levels/hirochi_raceway/art/shapes/rocks/eca_rock_big_narrow.dae"}
{"class":"TSStatic","persistentId":"6f98982c-af69-4073-87b9-8d7bb9582d68","__parent":"rocks_trail","position":[-153.06517,-140.434921,34.1290054],"isRenderEnabled":false,"rotationMatrix":[0.89127928,-0.286717206,-0.351302236,0.35299933,0.924990952,0.140647724,0.284625888,-0.249366373,0.925638497],"shapeName":"/levels/hirochi_raceway/art/shapes/rocks/eca_rock_big_wide.dae"}
{"class":"TSStatic","persistentId":"6ff5c18f-8ab7-4f2f-8115-023859cd9ed6","__parent":"rocks_trail","position":[-258.665955,-84.3016968,40.0924377],"isRenderEnabled":false,"rotationMatrix":[-0.148384109,0.988928735,0,-0.988928735,-0.148384109,0,0,0,1],"shapeName":"/levels/hirochi_raceway/art/shapes/rocks/eca_rock_medium_1.dae"}
{"class":"TSStatic","persistentId":"71c5cbe3-6af3-4387-a4df-05db51a62080","__parent":"rocks_trail","position":[-263.920776,-156.997208,41.7940063],"isRenderEnabled":false,"rotationMatrix":[0.247708961,-0.952909529,0.174947187,0.0712910444,-0.162157878,-0.984186769,0.966209292,0.256262898,0.027765587],"shapeName":"/levels/hirochi_raceway/art/shapes/rocks/eca_rock_medium_1.dae"}
{"class":"TSStatic","persistentId":"728e9833-2dcb-45d8-97a7-0ba53681d71c","__parent":"rocks_trail","position":[-247.651443,-54.7686195,32.3208351],"isRenderEnabled":false,"rotationMatrix":[1,0,0,0,-0.463830024,-0.885924578,0,0.885924578,-0.463830024],"shapeName":"/levels/hirochi_raceway/art/shapes/rocks/eca_rock_big_narrow.dae"}
{"class":"TSStatic","persistentId":"7ad733b7-1388-47ad-91b9-bc4fddee791c","__parent":"rocks_trail","position":[-145.261566,-112.378357,32.0803986],"isRenderEnabled":false,"shapeName":"/levels/hirochi_raceway/art/shapes/rocks/eca_rock_big_narrow.dae"}
{"class":"TSStatic","persistentId":"7b802354-7ead-47fb-8b45-e40757208499","__parent":"rocks_trail","position":[-242.530045,-179.291016,38.5003204],"isRenderEnabled":false,"shapeName":"/levels/hirochi_raceway/art/shapes/rocks/eca_rock_medium_1.dae"}
{"class":"TSStatic","persistentId":"7f8107f1-7219-4431-b938-bd0f4d231c9c","__parent":"rocks_trail","position":[-250.713242,-165.807388,38.3786659],"isRenderEnabled":false,"shapeName":"/levels/hirochi_raceway/art/shapes/rocks/eca_rock_small.dae"}
{"class":"TSStatic","persistentId":"81093739-c37f-4952-9482-0808ba338731","__parent":"rocks_trail","position":[-265.79187,-147.282669,44.9022522],"isRenderEnabled":false,"rotationMatrix":[0.758756042,0.467962027,0.453099102,-0.609266698,0.26382944,0.747788608,0.230395958,-0.843447626,0.485297233],"shapeName":"/levels/hirochi_raceway/art/shapes/rocks/eca_rock_medium_2.dae"}
{"class":"TSStatic","persistentId":"84bb3eb3-e249-4cd6-9003-e492974bae30","__parent":"rocks_trail","position":[-180.065735,-175.312775,35.6264687],"isRenderEnabled":false,"rotationMatrix":[0.328384578,-0.934561729,0.136962369,0.910310388,0.351822436,0.218074456,-0.251990378,0.0530659892,0.966273963],"shapeName":"/levels/hirochi_raceway/art/shapes/rocks/eca_rock_medium_1.dae"}
{"class":"TSStatic","persistentId":"85ea9c05-9b51-4051-9c4c-ac503dca5b1f","__parent":"rocks_trail","position":[-200.209595,-178.714508,35.9325676],"isRenderEnabled":false,"shapeName":"/levels/hirochi_raceway/art/shapes/rocks/eca_rock_big_narrow.dae"}
{"class":"TSStatic","persistentId":"87adcd53-926a-48b6-8c0b-8c7b66539379","__parent":"rocks_trail","position":[-172.406723,-145.2397,38.829483],"isRenderEnabled":false,"rotationMatrix":[0.383216262,-0.633191586,0.672467113,-0.922388077,-0.224187419,0.314545631,-0.0484102592,-0.740814626,-0.669963539],"shapeName":"/levels/hirochi_raceway/art/shapes/rocks/eca_rock_big_narrow.dae"}
{"class":"TSStatic","persistentId":"89711c15-5a70-4765-929e-0a2f5e0fd502","__parent":"rocks_trail","position":[-165.86673,-126.081841,38.8016396],"isRenderEnabled":false,"rotationMatrix":[-0.0906147808,-0.794774354,-0.600100994,0.850544333,0.251686662,-0.461765617,0.51803714,-0.552255392,0.653185487],"shapeName":"/levels/hirochi_raceway/art/shapes/rocks/eca_rock_medium_1.dae"}
{"class":"TSStatic","persistentId":"89c944b8-facf-4a0a-a44e-903844176f9a","__parent":"rocks_trail","position":[-155.061646,-152.157196,33.8368034],"isRenderEnabled":false,"rotationMatrix":[0.955034018,-0.272883683,0.115948185,0.296495259,0.878978848,-0.373477727,-6.28773833e-09,0.391061902,0.920364141],"shapeName":"/levels/hirochi_raceway/art/shapes/rocks/eca_rock_big_narrow.dae"}
{"class":"TSStatic","persistentId":"8cb63857-2593-4d0d-a228-c4f58a085c8d","__parent":"rocks_trail","position":[-156.52092,-124.679054,38.1072388],"isRenderEnabled":false,"rotationMatrix":[-0.0920973569,0.995747924,0,-0.995747924,-0.0920973569,0,0,0,1],"shapeName":"/levels/hirochi_raceway/art/shapes/rocks/eca_rock_medium_2.dae"}
{"class":"TSStatic","persistentId":"8eb38c1e-5a36-44b5-a717-de30cc33bb6f","__parent":"rocks_trail","position":[-196.993927,-208.20842,37.9720612],"isRenderEnabled":false,"rotationMatrix":[0.297441632,0.944898427,-0.136734754,-0.858527899,0.32736522,0.394667536,0.417682946,-1.83508391e-08,0.908593118],"scale":[1.13377607,1,1],"shapeName":"/levels/hirochi_raceway/art/shapes/rocks/eca_rock_medium_2.dae"}
{"class":"TSStatic","persistentId":"9225c90f-f413-410b-b58f-e94c497bc5a7","__parent":"rocks_trail","position":[-228.43985,-142.551895,35.2679977],"isRenderEnabled":false,"rotationMatrix":[0.954001248,0.243775293,0.174513698,-0.239796236,0.969831347,-0.0438655242,-0.179942191,2.37552307e-08,0.983677328],"shapeName":"/levels/hirochi_raceway/art/shapes/rocks/eca_rock_big_wide.dae"}
{"class":"TSStatic","persistentId":"92a6c2d8-896a-4b6f-9327-e52453b163b4","__parent":"rocks_trail","position":[-260.93689,-158.263702,42.3024292],"isRenderEnabled":false,"rotationMatrix":[0.73047626,0.682938099,0,-0.682938099,0.73047626,0,0,0,1],"shapeName":"/levels/hirochi_raceway/art/shapes/rocks/eca_rock_medium_1.dae"}
{"class":"TSStatic","persistentId":"93adc0b9-7fa6-4a43-bab7-7b11ff735a24","__parent":"rocks_trail","position":[-136.396225,-78.570137,30.4951801],"isRenderEnabled":false,"rotationMatrix":[1,0,0,0,0.615040243,0.788494349,0,-0.788494349,0.615040243],"shapeName":"/levels/hirochi_raceway/art/shapes/rocks/eca_rock_medium_1.dae"}
{"class":"TSStatic","persistentId":"93f1fc0f-2194-490f-a7a2-cb4af6649b3e","__parent":"rocks_trail","position":[-257.650055,-163.595657,42.1501198],"isRenderEnabled":false,"rotationMatrix":[0.858164966,0.499731988,-0.117550001,-0.43014431,0.824924767,0.366706133,0.28022477,-0.264131248,0.922880411],"shapeName":"/levels/hirochi_raceway/art/shapes/rocks/eca_rock_big_narrow.dae"}
{"class":"TSStatic","persistentId":"970c023e-a5ed-4599-a02b-ad0cee6e5544","__parent":"rocks_trail","position":[-219.196045,-107.816162,33.8860893],"isRenderEnabled":false,"shapeName":"/levels/hirochi_raceway/art/shapes/rocks/eca_rock_medium_1.dae"}
{"class":"TSStatic","persistentId":"9726c3a1-e9ab-4c2d-8532-117a281c1727","__parent":"rocks_trail","position":[-197.340317,-176.470154,34.7504883],"isRenderEnabled":false,"rotationMatrix":[-0.320874989,-0.924039304,-0.207822219,-0.934774697,0.27365768,0.226512343,-0.152434275,0.266949594,-0.951576531],"shapeName":"/levels/hirochi_raceway/art/shapes/rocks/eca_rock_big_narrow.dae"}
{"class":"TSStatic","persistentId":"98b5b552-893a-4ebb-9fc4-2a73f8fb297b","__parent":"rocks_trail","position":[-217.569839,-134.775253,36.1992378],"isRenderEnabled":false,"rotationMatrix":[0.143271521,-0.786787212,0.600365281,0.983820856,0.179151461,-4.3772161e-08,-0.107555814,0.590653419,0.799725592],"shapeName":"/levels/hirochi_raceway/art/shapes/rocks/eca_rock_medium_1.dae"}
{"class":"TSStatic","persistentId":"9f2c1bd5-25c6-4463-b851-49ae8d2c9226","__parent":"rocks_trail","position":[-154.062225,-147.778809,33.0777435],"isRenderEnabled":false,"rotationMatrix":[0.992315233,-0.0963806286,-0.0776036829,-0.0858656242,-0.987932622,0.12897788,-0.0890967324,-0.121324144,-0.988607645],"shapeName":"/levels/hirochi_raceway/art/shapes/rocks/eca_rock_big_narrow.dae"}
{"class":"TSStatic","persistentId":"a024eac7-6dc5-456f-b870-95f08892efa0","__parent":"rocks_trail","position":[-175.341751,-68.2867279,28.2284756],"isRenderEnabled":false,"rotationMatrix":[0.287392318,0.957496405,0.0246264841,-0.954000473,0.288445443,-0.0817477554,-0.0853765756,-3.72094844e-09,0.996348739],"shapeName":"/levels/hirochi_raceway/art/shapes/rocks/eca_rock_medium_2.dae"}
{"class":"TSStatic","persistentId":"a0c035e2-6e53-419e-a428-1ea07a38e06c","__parent":"rocks_trail","position":[-245.044052,-52.6495209,30.737051],"isRenderEnabled":false,"rotationMatrix":[0.025503289,0.562870264,-0.826150835,-0.892274916,0.385463893,0.235078409,0.450769961,0.731158912,0.512066126],"shapeName":"/levels/hirochi_raceway/art/shapes/rocks/eca_rock_big_narrow.dae"}
{"class":"TSStatic","persistentId":"a2147e67-62dc-475e-bf05-dfe7d9572b03","__parent":"rocks_trail","position":[-256.450836,-42.6284447,32.6559944],"isRenderEnabled":false,"rotationMatrix":[0.998865843,-4.65661287e-10,0.0476125441,-0.0120812589,0.967272222,0.253453314,-0.0460542887,-0.253741145,0.966175258],"shapeName":"/levels/hirochi_raceway/art/shapes/rocks/eca_rock_big_wide.dae"}
{"class":"TSStatic","persistentId":"a24b97bc-3065-4a0d-9121-7c0bc378f543","__parent":"rocks_trail","position":[-173.375992,-146.093445,39.9609909],"isRenderEnabled":false,"rotationMatrix":[0.791987717,-0.610537291,0,0.610537291,0.791987717,0,0,0,1],"shapeName":"/levels/hirochi_raceway/art/shapes/rocks/eca_rock_medium_1.dae"}
{"class":"TSStatic","persistentId":"a5c2ab03-18a7-44ce-9efc-fc59565ddec6","__parent":"rocks_trail","position":[-259.369873,-155.142456,41.5160637],"isRenderEnabled":false,"rotationMatrix":[0.608110845,0.793765008,0.0117351916,-0.785920382,0.604054213,-0.132090151,-0.111937284,0.071102567,0.991168201],"shapeName":"/levels/hirochi_raceway/art/shapes/rocks/eca_rock_big_wide.dae"}
{"class":"TSStatic","persistentId":"a63f5409-3722-4278-b51d-45093a411ac7","__parent":"rocks_trail","position":[-183.896774,-120.710487,34.9309692],"isRenderEnabled":false,"rotationMatrix":[-0.102205388,-0.992269635,-0.0703940168,0.817194641,-0.124101765,0.562842727,-0.567227662,-4.04382909e-08,0.823561132],"shapeName":"/levels/hirochi_raceway/art/shapes/rocks/eca_rock_medium_2.dae"}
{"class":"TSStatic","persistentId":"a8878015-254d-4f2b-a34c-bcd4f895fa0c","__parent":"rocks_trail","position":[-242.224716,-80.7007751,36.7783775],"isRenderEnabled":false,"rotationMatrix":[0.404545993,0.914075911,-0.0283822492,-0.879788458,0.397466838,0.260754287,0.24962914,-0.0805159956,0.96499449],"shapeName":"/levels/hirochi_raceway/art/shapes/rocks/eca_rock_big_narrow.dae"}
{"class":"TSStatic","persistentId":"a8b2cebf-4448-42eb-a015-95ff801ab0d4","__parent":"rocks_trail","position":[-227.814774,-142.505157,35.6308861],"isRenderEnabled":false,"rotationMatrix":[0.813914299,-0.453731805,0.362861782,0.304192096,0.864926815,0.399209023,-0.494983166,-0.214541957,0.841999233],"shapeName":"/levels/hirochi_raceway/art/shapes/rocks/eca_rock_big_narrow.dae"}
{"class":"TSStatic","persistentId":"a95b5af9-5c9d-48b5-b243-aabbeeaa7b8d","__parent":"rocks_trail","position":[-166.105209,-121.464005,38.3861542],"isRenderEnabled":false,"shapeName":"/levels/hirochi_raceway/art/shapes/rocks/eca_rock_medium_1.dae"}
{"class":"TSStatic","persistentId":"ac2aa958-007f-413f-b478-156fda4774ec","__parent":"rocks_trail","position":[-160.058655,-195.189865,35.5040245],"isRenderEnabled":false,"rotationMatrix":[0.804828584,-0.593208492,0.0188347865,-0.593448758,-0.804789722,0.0114912987,0.00834130682,-0.0204260051,-0.999756575],"shapeName":"/levels/hirochi_raceway/art/shapes/rocks/eca_rock_big_narrow.dae"}
{"class":"TSStatic","persistentId":"ac346c6f-3517-425b-acf5-359bf1a7cc0b","__parent":"rocks_trail","position":[-194.455322,-66.7628021,31.9592781],"isRenderEnabled":false,"rotationMatrix":[-0.250028253,-0.8932935,0.373512238,0.945611119,-0.308191448,-0.104079746,0.208087593,0.327173948,0.92176944],"shapeName":"/levels/hirochi_raceway/art/shapes/rocks/eca_rock_medium_1.dae"}
{"class":"TSStatic","persistentId":"ad0fc140-d566-4ef3-9e66-9f60eb35d885","__parent":"rocks_trail","position":[-241.082764,-54.09132,29.4445782],"isRenderEnabled":false,"rotationMatrix":[-0.00858133193,-0.487593055,0.873025954,0.952564061,-0.269590318,-0.141204327,0.304210603,0.830404639,0.466779649],"shapeName":"/levels/hirochi_raceway/art/shapes/rocks/eca_rock_big_narrow.dae"}
{"class":"TSStatic","persistentId":"afc9c803-c5c3-445d-866a-39080e26e96f","__parent":"rocks_trail","position":[-250.47731,-62.0229836,33.066391],"isRenderEnabled":false,"rotationMatrix":[0.702838004,-0.576419711,-0.416845053,0.333869934,0.784742236,-0.522217631,0.628132045,0.227862075,0.743994892],"shapeName":"/levels/hirochi_raceway/art/shapes/rocks/eca_rock_big_narrow.dae"}
{"class":"TSStatic","persistentId":"b17a1ec6-f7ac-4434-90a9-84b2125fe066","__parent":"rocks_trail","position":[-165.692276,-142.79039,33.8745193],"isRenderEnabled":false,"rotationMatrix":[0.972576022,-0.112899058,0.203316495,0.104610838,0.993198037,0.0510970987,-0.207703233,-0.0284285229,0.977780759],"shapeName":"/levels/hirochi_raceway/art/shapes/rocks/eca_rock_medium_1.dae"}
{"class":"TSStatic","persistentId":"b52c6732-f3e3-4f89-81b8-7536d0ba22c9","__parent":"rocks_trail","position":[-225.740936,-182.752823,38.3535461],"isRenderEnabled":false,"rotationMatrix":[0.0682487562,-0.997667134,0,0.997667134,0.0682487562,0,0,0,1],"shapeName":"/levels/hirochi_raceway/art/shapes/rocks/eca_rock_small.dae"}
{"class":"TSStatic","persistentId":"b68b707f-1590-46fd-a987-048d6589116a","__parent":"rocks_trail","position":[-210.317551,-60.2729034,30.1705265],"isRenderEnabled":false,"rotationMatrix":[0.201058581,0.880245328,-0.42982018,-0.975789666,0.218528941,-0.00891434774,0.0860814005,0.421206892,0.902870238],"shapeName":"/levels/hirochi_raceway/art/shapes/rocks/eca_rock_medium_1.dae"}
