{"class":"TSStatic","persistentId":"ea60a8fe-6c64-4774-9d55-0c583b4c8ba2","__parent":"graffiti_cam","position":[-616.891602,90.1442947,102.508957],"isRenderEnabled":false,"rotationMatrix":[-0.337328434,0.93434751,-0.114907682,-0.00320002437,-0.123199344,-0.992376566,-0.941381395,-0.334389299,0.0445488095],"shapeName":"/levels/west_coast_usa/art/shapes/objects/s_camera_light2.dae","useInstanceRenderData":true}
{"class":"TSStatic","persistentId":"f51a2c93-accf-4685-86ae-23da2280deb7","__parent":"graffiti_cam","position":[-616.861328,90.6489716,102.446213],"isRenderEnabled":false,"rotationMatrix":[-0.337328434,0.93434751,-0.114907682,-0.00320002437,-0.123199344,-0.992376566,-0.941381395,-0.334389299,0.0445488095],"shapeName":"/levels/west_coast_usa/art/shapes/objects/s_camera_elbow.dae","useInstanceRenderData":true}
{"class":"TSStatic","persistentId":"9b5ebe9c-8fd2-43e8-834e-3384fae61a1d","__parent":"graffiti_cam","position":[-616.542786,90.2767639,99.6890411],"decalType":"Visible Mesh Final","isRenderEnabled":false,"rotationMatrix":[0.03507936,0.998773634,-0.0349467918,-0.983926475,0.0283890367,-0.176304668,-0.175096273,0.0405697748,0.983715117],"shapeName":"/levels/west_coast_usa/art/shapes/objects/s_camera_pole.dae","useInstanceRenderData":true}
{"class":"TSStatic","persistentId":"83b06cd0-75c3-4be8-bff4-96a921cb6270","__parent":"graffiti_cam","position":[-617.427246,90.487709,104.589096],"decalType":"Visible Mesh Final","isRenderEnabled":false,"rotationMatrix":[0.583471537,0.809068918,0.0704878718,-0.716360211,0.553611279,-0.424667686,-0.382608294,0.197286814,0.902601123],"shapeName":"/levels/west_coast_usa/art/shapes/objects/s_camera_speed1.dae","useInstanceRenderData":true}
