{"class":"TSStatic","persistentId":"05df7f99-dfd4-4580-8cc1-34a9df863723","__parent":"Clutters","position":[-447.055847,369.655426,28.5066586],"annotation":"OBSTACLES","isRenderEnabled":false,"rotationMatrix":[0.5,-0.866025388,0,0.866025388,0.5,0,0,0,1],"shapeName":"/levels/hirochi_raceway/art/shapes/buildings/hr_loudspeaker.DAE"}
{"class":"TSStatic","persistentId":"073a07c9-e60a-43d5-a822-fab7cff0f49f","__parent":"Clutters","position":[-447.990448,370.215088,25.0872879],"annotation":"OBSTACLES","isRenderEnabled":false,"rotationMatrix":[-0.430870533,0.902414143,0,-0.902068138,-0.430705279,-0.0276912954,-0.0249890164,-0.0119313616,0.999616504],"shapeName":"/levels/hirochi_raceway/art/shapes/buildings/hr_easel.DAE"}
{"class":"TSStatic","persistentId":"091da7fc-a19e-48eb-b862-a42808624015","__parent":"Clutters","position":[-415.552643,287.09375,29.2614021],"annotation":"OBSTACLES","isRenderEnabled":false,"rotationMatrix":[0.499999583,-0.866024673,1.63912773e-07,0.866024852,0.499999702,-2.66453526e-15,2.23517418e-08,4.47034836e-08,0.999999464],"shapeName":"/levels/hirochi_raceway/art/shapes/buildings/hr_loudspeaker.DAE"}
{"class":"TSStatic","persistentId":"11855799-811e-4a53-9432-3e6954a2ad42","__parent":"Clutters","position":[-450.35025,265.081116,36.7560425],"annotation":"OBSTACLES","isRenderEnabled":false,"rotationMatrix":[-0.499999583,0.866024733,-2.98023011e-08,-0.866024733,-0.499999583,-8.8817842e-16,2.23517418e-08,1.49011612e-08,0.999999821],"shapeName":"/levels/hirochi_raceway/art/shapes/buildings/hr_loudspeaker.DAE"}
{"class":"TSStatic","persistentId":"1375182f-d7dc-44ef-943c-734f9288a194","__parent":"Clutters","position":[-310.942841,90.4908295,32.4919243],"annotation":"OBSTACLES","isRenderEnabled":false,"rotationMatrix":[0.600582957,0.799566507,0,-0.799566507,0.600582957,0,0,0,1],"shapeName":"/levels/hirochi_raceway/art/shapes/buildings/hr_boomgate.DAE"}
{"class":"TSStatic","persistentId":"16127e3a-fcba-4742-95b6-1f7185006d1b","__parent":"Clutters","position":[-415.860046,175.24588,29.4159184],"annotation":"OBSTACLES","isRenderEnabled":false,"rotationMatrix":[-0.0810334012,-0.996711195,0,0.996711195,-0.0810334012,0,0,0,1],"shapeName":"/levels/hirochi_raceway/art/shapes/buildings/hr_charging_station.DAE"}
{"class":"TSStatic","persistentId":"18797d81-964a-490e-91c6-e1e95c4d3cc2","__parent":"Clutters","position":[-435.242004,352.026642,25.0619659],"annotation":"OBSTACLES","isRenderEnabled":false,"rotationMatrix":[0.500000119,-0.866025329,0,0.865828693,0.499886602,0.021303555,-0.018449422,-0.010651784,0.999772966],"shapeName":"/levels/hirochi_raceway/art/shapes/buildings/hr_tiretrolley.DAE"}
{"class":"TSStatic","persistentId":"20425ce3-2e6e-4cd7-851b-381c1c1afe94","__parent":"Clutters","position":[-418.438293,325.064819,24.990799],"annotation":"OBSTACLES","isRenderEnabled":false,"rotationMatrix":[0.695364356,0.718657434,0,-0.718657434,0.695364356,0,0,0,1],"shapeName":"/levels/hirochi_raceway/art/shapes/buildings/hr_smalltrolley.DAE"}
{"class":"TSStatic","persistentId":"20718fef-d332-4fbe-9cbd-c0895b10a750","__parent":"Clutters","position":[-425.515656,335.878571,28.5066586],"annotation":"OBSTACLES","isRenderEnabled":false,"rotationMatrix":[0.5,-0.866025388,0,0.866025388,0.5,0,0,0,1],"shapeName":"/levels/hirochi_raceway/art/shapes/buildings/hr_loudspeaker.DAE"}
{"class":"TSStatic","persistentId":"2093c0ee-c3aa-4571-b7a1-b7d09fd00880","__parent":"Clutters","position":[-447.102661,369.217468,25.0792446],"annotation":"OBSTACLES","isRenderEnabled":false,"shapeName":"/levels/hirochi_raceway/art/shapes/buildings/hr_firextinguisher.DAE"}
{"class":"TSStatic","persistentId":"260b4ffc-8357-41a7-8c41-9e85b6e1c342","__parent":"Clutters","position":[-407.858643,304.161407,24.9801636],"annotation":"OBSTACLES","isRenderEnabled":false,"rotationMatrix":[0.866025388,0.5,0,-0.5,0.866025388,0,0,0,1],"shapeName":"/levels/hirochi_raceway/art/shapes/buildings/hr_plasticbarrier.DAE"}
{"class":"TSStatic","persistentId":"260ecaeb-cb76-4191-84fc-c08f1765c061","__parent":"Clutters","position":[-374.252136,247.863678,25.0092163],"annotation":"OBSTACLES","isRenderEnabled":false,"shapeName":"/levels/hirochi_raceway/art/shapes/buildings/hr_metalbin_mod.DAE"}
{"class":"TSStatic","persistentId":"2c513fd7-5833-43ea-adb6-388b414eff4c","__parent":"Clutters","position":[-464.636139,396.446594,25.1552067],"annotation":"OBSTACLES","isRenderEnabled":false,"rotationMatrix":[0.48720479,-0.873287201,0,0.873287201,0.48720479,0,0,0,1],"shapeName":"/levels/hirochi_raceway/art/shapes/buildings/hr_smalltrolley.DAE"}
{"class":"TSStatic","persistentId":"2ead53b8-b278-4b2b-bdff-9eeb1cdd911a","__parent":"Clutters","position":[-445.716156,366.776428,25.3190174],"annotation":"OBSTACLES","isRenderEnabled":false,"rotationMatrix":[1,0,0,0,0.370646775,0.92877388,0,-0.92877388,0.370646775],"shapeName":"/levels/hirochi_raceway/art/shapes/buildings/hr_tire_mod.DAE"}
{"class":"TSStatic","persistentId":"2f0bd7d3-c352-41d1-998c-5f6644ceb6b2","__parent":"Clutters","position":[-439.147736,275.009644,29.2130966],"annotation":"OBSTACLES","isRenderEnabled":false,"rotationMatrix":[0.499999702,-0.866024792,2.980231e-08,0.866024792,0.499999702,-3.10862447e-15,2.23517418e-08,1.49011612e-08,0.999999821],"shapeName":"/levels/hirochi_raceway/art/shapes/buildings/hr_loudspeaker.DAE"}
{"class":"TSStatic","persistentId":"2f45210b-a347-4611-93bc-dbd75c4067ec","__parent":"Clutters","position":[-410.323761,311.977203,26.6000004],"annotation":"OBSTACLES","isRenderEnabled":false,"rotationMatrix":[-0.524726212,0.851270914,0,-0.851270914,-0.524726212,0,0,0,1],"shapeName":"/levels/hirochi_raceway/art/shapes/buildings/hr_firehydrantreel.DAE"}
{"class":"TSStatic","persistentId":"37c1f742-f282-4136-bd59-a261b645aefe","__parent":"Clutters","position":[-411.541779,313.61676,24.9748268],"annotation":"OBSTACLES","isRenderEnabled":false,"rotationMatrix":[0.850206077,0.526449978,0,-0.526450038,0.850206196,0,0,0,1],"shapeName":"/levels/hirochi_raceway/art/shapes/buildings/hr_drum.DAE"}
{"class":"TSStatic","persistentId":"38af9646-b706-4177-be4a-b74a34ccd9fd","__parent":"Clutters","position":[-423.231262,246.958206,26.3949203],"annotation":"OBSTACLES","isRenderEnabled":false,"shapeName":"/levels/hirochi_raceway/art/shapes/buildings/hr_metalbin.DAE"}
{"class":"TSStatic","persistentId":"3c01a601-2d81-46cb-878a-a1701807b409","__parent":"Clutters","position":[-418.975067,325.547791,26.6000004],"annotation":"OBSTACLES","isRenderEnabled":false,"rotationMatrix":[-0.524726212,0.851270914,0,-0.851270914,-0.524726212,0,0,0,1],"shapeName":"/levels/hirochi_raceway/art/shapes/buildings/hr_firehydrantreel.DAE"}
{"class":"TSStatic","persistentId":"3c7ed290-dc05-4f6d-ba20-692467b95ec6","__parent":"Clutters","position":[-432.158112,345.722076,25.0331135],"annotation":"OBSTACLES","isRenderEnabled":false,"rotationMatrix":[0.824454725,0.565928102,0,-0.565928102,0.824454725,0,0,0,1],"shapeName":"/levels/hirochi_raceway/art/shapes/buildings/hr_metalbin_mod.DAE"}
{"class":"TSStatic","persistentId":"3ed45989-bd39-4a84-a861-c4c71ed6fa41","__parent":"Clutters","position":[-416.189514,169.996292,29.4354324],"annotation":"OBSTACLES","isRenderEnabled":false,"rotationMatrix":[-0.0810334012,-0.996711195,0,0.996711195,-0.0810334012,0,0,0,1],"shapeName":"/levels/hirochi_raceway/art/shapes/buildings/hr_charging_station.DAE"}
{"class":"TSStatic","persistentId":"44d1a473-ff9b-4d76-91d6-573ea6b16b7b","__parent":"Clutters","position":[-345.402466,298.735138,25.0156479],"annotation":"OBSTACLES","isRenderEnabled":false,"shapeName":"/levels/hirochi_raceway/art/shapes/buildings/hr_metalbin.DAE"}
{"class":"TSStatic","persistentId":"463c9a08-bf03-4011-bcc3-6e83a122d352","__parent":"Clutters","position":[-436.156097,352.498077,26.6000004],"annotation":"OBSTACLES","isRenderEnabled":false,"rotationMatrix":[-0.524726212,0.851270914,0,-0.851270914,-0.524726212,0,0,0,1],"shapeName":"/levels/hirochi_raceway/art/shapes/buildings/hr_firehydrantreel.DAE"}
{"class":"TSStatic","persistentId":"466b93f5-ddef-4f3c-a195-b06817cf4ebb","__parent":"Clutters","position":[-398.293274,300.268433,24.9972324],"annotation":"OBSTACLES","isRenderEnabled":false,"shapeName":"/levels/hirochi_raceway/art/shapes/buildings/hr_drum.DAE"}
{"class":"TSStatic","persistentId":"4afbd906-67cc-45cb-8083-0fa1c9fa633d","__parent":"Clutters","position":[-440.769989,359.138672,25.044445],"annotation":"OBSTACLES","isRenderEnabled":false,"rotationMatrix":[0.824454725,0.565928102,0,-0.565928102,0.824454725,0,0,0,1],"shapeName":"/levels/hirochi_raceway/art/shapes/buildings/hr_metalbin_mod.DAE"}
{"class":"TSStatic","persistentId":"4bf0639a-7abc-4004-81ad-1719bb31015d","__parent":"Clutters","position":[-423.502899,332.071136,25.0158978],"annotation":"OBSTACLES","isRenderEnabled":false,"rotationMatrix":[0.824454725,0.565928102,0,-0.565928102,0.824454725,0,0,0,1],"shapeName":"/levels/hirochi_raceway/art/shapes/buildings/hr_metalbin_mod.DAE"}
{"class":"TSStatic","persistentId":"4c176fc5-7fb3-407f-8440-afa7147e723e","__parent":"Clutters","position":[-417.038391,321.919922,24.9781742],"annotation":"OBSTACLES","isRenderEnabled":false,"rotationMatrix":[-0.521354377,0.853340268,0,-0.853340268,-0.521354377,0,0,0,1],"shapeName":"/levels/hirochi_raceway/art/shapes/buildings/hr_easel.DAE"}
{"class":"TSStatic","persistentId":"4db46bd3-c72f-499c-9f4d-aa62c2aae2ad","__parent":"Clutters","position":[-416.03006,172.741089,29.4247971],"annotation":"OBSTACLES","isRenderEnabled":false,"rotationMatrix":[-0.0810334012,-0.996711195,0,0.996711195,-0.0810334012,0,0,0,1],"shapeName":"/levels/hirochi_raceway/art/shapes/buildings/hr_charging_station.DAE"}
{"class":"TSStatic","persistentId":"50bcabcc-7a0a-4864-b7af-c94d4f34a24f","__parent":"Clutters","position":[-423.241486,336.984314,25.0291042],"annotation":"OBSTACLES","isRenderEnabled":false,"rotationMatrix":[0.839378536,0.543547273,0,-0.543547273,0.839378536,0,0,0,1],"shapeName":"/levels/hirochi_raceway/art/shapes/buildings/hr_easel.DAE"}
{"class":"TSStatic","persistentId":"59a9b720-1c96-4b03-afe3-1c852a5f7501","__parent":"Clutters","position":[-389.228516,284.647827,24.9984798],"annotation":"OBSTACLES","isRenderEnabled":false,"shapeName":"/levels/hirochi_raceway/art/shapes/buildings/hr_metalbin_mod.DAE"}
{"class":"TSStatic","persistentId":"5b9a2939-cd59-4c53-83be-d258c547172f","__parent":"Clutters","position":[-431.75824,354.986877,25.0539646],"annotation":"OBSTACLES","isRenderEnabled":false,"rotationMatrix":[-0.578134596,0.815941215,0,-0.815941215,-0.578134596,0,0,0,1],"shapeName":"/levels/hirochi_raceway/art/shapes/buildings/hr_plasticbarrel.DAE"}
{"class":"TSStatic","persistentId":"63fe040c-e67f-4e10-aa10-de4cfd3aed45","__parent":"Clutters","position":[-352.064087,309.503387,24.9941978],"annotation":"OBSTACLES","isRenderEnabled":false,"shapeName":"/levels/hirochi_raceway/art/shapes/buildings/hr_metalbin.DAE"}
{"class":"TSStatic","persistentId":"68ae7e22-b768-48f0-8f33-41e87381af03","__parent":"Clutters","position":[-466.181,398.062622,25.1464825],"annotation":"OBSTACLES","isRenderEnabled":false,"rotationMatrix":[0.333431721,0.942774713,0,-0.942774713,0.333431721,0,0,0,1],"shapeName":"/levels/hirochi_raceway/art/shapes/buildings/hr_easel.DAE"}
{"class":"TSStatic","persistentId":"6aeaea98-0051-4100-a83b-64f6e54c02be","__parent":"Clutters","position":[-415.639282,178.042084,29.4219074],"annotation":"OBSTACLES","isRenderEnabled":false,"rotationMatrix":[-0.0810334012,-0.996711195,0,0.996711195,-0.0810334012,0,0,0,1],"shapeName":"/levels/hirochi_raceway/art/shapes/buildings/hr_charging_station.DAE"}
{"class":"TSStatic","persistentId":"70bb9efa-f872-4478-858b-4e877fae6cff","__parent":"Clutters","position":[-498.195953,302.172241,29.2026367],"annotation":"OBSTACLES","isRenderEnabled":false,"rotationMatrix":[-0.572741508,0.819736958,0,-0.819736958,-0.572741508,0,0,0,1],"shapeName":"/levels/hirochi_raceway/art/shapes/buildings/hr_boomgate_r.DAE"}
{"class":"TSStatic","persistentId":"78fd1d40-9343-4129-a06c-a7374154fd63","__parent":"Clutters","position":[-460.63092,309.464844,29.2130947],"annotation":"OBSTACLES","isRenderEnabled":false,"rotationMatrix":[-0.499999702,0.866024971,-2.98023224e-08,-0.86602509,-0.499999732,0,2.23517418e-08,1.49011612e-08,0.999999821],"shapeName":"/levels/hirochi_raceway/art/shapes/buildings/hr_loudspeaker.DAE"}
{"class":"TSStatic","persistentId":"7a405b11-1ff8-4503-a809-4a0420205f09","__parent":"Clutters","position":[-446.160431,264.411743,30.6036263],"annotation":"OBSTACLES","isRenderEnabled":false,"shapeName":"/levels/hirochi_raceway/art/shapes/buildings/hr_metalbin.DAE"}
{"class":"TSStatic","persistentId":"87fc8ac1-32f6-45ee-bd75-d18a6fc6902b","__parent":"Clutters","position":[-430.099854,347.756073,25.0870953],"annotation":"OBSTACLES","isRenderEnabled":false,"shapeName":"/levels/hirochi_raceway/art/shapes/buildings/hr_drum.DAE"}
{"class":"TSStatic","persistentId":"897daa27-d7b7-4c81-ac52-149d434ddee0","__parent":"Clutters","position":[-420.526306,334.752197,25.7786846],"annotation":"OBSTACLES","isRenderEnabled":false,"rotationMatrix":[-0.99995023,-0.00996215548,0,0.00996215548,-0.99995023,0,0,0,1],"shapeName":"/levels/hirochi_raceway/art/shapes/buildings/hr_firextinguisher.DAE"}
{"class":"TSStatic","persistentId":"8c5124b8-bb76-4477-8679-c066e75e803c","__parent":"Clutters","position":[-406.633118,304.870087,24.9713135],"annotation":"OBSTACLES","isRenderEnabled":false,"rotationMatrix":[0.866025448,0.5,0,-0.5,0.866025448,0,0,0,1],"shapeName":"/levels/hirochi_raceway/art/shapes/buildings/hr_plasticbarrier_red.DAE"}
{"class":"TSStatic","persistentId":"94706973-3c93-47d0-851a-22970573b6a7","__parent":"Clutters","position":[-398.983215,299.67572,24.9777222],"annotation":"OBSTACLES","isRenderEnabled":false,"shapeName":"/levels/hirochi_raceway/art/shapes/buildings/hr_plasticbarrel.DAE"}
{"class":"TSStatic","persistentId":"9646c1c6-a4b4-4610-ba4c-78459bc65f90","__parent":"Clutters","position":[-465.108093,287.896057,36.7560425],"annotation":"OBSTACLES","isRenderEnabled":false,"rotationMatrix":[-0.499999583,0.866024733,-2.98023011e-08,-0.866024733,-0.499999583,-8.8817842e-16,2.23517418e-08,1.49011612e-08,0.999999821],"shapeName":"/levels/hirochi_raceway/art/shapes/buildings/hr_loudspeaker.DAE"}
{"class":"TSStatic","persistentId":"9823e939-fe4f-48fe-bf95-c19d13a736f7","__parent":"Clutters","position":[-431.070282,355.229828,25.0539646],"annotation":"OBSTACLES","isRenderEnabled":false,"shapeName":"/levels/hirochi_raceway/art/shapes/buildings/hr_plasticbarrel.DAE"}
{"class":"TSStatic","persistentId":"9cbfbf98-f799-406c-ad27-db1260e65de0","__parent":"Clutters","position":[-470.512878,320.018524,26.3949203],"annotation":"OBSTACLES","isRenderEnabled":false,"shapeName":"/levels/hirochi_raceway/art/shapes/buildings/hr_metalbin.DAE"}
{"class":"TSStatic","persistentId":"a34f023f-ae12-46fe-a939-1880568d1d78","__parent":"Clutters","position":[-457.931213,386.066193,25.2088566],"annotation":"OBSTACLES","isRenderEnabled":false,"rotationMatrix":[-0.00766770728,0.999970675,0,-0.999970675,-0.00766770728,0,0,0,1],"shapeName":"/levels/hirochi_raceway/art/shapes/buildings/hr_metalbin_mod.DAE"}
{"class":"TSStatic","persistentId":"a9d7ab25-5415-4344-a8a9-1378e77fcbc0","__parent":"Clutters","position":[-444.700012,365.897186,26.6000004],"annotation":"OBSTACLES","isRenderEnabled":false,"rotationMatrix":[-0.499999762,0.866025329,0,-0.866025329,-0.499999762,0,0,0,1],"shapeName":"/levels/hirochi_raceway/art/shapes/buildings/hr_firehydrantreel.DAE"}
{"class":"TSStatic","persistentId":"af89629e-4e91-4ef7-9aa9-221edcf781a0","__parent":"Clutters","position":[-430.16684,355.99292,25.0539646],"annotation":"OBSTACLES","isRenderEnabled":false,"rotationMatrix":[-0.964793801,-0.263005883,0,0.263005883,-0.964793801,0,0,0,1],"shapeName":"/levels/hirochi_raceway/art/shapes/buildings/hr_plasticbarrel.DAE"}
{"class":"TSStatic","persistentId":"b286ccf9-f568-4902-953f-5b7b1a4187e7","__parent":"Clutters","position":[-416.085693,319.204376,25.2399101],"annotation":"OBSTACLES","isRenderEnabled":false,"rotationMatrix":[0.166303799,0,0.986074507,-0.156971797,0.987247884,0.0264736526,-0.973500133,-0.159188598,0.164183065],"shapeName":"/levels/hirochi_raceway/art/shapes/buildings/hr_tire.DAE"}
{"class":"TSStatic","persistentId":"b36896fd-20f6-46bf-99c1-3ca5d09fd277","__parent":"Clutters","position":[-464.185089,292.136444,30.6036263],"annotation":"OBSTACLES","isRenderEnabled":false,"shapeName":"/levels/hirochi_raceway/art/shapes/buildings/hr_metalbin.DAE"}
{"class":"TSStatic","persistentId":"bb7db2c4-e835-4fb1-bdf5-bab7c27a0d33","__parent":"Clutters","position":[-376.656921,295.984283,25.0156479],"annotation":"OBSTACLES","isRenderEnabled":false,"shapeName":"/levels/hirochi_raceway/art/shapes/buildings/hr_metalbin.DAE"}
{"class":"TSStatic","persistentId":"c32f9e96-49d0-49c1-9fd3-32aa9c0a946a","__parent":"Clutters","position":[-424.44812,336.202881,25.0291042],"annotation":"OBSTACLES","isRenderEnabled":false,"rotationMatrix":[0.839378536,0.543547273,0,-0.543547273,0.839378536,0,0,0,1],"shapeName":"/levels/hirochi_raceway/art/shapes/buildings/hr_easel.DAE"}
{"class":"TSStatic","persistentId":"c38c3d3c-9aab-4faf-845e-0875a0aeee99","__parent":"Clutters","position":[-447.534607,369.260376,25.0872879],"annotation":"OBSTACLES","isRenderEnabled":false,"rotationMatrix":[-0.430870533,0.902414143,0,-0.902068138,-0.430705279,-0.0276912954,-0.0249890164,-0.0119313616,0.999616504],"shapeName":"/levels/hirochi_raceway/art/shapes/buildings/hr_easel.DAE"}
{"class":"TSStatic","persistentId":"c41e7015-2eb5-4886-9e3e-30b8afc9b0f4","__parent":"Clutters","position":[-420.880402,334.602936,25.7786846],"annotation":"OBSTACLES","isRenderEnabled":false,"rotationMatrix":[-0.707106709,-0.707106709,0,0.707106709,-0.707106709,0,0,0,1],"shapeName":"/levels/hirochi_raceway/art/shapes/buildings/hr_firextinguisher.DAE"}
{"class":"TSStatic","persistentId":"c6afdec7-0709-40ec-a16e-1a6f6c37a121","__parent":"Clutters","position":[-416.288788,320.693146,24.9781742],"annotation":"OBSTACLES","isRenderEnabled":false,"rotationMatrix":[-0.521354377,0.853340268,0,-0.853340268,-0.521354377,0,0,0,1],"shapeName":"/levels/hirochi_raceway/art/shapes/buildings/hr_easel.DAE"}
{"class":"TSStatic","persistentId":"c8a98140-99d0-4295-ba47-b044d90aeb83","__parent":"Clutters","position":[-418.183258,325.430542,24.990799],"annotation":"OBSTACLES","isRenderEnabled":false,"rotationMatrix":[0.695364356,0.718657434,0,-0.718657434,0.695364356,0,0,0,1],"shapeName":"/levels/hirochi_raceway/art/shapes/buildings/hr_smalltrolley.DAE"}
{"class":"TSStatic","persistentId":"d46e749b-55b8-4062-b9ca-8d596e6696e6","__parent":"Clutters","position":[-365.942322,240.109924,25.0068359],"annotation":"OBSTACLES","isRenderEnabled":false,"shapeName":"/levels/hirochi_raceway/art/shapes/buildings/hr_metalbin_mod.DAE"}
{"class":"TSStatic","persistentId":"dbaeb2fa-a66d-461c-b604-65cdc690ff47","__parent":"Clutters","position":[-439.069,275.067657,29.2130966],"annotation":"OBSTACLES","isRenderEnabled":false,"rotationMatrix":[-0.499999702,0.866024971,-2.98023224e-08,-0.86602509,-0.499999732,0,2.23517418e-08,1.49011612e-08,0.999999821],"shapeName":"/levels/hirochi_raceway/art/shapes/buildings/hr_loudspeaker.DAE"}
{"class":"TSStatic","persistentId":"dbd9d801-cd14-464a-9b42-cf55635af7fb","__parent":"Clutters","position":[-461.973114,393,26.6000004],"annotation":"OBSTACLES","isRenderEnabled":false,"rotationMatrix":[-0.499999762,0.866025329,0,-0.866025329,-0.499999762,0,0,0,1],"shapeName":"/levels/hirochi_raceway/art/shapes/buildings/hr_firehydrantreel.DAE"}
{"class":"TSStatic","persistentId":"dce19f9b-88a2-46c4-bbe2-004582e80bd3","__parent":"Clutters","position":[-455.97226,382.991516,25.1532135],"annotation":"OBSTACLES","isRenderEnabled":false,"shapeName":"/levels/hirochi_raceway/art/shapes/buildings/hr_plasticbarrel.DAE"}
{"class":"TSStatic","persistentId":"df85a2e8-0bb0-43b7-a3a2-a1d4295f714f","__parent":"Clutters","position":[-411.184021,313.078979,24.9748268],"annotation":"OBSTACLES","isRenderEnabled":false,"rotationMatrix":[-0.631601691,0.775292993,0,-0.775292993,-0.631601691,0,0,0,1],"shapeName":"/levels/hirochi_raceway/art/shapes/buildings/hr_drum.DAE"}
{"class":"TSStatic","persistentId":"e0d3a0a5-32b3-464b-8bed-a3feab889740","__parent":"Clutters","position":[-309.04187,89.2155533,32.4919243],"annotation":"OBSTACLES","isRenderEnabled":false,"rotationMatrix":[0.600582957,0.799566507,0,-0.799566507,0.600582957,0,0,0,1],"shapeName":"/levels/hirochi_raceway/art/shapes/buildings/hr_boomgate.DAE"}
{"class":"TSStatic","persistentId":"e39b3dfb-04ec-4ec8-987b-7bd04981af4b","__parent":"Clutters","position":[-464.679626,395.246887,25.180666],"annotation":"OBSTACLES","isRenderEnabled":false,"rotationMatrix":[0.9971506,0.075435251,0,-0.075435251,0.9971506,0,0,0,1],"shapeName":"/levels/hirochi_raceway/art/shapes/buildings/hr_tiretrolley.DAE"}
{"class":"TSStatic","persistentId":"e5c7535e-dd81-4c18-8766-de5279a864b7","__parent":"Clutters","position":[-416.330994,167.396881,29.4485302],"annotation":"OBSTACLES","isRenderEnabled":false,"rotationMatrix":[-0.0810334012,-0.996711195,0,0.996711195,-0.0810334012,0,0,0,1],"shapeName":"/levels/hirochi_raceway/art/shapes/buildings/hr_charging_station.DAE"}
{"class":"TSStatic","persistentId":"e819a51b-4323-46aa-b45e-12bec35fb3ed","__parent":"Clutters","position":[-453.399994,379.541168,26.6000004],"annotation":"OBSTACLES","isRenderEnabled":false,"rotationMatrix":[-0.499999762,0.866025329,0,-0.866025329,-0.499999762,0,0,0,1],"shapeName":"/levels/hirochi_raceway/art/shapes/buildings/hr_firehydrantreel.DAE"}
{"class":"TSStatic","persistentId":"e98ae13f-d9f9-4385-b3e3-43e8a5cc92c4","__parent":"Clutters","position":[-411.352783,313.351501,25.8561172],"annotation":"OBSTACLES","isRenderEnabled":false,"rotationMatrix":[0.727088094,-0.68654418,0,0.68654424,0.727088094,0,0,0,1],"shapeName":"/levels/hirochi_raceway/art/shapes/buildings/hr_drum.DAE"}
{"class":"TSStatic","persistentId":"f05b482f-7e9d-439d-b4be-d0c22a563353","__parent":"Clutters","position":[-451.894073,66.8962936,29.6802368],"annotation":"OBSTACLES","isRenderEnabled":false,"rotationMatrix":[0.00899728388,0.999962628,0,-0.999962628,0.00899728388,0,0,0,1],"shapeName":"/levels/hirochi_raceway/art/shapes/buildings/hr_boomgate.DAE"}
{"class":"TSStatic","persistentId":"f1651340-cdc4-4722-8958-16e6e2921f48","__parent":"Clutters","position":[-449.299652,372.580383,25.1090126],"annotation":"OBSTACLES","isRenderEnabled":false,"rotationMatrix":[0.824454725,0.565928102,0,-0.565928102,0.824454725,0,0,0,1],"shapeName":"/levels/hirochi_raceway/art/shapes/buildings/hr_metalbin_mod.DAE"}
{"class":"TSStatic","persistentId":"f1d8cada-7a08-40d0-be2d-1d3cd9c22d8d","__parent":"Clutters","position":[-460.709503,309.403564,29.2130947],"annotation":"OBSTACLES","isRenderEnabled":false,"rotationMatrix":[0.499999702,-0.866024792,2.980231e-08,0.866024792,0.499999702,-3.10862447e-15,2.23517418e-08,1.49011612e-08,0.999999821],"shapeName":"/levels/hirochi_raceway/art/shapes/buildings/hr_loudspeaker.DAE"}
{"class":"TSStatic","persistentId":"f952d480-34f5-440b-ac7b-2a229c363a10","__parent":"Clutters","position":[-427.559875,339.015961,26.6000004],"annotation":"OBSTACLES","isRenderEnabled":false,"rotationMatrix":[-0.524726212,0.851270914,0,-0.851270914,-0.524726212,0,0,0,1],"shapeName":"/levels/hirochi_raceway/art/shapes/buildings/hr_firehydrantreel.DAE"}
{"class":"TSStatic","persistentId":"fbccd39a-3a37-4e4e-b3bd-774b23292733","__parent":"Clutters","position":[-432.709808,346.168854,25.0312996],"annotation":"OBSTACLES","isRenderEnabled":false,"rotationMatrix":[0.268069178,-0.963399589,0,0.963399589,0.268069178,0,0,0,1],"shapeName":"/levels/hirochi_raceway/art/shapes/buildings/hr_firextinguisher.DAE"}
{"class":"TSStatic","persistentId":"fcc0da2f-a578-45e4-80e2-942eae2ab97e","__parent":"Clutters","position":[178.941544,-409.152161,31.8145409],"annotation":"OBSTACLES","isRenderEnabled":false,"rotationMatrix":[-0.984402835,-0.175917938,0,0.175917938,-0.984402835,0,0,0,1],"shapeName":"/levels/hirochi_raceway/art/shapes/buildings/hr_boomgate_r.DAE"}
{"class":"TSStatic","persistentId":"ffb0a99b-7d4e-42d6-b292-046b74be0b62","__parent":"Clutters","position":[-434.284393,348.969727,25.0391903],"annotation":"OBSTACLES","isRenderEnabled":false,"rotationMatrix":[-0.726893187,0.686750054,0,-0.686750054,-0.726893187,0,0,0,1],"shapeName":"/levels/hirochi_raceway/art/shapes/buildings/hr_drum.DAE"}
{"class":"Prefab","persistentId":"04fe8fbf-5ff9-438c-ae40-d4fd2376fa91","__parent":"Clutters","position":[-445.818481,367.156525,25.5106525],"annotation":"OBSTACLES","fileName":"/levels/hirochi_raceway/art/prefabs/tire_set.prefab"}
{"class":"Prefab","persistentId":"0e261154-ab23-4430-90d0-16d74434359b","__parent":"Clutters","position":[-445.193756,367.118591,25.5106525],"annotation":"OBSTACLES","fileName":"/levels/hirochi_raceway/art/prefabs/tire_set.prefab","rotationMatrix":[-0.721419513,0.692498744,0,-0.692498744,-0.721419513,0,0,0,1]}
{"class":"Prefab","persistentId":"173a0542-fc34-420a-aa69-7e52692e46ba","__parent":"Clutters","position":[-351.018829,325.894958,25.0338745],"annotation":"OBSTACLES","fileName":"/levels/hirochi_raceway/art/prefabs/plasticbarrierx4.prefab","rotationMatrix":[0.838010311,0.545654178,0,-0.545654178,0.838010311,0,0,0,1]}
{"class":"Prefab","persistentId":"1d51695b-e5a9-4b2e-a826-40398891d004","__parent":"Clutters","position":[-335.220551,320.190582,24.987793],"annotation":"OBSTACLES","fileName":"/levels/hirochi_raceway/art/prefabs/plasticbarrierx4.prefab","rotationMatrix":[0.545654178,-0.838010311,0,0.838010311,0.545654178,0,0,0,1]}
{"class":"Prefab","persistentId":"1f526aa9-0082-4ac9-a5d5-53ab180fd6eb","__parent":"Clutters","position":[-358.075378,288.083649,24.987793],"annotation":"OBSTACLES","fileName":"/levels/hirochi_raceway/art/prefabs/plasticbarrierx4.prefab","rotationMatrix":[-0.838010371,-0.545654356,0,0.545654356,-0.838010371,0,0,0,1]}
{"class":"Prefab","persistentId":"23c35541-bbe1-4754-93fc-47f2c6f56966","__parent":"Clutters","position":[-356.05542,323.246857,25.0338745],"annotation":"OBSTACLES","fileName":"/levels/hirochi_raceway/art/prefabs/plasticbarrierx4.prefab","rotationMatrix":[0.921442986,0.388514102,0,-0.388514102,0.921442986,0,0,0,1]}
{"class":"Prefab","persistentId":"25eee2aa-5dae-4af7-a6d8-519c64cbf0bb","__parent":"Clutters","position":[-329.673798,306.576782,24.987793],"annotation":"OBSTACLES","fileName":"/levels/hirochi_raceway/art/prefabs/plasticbarrierx4.prefab","rotationMatrix":[-0.838010371,-0.545654356,0,0.545654356,-0.838010371,0,0,0,1]}
{"class":"Prefab","persistentId":"25fe5b6e-8565-4895-a2b2-7e603a695eab","__parent":"Clutters","position":[-376.133423,276.325256,24.9855347],"annotation":"OBSTACLES","fileName":"/levels/hirochi_raceway/art/prefabs/plasticbarrierx4.prefab","rotationMatrix":[-0.838010371,-0.545654356,0,0.545654356,-0.838010371,0,0,0,1]}
{"class":"Prefab","persistentId":"339c600b-2ebd-48fc-89fb-1e9f3ca12501","__parent":"Clutters","position":[-332.143188,315.464355,24.987793],"annotation":"OBSTACLES","fileName":"/levels/hirochi_raceway/art/prefabs/plasticbarrierx4.prefab","rotationMatrix":[0.545654178,-0.838010311,0,0.838010311,0.545654178,0,0,0,1]}
{"class":"Prefab","persistentId":"3d21c8d6-e7b0-401a-b5aa-292c6b796f10","__parent":"Clutters","position":[-371.409485,279.401428,24.987793],"annotation":"OBSTACLES","fileName":"/levels/hirochi_raceway/art/prefabs/plasticbarrierx4.prefab","rotationMatrix":[-0.838010371,-0.545654356,0,0.545654356,-0.838010371,0,0,0,1]}
{"class":"Prefab","persistentId":"52c7b647-f84b-44f0-8756-79eda1a145f8","__parent":"Clutters","position":[-425.828827,335.723145,25.3707314],"annotation":"OBSTACLES","fileName":"/levels/hirochi_raceway/art/prefabs/tire_set.prefab"}
{"class":"Prefab","persistentId":"5b839e1f-839f-4cdb-8a08-19e55733590e","__parent":"Clutters","position":[-396.538177,283.594971,24.9718628],"annotation":"OBSTACLES","fileName":"/levels/hirochi_raceway/art/prefabs/plasticbarrierx4.prefab","rotationMatrix":[-0.545654356,0.838010371,0,-0.838010371,-0.545654356,0,0,0,1]}
{"class":"Prefab","persistentId":"5da638c8-7f1a-49f2-adfe-eb48b2bddfc5","__parent":"Clutters","position":[-393.45816,278.864746,24.9855347],"annotation":"OBSTACLES","fileName":"/levels/hirochi_raceway/art/prefabs/plasticbarrierx4.prefab","rotationMatrix":[-0.545654356,0.838010371,0,-0.838010371,-0.545654356,0,0,0,1]}
{"class":"Prefab","persistentId":"664b25b9-7fc8-4197-b842-ba9cd4c51fdd","__parent":"Clutters","position":[-360.535553,332.534149,25.0338745],"annotation":"OBSTACLES","fileName":"/levels/hirochi_raceway/art/prefabs/plasticbarrierx4.prefab","rotationMatrix":[0.838010311,0.545654178,0,-0.545654178,0.838010311,0,0,0,1]}
{"class":"Prefab","persistentId":"6af1012f-c68d-4ea0-a353-b0ef2b49335e","__parent":"Clutters","position":[-465.499146,399.445892,25.5106525],"annotation":"OBSTACLES","fileName":"/levels/hirochi_raceway/art/prefabs/tire_set.prefab"}
{"class":"Prefab","persistentId":"6c7d7fe7-aa85-448f-88cb-a0e9df395a2f","__parent":"Clutters","position":[-415.784607,319.307739,25.2353153],"annotation":"OBSTACLES","fileName":"/levels/hirochi_raceway/art/prefabs/tireset_trolley.prefab","rotationMatrix":[0.965925753,0.258819014,0,-0.258819014,0.965925753,0,0,0,1]}
{"class":"Prefab","persistentId":"7b432979-68c7-4d6b-bef0-162943ef97d0","__parent":"Clutters","position":[-366.852203,324.208832,25.0338745],"annotation":"OBSTACLES","fileName":"/levels/hirochi_raceway/art/prefabs/plasticbarrierx4.prefab","rotationMatrix":[0.784907758,-0.619613767,0,0.619613767,0.784907758,0,0,0,1]}
{"class":"Prefab","persistentId":"83a18754-0c6d-4493-933e-823b7eb37f97","__parent":"Clutters","position":[-459.896515,388.759064,25.2397594],"annotation":"OBSTACLES","fileName":"/levels/hirochi_raceway/art/prefabs/trolley_a.prefab","rotationMatrix":[0.583815396,0.811886549,0,-0.811886549,0.583815396,0,0,0,1]}
{"class":"Prefab","persistentId":"8e0510a5-5ae8-4728-a8f9-cd09c7c4b3df","__parent":"Clutters","position":[-385.966217,271.38092,24.987793],"annotation":"OBSTACLES","fileName":"/levels/hirochi_raceway/art/prefabs/plasticbarrierx4.prefab","rotationMatrix":[-0.999510586,0.0312778167,0,-0.0312778167,-0.999510586,0,0,0,1]}
{"class":"Prefab","persistentId":"95a5434a-3ce4-4197-ad04-e2d9f23acb3e","__parent":"Clutters","position":[-455.700287,381.723419,25.4399834],"annotation":"OBSTACLES","fileName":"/levels/hirochi_raceway/art/prefabs/tireset_trolley.prefab","rotationMatrix":[-0.499999851,-0.866025388,0,0.866025388,-0.499999851,0,0,0,1]}
{"class":"Prefab","persistentId":"968ef312-e3bc-404d-b6e9-31431d92e2f8","__parent":"Clutters","position":[-401.202942,290.75827,24.9699707],"annotation":"OBSTACLES","fileName":"/levels/hirochi_raceway/art/prefabs/plasticbarrierx4.prefab","rotationMatrix":[-0.545654356,0.838010371,0,-0.838010371,-0.545654356,0,0,0,1]}
{"class":"Prefab","persistentId":"a2a53623-ba71-4ba3-b83e-826c335d5383","__parent":"Clutters","position":[-380.863678,273.245239,24.9718628],"annotation":"OBSTACLES","fileName":"/levels/hirochi_raceway/art/prefabs/plasticbarrierx4.prefab","rotationMatrix":[-0.838010371,-0.545654356,0,0.545654356,-0.838010371,0,0,0,1]}
{"class":"Prefab","persistentId":"b2655886-5147-4661-9ef9-8b70281badd5","__parent":"Clutters","position":[-402.122864,296.018463,24.9685059],"annotation":"OBSTACLES","fileName":"/levels/hirochi_raceway/art/prefabs/plasticbarrierx4.prefab","rotationMatrix":[0.258819044,0.965925813,0,-0.965925813,0.258819044,0,0,0,1]}
{"class":"Prefab","persistentId":"b29796fd-005e-49cc-ab77-15d4840b2a8a","__parent":"Clutters","position":[-361.652466,322.265961,25.0338745],"annotation":"OBSTACLES","fileName":"/levels/hirochi_raceway/art/prefabs/plasticbarrierx4.prefab","rotationMatrix":[0.999392688,-0.0348521546,0,0.0348521546,0.999392688,0,0,0,1]}
{"class":"Prefab","persistentId":"bf00c61b-4fa6-43c6-9035-fa6ef2020b2d","__parent":"Clutters","annotation":"OBSTACLES","fileName":"/levels/hirochi_raceway/art/prefabs/trolley_a.prefab"}
{"class":"Prefab","persistentId":"cc5bdb80-96ad-4cab-83dd-03727c84dedb","__parent":"Clutters","position":[-120.523872,206.197083,25.4548779],"annotation":"OBSTACLES","fileName":"/levels/hirochi_raceway/art/prefabs/plasticbarrierx4.prefab","rotationMatrix":[0.964887321,-0.247822613,-0.0870362744,0.248766616,0.968562901,0,0.0843000859,-0.0216517225,0.996204972]}
{"class":"Prefab","persistentId":"df0c2571-4319-47d3-82d3-cb1252394072","__parent":"Clutters","position":[-442.156586,361.354919,25.3170834],"annotation":"OBSTACLES","fileName":"/levels/hirochi_raceway/art/prefabs/tireset_trolley.prefab","rotationMatrix":[-0.778763056,-0.626359522,-0.0346868224,0.626736522,-0.779231787,0,-0.0270290803,-0.0217394978,0.999398589]}
{"class":"Prefab","persistentId":"df9ae9da-2158-4148-a506-8eeb6e410c8f","__parent":"Clutters","position":[-329.058167,310.726379,24.987793],"annotation":"OBSTACLES","fileName":"/levels/hirochi_raceway/art/prefabs/plasticbarrierx4.prefab","rotationMatrix":[0.545654178,-0.838010311,0,0.838010311,0.545654178,0,0,0,1]}
{"class":"Prefab","persistentId":"f3419070-a58d-4ef9-a510-d50af7b19cb4","__parent":"Clutters","position":[-390.382019,274.140808,24.987793],"annotation":"OBSTACLES","fileName":"/levels/hirochi_raceway/art/prefabs/plasticbarrierx4.prefab","rotationMatrix":[-0.545654356,0.838010371,0,-0.838010371,-0.545654356,0,0,0,1]}
