{"class":"TSStatic","persistentId":"014e35f0-3e84-44f7-9c07-5d3860a44b04","__parent":"Statics","position":[960.047546,689.204712,233.688507],"isRenderEnabled":false,"rotationMatrix":[-0.999803364,-0.019829914,0,0.019829914,-0.999803364,0,0,0,1],"shapeName":"/levels/Utah/art/shapes/buildings/ut_busstop_old_sign.dae"}
{"class":"TSStatic","persistentId":"01519424-d7f0-4b52-a51f-c058e44f6e54","__parent":"Statics","position":[160,-1143.97998,149.537003],"isRenderEnabled":false,"rotationMatrix":[5.96046448e-08,1,0,-1,5.96046448e-08,0,0,0,1],"shapeName":"/levels/Utah/art/shapes/buildings/ut_tunnel_64m.dae"}
{"class":"TSStatic","persistentId":"01990bb7-1eae-42d6-80d0-38cfb56a4f2d","__parent":"Statics","position":[-794.692993,-170.014999,269.695007],"isRenderEnabled":false,"rotationMatrix":[0.89629674,0.43182981,-0.100872278,-0.440121055,0.894078732,-0.0831667185,0.0542738885,0.118938074,0.991417229],"scale":[1.46442997,1.46442997,1.46442997],"shapeName":"/levels/Utah/art/shapes/rocks/utah_rock_big_2_b.dae"}
{"class":"TSStatic","persistentId":"01b61c5e-f19d-4fd2-aea0-9dc575356a44","__parent":"Statics","position":[480,-1159.97998,149.552002],"isRenderEnabled":false,"rotationMatrix":[5.96046448e-08,1,0,-1,5.96046448e-08,0,0,0,1],"shapeName":"/levels/Utah/art/shapes/buildings/ut_tunnel_64m.dae"}
{"class":"TSStatic","persistentId":"02a321ff-590b-44c1-a0d4-b9b6edc63d2a","__parent":"Statics","position":[-864,-1159.97998,149.552002],"isRenderEnabled":false,"rotationMatrix":[5.96046448e-08,1,0,-1,5.96046448e-08,0,0,0,1],"shapeName":"/levels/Utah/art/shapes/buildings/ut_tunnel_64m.dae"}
{"class":"TSStatic","persistentId":"08861c91-6177-4784-b374-9553d6c3aba8","__parent":"Statics","position":[0,0,100],"collisionType":"Visible Mesh Final","isRenderEnabled":false,"shapeName":"/levels/Utah/art/shapes/misc/ut_backdrop.dae"}
{"class":"TSStatic","persistentId":"0b50de95-ca6a-4239-bae6-ef22d50fe5d0","__parent":"Statics","position":[-743.05603,-134.473007,272.149994],"isRenderEnabled":false,"rotationMatrix":[0.0285998583,-0.999587059,-0.00281628966,0.0360732377,0.00384759903,-0.999341846,0.998939872,0.0284794867,0.0361683369],"scale":[1.33797002,1.33797002,1.33797002],"shapeName":"/levels/Utah/art/shapes/rocks/utah_rock_big_2_c.dae"}
{"class":"TSStatic","persistentId":"0b54a7c8-4a21-41b2-9e1a-b2dd576fff11","__parent":"Statics","position":[-777.008972,-164.072998,268.549011],"isRenderEnabled":false,"rotationMatrix":[0.758829594,0.651285768,0.00212598406,-0.648712635,0.756113529,-0.0863964707,-0.0578762814,0.0641810447,0.996258557],"scale":[1.46442997,1.46442997,1.46442997],"shapeName":"/levels/Utah/art/shapes/rocks/utah_rock_big_2_b.dae"}
{"class":"TSStatic","persistentId":"0c4e1d6d-5a0c-438d-a6cb-bcd9f862cbac","__parent":"Statics","position":[-608,-1159.97998,149.552002],"isRenderEnabled":false,"rotationMatrix":[5.96046448e-08,1,0,-1,5.96046448e-08,0,0,0,1],"shapeName":"/levels/Utah/art/shapes/buildings/ut_tunnel_64m.dae"}
{"class":"TSStatic","persistentId":"0d0344e0-3143-45ff-94f4-7418c4b4945e","__parent":"Statics","position":[-544,-1159.97998,149.552002],"isRenderEnabled":false,"rotationMatrix":[5.96046448e-08,1,0,-1,5.96046448e-08,0,0,0,1],"shapeName":"/levels/Utah/art/shapes/buildings/ut_tunnel_64m.dae"}
{"class":"TSStatic","persistentId":"0e3e3001-4aa3-4536-88d6-f9eb9362586a","__parent":"Statics","position":[-32,-1159.97998,149.552002],"isRenderEnabled":false,"rotationMatrix":[5.96046448e-08,1,0,-1,5.96046448e-08,0,0,0,1],"shapeName":"/levels/Utah/art/shapes/buildings/ut_tunnel_64m.dae"}
{"class":"TSStatic","persistentId":"107631e7-6025-4809-8671-e4d8862e602a","__parent":"Statics","position":[-879.208557,586.696167,261.714935],"isRenderEnabled":false,"rotationMatrix":[0.998465121,-0.0553685427,0,0.0553685427,0.998465121,0,0,0,1],"shapeName":"/levels/Utah/art/shapes/buildings/ut_busstop_old_sign.dae"}
{"class":"TSStatic","persistentId":"1231dba6-d263-4ceb-a696-0e7735e5a8b9","__parent":"Statics","position":[928,-1143.97998,149.537003],"isRenderEnabled":false,"rotationMatrix":[5.96046448e-08,1,0,-1,5.96046448e-08,0,0,0,1],"shapeName":"/levels/Utah/art/shapes/buildings/ut_tunnel_64m.dae"}
{"class":"TSStatic","persistentId":"12ce8df2-1594-41c1-9779-df9b346a3a71","__parent":"Statics","position":[81.0330963,786.502991,259.63501],"isRenderEnabled":false,"rotationMatrix":[-0.0425399542,0.995729864,0.0819301009,-0.960624635,-0.0182275772,-0.277251124,-0.274573803,-0.0904983357,0.957297921],"scale":[1.15258002,1.15258002,1.15258002],"shapeName":"/levels/Utah/art/shapes/rocks/utah_rock_big_2_c.dae"}
{"class":"TSStatic","persistentId":"15381ae0-1680-4529-978f-8e0bdd956de8","__parent":"Statics","position":[992,-1159.97998,149.552002],"isRenderEnabled":false,"rotationMatrix":[5.96046448e-08,1,0,-1,5.96046448e-08,0,0,0,1],"shapeName":"/levels/Utah/art/shapes/buildings/ut_tunnel_64m.dae"}
{"class":"TSStatic","persistentId":"1b8bb8e5-a22b-4386-b7c2-b87d4e88d1e6","__parent":"Statics","position":[-585.817078,-633.252197,162.5168],"decalType":"None","isRenderEnabled":false,"rotationMatrix":[-0.214528725,0.97671777,0,-0.97671777,-0.214528725,0,0,0,1],"shapeName":"/levels/Utah/art/shapes/buildings/bussign.dae"}
{"class":"TSStatic","persistentId":"1bd240b0-7e2e-4191-a196-ee1f34e76cb5","__parent":"Statics","position":[-750.414978,-121.028999,295.690002],"isRenderEnabled":false,"rotationMatrix":[-0.222058773,-0.974984825,-0.00973281264,-0.21752578,0.0592682362,-0.974253535,0.950459123,-0.214224249,-0.225245357],"shapeName":"/levels/Utah/art/shapes/rocks/utah_rock_big_2_c.dae"}
{"class":"TSStatic","persistentId":"1c147293-53f2-473c-880a-9a11f2fa20b9","__parent":"Statics","position":[-137.681,366.618011,290.630005],"isRenderEnabled":false,"rotationMatrix":[-0.867440581,0.494769126,0.0524475574,-0.497216791,-0.858239174,-0.12728475,-0.0179640204,-0.136489734,0.990478575],"shapeName":"/levels/Utah/art/shapes/rocks/utah_rock_big_2_c.dae"}
{"class":"TSStatic","persistentId":"1dd490e2-fedc-4f15-b2ad-a08c6a9156ef","__parent":"Statics","position":[928,-1159.97998,149.552002],"isRenderEnabled":false,"rotationMatrix":[5.96046448e-08,1,0,-1,5.96046448e-08,0,0,0,1],"shapeName":"/levels/Utah/art/shapes/buildings/ut_tunnel_64m.dae"}
{"class":"TSStatic","persistentId":"1e6c56d1-6ad0-4bc7-b4bb-7aaf207cc3d0","__parent":"Statics","position":[533.630981,47.6060982,141.925995],"isRenderEnabled":false,"rotationMatrix":[0.787575066,0.607289791,-0.104520619,-0.616172194,0.778188825,-0.121465996,0.00757171586,0.160066292,0.987077236],"shapeName":"/levels/Utah/art/shapes/buildings/ut_jump_sign_up.dae"}
{"class":"TSStatic","persistentId":"1f0c9e83-afe3-4d65-a2d6-a1262a2e43fe","__parent":"Statics","position":[-877.878906,583.687073,261.241333],"isRenderEnabled":false,"rotationMatrix":[0,-0.999999881,0,0.999999881,0,0,0,0,1],"shapeName":"/levels/Utah/art/shapes/buildings/ut_busstop_old.dae"}
{"class":"TSStatic","persistentId":"23289182-3747-471e-ac36-387b35e272df","__parent":"Statics","position":[-381.988007,-67.8600998,196.520004],"isRenderEnabled":false,"rotationMatrix":[0.154426098,0.983877718,0.0902059078,-0.95493108,0.172058582,-0.241872728,-0.253493905,-0.0487889722,0.966105819],"scale":[0.626994014,0.626994014,0.626994014],"shapeName":"/levels/Utah/art/shapes/rocks/utah_rock_big_2_d.dae"}
{"class":"TSStatic","persistentId":"23e02ee6-bc60-4927-b439-eaf4e48f216a","__parent":"Statics","position":[-386.416992,-78.4828033,194.865005],"isRenderEnabled":false,"rotationMatrix":[0.707280338,0.7069332,-1.41561031e-07,-0.680574119,0.680908322,-0.270523161,-0.191241711,0.191335827,0.96271348],"scale":[0.714938998,0.714938998,0.714938998],"shapeName":"/levels/Utah/art/shapes/rocks/utah_rock_big_2_b.dae"}
{"class":"TSStatic","persistentId":"247fdd33-d415-491c-9dd0-f06095700265","__parent":"Statics","position":[-756.700012,-150.367996,273.912994],"isRenderEnabled":false,"rotationMatrix":[0.758829594,0.651285768,0.00212598406,-0.648712635,0.756113529,-0.0863964707,-0.0578762814,0.0641810447,0.996258557],"scale":[1.46442997,1.46442997,1.46442997],"shapeName":"/levels/Utah/art/shapes/rocks/utah_rock_big_2_b.dae"}
{"class":"TSStatic","persistentId":"259e1df4-a89f-4ead-b6ec-220ce36b57e2","__parent":"Statics","position":[-387.34201,-62.5172005,204.098007],"isRenderEnabled":false,"rotationMatrix":[-0.572031617,0.818812847,-0.0482256375,-0.817286253,-0.573969603,-0.0510126911,-0.0694498867,0.0102332868,0.997532964],"shapeName":"/levels/Utah/art/shapes/rocks/utah_rock_big_2_c.dae"}
{"class":"TSStatic","persistentId":"2674c0bb-7967-4f28-b469-932cba60d3eb","__parent":"Statics","position":[-796.515991,-165.912994,292.178009],"isRenderEnabled":false,"rotationMatrix":[0.670883834,0.741562486,0,-0.741562486,0.670883834,0,0,0,1],"shapeName":"/levels/Utah/art/shapes/rocks/utah_rock_big_2_c.dae"}
{"class":"TSStatic","persistentId":"297fd4ae-22b5-44d3-8e72-45b60583a225","__parent":"Statics","position":[-740.679016,-127.069,272.252014],"isRenderEnabled":false,"rotationMatrix":[0.350386739,0.936300576,0.0238841996,-0.928782284,0.344058216,0.137794822,0.120799817,-0.0704647005,0.990172803],"shapeName":"/levels/Utah/art/shapes/rocks/utah_rock_big_2_c.dae"}
{"class":"TSStatic","persistentId":"2a79c6b8-a031-4616-8145-c4fde4f554c4","__parent":"Statics","position":[736,-1143.97998,149.537003],"isRenderEnabled":false,"rotationMatrix":[5.96046448e-08,1,0,-1,5.96046448e-08,0,0,0,1],"shapeName":"/levels/Utah/art/shapes/buildings/ut_tunnel_64m.dae"}
{"class":"TSStatic","persistentId":"2e273320-8b95-4520-9cde-cca347f7295e","__parent":"Statics","position":[-416,-1159.97998,149.552002],"isRenderEnabled":false,"rotationMatrix":[5.96046448e-08,1,0,-1,5.96046448e-08,0,0,0,1],"shapeName":"/levels/Utah/art/shapes/buildings/ut_tunnel_64m.dae"}
{"class":"TSStatic","persistentId":"2ed33e99-e63a-4dcf-81de-93302b75dadd","__parent":"Statics","position":[-756.768005,-144.473999,295.781006],"isRenderEnabled":false,"rotationMatrix":[-0.881297827,-0.467796117,-0.0669441074,-0.0066845715,0.153988421,-0.988050103,0.47251457,-0.870318651,-0.138836861],"shapeName":"/levels/Utah/art/shapes/rocks/utah_rock_big_2_c.dae"}
{"class":"TSStatic","persistentId":"303712cd-a007-4d9c-91d7-1cdcb52251da","__parent":"Statics","position":[-812.271973,-179.453003,294.493988],"isRenderEnabled":false,"rotationMatrix":[0.978147507,0.207783639,-0.00730735296,-0.207838029,0.976257086,-0.0610366091,-0.00554855308,0.0612215549,0.998108804],"shapeName":"/levels/Utah/art/shapes/rocks/utah_rock_big_2_c.dae"}
{"class":"TSStatic","persistentId":"3479b35a-bcb2-4b7a-bdd8-93f2b60e5a63","__parent":"Statics","position":[-614.106323,234.683395,298.385712],"decalType":"None","isRenderEnabled":false,"rotationMatrix":[-0.932825625,0.360328525,0,-0.360328525,-0.932825625,0,0,0,1],"shapeName":"/levels/Utah/art/shapes/buildings/busstop_utah.dae"}
{"class":"TSStatic","persistentId":"35734ccd-a077-458a-9d27-71e9136c904d","__parent":"Statics","position":[96,-1159.97998,149.552002],"isRenderEnabled":false,"rotationMatrix":[5.96046448e-08,1,0,-1,5.96046448e-08,0,0,0,1],"shapeName":"/levels/Utah/art/shapes/buildings/ut_tunnel_64m.dae"}
{"class":"TSStatic","persistentId":"3a70088e-1c2d-4322-b5ce-99ce00f06ca5","__parent":"Statics","position":[416,-1159.97998,149.552002],"isRenderEnabled":false,"rotationMatrix":[5.96046448e-08,1,0,-1,5.96046448e-08,0,0,0,1],"shapeName":"/levels/Utah/art/shapes/buildings/ut_tunnel_64m.dae"}
{"class":"TSStatic","persistentId":"3af8eda8-51a1-4d54-8e2e-1e65afa06cea","__parent":"Statics","position":[416,-1143.97998,149.537003],"isRenderEnabled":false,"rotationMatrix":[5.96046448e-08,1,0,-1,5.96046448e-08,0,0,0,1],"shapeName":"/levels/Utah/art/shapes/buildings/ut_tunnel_64m.dae"}
{"class":"TSStatic","persistentId":"3b0aa157-34ee-4ef5-915f-4cabb5eb1a0b","__parent":"Statics","position":[-826,-218.216003,269.002014],"isRenderEnabled":false,"rotationMatrix":[0.305332661,0.951249659,-0.0435436182,-0.950485289,0.301670134,-0.0746511519,-0.0578760691,0.064181,0.996258557],"scale":[1.8527,1.8527,1.8527],"shapeName":"/levels/Utah/art/shapes/rocks/utah_rock_big_2_b.dae"}
{"class":"TSStatic","persistentId":"3b22ee6f-80b2-4835-8c18-aeceb38efa54","__parent":"Statics","position":[-352,-1159.97998,149.552002],"isRenderEnabled":false,"rotationMatrix":[5.96046448e-08,1,0,-1,5.96046448e-08,0,0,0,1],"shapeName":"/levels/Utah/art/shapes/buildings/ut_tunnel_64m.dae"}
{"class":"TSStatic","persistentId":"3b56ac2d-0c59-4624-902a-ccc83d68b926","__parent":"Statics","position":[970.432678,703.859314,234.658768],"isRenderEnabled":false,"rotationMatrix":[-0.034459848,-0.99940604,0,0.99940604,-0.034459848,0,0,0,1],"shapeName":"/levels/Utah/art/shapes/buildings/ut_busstop_old.dae"}
{"class":"TSStatic","persistentId":"3f108979-7846-435a-9932-f4d6486f4f7c","__parent":"Statics","position":[-830.554932,-220.20929,294.89325],"isRenderEnabled":false,"rotationMatrix":[0.210865721,0.976934195,-0.0337054953,-0.977501929,0.210558206,-0.0124675967,-0.0050830422,0.0355761833,0.999353826],"shapeName":"/levels/Utah/art/shapes/rocks/utah_rock_big_2_c.dae"}
{"class":"TSStatic","persistentId":"4010a4db-5830-4df5-97b2-df35fa631181","__parent":"Statics","position":[864,-1159.97998,149.552002],"isRenderEnabled":false,"rotationMatrix":[5.96046448e-08,1,0,-1,5.96046448e-08,0,0,0,1],"shapeName":"/levels/Utah/art/shapes/buildings/ut_tunnel_64m.dae"}
{"class":"TSStatic","persistentId":"40521d57-1477-4980-9496-08e5e4f2ca89","__parent":"Statics","position":[-32,-1143.97998,149.537003],"isRenderEnabled":false,"rotationMatrix":[5.96046448e-08,1,0,-1,5.96046448e-08,0,0,0,1],"shapeName":"/levels/Utah/art/shapes/buildings/ut_tunnel_64m.dae"}
{"class":"TSStatic","persistentId":"418baa5d-512e-4c48-90b2-3803eef826d8","__parent":"Statics","position":[-760.291992,-148.149994,294.548004],"isRenderEnabled":false,"rotationMatrix":[0.739775538,0.671529293,0.0421969891,-0.670723081,0.740968227,-0.0331155434,-0.0535046905,-0.00380442291,0.998560369],"shapeName":"/levels/Utah/art/shapes/rocks/utah_rock_big_2_c.dae"}
{"class":"TSStatic","persistentId":"4598122a-0e87-47bc-b2e3-2c9e84d8834c","__parent":"Statics","position":[-742.549988,-142.449005,271.962006],"isRenderEnabled":false,"rotationMatrix":[0.0883647799,0.994526923,-0.0557478219,-0.989546835,0.0940503478,0.109323084,0.113967851,0.0455047786,0.992441773],"shapeName":"/levels/Utah/art/shapes/rocks/utah_rock_big_2_c.dae"}
{"class":"TSStatic","persistentId":"45e76fe3-05e4-40ef-ac8c-2b69db9015d1","__parent":"Statics","position":[-480,-1159.97998,149.552002],"isRenderEnabled":false,"rotationMatrix":[5.96046448e-08,1,0,-1,5.96046448e-08,0,0,0,1],"shapeName":"/levels/Utah/art/shapes/buildings/ut_tunnel_64m.dae"}
{"class":"TSStatic","persistentId":"4629dfd2-b934-4bf8-af0b-032502252163","__parent":"Statics","position":[-751.68103,-143.175003,276.377991],"isRenderEnabled":false,"rotationMatrix":[0.762319922,0.647200346,-5.58793545e-08,-0.642421603,0.756691158,-0.121297061,-0.0785034597,0.0924672037,0.992616236],"scale":[1.36278999,1.36278999,1.36278999],"shapeName":"/levels/Utah/art/shapes/rocks/utah_rock_big_2_d.dae"}
{"class":"TSStatic","persistentId":"47d0e1d5-f292-41e5-b51e-1a7bd565381f","__parent":"Statics","position":[-716.03302,-388.608002,173.951004],"cloneOrigin":"theTerrain","collisionType":"Visible Mesh Final","isRenderEnabled":false,"rotationMatrix":[0.0391966701,0.997306406,-0.0619973466,-0.970149696,0.0231226087,-0.241402417,-0.239318609,0.0696088895,0.968442678],"scale":[1.80062997,1.80062997,1.80062997],"shapeName":"/levels/Utah/art/shapes/rocks/utah_rock_big_2_c.dae"}
{"class":"TSStatic","persistentId":"4953d058-9d60-4ae3-a993-7d689465276f","__parent":"Statics","position":[818.403015,-240.225998,144.404999],"decalType":"None","isRenderEnabled":false,"rotationMatrix":[0.922556221,0.385862857,0,-0.385862827,0.922556162,0,0,0,1],"shapeName":"/levels/Utah/art/shapes/buildings/busstop_utah.dae"}
{"class":"TSStatic","persistentId":"4cef3704-6426-4c67-a70d-a2fccaf7a250","__parent":"Statics","position":[819.656616,-242.187851,144.346695],"decalType":"None","isRenderEnabled":false,"rotationMatrix":[0.837143064,0.546983957,0,-0.546983957,0.837143064,0,0,0,1],"shapeName":"/levels/Utah/art/shapes/buildings/bussign.dae"}
{"class":"TSStatic","persistentId":"4d6bc0a4-1f55-4464-9778-9b2590347298","__parent":"Statics","position":[-792.322998,-158.998993,292.178009],"isRenderEnabled":false,"rotationMatrix":[0.427512467,0.904009461,0,-0.904009461,0.427512467,0,0,0,1],"shapeName":"/levels/Utah/art/shapes/rocks/utah_rock_big_2_c.dae"}
{"class":"TSStatic","persistentId":"4eebd841-806a-49c0-a2f7-ef0a05fb74fc","__parent":"Statics","position":[-805.921997,-175.845001,294.102997],"isRenderEnabled":false,"rotationMatrix":[0.663264513,0.746586144,-0.0518591851,-0.748358667,0.662229121,-0.0375754014,0.00628938898,0.0637317002,0.997947276],"shapeName":"/levels/Utah/art/shapes/rocks/utah_rock_big_2_c.dae"}
{"class":"TSStatic","persistentId":"5039510f-9ed8-4163-8af9-658783741333","__parent":"Statics","position":[-382.688995,-62.7224998,193.863007],"isRenderEnabled":false,"rotationMatrix":[-0.42598331,0.902167678,-0.0680569559,-0.876449466,-0.430159092,-0.216331571,-0.224442676,-0.0325051472,0.973945022],"scale":[0.79399699,0.79399699,0.79399699],"shapeName":"/levels/Utah/art/shapes/rocks/utah_rock_big_2_b.dae"}
{"class":"TSStatic","persistentId":"504fd4c0-3886-4ca2-9662-38cf3bf97c80","__parent":"Statics","position":[-727.049011,-373.531006,187.431],"collisionType":"Visible Mesh Final","isRenderEnabled":false,"rotationMatrix":[-0.0840872526,-0.996308148,0.0173023939,-0.560363114,0.0329215527,-0.827592492,0.823967576,-0.0792855918,-0.561062574],"scale":[1.80062997,1.80062997,1.80062997],"shapeName":"/levels/Utah/art/shapes/rocks/utah_rock_big_2_c.dae"}
{"class":"TSStatic","persistentId":"50f007cd-c4b1-4a27-8b45-cdc2a56a52c9","__parent":"Statics","position":[-814.362,-183.401001,275.304993],"isRenderEnabled":false,"rotationMatrix":[0.991390586,0.130064577,-0.0150957685,-0.130933344,0.985686123,-0.106204212,0.00106628286,0.107266396,0.994229734],"scale":[1.46442997,1.46442997,1.46442997],"shapeName":"/levels/Utah/art/shapes/rocks/utah_rock_big_2_b.dae"}
{"class":"TSStatic","persistentId":"50fb0728-1cbb-4b4a-9076-a73aec480c93","__parent":"Statics","position":[-765.617981,-152.455994,294.380005],"isRenderEnabled":false,"rotationMatrix":[0.820825398,0.569552898,0.043071527,-0.568628073,0.821951747,-0.0325184949,-0.0539237224,0.00220032688,0.998542607],"shapeName":"/levels/Utah/art/shapes/rocks/utah_rock_big_2_c.dae"}
{"class":"TSStatic","persistentId":"51452627-b829-47d8-9ec3-7aba10c26837","__parent":"Statics","position":[-736,-1159.97998,149.552002],"isRenderEnabled":false,"rotationMatrix":[5.96046448e-08,1,0,-1,5.96046448e-08,0,0,0,1],"shapeName":"/levels/Utah/art/shapes/buildings/ut_tunnel_64m.dae"}
{"class":"TSStatic","persistentId":"52687f5a-94df-4e89-8871-c4991c702624","__parent":"Statics","position":[-608,-1143.97998,149.537003],"isRenderEnabled":false,"rotationMatrix":[5.96046448e-08,1,0,-1,5.96046448e-08,0,0,0,1],"shapeName":"/levels/Utah/art/shapes/buildings/ut_tunnel_64m.dae"}
{"class":"TSStatic","persistentId":"5656dac8-9cf9-4770-91e7-f321309b0d98","__parent":"Statics","position":[-738.166992,-98.5540009,272.390991],"isRenderEnabled":false,"rotationMatrix":[-0.000804305077,-0.999933481,-0.0115101635,-0.68593967,0.00892692804,-0.727603793,0.727658153,0.00731015205,-0.685901403],"shapeName":"/levels/Utah/art/shapes/rocks/utah_rock_big_2_c.dae"}
{"class":"TSStatic","persistentId":"5bb5cc51-2875-4996-aee4-58175555ba2c","__parent":"Statics","position":[32,-1159.97998,149.552002],"isRenderEnabled":false,"rotationMatrix":[5.96046448e-08,1,0,-1,5.96046448e-08,0,0,0,1],"shapeName":"/levels/Utah/art/shapes/buildings/ut_tunnel_64m.dae"}
{"class":"TSStatic","persistentId":"5ef4f383-5aec-458c-ad6e-69c12d42c3e5","__parent":"Statics","position":[608,-1143.97998,149.537003],"isRenderEnabled":false,"rotationMatrix":[5.96046448e-08,1,0,-1,5.96046448e-08,0,0,0,1],"shapeName":"/levels/Utah/art/shapes/buildings/ut_tunnel_64m.dae"}
{"class":"TSStatic","persistentId":"60e05671-86e9-4d3d-a24e-ac74fcfe0bce","__parent":"Statics","position":[0,0,100],"isRenderEnabled":false,"shapeName":"/levels/Utah/art/shapes/buildings/ut_tunnel_end_east.dae"}
{"class":"TSStatic","persistentId":"65f98646-7632-4ce2-875f-bfb1cb02b963","__parent":"Statics","position":[-745.223022,-132.656998,274.376007],"isRenderEnabled":false,"rotationMatrix":[-0.180174232,0.983316898,-0.0250014886,-0.969660163,-0.181826353,-0.163395911,-0.165215909,-0.00519678742,0.986243725],"scale":[1.46442997,1.46442997,1.46442997],"shapeName":"/levels/Utah/art/shapes/rocks/utah_rock_big_2_b.dae"}
{"class":"TSStatic","persistentId":"67566c79-aec3-430d-bf9a-eca1971724a7","__parent":"Statics","position":[-800,-1159.97998,149.552002],"isRenderEnabled":false,"rotationMatrix":[5.96046448e-08,1,0,-1,5.96046448e-08,0,0,0,1],"shapeName":"/levels/Utah/art/shapes/buildings/ut_tunnel_64m.dae"}
{"class":"TSStatic","persistentId":"67a92823-c013-4281-a85b-c5970f2c01a3","__parent":"Statics","position":[-737.880005,-113.088997,272.644989],"isRenderEnabled":false,"rotationMatrix":[-0.000804662704,-0.999933541,-0.0115097761,-0.475453317,0.0105080009,-0.879678309,0.879740715,0.00476467609,-0.47543025],"shapeName":"/levels/Utah/art/shapes/rocks/utah_rock_big_2_c.dae"}
{"class":"TSStatic","persistentId":"6933d610-8d0e-4c3c-88bf-e0edeb3e6bc0","__parent":"Statics","position":[-352,-1143.97998,149.537003],"isRenderEnabled":false,"rotationMatrix":[5.96046448e-08,1,0,-1,5.96046448e-08,0,0,0,1],"shapeName":"/levels/Utah/art/shapes/buildings/ut_tunnel_64m.dae"}
{"class":"TSStatic","persistentId":"6a8176e3-b218-4d0a-ad5b-2370083df074","__parent":"Statics","position":[-768.151978,-155.160995,276.191986],"isRenderEnabled":false,"rotationMatrix":[0.855161071,-0.505507946,0.114722811,0.512383461,0.857852936,-0.0393899158,-0.0785033777,0.092466794,0.992616296],"scale":[1.36278999,1.36278999,1.36278999],"shapeName":"/levels/Utah/art/shapes/rocks/utah_rock_big_2_d.dae"}
{"class":"TSStatic","persistentId":"6bba16b4-dde6-4e59-93e1-a03f161eeae4","__parent":"Statics","position":[-712.171997,-362.033997,174.113998],"collisionType":"Visible Mesh Final","isRenderEnabled":false,"rotationMatrix":[0.15037781,0.988048732,-0.0338574052,-0.974397123,0.14233619,-0.174042225,-0.167143062,0.0591626465,0.984155953],"scale":[1.80062997,1.80062997,1.80062997],"shapeName":"/levels/Utah/art/shapes/rocks/utah_rock_big_2_c.dae"}
{"class":"TSStatic","persistentId":"6e47c861-8a43-4067-9332-12675f22892b","__parent":"Statics","position":[-745.289001,-383.446991,187.682007],"collisionType":"Visible Mesh Final","isRenderEnabled":false,"rotationMatrix":[-0.956833601,-0.290042371,-0.0185670704,0.0788434818,-0.197550058,-0.977116942,0.279737413,-0.936402321,0.211890578],"scale":[1.80062997,1.80062997,1.80062997],"shapeName":"/levels/Utah/art/shapes/rocks/utah_rock_big_2_c.dae"}
{"class":"TSStatic","persistentId":"6ecddb56-04fe-42e2-8ea8-d1fd65cedc7c","__parent":"Statics","position":[32,-1143.97998,149.537003],"isRenderEnabled":false,"rotationMatrix":[5.96046448e-08,1,0,-1,5.96046448e-08,0,0,0,1],"shapeName":"/levels/Utah/art/shapes/buildings/ut_tunnel_64m.dae"}
{"class":"TSStatic","persistentId":"6fd7517b-ed24-46d1-9954-30e2fae233dd","__parent":"Statics","position":[-714.960999,-375.721008,175.091995],"collisionType":"Visible Mesh Final","isRenderEnabled":false,"rotationMatrix":[-0.157929659,-0.987114489,-0.0257565975,-0.550515115,0.109671593,-0.827590108,0.819750905,-0.116521508,-0.560741901],"scale":[1.80062997,1.80062997,1.80062997],"shapeName":"/levels/Utah/art/shapes/rocks/utah_rock_big_2_c.dae"}
{"class":"TSStatic","persistentId":"6fed133d-9525-425e-8973-d698be131326","__parent":"Statics","position":[-270.734161,-375.475159,134.722687],"isRenderEnabled":false,"rotationMatrix":[0.669439554,-0.740854144,-0.0546420179,0.742850125,0.66712296,0.055866681,-0.00493612327,-0.0779901743,0.996942103],"shapeName":"/levels/Utah/art/shapes/buildings/ut_busstop_old_sign.dae"}
{"class":"TSStatic","persistentId":"7592d7da-ff12-4707-9926-56fff280fd5d","__parent":"Statics","position":[-725.622986,-360.264008,187.184998],"collisionType":"Visible Mesh Final","isRenderEnabled":false,"rotationMatrix":[-0.0774903297,0.99638617,-0.034786351,-0.979748726,-0.08256495,-0.18241629,-0.184629172,0.0199464038,0.982605815],"scale":[1.80062997,1.80062997,1.80062997],"shapeName":"/levels/Utah/art/shapes/rocks/utah_rock_big_2_c.dae"}
{"class":"TSStatic","persistentId":"791c1c5d-03f4-4803-b66d-2e2a998164c2","__parent":"Statics","position":[-737.575989,-105.864998,271.924988],"isRenderEnabled":false,"rotationMatrix":[-0.0278636217,0.999149919,-0.0303820446,-0.986862779,-0.0226567984,0.159964025,0.159139663,0.0344400927,0.986655176],"shapeName":"/levels/Utah/art/shapes/rocks/utah_rock_big_2_c.dae"}
{"class":"TSStatic","persistentId":"7aa4fd46-83ee-42b6-ae4a-650fe5df716f","__parent":"Statics","position":[-748.549988,-114.515999,294.988007],"isRenderEnabled":false,"rotationMatrix":[0.181918442,0.983262539,-0.0100264661,-0.978765249,0.180087984,-0.0979128629,-0.0944683999,0.0276257135,0.995144486],"shapeName":"/levels/Utah/art/shapes/rocks/utah_rock_big_2_c.dae"}
{"class":"TSStatic","persistentId":"7d3a1eea-836e-4004-a6cd-fc8a898e034a","__parent":"Statics","position":[-800,-1143.97998,149.537003],"isRenderEnabled":false,"rotationMatrix":[5.96046448e-08,1,0,-1,5.96046448e-08,0,0,0,1],"shapeName":"/levels/Utah/art/shapes/buildings/ut_tunnel_64m.dae"}
{"class":"TSStatic","persistentId":"7e269716-6489-4f3c-b073-f45834393136","__parent":"Statics","position":[-480,-1143.97998,149.537003],"isRenderEnabled":false,"rotationMatrix":[5.96046448e-08,1,0,-1,5.96046448e-08,0,0,0,1],"shapeName":"/levels/Utah/art/shapes/buildings/ut_tunnel_64m.dae"}
{"class":"TSStatic","persistentId":"7e92659a-1b1f-4d8f-9ea8-7c4a9e810e42","__parent":"Statics","position":[-386.040375,-69.1682968,204.124603],"isRenderEnabled":false,"rotationMatrix":[0.306369513,0.947736084,0.0890720487,-0.748437703,0.297644019,-0.592662632,-0.588199615,0.114908941,0.800510466],"shapeName":"/levels/Utah/art/shapes/rocks/utah_rock_big_2_c.dae"}
{"class":"TSStatic","persistentId":"7f225afe-6b67-461e-8a5d-0ebb4dce9c41","__parent":"Statics","position":[958.256287,692.006958,234.065826],"isRenderEnabled":false,"rotationMatrix":[0.0146350451,0.99989295,0,-0.99989301,0.014635046,0,0,0,1],"shapeName":"/levels/Utah/art/shapes/buildings/ut_busstop_old.dae"}
{"class":"TSStatic","persistentId":"820533e1-4376-4c02-b68d-c33e80538b29","__parent":"Statics","position":[224,-1143.97998,149.537003],"isRenderEnabled":false,"rotationMatrix":[5.96046448e-08,1,0,-1,5.96046448e-08,0,0,0,1],"shapeName":"/levels/Utah/art/shapes/buildings/ut_tunnel_64m.dae"}
{"class":"TSStatic","persistentId":"89679946-36cf-4b52-b470-a6ebfedb6982","__parent":"Statics","position":[-745.434998,-118.460999,275.375],"isRenderEnabled":false,"rotationMatrix":[0.185183287,0.982037187,0.0361966714,-0.968616009,0.188619256,-0.161882624,-0.165802121,-0.00508271158,0.986145973],"scale":[1.46442997,1.46442997,1.46442997],"shapeName":"/levels/Utah/art/shapes/rocks/utah_rock_big_2_b.dae"}
{"class":"TSStatic","persistentId":"89846f9d-0bca-483f-a342-848a9ab7f0bf","__parent":"Statics","position":[-641.205261,535.296631,255.662308],"isRenderEnabled":false,"rotationMatrix":[-0.00734792138,0.99879247,0.0485477671,-0.99192363,-0.00113358838,-0.126818985,-0.126610979,-0.0490876287,0.990735352],"shapeName":"/levels/Utah/art/shapes/buildings/ut_busstop_old_sign.dae"}
{"class":"TSStatic","persistentId":"899d1caf-497e-477d-a91e-e4f8a7507528","__parent":"Statics","position":[672,-1143.97998,149.537003],"isRenderEnabled":false,"rotationMatrix":[5.96046448e-08,1,0,-1,5.96046448e-08,0,0,0,1],"shapeName":"/levels/Utah/art/shapes/buildings/ut_tunnel_64m.dae"}
{"class":"TSStatic","persistentId":"8ccfb5b9-9d69-45cd-bf79-1b57cb43194b","__parent":"Statics","position":[544,-1143.97998,149.537003],"isRenderEnabled":false,"rotationMatrix":[5.96046448e-08,1,0,-1,5.96046448e-08,0,0,0,1],"shapeName":"/levels/Utah/art/shapes/buildings/ut_tunnel_64m.dae"}
{"class":"TSStatic","persistentId":"8dae8f9b-ae61-42e4-9973-b240ad6e6b8f","__parent":"Statics","position":[-736,-1143.97998,149.537003],"isRenderEnabled":false,"rotationMatrix":[5.96046448e-08,1,0,-1,5.96046448e-08,0,0,0,1],"shapeName":"/levels/Utah/art/shapes/buildings/ut_tunnel_64m.dae"}
{"class":"TSStatic","persistentId":"8e4e08a6-b1cb-4827-b0e3-7ef436878c0c","__parent":"Statics","position":[-771.911011,-154.942993,271.716003],"isRenderEnabled":false,"rotationMatrix":[0.0640686154,0.995731294,-0.0664409101,-0.997500479,0.0619099736,-0.0340567529,-0.0297980234,0.0684568137,0.997208953],"scale":[1.36278999,1.36278999,1.36278999],"shapeName":"/levels/Utah/art/shapes/rocks/utah_rock_big_2_d.dae"}
{"class":"TSStatic","persistentId":"8ec14534-999c-4698-a496-0fdc411fc180","__parent":"Statics","position":[0,0,100],"isRenderEnabled":false,"shapeName":"/levels/Utah/art/shapes/buildings/ut_tunnel_end_west.dae"}
{"class":"TSStatic","persistentId":"92055372-2f90-44c1-a6d1-154a820e1545","__parent":"Statics","position":[-789.169006,-145.115997,292.674011],"isRenderEnabled":false,"rotationMatrix":[0.378340065,0.92566669,0,-0.92566669,0.378340065,0,0,0,1],"shapeName":"/levels/Utah/art/shapes/rocks/utah_rock_big_2_c.dae"}
{"class":"TSStatic","persistentId":"922aa458-bfaf-4ffa-8dd9-5d11a8547a04","__parent":"Statics","position":[-864,-1143.97998,149.537003],"isRenderEnabled":false,"rotationMatrix":[5.96046448e-08,1,0,-1,5.96046448e-08,0,0,0,1],"shapeName":"/levels/Utah/art/shapes/buildings/ut_tunnel_64m.dae"}
{"class":"TSStatic","persistentId":"924ae0c8-dd05-4414-9319-2ae30b411402","__parent":"Statics","position":[-389.968994,-75.672699,203.707993],"isRenderEnabled":false,"rotationMatrix":[0.784426451,0.620221794,0,-0.561648786,0.710346401,-0.424215585,-0.263107717,0.332765907,0.905561566],"shapeName":"/levels/Utah/art/shapes/rocks/utah_rock_big_2_c.dae"}
{"class":"TSStatic","persistentId":"958c092f-a166-4460-868c-f7893ec264b5","__parent":"Statics","position":[-416,-1143.97998,149.537003],"isRenderEnabled":false,"rotationMatrix":[5.96046448e-08,1,0,-1,5.96046448e-08,0,0,0,1],"shapeName":"/levels/Utah/art/shapes/buildings/ut_tunnel_64m.dae"}
{"class":"TSStatic","persistentId":"981edb53-09ef-48d0-8a74-f43b640c7e9d","__parent":"Statics","position":[-289.810944,-376.271851,134.141495],"isRenderEnabled":false,"rotationMatrix":[0.803399622,0.59544003,0,-0.59544003,0.803399622,0,0,0,1],"shapeName":"/levels/Utah/art/shapes/buildings/ut_busstop_old.dae"}
{"class":"TSStatic","persistentId":"9950fbaa-69d1-4966-983b-d79dc3dad395","__parent":"Statics","position":[-272.176636,-378.730591,134.307098],"isRenderEnabled":false,"rotationMatrix":[-0.803399622,-0.595440269,0,0.595440269,-0.803399622,0,0,0,1],"shapeName":"/levels/Utah/art/shapes/buildings/ut_busstop_old.dae"}
{"class":"TSStatic","persistentId":"9b4ebc3d-0625-41f4-ad04-1f301112a26d","__parent":"Statics","position":[-689.130249,528.693542,255.803131],"isRenderEnabled":false,"rotationMatrix":[-0.422324628,-0.904858351,-0.0535967872,0.901774168,-0.413419694,-0.126041576,0.091891855,-0.101562694,0.99057579],"shapeName":"/levels/Utah/art/shapes/buildings/ut_busstop_old_sign.dae"}
{"class":"TSStatic","persistentId":"9c4d8346-f65a-4941-b8be-9166c732d251","__parent":"Statics","position":[-672,-1143.97998,149.537003],"isRenderEnabled":false,"rotationMatrix":[5.96046448e-08,1,0,-1,5.96046448e-08,0,0,0,1],"shapeName":"/levels/Utah/art/shapes/buildings/ut_tunnel_64m.dae"}
{"class":"TSStatic","persistentId":"9ed27983-abe9-476c-ac7c-2425cc9eb12e","__parent":"Statics","position":[-544,-1143.97998,149.537003],"isRenderEnabled":false,"rotationMatrix":[5.96046448e-08,1,0,-1,5.96046448e-08,0,0,0,1],"shapeName":"/levels/Utah/art/shapes/buildings/ut_tunnel_64m.dae"}
{"class":"TSStatic","persistentId":"a0d8bfba-a6bd-4612-a38c-17cc9aefb883","__parent":"Statics","position":[-383.601013,-73.3811035,194.554993],"isRenderEnabled":false,"rotationMatrix":[0.575571656,0.809156418,0.118250668,-0.787644982,0.587430537,-0.185851365,-0.219846874,0.0138312355,0.97543633],"scale":[0.714938998,0.714938998,0.714938998],"shapeName":"/levels/Utah/art/shapes/rocks/utah_rock_big_2_b.dae"}
{"class":"TSStatic","persistentId":"a37c2874-19b1-4f1f-b0c0-0976345db8c9","__parent":"Statics","position":[-738.684998,-120.161003,272.040009],"isRenderEnabled":false,"rotationMatrix":[0.172868252,0.982979417,-0.0621936508,-0.972003698,0.180458784,0.150477111,0.159139305,0.03443975,0.986655235],"shapeName":"/levels/Utah/art/shapes/rocks/utah_rock_big_2_c.dae"}
{"class":"TSStatic","persistentId":"a60553ed-b60b-43c8-9b5d-39f5c8279ef8","__parent":"Statics","position":[288,-1159.97998,149.552002],"isRenderEnabled":false,"rotationMatrix":[5.96046448e-08,1,0,-1,5.96046448e-08,0,0,0,1],"shapeName":"/levels/Utah/art/shapes/buildings/ut_tunnel_64m.dae"}
{"class":"TSStatic","persistentId":"aaea0f83-d8df-40af-9224-6a5df4146a2f","__parent":"Statics","position":[-745.557007,-147.938004,271.972992],"isRenderEnabled":false,"rotationMatrix":[0.8908813,0.451858252,-0.0464184992,-0.451863021,0.892019629,0.0109896623,0.0463719852,0.0111843199,0.998861611],"shapeName":"/levels/Utah/art/shapes/rocks/utah_rock_big_2_c.dae"}
{"class":"TSStatic","persistentId":"abdfef0e-17d3-4281-a528-1fdda8d392ed","__parent":"Statics","position":[-224,-1143.97998,149.537003],"isRenderEnabled":false,"rotationMatrix":[5.96046448e-08,1,0,-1,5.96046448e-08,0,0,0,1],"shapeName":"/levels/Utah/art/shapes/buildings/ut_tunnel_64m.dae"}
{"class":"TSStatic","persistentId":"ac543ebc-c9c8-496d-93c6-3361742b240b","__parent":"Statics","position":[-750.203979,-135.459,294.93399],"isRenderEnabled":false,"rotationMatrix":[-0.356213212,0.933729112,-0.0355332419,-0.934319198,-0.356438279,-3.16649675e-08,-0.0126654264,0.0331993699,0.999368489],"shapeName":"/levels/Utah/art/shapes/rocks/utah_rock_big_2_c.dae"}
{"class":"TSStatic","persistentId":"ae0f34c6-49a3-4b3d-aeb3-cbfce7320639","__parent":"Statics","position":[-96,-1143.97998,149.537003],"isRenderEnabled":false,"rotationMatrix":[5.96046448e-08,1,0,-1,5.96046448e-08,0,0,0,1],"shapeName":"/levels/Utah/art/shapes/buildings/ut_tunnel_64m.dae"}
{"class":"TSStatic","persistentId":"ae52a07a-e5f7-4016-a3f6-d35796022214","__parent":"Statics","position":[-160,-1143.97998,149.537003],"isRenderEnabled":false,"rotationMatrix":[5.96046448e-08,1,0,-1,5.96046448e-08,0,0,0,1],"shapeName":"/levels/Utah/art/shapes/buildings/ut_tunnel_64m.dae"}
{"class":"TSStatic","persistentId":"b1575521-9b16-4198-9d18-b2a736df8dab","__parent":"Statics","position":[96,-1143.97998,149.537003],"isRenderEnabled":false,"rotationMatrix":[5.96046448e-08,1,0,-1,5.96046448e-08,0,0,0,1],"shapeName":"/levels/Utah/art/shapes/buildings/ut_tunnel_64m.dae"}
{"class":"TSStatic","persistentId":"b424ba83-16b7-4dcc-97ba-01e76ea8d11e","__parent":"Statics","position":[352,-1143.97998,149.537003],"isRenderEnabled":false,"rotationMatrix":[5.96046448e-08,1,0,-1,5.96046448e-08,0,0,0,1],"shapeName":"/levels/Utah/art/shapes/buildings/ut_tunnel_64m.dae"}
{"class":"TSStatic","persistentId":"bbaa2478-9424-4536-bc3b-d3ed79af4916","__parent":"Statics","position":[443.931,381.584991,174.389008],"isRenderEnabled":false,"rotationMatrix":[-0.965659618,-0.192360282,-0.174641341,0.232225537,-0.940467596,-0.248178393,-0.116504818,-0.280211955,0.952841997],"shapeName":"/levels/Utah/art/shapes/buildings/ut_jump_sign_down.dae"}
{"class":"TSStatic","persistentId":"bc3fcad5-39e3-4cc7-8f20-7cc08bb55ecd","__parent":"Statics","position":[224,-1159.97998,149.552002],"isRenderEnabled":false,"rotationMatrix":[5.96046448e-08,1,0,-1,5.96046448e-08,0,0,0,1],"shapeName":"/levels/Utah/art/shapes/buildings/ut_tunnel_64m.dae"}
{"class":"TSStatic","persistentId":"bd04f87b-9742-4c56-b9df-4b283978c6d3","__parent":"Statics","position":[-835.596985,-222.886993,294.052002],"isRenderEnabled":false,"rotationMatrix":[0.977706432,-0.209180579,0.0182657111,0.203904673,0.966603041,0.155246392,-0.0501302257,-0.148060933,0.9877069],"scale":[1.38037002,1.38037002,1.38037002],"shapeName":"/levels/Utah/art/shapes/rocks/utah_rock_big_2_c.dae"}
{"class":"TSStatic","persistentId":"c4085dd5-88c3-40b9-af2c-97e457a0fe81","__parent":"Statics","position":[-96,-1159.97998,149.552002],"isRenderEnabled":false,"rotationMatrix":[5.96046448e-08,1,0,-1,5.96046448e-08,0,0,0,1],"shapeName":"/levels/Utah/art/shapes/buildings/ut_tunnel_64m.dae"}
{"class":"TSStatic","persistentId":"c4c4e76a-1d80-43f8-9c60-1197e7e9de2e","__parent":"Statics","position":[800,-1143.97998,149.537003],"isRenderEnabled":false,"rotationMatrix":[5.96046448e-08,1,0,-1,5.96046448e-08,0,0,0,1],"shapeName":"/levels/Utah/art/shapes/buildings/ut_tunnel_64m.dae"}
{"class":"TSStatic","persistentId":"c60f0fd2-3f08-480d-9ca5-340ab5b69d51","__parent":"Statics","position":[-291.175568,-379.527283,134.341324],"isRenderEnabled":false,"rotationMatrix":[-0.66286093,0.740855157,-0.108401366,-0.744936883,-0.667122304,-0.00416679448,-0.0754040182,0.0779901966,0.994098425],"shapeName":"/levels/Utah/art/shapes/buildings/ut_busstop_old_sign.dae"}
{"class":"TSStatic","persistentId":"c6c628da-1f5b-4f67-b4a9-f2a57ebe73d5","__parent":"Statics","position":[-751.440002,-141.313004,295.063995],"isRenderEnabled":false,"rotationMatrix":[0.741599321,0.670719385,-0.0128829386,-0.670723557,0.740967751,-0.0331155621,-0.0126654059,0.0331993662,0.999368489],"shapeName":"/levels/Utah/art/shapes/rocks/utah_rock_big_2_c.dae"}
{"class":"TSStatic","persistentId":"caf9e782-5e56-4739-98ad-a42dee19c4c2","__parent":"Statics","position":[352,-1159.97998,149.552002],"isRenderEnabled":false,"rotationMatrix":[5.96046448e-08,1,0,-1,5.96046448e-08,0,0,0,1],"shapeName":"/levels/Utah/art/shapes/buildings/ut_tunnel_64m.dae"}
{"class":"TSStatic","persistentId":"cb505e5c-0df9-4a13-9bca-bc028e87929d","__parent":"Statics","position":[608,-1159.97998,149.552002],"isRenderEnabled":false,"rotationMatrix":[5.96046448e-08,0.99999994,0,-0.99999994,5.96046448e-08,0,0,0,1],"shapeName":"/levels/Utah/art/shapes/buildings/ut_tunnel_64m.dae"}
{"class":"TSStatic","persistentId":"cd394297-49ef-4637-83df-acc9d3439ea9","__parent":"Statics","position":[288,-1143.97998,149.537003],"isRenderEnabled":false,"rotationMatrix":[5.96046448e-08,1,0,-1,5.96046448e-08,0,0,0,1],"shapeName":"/levels/Utah/art/shapes/buildings/ut_tunnel_64m.dae"}
{"class":"TSStatic","persistentId":"d41566e5-66ba-4df2-85e8-351b98762b5a","__parent":"Statics","position":[480,-1143.97998,149.537003],"isRenderEnabled":false,"rotationMatrix":[5.96046448e-08,1,0,-1,5.96046448e-08,0,0,0,1],"shapeName":"/levels/Utah/art/shapes/buildings/ut_tunnel_64m.dae"}
{"class":"TSStatic","persistentId":"d7b4da23-1a76-4d4c-a129-ae2b1bab590a","__parent":"Statics","position":[-842.737,-225.539001,269.050995],"isRenderEnabled":false,"rotationMatrix":[0.932757974,-0.360186934,-0.0150958598,0.35669446,0.92816478,-0.106203675,0.0522646233,0.0936777145,0.994229794],"scale":[1.84052002,1.84052002,1.84052002],"shapeName":"/levels/Utah/art/shapes/rocks/utah_rock_big_2_b.dae"}
{"class":"TSStatic","persistentId":"d81ade68-d74c-4289-a8ce-64a275c9806a","__parent":"Statics","position":[-288,-1159.97998,149.552002],"isRenderEnabled":false,"rotationMatrix":[5.96046448e-08,1,0,-1,5.96046448e-08,0,0,0,1],"shapeName":"/levels/Utah/art/shapes/buildings/ut_tunnel_64m.dae"}
{"class":"TSStatic","persistentId":"d89ddc81-ac3c-40a4-b536-dd97ba9d7a1b","__parent":"Statics","position":[-160,-1159.97998,149.552002],"isRenderEnabled":false,"rotationMatrix":[5.96046448e-08,1,0,-1,5.96046448e-08,0,0,0,1],"shapeName":"/levels/Utah/art/shapes/buildings/ut_tunnel_64m.dae"}
{"class":"TSStatic","persistentId":"da38b974-d3b7-448b-98c3-016f710e0968","__parent":"Statics","position":[160,-1159.97998,149.552002],"isRenderEnabled":false,"rotationMatrix":[5.96046448e-08,1,0,-1,5.96046448e-08,0,0,0,1],"shapeName":"/levels/Utah/art/shapes/buildings/ut_tunnel_64m.dae"}
