{"class":"TSStatic","persistentId":"0025547a-86e5-4346-8266-192523e3f795","__parent":"Layby","position":[363.524139,896.618347,248.856506],"annotation":"ROCK","isRenderEnabled":false,"rotationMatrix":[-0.000479668379,-0.999999642,0,0.999999642,-0.000479668379,0,0,0,1],"scale":[1.92248201,1.92248201,1.92248201],"shapeName":"/levels/Utah/art/shapes/rocks/utah_rock_big_2_e.dae"}
{"class":"TSStatic","persistentId":"0de152cf-2525-45c3-b8a7-028b1255153c","__parent":"Layby","position":[370.006042,893.008545,259.872223],"annotation":"ROCK","isRenderEnabled":false,"rotationMatrix":[-0.657019973,0.634235799,0.40751335,-0.688806772,-0.724736691,0.0174128562,0.306383729,-0.269257188,0.913032651],"shapeName":"/levels/Utah/art/shapes/rocks/utah_rock_flat_b.dae"}
{"class":"TSStatic","persistentId":"114b6c67-3407-4ea7-bdf8-57d47bb066e5","__parent":"Layby","position":[368.814056,892.00177,259.85144],"annotation":"ROCK","isRenderEnabled":false,"rotationMatrix":[0.643403947,-0.641458213,-0.417799234,0.732259572,0.674840093,0.0915653631,0.223212317,-0.364852011,0.903911293],"shapeName":"/levels/Utah/art/shapes/rocks/utah_rock_flat_b.dae"}
{"class":"TSStatic","persistentId":"1aba551f-d739-4935-bebf-58bed38b46d3","__parent":"Layby","position":[380.244049,924.104736,262.861389],"annotation":"ROCK","isRenderEnabled":false,"rotationMatrix":[0.952218533,0.305418342,0,-0.305418342,0.952218533,0,0,0,1],"shapeName":"/levels/Utah/art/shapes/rocks/utah_rock_big_2_c.dae"}
{"class":"TSStatic","persistentId":"202ee586-c614-4cbe-ab22-257cdde1df93","__parent":"Layby","position":[357.238251,901.491455,249.438507],"annotation":"ROCK","isRenderEnabled":false,"rotationMatrix":[0.551471651,-0.834195077,0,0.834195077,0.551471651,0,0,0,1],"shapeName":"/levels/Utah/art/shapes/rocks/utah_rock_big_2_b.dae"}
{"class":"TSStatic","persistentId":"33ae511c-756e-4334-920e-0e1906deba3c","__parent":"Layby","position":[361.808075,904.906555,250.954712],"annotation":"ROCK","isRenderEnabled":false,"rotationMatrix":[-0.689985096,0.723824203,0,-0.723824203,-0.689985096,0,0,0,1],"scale":[2,2,2],"shapeName":"/levels/Utah/art/shapes/rocks/utah_rock_big_2_c.dae"}
{"class":"TSStatic","persistentId":"36530c20-05d1-40b3-9c73-ccd3b229cacf","__parent":"Layby","position":[366.429596,914.217896,255.176758],"annotation":"ROCK","isRenderEnabled":false,"scale":[1.92248201,1.92248201,1.92248201],"shapeName":"/levels/Utah/art/shapes/rocks/utah_rock_big_2_e.dae"}
{"class":"TSStatic","persistentId":"3c093b35-a613-4c17-a8f7-63c4e29f28fe","__parent":"Layby","position":[392.177612,929.17804,263.997498],"annotation":"ROCK","isRenderEnabled":false,"rotationMatrix":[0.948750079,0.314736634,-0.0285249315,0.310870409,-0.945698082,-0.0949402675,-0.0568573624,0.0812076032,-0.995072842],"shapeName":"/levels/Utah/art/shapes/rocks/utah_rock_big_2_c.dae"}
{"class":"TSStatic","persistentId":"447e86cd-0e8b-4ecc-9b78-5a94ed5e3d94","__parent":"Layby","position":[387.731598,927.77417,263.793213],"annotation":"ROCK","isRenderEnabled":false,"rotationMatrix":[0.972053528,0.233018771,-0.0285248756,0.229425728,-0.968684435,-0.0949402899,-0.0497546718,0.0857432932,-0.99507302],"shapeName":"/levels/Utah/art/shapes/rocks/utah_rock_big_2_c.dae"}
{"class":"TSStatic","persistentId":"4aa89344-a1eb-43b1-88f3-c82bd63fe974","__parent":"Layby","position":[358.777069,899.405029,255.758316],"annotation":"ROCK","isRenderEnabled":false,"rotationMatrix":[-0.97260952,-0.232438833,0,0.232438833,-0.97260952,0,0,0,1],"scale":[1.92248201,1.92248201,1.92248201],"shapeName":"/levels/Utah/art/shapes/rocks/utah_rock_big_2_e.dae"}
{"class":"TSStatic","persistentId":"4b4c34ec-3407-4298-b352-5670b551c099","__parent":"Layby","position":[361.582001,900.422852,260.683289],"annotation":"ROCK","isRenderEnabled":false,"rotationMatrix":[-0.35037297,0.936610281,0,-0.936610281,-0.35037297,0,0,0,1],"shapeName":"/levels/Utah/art/shapes/rocks/utah_rock_flat_b.dae"}
{"class":"TSStatic","persistentId":"50bb682e-9beb-4e6b-b7b0-f7487d5b7311","__parent":"Layby","position":[370.111389,890.0979,251.041199],"annotation":"ROCK","isRenderEnabled":false,"rotationMatrix":[0.832750797,-0.55342567,0.0157569032,0.550292909,0.830494702,0.0863745213,-0.0608882196,-0.0632574111,0.996136427],"scale":[1.92247999,1.92247999,1.39999998],"shapeName":"/levels/Utah/art/shapes/rocks/utah_rock_big_2_e.dae"}
{"class":"TSStatic","persistentId":"52a219a1-dc48-49ee-9c4f-cf12a4774ed0","__parent":"Layby","position":[356.980927,899.379944,251.351135],"annotation":"ROCK","isRenderEnabled":false,"rotationMatrix":[-0.999879479,0.015506031,0,-0.015506031,-0.999879479,0,0,0,1],"scale":[1.92248201,1.92248201,1.92248201],"shapeName":"/levels/Utah/art/shapes/rocks/utah_rock_big_2_e.dae"}
{"class":"TSStatic","persistentId":"553c09c8-fe52-43c4-99ba-72d00a8fd981","__parent":"Layby","position":[364.87851,903.751831,251.783554],"annotation":"ROCK","isRenderEnabled":false,"rotationMatrix":[0.738364339,0.674403965,0,-0.674403965,0.738364339,0,0,0,1],"scale":[1.5,1.5,1.5],"shapeName":"/levels/Utah/art/shapes/rocks/utah_rock_big_2_e.dae"}
{"class":"TSStatic","persistentId":"57f6dab6-1e48-4fff-bffe-08322b3cb8be","__parent":"Layby","position":[363.059875,902.936951,249.193817],"annotation":"ROCK","isRenderEnabled":false,"rotationMatrix":[-0.687766314,0.725932121,0,-0.725932121,-0.687766314,0,0,0,1],"shapeName":"/levels/Utah/art/shapes/rocks/utah_rock_big_2_b.dae"}
{"class":"TSStatic","persistentId":"58bfecee-6459-4094-abdb-bcee4be1b620","__parent":"Layby","position":[311.617401,906.846191,262.251709],"annotation":"ROCK","isRenderEnabled":false,"rotationMatrix":[0.99369508,-0.100014307,-0.0506225899,0.0895311907,0.979868233,-0.178444237,0.067450285,0.172789037,0.98264426],"scale":[1.5,1.5,1.5],"shapeName":"/levels/Utah/art/shapes/rocks/utah_rock_big_2_c.dae"}
{"class":"TSStatic","persistentId":"5e823a14-9a15-4d96-a988-fc5c62b5f505","__parent":"Layby","position":[331.576874,908.425171,261.456329],"annotation":"ROCK","isRenderEnabled":false,"scale":[1.92248201,1.92248201,1.92248201],"shapeName":"/levels/Utah/art/shapes/rocks/utah_rock_big_2_e.dae"}
{"class":"TSStatic","persistentId":"60e4766e-0124-42e4-b4d2-7023bb331882","__parent":"Layby","position":[380.595245,923.258118,261.732788],"annotation":"ROCK","isRenderEnabled":false,"rotationMatrix":[0.941690624,0.336481214,0,-0.336481214,0.941690624,0,0,0,1],"shapeName":"/levels/Utah/art/shapes/rocks/utah_rock_big_2_b_top.dae"}
{"class":"TSStatic","persistentId":"60f9e0d2-6e4c-4734-98fe-2c7674160676","__parent":"Layby","position":[352.245819,913.400635,263.693542],"annotation":"ROCK","isRenderEnabled":false,"shapeName":"/levels/Utah/art/shapes/rocks/utah_rock_big_2_d_top.dae"}
{"class":"TSStatic","persistentId":"634dd335-d9d0-4392-b530-3e20390db19f","__parent":"Layby","position":[399.960144,933.296997,250.281952],"annotation":"ROCK","isRenderEnabled":false,"rotationMatrix":[-0.972143888,-0.234384611,0,0.234384611,-0.972143888,0,0,0,1],"shapeName":"/levels/Utah/art/shapes/rocks/utah_rock_big_2_b.dae"}
{"class":"TSStatic","persistentId":"7511b173-f9c1-4708-8f2b-d58bfb89ac17","__parent":"Layby","position":[365.870728,914.960327,249.151611],"annotation":"ROCK","isRenderEnabled":false,"rotationMatrix":[0.909231067,0.41629234,0,-0.41629234,0.909231067,0,0,0,1],"shapeName":"/levels/Utah/art/shapes/rocks/utah_rock_big_2_d.dae"}
{"class":"TSStatic","persistentId":"8684b15c-c0bb-4dbf-bf41-c1821864dbba","__parent":"Layby","position":[355.348419,913.913208,250.273193],"annotation":"ROCK","isRenderEnabled":false,"rotationMatrix":[-0.102679655,0.994713962,0,-0.994713962,-0.102679655,0,0,0,1],"shapeName":"/levels/Utah/art/shapes/rocks/utah_rock_big_2_b.dae"}
{"class":"TSStatic","persistentId":"8f934615-2e2a-4a71-ab95-9738f735b06c","__parent":"Layby","position":[365.815186,903.478882,254.355499],"annotation":"ROCK","isRenderEnabled":false,"rotationMatrix":[0.491538852,0.867649317,-0.0746580735,-0.869677603,0.493524462,0.0097078355,0.0452685356,0.0601564944,0.997159064],"scale":[0.5,0.699999988,0.600000024],"shapeName":"/levels/Utah/art/shapes/rocks/utah_rock_big_2_d.dae"}
{"class":"TSStatic","persistentId":"9082abf2-27e0-43e4-b7fa-24e2bc079a0f","__parent":"Layby","position":[365.526093,892.654968,255.438049],"annotation":"ROCK","isRenderEnabled":false,"rotationMatrix":[-0.819959104,-0.572422922,0,0.572422922,-0.819959104,0,0,0,1],"shapeName":"/levels/Utah/art/shapes/rocks/utah_rock_big_2_e.dae"}
{"class":"TSStatic","persistentId":"911d9d79-6964-4507-99af-739e70d2e98b","__parent":"Layby","position":[346.811157,909.187683,248.165405],"annotation":"ROCK","isRenderEnabled":false,"rotationMatrix":[0.987709165,0.156301022,0,-0.156301022,0.987709165,0,0,0,1],"shapeName":"/levels/Utah/art/shapes/rocks/utah_rock_big_2_b.dae"}
{"class":"TSStatic","persistentId":"9fc2e7ea-a8d2-4091-a6e5-b219e8461d32","__parent":"Layby","position":[357.8078,914.461731,263.363708],"annotation":"ROCK","isRenderEnabled":false,"rotationMatrix":[0.921191335,0.389109552,0,-0.389109552,0.921191335,0,0,0,1],"shapeName":"/levels/Utah/art/shapes/rocks/utah_rock_big_2_c.dae"}
{"class":"TSStatic","persistentId":"a5a94701-53c8-4d21-8b0f-5b68aab831d1","__parent":"Layby","position":[367.829742,895.05896,255.428223],"annotation":"ROCK","isRenderEnabled":false,"shapeName":"/levels/Utah/art/shapes/rocks/utah_rock_big_2_e.dae"}
{"class":"TSStatic","persistentId":"ac203847-a0b0-4cd3-aaba-eaee9c4e4200","__parent":"Layby","position":[364.508698,917.010742,263.2742],"annotation":"ROCK","isRenderEnabled":false,"rotationMatrix":[0.921191335,0.389109552,0,-0.389109552,0.921191335,0,0,0,1],"shapeName":"/levels/Utah/art/shapes/rocks/utah_rock_big_2_c.dae"}
{"class":"TSStatic","persistentId":"af42c7ee-c5d0-4b24-a65c-6ba60e530508","__parent":"Layby","position":[346.957916,912.137268,263.871948],"annotation":"ROCK","isRenderEnabled":false,"rotationMatrix":[0.948750079,0.314736634,-0.0285249315,0.310870409,-0.945698082,-0.0949402675,-0.0568573624,0.0812076032,-0.995072842],"shapeName":"/levels/Utah/art/shapes/rocks/utah_rock_big_2_c.dae"}
{"class":"TSStatic","persistentId":"b2c234a4-85d7-41f1-b1ee-f6794d797e6e","__parent":"Layby","position":[389.068024,927.704773,261.314209],"annotation":"ROCK","isRenderEnabled":false,"rotationMatrix":[-0.970303833,-0.24189046,0,0.24189046,-0.970303833,0,0,0,1],"shapeName":"/levels/Utah/art/shapes/rocks/utah_rock_big_2_b_top.dae"}
{"class":"TSStatic","persistentId":"b5cd69f6-db7a-41e6-ba36-a4e10863a3b4","__parent":"Layby","position":[323.300873,907.315796,261.500153],"annotation":"ROCK","isRenderEnabled":false,"rotationMatrix":[0.997317731,0.0731987581,0,-0.0731987581,0.997317731,0,0,0,1],"scale":[2,2,2],"shapeName":"/levels/Utah/art/shapes/rocks/utah_rock_big_2_c.dae"}
{"class":"TSStatic","persistentId":"be73861d-bc33-4014-972b-2eb46e5443db","__parent":"Layby","position":[371.016144,922.237976,250.316162],"annotation":"ROCK","isRenderEnabled":false,"rotationMatrix":[-0.91146338,-0.411381781,0,0.411381781,-0.91146338,0,0,0,1],"shapeName":"/levels/Utah/art/shapes/rocks/utah_rock_big_2_b.dae"}
{"class":"TSStatic","persistentId":"d85f2aee-ed7f-4160-a04a-0e1fbebd29b6","__parent":"Layby","position":[368.654816,892.294495,257.285889],"annotation":"ROCK","isRenderEnabled":false,"rotationMatrix":[0.801329195,0.59822315,2.05356628e-07,-0.542245984,0.726346552,0.422361821,0.252666563,-0.338450968,0.906426787],"scale":[1.92247999,1.92247999,1.39999998],"shapeName":"/levels/Utah/art/shapes/rocks/utah_rock_big_2_e.dae"}
{"class":"TSStatic","persistentId":"da46b6d4-cefc-434f-a5b8-15c7965efc59","__parent":"Layby","position":[353.542206,909.905273,254.482422],"annotation":"ROCK","isRenderEnabled":false,"rotationMatrix":[-0.177215889,0.984172225,0,-0.984172225,-0.177215889,0,0,0,1],"scale":[1.92248201,1.92248201,1.92248201],"shapeName":"/levels/Utah/art/shapes/rocks/utah_rock_big_2_e.dae"}
{"class":"TSStatic","persistentId":"dc0f192d-c85c-4e69-ab34-4de19e6fcb3e","__parent":"Layby","position":[358.878998,898.101929,252.976562],"annotation":"ROCK","isRenderEnabled":false,"rotationMatrix":[0.412837535,0.910804689,0,-0.910804689,0.412837535,0,0,0,1],"scale":[1.92248201,1.92248201,1.92248201],"shapeName":"/levels/Utah/art/shapes/rocks/utah_rock_big_2_e.dae"}
{"class":"TSStatic","persistentId":"dfed630c-a03a-4a2f-9d64-1ecf64aae189","__parent":"Layby","position":[358.567535,905.154236,263.591217],"annotation":"ROCK","isRenderEnabled":false,"rotationMatrix":[-0.705094159,0.706775427,0.0575015657,-0.708740592,-0.699783564,-0.0893736556,-0.0229288321,-0.103771172,0.994335294],"scale":[1,1.5,1],"shapeName":"/levels/Utah/art/shapes/rocks/utah_rock_flat_b.dae"}
{"class":"TSStatic","persistentId":"e96abc4d-afc6-4628-934c-b22d9e47dabb","__parent":"Layby","position":[360.026031,916.962891,249.774597],"annotation":"ROCK","isRenderEnabled":false,"rotationMatrix":[-0.972143888,-0.234384611,0,0.234384611,-0.972143888,0,0,0,1],"shapeName":"/levels/Utah/art/shapes/rocks/utah_rock_big_2_b.dae"}
{"class":"TSStatic","persistentId":"ea77258a-71c9-4d6c-809e-b9a2dbf7143a","__parent":"Layby","position":[363.130341,894.246033,247.914551],"annotation":"ROCK","isRenderEnabled":false,"rotationMatrix":[0.982119799,0.188254669,0,-0.188254789,0.982119799,0,0,0,1],"scale":[1.92248201,1.92248201,1.92248201],"shapeName":"/levels/Utah/art/shapes/rocks/utah_rock_big_2_e.dae"}
{"class":"TSStatic","persistentId":"eaf55bb1-5a18-459f-b1b8-70cb1e9b47f0","__parent":"Layby","position":[338.905426,908.179321,250.834366],"annotation":"ROCK","isRenderEnabled":false,"rotationMatrix":[0.987709165,0.156301022,0,-0.156301022,0.987709165,0,0,0,1],"shapeName":"/levels/Utah/art/shapes/rocks/utah_rock_big_2_b.dae"}
{"class":"TSStatic","persistentId":"f50acc73-5c09-43ba-8697-3a3d677bc4ca","__parent":"Layby","position":[368.399475,891.950562,234.02771],"annotation":"ROCK","isRenderEnabled":false,"rotationMatrix":[0.715339303,0.698776901,0,-0.698776901,0.715339303,0,0,0,1],"scale":[1.5,1.5,1.5],"shapeName":"/levels/Utah/art/shapes/rocks/utah_rock_big_2_d.dae"}
{"class":"TSStatic","persistentId":"fe11a842-9785-4dbc-b751-b628122690e5","__parent":"Layby","position":[354.142059,910.601318,264.72168],"annotation":"ROCK","isRenderEnabled":false,"rotationMatrix":[0.846023619,0.532222271,-0.0314006023,-0.52905035,0.830776691,-0.172971427,-0.065972656,0.162950441,0.984422922],"scale":[0.800000012,1.20000005,1],"shapeName":"/levels/Utah/art/shapes/rocks/utah_rock_flat_b.dae"}
