{"class":"Zone","persistentId":"12e93cc5-559b-4925-96bf-4fef515ba441","__parent":"north_west","position":[-906.621216,-173.606384,254.652924],"ambientLightColor":[0.400000006,0.400000006,0.400000006,1],"rotationMatrix":[1,0,0,0,0.999991179,-0.00420034211,0,0.00420034211,0.999991179],"scale":[179.259476,76.3047562,33.8568001],"useAmbientLightColor":true,"zoneGroup":13}
{"class":"Zone","persistentId":"9b0ae7f0-05de-4cb4-96c2-7fa5c2999c04","__parent":"north_west","position":[-924.586914,-240.625717,258.767212],"ambientLightColor":[0.400000006,0.400000006,0.400000006,1],"rotationMatrix":[1,0,0,0,0.999991417,-0.00414319243,0,0.00414319243,0.999991417],"scale":[35.089016,57.875309,15.9894524],"useAmbientLightColor":true,"zoneGroup":13}
{"class":"Zone","persistentId":"b066b9f4-91d2-4c90-ab59-bd39b5412de6","__parent":"north_west","position":[-830.208496,-79.8801346,247.830048],"ambientLightColor":[0.400000006,0.400000006,0.400000006,1],"rotationMatrix":[1,0,0,0,0.99999094,-0.00425672485,0,0.00425672485,0.99999094],"scale":[87.3392563,111.262886,33.8568001],"useAmbientLightColor":true,"zoneGroup":13}
{"class":"Zone","persistentId":"feffe3c9-5b8e-4046-9ae1-6f3f85081b27","__parent":"north_west","position":[-851.967102,-4.8216095,235.55452],"ambientLightColor":[0.400000006,0.400000006,0.400000006,1],"rotationMatrix":[1,0,0,0,0.999990702,-0.00431237044,0,0.00431237044,0.999990702],"scale":[27.4143467,39.0203094,33.8568001],"useAmbientLightColor":true,"zoneGroup":13}
{"class":"Portal","persistentId":"16f51447-d682-43ea-9ed4-8768dd62e6d2","__parent":"north_west","position":[-852.016785,-24.260313,250.571762],"rotationMatrix":[1,0,0,0,0.999992371,-0.00390623999,0,0.00390623999,0.999992371],"scale":[6.36452198,1.80486298,4.31120157],"zoneGroup":13}
{"class":"Portal","persistentId":"5ef85328-041b-45ea-884a-4c59c3b81e6a","__parent":"north_west","position":[-937.202087,-269.560577,263.727112],"rotationMatrix":[1,0,0,0,0.999992847,-0.00378220179,0,0.00378220179,0.999992847],"scale":[4.31120157,1.1382587,4.31120157],"zoneGroup":13}
{"class":"Portal","persistentId":"6b0f32dd-a4ab-4bef-92d8-7f81ba06f5da","__parent":"north_west","position":[-865.665649,9.97272682,246.392792],"rotationMatrix":[-2.38418579e-07,-0.999998987,-0.00138106744,0.99999994,-2.38418579e-07,-2.32830644e-10,-2.32830644e-10,-0.00138106744,0.999999046],"scale":[12.3595181,11.4209089,4.31120157],"zoneGroup":13}
{"class":"Portal","persistentId":"ac806af2-17ae-4df5-a7bf-ed9eb1248fc6","__parent":"north_west","position":[-862.647461,-135.469528,258.114288],"rotationMatrix":[1,0,0,0,0.999992609,-0.00384472171,0,0.00384472171,0.999992609],"scale":[6.36452198,1.28625524,4.31120157],"zoneGroup":13}
{"class":"Portal","persistentId":"dd1ae984-41b1-443d-97f8-3d774f82ba86","__parent":"north_west","position":[-917.519653,-211.677979,263.77771],"rotationMatrix":[1,0,0,0,0.999992609,-0.00384472171,0,0.00384472171,0.999992609],"scale":[7.20671368,0.971973956,4.31120157],"zoneGroup":13}
{"class":"TSStatic","persistentId":"00401a79-dcab-4203-90ef-80c3ca761d85","__parent":"north_west","position":[-863.948547,-139.2491,256.458557],"annotation":"OBSTACLES","isRenderEnabled":false,"rotationMatrix":[-0.942211151,0.330477655,-0.0550013706,-0.333586186,-0.940628111,0.0627777353,-0.0309893284,0.077497527,0.996510863],"scale":[1.05845618,1,1],"shapeName":"/levels/utah/art/shapes/buildings/utah_mines_walls.dae"}
{"class":"TSStatic","persistentId":"0179ffd7-035c-4246-b97a-d52ab701f3c1","__parent":"north_west","position":[-911.571899,-200.318222,260.994934],"annotation":"OBSTACLES","isRenderEnabled":false,"rotationMatrix":[0.856432319,-0.516255379,0.00197554566,0.515316784,0.854631305,-0.0636692867,0.0311812665,0.0555464849,0.997969091],"scale":[1.10929251,1,1],"shapeName":"/levels/utah/art/shapes/buildings/utah_mines_walls.dae"}
{"class":"TSStatic","persistentId":"091b0f4b-5905-42cf-89fb-f50fb3ec9e27","__parent":"north_west","position":[-928.780273,-241.520615,262.494049],"annotation":"STREET","isRenderEnabled":false,"rotationMatrix":[-0.925900817,0.34322685,-0.157800213,-0.34968999,-0.936753213,0.0143215237,-0.142904222,0.0684414878,0.987365723],"shapeName":"/levels/Utah/art/shapes/buildings/utah_mines_rough_edge.dae"}
{"class":"TSStatic","persistentId":"0960004e-9571-4443-8e4f-eefdbb39d8a0","__parent":"north_west","position":[-856.130188,-1.76666045,246.873734],"annotation":"STREET","isRenderEnabled":false,"rotationMatrix":[0.761601686,0.542484045,0.354481906,-0.533703864,0.835335135,-0.131725028,-0.3675704,-0.0888665989,0.925731242],"shapeName":"/levels/Utah/art/shapes/buildings/utah_mines_rough_edge.dae"}
{"class":"TSStatic","persistentId":"0bc1575b-8e0d-41f5-9a90-fdb8953bc817","__parent":"north_west","position":[-854.448425,-94.0286407,253.909103],"annotation":"OBSTACLES","isRenderEnabled":false,"rotationMatrix":[0.982232213,-0.186339751,0.0223509595,0.187372416,0.980429411,-0.0604246333,-0.0106541757,0.0635389015,0.99792248],"scale":[1,0.839650154,1],"shapeName":"/levels/utah/art/shapes/buildings/utah_mines_walls.dae"}
{"class":"TSStatic","persistentId":"0d011f89-d2d2-40cf-ad46-1b59c942176e","__parent":"north_west","position":[-856.564575,-107.238716,254.988663],"annotation":"OBSTACLES","isRenderEnabled":false,"rotationMatrix":[-0.977022111,0.207769677,-0.047547821,-0.210379615,-0.975853026,0.0587512925,-0.0341931209,0.0674044266,0.997139633],"shapeName":"/levels/utah/art/shapes/buildings/utah_mines_walls.dae"}
{"class":"TSStatic","persistentId":"0da5986b-35d9-40e7-a2ce-dcb5deed81c5","__parent":"north_west","position":[-852.300781,-56.5939255,251.752808],"annotation":"STREET","isRenderEnabled":false,"rotationMatrix":[-0.983619988,0.0958461165,0.152597532,-0.0828484297,-0.992536008,0.0893983319,0.160028443,0.0752887502,0.984231174],"shapeName":"/levels/Utah/art/shapes/buildings/utah_mines_rough_edge.dae"}
{"class":"TSStatic","persistentId":"0e6e82e2-84ab-4217-93eb-fc8e6f528a0f","__parent":"north_west","position":[-919.193115,-214.959457,261.937347],"annotation":"OBSTACLES","isRenderEnabled":false,"rotationMatrix":[-0.886842608,0.462072134,0,-0.461838514,-0.886394203,0.0317942873,0.0146912541,0.0281965286,0.999494433],"scale":[1.10929251,1,1],"shapeName":"/levels/utah/art/shapes/buildings/utah_mines_walls.dae"}
{"class":"TSStatic","persistentId":"10bbcda4-b487-4dbe-89f0-79d2e652a18c","__parent":"north_west","position":[-876.933289,-144.936707,260.765991],"annotation":"ROCK","isRenderEnabled":false,"rotationMatrix":[0.586955905,0.803398192,-0.10016267,-0.0275025852,0.143430054,0.989278197,0.809150577,-0.57790792,0.106282867],"shapeName":"/levels/Utah/art/shapes/rocks/utah_rock_big_2_b.dae"}
{"class":"TSStatic","persistentId":"116359af-ffa9-44bd-a10b-ea504d7a8392","__parent":"north_west","position":[-911.585266,-186.1418,262.861755],"annotation":"STREET","isRenderEnabled":false,"rotationMatrix":[-0.488805771,-0.81694448,0.306057751,0.804051518,-0.557988107,-0.205273911,0.338471889,0.145745978,0.929618239],"shapeName":"/levels/Utah/art/shapes/buildings/utah_mines_rough_edge.dae"}
{"class":"TSStatic","persistentId":"1290420b-b8b2-4485-924e-154877dc91bd","__parent":"north_west","position":[-936.92157,-269.124176,267.057953],"annotation":"STREET","isRenderEnabled":false,"rotationMatrix":[-0.130498841,-0.951601744,-0.278255224,0.990879595,-0.134681985,-0.00411520386,-0.0335598364,-0.276255041,0.960499644],"shapeName":"/levels/Utah/art/shapes/buildings/utah_mines_rough_edge.dae"}
{"class":"TSStatic","persistentId":"146463ce-262e-415f-83a3-0f2d4c772c27","__parent":"north_west","position":[-861.441956,-121.653236,256.58136],"annotation":"STREET","isRenderEnabled":false,"rotationMatrix":[-0.928071797,0.292075813,0.231003329,-0.282771438,-0.956385076,0.0731943026,0.242307886,0.0026058536,0.970193148],"shapeName":"/levels/Utah/art/shapes/buildings/utah_mines_rough_edge.dae"}
{"class":"TSStatic","persistentId":"1494487a-e661-4fbd-9efe-b804c6362be1","__parent":"north_west","position":[-855.078552,-16.3461971,247.868179],"annotation":"STREET","isRenderEnabled":false,"rotationMatrix":[0.985962331,0.132507831,-0.101486124,-0.144216239,0.982426882,-0.118392855,0.0840159059,0.13136445,0.987760544],"shapeName":"/levels/Utah/art/shapes/buildings/utah_mines_rough_edge.dae"}
{"class":"TSStatic","persistentId":"14c81326-1b23-4fef-9d19-0d1438e7233c","__parent":"north_west","position":[-866.875305,5.89445829,250.857651],"annotation":"ROCK","isRenderEnabled":false,"rotationMatrix":[0.886961937,-0.456353068,0.0709862933,0.0631214678,-0.0324767604,-0.997476995,0.457507193,0.889205217,-5.45099041e-08],"scale":[0.610900104,0.610900104,0.610900104],"shapeName":"/levels/Utah/art/shapes/rocks/utah_rock_big_2_b.dae"}
{"class":"TSStatic","persistentId":"17562653-d34b-4ab8-8ae2-1ff9aa798a1f","__parent":"north_west","position":[-942.246765,-270.902313,263.184662],"annotation":"STREET","isRenderEnabled":false,"rotationMatrix":[0.966620862,-0.249227509,0.0593818538,0.249903634,0.968263447,-0.00411575008,-0.0564708039,0.0188177619,0.998225927],"shapeName":"/levels/Utah/art/shapes/buildings/utah_mines_rough_edge.dae"}
{"class":"TSStatic","persistentId":"1840aad8-14c8-47c0-8fa9-9fcd3307ced5","__parent":"north_west","position":[-916.782654,-205.517563,262.523499],"annotation":"STREET","isRenderEnabled":false,"rotationMatrix":[0.760832787,-0.493756324,-0.42111367,0.517611384,0.853133857,-0.0651210323,0.391418636,-0.168428153,0.904666007],"shapeName":"/levels/Utah/art/shapes/buildings/utah_mines_rough_edge.dae"}
{"class":"TSStatic","persistentId":"18cfdf87-fd73-488f-9f93-736fc441abf1","__parent":"north_west","position":[-860.433655,1.34043753,245.259872],"annotation":"OBSTACLES","isRenderEnabled":false,"rotationMatrix":[0.832026482,0.554205537,0.0242820084,-0.550322711,0.830124557,-0.0896652564,-0.0698502958,0.0612409823,0.995675623],"scale":[1.12377882,1,1],"shapeName":"/levels/utah/art/shapes/buildings/utah_mines_walls.dae"}
{"class":"TSStatic","persistentId":"1988fcaa-2405-47cb-8232-d85059f9dc85","__parent":"north_west","position":[-917.898621,-182.234955,264.236084],"annotation":"STREET","isRenderEnabled":false,"rotationMatrix":[0.427517563,0.858625352,-0.282824665,-0.855500281,0.485364646,0.180361018,0.292133629,0.164847568,0.942061484],"shapeName":"/levels/Utah/art/shapes/buildings/utah_mines_rough_edge.dae"}
{"class":"TSStatic","persistentId":"1bb640f2-a0a5-4245-af5c-1c5346a50302","__parent":"north_west","position":[-908.412903,-183.210968,262.584412],"annotation":"STREET","isRenderEnabled":false,"rotationMatrix":[0.593144298,0.787212372,0.168726444,-0.79463774,0.538776755,0.279736102,0.129304215,-0.300003737,0.945130527],"shapeName":"/levels/Utah/art/shapes/buildings/utah_mines_rough_edge.dae"}
{"class":"TSStatic","persistentId":"1c547662-0ca7-4be9-8049-1e20324e0e88","__parent":"north_west","position":[-860.896179,-83.0349045,258.214386],"annotation":"ROCK","isRenderEnabled":false,"rotationMatrix":[0.205623895,0.972563148,-0.108812191,-0.002652633,0.111741558,0.993733406,0.978627026,-0.204046592,0.0255565923],"shapeName":"/levels/Utah/art/shapes/rocks/utah_rock_big_2_b.dae"}
{"class":"TSStatic","persistentId":"1d988b68-2596-4770-b60d-40ac74fc37cb","__parent":"north_west","position":[-877.869202,-154.342361,260.193207],"annotation":"ROCK","isRenderEnabled":false,"rotationMatrix":[-1.04308128e-07,0,-0.999999762,-0.714095414,0.700047374,7.44859889e-08,0.700047195,0.714095592,-7.30206864e-08],"shapeName":"/levels/Utah/art/shapes/rocks/utah_rock_big_2_c.dae"}
{"class":"TSStatic","persistentId":"22fc8797-96f2-4a57-ba31-9c7dc073f81a","__parent":"north_west","position":[-892.778198,-175.161362,259.35379],"annotation":"OBSTACLES","isRenderEnabled":false,"rotationMatrix":[0.698829174,-0.714596093,-0.0314886719,0.712262034,0.699243069,-0.0611739717,0.0657328516,0.0203219168,0.997630298],"scale":[1.10929251,1,1],"shapeName":"/levels/utah/art/shapes/buildings/utah_mines_walls.dae"}
{"class":"TSStatic","persistentId":"255c7235-241e-4350-8d69-8390dd5a0d36","__parent":"north_west","position":[-821.401367,-84.2854614,259.575409],"annotation":"STREET","isRenderEnabled":false,"rotationMatrix":[-0.00878704246,0.951842964,0.306425154,-0.98807168,0.0388481617,-0.148999706,-0.15372403,-0.304079175,0.940155327],"shapeName":"/levels/Utah/art/shapes/buildings/utah_mines_rough_edge.dae"}
{"class":"TSStatic","persistentId":"2602a21d-75e7-4d83-893b-cb76a1993836","__parent":"north_west","position":[-865.106323,-147.49176,258.159668],"annotation":"STREET","isRenderEnabled":false,"rotationMatrix":[-0.816981018,0.350004256,-0.45830366,-0.421460599,-0.904839814,0.0602846071,-0.393591136,0.242408305,0.886749506],"shapeName":"/levels/Utah/art/shapes/buildings/utah_mines_rough_edge.dae"}
{"class":"TSStatic","persistentId":"26c17363-1337-4ee0-b262-1655b1ee012a","__parent":"north_west","position":[-841.0495,-177.949799,265.047455],"annotation":"STREET","isRenderEnabled":false,"rotationMatrix":[0.502809823,0.797055423,0.33446148,-0.799639404,0.575852931,-0.170186147,-0.328247666,-0.181876987,0.92691195],"shapeName":"/levels/Utah/art/shapes/buildings/utah_mines_rough_edge.dae"}
{"class":"TSStatic","persistentId":"28ea3e2f-f5a5-4096-9128-98bf5a57c34c","__parent":"north_west","position":[-828.276611,-84.7303619,258.307343],"annotation":"STREET","isRenderEnabled":false,"rotationMatrix":[-0.00878704246,0.951842964,0.306425154,-0.98807168,0.0388481617,-0.148999706,-0.15372403,-0.304079175,0.940155327],"shapeName":"/levels/Utah/art/shapes/buildings/utah_mines_rough_edge.dae"}
{"class":"TSStatic","persistentId":"290f1210-3c01-4997-a866-cabeb0d8ede4","__parent":"north_west","position":[-923.914368,-219.853653,262.915436],"annotation":"STREET","isRenderEnabled":false,"rotationMatrix":[0.782705188,-0.445555896,-0.434569925,0.474684924,0.878940284,-0.0462005027,0.402544379,-0.170123443,0.899450004],"shapeName":"/levels/Utah/art/shapes/buildings/utah_mines_rough_edge.dae"}
{"class":"TSStatic","persistentId":"2b351ae6-1a73-42cd-b085-e3a42bec15ce","__parent":"north_west","position":[-852.922546,-65.3898087,252.379669],"annotation":"STREET","isRenderEnabled":false,"rotationMatrix":[0.982707202,-0.0962682366,-0.158128247,0.0857977718,0.993714809,-0.0717878044,0.164046466,0.0569767468,0.984802306],"shapeName":"/levels/Utah/art/shapes/buildings/utah_mines_rough_edge.dae"}
{"class":"TSStatic","persistentId":"2bf253d1-f22e-477b-ad64-69e0e6196b26","__parent":"north_west","position":[-937.230957,-268.44339,262.059296],"annotation":"OBSTACLES","isRenderEnabled":false,"rotationMatrix":[0.995228171,-0.0975753888,0,0.0975753888,0.995228171,0,0,0,1],"shapeName":"/levels/utah/art/shapes/buildings/utah_mines_entrance.dae"}
{"class":"TSStatic","persistentId":"2e1cee0d-edce-4f55-8cde-0e376b052f98","__parent":"north_west","position":[-839.342102,-181.151428,265.311157],"annotation":"STREET","isRenderEnabled":false,"rotationMatrix":[0.799943507,-0.580066741,0.153670371,0.586150169,0.810172856,0.00694733299,-0.128529549,0.0845165327,0.988098681],"shapeName":"/levels/Utah/art/shapes/buildings/utah_mines_rough_edge.dae"}
{"class":"TSStatic","persistentId":"2e62dd9c-d8bd-4b57-8292-608061db3cdf","__parent":"north_west","position":[-834.72229,-184.434158,268.182617],"annotation":"STREET","isRenderEnabled":false,"rotationMatrix":[0.653242886,-0.47765097,0.58747232,0.586149931,0.810172677,0.00694736093,-0.479272604,0.339808673,0.809215486],"shapeName":"/levels/Utah/art/shapes/buildings/utah_mines_rough_edge.dae"}
{"class":"TSStatic","persistentId":"3226440b-7930-44b9-92f1-d4de90496779","__parent":"north_west","position":[-863.065918,-129.760391,256.812531],"annotation":"STREET","isRenderEnabled":false,"rotationMatrix":[0.927859366,-0.292766601,-0.230977535,0.292683393,0.95554626,-0.035441868,0.231087685,-0.03472092,0.972311497],"shapeName":"/levels/Utah/art/shapes/buildings/utah_mines_rough_edge.dae"}
{"class":"TSStatic","persistentId":"32e7b011-2092-49d5-9bb1-8c49ddaef9f5","__parent":"north_west","position":[-836.373047,-183.227142,266.69809],"annotation":"STREET","isRenderEnabled":false,"rotationMatrix":[0.653242886,-0.47765097,0.58747232,0.586149931,0.810172677,0.00694736093,-0.479272604,0.339808673,0.809215486],"shapeName":"/levels/Utah/art/shapes/buildings/utah_mines_rough_edge.dae"}
{"class":"TSStatic","persistentId":"3397dba2-0d9e-4867-b08f-5b62cd702511","__parent":"north_west","position":[-842.563904,-85.4622421,254.8862],"annotation":"OBSTACLES","isRenderEnabled":false,"rotationMatrix":[-0.0918794423,-0.995761991,-0.00414878642,0.989151657,-0.0917478502,0.114732265,-0.11462687,0.00643775007,0.993387699],"scale":[1,0.839650154,1],"shapeName":"/levels/utah/art/shapes/buildings/utah_mines_walls.dae"}
{"class":"TSStatic","persistentId":"358d6907-7950-49c7-aa95-1a98546051ba","__parent":"north_west","position":[-848.9953,-47.9846382,251.257446],"annotation":"STREET","isRenderEnabled":false,"rotationMatrix":[-0.917258739,0.0323283821,-0.396974474,-0.0622384697,-0.996079743,0.0627031773,-0.393391669,0.0822226778,0.915680349],"shapeName":"/levels/Utah/art/shapes/buildings/utah_mines_rough_edge.dae"}
{"class":"TSStatic","persistentId":"386adf89-cadd-48fb-a394-8052cd93365b","__parent":"north_west","position":[-859.826904,-132.205048,257.130035],"annotation":"STREET","isRenderEnabled":false,"rotationMatrix":[0.925993741,-0.206164703,0.316276193,0.231486231,0.971823931,-0.0442660116,-0.298238158,0.114203885,0.947630525],"shapeName":"/levels/Utah/art/shapes/buildings/utah_mines_rough_edge.dae"}
{"class":"TSStatic","persistentId":"38af73e9-aaa3-4c15-b21b-d2009dc2480c","__parent":"north_west","position":[-935.638,-249.328339,262.954926],"annotation":"STREET","isRenderEnabled":false,"rotationMatrix":[0.914813399,-0.237805501,-0.326441288,0.250706911,0.968061328,-0.00263257232,0.316639423,-0.0794330239,0.945212364],"shapeName":"/levels/Utah/art/shapes/buildings/utah_mines_rough_edge.dae"}
{"class":"TSStatic","persistentId":"3b7f9054-bcfb-49d7-bbc2-0818c4ee0ec5","__parent":"north_west","position":[-881.058716,-164.164841,258.365845],"annotation":"OBSTACLES","isRenderEnabled":false,"rotationMatrix":[-0.697372019,0.71609652,-0.029677663,-0.716337979,-0.695077181,0.0610694624,0.0231032651,0.0638472736,0.997692406],"shapeName":"/levels/utah/art/shapes/buildings/utah_mines_walls.dae"}
{"class":"TSStatic","persistentId":"3b986964-c223-4e88-8c21-9ead9486a280","__parent":"north_west","position":[-866.999817,-155.621643,258.699249],"annotation":"STREET","isRenderEnabled":false,"rotationMatrix":[0.798630238,-0.567857385,-0.199318692,0.584309459,0.810944974,0.0308356695,0.144126192,-0.14109008,0.979449511],"shapeName":"/levels/Utah/art/shapes/buildings/utah_mines_rough_edge.dae"}
{"class":"TSStatic","persistentId":"3e1e8185-227a-4227-a7e2-efbebd1c8033","__parent":"north_west","position":[-830.024963,-87.8636551,258.061401],"annotation":"STREET","isRenderEnabled":false,"rotationMatrix":[-0.0749199316,-0.971653461,0.224189505,0.98539412,-0.0376696214,0.166056201,-0.152901426,0.233354583,0.960288405],"shapeName":"/levels/Utah/art/shapes/buildings/utah_mines_rough_edge.dae"}
{"class":"TSStatic","persistentId":"3e55623a-77e9-4281-a482-30c14ada8838","__parent":"north_west","position":[-915.42511,-179.449417,264.022919],"annotation":"STREET","isRenderEnabled":false,"rotationMatrix":[-0.565683246,-0.797132611,-0.211125165,0.824199796,-0.538417816,-0.175445989,0.0261781178,-0.273260206,0.961580575],"shapeName":"/levels/Utah/art/shapes/buildings/utah_mines_rough_edge.dae"}
{"class":"TSStatic","persistentId":"40864490-3b20-45cc-bf25-65979de394cc","__parent":"north_west","position":[-862.414978,-140.167664,257.611694],"annotation":"STREET","isRenderEnabled":false,"rotationMatrix":[0.866646588,-0.29087919,0.405357331,0.340312779,0.938760459,-0.0539416298,-0.364842236,0.184696719,0.912565529],"shapeName":"/levels/Utah/art/shapes/buildings/utah_mines_rough_edge.dae"}
{"class":"TSStatic","persistentId":"43930631-5fc9-4349-aeb8-5ba6503dc6bf","__parent":"north_west","position":[-922.190552,-175.009781,265.338928],"annotation":"STREET","isRenderEnabled":false,"rotationMatrix":[-0.565683246,-0.797132611,-0.211125165,0.824199796,-0.538417816,-0.175445989,0.0261781178,-0.273260206,0.961580575],"shapeName":"/levels/Utah/art/shapes/buildings/utah_mines_rough_edge.dae"}
{"class":"TSStatic","persistentId":"44d0de39-26fd-4b0e-973c-7bc35ff38b74","__parent":"north_west","position":[-856.23114,-85.3617783,245.232193],"annotation":"ROCK","isRenderEnabled":false,"rotationMatrix":[0.206852049,0.978372216,0,-0.978372216,0.206852049,0,0,0,1],"shapeName":"/levels/Utah/art/shapes/rocks/utah_rock_big_2_b.dae"}
{"class":"TSStatic","persistentId":"455747db-bf82-4953-aed0-d24eaaaf645c","__parent":"north_west","position":[-947.134277,-267.101807,265.436798],"annotation":"ROCK","isRenderEnabled":false,"rotationMatrix":[-0.999639153,0.0268464573,0,-0.0268464573,-0.999639153,0,0,0,1],"shapeName":"/levels/Utah/art/shapes/rocks/utah_rock_big_2_b_top.dae"}
{"class":"TSStatic","persistentId":"488a922e-b19d-445d-9a76-15b83801a17c","__parent":"north_west","position":[-927.444519,-226.977493,263.215332],"annotation":"STREET","isRenderEnabled":false,"rotationMatrix":[-0.819121897,0.371697426,0.436898559,-0.408649027,-0.912632167,0.0102736326,0.402544379,-0.170123443,0.899450004],"shapeName":"/levels/Utah/art/shapes/buildings/utah_mines_rough_edge.dae"}
{"class":"TSStatic","persistentId":"48b1be00-905c-4a5f-a444-235a2049401c","__parent":"north_west","position":[-860.384949,5.00795603,245.95993],"annotation":"STREET","isRenderEnabled":false,"rotationMatrix":[-0.761601329,-0.542484045,-0.354481786,0.546853364,-0.831501365,0.0976034254,-0.347700834,-0.119515255,0.929945707],"shapeName":"/levels/Utah/art/shapes/buildings/utah_mines_rough_edge.dae"}
{"class":"TSStatic","persistentId":"4a2ab4c3-f29b-4966-a23f-2359fa6c7f14","__parent":"north_west","position":[-862.856201,-152.561569,250.153427],"annotation":"ROCK","isRenderEnabled":false,"rotationMatrix":[0.581199884,0.813759923,0,-0.813759923,0.581199884,0,0,0,1],"shapeName":"/levels/Utah/art/shapes/rocks/utah_rock_big_2_b.dae"}
{"class":"TSStatic","persistentId":"4a47598f-3905-4d58-bc19-dddb02ccb4b4","__parent":"north_west","position":[-924.191467,-178.544128,265.300415],"annotation":"STREET","isRenderEnabled":false,"rotationMatrix":[0.427517563,0.858625352,-0.282824665,-0.859502316,0.483011037,0.167165145,0.28013736,0.171620697,0.944491923],"shapeName":"/levels/Utah/art/shapes/buildings/utah_mines_rough_edge.dae"}
{"class":"TSStatic","persistentId":"4bf3e347-1b72-47c7-a7fa-2ada1cc11a56","__parent":"north_west","position":[-901.717468,-179.781891,254.028793],"annotation":"ROCK","isRenderEnabled":false,"rotationMatrix":[0.581199884,0.813759923,0,-0.813759923,0.581199884,0,0,0,1],"shapeName":"/levels/Utah/art/shapes/rocks/utah_rock_big_2_b.dae"}
{"class":"TSStatic","persistentId":"4bffc558-181f-4504-98a4-b3fb78c4eb1a","__parent":"north_west","position":[-873.158264,-149.571823,249.330551],"annotation":"ROCK","isRenderEnabled":false,"rotationMatrix":[0.581199884,0.813759923,0,-0.813759923,0.581199884,0,0,0,1],"shapeName":"/levels/Utah/art/shapes/rocks/utah_rock_big_2_b.dae"}
{"class":"TSStatic","persistentId":"4daf1559-0149-42a3-99c0-6658678ce715","__parent":"north_west","position":[-920.246399,-212.369858,262.778046],"annotation":"STREET","isRenderEnabled":false,"rotationMatrix":[-0.793046117,0.425941437,0.435487926,-0.457199365,-0.888610363,0.0365456305,0.402544379,-0.170123443,0.899450004],"shapeName":"/levels/Utah/art/shapes/buildings/utah_mines_rough_edge.dae"}
{"class":"TSStatic","persistentId":"4eba15fd-28b9-48e0-816b-33e37b6f8fcf","__parent":"north_west","position":[-859.887756,-164.258484,261.222504],"annotation":"STREET","isRenderEnabled":false,"rotationMatrix":[0.575791478,0.792387307,0.201396912,-0.78236109,0.605537355,-0.145687699,-0.237394005,-0.0736793056,0.96860975],"shapeName":"/levels/Utah/art/shapes/buildings/utah_mines_rough_edge.dae"}
{"class":"TSStatic","persistentId":"4f874f77-2078-448d-bb23-93232e9a0e36","__parent":"north_west","position":[-910.853882,-190.972076,258.225769],"annotation":"ROCK","isRenderEnabled":false,"rotationMatrix":[0.822960556,-0.568098664,0,0.568098664,0.822960556,0,0,0,1],"scale":[0.599484205,0.599484205,0.599484205],"shapeName":"/levels/Utah/art/shapes/rocks/utah_rock_big_2_d.dae"}
{"class":"TSStatic","persistentId":"5188c3f7-4ed2-407e-9f5f-8af313cb3d7e","__parent":"north_west","position":[-842.717529,-181.012283,265.060913],"annotation":"STREET","isRenderEnabled":false,"rotationMatrix":[-0.50104332,-0.823751867,0.265270263,0.865322411,-0.481360972,0.139648378,0.0126545792,0.299512535,0.954003394],"shapeName":"/levels/Utah/art/shapes/buildings/utah_mines_rough_edge.dae"}
{"class":"TSStatic","persistentId":"5388ed67-25a2-4f0f-88e0-21c8a2c109b0","__parent":"north_west","position":[-849.476746,-39.9726753,250.610214],"annotation":"STREET","isRenderEnabled":false,"rotationMatrix":[0.914390624,0.138487265,0.380404115,-0.108932398,0.989169538,-0.0982844532,-0.389895171,0.0484326854,0.919577897],"shapeName":"/levels/Utah/art/shapes/buildings/utah_mines_rough_edge.dae"}
{"class":"TSStatic","persistentId":"55cecad5-aa2f-4b69-8766-87311555f315","__parent":"north_west","position":[-849.224365,-63.6407623,252.825607],"annotation":"STREET","isRenderEnabled":false,"rotationMatrix":[-0.859313428,0.0215301514,-0.510994077,-0.0622384697,-0.996079743,0.0627031773,-0.507642925,0.0856863558,0.857289076],"shapeName":"/levels/Utah/art/shapes/buildings/utah_mines_rough_edge.dae"}
{"class":"TSStatic","persistentId":"55f846e1-b3d4-49b5-9f34-b274b23b61b0","__parent":"north_west","position":[-847.661499,-173.172028,263.636902],"annotation":"STREET","isRenderEnabled":false,"rotationMatrix":[0.54278338,0.816829681,0.195320815,-0.806438923,0.571853936,-0.150434449,-0.234573364,-0.0758608356,0.96912843],"shapeName":"/levels/Utah/art/shapes/buildings/utah_mines_rough_edge.dae"}
{"class":"TSStatic","persistentId":"578bd44a-6939-45e5-b6ef-3b1613335411","__parent":"north_west","position":[-856.696655,-98.675148,255.436417],"annotation":"STREET","isRenderEnabled":false,"rotationMatrix":[0.902937531,-0.291156679,-0.31609875,0.272183627,0.956637681,-0.1036705,0.332578212,0.00756875984,0.943041801],"shapeName":"/levels/Utah/art/shapes/buildings/utah_mines_rough_edge.dae"}
{"class":"TSStatic","persistentId":"585a757b-749a-4727-b263-d79136475151","__parent":"north_west","position":[-858.273682,-106.598915,255.940979],"annotation":"STREET","isRenderEnabled":false,"rotationMatrix":[-0.902937889,0.291156769,0.316098809,-0.282771438,-0.956385076,0.0731943026,0.323624909,-0.0232961327,0.945896745],"shapeName":"/levels/Utah/art/shapes/buildings/utah_mines_rough_edge.dae"}
{"class":"TSStatic","persistentId":"58f50804-a3e8-4fb4-819c-5de1adcc1ac1","__parent":"north_west","position":[-914.119507,-182.389313,262.45871],"annotation":"OBSTACLES","isRenderEnabled":false,"rotationMatrix":[-0.511181355,-0.859319925,-0.0162249226,0.859290838,-0.510593593,-0.0302414037,0.0177027509,-0.0294007212,0.999410927],"scale":[1.10929251,1,1],"shapeName":"/levels/utah/art/shapes/buildings/utah_mines_walls.dae"}
{"class":"TSStatic","persistentId":"59f58acd-f257-405f-84aa-9931d28cd957","__parent":"north_west","position":[-864.142578,-163.450806,260.18811],"annotation":"OBSTACLES","isRenderEnabled":false,"rotationMatrix":[0.657047451,0.753849387,-0.000520559144,-0.740429342,0.645220518,-0.188297078,-0.1416118,0.124105565,0.98211199],"shapeName":"/levels/utah/art/shapes/buildings/utah_mines_walls.dae"}
{"class":"TSStatic","persistentId":"5a2a4824-dc9a-4e24-9e8a-e19a0f03e8ec","__parent":"north_west","position":[-896.577515,-190.11908,251.241898],"annotation":"ROCK","isRenderEnabled":false,"rotationMatrix":[0.581199884,0.813759923,0,-0.813759923,0.581199884,0,0,0,1],"shapeName":"/levels/Utah/art/shapes/rocks/utah_rock_big_2_b.dae"}
{"class":"TSStatic","persistentId":"5aa15771-74be-4d30-813a-9901a7aa7f2e","__parent":"north_west","position":[-919.595215,-219.775421,262.335052],"annotation":"STREET","isRenderEnabled":false,"rotationMatrix":[0.893109262,-0.421651244,0.156729326,0.428861946,0.903261781,-0.0137815848,-0.135756016,0.0795238167,0.98754406],"shapeName":"/levels/Utah/art/shapes/buildings/utah_mines_rough_edge.dae"}
{"class":"TSStatic","persistentId":"5bf1c7ef-ae43-41e5-823d-2e76762083a0","__parent":"north_west","position":[-936.551636,-267.595886,265.97049],"annotation":"ROCK","isRenderEnabled":false,"rotationMatrix":[0.982766092,-0.184848905,0,0.184848905,0.982766092,0,0,0,1],"shapeName":"/levels/Utah/art/shapes/rocks/utah_rock_big_2_c.dae"}
{"class":"TSStatic","persistentId":"5c57f53b-72a6-4b6f-83a4-e033eafb093d","__parent":"north_west","position":[-912.462097,-198.79335,262.000549],"annotation":"STREET","isRenderEnabled":false,"rotationMatrix":[-0.78714776,0.518140316,0.334554523,-0.53278935,-0.844495356,0.0543505289,0.310688913,-0.135466695,0.940804482],"shapeName":"/levels/Utah/art/shapes/buildings/utah_mines_rough_edge.dae"}
{"class":"TSStatic","persistentId":"5d8c4efc-c2a4-4423-b52a-fe88b91c1f6e","__parent":"north_west","position":[-942.213867,-269.314484,252.628021],"annotation":"ROCK","isRenderEnabled":false,"rotationMatrix":[0.991363585,-0.131141126,0,0.131141126,0.991363585,0,0,0,1],"shapeName":"/levels/Utah/art/shapes/rocks/utah_rock_big_2_d.dae"}
{"class":"TSStatic","persistentId":"5e2f87a5-afe0-4d94-b7f7-47e8cbdfa92d","__parent":"north_west","position":[-908.408997,-199.337128,261.365448],"annotation":"STREET","isRenderEnabled":false,"rotationMatrix":[-0.819812357,0.549927115,-0.159642845,-0.559636354,-0.82849288,0.0199566521,-0.121287815,0.105702862,0.986971378],"shapeName":"/levels/Utah/art/shapes/buildings/utah_mines_rough_edge.dae"}
{"class":"TSStatic","persistentId":"5e97d3cc-c230-4638-a28f-3b470a829b47","__parent":"north_west","position":[-927.432495,-175.035645,264.677063],"annotation":"OBSTACLES","isRenderEnabled":false,"rotationMatrix":[0.511180997,0.859319687,0.0162249152,-0.855551004,0.506957173,0.105002493,0.0820054039,-0.0675565153,0.994339228],"scale":[1.10929251,1,1],"shapeName":"/levels/utah/art/shapes/buildings/utah_mines_walls.dae"}
{"class":"TSStatic","persistentId":"5f104bd6-27d9-4441-9fb1-20723a0d9933","__parent":"north_west","position":[-864.708313,4.61667585,245.46756],"annotation":"STREET","isRenderEnabled":false,"rotationMatrix":[-0.840140283,-0.524202943,0.139125451,0.538754582,-0.836124599,0.10301362,0.0623271875,0.161498144,0.984895408],"shapeName":"/levels/Utah/art/shapes/buildings/utah_mines_rough_edge.dae"}
{"class":"TSStatic","persistentId":"5fc80570-52ac-4ba7-832f-362809885847","__parent":"north_west","position":[-903.674011,-192.782166,260.917664],"annotation":"STREET","isRenderEnabled":false,"rotationMatrix":[0.819715142,-0.550070286,0.159646243,0.559777677,0.828397691,-0.0199291091,-0.121287815,0.105702862,0.986971378],"shapeName":"/levels/Utah/art/shapes/buildings/utah_mines_rough_edge.dae"}
{"class":"TSStatic","persistentId":"5fef4114-e7e6-4d2a-99ad-ff68c68fa98a","__parent":"north_west","position":[-649.011841,343.458435,296.641205],"annotation":"OBSTACLES","decalType":"None","isRenderEnabled":false,"rotationMatrix":[0.994710386,0.0842149481,-0.0587767549,-0.067507036,0.967474401,0.243779272,0.0773932487,-0.238522306,0.968042552],"shapeName":"/levels/utah/art/shapes/buildings/utah_mines_tracks.dae"}
{"class":"TSStatic","persistentId":"6186f0bb-777d-490e-825e-cb780c8d5dc1","__parent":"north_west","position":[-899.156616,-186.263397,260.474884],"annotation":"STREET","isRenderEnabled":false,"rotationMatrix":[-0.778677046,0.606507301,-0.160647422,-0.619408488,-0.783891141,0.0428502709,-0.099940829,0.132873148,0.986079335],"shapeName":"/levels/Utah/art/shapes/buildings/utah_mines_rough_edge.dae"}
{"class":"TSStatic","persistentId":"6469b2bd-1b74-4f8c-a451-1b15e8ae6ed0","__parent":"north_west","position":[-878.396423,-158.676025,258.680878],"annotation":"STREET","isRenderEnabled":false,"rotationMatrix":[-0.698054373,0.684932649,0.208737582,-0.68659234,-0.723015726,0.0763588622,0.203222588,-0.0900178477,0.974984407],"shapeName":"/levels/Utah/art/shapes/buildings/utah_mines_rough_edge.dae"}
{"class":"TSStatic","persistentId":"65163e33-0968-4cc9-a475-921d7b5ad381","__parent":"north_west","position":[-896.081665,-176.450119,260.406067],"annotation":"STREET","isRenderEnabled":false,"rotationMatrix":[0.583990812,-0.686659038,-0.432947338,0.729096472,0.67817682,-0.0921392366,0.356883675,-0.261854023,0.896696985],"shapeName":"/levels/Utah/art/shapes/buildings/utah_mines_rough_edge.dae"}
{"class":"TSStatic","persistentId":"658d5c66-d49f-4598-ba30-0fb2bccc849b","__parent":"north_west","position":[-852.58551,-40.142067,250.336945],"annotation":"STREET","isRenderEnabled":false,"rotationMatrix":[-0.987000227,0.0265388489,0.158448979,-0.00915403664,-0.993938506,0.109472141,0.160395339,0.106596164,0.98127377],"shapeName":"/levels/Utah/art/shapes/buildings/utah_mines_rough_edge.dae"}
{"class":"TSStatic","persistentId":"66b26d97-ac41-495e-895e-1d6e1b9cfaea","__parent":"north_west","position":[-936.618042,-269.601257,266.639832],"annotation":"ROCK","isRenderEnabled":false,"shapeName":"/levels/Utah/art/shapes/rocks/utah_rock_flat_a.dae"}
{"class":"TSStatic","persistentId":"6827aa3d-3770-4abe-9b8a-68b1b35c7c21","__parent":"north_west","position":[-940.099854,-167.513382,265.371765],"annotation":"OBSTACLES","isRenderEnabled":false,"rotationMatrix":[0.511180997,0.859319687,0.0162249152,-0.859100938,0.511424065,-0.0197336972,-0.0252552815,-0.0038512894,0.999673069],"scale":[1.10929251,1,1],"shapeName":"/levels/utah/art/shapes/buildings/utah_mines_walls.dae"}
{"class":"TSStatic","persistentId":"6835a6e9-db56-4a02-92cd-8ceb57721e27","__parent":"north_west","position":[-829.472961,-86.2576294,256.897217],"annotation":"OBSTACLES","isRenderEnabled":false,"rotationMatrix":[-0.00432283618,0.999966681,-0.00697918003,-0.989223897,-0.00529724173,-0.146319151,-0.146351561,0.00627147825,0.989212751],"scale":[1,0.839650154,1],"shapeName":"/levels/utah/art/shapes/buildings/utah_mines_walls.dae"}
{"class":"TSStatic","persistentId":"698d17ee-5595-40d9-b211-ead5a8f64a7c","__parent":"north_west","position":[-849.686951,-71.5625076,253.524353],"annotation":"STREET","isRenderEnabled":false,"rotationMatrix":[0.859313726,-0.0215301979,0.510994077,0.0622385927,0.996080041,-0.0627031326,-0.507642925,0.0856863558,0.857289076],"shapeName":"/levels/Utah/art/shapes/buildings/utah_mines_rough_edge.dae"}
{"class":"TSStatic","persistentId":"6e93d52b-c958-4851-a80f-4e820b0b07e0","__parent":"north_west","position":[-855.264465,-90.2005692,254.577698],"annotation":"STREET","isRenderEnabled":false,"rotationMatrix":[-0.95319593,0.213566169,0.213994563,-0.196803048,-0.975619376,0.0970601439,0.229507297,0.0503999777,0.971997738],"shapeName":"/levels/Utah/art/shapes/buildings/utah_mines_rough_edge.dae"}
{"class":"TSStatic","persistentId":"6ffc8ac6-d75e-49db-b4a2-694ba48cb682","__parent":"north_west","position":[-856.794678,-116.036644,256.329498],"annotation":"STREET","isRenderEnabled":false,"rotationMatrix":[0.896022975,-0.171143711,0.409696072,0.20271045,0.978621125,-0.0345378965,-0.395026684,0.113997109,0.911565185],"shapeName":"/levels/Utah/art/shapes/buildings/utah_mines_rough_edge.dae"}
{"class":"TSStatic","persistentId":"70d23aa2-a85b-44e5-bbd0-92f02a5d5184","__parent":"north_west","position":[-851.655518,-73.9304657,252.707062],"annotation":"OBSTACLES","isRenderEnabled":false,"rotationMatrix":[-0.996627271,0.0775726885,0.0268217698,-0.0759247765,-0.995439529,0.0577779002,0.0311812665,0.0555464849,0.997969091],"shapeName":"/levels/utah/art/shapes/buildings/utah_mines_walls.dae"}
{"class":"TSStatic","persistentId":"7638dbd9-53b3-45b7-acd5-eca6e7ba1480","__parent":"north_west","position":[-939.325867,-269.524445,266.629822],"annotation":"ROCK","isRenderEnabled":false,"shapeName":"/levels/Utah/art/shapes/rocks/utah_rock_flat_c.dae"}
{"class":"TSStatic","persistentId":"7886f85b-e01d-4a81-8dc9-9a7532f0ef6b","__parent":"north_west","position":[-850.996887,-59.2382317,251.589478],"annotation":"OBSTACLES","isRenderEnabled":false,"rotationMatrix":[0.997340918,-0.0673692822,0.0278483406,0.0688838586,0.995962501,-0.0575869791,-0.0238564573,0.0593520924,0.997952044],"shapeName":"/levels/utah/art/shapes/buildings/utah_mines_walls.dae"}
{"class":"TSStatic","persistentId":"797857f9-51bf-42ca-8383-428daf10238d","__parent":"north_west","position":[-933.543457,-256.737915,262.638428],"annotation":"STREET","isRenderEnabled":false,"rotationMatrix":[-0.932977378,0.197628185,-0.300821602,-0.203464523,-0.979005814,-0.0121378629,-0.296905071,0.0498822331,0.95360291],"shapeName":"/levels/Utah/art/shapes/buildings/utah_mines_rough_edge.dae"}
{"class":"TSStatic","persistentId":"79ea5962-7697-4e1c-aeaf-d32587b0b74f","__parent":"north_west","position":[-897.250427,-197.179565,267.942505],"annotation":"ROCK","isRenderEnabled":false,"rotationMatrix":[0.581199884,0.813759923,0,-0.102092765,0.0729162693,-0.992098868,-0.80733037,0.576607823,0.125458166],"shapeName":"/levels/Utah/art/shapes/rocks/utah_rock_big_2_b.dae"}
{"class":"TSStatic","persistentId":"7b77a729-b5ee-492e-900e-6786dc18e514","__parent":"north_west","position":[-861.594666,-167.794968,261.450439],"annotation":"STREET","isRenderEnabled":false,"rotationMatrix":[-0.692885876,-0.661457241,0.28698945,0.717093408,-0.673748076,0.178432688,0.075332135,0.329430252,0.941166401],"shapeName":"/levels/Utah/art/shapes/buildings/utah_mines_rough_edge.dae"}
{"class":"TSStatic","persistentId":"7b8368c5-eeff-4b78-98ad-422c22dd303c","__parent":"north_west","position":[-909.165344,-192.383011,261.79422],"annotation":"STREET","isRenderEnabled":false,"rotationMatrix":[-0.766828775,0.508957922,0.3910667,-0.525309563,-0.847748578,0.0732519999,0.368807077,-0.149261117,0.917440414],"shapeName":"/levels/Utah/art/shapes/buildings/utah_mines_rough_edge.dae"}
{"class":"TSStatic","persistentId":"7ca5eb65-6d90-4b92-bbb3-a1f96ca67ea6","__parent":"north_west","position":[-916.283203,-212.973587,262.10144],"annotation":"STREET","isRenderEnabled":false,"rotationMatrix":[-0.872228563,0.46314469,-0.157200068,-0.472542852,-0.880901992,0.0265939329,-0.126160547,0.0974799171,0.987206876],"shapeName":"/levels/Utah/art/shapes/buildings/utah_mines_rough_edge.dae"}
{"class":"TSStatic","persistentId":"7d33f625-b663-4026-90b2-f70f6a029bbc","__parent":"north_west","position":[-933.534912,-171.284241,267.073242],"annotation":"STREET","isRenderEnabled":false,"rotationMatrix":[0.812970996,-0.509644508,-0.281674206,0.531004965,0.847368062,-0.000585136935,0.238979995,-0.149094701,0.95950979],"shapeName":"/levels/Utah/art/shapes/buildings/utah_mines_rough_edge.dae"}
{"class":"TSStatic","persistentId":"7e6db891-dfc4-4278-bc63-a6086fa9d29d","__parent":"north_west","position":[-866.952148,-161.022705,259.590607],"annotation":"OBSTACLES","decalType":"None","isRenderEnabled":false,"rotationMatrix":[0.622756481,0.782207072,-0.0178697351,-0.77382189,0.612384498,-0.161800295,-0.115620308,0.114591703,0.986659467],"shapeName":"/levels/utah/art/shapes/buildings/utah_mines_tracks.dae"}
{"class":"TSStatic","persistentId":"7ff7c898-e91f-4eb5-9f67-90105ec18225","__parent":"north_west","position":[-901.579468,-181.715912,261.036743],"annotation":"STREET","isRenderEnabled":false,"rotationMatrix":[-0.654325724,0.60797292,0.449686259,-0.643894494,-0.759764791,0.0902876779,0.396548212,-0.230474964,0.888610244],"shapeName":"/levels/Utah/art/shapes/buildings/utah_mines_rough_edge.dae"}
{"class":"TSStatic","persistentId":"800696e6-41b8-4470-8e27-107c41ec9226","__parent":"north_west","position":[-848.54895,-176.929016,263.904114],"annotation":"STREET","isRenderEnabled":false,"rotationMatrix":[0.600122213,0.760857046,-0.246838242,-0.799800575,0.575649023,-0.17012006,0.0126545792,0.299512535,0.954003394],"shapeName":"/levels/Utah/art/shapes/buildings/utah_mines_rough_edge.dae"}
