{"name":"hangar_objects","class":"SimGroup","persistentId":"17029564-32fd-4d34-8e45-2070182d82c6","__parent":"airport"}
{"name":"plane","class":"TSStatic","persistentId":"8947309f-fea7-4480-b73a-7685bf3995c9","__parent":"airport","position":[-308.025482,-542.095154,129.746231],"annotation":"OBSTACLES","isRenderEnabled":false,"rotationMatrix":[1,0,0,0,0.997795522,-0.0663618594,0,0.0663618594,0.997795522],"shapeName":"/levels/utah/art/shapes/buildings/airport_old_plane.dae"}
{"name":"clutter_barrels_tarp_group_28288","internalName":"clutter_barrels_tarp_group","class":"Prefab","persistentId":"c227b46e-dd4a-4db6-a7c4-b94ee61dd783","__parent":"airport","position":[-298.512329,-543.831299,130.23291],"annotation":"OBSTACLES","filename":"/levels/Utah/art/prefabs/clutter_barrels_tarp_group.prefab.json","rotationMatrix":[-0.555153966,-0.831747174,0,0.831747174,-0.555153966,0,0,0,1]}
{"name":"clutter_barrels_tarp_group_28298","internalName":"clutter_barrels_tarp_group","class":"Prefab","persistentId":"ea59da41-1beb-4e20-b897-725fc524e9e1","__parent":"airport","position":[-332.787842,-537.902527,130.272827],"annotation":"OBSTACLES","filename":"/levels/Utah/art/prefabs/clutter_barrels_tarp_group.prefab.json","rotationMatrix":[-0.555153966,-0.831747174,0,0.831747174,-0.555153966,0,0,0,1]}
