{"class":"TSStatic","persistentId":"74f97bc3-33f8-49e2-9b13-9e731f349c28","__parent":"quarrySide_props","position":[844.286316,-510.99765,161.181],"isRenderEnabled":false,"rotationMatrix":[0.999662042,-0.0259964373,0,0.0259964373,0.999662042,0,0,0,1],"shapeName":"/levels/west_coast_usa/art/shapes/objects/s_gm_cube_4m.dae","useInstanceRenderData":true}
{"class":"TSStatic","persistentId":"09ac4676-413f-48e9-8e19-d0020c558bfa","__parent":"quarrySide_props","position":[840.287659,-510.893677,161.181],"isRenderEnabled":false,"rotationMatrix":[0.999662042,-0.0259964373,0,0.0259964373,0.999662042,0,0,0,1],"shapeName":"/levels/west_coast_usa/art/shapes/objects/s_gm_cube_4m.dae","useInstanceRenderData":true}
{"class":"TSStatic","persistentId":"6026b53a-cb57-4785-aab7-934e1d6e0786","__parent":"quarrySide_props","position":[836.289001,-510.789703,161.181],"isRenderEnabled":false,"rotationMatrix":[0.999662042,-0.0259964373,0,0.0259964373,0.999662042,0,0,0,1],"shapeName":"/levels/west_coast_usa/art/shapes/objects/s_gm_cube_4m.dae","useInstanceRenderData":true}
{"class":"TSStatic","persistentId":"bf80a95a-be6b-4a53-8ae2-5bf4c3d226d1","__parent":"quarrySide_props","position":[832.290344,-510.68573,161.181],"isRenderEnabled":false,"rotationMatrix":[0.999662042,-0.0259964373,0,0.0259964373,0.999662042,0,0,0,1],"shapeName":"/levels/west_coast_usa/art/shapes/objects/s_gm_cube_4m.dae","useInstanceRenderData":true}
{"class":"TSStatic","persistentId":"3d550879-c5d2-4f4f-ae5e-23b3cd6801c4","__parent":"quarrySide_props","position":[828.291687,-510.581757,161.181],"isRenderEnabled":false,"rotationMatrix":[0.999662042,-0.0259964373,0,0.0259964373,0.999662042,0,0,0,1],"shapeName":"/levels/west_coast_usa/art/shapes/objects/s_gm_cube_4m.dae","useInstanceRenderData":true}
{"class":"TSStatic","persistentId":"3126f7a2-0f4b-4e50-ae7c-e900afb20e80","__parent":"quarrySide_props","position":[824.29303,-510.477783,161.181],"isRenderEnabled":false,"rotationMatrix":[0.999662042,-0.0259964373,0,0.0259964373,0.999662042,0,0,0,1],"shapeName":"/levels/west_coast_usa/art/shapes/objects/s_gm_cube_4m.dae","useInstanceRenderData":true}
{"class":"TSStatic","persistentId":"70995e35-91ca-413d-a735-5fafa8729ac5","__parent":"quarrySide_props","position":[820.294373,-510.37381,161.181],"isRenderEnabled":false,"rotationMatrix":[0.999662042,-0.0259964373,0,0.0259964373,0.999662042,0,0,0,1],"shapeName":"/levels/west_coast_usa/art/shapes/objects/s_gm_cube_4m.dae","useInstanceRenderData":true}
{"class":"TSStatic","persistentId":"3cd3a96d-8bfc-4603-909f-fb0de4d45285","__parent":"quarrySide_props","position":[818.310974,-532.043945,165.264297],"isRenderEnabled":false,"rotationMatrix":[0.592573047,-0.80551672,0,0.80551672,0.592573047,0,0,0,1],"shapeName":"/art/shapes/objects/s_trashbag_pile_01.dae","useInstanceRenderData":true}
{"class":"TSStatic","persistentId":"8640fa36-4a6e-4cfa-8e9d-3ec0b965fbf8","__parent":"quarrySide_props","position":[858.78186,-525.040222,164.462479],"annotation":"OBSTACLES","decalType":"None","instanceColor":[1,0.768627524,0.215686291,1],"isRenderEnabled":false,"rotationMatrix":[-0.932670474,0.360729903,0,-0.360729903,-0.932670474,0,0,0,1],"scale":[0.873144507,0.873144507,0.873144507],"shapeName":"/levels/west_coast_usa/art/shapes/objects/bollard_yellow.dae","useInstanceRenderData":true}
{"class":"TSStatic","persistentId":"20e354ba-47dd-4ed6-b163-0984f2c09853","__parent":"quarrySide_props","position":[858.781494,-525.044067,165.754715],"annotation":"POLE","isRenderEnabled":false,"rotationMatrix":[0.635428071,-0.772159994,-8.74227482e-08,-0.772159994,-0.635427594,-8.74227695e-08,1.19535137e-08,1.23055244e-07,-0.999999523],"shapeName":"/levels/west_coast_usa/art/shapes/objects/pole_fence1.dae","useInstanceRenderData":true}
{"class":"TSStatic","persistentId":"72e0d091-589b-4a41-87ac-1ee3644d8847","__parent":"quarrySide_props","position":[858.749451,-525.040649,166.902176],"isRenderEnabled":false,"rotationMatrix":[-0.547737956,-0.836649835,0,0.836649835,-0.547737956,0,0,0,1],"scale":[0.761328101,0.761328101,0.761328101],"shapeName":"/levels/west_coast_usa/art/shapes/objects/sign_stop.dae","useInstanceRenderData":true}
{"class":"TSStatic","persistentId":"4d1a05b5-eaad-4a8e-8c81-853dddedfb12","__parent":"quarrySide_props","position":[819.791565,-531.48468,166.180679],"isRenderEnabled":false,"scale":[0.962988257,0.962988257,0.962988257],"shapeName":"/levels/west_coast_usa/art/shapes/trees/spanishbayonet2.dae","useInstanceRenderData":true}
{"class":"TSStatic","persistentId":"3fb4943a-28fc-4c1a-b9d1-95e3d6a0ab9a","__parent":"quarrySide_props","position":[826.915955,-548.501343,165.432709],"decalType":"None","isRenderEnabled":false,"rotationMatrix":[-0.999222636,0.0394304283,0,-0.0394304283,-0.999222636,0,0,0,1],"shapeName":"/art/shapes/garage_and_dealership/s_flag_floor_teardrop_01.dae","useInstanceRenderData":true}
{"class":"TSStatic","persistentId":"619569a4-469e-407b-98db-f24d5d438522","__parent":"quarrySide_props","position":[827.934021,-544.424988,165.615005],"decalType":"Visible Mesh Final","isRenderEnabled":false,"rotationMatrix":[0.999994993,-0.00312413415,0,0.00312413415,0.999994993,0,0,0,0.999999881],"shapeName":"/levels/west_coast_usa/art/shapes/buildings/s_workshop.dae","useInstanceRenderData":true}
{"class":"TSStatic","persistentId":"d1bd0ab0-3812-4cb0-8b32-f82b6d52fda4","__parent":"quarrySide_props","position":[830.435974,-534.919312,169.624939],"decalType":"None","isRenderEnabled":false,"rotationMatrix":[5.96046448e-08,0,-0.999999821,0,1,0,0.999999821,0,5.96046448e-08],"shapeName":"/levels/west_coast_usa/art/shapes/objects/s_small_light_hanging_off.dae","useInstanceRenderData":true}
{"class":"TSStatic","persistentId":"21f3f97d-6cce-4dc6-9a22-e0228d4a0814","__parent":"quarrySide_props","position":[830.435974,-537.919312,169.624939],"decalType":"None","isRenderEnabled":false,"rotationMatrix":[5.96046448e-08,0,-0.999999821,0,1,0,0.999999821,0,5.96046448e-08],"shapeName":"/levels/west_coast_usa/art/shapes/objects/s_small_light_hanging_off.dae","useInstanceRenderData":true}
{"class":"TSStatic","persistentId":"9fa1501f-7294-4f18-83d2-616b74eab329","__parent":"quarrySide_props","position":[830.435974,-540.919312,169.624939],"decalType":"None","isRenderEnabled":false,"rotationMatrix":[5.96046448e-08,0,-0.999999821,0,1,0,0.999999821,0,5.96046448e-08],"shapeName":"/levels/west_coast_usa/art/shapes/objects/s_small_light_hanging_off.dae","useInstanceRenderData":true}
{"class":"TSStatic","persistentId":"a5540727-8b40-4d11-9a67-c1e23e88e835","__parent":"quarrySide_props","position":[830.435974,-543.919312,169.624939],"decalType":"None","isRenderEnabled":false,"rotationMatrix":[5.96046448e-08,0,-0.999999821,0,1,0,0.999999821,0,5.96046448e-08],"shapeName":"/levels/west_coast_usa/art/shapes/objects/s_small_light_hanging_off.dae","useInstanceRenderData":true}
{"class":"TSStatic","persistentId":"2111ecbe-7de7-4823-8273-8f489b3a10c4","__parent":"quarrySide_props","position":[830.435974,-546.919312,169.624939],"decalType":"None","isRenderEnabled":false,"rotationMatrix":[5.96046448e-08,0,-0.999999821,0,1,0,0.999999821,0,5.96046448e-08],"shapeName":"/levels/west_coast_usa/art/shapes/objects/s_small_light_hanging_off.dae","useInstanceRenderData":true}
{"class":"TSStatic","persistentId":"ce9525e9-6c4b-4bbc-90fc-407e62283535","__parent":"quarrySide_props","position":[830.435974,-549.919312,169.624939],"decalType":"None","isRenderEnabled":false,"rotationMatrix":[5.96046448e-08,0,-0.999999821,0,1,0,0.999999821,0,5.96046448e-08],"shapeName":"/levels/west_coast_usa/art/shapes/objects/s_small_light_hanging_off.dae","useInstanceRenderData":true}
{"class":"TSStatic","persistentId":"63afded4-5931-4b81-a9e8-28ad9687cb42","__parent":"quarrySide_props","position":[832.99585,-535.339417,165.163483],"annotation":"OBSTACLES","isRenderEnabled":false,"rotationMatrix":[0.999788344,0.0205725748,0,-0.0205725748,0.999788344,0,0,0,1],"shapeName":"/levels/west_coast_usa/art/shapes/objects/s_curb.dae","useInstanceRenderData":true}
{"class":"TSStatic","persistentId":"4c1bbe7c-71f4-4c5b-9b7d-3bf4b8b37ed7","__parent":"quarrySide_props","position":[833.044128,-538.023071,165.163483],"annotation":"OBSTACLES","isRenderEnabled":false,"rotationMatrix":[0.999944985,0.0104890997,0,-0.0104890997,0.999944985,0,0,0,1],"shapeName":"/levels/west_coast_usa/art/shapes/objects/s_curb.dae","useInstanceRenderData":true}
{"class":"TSStatic","persistentId":"fcea9ac9-dd0a-44e8-9439-643e3ca88591","__parent":"quarrySide_props","position":[833.044128,-540.716125,165.163483],"annotation":"OBSTACLES","isRenderEnabled":false,"rotationMatrix":[0.999989092,-0.00466569839,0,0.00466569839,0.999989092,0,0,0,1],"shapeName":"/levels/west_coast_usa/art/shapes/objects/s_curb.dae","useInstanceRenderData":true}
{"class":"TSStatic","persistentId":"c27ed23b-da6b-4e78-b38e-76b2f715b083","__parent":"quarrySide_props","position":[833.044128,-548.844238,165.163483],"annotation":"OBSTACLES","isRenderEnabled":false,"rotationMatrix":[0.999990046,0.00446770899,0,-0.00446770899,0.999990046,0,0,0,1],"shapeName":"/levels/west_coast_usa/art/shapes/objects/s_curb.dae","useInstanceRenderData":true}
{"class":"TSStatic","persistentId":"246af202-a722-4432-9700-9ebab365e6d8","__parent":"quarrySide_props","position":[833.044128,-546.11438,165.163483],"annotation":"OBSTACLES","isRenderEnabled":false,"rotationMatrix":[0.999955893,-0.00939169992,0,0.00939169992,0.999955893,0,0,0,1],"shapeName":"/levels/west_coast_usa/art/shapes/objects/s_curb.dae","useInstanceRenderData":true}
{"class":"TSStatic","persistentId":"2f127752-0efe-4c39-9427-e09e0543e15f","__parent":"quarrySide_props","position":[833.026123,-543.441711,165.163483],"annotation":"OBSTACLES","isRenderEnabled":false,"rotationMatrix":[0.99997288,0.00736127421,0,-0.00736127421,0.99997288,0,0,0,1],"shapeName":"/levels/west_coast_usa/art/shapes/objects/s_curb.dae","useInstanceRenderData":true}
{"class":"TSStatic","persistentId":"92a0aff7-8f80-42a6-a49a-b7e1cc27cb6d","__parent":"quarrySide_props","position":[856.18335,-527.38855,164.932724],"annotation":"OBSTACLES","isRenderEnabled":false,"rotationMatrix":[0.996675909,-0.0814654529,0.000731959182,0.08146815,0.996593952,-0.0127860177,0.000312152726,0.0128031466,0.999917984],"shapeName":"/levels/west_coast_usa/art/shapes/objects/s_curb.dae","useInstanceRenderData":true}
{"class":"TSStatic","persistentId":"75ea21b8-bd6b-465e-b28a-861bf0389260","__parent":"quarrySide_props","position":[855.968994,-530.064148,164.973404],"annotation":"OBSTACLES","isRenderEnabled":false,"rotationMatrix":[0.996642947,-0.0818696022,-0.000397685973,0.0818699598,0.99664253,0.000965389365,0.000317314698,-0.000994707108,0.999999464],"shapeName":"/levels/west_coast_usa/art/shapes/objects/s_curb.dae","useInstanceRenderData":true}
{"class":"TSStatic","persistentId":"66c78412-8583-4f83-8466-c3a65b345cc6","__parent":"quarrySide_props","position":[855.718262,-532.768188,165.033035],"annotation":"OBSTACLES","isRenderEnabled":false,"rotationMatrix":[0.996642947,-0.081860058,0.00131163164,0.0818699524,0.996445477,-0.0198422056,0.00031731464,0.0198829789,0.999802291],"shapeName":"/levels/west_coast_usa/art/shapes/objects/s_curb.dae","useInstanceRenderData":true}
{"class":"TSStatic","persistentId":"f13542e1-553b-4759-af6a-f0352a8e510d","__parent":"quarrySide_props","position":[855.500549,-535.423523,165.088882],"annotation":"OBSTACLES","isRenderEnabled":false,"rotationMatrix":[0.996675909,-0.0814654529,0.000731959182,0.08146815,0.996593952,-0.0127860177,0.000312152726,0.0128031466,0.999917984],"shapeName":"/levels/west_coast_usa/art/shapes/objects/s_curb.dae","useInstanceRenderData":true}
{"class":"TSStatic","persistentId":"ffa8ff63-cbd0-46b2-b21f-bd3f72349381","__parent":"quarrySide_props","position":[855.286194,-538.099121,165.128281],"annotation":"OBSTACLES","isRenderEnabled":false,"rotationMatrix":[0.996642947,-0.0818696022,-0.000397685973,0.0818699598,0.99664253,0.000965389365,0.000317314698,-0.000994707108,0.999999464],"shapeName":"/levels/west_coast_usa/art/shapes/objects/s_curb.dae","useInstanceRenderData":true}
{"class":"TSStatic","persistentId":"d31e785d-8a31-430f-b881-e3b715f3c227","__parent":"quarrySide_props","position":[855.035461,-540.803162,165.128113],"annotation":"OBSTACLES","isRenderEnabled":false,"rotationMatrix":[0.996642947,-0.0818702057,-0.000242505237,0.0818699524,0.99664259,-0.000923702319,0.000317314756,0.000900747546,0.999999523],"shapeName":"/levels/west_coast_usa/art/shapes/objects/s_curb.dae","useInstanceRenderData":true}
{"class":"TSStatic","persistentId":"a42b3cc0-ac2f-45da-ab44-1daaf06545b3","__parent":"quarrySide_props","position":[854.829041,-543.514038,165.140808],"annotation":"OBSTACLES","isRenderEnabled":false,"rotationMatrix":[0.996675909,-0.081467323,-0.000477021647,0.0814681277,0.996673942,0.00200426904,0.000312152581,-0.00203646859,0.999997854],"shapeName":"/levels/west_coast_usa/art/shapes/objects/s_curb.dae","useInstanceRenderData":true}
{"class":"TSStatic","persistentId":"b4360e4f-fef7-47ed-8494-bf73229aa3d2","__parent":"quarrySide_props","position":[854.614685,-546.189636,165.132156],"annotation":"OBSTACLES","isRenderEnabled":false,"rotationMatrix":[0.996642947,-0.0818696022,-0.000397685973,0.0818699598,0.99664253,0.000965389365,0.000317314698,-0.000994707108,0.999999464],"shapeName":"/levels/west_coast_usa/art/shapes/objects/s_curb.dae","useInstanceRenderData":true}
{"class":"TSStatic","persistentId":"940ea1bb-78a4-445c-931b-eb82a3477abb","__parent":"quarrySide_props","position":[854.363953,-548.893677,165.128113],"annotation":"OBSTACLES","isRenderEnabled":false,"rotationMatrix":[0.996642947,-0.0818702057,-0.000242505237,0.0818699524,0.99664259,-0.000923702319,0.000317314756,0.000900747546,0.999999523],"shapeName":"/levels/west_coast_usa/art/shapes/objects/s_curb.dae","useInstanceRenderData":true}
{"class":"TSStatic","persistentId":"dc7e0061-0a07-4c30-821a-7c54723ad208","__parent":"quarrySide_props","position":[844.904541,-564.447571,165.159943],"annotation":"OBSTACLES","isRenderEnabled":false,"rotationMatrix":[0.0243356228,0.999703705,0,-0.999703705,0.0243356228,0,0,0,1],"shapeName":"/levels/west_coast_usa/art/shapes/objects/s_curb.dae","useInstanceRenderData":true}
{"class":"TSStatic","persistentId":"b0cbccf7-efd9-49bf-9234-f23ac9ef6418","__parent":"quarrySide_props","position":[842.196106,-564.38092,165.161423],"annotation":"OBSTACLES","isRenderEnabled":false,"rotationMatrix":[0.0262553692,0.999655128,0,-0.999655128,0.0262553692,0,0,0,1],"shapeName":"/levels/west_coast_usa/art/shapes/objects/s_curb.dae","useInstanceRenderData":true}
{"class":"TSStatic","persistentId":"9d6f4967-cca7-42bb-bfd3-86f4d0245ac2","__parent":"quarrySide_props","position":[839.48822,-564.30011,165.157944],"annotation":"OBSTACLES","isRenderEnabled":false,"rotationMatrix":[0.0353142619,0.999376178,0,-0.999376178,0.0353142619,0,0,0,1],"shapeName":"/levels/west_coast_usa/art/shapes/objects/s_curb.dae","useInstanceRenderData":true}
{"class":"TSStatic","persistentId":"e3bfe502-e184-4674-82dd-d6b134786e2b","__parent":"quarrySide_props","position":[823.934326,-550.068665,165.435211],"decalType":"None","isRenderEnabled":false,"rotationMatrix":[0.0213997364,0.999771357,0,-0.999771357,0.0213997364,0,0,0,1],"shapeName":"/art/shapes/garage_and_dealership/deal_covered_car_barstow_1.dae","useInstanceRenderData":true}
{"class":"TSStatic","persistentId":"0f1afccf-e713-4a86-84f8-83fd2d73ac41","__parent":"quarrySide_props","position":[824.103394,-546.682739,165.163498],"decalType":"None","isRenderEnabled":false,"rotationMatrix":[-0.0743333101,0.997233689,0,-0.997233689,-0.0743333101,0,0,0,1],"shapeName":"/art/shapes/garage_and_dealership/deal_covered_car_roamer_1.dae","useInstanceRenderData":true}
{"class":"TSStatic","persistentId":"249d37e8-877f-44fa-b6ac-85d8c360a85b","__parent":"quarrySide_props","position":[823.8526,-543.413879,165.414642],"decalType":"None","isRenderEnabled":false,"rotationMatrix":[-0.0271184444,0.999632597,0,-0.999632597,-0.0271184444,0,0,0,1],"shapeName":"/art/shapes/garage_and_dealership/deal_covered_car_sunburst_1.dae","useInstanceRenderData":true}
{"class":"TSStatic","persistentId":"5e4c8f11-a5c8-4013-9f49-ef519246dd07","__parent":"quarrySide_props","position":[823.622009,-540.254456,165.417252],"decalType":"None","isRenderEnabled":false,"rotationMatrix":[0.0383653641,0.999264121,0,-0.999264121,0.0383653641,0,0,0,1],"shapeName":"/art/shapes/garage_and_dealership/deal_covered_car_sunburst_2.dae","useInstanceRenderData":true}
{"class":"TSStatic","persistentId":"c2d21f00-1b5d-4665-8da1-1a28e1bfc36e","__parent":"quarrySide_props","position":[823.963501,-537.154724,165.414642],"decalType":"None","isRenderEnabled":false,"rotationMatrix":[0.0267897844,0.999641299,0,-0.999641299,0.0267897844,0,0,0,1],"shapeName":"/art/shapes/garage_and_dealership/deal_covered_car_sunburst_1.dae","useInstanceRenderData":true}
{"class":"TSStatic","persistentId":"a7a574e5-157b-455e-b13f-fdfcccf524b0","__parent":"quarrySide_props","position":[820.892395,-532.13208,165.449982],"decalType":"None","isRenderEnabled":false,"rotationMatrix":[0.999989271,0.0046375487,0,-0.0046375487,0.999989271,0,0,0,1],"shapeName":"/art/shapes/garage_and_dealership/garage/s_office_bench.dae","useInstanceRenderData":true}
{"class":"TSStatic","persistentId":"70eecced-c1ef-4885-b996-5d894340d00d","__parent":"quarrySide_props","position":[821.178955,-528.843628,165.599716],"decalType":"None","isRenderEnabled":false,"rotationMatrix":[-0.00413060188,0.999991238,0,-0.999991238,-0.00413060188,0,0,0,1],"shapeName":"/art/shapes/garage_and_dealership/garage/s_office_desk.dae","useInstanceRenderData":true}
{"class":"TSStatic","persistentId":"a021d79e-44ed-42df-b654-4ae511e124d5","__parent":"quarrySide_props","position":[818.57666,-536.061707,165.271408],"isRenderEnabled":false,"shapeName":"/art/shapes/garage_and_dealership/Clutter/clutter_barrels_white.dae","useInstanceRenderData":true}
{"class":"TSStatic","persistentId":"e2514701-d0b6-4fa1-af74-886364ad9708","__parent":"quarrySide_props","position":[823.781128,-519.203308,165.274719],"decalType":"None","isRenderEnabled":false,"shapeName":"/art/shapes/garage_and_dealership/Clutter/metal_drum_old_a.DAE","useInstanceRenderData":true}
{"class":"TSStatic","persistentId":"00207d69-8c30-44fb-87a5-7e24052e511f","__parent":"quarrySide_props","position":[818.565063,-536.93866,165.890808],"isRenderEnabled":false,"rotationMatrix":[-0.581114411,-0.014264822,-0.813696563,-0.000212229323,-0.999843478,0.0176797099,-0.813821614,0.0104466286,0.581020832],"shapeName":"/art/shapes/garage_and_dealership/Clutter/wood_pallet.DAE","useInstanceRenderData":true}
{"class":"TSStatic","persistentId":"3c5abf74-e2fb-409f-bd39-4942e9442763","__parent":"quarrySide_props","position":[822.785889,-518.952393,165.262344],"decalType":"None","isRenderEnabled":false,"shapeName":"/art/shapes/objects/s_trashbag_pile_02.dae","useInstanceRenderData":true}
{"class":"TSStatic","persistentId":"964f7452-ae10-4864-8175-1f5b2e9bc4ea","__parent":"quarrySide_props","position":[825.319092,-518.787537,165.281677],"decalType":"None","isRenderEnabled":false,"shapeName":"/art/shapes/garage_and_dealership/Clutter/cbbox_large_dirt.DAE","useInstanceRenderData":true}
{"class":"TSStatic","persistentId":"12843017-5197-4a8b-a02b-efc8a88d1b94","__parent":"quarrySide_props","position":[819.626221,-518.329102,165.267273],"decalType":"None","isRenderEnabled":false,"rotationMatrix":[0.649094403,0.760707855,0,-0.760707855,0.649094403,0,0,0,1],"shapeName":"/art/shapes/garage_and_dealership/Clutter/cbbox_medium_dirt.DAE","useInstanceRenderData":true}
{"class":"TSStatic","persistentId":"392b178c-1050-48ec-9e88-ef48b85e3c1e","__parent":"quarrySide_props","position":[819.374146,-518.834351,165.269745],"decalType":"None","isRenderEnabled":false,"shapeName":"/art/shapes/garage_and_dealership/Clutter/cbbox_small_dirt.DAE","useInstanceRenderData":true}
{"class":"TSStatic","persistentId":"06d31c35-1bce-4bbd-a55b-51bc2983c3f8","__parent":"quarrySide_props","position":[824.522583,-519.004272,165.271744],"decalType":"None","isRenderEnabled":false,"shapeName":"/art/shapes/objects/s_trash_pile_01.dae","useInstanceRenderData":true}
{"class":"TSStatic","persistentId":"243758ca-bac8-4f09-a94c-f8115b6ed919","__parent":"quarrySide_props","position":[859.90155,-510.661346,164.616699],"isRenderEnabled":false,"rotationMatrix":[0.99059689,-0.136498854,-0.00926789455,0.136606887,0.990549684,0.0122409035,0.00750944205,-0.013391858,0.999882102],"shapeName":"/levels/west_coast_usa/art/shapes/objects/s_dealership_sign.dae","useInstanceRenderData":true}
{"class":"TSStatic","persistentId":"b21a27a6-6297-4b84-8103-a77919e33157","__parent":"quarrySide_props","position":[808.809753,-556.039001,164.909378],"annotation":"OBSTACLES","decalType":"None","instanceColor":[1,0.768627524,0.215686291,1],"isRenderEnabled":false,"rotationMatrix":[0.101973236,0.994569123,0.0208177697,-0.993974507,0.102713227,-0.0382674858,-0.0401979238,-0.0167900827,0.999050677],"shapeName":"/levels/west_coast_usa/art/shapes/objects/bollard_yellow.dae","useInstanceRenderData":true}
{"class":"TSStatic","persistentId":"70041204-4f75-44e7-aa83-03c2441b934d","__parent":"quarrySide_props","position":[810.016602,-560.570862,164.909378],"annotation":"OBSTACLES","decalType":"None","instanceColor":[1,0.768627524,0.215686291,1],"isRenderEnabled":false,"rotationMatrix":[0.100129366,0.993717372,0.0500004478,-0.988324344,0.105134845,-0.11028035,-0.114844292,-0.0383743457,0.992642045],"shapeName":"/levels/west_coast_usa/art/shapes/objects/bollard_yellow.dae","useInstanceRenderData":true}
{"class":"TSStatic","persistentId":"c26ab53f-24f3-42d6-8d69-44b3089ac097","__parent":"quarrySide_props","position":[860.465515,-510.631714,161.899887],"annotation":"OBSTACLES","decalType":"None","instanceColor":[1,0.768627524,0.215686291,1],"isRenderEnabled":false,"rotationMatrix":[-0.101913214,0.994346082,0.0298273973,-0.993462503,-0.103281498,0.0486353301,0.0514409654,-0.02467582,0.998371124],"shapeName":"/levels/west_coast_usa/art/shapes/objects/bollard_yellow.dae","useInstanceRenderData":true}
{"class":"TSStatic","persistentId":"007ebeb3-bc18-454d-9110-6d34e27c7478","__parent":"quarrySide_props","position":[822.247009,-554.157776,164.600327],"annotation":"OBSTACLES","decalType":"None","instanceColor":[1,0.768627524,0.215686291,1],"isRenderEnabled":false,"rotationMatrix":[1,0,0,0,0.999874532,0.0158411413,0,-0.0158411413,0.999874532],"shapeName":"/levels/west_coast_usa/art/shapes/objects/bollard_yellow.dae","useInstanceRenderData":true}
{"class":"TSStatic","persistentId":"b2150123-be5f-4b7d-9aaa-2eaad1fb7397","__parent":"quarrySide_props","position":[824.247009,-554.157776,164.600327],"annotation":"OBSTACLES","decalType":"None","instanceColor":[1,0.768627524,0.215686291,1],"isRenderEnabled":false,"rotationMatrix":[0.999832749,0,-0.0182881597,-0.000512175553,0.999607742,-0.0280011781,0.0182809848,0.0280058607,0.99944061],"shapeName":"/levels/west_coast_usa/art/shapes/objects/bollard_yellow.dae","useInstanceRenderData":true}
{"class":"TSStatic","persistentId":"243272bb-c82d-40b4-ab32-56df304448b0","__parent":"quarrySide_props","position":[826.247009,-554.157776,164.600327],"annotation":"OBSTACLES","decalType":"None","instanceColor":[1,0.768627524,0.215686291,1],"isRenderEnabled":false,"rotationMatrix":[0.999667704,0,0.0257773846,0,1,0,-0.0257773846,0,0.999667704],"shapeName":"/levels/west_coast_usa/art/shapes/objects/bollard_yellow.dae","useInstanceRenderData":true}
{"class":"TSStatic","persistentId":"326e54b8-4267-4c35-8773-88e1c41319ce","__parent":"quarrySide_props","position":[828.247009,-554.157776,164.600327],"annotation":"OBSTACLES","decalType":"None","instanceColor":[1,0.768627524,0.215686291,1],"isRenderEnabled":false,"rotationMatrix":[1,0,0,0,0.999696553,-0.0246343035,0,0.0246343035,0.999696553],"shapeName":"/levels/west_coast_usa/art/shapes/objects/bollard_yellow.dae","useInstanceRenderData":true}
{"class":"TSStatic","persistentId":"7438efa9-ee31-4b99-807f-7bf564087a00","__parent":"quarrySide_props","position":[820.247009,-554.157776,164.600327],"annotation":"OBSTACLES","decalType":"None","instanceColor":[1,0.768627524,0.215686291,1],"isRenderEnabled":false,"rotationMatrix":[0.999963164,0,-0.00858254731,-0.000150567532,0.999846101,-0.0175428186,0.00858122669,0.017543463,0.999809265],"shapeName":"/levels/west_coast_usa/art/shapes/objects/bollard_yellow.dae","useInstanceRenderData":true}
{"class":"TSStatic","persistentId":"2f26039f-4171-470f-bc05-41eb22283ebe","__parent":"quarrySide_props","position":[847.12561,-565.594666,165.197952],"isRenderEnabled":false,"shapeName":"/levels/west_coast_usa/art/shapes/objects/garbage_bottle_a.dae","useInstanceRenderData":true}
{"class":"TSStatic","persistentId":"2b9d7f83-be18-4c90-8b8b-e064ebc67962","__parent":"quarrySide_props","position":[855.843262,-541.06897,163.915085],"isRenderEnabled":false,"rotationMatrix":[0.99635148,-0.0853450224,0,0.0853450224,0.99635148,0,0,0,1],"shapeName":"/levels/west_coast_usa/art/shapes/objects/s_walkway.dae","useInstanceRenderData":true}
{"class":"TSStatic","persistentId":"2182440a-4056-41f8-a02e-68bacc2c325d","__parent":"quarrySide_props","position":[848.470337,-570.026428,174.853745],"rotationMatrix":[-0.411851883,-0.91125071,1.86264515e-09,0.910690546,-0.411598682,0.0350563042,-0.0319450796,0.0144380108,0.999385357],"shapeName":"/levels/west_coast_usa/art/shapes/objects/flag_usa_anim.dae","useInstanceRenderData":true}
{"class":"TSStatic","persistentId":"f9b12d4e-523e-405b-a1dd-d5cc33567607","__parent":"quarrySide_props","position":[849.254944,-568.178406,174.098221],"annotation":"POLE","isRenderEnabled":false,"rotationMatrix":[0.585758448,-0.81048578,0,0.81048578,0.585758448,0,0,0,1],"shapeName":"/levels/west_coast_usa/art/shapes/objects/pole_fence2.dae","useInstanceRenderData":true}
{"class":"TSStatic","persistentId":"176dd121-c08c-4cef-960a-2dd5439a846d","__parent":"quarrySide_props","position":[849.254944,-568.178406,171.912033],"annotation":"POLE","isRenderEnabled":false,"rotationMatrix":[0.585758448,-0.81048578,0,0.81048578,0.585758448,0,0,0,1],"shapeName":"/levels/west_coast_usa/art/shapes/objects/pole_fence2.dae","useInstanceRenderData":true}
{"class":"TSStatic","persistentId":"61f0f758-5915-4884-9227-90b4c2095970","__parent":"quarrySide_props","position":[849.254944,-568.178406,169.600937],"annotation":"POLE","isRenderEnabled":false,"rotationMatrix":[0.585758448,-0.81048578,0,0.81048578,0.585758448,0,0,0,1],"shapeName":"/levels/west_coast_usa/art/shapes/objects/pole_fence2.dae","useInstanceRenderData":true}
{"class":"TSStatic","persistentId":"e544ddf9-c2cf-4ee2-afc8-36cff51945cf","__parent":"quarrySide_props","position":[849.254944,-568.178406,167.202866],"annotation":"POLE","isRenderEnabled":false,"rotationMatrix":[0.585758448,-0.81048578,0,0.81048578,0.585758448,0,0,0,1],"shapeName":"/levels/west_coast_usa/art/shapes/objects/pole_fence2.dae","useInstanceRenderData":true}
{"class":"TSStatic","persistentId":"c99f74b1-3996-4dc2-aa00-0e7b136aaede","__parent":"quarrySide_props","position":[826.659607,-517.140991,164.863251],"isRenderEnabled":false,"rotationMatrix":[0.109514058,0.993985057,0,-0.993985057,0.109514058,0,0,0,1],"shapeName":"/levels/west_coast_usa/art/shapes/objects/garbage_sack.dae","useInstanceRenderData":true}
{"class":"TSStatic","persistentId":"e8f7b3de-3d49-4e7e-9ee9-a5278b865699","__parent":"quarrySide_props","position":[843.21167,-568.907898,165.065475],"annotation":"BUILDINGS","isRenderEnabled":false,"rotationMatrix":[-0.999297738,0.0374678075,0,-0.0374678075,-0.999297738,0,0,0,1],"shapeName":"/levels/west_coast_usa/art/shapes/buildings/office_mobile3.dae","useInstanceRenderData":true}
{"class":"TSStatic","persistentId":"97319b2d-552b-43fa-8402-022d34491564","__parent":"quarrySide_props","position":[834.771301,-504.39856,164.951096],"isRenderEnabled":false,"rotationMatrix":[0.999441683,-0.0334114321,0,0.0334114321,0.999441683,0,0,0,1],"shapeName":"/levels/west_coast_usa/art/shapes/buildings/warehouse_storage.dae","useInstanceRenderData":true}
{"class":"TSStatic","persistentId":"9e87f07c-9625-4ee9-a160-bd5911a82f18","__parent":"quarrySide_props","position":[808.293884,-510.378235,164.909378],"annotation":"OBSTACLES","decalType":"None","instanceColor":[1,0.768627524,0.215686291,1],"isRenderEnabled":false,"rotationMatrix":[-0.870355368,0.491909027,-0.0225292817,-0.491580427,-0.870631337,-0.0187184718,-0.0288224742,-0.00521676475,0.999570906],"shapeName":"/levels/west_coast_usa/art/shapes/objects/bollard_yellow.dae","useInstanceRenderData":true}
{"class":"TSStatic","persistentId":"2234cf78-aed5-48d3-aced-fd7f2fbdb37b","__parent":"quarrySide_props","position":[809.283997,-504.570404,164.909378],"annotation":"OBSTACLES","decalType":"None","instanceColor":[1,0.768627524,0.215686291,1],"isRenderEnabled":false,"rotationMatrix":[0.940205991,-0.336004764,-0.0557987578,0.333438069,0.941416442,-0.0505381562,0.0695109293,0.0289108418,0.997162163],"shapeName":"/levels/west_coast_usa/art/shapes/objects/bollard_yellow.dae","useInstanceRenderData":true}
{"class":"TSStatic","persistentId":"d8e02d84-511b-4bff-82c2-60c5fc15f9fe","__parent":"quarrySide_props","position":[859.662537,-509.956299,161.899887],"annotation":"OBSTACLES","decalType":"None","instanceColor":[1,0.768627524,0.215686291,1],"isRenderEnabled":false,"rotationMatrix":[-0.104127645,0.994346082,0.0208177753,-0.993915856,-0.103281379,-0.0382674858,-0.0359010324,-0.0246758182,0.999050677],"shapeName":"/levels/west_coast_usa/art/shapes/objects/bollard_yellow.dae","useInstanceRenderData":true}
{"class":"TSStatic","persistentId":"86fb24c1-e3e5-41d6-86fd-17238203d8a0","__parent":"quarrySide_props","position":[860.590515,-509.613373,161.899887],"annotation":"OBSTACLES","decalType":"None","instanceColor":[1,0.768627524,0.215686291,1],"isRenderEnabled":false,"rotationMatrix":[-0.101913214,0.994346082,0.0298273973,-0.993462503,-0.103281498,0.0486353301,0.0514409654,-0.02467582,0.998371124],"shapeName":"/levels/west_coast_usa/art/shapes/objects/bollard_yellow.dae","useInstanceRenderData":true}
{"class":"TSStatic","persistentId":"1a64b751-4f66-4e3d-9cd1-f0644e6acad7","__parent":"quarrySide_props","position":[855.442688,-506.033112,164.625656],"annotation":"OBSTACLES","decalType":"None","instanceColor":[1,0.768627524,0.215686291,1],"isRenderEnabled":false,"rotationMatrix":[-0.103444219,0.994346023,0.0239843279,-0.994620562,-0.103281498,-0.00793189649,-0.00540991221,-0.0246758163,0.999680877],"shapeName":"/levels/west_coast_usa/art/shapes/objects/bollard_yellow.dae","useInstanceRenderData":true}
{"class":"TSStatic","persistentId":"4790d0a3-f4b5-4f9f-85c7-dd798381841d","__parent":"quarrySide_props","position":[818.274536,-537.182434,165.272034],"isRenderEnabled":false,"rotationMatrix":[0.356485248,-0.934301138,0,0.934301138,0.356485248,0,0,0,1],"shapeName":"/art/shapes/garage_and_dealership/Clutter/wood_pallet.DAE","useInstanceRenderData":true}
{"class":"TSStatic","persistentId":"b6ac5e6b-9244-4587-b16a-fde6d3b65ad0","__parent":"quarrySide_props","position":[830.340088,-527.851868,164.56813],"annotation":"OBSTACLES","decalType":"None","instanceColor":[1,0.768627524,0.215686291,1],"isRenderEnabled":false,"rotationMatrix":[0.56620115,0.824267209,0,-0.824267209,0.56620115,0,0,0,1],"shapeName":"/levels/west_coast_usa/art/shapes/objects/bollard_yellow.dae","useInstanceRenderData":true}
{"class":"TSStatic","persistentId":"6deed2eb-f689-432c-89c1-5f0feaa6638b","__parent":"quarrySide_props","position":[830.331421,-530.888245,164.56813],"annotation":"OBSTACLES","decalType":"None","instanceColor":[1,0.768627524,0.215686291,1],"isRenderEnabled":false,"rotationMatrix":[0.460343719,0.88774091,0,-0.88774091,0.460343719,0,0,0,1],"shapeName":"/levels/west_coast_usa/art/shapes/objects/bollard_yellow.dae","useInstanceRenderData":true}
{"class":"TSStatic","persistentId":"eec98b90-6e74-4edc-931d-f9819296fadf","__parent":"quarrySide_props","position":[822.074158,-532.13208,165.449982],"decalType":"None","isRenderEnabled":false,"rotationMatrix":[0.999989271,0.0046375487,0,-0.0046375487,0.999989271,0,0,0,1],"shapeName":"/art/shapes/garage_and_dealership/garage/s_office_bench.dae","useInstanceRenderData":true}
{"class":"TSStatic","persistentId":"2cdaabb5-23f7-4e00-a247-919950c93756","__parent":"quarrySide_props","position":[848.147339,-508.613678,164.695297],"annotation":"OBSTACLES","decalType":"None","instanceColor":[1,0.768627524,0.215686291,1],"isRenderEnabled":false,"rotationMatrix":[-0.102908373,0.994346142,0.0261889361,-0.994563103,-0.103281617,0.0133198667,0.0159493871,-0.0246758219,0.999568284],"shapeName":"/levels/west_coast_usa/art/shapes/objects/bollard_yellow.dae","useInstanceRenderData":true}
{"class":"TSStatic","persistentId":"5d6d001a-ba7b-4a3e-addf-8a9c5c8548e4","__parent":"quarrySide_props","position":[821.127869,-507.782654,164.876556],"annotation":"OBSTACLES","decalType":"None","instanceColor":[1,0.768627524,0.215686291,1],"isRenderEnabled":false,"rotationMatrix":[0.593105197,-0.805120647,0.00266216416,0.804913104,0.592869997,-0.0249039978,0.0184724033,0.0169135034,0.999686301],"shapeName":"/levels/west_coast_usa/art/shapes/objects/bollard_yellow.dae","useInstanceRenderData":true}
{"class":"TSStatic","persistentId":"a4f63981-2b97-4ddf-ada7-443782679472","__parent":"quarrySide_props","position":[821.418945,-499.747925,164.731186],"annotation":"OBSTACLES","decalType":"None","instanceColor":[1,0.768627524,0.215686291,1],"isRenderEnabled":false,"rotationMatrix":[0.865364134,0.500711083,0.0208177753,-0.499762923,0.86531651,-0.0382674932,-0.0371749178,0.0227113646,0.999050677],"shapeName":"/levels/west_coast_usa/art/shapes/objects/bollard_yellow.dae","useInstanceRenderData":true}
{"class":"TSStatic","persistentId":"f26cf6b1-de60-4908-9762-b278d777a9ed","__parent":"quarrySide_props","position":[848.341125,-500.562317,164.601517],"annotation":"OBSTACLES","decalType":"None","instanceColor":[1,0.768627524,0.215686291,1],"isRenderEnabled":false,"rotationMatrix":[-0.102182031,0.994345963,0.0288926661,-0.993866146,-0.103281498,0.0395336188,0.0422941744,-0.0246758126,0.998800457],"shapeName":"/levels/west_coast_usa/art/shapes/objects/bollard_yellow.dae","useInstanceRenderData":true}
{"class":"TSStatic","persistentId":"bb8a0479-2b73-4426-8d75-ef2e650247fb","__parent":"quarrySide_props","position":[826.915955,-538.747925,165.432709],"decalType":"None","isRenderEnabled":false,"rotationMatrix":[-0.994733453,-0.102498733,0,0.102498733,-0.994733453,0,0,0,1],"shapeName":"/art/shapes/garage_and_dealership/s_flag_floor_teardrop_01.dae","useInstanceRenderData":true}
{"class":"TSStatic","persistentId":"37bfb76e-6c5b-454f-9f62-17f2be20fd14","__parent":"quarrySide_props","position":[832.920288,-525.915833,165.153671],"annotation":"OBSTACLES","isRenderEnabled":false,"rotationMatrix":[0.999728024,0.0233212952,-3.41060513e-13,-0.0233212952,0.999728024,0.000123378151,2.87733883e-06,-0.000123344595,1],"shapeName":"/levels/west_coast_usa/art/shapes/objects/s_curb.dae","useInstanceRenderData":true}
{"class":"TSStatic","persistentId":"192c58c6-26ae-4228-927f-190658cf4ee1","__parent":"quarrySide_props","position":[832.887268,-523.243713,165.160904],"annotation":"OBSTACLES","isRenderEnabled":false,"rotationMatrix":[0.999992371,0.00391127449,-2.39488236e-06,-0.00391127449,0.999992371,0.000123354926,2.87733883e-06,-0.000123344624,1],"shapeName":"/levels/west_coast_usa/art/shapes/objects/s_curb.dae","useInstanceRenderData":true}
{"class":"TSStatic","persistentId":"b8031c83-f1da-49f3-b28e-b7cdc1caf5f4","__parent":"quarrySide_props","position":[832.920776,-520.518616,165.161194],"annotation":"OBSTACLES","isRenderEnabled":false,"rotationMatrix":[0.99925667,-0.0385506488,-7.6302158e-06,0.0385506488,0.999256611,0.000123142032,2.87733906e-06,-0.000123344653,1],"shapeName":"/levels/west_coast_usa/art/shapes/objects/s_curb.dae","useInstanceRenderData":true}
{"class":"TSStatic","persistentId":"4f6e5aa8-1a20-469e-8612-db2a591efead","__parent":"quarrySide_props","position":[832.940613,-532.657471,165.163483],"annotation":"OBSTACLES","isRenderEnabled":false,"rotationMatrix":[0.999788344,0.0205725748,0,-0.0205725748,0.999788344,0,0,0,1],"shapeName":"/levels/west_coast_usa/art/shapes/objects/s_curb.dae","useInstanceRenderData":true}
{"class":"TSStatic","persistentId":"a42a5a01-2e13-44cd-970b-496c140446e8","__parent":"quarrySide_props","position":[826.013489,-532.112122,165.449982],"decalType":"None","isRenderEnabled":false,"rotationMatrix":[0.999989271,0.0046375487,0,-0.0046375487,0.999989271,0,0,0,1],"shapeName":"/art/shapes/garage_and_dealership/garage/s_office_bench.dae","useInstanceRenderData":true}
{"class":"TSStatic","persistentId":"d2ad7e83-4d69-46f4-8219-5fb942392334","__parent":"quarrySide_props","position":[847.319824,-565.281799,164.919678],"annotation":"OBSTACLES","decalType":"None","instanceColor":[1,0.768627524,0.215686291,1],"isRenderEnabled":false,"rotationMatrix":[0.99999994,0,0,0,0.99999994,0,0,0,0.999999881],"shapeName":"/levels/west_coast_usa/art/shapes/objects/bollard_yellow.dae","useInstanceRenderData":true}
{"class":"TSStatic","persistentId":"a31a162e-1941-46f9-8e40-00b3b22c37bb","__parent":"quarrySide_props","position":[826.380188,-518.952393,165.262344],"decalType":"None","isRenderEnabled":false,"rotationMatrix":[-0.917900443,0.396810234,0,-0.396810234,-0.917900443,0,0,0,1],"shapeName":"/art/shapes/objects/s_trashbag_pile_02.dae","useInstanceRenderData":true}
{"class":"TSStatic","persistentId":"1a02c850-61b9-42b8-a12a-bf4637cc6a91","__parent":"quarrySide_props","position":[820.042603,-519.329224,165.271408],"isRenderEnabled":false,"shapeName":"/art/shapes/garage_and_dealership/Clutter/clutter_barrels_white.dae","useInstanceRenderData":true}
{"class":"TSStatic","persistentId":"8bafbf1b-e562-4fb6-9a4e-a0b3d0650b7a","__parent":"quarrySide_props","position":[817.877075,-532.712097,165.267166],"decalType":"None","isRenderEnabled":false,"rotationMatrix":[0.87003541,-0.492989242,0,0.492989242,0.87003541,0,0,0,1],"shapeName":"/art/shapes/garage_and_dealership/Clutter/cbbox_small_dirt.DAE","useInstanceRenderData":true}
{"class":"TSStatic","persistentId":"b235efe8-bb5a-4966-a98d-ddef88baa7a3","__parent":"quarrySide_props","position":[819.194458,-530.412231,163.141174],"isRenderEnabled":false,"rotationMatrix":[0.00348037481,0.999994159,0,-0.999994159,0.00348037481,0,0,0,1],"scale":[1,0.106486328,1],"shapeName":"/levels/west_coast_usa/art/shapes/objects/s_dealership_sign.dae","useInstanceRenderData":true}
{"class":"TSStatic","persistentId":"88ae9f87-9df5-4778-9cd6-a98a76e65200","__parent":"quarrySide_props","position":[818.742004,-502.417694,164.731186],"annotation":"OBSTACLES","decalType":"None","instanceColor":[1,0.768627524,0.215686291,1],"isRenderEnabled":false,"rotationMatrix":[0.865364134,0.500711083,0.0208177753,-0.499762923,0.86531651,-0.0382674932,-0.0371749178,0.0227113646,0.999050677],"shapeName":"/levels/west_coast_usa/art/shapes/objects/bollard_yellow.dae","useInstanceRenderData":true}
{"class":"TSStatic","persistentId":"d6d7fefd-dbe1-41ca-9c07-d9657fd6f3a8","__parent":"quarrySide_props","position":[818.742004,-506.691101,164.731186],"annotation":"OBSTACLES","decalType":"None","instanceColor":[1,0.768627524,0.215686291,1],"isRenderEnabled":false,"rotationMatrix":[0.865364134,0.500711083,0.0208177753,-0.499762923,0.86531651,-0.0382674932,-0.0371749178,0.0227113646,0.999050677],"shapeName":"/levels/west_coast_usa/art/shapes/objects/bollard_yellow.dae","useInstanceRenderData":true}
