home_pos=756.47351074219,-147.08505249023,144.51132202148
home_rot=0.0039662582662931,-0.000167238826883,-0.10609602130878,0.99434796479351
home_trigger=BeamNGTrigger_PlayerGarage
gas_pos=813.30328369141,-153.40579223633,144.51206970215
gas_rot=-0.00092123974022673,-0.0045090823105846,0.99764223895915,0.068474685385375
gas_trigger=BeamNGTrigger_GasStation
garage_pos=797.6904296875,-180.44845581055,144.6343536377
garage_rot=0.0034735528644298,0.0033271457392342,-0.75922379668848,0.65081187072275
garage_trigger=BeamNGTrigger_RepairShop
usedcars_pos=790.99029541016,3.8284330368042,147.73498535156
usedcars_rot=0.0038271128102893,0.00067374700687823,-0.15847491336362,0.98735535705586
usedcars_trigger=BeamNGTrigger_CarStore
partshop_pos=767.06719970703,-133.39030456543,144.51672363281
partshop_rot=0.0038093797727302,0.0042252492475539,-0.76852885868007,0.6397898321093
partshop_trigger=BeamNGTrigger_MissionGiver
