pos=756.47351074219,-147.08505249023,144.51132202148
rot=0.0039662582662931,-0.000167238826883,-0.10609602130878,0.99434796479351