{"class":"TSStatic","persistentId":"e56c427a-fbeb-4a38-b7ad-232e1d8a5ece","__parent":"trail_011","position":[-344.996368,103.580948,223.053024],"isRenderEnabled":false,"rotationMatrix":[-0.811402321,0.474941581,-0.340670526,-0.541804373,-0.829823017,0.133571401,-0.219257712,0.292956948,0.930646181],"shapeName":"/levels/johnson_valley/art/shapes/rocks/s_rocks_desert_low_tiny.dae","useInstanceRenderData":true}
{"class":"TSStatic","persistentId":"e84625b5-7ad7-4f71-8b9e-e78a6dadabe8","__parent":"trail_011","position":[-340.393951,86.740715,225.362686],"isRenderEnabled":false,"rotationMatrix":[-0.60752058,-0.764744341,-0.214674726,0.758039892,-0.638938546,0.130894929,-0.237265065,-0.0832106322,0.967874646],"shapeName":"/levels/johnson_valley/art/shapes/rocks/s_rocks_desert_low_small.dae","useInstanceRenderData":true}
{"class":"TSStatic","persistentId":"0255b8a9-1043-4175-86c5-3b1339ae4ada","__parent":"trail_011","position":[-514.434326,86.4174652,223.343887],"isRenderEnabled":false,"rotationMatrix":[-0.989626765,0.14337489,-0.0091089569,-0.142608196,-0.972704887,0.183053777,0.0173849873,0.182453886,0.983060718],"shapeName":"/levels/johnson_valley/art/shapes/rocks/s_rocks_desert_low_small.dae","useInstanceRenderData":true}
{"class":"TSStatic","persistentId":"1ab051e8-505b-42b8-ba7b-a9a57eeec3a7","__parent":"trail_011","position":[-512.597961,64.4428253,229.344818],"isRenderEnabled":false,"shapeName":"/levels/johnson_valley/art/shapes/rocks/s_rocks_desert_large_05.dae","useInstanceRenderData":true}
{"class":"TSStatic","persistentId":"bee5f294-7c81-478c-9dd8-45d750f7d382","__parent":"trail_011","position":[-525.592773,52.0164795,233.031952],"isRenderEnabled":false,"shapeName":"/levels/johnson_valley/art/shapes/rocks/s_rocks_desert_large_06.dae","useInstanceRenderData":true}
{"class":"TSStatic","persistentId":"5453b5b4-e6dd-4519-9913-c4af23ae0d7f","__parent":"trail_011","position":[-509.514954,69.514473,227.490005],"isRenderEnabled":false,"rotationMatrix":[0.972412527,0,-0.233267739,0,1,0,0.233267739,0,0.972412527],"shapeName":"/levels/johnson_valley/art/shapes/rocks/s_rocks_desert_large_07.dae","useInstanceRenderData":true}
{"class":"TSStatic","persistentId":"1aa87214-2b22-453e-b6cc-299cc91ffdd3","__parent":"trail_011","position":[-516.935791,77.8884506,225.126678],"isRenderEnabled":false,"rotationMatrix":[-0.0474346876,-0.998874366,0,0.998874366,-0.0474346876,0,0,0,1],"shapeName":"/levels/johnson_valley/art/shapes/rocks/s_rocks_desert_low_flat_01.dae","useInstanceRenderData":true}
{"class":"TSStatic","persistentId":"0c020749-8f14-4a1b-a0b6-c0dec9b69924","__parent":"trail_011","position":[-537.069763,23.4929028,238.810974],"isRenderEnabled":false,"rotationMatrix":[0.569910169,-0.809223235,-0.142689168,0.810909331,0.52581811,0.256790787,-0.132772505,-0.262055665,0.955875695],"shapeName":"/levels/johnson_valley/art/shapes/rocks/s_rocks_desert_large_02.dae","useInstanceRenderData":true}
{"class":"TSStatic","persistentId":"9dd61f12-35af-4253-9ebc-b0865f6fbb39","__parent":"trail_011","position":[-527.301025,43.0626183,234.663376],"isRenderEnabled":false,"rotationMatrix":[0.829417527,0.543867528,-0.127572224,-0.537546217,0.839171052,0.0826796889,0.152021721,0,0.988377154],"shapeName":"/levels/johnson_valley/art/shapes/rocks/s_rocks_desert_large_03.dae","useInstanceRenderData":true}
{"class":"TSStatic","persistentId":"fe42f2d7-7dd3-42b3-b33a-d238fdb34232","__parent":"trail_011","position":[-518.716736,53.5809975,232.465393],"isRenderEnabled":false,"shapeName":"/levels/johnson_valley/art/shapes/rocks/s_rocks_desert_large_04.dae","useInstanceRenderData":true}
{"class":"TSStatic","persistentId":"9da6a25a-6e50-40e2-9687-aa38fd13c2b4","__parent":"trail_011","position":[-345.967102,51.8754959,233.918777],"isRenderEnabled":false,"rotationMatrix":[0.4488343,-0.746853113,0.490671277,0.879480958,0.46645987,-0.0944914073,-0.158307314,0.473946929,0.866206169],"shapeName":"/levels/johnson_valley/art/shapes/rocks/s_rocks_desert_low_flat_01.dae","useInstanceRenderData":true}
{"class":"TSStatic","persistentId":"a549595c-009c-4a26-ad1f-cdc3981ed11b","__parent":"trail_011","position":[-339.624268,116.630531,220.317947],"isRenderEnabled":false,"shapeName":"/levels/johnson_valley/art/shapes/rocks/s_rocks_desert_low_flat_02.dae","useInstanceRenderData":true}
{"class":"TSStatic","persistentId":"21b66cae-c076-4d87-814f-4d933766d058","__parent":"trail_011","position":[-351.703369,95.3695679,223.888184],"isRenderEnabled":false,"rotationMatrix":[0.183835208,-0.982944369,0.00501906872,0.944184184,0.178001463,0.277185708,-0.27335149,-0.0462175906,0.96080327],"shapeName":"/levels/johnson_valley/art/shapes/rocks/s_rocks_desert_large_02.dae","useInstanceRenderData":true}
{"class":"TSStatic","persistentId":"6524705a-7c7c-40e6-9da8-3b5742237055","__parent":"trail_011","position":[-349.496185,97.2138367,223.53862],"isRenderEnabled":false,"rotationMatrix":[0.0181045532,-0.999836087,0,0.999836087,0.0181045532,0,0,0,1],"shapeName":"/levels/johnson_valley/art/shapes/rocks/s_rocks_desert_large_04.dae","useInstanceRenderData":true}
{"class":"TSStatic","persistentId":"3ff95633-ed6e-469b-8540-d94d8f575142","__parent":"trail_011","position":[-342.48999,102.165306,224.025848],"isRenderEnabled":false,"rotationMatrix":[0.939044476,-0.343795747,0,0.343795747,0.939044476,0,0,0,1],"shapeName":"/levels/johnson_valley/art/shapes/rocks/s_rocks_desert_large_05.dae","useInstanceRenderData":true}
{"class":"TSStatic","persistentId":"0e7bba4d-546d-47b6-84a2-fd27b6aa81bb","__parent":"trail_011","position":[-341.19751,99.7663116,223.797729],"isRenderEnabled":false,"rotationMatrix":[0.907818496,0.403214604,-0.115254469,-0.400003821,0.915105462,0.050783515,0.125946641,9.31322575e-09,0.992036998],"shapeName":"/levels/johnson_valley/art/shapes/rocks/s_rocks_desert_large_02.dae","useInstanceRenderData":true}
{"class":"TSStatic","persistentId":"ece79ce9-80f0-47b1-b496-40b3a17c1ca6","__parent":"trail_011","position":[-343.490631,100.284821,223.693375],"isRenderEnabled":false,"rotationMatrix":[0.775114059,0.624677777,0.0947419107,-0.627500296,0.778616369,-3.7252903e-09,-0.0737676024,-0.059450563,0.995501876],"shapeName":"/levels/johnson_valley/art/shapes/rocks/s_rocks_desert_low_flat_02.dae","useInstanceRenderData":true}
{"class":"TSStatic","persistentId":"08b75fe5-05eb-4dc7-a1eb-921e8a505a84","__parent":"trail_011","position":[-350.221222,99.0436401,223.243301],"isRenderEnabled":false,"rotationMatrix":[0.937331319,-0.14499408,0.316838712,0.108196162,0.985474646,0.130894229,-0.331215411,-0.088410534,0.93940407],"shapeName":"/levels/johnson_valley/art/shapes/rocks/s_rocks_desert_low_flat_02.dae","useInstanceRenderData":true}
{"class":"TSStatic","persistentId":"075f91af-11b9-4540-b65b-9e9f849c7550","__parent":"trail_011","position":[-344.312012,96.3656769,224.268066],"isRenderEnabled":false,"shapeName":"/levels/johnson_valley/art/shapes/rocks/s_rocks_desert_medium_02.dae","useInstanceRenderData":true}
{"class":"TSStatic","persistentId":"641dde6e-edf9-4f7c-b2d4-15f9eab4cf3b","__parent":"trail_011","position":[-347.764191,95.946022,224.302887],"isRenderEnabled":false,"rotationMatrix":[0.984559357,0,0.175051197,0,1,0,-0.175051197,0,0.984559357],"shapeName":"/levels/johnson_valley/art/shapes/rocks/s_rocks_desert_medium_03.dae","useInstanceRenderData":true}
{"class":"TSStatic","persistentId":"f3401793-4ae7-4789-b7e1-cc5c83041e9e","__parent":"trail_011","position":[-345.712646,100.121605,224.441727],"isRenderEnabled":false,"shapeName":"/levels/johnson_valley/art/shapes/rocks/s_rocks_desert_large_06.dae","useInstanceRenderData":true}
{"class":"TSStatic","persistentId":"a624b289-dea0-4936-bcad-516d11809cb4","__parent":"trail_011","position":[-350.04715,96.6830826,225.330933],"isRenderEnabled":false,"shapeName":"/levels/johnson_valley/art/shapes/rocks/s_rocks_desert_medium_04.dae","useInstanceRenderData":true}
{"class":"TSStatic","persistentId":"5fb1f936-ff12-45ef-a629-29176d5fe30a","__parent":"trail_011","position":[-348.771973,93.3276901,224.534012],"isRenderEnabled":false,"rotationMatrix":[0.535764992,0.736084938,0.413684696,-0.784282327,0.615333498,-0.0791585296,-0.312821478,-0.282035172,0.906972408],"shapeName":"/levels/johnson_valley/art/shapes/rocks/s_rocks_desert_medium_04.dae","useInstanceRenderData":true}
{"class":"TSStatic","persistentId":"9a66be4c-1ca6-43b6-8a00-3b0f2275d8be","__parent":"trail_011","position":[-350.329529,99.8616333,224.076233],"isRenderEnabled":false,"rotationMatrix":[0.74795872,-0.6453619,-0.155131191,0,0.233721077,-0.972303569,0.663745165,0.727242887,0.174813747],"shapeName":"/levels/johnson_valley/art/shapes/rocks/s_rocks_desert_medium_02.dae","useInstanceRenderData":true}
{"class":"TSStatic","persistentId":"13d68202-8d2a-4fd6-ace0-e159c2749e4f","__parent":"trail_011","position":[-345.075867,91.7485428,223.940125],"isRenderEnabled":false,"rotationMatrix":[0.99443841,0,0.105319962,0,1,0,-0.105319962,0,0.99443841],"shapeName":"/levels/johnson_valley/art/shapes/rocks/s_rocks_desert_huge_sheet_1.dae","useInstanceRenderData":true}
{"class":"TSStatic","persistentId":"5b26cc1d-8cc9-40dc-9688-27763643668b","__parent":"trail_011","position":[-347.469391,90.5127945,224.900177],"isRenderEnabled":false,"rotationMatrix":[0.886612773,-0.446911961,0.119111255,0.462512463,0.856707394,-0.228330225,-3.7252903e-09,0.257530928,0.966270089],"shapeName":"/levels/johnson_valley/art/shapes/rocks/s_rocks_desert_large_07.dae","useInstanceRenderData":true}
{"class":"TSStatic","persistentId":"f02b8fe3-c4bd-4faa-a6f4-efbaa28c61d9","__parent":"trail_011","position":[-340.680145,89.58461,226.06543],"isRenderEnabled":false,"rotationMatrix":[0.910078764,-0.414435327,0,0.414435327,0.910078764,0,0,0,1],"shapeName":"/levels/johnson_valley/art/shapes/rocks/s_rocks_desert_large_06.dae","useInstanceRenderData":true}
{"class":"TSStatic","persistentId":"fb3ff1d8-f27a-4614-a58b-02d6de46d450","__parent":"trail_011","position":[-342.852783,89.2618332,224.860123],"isRenderEnabled":false,"rotationMatrix":[0.780692041,0.624916017,0,-0.624916017,0.780692041,0,0,0,1],"shapeName":"/levels/johnson_valley/art/shapes/rocks/s_rocks_desert_medium_04.dae","useInstanceRenderData":true}
{"class":"TSStatic","persistentId":"ead44f85-25cf-4733-a584-5b3ab4efa45d","__parent":"trail_011","position":[-342.628754,90.58741,225.39505],"isRenderEnabled":false,"rotationMatrix":[0.871712148,-0.140532121,0.46943441,0,0.957993627,0.286789596,-0.490018338,-0.249997973,0.83509469],"shapeName":"/levels/johnson_valley/art/shapes/rocks/s_rocks_desert_medium_05.dae","useInstanceRenderData":true}
{"class":"TSStatic","persistentId":"6514ec09-1735-4642-9a05-e5923139f4ea","__parent":"trail_011","position":[-347.738129,87.2097397,225.323761],"isRenderEnabled":false,"rotationMatrix":[0.999495447,0.0317627154,0,-0.0317627154,0.999495447,0,0,0,1],"shapeName":"/levels/johnson_valley/art/shapes/rocks/s_rocks_desert_large_03.dae","useInstanceRenderData":true}
{"class":"TSStatic","persistentId":"322ce4b2-de18-4744-9ccf-a3d7d54e38fe","__parent":"trail_011","position":[-345.785553,84.8103561,225.418793],"isRenderEnabled":false,"rotationMatrix":[0.453242719,-0.779453218,0.432462603,0.681620896,0.615704894,0.395348608,-0.574425101,0.115586594,0.810355246],"shapeName":"/levels/johnson_valley/art/shapes/rocks/s_rocks_desert_large_04.dae","useInstanceRenderData":true}
{"class":"TSStatic","persistentId":"e2fe38f3-4605-4465-a941-a1567d49431b","__parent":"trail_011","position":[-344.31958,81.9306717,224.926331],"isRenderEnabled":false,"rotationMatrix":[-0.649719477,0.759121716,-0.0400051922,-0.708363116,-0.623693228,-0.33049953,-0.275840163,-0.186393544,0.942957938],"shapeName":"/levels/johnson_valley/art/shapes/rocks/s_rocks_desert_large_04.dae","useInstanceRenderData":true}
{"class":"TSStatic","persistentId":"81439b60-5902-4eb1-92ec-d531c2389d84","__parent":"trail_011","position":[-340.738281,84.8148117,225.665833],"isRenderEnabled":false,"rotationMatrix":[0.984559357,0,0.175051197,0,1,0,-0.175051197,0,0.984559357],"shapeName":"/levels/johnson_valley/art/shapes/rocks/s_rocks_desert_medium_03.dae","useInstanceRenderData":true}
{"class":"TSStatic","persistentId":"6864e69f-29da-4bca-9404-f7b65bc16234","__parent":"trail_011","position":[-343.908966,85.797226,225.22496],"isRenderEnabled":false,"shapeName":"/levels/johnson_valley/art/shapes/rocks/s_rocks_desert_medium_04.dae","useInstanceRenderData":true}
{"class":"TSStatic","persistentId":"f1cc6945-8388-4813-9949-123157cb7f3e","__parent":"trail_011","position":[-342.332733,84.2686081,225.853119],"isRenderEnabled":false,"shapeName":"/levels/johnson_valley/art/shapes/rocks/s_rocks_desert_medium_02.dae","useInstanceRenderData":true}
{"class":"TSStatic","persistentId":"d7ed8ff7-3bd7-46e6-985d-749a23d8db44","__parent":"trail_011","position":[-343.093201,86.7966309,224.919724],"isRenderEnabled":false,"rotationMatrix":[0.869766474,-0.288876086,-0.400071114,0.315200299,0.949025154,-7.4505806e-09,0.379677564,-0.126102537,0.916484118],"shapeName":"/levels/johnson_valley/art/shapes/rocks/s_rocks_desert_large_06.dae","useInstanceRenderData":true}
{"class":"TSStatic","persistentId":"6ce86905-3860-4777-8802-375da2d6530c","__parent":"trail_011","position":[-343.493317,86.0009079,226.07048],"isRenderEnabled":false,"rotationMatrix":[0.871712089,-0.346749663,0.346240759,-1.49011612e-08,0.706587255,0.707625926,-0.490018368,-0.616846144,0.61594069],"shapeName":"/levels/johnson_valley/art/shapes/rocks/s_rocks_desert_medium_05.dae","useInstanceRenderData":true}
{"class":"TSStatic","persistentId":"cbb14bc8-a5cc-423d-aa94-5fe3980851fd","__parent":"trail_011","position":[-336.789429,75.9649887,226.696686],"isRenderEnabled":false,"rotationMatrix":[0.981214345,-2.23517418e-08,0.192920879,-0.0872995332,0.891756892,0.444014043,-0.17203854,-0.452514857,0.875004649],"shapeName":"/levels/johnson_valley/art/shapes/rocks/s_rocks_desert_large_05.dae","useInstanceRenderData":true}
{"class":"TSStatic","persistentId":"d9188241-464d-4018-b514-600ffd7be093","__parent":"trail_011","position":[-335.316193,79.0294952,225.294876],"isRenderEnabled":false,"rotationMatrix":[0.84452951,0,0.53550899,0,1,0,-0.53550899,0,0.84452951],"shapeName":"/levels/johnson_valley/art/shapes/rocks/s_rocks_desert_huge_sheet_2.dae","useInstanceRenderData":true}
{"class":"TSStatic","persistentId":"897989bf-9cc3-4cda-bef2-ddcb016fdbe2","__parent":"trail_011","position":[-339.13501,81.7001038,225.698105],"isRenderEnabled":false,"rotationMatrix":[0.0708477497,-0.824383616,0.5615803,0.997487307,0.0585528016,-0.0398870111,-2.98023224e-08,0.562995076,0.826460302],"shapeName":"/levels/johnson_valley/art/shapes/rocks/s_rocks_desert_medium_02.dae","useInstanceRenderData":true}
{"class":"TSStatic","persistentId":"7f4a4afe-9aa6-4acf-a6a0-4856b2b98dc3","__parent":"trail_011","position":[-341.690857,79.8649979,226.31102],"isRenderEnabled":false,"rotationMatrix":[0.204804182,-0.885634065,0.416782081,0.9788028,0.185309649,-0.0872071981,1.49011612e-08,0.425807953,0.904813528],"shapeName":"/levels/johnson_valley/art/shapes/rocks/s_rocks_desert_medium_03.dae","useInstanceRenderData":true}
{"class":"TSStatic","persistentId":"fa71902b-ecb8-4409-8998-a6b3f6a1ddea","__parent":"trail_011","position":[-343.027954,80.6965027,226.455856],"isRenderEnabled":false,"rotationMatrix":[0.68595922,0,0.727640033,0,1,0,-0.727640033,0,0.68595922],"shapeName":"/levels/johnson_valley/art/shapes/rocks/s_rocks_desert_medium_04.dae","useInstanceRenderData":true}
{"class":"TSStatic","persistentId":"0fdc1872-4f07-4074-9f13-efb903bcc980","__parent":"trail_011","position":[-338.951263,74.6043854,227.04245],"isRenderEnabled":false,"rotationMatrix":[-0.0298444033,-0.999554634,0,0.999554634,-0.0298444033,0,0,0,1],"shapeName":"/levels/johnson_valley/art/shapes/rocks/s_rocks_desert_large_03.dae","useInstanceRenderData":true}
{"class":"TSStatic","persistentId":"f4e2005a-0a8c-420b-b830-84d37e1d7a39","__parent":"trail_011","position":[-341.025299,74.1754227,227.580719],"isRenderEnabled":false,"rotationMatrix":[0.971401036,-0.140824571,-0.191176578,0.143470809,0.989654541,0,0.189198777,-0.0274282508,0.981555641],"shapeName":"/levels/johnson_valley/art/shapes/rocks/s_rocks_desert_large_04.dae","useInstanceRenderData":true}
{"class":"TSStatic","persistentId":"2873bb3e-b175-47dc-a2bf-b9b7ca4bf469","__parent":"trail_011","position":[-331.328735,86.1786118,225.294876],"isRenderEnabled":false,"rotationMatrix":[0.460465252,-0.707956135,0.53550905,0.838284671,0.545232892,1.49011612e-08,-0.291977227,0.448908985,0.84452951],"shapeName":"/levels/johnson_valley/art/shapes/rocks/s_rocks_desert_huge_sheet_2.dae","useInstanceRenderData":true}
{"class":"TSStatic","persistentId":"9febc229-4fa8-4680-acfd-7fc1701d6c45","__parent":"trail_011","position":[-335.866791,88.1627274,226.082626],"isRenderEnabled":false,"rotationMatrix":[0.961223781,-9.31322575e-10,-0.275769472,-0.0244885311,0.996049404,-0.0853573605,0.274680018,0.0888007209,0.957426429],"shapeName":"/levels/johnson_valley/art/shapes/rocks/s_rocks_desert_large_05.dae","useInstanceRenderData":true}
{"class":"TSStatic","persistentId":"842a7322-f7e7-45ab-bdea-819c44565bf1","__parent":"trail_011","position":[-336.445282,83.9938202,225.405899],"isRenderEnabled":false,"rotationMatrix":[0.935082197,0.354431033,0,-0.343826354,0.907104313,0.242786407,0.0860510245,-0.227025241,0.97007978],"shapeName":"/levels/johnson_valley/art/shapes/rocks/s_rocks_desert_large_04.dae","useInstanceRenderData":true}
{"class":"TSStatic","persistentId":"6644bca7-3549-4490-8d4f-22766e82e75d","__parent":"trail_011","position":[-340.232147,75.5861969,226.981003],"isRenderEnabled":false,"rotationMatrix":[0.931300759,0.265292138,0.249597773,-0.232199341,0.960344136,-0.154345751,-0.280646473,0.0857859254,0.95596987],"shapeName":"/levels/johnson_valley/art/shapes/rocks/s_rocks_desert_medium_03.dae","useInstanceRenderData":true}
{"class":"TSStatic","persistentId":"b39bab96-5f1a-4aa9-bc01-38744074986e","__parent":"trail_011","position":[-336.72821,74.1643677,227.820877],"isRenderEnabled":false,"rotationMatrix":[-0.658393383,0.752399266,0.020341225,0.752070606,0.656542897,0.0578032881,0.0301362611,0.0533553287,-0.998120904],"shapeName":"/levels/johnson_valley/art/shapes/rocks/s_rocks_desert_medium_03.dae","useInstanceRenderData":true}
{"class":"TSStatic","persistentId":"88504b73-3a66-498b-b6c7-e05638dabb21","__parent":"trail_011","position":[-351.106659,91.0672836,225.551346],"isRenderEnabled":false,"rotationMatrix":[0.455326498,0.890324414,0,-0.890324414,0.455326498,0,0,0,1],"shapeName":"/levels/johnson_valley/art/shapes/rocks/s_rocks_desert_large_02.dae","useInstanceRenderData":true}
{"class":"TSStatic","persistentId":"cb91f5e3-cf7a-4409-8a01-af1b63cc896f","__parent":"trail_011","position":[-349.713135,89.0858994,225.852066],"isRenderEnabled":false,"rotationMatrix":[0.887625039,0.460566849,0,-0.460566849,0.887625039,0,0,0,1],"shapeName":"/levels/johnson_valley/art/shapes/rocks/s_rocks_desert_large_05.dae","useInstanceRenderData":true}
{"class":"TSStatic","persistentId":"d36acf11-f3eb-4279-b75f-3cbea0dfd341","__parent":"trail_011","position":[-348.779572,85.0723419,226.12532],"isRenderEnabled":false,"rotationMatrix":[0.808265448,-0.533688962,0.248763442,0.576204479,0.803875208,-0.147557378,-0.121225052,0.262604117,0.957258344],"shapeName":"/levels/johnson_valley/art/shapes/rocks/s_rocks_desert_large_03.dae","useInstanceRenderData":true}
{"class":"TSStatic","persistentId":"10027f2e-4209-4fa5-acef-01d013a1278a","__parent":"trail_011","position":[-349.428345,85.9731216,228.069839],"isRenderEnabled":false,"rotationMatrix":[0.944081068,0.329713494,7.4505806e-09,-0.302509934,0.866188049,-0.397751331,-0.131143928,0.375509501,0.917493284],"shapeName":"/levels/johnson_valley/art/shapes/rocks/s_rocks_desert_medium_02.dae","useInstanceRenderData":true}
{"class":"TSStatic","persistentId":"cce1c077-fdb5-420b-aae0-c06fdfc57ab4","__parent":"trail_011","position":[-351.715179,88.9548798,227.395844],"isRenderEnabled":false,"rotationMatrix":[0.637209058,-0.727549732,0.254236281,0.770691097,0.601539731,-0.210203186,0,0.329880983,0.944022536],"shapeName":"/levels/johnson_valley/art/shapes/rocks/s_rocks_desert_large_06.dae","useInstanceRenderData":true}
{"class":"TSStatic","persistentId":"a81a774b-44a8-4b6c-a242-c0c3b8f5380c","__parent":"trail_011","position":[-350.634613,83.9906387,228.148132],"isRenderEnabled":false,"rotationMatrix":[0.952806354,-0.298138946,-0.0572119318,0.298628062,0.954369605,0,0.0546013303,-0.0170850866,0.998362064],"shapeName":"/levels/johnson_valley/art/shapes/rocks/s_rocks_desert_large_05.dae","useInstanceRenderData":true}
{"class":"TSStatic","persistentId":"5d4e978f-a015-4c2b-9280-1daaa92f2965","__parent":"trail_011","position":[-354.618652,87.1915436,227.626175],"isRenderEnabled":false,"rotationMatrix":[0.671403646,-0.741091907,0,0.741091907,0.671403646,0,0,0,1],"shapeName":"/levels/johnson_valley/art/shapes/rocks/s_rocks_desert_large_02.dae","useInstanceRenderData":true}
{"class":"TSStatic","persistentId":"f65aba99-9514-422b-a115-c275bf1c8e6c","__parent":"trail_011","position":[-352.22287,85.2759552,226.355957],"isRenderEnabled":false,"rotationMatrix":[0.0181045532,-0.999836087,0,0.999836087,0.0181045532,0,0,0,1],"shapeName":"/levels/johnson_valley/art/shapes/rocks/s_rocks_desert_large_04.dae","useInstanceRenderData":true}
{"class":"TSStatic","persistentId":"8cee8a63-0327-4c93-bed6-1d9c22c41328","__parent":"trail_011","position":[-354.328674,84.314743,228.951935],"isRenderEnabled":false,"shapeName":"/levels/johnson_valley/art/shapes/rocks/s_rocks_desert_medium_02.dae","useInstanceRenderData":true}
{"class":"TSStatic","persistentId":"61c4fc09-56a8-4d39-b808-a2a95173701f","__parent":"trail_011","position":[-353.478394,82.9388046,228.969757],"isRenderEnabled":false,"shapeName":"/levels/johnson_valley/art/shapes/rocks/s_rocks_desert_medium_03.dae","useInstanceRenderData":true}
{"class":"TSStatic","persistentId":"ce5e1222-6deb-4a1a-9112-257fc94f316e","__parent":"trail_011","position":[-352.764343,83.6041031,228.124283],"isRenderEnabled":false,"shapeName":"/levels/johnson_valley/art/shapes/rocks/s_rocks_desert_medium_04.dae","useInstanceRenderData":true}
{"class":"TSStatic","persistentId":"cca56479-9b29-47aa-922c-d0cda0fcf07b","__parent":"trail_011","position":[-354.709045,78.6490097,229.386093],"isRenderEnabled":false,"rotationMatrix":[-0.758821487,-0.545700073,0.355530679,0.617859602,-0.775811076,0.12793541,0.206010148,0.316748112,0.925867438],"shapeName":"/levels/johnson_valley/art/shapes/rocks/s_rocks_desert_huge_sheet_2.dae","useInstanceRenderData":true}
{"class":"TSStatic","persistentId":"99a07f19-380b-4435-a397-e92f9a666212","__parent":"trail_011","position":[-361.92749,81.7522659,230.79422],"isRenderEnabled":false,"rotationMatrix":[-0.735432148,0.480205804,0.478060752,-0.464699835,-0.870904803,0.159934357,0.493146807,-0.104533896,0.863642812],"shapeName":"/levels/johnson_valley/art/shapes/rocks/s_rocks_desert_huge_sheet_2.dae","useInstanceRenderData":true}
{"class":"TSStatic","persistentId":"1ec11694-f4aa-4d37-ac49-5d073477835a","__parent":"trail_011","position":[-359.18515,84.0318832,231.414246],"isRenderEnabled":false,"rotationMatrix":[0.847589433,0.481812835,0.222370505,-0.396156907,0.8533355,-0.338936985,-0.353060782,0.199185848,0.914151609],"shapeName":"/levels/johnson_valley/art/shapes/rocks/s_rocks_desert_large_02.dae","useInstanceRenderData":true}
{"class":"TSStatic","persistentId":"b0de3a55-ea26-4c0e-95b2-ff2fbb7a7143","__parent":"trail_011","position":[-357.357574,84.7052612,229.244263],"isRenderEnabled":false,"shapeName":"/levels/johnson_valley/art/shapes/rocks/s_rocks_desert_large_05.dae","useInstanceRenderData":true}
{"class":"TSStatic","persistentId":"5d8a1c7f-4e99-4643-ab4f-68fe9d78574c","__parent":"trail_011","position":[-362.153992,76.4342651,232.244125],"isRenderEnabled":false,"rotationMatrix":[1,0,0,0,0.806226134,0.591607511,0,-0.591607511,0.806226134],"shapeName":"/levels/johnson_valley/art/shapes/rocks/s_rocks_desert_large_06.dae","useInstanceRenderData":true}
{"class":"TSStatic","persistentId":"538a690b-55b8-41c8-be5d-608ca0fb9e7b","__parent":"trail_011","position":[-357.279877,71.2797165,232.458252],"isRenderEnabled":false,"rotationMatrix":[1,0,0,0,0.908131421,0.418685257,0,-0.418685257,0.908131421],"shapeName":"/levels/johnson_valley/art/shapes/rocks/s_rocks_desert_large_05.dae","useInstanceRenderData":true}
{"class":"TSStatic","persistentId":"db3baf65-256c-4e3b-9245-170ab26e321a","__parent":"trail_011","position":[-357.08316,79.9801102,231.353912],"isRenderEnabled":false,"rotationMatrix":[0.864156246,0.166731,0.474799752,-0.22058177,0.973546028,0.0595973767,-0.452302694,-0.156233609,0.878073692],"shapeName":"/levels/johnson_valley/art/shapes/rocks/s_rocks_desert_medium_02.dae","useInstanceRenderData":true}
{"class":"TSStatic","persistentId":"c64b8f89-0fbb-4db3-864d-fb09687fb911","__parent":"trail_011","position":[-355.155426,76.675621,232.337936],"isRenderEnabled":false,"shapeName":"/levels/johnson_valley/art/shapes/rocks/s_rocks_desert_medium_03.dae","useInstanceRenderData":true}
{"class":"TSStatic","persistentId":"d0d6dc18-2a42-4925-971a-bbe6aee9dd26","__parent":"trail_011","position":[-359.949677,77.4777603,231.928253],"isRenderEnabled":false,"shapeName":"/levels/johnson_valley/art/shapes/rocks/s_rocks_desert_medium_04.dae","useInstanceRenderData":true}
{"class":"TSStatic","persistentId":"6111fec6-326b-4926-9178-330cd126f7c9","__parent":"trail_011","position":[-351.722351,74.0322876,230.722351],"isRenderEnabled":false,"rotationMatrix":[0.760415792,-0.649436593,0,0.649436593,0.760415792,0,0,0,1],"shapeName":"/levels/johnson_valley/art/shapes/rocks/s_rocks_desert_large_05.dae","useInstanceRenderData":true}
{"class":"TSStatic","persistentId":"fb9b95b4-2acc-425f-94e1-1397a48fc175","__parent":"trail_011","position":[-354.698669,72.1000214,232.314514],"isRenderEnabled":false,"rotationMatrix":[0.778982997,0.627045155,0,-0.627045155,0.778982997,0,0,0,1],"shapeName":"/levels/johnson_valley/art/shapes/rocks/s_rocks_desert_large_05.dae","useInstanceRenderData":true}
{"class":"TSStatic","persistentId":"f7665f21-658b-4ad4-9cca-bfcaef4e7cbd","__parent":"trail_011","position":[-353.362579,72.7051163,231.110352],"isRenderEnabled":false,"rotationMatrix":[0.778982878,0.518538833,0.3525666,-0.627045274,0.644184589,0.437996149,-1.49011612e-08,-0.562266707,0.826956034],"shapeName":"/levels/johnson_valley/art/shapes/rocks/s_rocks_desert_large_05.dae","useInstanceRenderData":true}
{"class":"TSStatic","persistentId":"3adadf45-83fd-4b8a-84d5-2bb6966d9ac2","__parent":"trail_011","position":[-357.469421,74.4627991,230.843628],"isRenderEnabled":false,"rotationMatrix":[0.812959373,0,-0.582320452,0,1,0,0.582320452,0,0.812959373],"shapeName":"/levels/johnson_valley/art/shapes/rocks/s_rocks_desert_large_06.dae","useInstanceRenderData":true}
{"class":"TSStatic","persistentId":"f8dbdb79-748a-43b1-b441-e9cdfcaa1e43","__parent":"trail_011","position":[-360.286926,74.9820786,232.244125],"isRenderEnabled":false,"rotationMatrix":[0.654311597,-0.688483298,0.312837303,0.609688461,0.725005984,0.320384771,-0.44738847,-0.0188982487,0.894140065],"shapeName":"/levels/johnson_valley/art/shapes/rocks/s_rocks_desert_large_06.dae","useInstanceRenderData":true}
{"class":"TSStatic","persistentId":"81fed593-4a12-48c8-a4f0-3d10b3fd1ae1","__parent":"trail_011","position":[-361.068848,71.6037827,234.337952],"isRenderEnabled":false,"rotationMatrix":[-0.938797116,0.305676788,0.158814371,-0.191509485,-0.846368909,0.496974975,0.28632921,0.436144143,0.853108406],"shapeName":"/levels/johnson_valley/art/shapes/rocks/s_rocks_desert_huge_sheet_3.dae","useInstanceRenderData":true}
{"class":"TSStatic","persistentId":"b3d1fa87-1bc8-4f08-a723-6455c6ed712f","__parent":"trail_011","position":[-356.250183,69.6650772,234.337952],"isRenderEnabled":false,"rotationMatrix":[-0.963995576,-0.213287592,0.1588144,0.264719218,-0.826402187,0.496975124,0.0252458975,0.521122754,0.853108346],"shapeName":"/levels/johnson_valley/art/shapes/rocks/s_rocks_desert_huge_sheet_3.dae","useInstanceRenderData":true}
{"class":"TSStatic","persistentId":"d83e131c-06ed-4803-bafa-d81caf8898ce","__parent":"trail_011","position":[-355.427734,74.724411,231.928253],"isRenderEnabled":false,"rotationMatrix":[0.285890818,0.20250687,0.936620295,-0.6298002,0.776374578,0.0243780613,-0.722231567,-0.596853018,0.349497199],"shapeName":"/levels/johnson_valley/art/shapes/rocks/s_rocks_desert_medium_04.dae","useInstanceRenderData":true}
{"class":"TSStatic","persistentId":"49da822d-cc97-43da-948c-400edea60e18","__parent":"trail_011","position":[-366.876282,75.9869308,233.596069],"isRenderEnabled":false,"rotationMatrix":[-0.424393177,-0.583987057,0.691989541,0.808950007,-0.587877393,-2.98023224e-08,0.406805038,0.559784889,0.721907496],"shapeName":"/levels/johnson_valley/art/shapes/rocks/s_rocks_desert_huge_sheet_2.dae","useInstanceRenderData":true}
{"class":"TSStatic","persistentId":"ce369b54-6ef6-4be6-8a38-c63a53ffbc64","__parent":"trail_011","position":[-363.64859,86.0146255,233.713257],"isRenderEnabled":false,"rotationMatrix":[-0.129567742,0.954761386,-0.26766181,-0.768513918,0.0738809705,0.635553241,0.626576781,0.288049042,0.724174857],"shapeName":"/levels/johnson_valley/art/shapes/rocks/s_rocks_desert_huge_sheet_3.dae","useInstanceRenderData":true}
{"class":"TSStatic","persistentId":"4894178c-5321-4529-a040-467736d4e7b5","__parent":"trail_011","position":[-366.628571,81.7799072,234.89595],"isRenderEnabled":false,"rotationMatrix":[0.0931677818,0.992101371,-0.0839900374,-0.759646952,0.125362098,0.638138354,0.643627167,0.0043489337,0.765326738],"shapeName":"/levels/johnson_valley/art/shapes/rocks/s_rocks_desert_huge_sheet_3.dae","useInstanceRenderData":true}
{"class":"TSStatic","persistentId":"8bd7e5c4-e28b-4e53-a3c5-7c11202c26fd","__parent":"trail_011","position":[-358.885376,96.3434372,228.898483],"isRenderEnabled":false,"rotationMatrix":[0.922494531,-0.0740158856,-0.37884751,-0.111271799,0.888795018,-0.444591939,0.369624645,0.452288687,0.811672688],"shapeName":"/levels/johnson_valley/art/shapes/rocks/s_rocks_desert_low_flat_02.dae","useInstanceRenderData":true}
{"class":"TSStatic","persistentId":"8faa6c11-c09d-4a51-ad2e-6d21726e8123","__parent":"trail_011","position":[-359.570343,89.7178192,231.615524],"isRenderEnabled":false,"rotationMatrix":[0.876344919,-0.471738636,-0.0973771363,0.444415629,0.869817495,-0.214271531,0.185780481,0.144499853,0.971908152],"shapeName":"/levels/johnson_valley/art/shapes/rocks/s_rocks_desert_low_flat_02.dae","useInstanceRenderData":true}
{"class":"TSStatic","persistentId":"1ed66102-c45f-4cd6-ba6d-0f499557e4d2","__parent":"trail_011","position":[-352.056458,64.7753143,232.690979],"isRenderEnabled":false,"rotationMatrix":[0.732537687,0.680726528,0,-0.680726528,0.732537687,0,0,0,1],"shapeName":"/levels/johnson_valley/art/shapes/rocks/s_rocks_desert_large_05.dae","useInstanceRenderData":true}
{"class":"TSStatic","persistentId":"06d1b79c-f00e-45c8-8b6f-b72a012b5dc6","__parent":"trail_011","position":[-355.748901,64.0945587,235.425903],"isRenderEnabled":false,"shapeName":"/levels/johnson_valley/art/shapes/rocks/s_rocks_desert_large_06.dae","useInstanceRenderData":true}
{"class":"TSStatic","persistentId":"6a41537c-8e4f-41be-8bcc-a5ffe3a89405","__parent":"trail_011","position":[-351.973083,69.2861862,233.302048],"isRenderEnabled":false,"shapeName":"/levels/johnson_valley/art/shapes/rocks/s_rocks_desert_large_07.dae","useInstanceRenderData":true}
{"class":"TSStatic","persistentId":"ec495b92-d254-4cce-be26-79be0c873d19","__parent":"trail_011","position":[-358.270416,70.2349396,235.111893],"isRenderEnabled":false,"shapeName":"/levels/johnson_valley/art/shapes/rocks/s_rocks_desert_medium_04.dae","useInstanceRenderData":true}
{"class":"TSStatic","persistentId":"bbed78d6-02da-40fb-a0bd-4f553412012f","__parent":"trail_011","position":[-354.378235,66.7023087,235.084229],"isRenderEnabled":false,"rotationMatrix":[0.866565824,0,-0.499062836,0,1,0,0.499062836,0,0.866565824],"shapeName":"/levels/johnson_valley/art/shapes/rocks/s_rocks_desert_medium_03.dae","useInstanceRenderData":true}
{"class":"TSStatic","persistentId":"b6cc1253-f656-450c-80eb-170df4f10cdf","__parent":"trail_011","position":[-352.392151,69.9411697,234.821243],"isRenderEnabled":false,"shapeName":"/levels/johnson_valley/art/shapes/rocks/s_rocks_desert_medium_02.dae","useInstanceRenderData":true}
{"class":"TSStatic","persistentId":"c6f7ef16-6163-4fd4-8a53-dab3431485e3","__parent":"trail_011","position":[-352.687195,68.2065887,234.254562],"isRenderEnabled":false,"rotationMatrix":[0.901222289,-0.414727181,0.125697196,0.433357149,0.862478852,-0.26140359,0,0.29005453,0.95701015],"shapeName":"/levels/johnson_valley/art/shapes/rocks/s_rocks_desert_medium_01.dae","useInstanceRenderData":true}
{"class":"TSStatic","persistentId":"261ce57c-768a-4594-a6c1-0becb52f5def","__parent":"trail_011","position":[-351.380981,65.2815018,231.871902],"isRenderEnabled":false,"rotationMatrix":[-0.652687073,0.559239447,0.511127412,-0.666659415,-0.744455576,-0.0367640108,0.359951645,-0.364743292,0.858718336],"shapeName":"/levels/johnson_valley/art/shapes/rocks/s_rocks_desert_huge_sheet_2.dae","useInstanceRenderData":true}
{"class":"TSStatic","persistentId":"9cadb9c4-221f-4677-8644-7e419b966382","__parent":"trail_011","position":[-348.263,61.2069092,230.28894],"isRenderEnabled":false,"rotationMatrix":[-0.858732104,0.141413704,0.492525697,-0.0642052144,-0.983285189,0.170376688,0.508386731,0.1146852,0.853457808],"shapeName":"/levels/johnson_valley/art/shapes/rocks/s_rocks_desert_huge_sheet_2.dae","useInstanceRenderData":true}
{"class":"TSStatic","persistentId":"7c317078-4de0-4854-8916-1fdea52bc1ff","__parent":"trail_011","position":[-345.311798,68.2609253,229.441177],"isRenderEnabled":false,"rotationMatrix":[0.96728915,-0.253676355,0,0.253676355,0.96728915,0,0,0,1],"shapeName":"/levels/johnson_valley/art/shapes/rocks/s_rocks_desert_large_02.dae","useInstanceRenderData":true}
{"class":"TSStatic","persistentId":"3a6aabe8-585b-4797-8880-51ef4bc0c2f1","__parent":"trail_011","position":[-344.59552,71.9637222,229.90715],"isRenderEnabled":false,"rotationMatrix":[0.605138004,0.74638021,0.276992202,-0.678661942,0.665519834,-0.310646594,-0.416204274,0,0.909271121],"shapeName":"/levels/johnson_valley/art/shapes/rocks/s_rocks_desert_large_03.dae","useInstanceRenderData":true}
{"class":"TSStatic","persistentId":"0b10721d-8236-42ae-b732-481f62d115c9","__parent":"trail_011","position":[-349.094055,71.1448975,231.851456],"isRenderEnabled":false,"shapeName":"/levels/johnson_valley/art/shapes/rocks/s_rocks_desert_large_05.dae","useInstanceRenderData":true}
{"class":"TSStatic","persistentId":"d3888e37-1226-4690-804f-b234515edf96","__parent":"trail_011","position":[-347.241333,69.2150269,231.910294],"isRenderEnabled":false,"rotationMatrix":[0.554372311,0.738346457,-0.384078205,-0.832268953,0.491810739,-0.255833626,1.49011612e-08,0.461483359,0.887148917],"shapeName":"/levels/johnson_valley/art/shapes/rocks/s_rocks_desert_large_06.dae","useInstanceRenderData":true}
{"class":"TSStatic","persistentId":"28bf1dbd-a662-43aa-ae4b-2b8b69b311f0","__parent":"trail_011","position":[-344.255432,70.4265976,228.837418],"isRenderEnabled":false,"rotationMatrix":[0.165649772,0.986185133,0,-0.986185133,0.165649772,0,0,0,1],"shapeName":"/levels/johnson_valley/art/shapes/rocks/s_rocks_desert_large_02.dae","useInstanceRenderData":true}
{"class":"TSStatic","persistentId":"04d2170b-e4f6-4c0d-b606-c25b4d6130bd","__parent":"trail_011","position":[-347.22467,70.7649384,230.107422],"isRenderEnabled":false,"rotationMatrix":[-0.537763834,0.843096077,0,-0.843096077,-0.537763834,0,0,0,1],"shapeName":"/levels/johnson_valley/art/shapes/rocks/s_rocks_desert_large_02.dae","useInstanceRenderData":true}
{"class":"TSStatic","persistentId":"012d6367-a8e1-428b-af7a-7995d2d1ba2f","__parent":"trail_011","position":[-349.813934,72.0368805,230.472473],"isRenderEnabled":false,"rotationMatrix":[0.591127694,0.744260728,0.31087622,-0.767337382,0.637674928,-0.0675576553,-0.248518497,-0.198611706,0.948046386],"shapeName":"/levels/johnson_valley/art/shapes/rocks/s_rocks_desert_large_02.dae","useInstanceRenderData":true}
{"class":"TSStatic","persistentId":"cbd86407-4572-4901-94b7-116e0ad46301","__parent":"trail_011","position":[-352.742432,72.387291,232.397095],"isRenderEnabled":false,"rotationMatrix":[0.680306435,-0.708364725,0.188156024,0.639859796,0.699213862,0.318872273,-0.35743916,-0.096537441,0.92893368],"shapeName":"/levels/johnson_valley/art/shapes/rocks/s_rocks_desert_large_05.dae","useInstanceRenderData":true}
{"class":"TSStatic","persistentId":"6aef562a-b144-4244-971e-fed3667d922c","__parent":"trail_011","position":[-350.505035,71.753273,232.990524],"isRenderEnabled":false,"rotationMatrix":[0.646179736,0.349647939,-0.678378999,0.669412911,-0.686553955,0.283777773,-0.366521537,-0.637487113,-0.677696109],"shapeName":"/levels/johnson_valley/art/shapes/rocks/s_rocks_desert_medium_02.dae","useInstanceRenderData":true}
{"class":"TSStatic","persistentId":"f2ef7696-2fd2-4b98-8610-8580da91574c","__parent":"trail_011","position":[-348.800232,84.5187454,227.534744],"isRenderEnabled":false,"rotationMatrix":[0.595936418,0.803031743,0,-0.803031743,0.595936418,0,0,0,1],"shapeName":"/levels/johnson_valley/art/shapes/rocks/s_rocks_desert_medium_03.dae","useInstanceRenderData":true}
{"class":"TSStatic","persistentId":"6411a044-a010-4e7b-b9fe-b47bee3d314e","__parent":"trail_011","position":[-347.345123,86.2927475,226.477661],"isRenderEnabled":false,"rotationMatrix":[-0.452422619,0.541423202,0.708642483,-0.891803384,-0.274670482,-0.359503031,0,-0.794617295,0.60711062],"shapeName":"/levels/johnson_valley/art/shapes/rocks/s_rocks_desert_medium_03.dae","useInstanceRenderData":true}
{"class":"TSStatic","persistentId":"cafc9ab2-002c-41bf-94e2-7b6b57715890","__parent":"trail_011","position":[-339.741302,66.5348663,229.335571],"isRenderEnabled":false,"rotationMatrix":[-0.925971866,0.358500063,-0.118546411,-0.355597794,-0.933529377,-0.0455249622,-0.126987293,1.86264515e-09,0.991904318],"shapeName":"/levels/johnson_valley/art/shapes/rocks/s_rocks_desert_low_flat_01.dae","useInstanceRenderData":true}
{"class":"TSStatic","persistentId":"c7abd5a7-ad4a-4052-b1ca-5d3708aff379","__parent":"trail_011","position":[-333.368195,61.4084206,229.294205],"isRenderEnabled":false,"rotationMatrix":[0.908867359,0,0.417085201,0,1,0,-0.417085201,0,0.908867359],"shapeName":"/levels/johnson_valley/art/shapes/rocks/s_rocks_desert_huge_sheet_1.dae","useInstanceRenderData":true}
{"class":"TSStatic","persistentId":"f9175285-5f93-4508-8b96-fa1608736783","__parent":"trail_011","position":[-333.757538,56.0941887,231.119141],"isRenderEnabled":false,"rotationMatrix":[0.389981151,-0.683504581,0.617038727,0.868567705,0.495571077,2.98023224e-08,-0.305786669,0.535939574,0.786932945],"shapeName":"/levels/johnson_valley/art/shapes/rocks/s_rocks_desert_huge_sheet_2.dae","useInstanceRenderData":true}
{"class":"TSStatic","persistentId":"491fd08f-2e77-4eac-8df7-57da8b049c5a","__parent":"trail_011","position":[-333.182373,70.868866,229.300598],"isRenderEnabled":false,"rotationMatrix":[-0.30606389,-0.950155139,0.0594232231,0.836637616,-0.238663316,0.493029594,-0.45427233,0.200613976,0.867980838],"shapeName":"/levels/johnson_valley/art/shapes/rocks/s_rocks_desert_huge_sheet_3.dae","useInstanceRenderData":true}
{"class":"TSStatic","persistentId":"100b70f3-2103-41a1-91dc-288a04ce27b3","__parent":"trail_011","position":[-326.591156,59.6199341,231.531113],"isRenderEnabled":false,"rotationMatrix":[0.0918030739,-0.781559765,0.617038727,0.993172109,0.116659522,2.08616257e-07,-0.071983695,0.612825513,0.786932826],"shapeName":"/levels/johnson_valley/art/shapes/rocks/s_rocks_desert_huge_sheet_2.dae","useInstanceRenderData":true}
