{"name":"Castle_01","class":"SFXSpace","persistentId":"4d7e3781-6a3d-4bd9-9b1d-cc5e26f91df2","__parent":"Amb_2D","position":[-1016.29932,865.237366,250],"cloneOrigin":"SFXHill_21","locked":true,"rotationMatrix":[0.999999642,0.00028281947,-1.29966793e-09,-0.000283175148,0.999998927,-0.000690530636,-1.94943823e-07,0.000690530171,0.999999762],"scale":[109.447235,39.8156776,1000],"soundAmbience":"Amb_IT_Town"}
{"name":"Castle_02","class":"SFXSpace","persistentId":"74e3291e-9b53-4c09-99ce-65c9d3830b22","__parent":"Amb_2D","position":[-1043.9939,850.144409,250],"cloneOrigin":"Castle_1","locked":true,"rotationMatrix":[0.996915162,0.0784790963,-1.30194167e-09,-0.0784794912,0.996914446,-0.000690530578,-5.41919144e-05,0.000688400411,0.999999762],"scale":[48.7092896,13.8391542,1000],"soundAmbience":"Amb_IT_Town"}
{"name":"Castle_03","class":"SFXSpace","persistentId":"285e1afe-4896-4d72-b77a-307f6b87bc5f","__parent":"Amb_2D","position":[-1075.95374,844.275024,250],"cloneOrigin":"Castle_2","locked":true,"rotationMatrix":[0.999998331,0.00150234159,-1.30330591e-09,-0.00150271691,0.999997497,-0.00069053052,-1.03708408e-06,0.000690529472,0.999999762],"scale":[15.2246981,13.8391542,1000],"soundAmbience":"Amb_IT_Town"}
{"name":"Castle_04","class":"SFXSpace","persistentId":"a46c2859-2875-4d44-a84a-f5e8b9c38251","__parent":"Amb_2D","position":[-1071.19519,866.453003,250],"cloneOrigin":"Castle_3","locked":true,"rotationMatrix":[0.999998331,0.00150234159,-1.30330591e-09,-0.00150271691,0.999997497,-0.00069053052,-1.03708408e-06,0.000690529472,0.999999762],"scale":[15.2246981,32.2608681,1000],"soundAmbience":"Amb_IT_Town"}
{"name":"Castle_05","class":"SFXSpace","persistentId":"d6cc95bd-0811-4457-adb1-bc56123999ce","__parent":"Amb_2D","position":[-1074.21069,896.532593,250],"cloneOrigin":"Castle_4","locked":true,"rotationMatrix":[0.987620711,0.156856686,-1.34286893e-09,-0.156857133,0.987620056,-0.000690530695,-0.000108314096,0.0006819829,0.999999762],"scale":[15.2246981,32.2608681,1000],"soundAmbience":"Amb_IT_Town"}
{"name":"Castle_06","class":"SFXSpace","persistentId":"d5133894-14c5-4fc8-b25e-45586419badb","__parent":"Amb_2D","position":[-1076.02905,924.286926,250],"cloneOrigin":"Castle_5","locked":true,"rotationMatrix":[0.990937054,-0.134323329,-1.40880729e-09,0.134322926,0.990936399,-0.000690530404,9.27548026e-05,0.000684272789,0.999999762],"scale":[15.2246981,32.2608681,1000],"soundAmbience":"Amb_IT_Town"}
{"name":"Castle_07","class":"SFXSpace","persistentId":"d070b294-6c0e-4c9d-907d-86ce5a08f748","__parent":"Amb_2D","position":[-1078.81079,973.354675,250],"cloneOrigin":"Castle_6","locked":true,"rotationMatrix":[0.998920143,0.0464453585,-1.3224053e-09,-0.0464457944,0.998919547,-0.000690530287,-3.2071599e-05,0.00068978552,0.999999762],"scale":[15.2246981,85.0556564,1000],"soundAmbience":"Amb_IT_Town"}
{"name":"Castle_08","class":"SFXSpace","persistentId":"22a7f6d5-021f-44f7-b11f-adde9b64698c","__parent":"Amb_2D","position":[-1058.88696,973.118042,250],"cloneOrigin":"Castle_7","locked":true,"rotationMatrix":[0.999893963,0.014510788,-1.3396857e-09,-0.0145112202,0.999893367,-0.000690530345,-1.00197876e-05,0.000690457993,0.999999762],"scale":[31.1729164,85.0556564,1000],"soundAmbience":"Amb_IT_Town"}
{"name":"Castle_09","class":"SFXSpace","persistentId":"f8e7d25d-d357-44fb-a7cb-bfe0c7e12c22","__parent":"Amb_2D","position":[-961.290039,913.290161,250],"cloneOrigin":"Castle_8","locked":true,"rotationMatrix":[0.999893963,0.014510788,-1.3396857e-09,-0.0145112202,0.999893367,-0.000690530345,-1.00197876e-05,0.000690457993,0.999999762],"scale":[31.1729164,85.0556564,1000],"soundAmbience":"Amb_IT_Town"}
{"name":"Castle_10","class":"SFXSpace","persistentId":"f82e1b7d-8d43-4fa6-af85-1c7c4509e386","__parent":"Amb_2D","position":[-960.746643,870.70874,250],"cloneOrigin":"Castle_9","locked":true,"rotationMatrix":[0.743244112,-0.669019222,-1.67801772e-09,0.669019103,0.743243396,-0.000690530811,0.000461979245,0.000513232662,0.999999762],"scale":[7.70169306,9.19059277,1000],"soundAmbience":"Amb_IT_Town"}
{"name":"Castle_12","class":"SFXSpace","persistentId":"25e41f81-0427-433f-83c8-298b41097aad","__parent":"Amb_2D","position":[-963.063599,967.350159,250],"cloneOrigin":"Castle_11","locked":true,"rotationMatrix":[0.999816716,0.0191001482,-1.80807547e-09,-0.019100409,0.999816239,-0.00069052988,-1.31882298e-05,0.000690404617,0.999999762],"scale":[30.7691154,32.5656662,1000],"soundAmbience":"Amb_IT_Town"}
{"name":"Castle_13","class":"SFXSpace","persistentId":"314f0fab-954d-49bd-a664-4d4bb50080ee","__parent":"Amb_2D","position":[-1025.01208,1009.74341,250],"cloneOrigin":"Castle_12","locked":true,"rotationMatrix":[0.999953806,0.00951678026,-1.81944415e-09,-0.00951704103,0.99995333,-0.000690529821,-6.570614e-06,0.000690499262,0.999999762],"scale":[37.9740295,31.5193844,1000],"soundAmbience":"Amb_IT_Town"}
{"name":"Castle_14","class":"SFXSpace","persistentId":"7d25ddf0-e54c-45ce-82e9-cc0e11d8e25c","__parent":"Amb_2D","position":[-1029.32898,979.690125,250],"cloneOrigin":"Castle_13","locked":true,"rotationMatrix":[0.999953806,0.00951678026,-1.81944415e-09,-0.00951704103,0.99995333,-0.000690529821,-6.570614e-06,0.000690499262,0.999999762],"scale":[37.9740295,31.6464329,1000],"soundAmbience":"Amb_IT_Town"}
{"name":"Castle_15","class":"SFXSpace","persistentId":"6963c046-64a9-4a7b-9de3-5c96e210c1ce","__parent":"Amb_2D","position":[-993.663391,966.424561,250],"cloneOrigin":"Castle_14","locked":true,"rotationMatrix":[0.999953806,0.00951678026,-1.81944415e-09,-0.00951704103,0.99995333,-0.000690529821,-6.570614e-06,0.000690499262,0.999999762],"scale":[37.9740295,31.6464329,1000],"soundAmbience":"Amb_IT_Town"}
{"name":"Castle_16","class":"SFXSpace","persistentId":"e2ae7775-b64c-476a-a342-2352471e601c","__parent":"Amb_2D","position":[-1020.33459,919.323425,250],"cloneOrigin":"Castle_15","locked":true,"rotationMatrix":[0.999953806,0.00951678026,-1.81944415e-09,-0.00951704103,0.99995333,-0.000690529821,-6.570614e-06,0.000690499262,0.999999762],"scale":[101.396637,97.6848831,1000],"soundAmbience":"Amb_IT_Town"}
{"name":"Castle_17","class":"SFXSpace","persistentId":"89db8456-1e05-4578-8609-6421cbaaaed7","__parent":"Amb_2D","position":[-945.619141,936.716553,250],"cloneOrigin":"Castle_11","locked":true,"rotationMatrix":[0.728674531,0.684858739,-6.93034963e-10,-0.684859157,0.728674293,-0.000690529996,-0.000472915854,0.000503173156,0.999999762],"scale":[30.7691154,32.5656662,1000],"soundAmbience":"Amb_IT_Town"}
{"name":"Coast_1","class":"SFXSpace","persistentId":"981c1cfd-41a4-4fcb-bf69-4b18a3da4d74","__parent":"Amb_2D","position":[-1599.79883,822.566406,250],"cloneOrigin":"BoldHill_10","locked":true,"rotationMatrix":[-0.882543862,-0.470227271,-1.89538696e-09,0.470226943,-0.882543445,-0.000690531509,0.000324705645,-0.000609425304,0.999999821],"scale":[167.215225,312.608276,1000],"soundAmbience":"Amb_Ocean_523"}
{"name":"Coast_10","class":"SFXSpace","persistentId":"d1187c17-f736-454c-825c-b198b27fa32e","__parent":"Amb_2D","position":[-1352.20825,-1621.92615,250],"cloneOrigin":"BoldHill_10","locked":true,"rotationMatrix":[-0.214323729,0.976761341,-1.63436198e-09,-0.976761401,-0.214323759,-0.000690531684,-0.000674483308,-0.000147995612,0.999999821],"scale":[265.216492,464.794464,1000],"soundAmbience":"Amb_Ocean_523"}
{"name":"Coast_11","class":"SFXSpace","persistentId":"925fe143-6588-40fd-bd55-febae3d3d2e6","__parent":"Amb_2D","position":[-1035.01416,-1641.10608,250],"cloneOrigin":"BoldHill_10","locked":true,"rotationMatrix":[0.717717469,0.696333289,-2.92857294e-10,-0.696333051,0.717717111,-0.000690531393,-0.0004808378,0.000495606218,0.999999821],"scale":[119.030838,453.096069,1000],"soundAmbience":"Amb_Ocean_523"}
{"name":"Coast_12","class":"SFXSpace","persistentId":"73a93763-0be2-47e5-bbfe-f78a4b72886d","__parent":"Amb_2D","position":[-768.150574,-1704.46594,250],"cloneOrigin":"BoldHill_10","locked":true,"rotationMatrix":[0.717717469,0.696333289,-2.92857294e-10,-0.696333051,0.717717111,-0.000690531393,-0.0004808378,0.000495606218,0.999999821],"scale":[300.924805,144.094177,1000],"soundAmbience":"Amb_Ocean_523"}
{"name":"Coast_13","class":"SFXSpace","persistentId":"c3ab77b7-77eb-4f0d-aadc-dc37198321e7","__parent":"Amb_2D","position":[-815.373962,-1453.91919,250],"cloneOrigin":"BoldHill_10","locked":true,"rotationMatrix":[0.717717469,0.696333289,-2.92857294e-10,-0.696333051,0.717717111,-0.000690531393,-0.0004808378,0.000495606218,0.999999821],"scale":[61.217907,329.31369,1000],"soundAmbience":"Amb_Ocean_523"}
{"name":"Coast_14","class":"SFXSpace","persistentId":"03d4ea21-1809-4ec5-be59-451526d858db","__parent":"Amb_2D","position":[-728.088928,-1347.46545,250],"cloneOrigin":"BoldHill_10","locked":true,"rotationMatrix":[-0.211987212,0.977271497,-2.27100827e-09,-0.977271497,-0.211987182,-0.000690531509,-0.000674835115,-0.000146381979,0.999999821],"scale":[109.753883,329.31369,1000],"soundAmbience":"Amb_Ocean_523"}
{"name":"Coast_15","class":"SFXSpace","persistentId":"c86f121d-ef9f-442c-afaa-22e72bb553e6","__parent":"Amb_2D","position":[-450.971191,-1643.92737,250],"cloneOrigin":"BoldHill_10","locked":true,"rotationMatrix":[0.840375781,0.542002618,1.61890057e-10,-0.542002678,0.840375304,-0.00069053052,-0.000374267256,0.000580304244,0.999999821],"scale":[163.298447,729.685303,1000],"soundAmbience":"Amb_Ocean_523"}
{"name":"Coast_16","class":"SFXSpace","persistentId":"ec32d0a0-a471-4cd4-b8a6-8f4b4ecdf111","__parent":"Amb_2D","position":[-400.6008,-1949.71143,250],"cloneOrigin":"BoldHill_10","locked":true,"rotationMatrix":[0.840375781,0.542002618,1.61890057e-10,-0.542002678,0.840375304,-0.00069053052,-0.000374267256,0.000580304244,0.999999821],"scale":[114.287491,213.445602,1000],"soundAmbience":"Amb_Ocean_523"}
{"name":"Coast_17","class":"SFXSpace","persistentId":"ab716403-d945-4d3f-bf39-915a92614f60","__parent":"Amb_2D","position":[106.316078,-1960.03711,250],"cloneOrigin":"BoldHill_10","locked":true,"rotationMatrix":[0.0986871794,0.995117843,-2.31057129e-09,-0.995118201,0.0986872092,-0.000690530811,-0.000687156862,6.81477977e-05,0.999999821],"scale":[137.611816,1000,1000],"soundAmbience":"Amb_Ocean_523"}
{"name":"Coast_18","class":"SFXSpace","persistentId":"76b5caa3-0edf-4bb9-8dfa-0f45dfc9c87e","__parent":"Amb_2D","position":[714.848267,-1930.12463,250],"cloneOrigin":"BoldHill_10","locked":true,"rotationMatrix":[0.0986871794,0.995117843,-2.31057129e-09,-0.995118201,0.0986872092,-0.000690530811,-0.000687156862,6.81477977e-05,0.999999821],"scale":[137.611816,422.383942,1000],"soundAmbience":"Amb_Ocean_523"}
{"name":"Coast_19","class":"SFXSpace","persistentId":"af2fd678-9363-4ae5-84b5-3190d1dda067","__parent":"Amb_2D","position":[1433.9563,-813.980103,250],"cloneOrigin":"BoldHill_10","locked":true,"rotationMatrix":[0.226843297,0.973930597,-2.10457074e-09,-0.973930955,0.226843253,-0.000690530636,-0.000672526425,0.00015664332,0.999999821],"scale":[344.303894,505.502838,1000],"soundAmbience":"Amb_Ocean_523"}
{"name":"Coast_2","class":"SFXSpace","persistentId":"e3998d63-6d8c-40c9-80f1-9eb5fcd01e4c","__parent":"Amb_2D","position":[-1555.45691,588.846008,250],"cloneOrigin":"BoldHill_10","locked":true,"rotationMatrix":[-0.972857118,0.231397673,-2.3433131e-09,-0.231397688,-0.9728567,-0.000690529705,-0.00015978876,-0.000671787187,0.999999821],"scale":[127.859001,300.711731,1000],"soundAmbience":"Amb_Ocean_523"}
{"name":"Coast_20","class":"SFXSpace","persistentId":"3cbf9c3c-080d-410c-81d2-f6128d781ea0","__parent":"Amb_2D","position":[1134.52271,-743.125122,250],"cloneOrigin":"BoldHill_10","locked":true,"rotationMatrix":[0.226843297,0.973930597,-2.10457074e-09,-0.973930955,0.226843253,-0.000690530636,-0.000672526425,0.00015664332,0.999999821],"scale":[344.303894,233.808762,1000],"soundAmbience":"Amb_Ocean_523"}
{"name":"Coast_21","class":"SFXSpace","persistentId":"bfa624d7-93cc-42c8-b73a-714f1462fc0f","__parent":"Amb_2D","position":[1181.75659,-448.146545,250],"cloneOrigin":"BoldHill_10","locked":true,"rotationMatrix":[0.496490061,0.868041635,-1.77442416e-09,-0.868041933,0.496489793,-0.000690531102,-0.00059940666,0.000342842424,0.999999821],"scale":[344.303894,233.808762,1000],"soundAmbience":"Amb_Ocean_523"}
{"name":"Coast_22","class":"SFXSpace","persistentId":"dc1c9add-fc6f-4499-a38c-8c0cedd6ad3d","__parent":"Amb_2D","position":[1068.573,-612.131042,250],"cloneOrigin":"BoldHill_10","locked":true,"rotationMatrix":[-0.0505779088,0.998719275,-2.85854185e-09,-0.998719692,-0.0505777299,-0.000690531102,-0.000689644832,-3.49234688e-05,0.999999821],"scale":[124.42276,85.1322174,1000],"soundAmbience":"Amb_Ocean_523"}
{"name":"Coast_23","class":"SFXSpace","persistentId":"56240722-59ed-463a-a447-e1210b7fd1ad","__parent":"Amb_2D","position":[1415.44775,-327.213165,250],"cloneOrigin":"BoldHill_10","locked":true,"rotationMatrix":[0.914271832,0.405100435,-7.83984433e-10,-0.405100465,0.914271474,-0.000690530986,-0.00027973135,0.000631332106,0.999999821],"scale":[344.303894,233.808762,1000],"soundAmbience":"Amb_Ocean_523"}
{"name":"Coast_24","class":"SFXSpace","persistentId":"cffddd3f-0fec-428d-aaa2-dda36c90b7c7","__parent":"Amb_2D","position":[1725.6073,-186.315201,250],"cloneOrigin":"BoldHill_10","locked":true,"rotationMatrix":[0.914271832,0.405100435,-7.83984433e-10,-0.405100465,0.914271474,-0.000690530986,-0.00027973135,0.000631332106,0.999999821],"scale":[344.303894,233.808762,1000],"soundAmbience":"Amb_Ocean_523"}
{"name":"Coast_25","class":"SFXSpace","persistentId":"f29697c7-b633-465c-89ac-ab1f1feeb2b1","__parent":"Amb_2D","position":[1727.54431,95.4504852,250],"cloneOrigin":"BoldHill_10","locked":true,"rotationMatrix":[-0.149976507,0.988688946,-3.71437636e-09,-0.988689065,-0.149976477,-0.000690530753,-0.000682718877,-0.000103560487,0.999999821],"scale":[486.792908,324.51358,1000],"soundAmbience":"Amb_Ocean_523"}
{"name":"Coast_26","class":"SFXSpace","persistentId":"bcfd9116-43c6-46d4-82bf-3d705d51e574","__parent":"Amb_2D","position":[1692.47571,508.197266,250],"cloneOrigin":"BoldHill_10","locked":true,"rotationMatrix":[0.0472916029,0.998880506,-3.42879503e-09,-0.998880625,0.0472914986,-0.000690531044,-0.000689756067,3.26589034e-05,0.999999821],"scale":[410.846344,312.880554,1000],"soundAmbience":"Amb_Ocean_523"}
{"name":"Coast_27","class":"SFXSpace","persistentId":"4b84c5b6-a678-4227-b69a-547c441b787a","__parent":"Amb_2D","position":[1825.99622,951.882996,250],"cloneOrigin":"BoldHill_10","locked":true,"rotationMatrix":[0.517837763,0.855478704,-2.64753908e-09,-0.855478764,0.517837524,-0.000690530636,-0.000590730866,0.000357584242,0.999999821],"scale":[709.01532,261.871796,1000],"soundAmbience":"Amb_Ocean_523"}
{"name":"Coast_28","class":"SFXSpace","persistentId":"1ca772a6-95b1-4252-94dd-b29505caa52d","__parent":"Amb_2D","position":[1893.21387,1443.91174,250],"cloneOrigin":"BoldHill_10","locked":true,"rotationMatrix":[-0.32965517,0.944101214,-4.21368895e-09,-0.944101214,-0.329654902,-0.000690530171,-0.000651929935,-0.000227633514,0.999999821],"scale":[878.357422,140.279022,1000],"soundAmbience":"Amb_Ocean_523"}
{"name":"Coast_29","class":"SFXSpace","persistentId":"35830b65-d00a-46b2-ae93-68f682c7134c","__parent":"Amb_2D","position":[1474.72559,1649.18494,250],"cloneOrigin":"BoldHill_10","locked":true,"rotationMatrix":[-0.32965517,0.944101214,-4.21368895e-09,-0.944101214,-0.329654902,-0.000690530171,-0.000651929935,-0.000227633514,0.999999821],"scale":[246.469498,547.225098,1000],"soundAmbience":"Amb_Ocean_523"}
{"name":"Coast_3","class":"SFXSpace","persistentId":"0635e95e-3ea7-4ef4-9764-c83938f53da4","__parent":"Amb_2D","position":[-1619.95007,252.752502,250],"cloneOrigin":"BoldHill_10","locked":true,"rotationMatrix":[-0.986192107,0.165591612,-2.33012543e-09,-0.165591612,-0.98619169,-0.000690529821,-0.000114347698,-0.000680995639,0.999999821],"scale":[126.501884,401.589539,1000],"soundAmbience":"Amb_Ocean_523"}
{"name":"Coast_30","class":"SFXSpace","persistentId":"74053a81-abf5-40bd-bacd-3c76b93e92a8","__parent":"Amb_2D","position":[1050.06433,1460.67737,250],"cloneOrigin":"BoldHill_10","locked":true,"rotationMatrix":[0.0242038928,0.999706745,-3.6397978e-09,-0.999706805,0.0242040008,-0.00069053052,-0.000690326095,1.67164453e-05,0.999999821],"scale":[260.838257,962.578003,1000],"soundAmbience":"Amb_Ocean_523"}
{"name":"Coast_31","class":"SFXSpace","persistentId":"37824b7b-4359-4b6f-9bfe-2aa4e4e00451","__parent":"Amb_2D","position":[613.014587,1705.25635,250],"cloneOrigin":"BoldHill_10","locked":true,"rotationMatrix":[-0.999950528,-0.00993407238,-4.39740688e-09,0.0099343732,-0.99995029,-0.000690528424,6.85754458e-06,-0.000690494955,0.999999881],"scale":[399.378693,596.429993,1000],"soundAmbience":"Amb_Ocean_523"}
{"name":"Coast_32","class":"SFXSpace","persistentId":"d27f90dd-0fb9-4def-b2e1-0aafc740f182","__parent":"Amb_2D","position":[301.15155,1895.73303,250],"cloneOrigin":"BoldHill_10","locked":true,"rotationMatrix":[-0.999950528,-0.00993407238,-4.39740688e-09,0.0099343732,-0.99995029,-0.000690528424,6.85754458e-06,-0.000690494955,0.999999881],"scale":[261.05603,214.991043,1000],"soundAmbience":"Amb_Ocean_523"}
{"name":"Coast_33","class":"SFXSpace","persistentId":"f57b7e04-77bb-4a16-ae81-abe383c4ffbe","__parent":"Amb_2D","position":[52.401886,1577.73206,250],"cloneOrigin":"BoldHill_10","locked":true,"rotationMatrix":[-0.506369472,-0.86231637,-3.05408321e-09,0.86231637,-0.506369472,-0.000690525922,0.000595452613,-0.000349665002,0.999999881],"scale":[609.170959,96.5822983,1000],"soundAmbience":"Amb_Ocean_523"}
{"name":"Coast_34","class":"SFXSpace","persistentId":"2814b74d-43f1-4766-85fd-232d9b1cee21","__parent":"Amb_2D","position":[-310.796539,1304.75574,250],"cloneOrigin":"BoldHill_10","locked":true,"rotationMatrix":[-0.998209476,-0.0598114133,-4.34647518e-09,0.0598116964,-0.998209238,-0.000690528133,4.12993031e-05,-0.000689292734,0.999999881],"scale":[519.898193,133.708755,1000],"soundAmbience":"Amb_Ocean_523"}
{"name":"Coast_35","class":"SFXSpace","persistentId":"4cd28dac-2b4b-414c-a8ff-83af9d98aa6c","__parent":"Amb_2D","position":[-651.02417,1402.02917,250],"cloneOrigin":"BoldHill_10","locked":true,"rotationMatrix":[-0.878021836,0.478620321,-4.49108484e-09,-0.478620112,-0.87802124,-0.000690528657,-0.000330502982,-0.000606297981,0.999999881],"scale":[276.218201,183.576538,1000],"soundAmbience":"Amb_Ocean_523"}
{"name":"Coast_36","class":"SFXSpace","persistentId":"add82a51-8430-4ffc-b399-84fbc78d3c34","__parent":"Amb_2D","position":[-1024.10022,1806.39612,250],"cloneOrigin":"BoldHill_10","locked":true,"rotationMatrix":[-0.990166247,-0.139892682,-4.35284164e-09,0.139892936,-0.99016571,-0.000690528017,9.65976651e-05,-0.000683738792,0.999999881],"scale":[495.634064,432.670746,1000],"soundAmbience":"Amb_Ocean_523"}
{"name":"Coast_37","class":"SFXSpace","persistentId":"c5229000-c740-4ff4-8e53-5fe135459b62","__parent":"Amb_2D","position":[-467.473114,1875.16223,250],"cloneOrigin":"BoldHill_10","locked":true,"rotationMatrix":[-0.941345155,-0.337444425,-4.02997102e-09,0.337444723,-0.941344798,-0.000690526678,0.000233012834,-0.00065002637,0.999999881],"scale":[661.299377,331.188721,1000],"soundAmbience":"Amb_Ocean_523"}
{"name":"Coast_38","class":"SFXSpace","persistentId":"3b2628b9-cbc0-4504-acc7-5725dd915818","__parent":"Amb_2D","position":[-688.362,1620.85706,250],"cloneOrigin":"BoldHill_10","locked":true,"rotationMatrix":[0.129238188,-0.99161303,-6.03904482e-10,0.991612971,0.129237846,-0.000690526329,0.00068473717,8.92403623e-05,0.999999881],"scale":[505.444458,152.258362,1000],"soundAmbience":"Amb_Ocean_523"}
{"name":"Coast_39","class":"SFXSpace","persistentId":"15f69ed0-7585-49bd-a5a4-81642d54edcb","__parent":"Amb_2D","position":[-1576.29883,1852.32007,250],"cloneOrigin":"BoldHill_10","locked":true,"rotationMatrix":[-0.97768712,-0.210067019,-4.20777724e-09,0.210067317,-0.977686644,-0.000690526911,0.000145054917,-0.000675120915,0.999999881],"scale":[854.071167,501.378571,1000],"soundAmbience":"Amb_Ocean_523"}
{"name":"Coast_4","class":"SFXSpace","persistentId":"f84b2e49-3be2-4470-9a7c-de81071e7927","__parent":"Amb_2D","position":[-1863.6001,-370.329407,250],"cloneOrigin":"BoldHill_10","locked":true,"rotationMatrix":[-0.999979317,-0.006107511,-2.17005436e-09,0.00610750541,-0.9999789,-0.000690529414,4.21584082e-06,-0.000690515852,0.999999821],"scale":[183.955109,1000,1000],"soundAmbience":"Amb_Ocean_523"}
{"name":"Coast_40","class":"SFXSpace","persistentId":"660b0069-5125-4685-aae2-7dc0bedf35d3","__parent":"Amb_2D","position":[-1846.79102,1335.92029,250],"cloneOrigin":"BoldHill_10","locked":true,"rotationMatrix":[0.0960354805,0.9953776,-3.4506229e-09,-0.995377958,0.096035555,-0.000690529181,-0.000687335792,6.63175015e-05,0.999999881],"scale":[854.071167,292.672943,1000],"soundAmbience":"Amb_Ocean_523"}
{"name":"Coast_41","class":"SFXSpace","persistentId":"14bf81ae-8aa8-4f5e-a57f-97af764737e0","__parent":"Amb_2D","position":[-1729.70215,960.381042,250],"cloneOrigin":"BoldHill_10","locked":true,"rotationMatrix":[-0.906502604,0.422201097,-3.25508154e-09,-0.422201157,-0.90650177,-0.00069052726,-0.000291542907,-0.000625964196,0.999999881],"scale":[230.244507,173.132706,1000],"soundAmbience":"Amb_Ocean_523"}
{"name":"Coast_42","class":"SFXSpace","persistentId":"08a6309d-b853-44a2-889b-8fda62e65eea","__parent":"Amb_2D","position":[-1690.44019,523.288208,250],"cloneOrigin":"BoldHill_10","locked":true,"rotationMatrix":[0.014386802,0.999896228,-2.55113264e-09,-0.999896884,0.0143869231,-0.000690528308,-0.000690455956,9.93566755e-06,0.999999881],"scale":[830.748474,173.132706,1000],"soundAmbience":"Amb_Ocean_523"}
{"name":"Coast_5","class":"SFXSpace","persistentId":"75e538d9-62bc-4de5-89a0-e1808de4be94","__parent":"Amb_2D","position":[-1771.67761,-312.5867,250],"cloneOrigin":"BoldHill_10","locked":true,"rotationMatrix":[-0.986906588,0.161280423,-2.26918928e-09,-0.161280438,-0.986906171,-0.000690529821,-0.000111370588,-0.000681488425,0.999999821],"scale":[183.955109,987.655396,1000],"soundAmbience":"Amb_Ocean_523"}
{"name":"Coast_6","class":"SFXSpace","persistentId":"a8eef96e-fc38-4568-be08-22e9115e71b4","__parent":"Amb_2D","position":[-1750.90625,-756.375549,250],"cloneOrigin":"BoldHill_10","locked":true,"rotationMatrix":[-0.97996515,0.199158162,-2.28737917e-09,-0.199158221,-0.979964733,-0.000690529589,-0.000137526324,-0.000676695083,0.999999821],"scale":[120.731453,230.976471,1000],"soundAmbience":"Amb_Ocean_523"}
{"name":"Coast_7","class":"SFXSpace","persistentId":"3d5ef6e2-7c85-44c3-81c8-edddad07ba35","__parent":"Amb_2D","position":[-1756.2511,-1182.03076,250],"cloneOrigin":"BoldHill_10","locked":true,"rotationMatrix":[-0.995403945,-0.095745638,-2.18369678e-09,0.0957455188,-0.995403588,-0.000690530345,6.61136073e-05,-0.000687356805,0.999999821],"scale":[150.008286,810.038208,1000],"soundAmbience":"Amb_Ocean_523"}
{"name":"Coast_8","class":"SFXSpace","persistentId":"be33986b-d348-4e50-bbd6-2ad730bc7633","__parent":"Amb_2D","position":[-1825.11438,-1683.03821,250],"cloneOrigin":"BoldHill_10","locked":true,"rotationMatrix":[-0.995403945,-0.095745638,-2.18369678e-09,0.0957455188,-0.995403588,-0.000690530345,6.61136073e-05,-0.000687356805,0.999999821],"scale":[150.008286,501.949707,1000],"soundAmbience":"Amb_Ocean_523"}
{"name":"Coast_9","class":"SFXSpace","persistentId":"63bc0beb-4c4f-436b-9942-6b84d5f74e0d","__parent":"Amb_2D","position":[-1656.40796,-1718.78711,250],"cloneOrigin":"BoldHill_10","locked":true,"rotationMatrix":[-0.995403945,-0.095745638,-2.18369678e-09,0.0957455188,-0.995403588,-0.000690530345,6.61136073e-05,-0.000687356805,0.999999821],"scale":[198.77919,408.462402,1000],"soundAmbience":"Amb_Ocean_523"}
{"name":"Fields_Castle_01","class":"SFXSpace","persistentId":"888dfe22-c787-4956-ab1d-aae79da1c2d3","__parent":"Amb_2D","position":[169.657104,1142.53467,250],"cloneOrigin":"SFX_Fields_Castle_Castle_Main_22","locked":true,"rotationMatrix":[0.997602284,0.0692076236,-6.5574568e-10,-0.0692078695,0.997602105,-0.000690530462,-4.7790043e-05,0.000688874745,0.999999821],"scale":[202.481689,73.7382507,1000],"soundAmbience":"Amb_IT_Field_01"}
{"name":"Fields_Castle_02","class":"SFXSpace","persistentId":"9ccc5dfa-616f-435c-80ce-66d784dff02d","__parent":"Amb_2D","position":[-30.6551228,1130.46155,250],"cloneOrigin":"Fields_Castle_1","locked":true,"rotationMatrix":[0.997602284,0.0692076236,-6.5574568e-10,-0.0692078695,0.997602105,-0.000690530462,-4.7790043e-05,0.000688874745,0.999999821],"scale":[202.481689,70.3827362,1000],"soundAmbience":"Amb_IT_Field_01"}
{"name":"Fields_Castle_03","class":"SFXSpace","persistentId":"78c94ee4-bc51-4c59-a0d5-ac3af47b936a","__parent":"Amb_2D","position":[-175.530548,1121.49658,250],"cloneOrigin":"Fields_Castle_2","locked":true,"rotationMatrix":[0.997602284,0.0692076236,-6.5574568e-10,-0.0692078695,0.997602105,-0.000690530462,-4.7790043e-05,0.000688874745,0.999999821],"scale":[202.481689,70.0810394,1000],"soundAmbience":"Amb_IT_Field_01"}
{"name":"Fields_Castle_04","class":"SFXSpace","persistentId":"a3dc73f1-e634-454e-8619-ea93916cbd90","__parent":"Amb_2D","position":[69.2113037,1056.94653,250],"cloneOrigin":"Fields_Castle_3","locked":true,"rotationMatrix":[0.997602284,0.0692076236,-6.5574568e-10,-0.0692078695,0.997602105,-0.000690530462,-4.7790043e-05,0.000688874745,0.999999821],"scale":[430.369781,166.055527,1000],"soundAmbience":"Amb_IT_Field_01"}
{"name":"Fields_Castle_05","class":"SFXSpace","persistentId":"c17645a2-50fc-4076-a2a9-454cb3a2a10e","__parent":"Amb_2D","position":[81.9146118,894.185364,250],"cloneOrigin":"Fields_Castle_4","locked":true,"rotationMatrix":[0.997602284,0.0692076236,-6.5574568e-10,-0.0692078695,0.997602105,-0.000690530462,-4.7790043e-05,0.000688874745,0.999999821],"scale":[423.515625,166.055527,1000],"soundAmbience":"Amb_IT_Field_01"}
{"name":"Fields_Castle_06","class":"SFXSpace","persistentId":"33cc9202-2b7c-4ffa-bf0c-290ce564adb7","__parent":"Amb_2D","position":[91.7872772,781.074219,250],"cloneOrigin":"Fields_Castle_5","locked":true,"rotationMatrix":[0.997602284,0.0692076236,-6.5574568e-10,-0.0692078695,0.997602105,-0.000690530462,-4.7790043e-05,0.000688874745,0.999999821],"scale":[423.515625,64.9005814,1000],"soundAmbience":"Amb_IT_Field_01"}
{"name":"Fields_Castle_07","class":"SFXSpace","persistentId":"4c867dff-8825-48df-9821-ff45bc66ba53","__parent":"Amb_2D","position":[306.925323,1028.19019,250],"cloneOrigin":"Fields_Castle_6","locked":true,"rotationMatrix":[0.727360904,-0.686255217,-7.3123374e-10,0.686254859,0.727360547,-0.000690530927,0.000473880325,0.00050226436,0.999999821],"scale":[249.616379,175.55098,1000],"soundAmbience":"Amb_IT_Field_01"}
{"name":"Fields_Castle_08","class":"SFXSpace","persistentId":"06cc3faf-595b-4b12-b98a-8d07eb9bfdab","__parent":"Amb_2D","position":[359.367554,880.729309,250],"cloneOrigin":"Fields_Castle_7","locked":true,"rotationMatrix":[-0.0683623254,-0.997660518,-2.33058017e-11,0.997660339,-0.0683623701,-0.000690531102,0.000688914966,-4.72065149e-05,0.999999821],"scale":[264.037842,188.327026,1000],"soundAmbience":"Amb_IT_Field_01"}
{"name":"Fields_Castle_09","class":"SFXSpace","persistentId":"d72dcbfc-af16-42d8-8589-dfb7cb05842c","__parent":"Amb_2D","position":[304.799072,730.069336,250],"cloneOrigin":"Fields_Castle_8","locked":true,"rotationMatrix":[-0.994264126,-0.106954455,2.70119926e-10,0.106954515,-0.994263828,-0.00069053052,7.38549788e-05,-0.000686569721,0.999999821],"scale":[264.037842,80.8263702,1000],"soundAmbience":"Amb_IT_Field_01"}
{"name":"Fields_Castle_10","class":"SFXSpace","persistentId":"b12ccbbe-5ebc-4bb8-9039-2c7e67cf6fa8","__parent":"Amb_2D","position":[102.999504,715.295898,250],"cloneOrigin":"Fields_Castle_9","locked":true,"rotationMatrix":[-0.825597167,-0.564260602,4.28372005e-10,0.564260721,-0.82559675,-0.000690530404,0.000389638939,-0.00057009951,0.999999821],"scale":[161.510284,172.74086,1000],"soundAmbience":"Amb_IT_Field_01"}
{"name":"Fields_Castle_11","class":"SFXSpace","persistentId":"949f5f13-b7c1-4559-90bf-f62643f52559","__parent":"Amb_2D","position":[-22.7625751,630.084229,250],"cloneOrigin":"Fields_Castle_10","locked":true,"rotationMatrix":[-0.825597167,-0.564260602,4.28372005e-10,0.564260721,-0.82559675,-0.000690530404,0.000389638939,-0.00057009951,0.999999821],"scale":[148.93898,172.74086,1000],"soundAmbience":"Amb_IT_Field_01"}
{"name":"Fields_Castle_12","class":"SFXSpace","persistentId":"aa8672f7-1f58-4730-811f-91aa79b1449d","__parent":"Amb_2D","position":[-95.2446594,745.252441,250],"cloneOrigin":"Fields_Castle_11","locked":true,"rotationMatrix":[-0.999759912,-0.0219158456,4.57475835e-10,0.0219159164,-0.999759495,-0.000690529239,1.51334525e-05,-0.000690363871,0.999999821],"scale":[190.969238,367.070038,1000],"soundAmbience":"Amb_IT_Field_01"}
{"name":"Fields_Castle_13","class":"SFXSpace","persistentId":"2f2f595c-9e62-4376-87eb-ea2cfed404ed","__parent":"Amb_2D","position":[-95.642807,545.796448,250],"cloneOrigin":"Fields_Castle_12","locked":true,"rotationMatrix":[-0.956631064,-0.291302234,5.47572654e-10,0.291302413,-0.956630647,-0.000690529007,0.000201152798,-0.000660582038,0.999999821],"scale":[118.156624,71.1231537,1000],"soundAmbience":"Amb_IT_Field_01"}
{"name":"Fields_Castle_14","class":"SFXSpace","persistentId":"b3c277eb-2839-473d-bf30-1f1c85f98cd4","__parent":"Amb_2D","position":[-231.910995,575.8078,250],"cloneOrigin":"Fields_Castle_13","locked":true,"rotationMatrix":[-0.98099786,0.194019035,3.26053851e-10,-0.1940189,-0.980997324,-0.000690529123,-0.000133975918,-0.000677408185,0.999999821],"scale":[203.463501,98.2100067,1000],"soundAmbience":"Amb_IT_Field_01"}
{"name":"Fields_Castle_15","class":"SFXSpace","persistentId":"7346fd31-a93e-4880-8b90-9ae6e28ea20c","__parent":"Amb_2D","position":[-182.219681,842.153748,250],"cloneOrigin":"Fields_Castle_14","locked":true,"rotationMatrix":[0.269358665,0.963039815,-3.09228199e-10,-0.963039756,0.269358665,-0.00069052953,-0.000665007741,0.000185999961,0.999999821],"scale":[514.248108,115.354462,1000],"soundAmbience":"Amb_IT_Field_01"}
{"name":"Fields_Castle_16","class":"SFXSpace","persistentId":"7c6465d0-4cf9-43a5-8023-487d35b3c0e0","__parent":"Amb_2D","position":[-207.376785,969.078857,250],"cloneOrigin":"Fields_Castle_15","locked":true,"rotationMatrix":[-0.0805185959,0.996752918,-5.45696821e-11,-0.996753037,-0.080518432,-0.000690529239,-0.00068828743,-5.56008672e-05,0.999999881],"scale":[306.970673,111.878342,1000],"soundAmbience":"Amb_IT_Field_01"}
{"name":"Fields_Castle_17","class":"SFXSpace","persistentId":"fdc022ec-0f65-4ed9-a841-73a4614f9aa9","__parent":"Amb_2D","position":[-774.846069,353.593353,250],"cloneOrigin":"Fields_Castle_16","locked":true,"rotationMatrix":[0.52621603,0.850350678,-7.11224857e-10,-0.850350738,0.526215851,-0.000690528599,-0.000587192073,0.000363367464,0.999999881],"scale":[466.543732,259.324615,1000],"soundAmbience":"Amb_IT_Field_01"}
{"name":"Fields_Castle_18","class":"SFXSpace","persistentId":"9efe847e-2672-4c72-8d48-8d54f2055f1c","__parent":"Amb_2D","position":[-483.581543,370.403076,250],"cloneOrigin":"Fields_Castle_17","locked":true,"rotationMatrix":[0.193476811,0.981104314,-3.24689609e-10,-0.981104434,0.193476826,-0.000690527842,-0.000677481061,0.00013360125,0.999999881],"scale":[255.971359,243.1745,1000],"soundAmbience":"Amb_IT_Field_01"}
{"name":"Fields_Castle_19","class":"SFXSpace","persistentId":"029cd5a7-7d46-4e60-92a0-95f52f446cf0","__parent":"Amb_2D","position":[-640.242188,197.903854,250],"cloneOrigin":"Fields_Castle_18","locked":true,"rotationMatrix":[0.60237354,0.798213661,-1.03685238e-09,-0.798213661,0.602373362,-0.000690528192,-0.000551189587,0.000415956485,0.999999881],"scale":[361.927399,172.922791,1000],"soundAmbience":"Amb_IT_Field_01"}
{"name":"Fields_Castle_20","class":"SFXSpace","persistentId":"b434f764-b518-45eb-b751-2c79dfd554d7","__parent":"Amb_2D","position":[-561.716309,152.308319,250],"cloneOrigin":"Fields_Castle_19","locked":true,"rotationMatrix":[0.817192197,0.576364219,-1.40062184e-09,-0.57636416,0.817192018,-0.000690528133,-0.000397995813,0.000564294809,0.999999881],"scale":[361.927399,103.829376,1000],"soundAmbience":"Amb_IT_Field_01"}
{"name":"Fields_Castle_21","class":"SFXSpace","persistentId":"854b5393-8751-4d10-9fd2-c5718dcb5983","__parent":"Amb_2D","position":[-412.027466,532.24939,250],"cloneOrigin":"Fields_Castle_18","locked":true,"rotationMatrix":[0.847240627,0.531208754,-1.26328814e-09,-0.531208873,0.84724021,-0.000690528715,-0.000366814871,0.000585044152,0.999999881],"scale":[270.361938,89.2529144,1000],"soundAmbience":"Amb_IT_Field_01"}
{"name":"Fields_Castle_22","class":"SFXSpace","persistentId":"fb483b8a-4128-4600-9846-34469c405d02","__parent":"Amb_2D","position":[-367.218658,511.797791,250],"cloneOrigin":"Fields_Castle_21","locked":true,"rotationMatrix":[0.188544095,0.982064188,-8.51287041e-10,-0.982064366,0.18854396,-0.000690527842,-0.00067814358,0.0001301952,0.999999881],"scale":[79.3439331,75.9078751,1000],"soundAmbience":"Amb_IT_Field_01"}
{"name":"Fields_Main_01","class":"SFXSpace","persistentId":"cb69643d-e98d-4293-a277-3fd827350557","__parent":"Amb_2D","position":[808.032837,-650.469238,250],"cloneOrigin":"SFX_Pink_2","locked":true,"rotationMatrix":[-0.0512866937,0.99868387,-5.56610757e-10,-0.99868387,-0.0512867011,-0.000690531801,-0.000689622713,-3.54151744e-05,0.999999762],"scale":[345.293976,448.574677,1000],"soundAmbience":"Amb_IT_Field_02"}
{"name":"Fields_Main_02","class":"SFXSpace","persistentId":"20785dc4-061a-4b0e-b6fd-578c94d6f37e","__parent":"Amb_2D","position":[395.837769,478.242798,250],"cloneOrigin":"SFX_Fields_Main_1","locked":true,"rotationMatrix":[-0.225930646,0.974143565,-4.46561899e-10,-0.974143505,-0.225930423,-0.000690531917,-0.000672676659,-0.000156012451,0.999999762],"scale":[302.079742,791.944702,1000],"soundAmbience":"Amb_IT_Field_02"}
{"name":"Fields_Main_03","class":"SFXSpace","persistentId":"fff13d2b-93da-4d85-9de6-65f47b6d6230","__parent":"Amb_2D","position":[135.287399,568.216248,250],"cloneOrigin":"SFX_Fields_Main_2","locked":true,"rotationMatrix":[-0.56549561,0.824751496,-3.25599103e-10,-0.824751675,-0.565495074,-0.00069053116,-0.000569516327,-0.000390492583,0.999999762],"scale":[110.128792,268.914948,1000],"soundAmbience":"Amb_IT_Field_02"}
{"name":"Fields_Main_04","class":"SFXSpace","persistentId":"63024194-4e32-4b08-b667-788a8c585d65","__parent":"Amb_2D","position":[354.009644,644.893921,250],"cloneOrigin":"SFX_Fields_Main_3","locked":true,"rotationMatrix":[-0.106575623,0.994304419,-3.25144356e-10,-0.994304836,-0.106575392,-0.000690531393,-0.000686598243,-7.35941503e-05,0.999999762],"scale":[103.992432,268.914948,1000],"soundAmbience":"Amb_IT_Field_02"}
{"name":"Fields_Main_05","class":"SFXSpace","persistentId":"780e3ea4-b124-4272-8c02-cdf723e5d501","__parent":"Amb_2D","position":[552.386841,706.169983,250],"cloneOrigin":"SFX_Fields_Main_4","locked":true,"rotationMatrix":[0.275231779,0.961377621,-4.53383109e-10,-0.961378098,0.275231659,-0.000690531393,-0.000663861341,0.000190055842,0.999999762],"scale":[154.379425,243.530304,1000],"soundAmbience":"Amb_IT_Field_02"}
{"name":"Fields_Main_06","class":"SFXSpace","persistentId":"1c4002f3-49ec-4a04-9339-80e80bdb6043","__parent":"Amb_2D","position":[579.923096,853.714111,250],"cloneOrigin":"SFX_Fields_Main_5","locked":true,"rotationMatrix":[0.16665563,0.986014783,-4.11091605e-10,-0.98601526,0.166655615,-0.000690531218,-0.000680873985,0.000115080562,0.999999762],"scale":[179.626465,248.063248,1000],"soundAmbience":"Amb_IT_Field_02"}
{"name":"Fields_Main_07","class":"SFXSpace","persistentId":"1f4e4795-790b-42c0-b7b5-0ea39c3b927b","__parent":"Amb_2D","position":[961.850586,724.02356,250],"cloneOrigin":"SFX_Fields_Main_6","locked":true,"rotationMatrix":[0.355517536,0.934668958,-6.97582436e-10,-0.934669495,0.355517358,-0.000690530229,-0.000645417545,0.000245495525,0.999999762],"scale":[562.099487,614.10083,1000],"soundAmbience":"Amb_IT_Field_02"}
{"name":"Fields_Main_08","class":"SFXSpace","persistentId":"e6f8deff-c632-40db-a136-398cbbed9c88","__parent":"Amb_2D","position":[537.375122,70.0223923,250],"cloneOrigin":"SFX_Fields_Main_7","locked":true,"rotationMatrix":[-0.22352764,0.974697173,-4.66116035e-11,-0.97469759,-0.223527223,-0.00069052988,-0.000673057977,-0.00015435282,0.999999762],"scale":[591.579651,469.959595,1000],"soundAmbience":"Amb_IT_Field_02"}
{"name":"Fields_Main_09","class":"SFXSpace","persistentId":"a5bd5e63-c953-4aa2-851e-43158815a3cd","__parent":"Amb_2D","position":[525.790283,-701.177307,250],"cloneOrigin":"SFX_Fields_Main_1","locked":true,"rotationMatrix":[-0.399994642,0.916517198,-6.69388101e-10,-0.916517198,-0.399994463,-0.000690531626,-0.000632884388,-0.000276208972,0.999999762],"scale":[345.293976,278.757751,1000],"soundAmbience":"Amb_IT_Field_02"}
{"name":"Fields_Main_10","class":"SFXSpace","persistentId":"e1e5a67e-0da7-4fbb-b77c-c0e977a6ac0d","__parent":"Amb_2D","position":[88.5682068,-887.966675,250],"cloneOrigin":"SFX_Fields_Main_9","locked":true,"rotationMatrix":[0.116845749,0.993149459,-7.98536348e-10,-0.993149459,0.116845682,-0.000690531859,-0.000685801671,8.06857715e-05,0.999999762],"scale":[271.199768,106.161102,1000],"soundAmbience":"Amb_IT_Field_02"}
{"name":"Fields_Main_11","class":"SFXSpace","persistentId":"83b82613-4181-4707-9378-cc9421bbb487","__parent":"Amb_2D","position":[152.8228,-724.507874,250],"cloneOrigin":"SFX_Fields_Main_10","locked":true,"rotationMatrix":[-0.41865471,0.908145308,-4.74074113e-10,-0.908145368,-0.418654412,-0.000690531509,-0.000627103203,-0.00028909446,0.999999762],"scale":[71.1266098,127.794952,1000],"soundAmbience":"Amb_IT_Field_02"}
{"name":"Fields_Main_12","class":"SFXSpace","persistentId":"3cf20d74-b00d-44c6-9b2a-f33d97e7e5b2","__parent":"Amb_2D","position":[174.23877,-696.562927,250],"cloneOrigin":"SFX_Fields_Main_11","locked":true,"rotationMatrix":[-0.41865471,0.908145308,-4.74074113e-10,-0.908145368,-0.418654412,-0.000690531509,-0.000627103203,-0.00028909446,0.999999762],"scale":[50.0616684,75.590416,1000],"soundAmbience":"Amb_IT_Field_02"}
{"name":"Fields_Main_13","class":"SFXSpace","persistentId":"d274ffd7-93f1-47d5-94c9-e7a5d568adf6","__parent":"Amb_2D","position":[769.853943,-836.481201,250],"cloneOrigin":"SFX_Fields_Main_1","locked":true,"rotationMatrix":[0.23835814,0.97117722,-5.22959454e-10,-0.97117722,0.23835808,-0.000690532092,-0.000670628739,0.000164593817,0.999999762],"scale":[174.575241,440.792358,1000],"soundAmbience":"Amb_IT_Field_02"}
{"name":"Fields_Main_14","class":"SFXSpace","persistentId":"b04254f9-3cfe-4135-91db-239dd654ad44","__parent":"Amb_2D","position":[788.792358,243.511383,250],"cloneOrigin":"SFX_Fields_Main_8","locked":true,"rotationMatrix":[0.498892784,0.866663098,-1.34605216e-10,-0.866663635,0.498892605,-0.000690530345,-0.000598457409,0.000344499946,0.999999702],"scale":[545.212158,344.332153,1000],"soundAmbience":"Amb_IT_Field_02"}
{"name":"Fields_Main_15","class":"SFXSpace","persistentId":"c277f2c7-9820-42f7-b3d6-749224561c9c","__parent":"Amb_2D","position":[228.52948,21.1143112,250],"cloneOrigin":"SFX_Fields_Main_8","locked":true,"rotationMatrix":[-0.114707895,0.993398726,-1.83035809e-10,-0.993399203,-0.114707567,-0.000690529763,-0.000685971871,-7.92094288e-05,0.999999762],"scale":[550.072205,248.521622,1000],"soundAmbience":"Amb_IT_Field_02"}
{"name":"Fields_Main_16","class":"SFXSpace","persistentId":"c1e14240-b191-4299-98a6-ced42f821b18","__parent":"Amb_2D","position":[143.057037,-334.356567,250],"cloneOrigin":"SFX_Fields_Main_15","locked":true,"rotationMatrix":[0.910710871,0.41304478,-4.02906153e-10,-0.413045108,0.910710514,-0.000690531044,-0.000285220478,0.000628873706,0.999999821],"scale":[365.777649,248.521622,1000],"soundAmbience":"Amb_IT_Field_02"}
{"name":"Fields_Main_17","class":"SFXSpace","persistentId":"e4f6726c-d82d-4e31-b926-51fb097826bc","__parent":"Amb_2D","position":[336.335449,-250.803802,250],"cloneOrigin":"SFX_Fields_Main_16","locked":true,"rotationMatrix":[0.971145809,0.238487497,-2.77395884e-10,-0.238487795,0.971145451,-0.000690530927,-0.000164683384,0.000670605863,0.999999821],"scale":[84.9811707,62.6588287,1000],"soundAmbience":"Amb_IT_Field_02"}
