{"class":"TSStatic","persistentId":"47033d21-b322-4320-8c5e-b107935117e9","__parent":"fences","position":[-1378.2019,-840.122681,104.408997],"decalType":"None","isRenderEnabled":false,"rotationMatrix":[-0.678159773,-0.734914541,0,0.734914541,-0.678159773,0,0,0,0.999999881],"shapeName":"/levels/west_coast_usa/art/shapes/buildings/steel_factory/s_steel_factory_guardrail_01.dae","useInstanceRenderData":true}
{"class":"TSStatic","persistentId":"49b278af-e855-4fc6-a70f-8d5505963740","__parent":"fences","isRenderEnabled":false,"rotationMatrix":[0.99999994,0,0,0,0.99999994,0,0,0,0.999999881],"shapeName":"/levels/west_coast_usa/art/shapes/buildings/steel_factory/s_steel_factory_fence.dae","useInstanceRenderData":true}
{"class":"TSStatic","persistentId":"b806bd90-c1e2-4adc-9b9d-d836bc6a9a5b","__parent":"fences","position":[-1409.4718,-880.150513,104.408997],"decalType":"None","isRenderEnabled":false,"rotationMatrix":[0.679441214,0.733729839,0,-0.733729839,0.679441214,0,0,0,0.999999881],"shapeName":"/levels/west_coast_usa/art/shapes/buildings/steel_factory/s_steel_factory_guardrail_01.dae","useInstanceRenderData":true}
{"class":"TSStatic","persistentId":"f589e390-5c41-46a0-8783-7c405e96f51a","__parent":"fences","position":[-1308.57849,-771.006592,104.408997],"decalType":"None","isRenderEnabled":false,"rotationMatrix":[0.679441214,0.733729839,0,-0.733729839,0.679441214,0,0,0,0.999999881],"shapeName":"/levels/west_coast_usa/art/shapes/buildings/steel_factory/s_steel_factory_guardrail_01.dae","useInstanceRenderData":true}
{"class":"TSStatic","persistentId":"f9a7aa1b-fb5d-46b4-95f1-91f1c021bb85","__parent":"fences","position":[-1282.33594,-810.792053,104.408997],"decalType":"None","isRenderEnabled":false,"rotationMatrix":[0.679441214,0.733729839,0,-0.733729839,0.679441214,0,0,0,0.999999881],"scale":[0.977999985,1,1],"shapeName":"/levels/west_coast_usa/art/shapes/buildings/steel_factory/s_steel_factory_guardrail_01.dae","useInstanceRenderData":true}
