{"class":"TSStatic","persistentId":"c715ad38-4f66-459b-ae37-6d2bbcadcdf0","__parent":"CBF_entrance_assets","position":[-822.79657,-167.009781,104.431671],"isRenderEnabled":false,"rotationMatrix":[0.922618926,0.385712773,0,-0.385712773,0.922618926,0,0,0,1],"shapeName":"/levels/west_coast_usa/art/shapes/objects/sign_chevron_R.dae","useInstanceRenderData":true}
{"class":"TSStatic","persistentId":"6bdbfb10-9a9b-431c-8b35-509db2604414","__parent":"CBF_entrance_assets","position":[-822.790833,-167.054077,103.127502],"isRenderEnabled":false,"rotationMatrix":[0.990355372,0.138550609,0,-0.138550609,0.990355372,0,0,0,1],"shapeName":"/levels/west_coast_usa/art/shapes/objects/pole_fence2.dae","useInstanceRenderData":true}
{"class":"TSStatic","persistentId":"3d06db0d-552e-48d6-ad4d-1c4ba94a2919","__parent":"CBF_entrance_assets","position":[-818.840637,-166.314255,104.431671],"isRenderEnabled":false,"rotationMatrix":[0.975826323,0.218547389,0,-0.218547389,0.975826323,0,0,0,1],"shapeName":"/levels/west_coast_usa/art/shapes/objects/sign_chevron_R.dae","useInstanceRenderData":true}
{"class":"TSStatic","persistentId":"d463e261-466a-4567-852a-2dbe56d05f78","__parent":"CBF_entrance_assets","position":[-818.842712,-166.358871,103.127502],"isRenderEnabled":false,"rotationMatrix":[0.999328196,-0.0366487689,0,0.0366487689,0.999328196,0,0,0,1],"shapeName":"/levels/west_coast_usa/art/shapes/objects/pole_fence2.dae","useInstanceRenderData":true}
{"class":"TSStatic","persistentId":"791e338a-0f0d-45ed-bd7b-ab63758e5ca3","__parent":"CBF_entrance_assets","position":[-825.970947,-169.414917,103.127502],"isRenderEnabled":false,"rotationMatrix":[0.876764774,0.480919421,0,-0.480919421,0.876764774,0,0,0,1],"shapeName":"/levels/west_coast_usa/art/shapes/objects/pole_fence2.dae","useInstanceRenderData":true}
{"class":"TSStatic","persistentId":"18022a55-fa5f-4474-97cd-289b5725c44b","__parent":"CBF_entrance_assets","position":[-825.992004,-169.375549,104.431671],"isRenderEnabled":false,"rotationMatrix":[0.72574079,0.687968135,0,-0.687968135,0.72574079,0,0,0,1],"shapeName":"/levels/west_coast_usa/art/shapes/objects/sign_chevron_R.dae","useInstanceRenderData":true}
{"class":"TSStatic","persistentId":"7cf41eb3-b399-4899-9fa0-87e61332b68a","__parent":"CBF_entrance_assets","position":[-903.858643,-309.242798,102.572411],"isRenderEnabled":false,"rotationMatrix":[0.436655641,-0.89962858,0,0.89962858,0.436655641,0,0,0,1],"shapeName":"/levels/west_coast_usa/art/shapes/buildings/s_quarry_support_6m.dae","useInstanceRenderData":true}
{"class":"TSStatic","persistentId":"1c1d8303-b5d6-4f2d-9c51-8f8c20e7741b","__parent":"CBF_entrance_assets","position":[-903.813721,-309.234955,96.7840729],"isRenderEnabled":false,"rotationMatrix":[0.436655641,-0.89962858,0,0.89962858,0.436655641,0,0,0,1],"shapeName":"/levels/west_coast_usa/art/shapes/buildings/s_quarry_pillar.dae","useInstanceRenderData":true}
{"class":"TSStatic","persistentId":"7858aace-16c7-438e-9cc8-03dc0b86daef","__parent":"CBF_entrance_assets","position":[-903.957703,-309.289246,104.258034],"isRenderEnabled":false,"rotationMatrix":[0.436660528,-0.899626255,0,0.899626255,0.436660528,0,0,0,1],"shapeName":"/levels/west_coast_usa/art/shapes/buildings/s_sealbrick_brand.dae","useInstanceRenderData":true}
{"class":"TSStatic","persistentId":"68735b38-63eb-49d7-a595-71ce06e140d2","__parent":"CBF_entrance_assets","position":[-913.432007,-295.752533,99.0709534],"isRenderEnabled":false,"rotationMatrix":[0.535393476,-0.836150825,-0.119187891,0.844397604,0.533017635,0.0537127331,0.0186173134,-0.129399419,0.991417766],"shapeName":"/levels/west_coast_usa/art/shapes/buildings/s_moviestudio_signwarn_002.dae","useInstanceRenderData":true}
{"class":"TSStatic","persistentId":"6de51eb1-404d-4661-b334-ab38935822a0","__parent":"CBF_entrance_assets","position":[-686.518188,-129.297134,100.968254],"isRenderEnabled":false,"rotationMatrix":[0.707106829,-0.707106709,0,0.707106709,0.707106829,0,0,0,1],"shapeName":"/levels/west_coast_usa/art/shapes/buildings/s_moviestudio_signwarn_002.dae","useInstanceRenderData":true}
{"class":"TSStatic","persistentId":"98a27199-2735-4213-9361-f500878bc205","__parent":"CBF_entrance_assets","position":[-692.897705,-84.1528702,100.555984],"isRenderEnabled":false,"rotationMatrix":[0.826449037,-0.563011527,-9.31322575e-10,0.562860012,0.826226592,-0.0232022814,0.0130631514,0.0191755034,0.999730766],"shapeName":"/levels/west_coast_usa/art/shapes/objects/s_metal_gate_right.dae","useInstanceRenderData":true}
{"class":"TSStatic","persistentId":"2be9f44d-2bd5-42f6-b0c2-d28037931340","__parent":"CBF_entrance_assets","position":[-699.855408,-77.0719681,100.552544],"isRenderEnabled":false,"rotationMatrix":[0.977252722,-0.212078184,-2.32830644e-10,0.212023258,0.976999581,-0.0227587279,0.00482662953,0.022241028,0.999740958],"shapeName":"/levels/west_coast_usa/art/shapes/objects/s_metal_gate_left.dae","useInstanceRenderData":true}
{"class":"TSStatic","persistentId":"ffc49a9f-42de-47d1-b95f-8a860372e1dd","__parent":"CBF_entrance_assets","position":[-688.408569,-78.6250916,100.555992],"isRenderEnabled":false,"rotationMatrix":[0.68663305,-0.72700417,-1.7312063e-16,0.72700417,0.68663305,-4.94403205e-18,1.22464672e-16,-1.22464685e-16,1],"shapeName":"/levels/west_coast_usa/art/shapes/objects/jerseybarrier_3m.dae","useInstanceRenderData":true}
{"class":"TSStatic","persistentId":"8968837b-0870-450b-be8f-3b62b267ceb8","__parent":"CBF_entrance_assets","position":[-686.098267,-76.4354401,100.555992],"isRenderEnabled":false,"rotationMatrix":[0.688029706,-0.725682497,-1.73129815e-16,0.725682497,0.688029706,-4.6111481e-18,1.22464672e-16,-1.22464685e-16,1],"shapeName":"/levels/west_coast_usa/art/shapes/objects/jerseybarrier_3m.dae","useInstanceRenderData":true}
{"class":"TSStatic","persistentId":"035eea57-7513-4ddf-a8c7-fa5e9e416be9","__parent":"CBF_entrance_assets","position":[-683.781677,-74.2524948,100.555992],"isRenderEnabled":false,"rotationMatrix":[0.684596539,-0.728922188,-1.73106138e-16,0.728922188,0.684596539,-5.42832314e-18,1.22464685e-16,-1.22464685e-16,1],"shapeName":"/levels/west_coast_usa/art/shapes/objects/jerseybarrier_3m.dae","useInstanceRenderData":true}
{"class":"TSStatic","persistentId":"eb9859e8-7259-4b64-a28e-0741d1c29074","__parent":"CBF_entrance_assets","position":[-681.446045,-72.0899124,100.555992],"isRenderEnabled":false,"rotationMatrix":[0.676387072,-0.736546338,-1.73034445e-16,0.736546338,0.676387072,-7.36738008e-18,1.22464698e-16,-1.22464685e-16,1],"shapeName":"/levels/west_coast_usa/art/shapes/objects/jerseybarrier_3m.dae","useInstanceRenderData":true}
{"class":"TSStatic","persistentId":"672bd0f6-05f9-4fa9-b9c2-57220ea00617","__parent":"CBF_entrance_assets","position":[-679.069641,-69.9723587,100.555992],"isRenderEnabled":false,"rotationMatrix":[0.641110659,-0.767448425,-1.72498736e-16,0.767448425,0.641110659,-1.54719104e-17,1.22464685e-16,-1.22464685e-16,1],"shapeName":"/levels/west_coast_usa/art/shapes/objects/jerseybarrier_3m.dae","useInstanceRenderData":true}
{"class":"TSStatic","persistentId":"5c36d5b1-b116-41c6-ab7e-bad5a7b43e53","__parent":"CBF_entrance_assets","position":[-676.581665,-67.987854,100.555992],"isRenderEnabled":false,"rotationMatrix":[0.593208671,-0.805048764,-1.71237147e-16,0.805048764,0.593208671,-2.59429317e-17,1.22464672e-16,-1.22464685e-16,1],"shapeName":"/levels/west_coast_usa/art/shapes/objects/jerseybarrier_3m.dae","useInstanceRenderData":true}
{"class":"TSStatic","persistentId":"9b70eccc-986e-4213-af4e-8245e6fff483","__parent":"CBF_entrance_assets","position":[-673.876465,-66.3234482,100.555992],"isRenderEnabled":false,"rotationMatrix":[0.41245985,-0.910975814,-1.62074116e-16,0.910975814,0.41245985,-6.10505879e-17,1.22464685e-16,-1.22464685e-16,1],"shapeName":"/levels/west_coast_usa/art/shapes/objects/jerseybarrier_3m.dae","useInstanceRenderData":true}
{"class":"TSStatic","persistentId":"bbf81b65-667e-46f1-8726-bd9d422fee93","__parent":"CBF_entrance_assets","position":[-670.807678,-65.5766983,100.555992],"isRenderEnabled":false,"rotationMatrix":[0.0137575269,-0.999905348,-1.24137893e-16,0.999905348,0.0137575269,-1.20768277e-16,1.22464685e-16,-1.22464672e-16,1],"shapeName":"/levels/west_coast_usa/art/shapes/objects/jerseybarrier_3m.dae","useInstanceRenderData":true}
{"class":"TSStatic","persistentId":"141948f5-40f9-49cf-ab07-2bb835ce763d","__parent":"CBF_entrance_assets","position":[-667.651978,-65.9488983,100.555992],"isRenderEnabled":false,"rotationMatrix":[-0.179831505,-0.983697355,-9.84451734e-17,0.983697355,-0.179831505,-1.42491204e-16,1.22464672e-16,-1.22464672e-16,1],"shapeName":"/levels/west_coast_usa/art/shapes/objects/jerseybarrier_3m.dae","useInstanceRenderData":true}
{"class":"TSStatic","persistentId":"7af36e0a-ae18-40b9-8937-5a82425530b7","__parent":"CBF_entrance_assets","position":[-668.051819,-90.1759033,100.941742],"isRenderEnabled":false,"rotationMatrix":[-0.997629642,0.0688169599,0,-0.0688169599,-0.997629642,0,0,0,1],"shapeName":"/levels/west_coast_usa/art/shapes/buildings/s_cement_silo.dae","useInstanceRenderData":true}
{"class":"TSStatic","persistentId":"f2938fa6-b854-4d97-9c09-b0f569cc7d68","__parent":"CBF_entrance_assets","position":[-672.192749,-93.5386047,100.941742],"isRenderEnabled":false,"rotationMatrix":[-0.997629642,0.0688176155,0,-0.0688176155,-0.997629642,0,0,0,1],"shapeName":"/levels/west_coast_usa/art/shapes/buildings/s_cement_silo.dae","useInstanceRenderData":true}
{"class":"TSStatic","persistentId":"7943766a-3ef4-4a01-8537-4ca38d99fa44","__parent":"CBF_entrance_assets","position":[-671.773438,-114.236374,101.418739],"isRenderEnabled":false,"rotationMatrix":[0.707061648,0.707151473,-0.000770051614,-0.707143366,0.707058012,0.00415251032,0.00348092522,-0.00239154347,0.999991059],"shapeName":"/levels/west_coast_usa/art/shapes/objects/s_chainlink_old.dae","useInstanceRenderData":true}
{"class":"TSStatic","persistentId":"90c05b0b-e95f-4758-bcbd-80fea19e2be2","__parent":"CBF_entrance_assets","position":[-673.25824,-115.72139,101.420357],"isRenderEnabled":false,"rotationMatrix":[0.707061648,0.707151473,-0.000770051614,-0.707143366,0.707058012,0.00415251032,0.00348092522,-0.00239154347,0.999991059],"shapeName":"/levels/west_coast_usa/art/shapes/objects/s_chainlink_old.dae","useInstanceRenderData":true}
{"class":"TSStatic","persistentId":"2c0c08bb-0282-4bdb-a0f2-f7730f76f253","__parent":"CBF_entrance_assets","position":[-674.743042,-117.206406,101.421974],"isRenderEnabled":false,"rotationMatrix":[0.707061648,0.707151473,-0.000770051614,-0.707143366,0.707058012,0.00415251032,0.00348092522,-0.00239154347,0.999991059],"shapeName":"/levels/west_coast_usa/art/shapes/objects/s_chainlink_old.dae","useInstanceRenderData":true}
{"class":"TSStatic","persistentId":"4a978a77-888a-4812-bf1d-ee4755e278a8","__parent":"CBF_entrance_assets","position":[-676.227844,-118.691422,101.423592],"isRenderEnabled":false,"rotationMatrix":[0.707061648,0.707151473,-0.000770051614,-0.707143366,0.707058012,0.00415251032,0.00348092522,-0.00239154347,0.999991059],"shapeName":"/levels/west_coast_usa/art/shapes/objects/s_chainlink_old.dae","useInstanceRenderData":true}
{"class":"TSStatic","persistentId":"5defd8d4-6dc8-4902-94b3-86215f84ce13","__parent":"CBF_entrance_assets","position":[-677.712646,-120.176437,101.425209],"isRenderEnabled":false,"rotationMatrix":[0.707061648,0.707151473,-0.000770051614,-0.707143366,0.707058012,0.00415251032,0.00348092522,-0.00239154347,0.999991059],"shapeName":"/levels/west_coast_usa/art/shapes/objects/s_chainlink_old.dae","useInstanceRenderData":true}
{"class":"TSStatic","persistentId":"a6a1555b-0996-475e-9747-cce39be4fb4d","__parent":"CBF_entrance_assets","position":[-679.197449,-121.661453,101.426826],"isRenderEnabled":false,"rotationMatrix":[0.707061648,0.707151473,-0.000770051614,-0.707143366,0.707058012,0.00415251032,0.00348092522,-0.00239154347,0.999991059],"shapeName":"/levels/west_coast_usa/art/shapes/objects/s_chainlink_old.dae","useInstanceRenderData":true}
{"class":"TSStatic","persistentId":"6e00fa1b-d26f-46cf-a3f9-8effe45fc3e2","__parent":"CBF_entrance_assets","position":[-680.682251,-123.146469,101.428444],"isRenderEnabled":false,"rotationMatrix":[0.707061648,0.707151473,-0.000770051614,-0.707143366,0.707058012,0.00415251032,0.00348092522,-0.00239154347,0.999991059],"shapeName":"/levels/west_coast_usa/art/shapes/objects/s_chainlink_old.dae","useInstanceRenderData":true}
{"class":"TSStatic","persistentId":"e5ea5e91-98c5-4824-8f3d-33f5093ad9c8","__parent":"CBF_entrance_assets","position":[-682.167053,-124.631485,101.430061],"isRenderEnabled":false,"rotationMatrix":[0.707061648,0.707151473,-0.000770051614,-0.707143366,0.707058012,0.00415251032,0.00348092522,-0.00239154347,0.999991059],"shapeName":"/levels/west_coast_usa/art/shapes/objects/s_chainlink_old.dae","useInstanceRenderData":true}
{"class":"TSStatic","persistentId":"44ef34cb-8523-4083-a497-07c9d7fdffa0","__parent":"CBF_entrance_assets","position":[-683.651855,-126.116501,101.431679],"isRenderEnabled":false,"rotationMatrix":[0.707061648,0.707151473,-0.000770051614,-0.707143366,0.707058012,0.00415251032,0.00348092522,-0.00239154347,0.999991059],"shapeName":"/levels/west_coast_usa/art/shapes/objects/s_chainlink_old.dae","useInstanceRenderData":true}
{"class":"TSStatic","persistentId":"7b0a2666-5c9a-42e6-9264-b5664f04fa5b","__parent":"CBF_entrance_assets","position":[-685.136658,-127.601517,101.433296],"isRenderEnabled":false,"rotationMatrix":[0.707061648,0.707151473,-0.000770051614,-0.707143366,0.707058012,0.00415251032,0.00348092522,-0.00239154347,0.999991059],"shapeName":"/levels/west_coast_usa/art/shapes/objects/s_chainlink_old.dae","useInstanceRenderData":true}
{"class":"TSStatic","persistentId":"a26b4164-f980-4615-a9a4-3b1eb2d548d4","__parent":"CBF_entrance_assets","position":[-670.217712,-115.791878,101.409607],"isRenderEnabled":false,"rotationMatrix":[-0.707143426,0.707057714,0.00415250985,-0.707061291,-0.707151651,0.000770050334,0.00348092476,-0.00239154324,0.999991059],"shapeName":"/levels/west_coast_usa/art/shapes/objects/s_chainlink_old.dae","useInstanceRenderData":true}
{"class":"TSStatic","persistentId":"96e31d02-38cd-469b-baf5-642b322f4606","__parent":"CBF_entrance_assets","position":[-668.732727,-117.276672,101.400887],"isRenderEnabled":false,"rotationMatrix":[-0.707143426,0.707057714,0.00415250985,-0.707061291,-0.707151651,0.000770050334,0.00348092476,-0.00239154324,0.999991059],"shapeName":"/levels/west_coast_usa/art/shapes/objects/s_chainlink_old.dae","useInstanceRenderData":true}
{"class":"TSStatic","persistentId":"26118ebe-44db-4425-abeb-08e1cbf9d7a5","__parent":"CBF_entrance_assets","position":[-667.247681,-118.761467,101.392166],"isRenderEnabled":false,"rotationMatrix":[-0.707143426,0.707057714,0.00415250985,-0.707061291,-0.707151651,0.000770050334,0.00348092476,-0.00239154324,0.999991059],"shapeName":"/levels/west_coast_usa/art/shapes/objects/s_chainlink_old.dae","useInstanceRenderData":true}
{"class":"TSStatic","persistentId":"93f80267-a2af-4cb1-b144-75815502a83c","__parent":"CBF_entrance_assets","position":[-665.762695,-120.246262,101.383446],"isRenderEnabled":false,"rotationMatrix":[-0.707143426,0.707057714,0.00415250985,-0.707061291,-0.707151651,0.000770050334,0.00348092476,-0.00239154324,0.999991059],"shapeName":"/levels/west_coast_usa/art/shapes/objects/s_chainlink_old.dae","useInstanceRenderData":true}
{"class":"TSStatic","persistentId":"01196017-fa13-4d23-a4b4-e87bf1d6669a","__parent":"CBF_entrance_assets","position":[-664.27771,-121.731056,101.374725],"isRenderEnabled":false,"rotationMatrix":[-0.707143426,0.707057714,0.00415250985,-0.707061291,-0.707151651,0.000770050334,0.00348092476,-0.00239154324,0.999991059],"shapeName":"/levels/west_coast_usa/art/shapes/objects/s_chainlink_old.dae","useInstanceRenderData":true}
{"class":"TSStatic","persistentId":"e333a488-c964-4de5-be03-aa1e9acaec16","__parent":"CBF_entrance_assets","position":[-662.792725,-123.215851,101.366005],"isRenderEnabled":false,"rotationMatrix":[-0.707143426,0.707057714,0.00415250985,-0.707061291,-0.707151651,0.000770050334,0.00348092476,-0.00239154324,0.999991059],"shapeName":"/levels/west_coast_usa/art/shapes/objects/s_chainlink_old.dae","useInstanceRenderData":true}
{"class":"TSStatic","persistentId":"4486c207-b268-45c2-9e23-9b465d7b89da","__parent":"CBF_entrance_assets","position":[-671.702698,-114.307083,101.418327],"isRenderEnabled":false,"rotationMatrix":[-0.707143426,0.707057714,0.00415250985,-0.707061291,-0.707151651,0.000770050334,0.00348092476,-0.00239154324,0.999991059],"shapeName":"/levels/west_coast_usa/art/shapes/objects/s_chainlink_old.dae","useInstanceRenderData":true}
{"class":"TSStatic","persistentId":"15d8c254-f138-4da7-9bcb-c367ece77d46","__parent":"CBF_entrance_assets","position":[-708.891479,-112.901131,100.429276],"isRenderEnabled":false,"rotationMatrix":[0.707106829,0.707106769,0,-0.707106769,0.707106829,0,0,0,1],"shapeName":"/levels/west_coast_usa/art/shapes/objects/hydrant1.dae","useInstanceRenderData":true}
{"class":"TSStatic","persistentId":"f1ce1345-84f6-474f-b3bc-5006594fc137","__parent":"CBF_entrance_assets","position":[-681.646179,-98.2918549,100.459511],"annotation":"BUILDINGS","isRenderEnabled":false,"rotationMatrix":[0.707105935,-0.707107544,0.000488282181,0.707107663,0.707105756,-0.000488280959,-1.45519152e-10,0.00069053442,0.999999762],"shapeName":"/levels/west_coast_usa/art/shapes/buildings/office_mobile3.dae","useInstanceRenderData":true}
{"class":"TSStatic","persistentId":"cb136c09-29f0-4dfe-a3d9-e433e153d8b7","__parent":"CBF_entrance_assets","position":[-702.709045,-91.8152695,100.555992],"isRenderEnabled":false,"rotationMatrix":[0.707106829,-0.707106769,0,0.707106769,0.707106829,0,0,0,1],"shapeName":"/levels/west_coast_usa/art/shapes/objects/jerseybarrier_3m.dae","useInstanceRenderData":true}
{"class":"TSStatic","persistentId":"0e4d77b7-ced6-4168-adfd-0b9843d9f83a","__parent":"CBF_entrance_assets","position":[-704.901062,-94.0073013,100.555992],"isRenderEnabled":false,"rotationMatrix":[-0.707106709,0.707106471,0,-0.707106471,-0.707106709,0,0,0,1],"shapeName":"/levels/west_coast_usa/art/shapes/objects/jerseybarrier_end.dae","useInstanceRenderData":true}
{"class":"TSStatic","persistentId":"6891f5eb-727e-4e1f-9a9e-2aca7af3661b","__parent":"CBF_entrance_assets","position":[-700.517029,-89.6232376,100.555992],"isRenderEnabled":false,"rotationMatrix":[0.707106829,-0.707106769,0,0.707106769,0.707106829,0,0,0,1],"shapeName":"/levels/west_coast_usa/art/shapes/objects/jerseybarrier_3m.dae","useInstanceRenderData":true}
{"class":"TSStatic","persistentId":"096416ad-08b8-4fd8-abe3-67a3663ae02e","__parent":"CBF_entrance_assets","position":[-698.325012,-87.4312057,100.555992],"isRenderEnabled":false,"rotationMatrix":[0.707106829,-0.707106769,0,0.707106769,0.707106829,0,0,0,1],"shapeName":"/levels/west_coast_usa/art/shapes/objects/jerseybarrier_3m.dae","useInstanceRenderData":true}
{"class":"TSStatic","persistentId":"9f1a2120-53c8-4eb3-80ea-30b3d0890f54","__parent":"CBF_entrance_assets","position":[-709.032776,-106.830154,100.561386],"isRenderEnabled":false,"rotationMatrix":[0.707106829,0.707106769,0,-0.707106769,0.707106829,0,0,0,1],"shapeName":"/levels/west_coast_usa/art/shapes/buildings/s_cement_batch_plantbed.dae","useInstanceRenderData":true}
{"class":"TSStatic","persistentId":"b62982e6-54b6-4141-9113-61783daa5cc4","__parent":"CBF_entrance_assets","position":[-693.274292,-116.079483,100.054039],"instanceColor":[1,0.768627524,0.215686291,1],"isRenderEnabled":false,"rotationMatrix":[-0.73652333,-0.676411629,0,0.676411629,-0.73652333,0,0,0,0.999999881],"shapeName":"/levels/west_coast_usa/art/shapes/objects/bollard_yellow.dae","useInstanceRenderData":true}
{"class":"TSStatic","persistentId":"74681149-c289-42d6-8b39-821f7a0e4239","__parent":"CBF_entrance_assets","position":[-693.348083,-118.782372,100.675232],"isRenderEnabled":false,"rotationMatrix":[0.707106709,-0.707106888,0,0.707106888,0.707106709,0,0,0,1],"shapeName":"/levels/west_coast_usa/art/shapes/buildings/guardhouse.dae","useInstanceRenderData":true}
{"class":"TSStatic","persistentId":"592282b0-c6e2-4657-91bc-5bf92497e6fe","__parent":"CBF_entrance_assets","position":[-693.399719,-120.962753,100.054039],"instanceColor":[1,0.768627524,0.215686291,1],"isRenderEnabled":false,"rotationMatrix":[-0.73652333,-0.676411629,0,0.676411629,-0.73652333,0,0,0,0.999999881],"shapeName":"/levels/west_coast_usa/art/shapes/objects/bollard_yellow.dae","useInstanceRenderData":true}
{"class":"TSStatic","persistentId":"756e2cae-7de0-4120-a0ba-5bdd1ea7f816","__parent":"CBF_entrance_assets","position":[-690.932922,-118.561539,100.054039],"instanceColor":[1,0.768627524,0.215686291,1],"isRenderEnabled":false,"rotationMatrix":[-0.73652333,-0.676411629,0,0.676411629,-0.73652333,0,0,0,0.999999881],"shapeName":"/levels/west_coast_usa/art/shapes/objects/bollard_yellow.dae","useInstanceRenderData":true}
{"class":"TSStatic","persistentId":"f30cbbd2-fbef-46f2-bfec-f49e8f15d8f3","__parent":"CBF_entrance_assets","position":[-694.425659,-86.0452271,100.675232],"isRenderEnabled":false,"rotationMatrix":[-0.707106233,0.707107008,0,-0.707107008,-0.707106233,0,0,0,1],"shapeName":"/levels/west_coast_usa/art/shapes/buildings/guardhouse.dae","useInstanceRenderData":true}
{"class":"TSStatic","persistentId":"3806ddae-5d23-474d-9ce7-9c6119152e2c","__parent":"CBF_entrance_assets","position":[-682.092529,-107.619614,100.054039],"instanceColor":[1,0.768627524,0.215686291,1],"isRenderEnabled":false,"rotationMatrix":[-0.73652333,-0.676411629,0,0.676411629,-0.73652333,0,0,0,0.999999881],"shapeName":"/levels/west_coast_usa/art/shapes/objects/bollard_yellow.dae","useInstanceRenderData":true}
{"class":"TSStatic","persistentId":"1d7a4ce4-a00d-4b5c-9ac4-3de20aaf44f2","__parent":"CBF_entrance_assets","position":[-688.762756,-96.8250427,100.054039],"instanceColor":[1,0.768627524,0.215686291,1],"isRenderEnabled":false,"rotationMatrix":[-0.73652333,-0.676411629,0,0.676411629,-0.73652333,0,0,0,0.999999881],"shapeName":"/levels/west_coast_usa/art/shapes/objects/bollard_yellow.dae","useInstanceRenderData":true}
{"class":"TSStatic","persistentId":"0d48905f-b61c-4e30-939b-451d907c4383","__parent":"CBF_entrance_assets","position":[-687.14325,-98.588501,100.054039],"instanceColor":[1,0.768627524,0.215686291,1],"isRenderEnabled":false,"rotationMatrix":[-0.73652333,-0.676411629,0,0.676411629,-0.73652333,0,0,0,0.999999881],"shapeName":"/levels/west_coast_usa/art/shapes/objects/bollard_yellow.dae","useInstanceRenderData":true}
{"class":"TSStatic","persistentId":"8b8dd6fe-8b64-4b96-95af-99370c154a97","__parent":"CBF_entrance_assets","position":[-696.861694,-86.3014374,100.054039],"instanceColor":[1,0.768627524,0.215686291,1],"isRenderEnabled":false,"rotationMatrix":[-0.73652333,-0.676411629,0,0.676411629,-0.73652333,0,0,0,0.999999881],"shapeName":"/levels/west_coast_usa/art/shapes/objects/bollard_yellow.dae","useInstanceRenderData":true}
{"class":"TSStatic","persistentId":"0309a0b6-e483-4919-921b-fca38588360f","__parent":"CBF_entrance_assets","position":[-694.357544,-84.0016403,100.054039],"instanceColor":[1,0.768627524,0.215686291,1],"isRenderEnabled":false,"rotationMatrix":[-0.73652333,-0.676411629,0,0.676411629,-0.73652333,0,0,0,0.999999881],"shapeName":"/levels/west_coast_usa/art/shapes/objects/bollard_yellow.dae","useInstanceRenderData":true}
{"class":"TSStatic","persistentId":"294387c1-1364-4a63-b050-d90eb848f241","__parent":"CBF_entrance_assets","position":[-694.494263,-88.8792725,100.054039],"instanceColor":[1,0.768627524,0.215686291,1],"isRenderEnabled":false,"rotationMatrix":[-0.73652333,-0.676411629,0,0.676411629,-0.73652333,0,0,0,0.999999881],"shapeName":"/levels/west_coast_usa/art/shapes/objects/bollard_yellow.dae","useInstanceRenderData":true}
{"class":"TSStatic","persistentId":"28d28ab9-949a-4d59-921f-0dadc03e6c1b","__parent":"CBF_entrance_assets","position":[-709.007446,-107.002396,100.579636],"isRenderEnabled":false,"rotationMatrix":[-0.812317967,-0.583215535,6.98491931e-10,0.583188236,-0.81227982,-0.00968575291,0.00564888213,-0.00786790624,0.999953091],"shapeName":"/levels/west_coast_usa/art/shapes/objects/s_metal_gate_left.dae","useInstanceRenderData":true}
{"class":"TSStatic","persistentId":"ff0f6999-affe-4d44-a445-019fdb2ea6e8","__parent":"CBF_entrance_assets","position":[-716.09668,-99.5992661,100.555984],"isRenderEnabled":false,"rotationMatrix":[-0.932619691,0.360862076,0,-0.360763788,-0.932365656,-0.0233363546,-0.00842120312,-0.021763932,0.999727666],"shapeName":"/levels/west_coast_usa/art/shapes/objects/s_metal_gate_right.dae","useInstanceRenderData":true}
{"class":"TSStatic","persistentId":"6a71ca1b-eded-41aa-a77a-f5deede006ce","__parent":"CBF_entrance_assets","position":[-694.395935,-121.701836,100.626213],"isRenderEnabled":false,"rotationMatrix":[-0.447197318,0.894435406,7.4505806e-09,-0.893909574,-0.446934462,-0.0342835635,-0.0306644272,-0.0153315254,0.999412119],"shapeName":"/levels/west_coast_usa/art/shapes/objects/s_metal_gate_right.dae","useInstanceRenderData":true}
{"class":"TSStatic","persistentId":"275427a4-1c96-40a6-8d11-bc2d3002d927","__parent":"CBF_entrance_assets","position":[-686.912048,-129.077408,100.536743],"isRenderEnabled":false,"rotationMatrix":[-0.952461004,0.304144621,0.017720554,-0.304459155,-0.952334285,-0.0190801881,0.0110727549,-0.023568321,0.999660909],"shapeName":"/levels/west_coast_usa/art/shapes/objects/s_metal_gate_left.dae","useInstanceRenderData":true}
{"class":"TSStatic","persistentId":"058fe2ef-75f6-4f7e-9daf-f4e70e772f75","__parent":"CBF_entrance_assets","position":[-697.514465,-119.95623,103.981453],"isRenderEnabled":false,"rotationMatrix":[0.70710659,-0.707106948,0,0.707106948,0.70710659,0,0,0,1],"shapeName":"/levels/west_coast_usa/art/shapes/buildings/s_sealbrick_brand.dae","useInstanceRenderData":true}
{"class":"TSStatic","persistentId":"e20beead-41f7-419d-aaa0-7e2da0c38b2e","__parent":"CBF_entrance_assets","position":[-633.403503,48.2890396,106.652496],"annotation":"OBSTACLES","isRenderEnabled":false,"rotationMatrix":[-0.707107067,-0.707106292,0,0.707106292,-0.707107067,0,0,0,1],"scale":[1.4705565,1.4705565,1.4705565],"shapeName":"/levels/west_coast_usa/art/shapes/buildings/s_sealbrick_brand.dae","useInstanceRenderData":true}
{"class":"TSStatic","persistentId":"b240fe97-7532-4e15-ac10-2f86cd57a9eb","__parent":"CBF_entrance_assets","position":[-533.984985,65.8693161,103.094025],"isRenderEnabled":false,"rotationMatrix":[-0.707106233,0.707107246,0,-0.707107246,-0.707106233,0,0,0,1],"shapeName":"/levels/west_coast_usa/art/shapes/buildings/s_sealbrick_brand.dae","useInstanceRenderData":true}
{"class":"TSStatic","persistentId":"cb9f7bd0-1c61-402c-be8e-762a88c9533f","__parent":"CBF_entrance_assets","position":[-490.48175,71.3358612,101.082596],"isRenderEnabled":false,"rotationMatrix":[0.20990932,0.977720678,0,-0.977720678,0.20990932,0,0,0,1],"scale":[1.20351553,1.20351553,1.20351553],"shapeName":"/levels/west_coast_usa/art/shapes/buildings/s_sealbrick_brand.dae","useInstanceRenderData":true}
{"class":"TSStatic","persistentId":"66e8031a-2399-45ad-a6a4-aaf055b809de","__parent":"CBF_entrance_assets","position":[-610.192749,-5.43021536,111.619812],"isRenderEnabled":false,"rotationMatrix":[-0.00595164299,-0.999982238,0.000695253431,0.999982476,-0.00595164299,-1.82481308e-05,2.23855604e-05,0.000695132534,0.999999762],"scale":[1.4705565,1.4705565,1.4705565],"shapeName":"/levels/west_coast_usa/art/shapes/buildings/s_sealbrick_brand.dae","useInstanceRenderData":true}
{"class":"TSStatic","persistentId":"a77d35ae-1408-4ccd-9aa8-e8154607c6ca","__parent":"CBF_entrance_assets","position":[-594.674561,-22.7616959,121.25209],"annotation":"OBSTACLES","isRenderEnabled":false,"rotationMatrix":[-0.00219154358,0.999997377,-0.000695081602,-0.999997616,-0.00219154358,2.39089713e-05,2.23856186e-05,0.000695132359,0.999999762],"scale":[1.00534678,1.00534678,1.00534678],"shapeName":"/levels/west_coast_usa/art/shapes/buildings/s_sealbrick_brand.dae","useInstanceRenderData":true}
{"class":"TSStatic","persistentId":"be7b618b-a0e6-456d-a6eb-55fb85ceee5b","__parent":"CBF_entrance_assets","position":[-810.818481,-166.667999,102.828552],"isRenderEnabled":false,"rotationMatrix":[0.427447915,-0.904040098,0,0.904040098,0.427447915,0,0,0,1],"shapeName":"/levels/west_coast_usa/art/shapes/objects/pole_fence2.dae","useInstanceRenderData":true}
{"class":"TSStatic","persistentId":"bce069b4-93cc-43d1-9c92-a1023661c15e","__parent":"CBF_entrance_assets","position":[-810.777954,-166.649307,104.132721],"isRenderEnabled":false,"rotationMatrix":[0.6431849,-0.76571101,0,0.76571101,0.6431849,0,0,0,1],"shapeName":"/levels/west_coast_usa/art/shapes/objects/sign_chevron_R.dae","useInstanceRenderData":true}
{"class":"TSStatic","persistentId":"1aa73d70-70f3-45c5-a2e5-de8451c397fc","__parent":"CBF_entrance_assets","position":[-806.853516,-167.112167,102.67849],"isRenderEnabled":false,"rotationMatrix":[0.427447915,-0.904040098,0,0.904040098,0.427447915,0,0,0,1],"shapeName":"/levels/west_coast_usa/art/shapes/objects/pole_fence2.dae","useInstanceRenderData":true}
{"class":"TSStatic","persistentId":"64ac995e-62c7-4f64-b42e-829c2d96686b","__parent":"CBF_entrance_assets","position":[-806.812988,-167.093475,103.982658],"isRenderEnabled":false,"rotationMatrix":[0.6431849,-0.76571101,0,0.76571101,0.6431849,0,0,0,1],"shapeName":"/levels/west_coast_usa/art/shapes/objects/sign_chevron_R.dae","useInstanceRenderData":true}
{"class":"TSStatic","persistentId":"9f70187a-73a4-4457-b91c-55a71363d208","__parent":"CBF_entrance_assets","position":[-802.780457,-166.719406,102.611763],"isRenderEnabled":false,"rotationMatrix":[0.427447915,-0.904040098,0,0.904040098,0.427447915,0,0,0,1],"shapeName":"/levels/west_coast_usa/art/shapes/objects/pole_fence2.dae","useInstanceRenderData":true}
{"class":"TSStatic","persistentId":"d76c5aa0-7a8f-4f7e-8819-d27ac9654d2e","__parent":"CBF_entrance_assets","position":[-802.739929,-166.700714,103.915932],"isRenderEnabled":false,"rotationMatrix":[0.6431849,-0.76571101,0,0.76571101,0.6431849,0,0,0,1],"shapeName":"/levels/west_coast_usa/art/shapes/objects/sign_chevron_R.dae","useInstanceRenderData":true}
{"class":"TSStatic","persistentId":"28692024-18e9-4afd-9c10-8241c7c285bf","__parent":"CBF_entrance_assets","position":[542.996399,-887.547668,150.511658],"isRenderEnabled":false,"rotationMatrix":[0.795875907,-0.60545975,0,0.60545975,0.795875907,0,0,0,1],"shapeName":"/levels/west_coast_usa/art/shapes/buildings/s_quarry_pillar.dae","useInstanceRenderData":true}
{"class":"TSStatic","persistentId":"76e4d22a-8acc-4752-a9a1-399e70f28faa","__parent":"CBF_entrance_assets","position":[542.959839,-887.575012,155.741501],"isRenderEnabled":false,"rotationMatrix":[0.795875907,-0.60545975,0,0.60545975,0.795875907,0,0,0,1],"shapeName":"/levels/west_coast_usa/art/shapes/buildings/s_quarry_support_6m.dae","useInstanceRenderData":true}
{"class":"TSStatic","persistentId":"1201e273-6279-4747-88b1-0e9534f119e2","__parent":"CBF_entrance_assets","position":[542.892517,-887.661072,157.427139],"isRenderEnabled":false,"rotationMatrix":[0.795879245,-0.605455399,0,0.605455399,0.795879245,0,0,0,1],"scale":[1.40732431,1.40732431,1.40732431],"shapeName":"/levels/west_coast_usa/art/shapes/buildings/s_sealbrick_brand.dae","useInstanceRenderData":true}
{"class":"TSStatic","persistentId":"4044497c-4a3a-490e-a1e5-d00b985fea42","__parent":"CBF_entrance_assets","position":[818.73175,-790.415588,161.327698],"isRenderEnabled":false,"rotationMatrix":[-0.85540092,0.517966568,0,-0.517966568,-0.85540092,0,0,0,1],"shapeName":"/levels/west_coast_usa/art/shapes/buildings/s_quarry_pillar.dae","useInstanceRenderData":true}
{"class":"TSStatic","persistentId":"46a0b844-036e-4a49-92e8-fa49d95d46f0","__parent":"CBF_entrance_assets","position":[818.765198,-790.38446,167.139191],"isRenderEnabled":false,"rotationMatrix":[-0.85540092,0.517966568,0,-0.517966568,-0.85540092,0,0,0,1],"shapeName":"/levels/west_coast_usa/art/shapes/buildings/s_quarry_support_6m.dae","useInstanceRenderData":true}
{"class":"TSStatic","persistentId":"c29f9675-b351-4d3d-a26e-751d95fb52bf","__parent":"CBF_entrance_assets","position":[818.823059,-790.291748,168.824829],"isRenderEnabled":false,"rotationMatrix":[-0.855404377,0.517961085,0,-0.517961085,-0.855404377,0,0,0,1],"shapeName":"/levels/west_coast_usa/art/shapes/buildings/s_sealbrick_brand.dae","useInstanceRenderData":true}
{"class":"TSStatic","persistentId":"2e7e8566-27b9-494f-9639-dff7f63480b7","__parent":"CBF_entrance_assets","position":[714.473694,-804.552002,160.128662],"isRenderEnabled":false,"rotationMatrix":[0.999607801,0.0280050412,0,-0.0280050412,0.999607801,0,0,0,1],"shapeName":"/levels/west_coast_usa/art/shapes/buildings/s_sealbrick_brand.dae","useInstanceRenderData":true}
{"class":"TSStatic","persistentId":"615fcf90-1fc6-4f6f-a91a-49a054b8a53b","__parent":"CBF_entrance_assets","position":[714.472168,-804.442627,158.443024],"isRenderEnabled":false,"rotationMatrix":[0.99960798,0.0279988907,0,-0.0279988907,0.99960798,0,0,0,1],"shapeName":"/levels/west_coast_usa/art/shapes/buildings/s_quarry_support_6m.dae","useInstanceRenderData":true}
{"class":"TSStatic","persistentId":"fc82cd13-a2c1-43c2-9615-b008982c61fb","__parent":"CBF_entrance_assets","position":[551.533142,-899.62384,152.976746],"isRenderEnabled":false,"rotationMatrix":[0.532804966,-0.846238017,0,0.846238017,0.532804966,0,0,0,1],"scale":[1.05654287,1.05654287,1.05654287],"shapeName":"/levels/west_coast_usa/art/shapes/objects/s_metal_gate_right.dae","useInstanceRenderData":true}
{"class":"TSStatic","persistentId":"e9007e3f-a214-49b2-9633-e457a812ba98","__parent":"CBF_entrance_assets","position":[546.219971,-890.251831,152.960541],"decalType":"None","isRenderEnabled":false,"rotationMatrix":[0.571913362,-0.820304513,-0.00398081169,0.819375634,0.571020246,0.0505920127,-0.0392277241,-0.03219603,0.998711467],"scale":[1.05654287,1.05654287,1.05654287],"shapeName":"/levels/west_coast_usa/art/shapes/objects/s_metal_gate_right.dae","useInstanceRenderData":true}
{"class":"TSStatic","persistentId":"e9007e3f-a214-49b2-9633-e457a812ba98","__parent":"CBF_entrance_assets","position":[-334.192291,-231.91658,116.981255],"isRenderEnabled":false,"rotationMatrix":[-0.792626023,-0.609668434,-0.00705090072,0.609701693,-0.792506099,-0.0141122313,0.00301590166,-0.0154846581,0.999875546],"scale":[1.05654287,1.05654287,1.05654287],"shapeName":"/levels/west_coast_usa/art/shapes/objects/s_metal_gate_right.dae","useInstanceRenderData":true}
{"class":"TSStatic","persistentId":"e9007e3f-a214-49b2-9633-e457a812ba98","__parent":"CBF_entrance_assets","position":[-324.105804,-231.703873,116.981255],"isRenderEnabled":false,"rotationMatrix":[-0.950904965,-0.193726823,0.2413515,0.199802294,-0.979836345,0.000714324415,0.236346498,0.0489018261,0.970437527],"scale":[1.05654287,1.05654287,1.05654287],"shapeName":"/levels/west_coast_usa/art/shapes/objects/s_metal_gate_right.dae","useInstanceRenderData":true}
{"class":"TSStatic","persistentId":"e9007e3f-a214-49b2-9633-e457a812ba98","__parent":"CBF_entrance_assets","position":[-252.456223,-128.361679,119.361572],"decalType":"None","isRenderEnabled":false,"rotationMatrix":[-0.656566143,0.748027742,-0.0968247056,-0.750726759,-0.660501719,-0.0121019799,-0.0730055124,0.0647431538,0.995227873],"shapeName":"/levels/west_coast_usa/art/shapes/objects/s_metal_gate_right.dae","useInstanceRenderData":true}
{"class":"TSStatic","__parent":"CBF_entrance_assets","position":[105.703133,274.97818,130.69783],"isRenderEnabled":false,"rotationMatrix":[-0.400078654,0.916480899,9.29180533e-06,-0.916311741,-0.400004983,0.01921032,0.0176096074,0.00767712202,0.999815464],"shapeName":"/levels/west_coast_usa/art/shapes/objects/s_metal_gate_right.dae","useInstanceRenderData":true}
{"class":"TSStatic","__parent":"CBF_entrance_assets","position":[109.235641,265.047302,130.798111],"isRenderEnabled":false,"rotationMatrix":[-0.818326354,0.574753582,5.83566725e-06,-0.57475239,-0.818324685,0.00204992224,0.00118297583,0.00167415163,0.999997914],"shapeName":"/levels/west_coast_usa/art/shapes/objects/s_metal_gate_right.dae","useInstanceRenderData":true}
{"class":"TSStatic","__parent":"CBF_entrance_assets","position":[324.584991,504.750092,130.921326],"isRenderEnabled":false,"rotationMatrix":[-0.807835102,0.58623457,-0.0610847622,-0.586436868,-0.809827805,-0.0164487343,-0.0591109619,0.0225344915,0.997997046],"shapeName":"/levels/west_coast_usa/art/shapes/objects/s_metal_gate_right.dae","useInstanceRenderData":true}
{"class":"TSStatic","__parent":"CBF_entrance_assets","position":[333.161346,498.437683,130.817368],"isRenderEnabled":false,"rotationMatrix":[-0.990574121,0.0841519311,0.108079769,-0.0851148292,-0.996361732,-0.00431891996,0.107323103,-0.0134774027,0.994132817],"shapeName":"/levels/west_coast_usa/art/shapes/objects/s_metal_gate_right.dae","useInstanceRenderData":true}
{"class":"TSStatic","__parent":"CBF_entrance_assets","position":[53.0669365,116.089668,119.351501],"isRenderEnabled":false,"rotationMatrix":[0.616565704,-0.787303388,-7.95349479e-06,0.786809862,0.616179585,-0.0353973396,0.0278733484,0.0218185261,0.999373317],"shapeName":"/levels/west_coast_usa/art/shapes/objects/s_metal_gate_right.dae","useInstanceRenderData":true}
{"class":"TSStatic","__parent":"CBF_entrance_assets","position":[45.7254219,110.361778,119.259796],"isRenderEnabled":false,"rotationMatrix":[-0.798296094,0.595857978,-0.0876207426,-0.599069238,-0.800580025,0.0137254056,-0.0619689897,0.0634478107,0.996059358],"shapeName":"/levels/west_coast_usa/art/shapes/objects/s_metal_gate_right.dae","useInstanceRenderData":true}
{"class":"TSStatic","__parent":"CBF_entrance_assets","position":[601.40564,-203.972229,146.634613],"isRenderEnabled":false,"rotationMatrix":[0.996403515,0.0431656912,-0.0729159787,-0.044334963,0.99891156,-0.0144934338,0.0722109899,0.0176740345,0.997232795],"shapeName":"/levels/west_coast_usa/art/shapes/objects/s_metal_gate_right.dae","useInstanceRenderData":true}
{"class":"TSStatic","__parent":"CBF_entrance_assets","position":[601.5,-115.43782,146.618896],"isRenderEnabled":false,"rotationMatrix":[-0.0174107552,0.998679578,-0.0483360291,-0.999762118,-0.0180249214,-0.0122999139,-0.0131549127,0.0481103696,0.998755395],"shapeName":"/levels/west_coast_usa/art/shapes/objects/s_metal_gate_right.dae","useInstanceRenderData":true}
{"class":"TSStatic","__parent":"CBF_entrance_assets","position":[601.772888,-126.574783,146.582993],"isRenderEnabled":false,"rotationMatrix":[-0.172939897,-0.98278904,-0.0649472997,0.984931588,-0.172464132,-0.0129050519,0.00148189068,-0.0662004203,0.997805238],"shapeName":"/levels/west_coast_usa/art/shapes/objects/s_metal_gate_right.dae","useInstanceRenderData":true}
{"class":"TSStatic","__parent":"CBF_entrance_assets","position":[742.759155,0.941173434,151.450821],"isRenderEnabled":false,"rotationMatrix":[-0.400056481,-0.908304334,0.122223541,0.914202094,-0.404911757,-0.0167775042,0.0647287816,0.105025053,0.992360771],"shapeName":"/levels/west_coast_usa/art/shapes/objects/s_metal_gate_right.dae","useInstanceRenderData":true}
{"class":"TSStatic","__parent":"CBF_entrance_assets","position":[740.087463,-7.47665644,151.347153],"isRenderEnabled":false,"rotationMatrix":[0.116109073,0.993177891,0.0108033791,-0.993228316,0.116145849,-0.00283700065,-0.00407241518,-0.0104008187,0.999937594],"shapeName":"/levels/west_coast_usa/art/shapes/objects/s_metal_gate_right.dae","useInstanceRenderData":true}
{"class":"TSStatic","__parent":"CBF_entrance_assets","position":[604.133728,-104.340508,146.569031],"isRenderEnabled":false,"rotationMatrix":[-0.429452896,-0.903089046,-9.14745033e-06,0.902943373,-0.429383397,-0.0179684237,0.0162231605,-0.0077248537,0.999838531],"shapeName":"/levels/west_coast_usa/art/shapes/objects/s_metal_gate_right.dae","useInstanceRenderData":true}
