pos=-788.87591552734,481.3942565918,23.716291427612
rot=0.0052504088985274,-0.00032869818702047,0.076382936172055,0.99706467805536