pos=-797.55609130859,488.78805541992,23.70622253418
rot=-0.0014855686568186,-0.0032129274748256,0.94736670203678,-0.32013091393172