home_pos=-797.55609130859,488.78805541992,23.70622253418
home_rot=-0.0014855686568186,-0.0032129274748256,0.94736670203678,-0.32013091393172
home_trigger=BeamLRTrigger_PlayerGarage
gas_pos=-775.21954345703,489.17163085938,23.699390411377
gas_rot=0.0027639926636459,-0.0049623390759991,0.89940926041891,0.43707060963666
gas_trigger=BeamLRTrigger_GasStation
partshop_pos=-793.13623046875,508.59823608398,23.792211532593
partshop_rot=-0.0028696150295011,0.01105237693596,-0.40610138040754,0.91375668484818
partshop_trigger=BeamLRTrigger_PartShop2
usedcars_pos=-794.93658447266,560.31860351563,25.2082862854
usedcars_rot=0.0044020255736711,-0.0013048230809852,0.340811831759,0.94012031939569
usedcars_trigger=BeamLRTrigger_UsedCarShop
garage_pos=703.82061767578,-349.04046630859,56.807704925537
garage_rot=0.0011020018679284,-0.005804380689067,0.99966428427279,0.025227237384883
garage_trigger=BeamLRTrigger_RepairShop
