{"name":"spawn_figure8","class":"SpawnSphere","persistentId":"2aaad5b4-184b-45f9-8d7e-28512deeb2f3","__parent":"PlayerDropPoints","position":[181.512924,4.62607288,20.6226234],"autoplaceOnSpawn":"0","dataBlock":"SpawnSphereMarker","enabled":"1","homingCount":"0","indoorWeight":"1","isAIControlled":"0","lockCount":"0","outdoorWeight":"1","radius":1,"rotationMatrix":[0.626724124,-0.77924186,0,0.77924186,0.626724124,0,0,0,1],"sphereWeight":"1"}
{"name":"spawn_pitlane","class":"SpawnSphere","persistentId":"4381267d-efab-4316-982a-f79c9bf0fa55","__parent":"PlayerDropPoints","position":[-453.309113,373.546265,25.3623123],"autoplaceOnSpawn":"0","dataBlock":"SpawnSphereMarker","enabled":"1","homingCount":"0","indoorWeight":"1","isAIControlled":"0","lockCount":"0","outdoorWeight":"1","radius":5,"rotationMatrix":[0.845768273,0.533550918,0,-0.533550918,0.845768273,0,0,0,1],"sphereWeight":"1"}
{"name":"spawn_paddock","class":"SpawnSphere","persistentId":"7e20f1b9-346f-4d4e-9825-74d105d8a841","__parent":"PlayerDropPoints","position":[-256.04599,273.231995,25.1960945],"autoplaceOnSpawn":"0","dataBlock":"SpawnSphereMarker","enabled":"1","homingCount":"0","indoorWeight":"1","isAIControlled":"0","lockCount":"0","outdoorWeight":"1","radius":1,"rotationMatrix":[-0.0988908187,-0.995098054,0,0.995098054,-0.0988908187,0,0,0,1],"sphereWeight":"1"}
{"name":"spawn_startline","class":"SpawnSphere","persistentId":"d16e5009-e826-4210-82f9-b98ba2a89ede","__parent":"PlayerDropPoints","position":[-408.480164,260.231537,25.4231434],"autoplaceOnSpawn":"0","dataBlock":"SpawnSphereMarker","enabled":"1","homingCount":"0","indoorWeight":"1","isAIControlled":"0","lockCount":"0","outdoorWeight":"1","radius":1,"rotationMatrix":[0.843304157,0.537437201,0,-0.537437201,0.843304157,0,0,0,1],"sphereWeight":"1"}
{"name":"spawn_crawl","class":"SpawnSphere","persistentId":"ddd1041f-0a0a-44bb-9aea-1b1cafa5b40f","__parent":"PlayerDropPoints","position":[-179.673782,-50.6751442,27.6237259],"autoplaceOnSpawn":"0","dataBlock":"SpawnSphereMarker","enabled":"1","homingCount":"0","indoorWeight":"1","isAIControlled":"0","lockCount":"0","outdoorWeight":"1","radius":1,"rotationMatrix":[0.996549368,-0.082100369,0.0121711912,0.0829976574,0.985776961,-0.14613919,1.17957626e-08,0.146645218,0.989189386],"sphereWeight":"1"}
