{"class":"TSStatic","persistentId":"3acfef45-6deb-447d-a4cf-cfdadf7ce1d5","__parent":"entranceFence_roadSide","position":[-721.063904,-139.710159,99.3434296],"isRenderEnabled":false,"rotationMatrix":[0.78197968,-0.623302221,0.00146518275,0.622296929,0.780847728,0.0549851544,-0.0354164541,-0.0420854948,0.998486102],"shapeName":"/levels/west_coast_usa/art/shapes/objects/guardrail_support1.dae","useInstanceRenderData":true}
{"class":"TSStatic","persistentId":"d34fe9b1-0c87-42ed-afd3-5c707e04a70c","__parent":"entranceFence_roadSide","position":[-720.002319,-137.947769,99.4908295],"isRenderEnabled":false,"rotationMatrix":[0.913690209,-0.406386971,0.00444971211,0.405050099,0.911470711,0.0718018785,-0.0332351327,-0.0638023242,0.997408986],"shapeName":"/levels/west_coast_usa/art/shapes/objects/guardrail_support1.dae","useInstanceRenderData":true}
{"class":"TSStatic","persistentId":"68430ca3-2ed5-4cc6-bcf1-875db675c92d","__parent":"entranceFence_roadSide","position":[-719.36145,-135.993118,99.6431503],"isRenderEnabled":false,"rotationMatrix":[0.975442588,-0.220219627,0.00388143491,0.219131336,0.972097576,0.0837125331,-0.0222082771,-0.0808062255,0.996482372],"shapeName":"/levels/west_coast_usa/art/shapes/objects/guardrail_support1.dae","useInstanceRenderData":true}
{"class":"TSStatic","persistentId":"c9c606fb-6e9c-476d-96f2-01bae97d6141","__parent":"entranceFence_roadSide","position":[-719.010071,-133.958954,99.8198166],"isRenderEnabled":false,"rotationMatrix":[0.994714439,-0.102653272,0.00233711675,0.102026336,0.990691185,0.090120025,-0.0115664769,-0.0894052461,0.995928168],"shapeName":"/levels/west_coast_usa/art/shapes/objects/guardrail_support1.dae","useInstanceRenderData":true}
{"class":"TSStatic","persistentId":"874b58eb-ba4e-4453-8379-08dc0e9ff187","__parent":"entranceFence_roadSide","position":[-718.898254,-131.896484,100.003403],"isRenderEnabled":false,"rotationMatrix":[0.999955118,-0.00687983632,-0.00651280163,0.00741399545,0.996276259,0.0858993679,0.00589757552,-0.0859438032,0.996282518],"shapeName":"/levels/west_coast_usa/art/shapes/objects/guardrail_support1.dae","useInstanceRenderData":true}
{"class":"TSStatic","persistentId":"ec27c6d1-906b-4ff2-90b0-dc93aeeccc28","__parent":"entranceFence_roadSide","position":[-718.931213,-129.826462,100.163933],"isRenderEnabled":false,"rotationMatrix":[0.998703659,0.0468615703,-0.019873593,-0.0454146452,0.996658683,0.0678898916,0.0229886137,-0.0668993369,0.997494876],"shapeName":"/levels/west_coast_usa/art/shapes/objects/guardrail_support1.dae","useInstanceRenderData":true}
{"class":"TSStatic","persistentId":"18fb29dc-3e9e-46db-87c0-adee5bc4c5f6","__parent":"entranceFence_roadSide","position":[-719.080627,-127.758537,100.285011],"isRenderEnabled":false,"rotationMatrix":[0.995426595,0.0923789293,-0.0243326034,-0.0911953598,0.994772911,0.0459370427,0.0284490306,-0.0435079299,0.998647928],"shapeName":"/levels/west_coast_usa/art/shapes/objects/guardrail_support1.dae","useInstanceRenderData":true}
{"class":"TSStatic","persistentId":"1aa633e5-a6b3-4af1-9c6f-cb9c56394bf4","__parent":"entranceFence_roadSide","position":[-719.298462,-125.694183,100.363731],"isRenderEnabled":false,"rotationMatrix":[0.992191434,0.122725278,-0.0222413633,-0.121987402,0.99201709,0.0319548175,0.0259854775,-0.0289921295,0.999241829],"shapeName":"/levels/west_coast_usa/art/shapes/objects/guardrail_support1.dae","useInstanceRenderData":true}
{"class":"TSStatic","persistentId":"0931b015-25af-48e6-a18a-7070755b62ab","__parent":"entranceFence_roadSide","position":[-719.561951,-123.633614,100.415207],"isRenderEnabled":false,"rotationMatrix":[0.989802599,0.139943495,-0.0265829917,-0.139560625,0.990088105,0.0157596208,0.0285249595,-0.0118889753,0.999522388],"shapeName":"/levels/west_coast_usa/art/shapes/objects/guardrail_support1.dae","useInstanceRenderData":true}
{"class":"TSStatic","persistentId":"430a47f8-d729-4997-99a9-31693106aad7","__parent":"entranceFence_roadSide","position":[-719.829956,-121.572495,100.454887],"isRenderEnabled":false,"rotationMatrix":[0.987968504,0.153230414,-0.0209445227,-0.152824715,0.988055468,0.0197735764,0.0237242635,-0.0163348317,0.999585092],"shapeName":"/levels/west_coast_usa/art/shapes/objects/guardrail_support1.dae","useInstanceRenderData":true}
{"class":"TSStatic","persistentId":"8ba6747d-bbc9-49ad-bd90-73b366f9a475","__parent":"entranceFence_roadSide","position":[-720.194031,-119.526115,100.476128],"isRenderEnabled":false,"rotationMatrix":[0.98475498,0.173179641,-0.0163241532,-0.17312263,0.984888315,0.00485346559,0.0169179905,-0.00195339392,0.999854982],"shapeName":"/levels/west_coast_usa/art/shapes/objects/guardrail_support1.dae","useInstanceRenderData":true}
{"class":"TSStatic","persistentId":"f70034bc-4d7d-4f51-9f8b-4870b70e5d93","__parent":"entranceFence_roadSide","position":[-720.59375,-117.37294,100.481308],"isRenderEnabled":false,"rotationMatrix":[0.977644026,0.201599628,-0.0597471371,-0.201931626,0.979399502,0.000490939245,0.0586152896,0.0115848724,0.99821341],"shapeName":"/levels/west_coast_usa/art/shapes/objects/guardrail_support1.dae","useInstanceRenderData":true}
{"class":"TSStatic","persistentId":"0c616328-faa2-4a23-86ea-b5897b9cfa21","__parent":"entranceFence_roadSide","position":[-720.971191,-115.442612,100.482452],"isRenderEnabled":false,"rotationMatrix":[0.978414237,0.198012218,-0.0591336861,-0.198123172,0.980168819,0.00403966568,0.0587608963,0.00776328612,0.998241901],"shapeName":"/levels/west_coast_usa/art/shapes/objects/guardrail_support1.dae","useInstanceRenderData":true}
{"class":"TSStatic","persistentId":"5b749843-8c0a-4a4c-b2f2-6ee498165812","__parent":"entranceFence_roadSide","position":[-721.425171,-113.410423,100.549316],"isRenderEnabled":false,"rotationMatrix":[0.980701745,0.168739319,-0.0987479538,-0.167656124,0.98565805,0.0192269795,0.100576058,-0.00230023358,0.994926691],"shapeName":"/levels/west_coast_usa/art/shapes/objects/guardrail_support1.dae","useInstanceRenderData":true}
{"class":"TSStatic","persistentId":"26cdabf2-8650-4cd2-9ddd-8153315d64ac","__parent":"entranceFence_roadSide","position":[-721.686584,-111.348511,100.695992],"isRenderEnabled":false,"rotationMatrix":[0.950053811,0.163471878,-0.265847266,-0.145489335,0.985604107,0.0861241743,0.276099026,-0.0431446657,0.960160315],"shapeName":"/levels/west_coast_usa/art/shapes/objects/guardrail_support1.dae","useInstanceRenderData":true}
{"class":"TSStatic","persistentId":"22a9e1e4-0c9b-456a-bc3b-d0e22772082c","__parent":"entranceFence_roadSide","position":[-721.986755,-109.302368,100.920212],"isRenderEnabled":false,"rotationMatrix":[0.945322931,0.170446262,-0.278051525,-0.13996844,0.98208642,0.126154989,0.294573277,-0.0803387538,0.952245891],"shapeName":"/levels/west_coast_usa/art/shapes/objects/guardrail_support1.dae","useInstanceRenderData":true}
{"class":"TSStatic","persistentId":"db7d46fa-24e0-461b-9305-3722d4e05530","__parent":"entranceFence_roadSide","position":[-722.263245,-107.260376,101.108055],"isRenderEnabled":false,"rotationMatrix":[0.951884568,0.156972572,-0.263202161,-0.131779775,0.985056579,0.110894769,0.276676446,-0.0708743036,0.95834595],"shapeName":"/levels/west_coast_usa/art/shapes/objects/guardrail_support1.dae","useInstanceRenderData":true}
{"class":"TSStatic","persistentId":"eb0f8963-414e-4c1f-9580-901c5895827d","__parent":"entranceFence_roadSide","position":[-723.05542,-101.022469,101.533722],"isRenderEnabled":false,"rotationMatrix":[0.95962888,-0.280027509,0.0264004171,0.281175613,0.957496166,-0.0643529594,-0.00725769345,0.0691781193,0.997577906],"shapeName":"/levels/west_coast_usa/art/shapes/objects/guardrail_support1.dae","useInstanceRenderData":true}
{"class":"TSStatic","persistentId":"3f8a3ee1-5850-4f2f-ba69-4c5595f18c69","__parent":"entranceFence_roadSide","position":[-722.928284,-99.0044708,101.751083],"isRenderEnabled":false,"rotationMatrix":[0.952546895,0.00721919024,-0.304306239,0.0101131052,0.998416245,0.0553421602,0.304223806,-0.0557934865,0.950965285],"shapeName":"/levels/west_coast_usa/art/shapes/objects/guardrail_support1.dae","useInstanceRenderData":true}
{"class":"TSStatic","persistentId":"8ba5396a-887c-4b2b-b66f-2e3dacfa5e9b","__parent":"entranceFence_roadSide","position":[-722.861145,-96.9388199,102.02597],"isRenderEnabled":false,"rotationMatrix":[0.977048397,-0.0251722727,-0.211524993,0.0567547306,0.987861991,0.144594654,0.205317736,-0.153281018,0.966617584],"shapeName":"/levels/west_coast_usa/art/shapes/objects/guardrail_support1.dae","useInstanceRenderData":true}
{"class":"TSStatic","persistentId":"b540dd8f-b28c-475b-9eb3-d7da48d1cfb4","__parent":"entranceFence_roadSide","position":[-722.727722,-94.8829956,102.27401],"isRenderEnabled":false,"rotationMatrix":[0.996934295,-0.0696465299,-0.035655573,0.0715292767,0.995944321,0.0545755625,0.031709969,-0.0569586679,0.997872829],"shapeName":"/levels/west_coast_usa/art/shapes/objects/guardrail_support1.dae","useInstanceRenderData":true}
{"class":"TSStatic","persistentId":"acbbfb9f-74d1-4d0c-beed-f7bee3b55c18","__parent":"entranceFence_roadSide","position":[-720.821655,-139.835754,99.9088745],"isRenderEnabled":false,"rotationMatrix":[0.622469604,0.781052291,0.0498880818,-0.78197962,0.623302221,-0.00146518089,-0.0322397351,-0.0380994305,0.998753726],"shapeName":"/levels/west_coast_usa/art/shapes/objects/guardrail1.dae","useInstanceRenderData":true}
{"class":"TSStatic","persistentId":"df313dc3-b372-42a7-b641-757ddf917668","__parent":"entranceFence_roadSide","position":[-719.775696,-138.137985,100.032715],"isRenderEnabled":false,"rotationMatrix":[0.405133486,0.911630511,0.0692582354,-0.913690329,0.406386912,-0.00444971211,-0.032202132,-0.0614778474,0.997588813],"shapeName":"/levels/west_coast_usa/art/shapes/objects/guardrail1.dae","useInstanceRenderData":true}
{"class":"TSStatic","persistentId":"0cecefed-27fa-461f-abe8-366751d1b16e","__parent":"entranceFence_roadSide","position":[-719.127075,-136.244232,100.174515],"isRenderEnabled":false,"rotationMatrix":[0.239126444,0.968015075,0.0759298727,-0.970772386,0.239990771,-0.00233500078,-0.0204827841,-0.073152259,0.997110426],"shapeName":"/levels/west_coast_usa/art/shapes/objects/guardrail1.dae","useInstanceRenderData":true}
{"class":"TSStatic","persistentId":"0bbb430e-536c-41fb-807c-d1708dc24aa6","__parent":"entranceFence_roadSide","position":[-718.758545,-134.2547,100.343254],"isRenderEnabled":false,"rotationMatrix":[0.120142162,0.988545716,0.0913410857,-0.992687881,0.120707572,-0.000670876354,-0.011688754,-0.090592593,0.995819449],"shapeName":"/levels/west_coast_usa/art/shapes/objects/guardrail1.dae","useInstanceRenderData":true}
{"class":"TSStatic","persistentId":"81e48784-28a7-4b60-86e7-6ffff5d283f9","__parent":"entranceFence_roadSide","position":[-718.615417,-132.241211,100.519829],"isRenderEnabled":false,"rotationMatrix":[0.0207069516,0.996350408,0.0828072652,-0.999767184,0.0201333165,0.00775628537,0.006060794,-0.0829485953,0.99653542],"shapeName":"/levels/west_coast_usa/art/shapes/objects/guardrail1.dae","useInstanceRenderData":true}
{"class":"TSStatic","persistentId":"d0b9fd24-55cd-4bbd-a316-41809b57aaf2","__parent":"entranceFence_roadSide","position":[-718.628113,-130.230804,100.676903],"isRenderEnabled":false,"rotationMatrix":[-0.0352226496,0.996420264,0.0768516362,-0.999105453,-0.0369096994,0.020642342,0.0234050043,-0.0760558173,0.996828854],"shapeName":"/levels/west_coast_usa/art/shapes/objects/guardrail1.dae","useInstanceRenderData":true}
{"class":"TSStatic","persistentId":"b60dc81e-fac3-463f-8327-37075bb66594","__parent":"entranceFence_roadSide","position":[-718.745178,-128.235168,100.801025],"isRenderEnabled":false,"rotationMatrix":[-0.0825053453,0.995072782,0.0549830832,-0.99616009,-0.0839657784,0.0247985292,0.0292930342,-0.0527259409,0.998179317],"shapeName":"/levels/west_coast_usa/art/shapes/objects/guardrail1.dae","useInstanceRenderData":true}
{"class":"TSStatic","persistentId":"950eb64d-d554-4459-99b3-65e47b62dd4f","__parent":"entranceFence_roadSide","position":[-718.939941,-126.223801,100.885483],"isRenderEnabled":false,"rotationMatrix":[-0.114439487,0.992811024,0.0350701548,-0.993079722,-0.115265369,0.0225056261,0.0263862088,-0.032251928,0.999131441],"shapeName":"/levels/west_coast_usa/art/shapes/objects/guardrail1.dae","useInstanceRenderData":true}
{"class":"TSStatic","persistentId":"4beb4eaa-8d6a-4950-bf6c-a56d91e3fdbb","__parent":"entranceFence_roadSide","position":[-719.18811,-124.237129,100.946251],"isRenderEnabled":false,"rotationMatrix":[-0.134149671,0.990682364,0.0235005021,-0.990683079,-0.134635925,0.0204949938,0.0234680437,-0.0205321535,0.999513745],"shapeName":"/levels/west_coast_usa/art/shapes/objects/guardrail1.dae","useInstanceRenderData":true}
{"class":"TSStatic","persistentId":"82bd081c-f40f-4e4b-a458-d0ce8d1ea354","__parent":"entranceFence_roadSide","position":[-719.473572,-122.25486,100.981293],"isRenderEnabled":false,"rotationMatrix":[-0.148836732,0.988697827,0.0180033166,-0.988583267,-0.149202108,0.0210180711,0.023466656,-0.0146695208,0.999616981],"shapeName":"/levels/west_coast_usa/art/shapes/objects/guardrail1.dae","useInstanceRenderData":true}
{"class":"TSStatic","persistentId":"106065ee-d57b-4f71-afb7-ada8439b4200","__parent":"entranceFence_roadSide","position":[-719.778931,-120.263832,101.011734],"isRenderEnabled":false,"rotationMatrix":[-0.160638809,0.98697561,0.00861922186,-0.986856163,-0.160762906,0.0164340027,0.0176056102,-0.00586599484,0.999827802],"shapeName":"/levels/west_coast_usa/art/shapes/objects/guardrail1.dae","useInstanceRenderData":true}
{"class":"TSStatic","persistentId":"773c21ad-b7e8-49fc-bb94-42a673cbda90","__parent":"entranceFence_roadSide","position":[-720.120728,-118.283417,101.023125],"isRenderEnabled":false,"rotationMatrix":[-0.186202288,0.982508957,0.00218561059,-0.982441247,-0.186215162,0.0115317237,0.0117370151,-4.65661287e-10,0.999931097],"shapeName":"/levels/west_coast_usa/art/shapes/objects/guardrail1.dae","useInstanceRenderData":true}
{"class":"TSStatic","persistentId":"d1d690ff-0143-442f-b1b3-1ef68430d8c5","__parent":"entranceFence_roadSide","position":[-720.495667,-116.311035,101.023979],"isRenderEnabled":false,"rotationMatrix":[-0.20254755,0.979226291,0.00951064192,-0.978148639,-0.20277071,0.0459290706,0.0469034314,0,0.9988994],"shapeName":"/levels/west_coast_usa/art/shapes/objects/guardrail1.dae","useInstanceRenderData":true}
{"class":"TSStatic","persistentId":"6b7312a5-681f-415c-8e4a-68aa589b152c","__parent":"entranceFence_roadSide","position":[-720.868591,-114.375359,101.054405],"isRenderEnabled":false,"rotationMatrix":[-0.189112902,0.981782556,0.0184229389,-0.978534698,-0.189985514,0.0798467547,0.0818922445,-0.00292744115,0.996636868],"shapeName":"/levels/west_coast_usa/art/shapes/objects/guardrail1.dae","useInstanceRenderData":true}
{"class":"TSStatic","persistentId":"0d6d0852-4fec-4cc7-9a2b-bfe2d0a4b488","__parent":"entranceFence_roadSide","position":[-721.184021,-112.373344,101.102974],"isRenderEnabled":false,"rotationMatrix":[-0.0883345604,0.994747639,0.0517089963,-0.961389303,-0.0987250805,0.256872892,0.2606287,-0.0270216912,0.96506089],"shapeName":"/levels/west_coast_usa/art/shapes/objects/guardrail1.dae","useInstanceRenderData":true}
{"class":"TSStatic","persistentId":"c5166f7b-db64-4423-888c-55d3c1a67818","__parent":"entranceFence_roadSide","position":[-721.409424,-110.389565,101.263046],"isRenderEnabled":false,"rotationMatrix":[-0.143802881,0.983725131,0.107727967,-0.948870957,-0.167975426,0.267259747,0.28100583,-0.0637871847,0.957583904],"shapeName":"/levels/west_coast_usa/art/shapes/objects/guardrail1.dae","useInstanceRenderData":true}
{"class":"TSStatic","persistentId":"9f0bb36c-4b22-4473-9ab4-a8516f20e442","__parent":"entranceFence_roadSide","position":[-721.678162,-108.416252,101.461693],"isRenderEnabled":false,"rotationMatrix":[-0.132419467,0.987059534,0.0904342085,-0.94574815,-0.153131008,0.286550283,0.296690524,-0.0475831479,0.953787506],"shapeName":"/levels/west_coast_usa/art/shapes/objects/guardrail1.dae","useInstanceRenderData":true}
{"class":"TSStatic","persistentId":"85aba11d-eeb3-4feb-b8a2-25474e7fcc33","__parent":"entranceFence_roadSide","position":[-721.931824,-106.460083,101.627686],"isRenderEnabled":false,"rotationMatrix":[-0.115098476,0.990092456,0.0804333091,-0.935395062,-0.135280728,0.326703817,0.334348023,-0.0376338363,0.941698015],"shapeName":"/levels/west_coast_usa/art/shapes/objects/guardrail1.dae","useInstanceRenderData":true}
{"class":"TSStatic","persistentId":"528723dd-34ad-4a7c-a2d6-31d82460f399","__parent":"entranceFence_roadSide","position":[-722.622437,-100.532639,102.108421],"isRenderEnabled":false,"rotationMatrix":[0.224880338,0.973521352,0.0410488024,-0.973782301,0.226024508,-0.0257069152,-0.0343042687,-0.0341916233,0.998826385],"shapeName":"/levels/west_coast_usa/art/shapes/objects/guardrail1.dae","useInstanceRenderData":true}
{"class":"TSStatic","persistentId":"d69fccbe-d88d-4712-be07-689d8dc41fde","__parent":"entranceFence_roadSide","position":[-722.484802,-98.5709763,102.279526],"isRenderEnabled":false,"rotationMatrix":[-0.0142014027,0.987708271,0.155661196,-0.953144372,-0.0604197979,0.296420276,0.30218184,-0.144157976,0.942286909],"shapeName":"/levels/west_coast_usa/art/shapes/objects/guardrail1.dae","useInstanceRenderData":true}
{"class":"TSStatic","persistentId":"903bc3f8-9188-42f3-a2f1-ec7ee3f1270e","__parent":"entranceFence_roadSide","position":[-722.485657,-96.5779114,102.606606],"isRenderEnabled":false,"rotationMatrix":[0.0139949322,0.984726965,0.173542067,-0.97883755,-0.0219449997,0.203458384,0.204159364,-0.172716871,0.963580728],"shapeName":"/levels/west_coast_usa/art/shapes/objects/guardrail1.dae","useInstanceRenderData":true}
{"class":"TSStatic","persistentId":"8c36606b-adca-41c7-b40a-a22aaba025b5","__parent":"entranceFence_roadSide","position":[-722.407654,-94.6061783,102.825821],"isRenderEnabled":false,"rotationMatrix":[0.0712996125,0.996327937,0.0474038646,-0.996934354,0.0696465969,0.0356555767,0.0322231278,-0.0498007722,0.998239219],"shapeName":"/levels/west_coast_usa/art/shapes/objects/guardrail1.dae","useInstanceRenderData":true}
{"class":"TSStatic","persistentId":"c4ccb050-bb98-4941-9da8-9c4c381d07b4","__parent":"entranceFence_roadSide","position":[-721.520813,-140.493546,98.9054489],"isRenderEnabled":false,"rotationMatrix":[-0.639608979,-0.768700182,0,0.768700182,-0.639608979,0,0,0,1],"shapeName":"/levels/west_coast_usa/art/shapes/objects/guardrailpost.dae","useInstanceRenderData":true}
{"class":"TSStatic","persistentId":"b5c49e44-3bd3-40dd-af14-a0deeb45609d","__parent":"entranceFence_roadSide","position":[-729.681641,-144.692902,99.142128],"isRenderEnabled":false,"rotationMatrix":[-0.868853569,-0.495069146,4.57753876e-17,0.495069146,-0.868853569,-1.67032356e-16,1.22464685e-16,-1.22464685e-16,1],"shapeName":"/art/shapes/objects/s_scrap_fence_end_5.dae","useInstanceRenderData":true}
{"class":"TSStatic","persistentId":"87e69c2d-ba1b-42bc-b0d9-6d85a592d60c","__parent":"entranceFence_roadSide","position":[-747.620361,-153.641464,99.327507],"isRenderEnabled":false,"rotationMatrix":[-0.907675028,-0.419673711,5.97629258e-17,0.419673711,-0.907675028,-1.62553339e-16,1.22464685e-16,-1.22464672e-16,1],"shapeName":"/art/shapes/objects/s_scrap_fence_end_5.dae","useInstanceRenderData":true}
{"class":"TSStatic","persistentId":"c2e6a288-676b-42c0-9635-a34ec9da61b6","__parent":"entranceFence_roadSide","position":[-766.406555,-160.597885,99.2999954],"isRenderEnabled":false,"rotationMatrix":[-0.95480144,-0.297244579,8.05274885e-17,0.297244579,-0.95480144,-1.53331413e-16,1.22464685e-16,-1.22464685e-16,1],"shapeName":"/art/shapes/objects/s_scrap_fence_end_5.dae","useInstanceRenderData":true}
{"class":"TSStatic","persistentId":"32cdaa67-4ab3-449a-b4c0-343538367ee4","__parent":"entranceFence_roadSide","position":[-785.591553,-166.39418,99.2999954],"isRenderEnabled":false,"rotationMatrix":[-0.956724524,-0.290995061,8.15283505e-17,0.290995061,-0.956724524,-1.52801581e-16,1.22464685e-16,-1.22464672e-16,1],"shapeName":"/art/shapes/objects/s_scrap_fence_end_5.dae","useInstanceRenderData":true}
{"class":"TSStatic","persistentId":"2fdc7f16-79a7-40c0-abf0-d20482907f8b","__parent":"entranceFence_roadSide","position":[-804.797668,-172.111282,99.2999954],"isRenderEnabled":false,"rotationMatrix":[-0.951198578,-0.308579534,7.86981289e-17,0.308579534,-0.951198578,-1.54278316e-16,1.22464672e-16,-1.22464685e-16,1],"shapeName":"/art/shapes/objects/s_scrap_fence_end_5.dae","useInstanceRenderData":true}
{"class":"TSStatic","persistentId":"d40e3694-2f9a-49d6-b378-014d04a02460","__parent":"entranceFence_roadSide","position":[-823.385193,-179.425323,99.2999954],"isRenderEnabled":false,"rotationMatrix":[-0.890793681,-0.454407603,5.34418861e-17,0.454407603,-0.890793681,-1.6473965e-16,1.22464659e-16,-1.22464659e-16,1],"shapeName":"/art/shapes/objects/s_scrap_fence_end_5.dae","useInstanceRenderData":true}
{"class":"TSStatic","persistentId":"e4833510-71d0-454c-a10f-7d2d4d5b97fb","__parent":"entranceFence_roadSide","position":[-838.07428,-192.808914,99.2999954],"isRenderEnabled":false,"rotationMatrix":[-0.610154748,-0.792282045,-2.23041642e-17,0.792282045,-0.610154748,-1.7174898e-16,1.22464659e-16,-1.22464685e-16,1],"shapeName":"/art/shapes/objects/s_scrap_fence_end_5.dae","useInstanceRenderData":true}
{"class":"TSStatic","persistentId":"2f86a9a4-2abc-43da-969d-85b5d54850a1","__parent":"entranceFence_roadSide","position":[-849.356384,-209.343506,99.4328156],"isRenderEnabled":false,"rotationMatrix":[-0.549810529,-0.83528924,-3.496105e-17,0.83528924,-0.549810529,-1.69625825e-16,1.22464685e-16,-1.22464672e-16,1],"shapeName":"/art/shapes/objects/s_scrap_fence_end_5.dae","useInstanceRenderData":true}
{"class":"TSStatic","persistentId":"98f67c1a-47ca-4683-9a7f-3f03b63125f2","__parent":"entranceFence_roadSide","position":[-859.975037,-226.319168,99.2999954],"isRenderEnabled":false,"rotationMatrix":[-0.509664893,-0.86037308,-4.29493648e-17,0.86037308,-0.509664893,-1.67781252e-16,1.22464685e-16,-1.22464672e-16,1],"shapeName":"/art/shapes/objects/s_scrap_fence_end_5.dae","useInstanceRenderData":true}
{"class":"TSStatic","persistentId":"e0bdb6b1-a715-4beb-940b-a6035377b5cb","__parent":"entranceFence_roadSide","position":[-870.020996,-243.659439,99.2999954],"isRenderEnabled":false,"rotationMatrix":[-0.498863459,-0.866680562,-4.50445868e-17,0.866680562,-0.498863459,-1.67230919e-16,1.22464672e-16,-1.22464672e-16,1],"shapeName":"/art/shapes/objects/s_scrap_fence_end_5.dae","useInstanceRenderData":true}
{"class":"TSStatic","persistentId":"db7c0e97-6afb-4bf4-8983-c6e09a64a067","__parent":"entranceFence_roadSide","position":[-880.204407,-260.920959,99.2999954],"isRenderEnabled":false,"rotationMatrix":[-0.523959994,-0.851742804,-4.01418079e-17,0.851742804,-0.523959994,-1.68475012e-16,1.22464685e-16,-1.22464685e-16,1],"shapeName":"/art/shapes/objects/s_scrap_fence_end_5.dae","useInstanceRenderData":true}
{"class":"TSStatic","persistentId":"bc96fb41-d05b-46db-a74b-44b8b5436b07","__parent":"entranceFence_roadSide","position":[-891.323608,-277.590424,99.2999954],"isRenderEnabled":false,"rotationMatrix":[-0.602717876,-0.797954321,-2.39095663e-17,0.797954321,-0.602717876,-1.71532867e-16,1.22464672e-16,-1.22464672e-16,1],"shapeName":"/art/shapes/objects/s_scrap_fence_end_5.dae","useInstanceRenderData":true}
{"class":"TSStatic","persistentId":"b2151026-348e-44af-a9d3-90e8228ca902","__parent":"entranceFence_roadSide","position":[-905.427917,-291.759796,99.4770432],"isRenderEnabled":false,"rotationMatrix":[-0.794065237,-0.60783273,2.28068915e-17,0.60783273,-0.794065237,-1.71682964e-16,1.22464685e-16,-1.22464685e-16,1],"shapeName":"/art/shapes/objects/s_scrap_fence_end_5.dae","useInstanceRenderData":true}
{"class":"TSStatic","persistentId":"ca8eb4ca-a947-4857-8a45-d6d88ea63370","__parent":"entranceFence_roadSide","position":[-750.770569,-155.126434,99.3139267],"isRenderEnabled":false,"rotationMatrix":[-0.914496183,-0.404594511,6.24449431e-17,0.404594511,-0.914496183,-1.61542021e-16,1.22464685e-16,-1.22464685e-16,1],"shapeName":"/art/shapes/objects/s_scrap_fence_35_a.dae","useInstanceRenderData":true}
{"class":"TSStatic","persistentId":"bb0d95ec-f92d-48a6-8a2d-02769c003b23","__parent":"entranceFence_roadSide","position":[-809.717346,-173.690903,99.3126068],"isRenderEnabled":false,"rotationMatrix":[-0.950908065,-0.309473902,7.8553015e-17,0.309473902,-0.950908065,-1.54352273e-16,1.22464685e-16,-1.22464685e-16,1],"shapeName":"/art/shapes/objects/s_scrap_fence_35_a.dae","useInstanceRenderData":true}
{"class":"TSStatic","persistentId":"70ca2d22-a31d-4f07-90cd-52cd4fb8eed9","__parent":"entranceFence_roadSide","position":[-853.962891,-216.434937,99.4255981],"isRenderEnabled":false,"rotationMatrix":[-0.532043934,-0.846716702,-3.85363033e-17,0.846716702,-0.532043934,-1.6884948e-16,1.22464672e-16,-1.22464685e-16,1],"shapeName":"/art/shapes/objects/s_scrap_fence_35_a.dae","useInstanceRenderData":true}
{"class":"TSStatic","persistentId":"03f1ffad-bffd-4390-a369-4bebe94e6f6c","__parent":"entranceFence_roadSide","position":[-886.573669,-270.916962,99.2999954],"isRenderEnabled":false,"rotationMatrix":[-0.554937243,-0.831892252,-3.39172142e-17,0.831892252,-0.554937243,-1.69837623e-16,1.22464685e-16,-1.22464685e-16,1],"shapeName":"/art/shapes/objects/s_scrap_fence_35_a.dae","useInstanceRenderData":true}
{"class":"TSStatic","persistentId":"10cb1c78-5b87-4cdd-8ab8-e1321e9b193f","__parent":"entranceFence_roadSide","position":[-734.120178,-146.97731,99.2625732],"isRenderEnabled":false,"rotationMatrix":[-0.890024066,-0.455913246,5.31632619e-17,0.455913246,-0.890024066,-1.64829793e-16,1.22464685e-16,-1.22464672e-16,1],"shapeName":"/art/shapes/objects/s_scrap_fence_5.dae","useInstanceRenderData":true}
{"class":"TSStatic","persistentId":"bbf9795f-c3b1-4029-bc31-ff64fd3d9c42","__parent":"entranceFence_roadSide","position":[-761.644897,-159.050323,99.2999954],"isRenderEnabled":false,"rotationMatrix":[-0.950538516,-0.31060639,7.83690897e-17,0.31060639,-0.950538516,-1.54445711e-16,1.22464672e-16,-1.22464685e-16,1],"shapeName":"/art/shapes/objects/s_scrap_fence_5.dae","useInstanceRenderData":true}
{"class":"TSStatic","persistentId":"987dd036-060a-45ad-8da2-5d801f42c0ea","__parent":"entranceFence_roadSide","position":[-790.282898,-167.795151,99.2999954],"isRenderEnabled":false,"rotationMatrix":[-0.960301042,-0.27896601,8.34394686e-17,0.27896601,-0.960301042,-1.5176644e-16,1.22464685e-16,-1.22464685e-16,1],"shapeName":"/art/shapes/objects/s_scrap_fence_5.dae","useInstanceRenderData":true}
{"class":"TSStatic","persistentId":"3f739907-9fda-44b9-b818-f5d6b3f30590","__parent":"entranceFence_roadSide","position":[-818.831055,-177,99.3005829],"isRenderEnabled":false,"rotationMatrix":[-0.938327432,-0.34574765,7.2570097e-17,0.34574765,-0.938327432,-1.57253837e-16,1.22464659e-16,-1.22464659e-16,1],"shapeName":"/art/shapes/objects/s_scrap_fence_5.dae","useInstanceRenderData":true}
{"class":"TSStatic","persistentId":"7d549ca8-72e4-4565-a575-0f16f2c2d3b5","__parent":"entranceFence_roadSide","position":[-840.8255,-196.737518,99.3180084],"isRenderEnabled":false,"rotationMatrix":[-0.567294717,-0.823514879,-3.13779286e-17,0.823514879,-0.567294717,-1.70325064e-16,1.22464685e-16,-1.22464685e-16,1],"shapeName":"/art/shapes/objects/s_scrap_fence_5.dae","useInstanceRenderData":true}
{"class":"TSStatic","persistentId":"f2335368-107f-4cd2-946c-a344e1601333","__parent":"entranceFence_roadSide","position":[-857.252258,-221.815704,99.3004684],"isRenderEnabled":false,"rotationMatrix":[-0.517205954,-0.855861008,-4.14732907e-17,0.855861008,-0.517205954,-1.68152213e-16,1.22464685e-16,-1.22464685e-16,1],"shapeName":"/art/shapes/objects/s_scrap_fence_5.dae","useInstanceRenderData":true}
{"class":"TSStatic","persistentId":"0eb16a04-fe84-40a2-8b9e-62e87cd8704b","__parent":"entranceFence_roadSide","position":[-872.372131,-247.742233,99.2999954],"isRenderEnabled":false,"rotationMatrix":[0.47044307,0.882430315,5.04539311e-17,-0.882430315,0.47044307,1.65679181e-16,1.22464646e-16,-1.22464698e-16,1],"shapeName":"/art/shapes/objects/s_scrap_fence_5.dae","useInstanceRenderData":true}
{"class":"TSStatic","persistentId":"5fdf95be-4864-4744-8a52-d1cf3b219a05","__parent":"entranceFence_roadSide","position":[-895.470581,-282.850464,99.2999954],"isRenderEnabled":false,"rotationMatrix":[0.689936996,0.723869443,4.15552379e-18,-0.723869443,0.689936996,1.7314129e-16,1.22464659e-16,-1.22464632e-16,1],"shapeName":"/art/shapes/objects/s_scrap_fence_5.dae","useInstanceRenderData":true}
{"class":"TSStatic","persistentId":"71f913d7-504c-419e-bbcc-2a62f30d1a9d","__parent":"entranceFence_roadSide","position":[-910.501465,-295.54837,99.7256775],"isRenderEnabled":false,"rotationMatrix":[-0.806549668,-0.589465439,0.0448059551,0.590058029,-0.80736053,-9.31322575e-10,0.0361745693,0.026438117,0.998995721],"shapeName":"/art/shapes/objects/s_scrap_fence_5.dae","useInstanceRenderData":true}
{"class":"TSStatic","persistentId":"1fb98087-d94b-472b-a62d-18a13f48bc37","__parent":"entranceFence_roadSide","position":[-721.679199,-137.986923,99.4253006],"isRenderEnabled":false,"rotationMatrix":[0.726451933,0.687217295,-4.80485395e-18,-0.687217295,0.726451933,1.73124561e-16,1.22464685e-16,-1.22464685e-16,1],"scale":[1.5,1.5,1.5],"shapeName":"/levels/west_coast_usa/art/shapes/objects/s_chainlink_old.dae","useInstanceRenderData":true}
{"class":"TSStatic","persistentId":"aa2bf6fd-c3a5-476a-a4ab-f8dc76849b64","__parent":"entranceFence_roadSide","position":[-723.851257,-140.181396,99.2354355],"isRenderEnabled":false,"rotationMatrix":[0.712501764,0.701670289,-1.32647345e-18,-0.701670289,0.712501764,1.7318613e-16,1.22464685e-16,-1.22464685e-16,1],"scale":[1.5,1.5,1.5],"shapeName":"/levels/west_coast_usa/art/shapes/objects/s_chainlink_old.dae","useInstanceRenderData":true}
{"class":"TSStatic","persistentId":"541abe46-9953-4a73-8113-3001542ff6f1","__parent":"entranceFence_roadSide","position":[-726.163635,-142.232178,99.1477585],"isRenderEnabled":false,"rotationMatrix":[0.801875412,0.597491324,-2.50298302e-17,-0.597491324,0.801875412,1.7137299e-16,1.22464685e-16,-1.22464672e-16,1],"scale":[1.5,1.5,1.5],"shapeName":"/levels/west_coast_usa/art/shapes/objects/s_chainlink_old.dae","useInstanceRenderData":true}
{"class":"TSStatic","persistentId":"7e574d50-abf8-4f4c-90c9-8a744e6c9d0c","__parent":"entranceFence_roadSide","position":[-728.738037,-143.945007,99.1329422],"isRenderEnabled":false,"rotationMatrix":[0.85988003,0.51049614,-4.27871778e-17,-0.51049614,0.85988003,1.67822678e-16,1.22464672e-16,-1.22464672e-16,1],"scale":[1.5,1.5,1.5],"shapeName":"/levels/west_coast_usa/art/shapes/objects/s_chainlink_old.dae","useInstanceRenderData":true}
{"class":"TSStatic","persistentId":"de30409c-8226-49f8-84c5-8899da83d45d","__parent":"entranceFence_roadSide","position":[-731.430237,-145.469269,99.1760178],"isRenderEnabled":false,"rotationMatrix":[0.881727576,0.471758932,-5.02066703e-17,-0.471758932,0.881727576,1.65754289e-16,1.22464672e-16,-1.22464685e-16,1],"scale":[1.5,1.5,1.5],"shapeName":"/levels/west_coast_usa/art/shapes/objects/s_chainlink_old.dae","useInstanceRenderData":true}
{"class":"TSStatic","persistentId":"560ff9d0-d98a-4c9d-88cb-27fa04aa5d99","__parent":"entranceFence_roadSide","position":[-734.16925,-146.906174,99.2628784],"isRenderEnabled":false,"rotationMatrix":[0.890024245,0.455913246,-5.31632619e-17,-0.455913246,0.890024245,1.64829793e-16,1.22464685e-16,-1.22464672e-16,1],"scale":[1.5,1.5,1.5],"shapeName":"/levels/west_coast_usa/art/shapes/objects/s_chainlink_old.dae","useInstanceRenderData":true}
{"class":"TSStatic","persistentId":"27dd59cd-33d9-4e1f-bead-dbb465f21442","__parent":"entranceFence_roadSide","position":[-736.932983,-148.296936,99.3062134],"isRenderEnabled":false,"rotationMatrix":[0.895327151,0.445409149,-5.50990697e-17,-0.445409149,0.895327151,1.64192837e-16,1.22464685e-16,-1.22464685e-16,1],"scale":[1.5,1.5,1.5],"shapeName":"/levels/west_coast_usa/art/shapes/objects/s_chainlink_old.dae","useInstanceRenderData":true}
{"class":"TSStatic","persistentId":"7c92c2f3-131c-49e9-a2cf-4e1f9c379c31","__parent":"entranceFence_roadSide","position":[-739.710388,-149.661011,99.3000259],"isRenderEnabled":false,"rotationMatrix":[0.896719337,0.442599595,-5.5613629e-17,-0.442599595,0.896719337,1.64019275e-16,1.22464672e-16,-1.22464685e-16,1],"scale":[1.5,1.5,1.5],"shapeName":"/levels/west_coast_usa/art/shapes/objects/s_chainlink_old.dae","useInstanceRenderData":true}
{"class":"TSStatic","persistentId":"cecc0460-f44d-4a25-bc84-ef69c8b63e24","__parent":"entranceFence_roadSide","position":[-742.479492,-151.041718,99.3180847],"isRenderEnabled":false,"rotationMatrix":[0.892579675,0.450889677,-5.40914347e-17,-0.450889677,0.892579675,1.64527547e-16,1.22464685e-16,-1.22464685e-16,1],"scale":[1.5,1.5,1.5],"shapeName":"/levels/west_coast_usa/art/shapes/objects/s_chainlink_old.dae","useInstanceRenderData":true}
{"class":"TSStatic","persistentId":"96ee051b-c1a4-4991-9fd4-bfbac15b76a3","__parent":"entranceFence_roadSide","position":[-745.245361,-152.429031,99.3380051],"isRenderEnabled":false,"rotationMatrix":[0.89686203,0.442310393,-5.56665156e-17,-0.442310393,0.89686203,1.64001328e-16,1.22464672e-16,-1.22464685e-16,1],"scale":[1.5,1.5,1.5],"shapeName":"/levels/west_coast_usa/art/shapes/objects/s_chainlink_old.dae","useInstanceRenderData":true}
{"class":"TSStatic","persistentId":"471c4f6a-a5c8-48eb-bfa0-bbb232d4892f","__parent":"entranceFence_roadSide","position":[-748.034607,-153.768372,99.3242722],"isRenderEnabled":false,"rotationMatrix":[0.907675028,0.419673711,-5.97629258e-17,-0.419673711,0.907675028,1.62553339e-16,1.22464685e-16,-1.22464672e-16,1],"scale":[1.5,1.5,1.5],"shapeName":"/levels/west_coast_usa/art/shapes/objects/s_chainlink_old.dae","useInstanceRenderData":true}
{"class":"TSStatic","persistentId":"8c3895f7-ff91-4802-a3c1-5fbe1d09bcc4","__parent":"entranceFence_roadSide","position":[-750.860779,-155.027588,99.2982025],"isRenderEnabled":false,"rotationMatrix":[0.921669841,0.387975067,-6.53587563e-17,-0.387975067,0.921669841,1.60385252e-16,1.22464685e-16,-1.22464672e-16,1],"scale":[1.5,1.5,1.5],"shapeName":"/levels/west_coast_usa/art/shapes/objects/s_chainlink_old.dae","useInstanceRenderData":true}
{"class":"TSStatic","persistentId":"74024b59-936e-46ec-9a40-2d71c5df84fc","__parent":"entranceFence_roadSide","position":[-753.725281,-156.197601,99.299469],"isRenderEnabled":false,"rotationMatrix":[0.928846121,0.370465755,-6.83818764e-17,-0.370465755,0.928846121,1.59119811e-16,1.22464685e-16,-1.22464672e-16,1],"scale":[1.5,1.5,1.5],"shapeName":"/levels/west_coast_usa/art/shapes/objects/s_chainlink_old.dae","useInstanceRenderData":true}
{"class":"TSStatic","persistentId":"6ce64d89-1f93-4882-bceb-fb4815ba4617","__parent":"entranceFence_roadSide","position":[-756.625366,-157.276276,99.2999954],"isRenderEnabled":false,"rotationMatrix":[0.94223702,0.334946871,-7.43715905e-17,-0.334946871,0.94223702,1.56409914e-16,1.22464685e-16,-1.22464672e-16,1],"scale":[1.5,1.5,1.5],"shapeName":"/levels/west_coast_usa/art/shapes/objects/s_chainlink_old.dae","useInstanceRenderData":true}
{"class":"TSStatic","persistentId":"dd7e8fd1-dcfb-4313-bc34-944c44f78c46","__parent":"entranceFence_roadSide","position":[-759.549377,-158.288452,99.2999954],"isRenderEnabled":false,"rotationMatrix":[0.947107196,0.320917428,-7.66861279e-17,-0.320917428,0.947107196,1.55288218e-16,1.22464672e-16,-1.22464685e-16,1],"scale":[1.5,1.5,1.5],"shapeName":"/levels/west_coast_usa/art/shapes/objects/s_chainlink_old.dae","useInstanceRenderData":true}
{"class":"TSStatic","persistentId":"ac34393d-8bda-4e0f-824d-d87c9af9eba6","__parent":"entranceFence_roadSide","position":[-762.48822,-159.256897,99.2999954],"isRenderEnabled":false,"rotationMatrix":[0.950538635,0.31060639,-7.83690897e-17,-0.31060639,0.950538635,1.54445711e-16,1.22464672e-16,-1.22464685e-16,1],"scale":[1.5,1.5,1.5],"shapeName":"/levels/west_coast_usa/art/shapes/objects/s_chainlink_old.dae","useInstanceRenderData":true}
{"class":"TSStatic","persistentId":"0414405b-7c69-4629-80d6-a16a567fc4c6","__parent":"entranceFence_roadSide","position":[-765.43689,-160.195068,99.2999954],"isRenderEnabled":false,"rotationMatrix":[0.954801381,0.297244579,-8.05274885e-17,-0.297244579,0.954801381,1.53331413e-16,1.22464685e-16,-1.22464685e-16,1],"scale":[1.5,1.5,1.5],"shapeName":"/levels/west_coast_usa/art/shapes/objects/s_chainlink_old.dae","useInstanceRenderData":true}
{"class":"TSStatic","persistentId":"e8eb8f49-54bd-462b-81da-df8e8daefd78","__parent":"entranceFence_roadSide","position":[-768.391968,-161.113052,99.2999954],"isRenderEnabled":false,"rotationMatrix":[0.956064939,0.293155044,-8.11830523e-17,-0.293155044,0.956064939,1.52985334e-16,1.22464685e-16,-1.22464698e-16,1],"scale":[1.5,1.5,1.5],"shapeName":"/levels/west_coast_usa/art/shapes/objects/s_chainlink_old.dae","useInstanceRenderData":true}
{"class":"TSStatic","persistentId":"ff284ab9-a7af-4a7e-8832-0af3dc865022","__parent":"entranceFence_roadSide","position":[-771.350952,-162.018295,99.2999954],"isRenderEnabled":false,"rotationMatrix":[0.956903398,0.290406346,-8.16223447e-17,-0.290406346,0.956903398,1.52751394e-16,1.22464672e-16,-1.22464672e-16,1],"scale":[1.5,1.5,1.5],"shapeName":"/levels/west_coast_usa/art/shapes/objects/s_chainlink_old.dae","useInstanceRenderData":true}
{"class":"TSStatic","persistentId":"9b972559-fe21-450a-9799-a1b1a62182c9","__parent":"entranceFence_roadSide","position":[-774.312378,-162.915482,99.2999954],"isRenderEnabled":false,"rotationMatrix":[0.957366765,0.288875252,-8.18665946e-17,-0.288875252,0.957366765,1.5262062e-16,1.22464685e-16,-1.22464685e-16,1],"scale":[1.5,1.5,1.5],"shapeName":"/levels/west_coast_usa/art/shapes/objects/s_chainlink_old.dae","useInstanceRenderData":true}
{"class":"TSStatic","persistentId":"1a228ba4-143b-49ec-8810-54bdb51bcdbb","__parent":"entranceFence_roadSide","position":[-777.274902,-163.809021,99.2999954],"isRenderEnabled":false,"rotationMatrix":[0.957454622,0.288583905,-8.19130358e-17,-0.288583905,0.957454622,1.52595699e-16,1.22464685e-16,-1.22464672e-16,1],"scale":[1.5,1.5,1.5],"shapeName":"/levels/west_coast_usa/art/shapes/objects/s_chainlink_old.dae","useInstanceRenderData":true}
{"class":"TSStatic","persistentId":"99abf497-b383-4b62-8568-92b764094278","__parent":"entranceFence_roadSide","position":[-780.237122,-164.703552,99.2999954],"isRenderEnabled":false,"rotationMatrix":[0.957152665,0.289583743,-8.1753615e-17,-0.289583743,0.957152665,1.52681183e-16,1.22464685e-16,-1.22464685e-16,1],"scale":[1.5,1.5,1.5],"shapeName":"/levels/west_coast_usa/art/shapes/objects/s_chainlink_old.dae","useInstanceRenderData":true}
{"class":"TSStatic","persistentId":"1a981cf4-6747-421f-8901-43d901be4547","__parent":"entranceFence_roadSide","position":[-783.197266,-165.604843,99.2999954],"isRenderEnabled":false,"rotationMatrix":[0.956374645,0.292143017,-8.13449084e-17,-0.292143017,0.956374645,1.52899307e-16,1.22464672e-16,-1.22464672e-16,1],"scale":[1.5,1.5,1.5],"shapeName":"/levels/west_coast_usa/art/shapes/objects/s_chainlink_old.dae","useInstanceRenderData":true}
{"class":"TSStatic","persistentId":"49191859-ebc8-4568-994f-5a0f6c05a10b","__parent":"entranceFence_roadSide","position":[-786.158081,-166.504074,99.2999954],"isRenderEnabled":false,"rotationMatrix":[0.958331525,0.2856583,-8.23787121e-17,-0.2856583,0.958331525,1.52344831e-16,1.22464685e-16,-1.22464685e-16,1],"scale":[1.5,1.5,1.5],"shapeName":"/levels/west_coast_usa/art/shapes/objects/s_chainlink_old.dae","useInstanceRenderData":true}
{"class":"TSStatic","persistentId":"dffb8404-9927-4f0c-a487-eb0fcf41cf14","__parent":"entranceFence_roadSide","position":[-789.124817,-167.383484,99.2999954],"isRenderEnabled":false,"rotationMatrix":[0.959527433,0.281615198,-8.30202998e-17,-0.281615198,0.959527433,1.51996132e-16,1.22464672e-16,-1.22464672e-16,1],"scale":[1.5,1.5,1.5],"shapeName":"/levels/west_coast_usa/art/shapes/objects/s_chainlink_old.dae","useInstanceRenderData":true}
