{"class":"TSStatic","persistentId":"b5c49e44-3bd3-40dd-af14-a0deeb45609d","__parent":"entranceFence_roadSide","position":[-729.899841,-143.777557,99.1373215],"isRenderEnabled":false,"rotationMatrix":[-0.855487227,-0.516798794,-0.0325575434,0.517072856,-0.855941057,9.31322575e-10,-0.027867347,-0.0168346241,0.999469876],"shapeName":"/art/shapes/objects/s_scrap_fence_end_5.dae","useInstanceRenderData":true}
{"class":"TSStatic","persistentId":"87e69c2d-ba1b-42bc-b0d9-6d85a592d60c","__parent":"entranceFence_roadSide","position":[-747.838562,-152.72612,99.327507],"isRenderEnabled":false,"rotationMatrix":[-0.907675028,-0.419673711,5.97629258e-17,0.419673711,-0.907675028,-1.62553339e-16,1.22464685e-16,-1.22464672e-16,1],"shapeName":"/art/shapes/objects/s_scrap_fence_end_5.dae","useInstanceRenderData":true}
{"class":"TSStatic","persistentId":"c2e6a288-676b-42c0-9635-a34ec9da61b6","__parent":"entranceFence_roadSide","position":[-766.624756,-159.682541,99.2999954],"isRenderEnabled":false,"rotationMatrix":[-0.95480144,-0.297244579,8.05274885e-17,0.297244579,-0.95480144,-1.53331413e-16,1.22464685e-16,-1.22464685e-16,1],"shapeName":"/art/shapes/objects/s_scrap_fence_end_5.dae","useInstanceRenderData":true}
{"class":"TSStatic","persistentId":"32cdaa67-4ab3-449a-b4c0-343538367ee4","__parent":"entranceFence_roadSide","position":[-785.809753,-165.478836,99.3405609],"isRenderEnabled":false,"rotationMatrix":[-0.956724524,-0.290995061,8.15283505e-17,0.290995061,-0.956724524,-1.52801581e-16,1.22464685e-16,-1.22464672e-16,1],"shapeName":"/art/shapes/objects/s_scrap_fence_end_5.dae","useInstanceRenderData":true}
{"class":"TSStatic","persistentId":"2fdc7f16-79a7-40c0-abf0-d20482907f8b","__parent":"entranceFence_roadSide","position":[-805.015869,-171.195938,99.5557327],"isRenderEnabled":false,"rotationMatrix":[-0.951198578,-0.308579534,7.86981289e-17,0.308579534,-0.951198578,-1.54278316e-16,1.22464672e-16,-1.22464685e-16,1],"shapeName":"/art/shapes/objects/s_scrap_fence_end_5.dae","useInstanceRenderData":true}
{"class":"TSStatic","persistentId":"d40e3694-2f9a-49d6-b378-014d04a02460","__parent":"entranceFence_roadSide","position":[-823.754883,-178.190918,99.4857941],"isRenderEnabled":false,"rotationMatrix":[-0.903337479,-0.428931206,5.80979832e-17,0.428931206,-0.903337479,-1.63155817e-16,1.22464685e-16,-1.22464672e-16,1],"shapeName":"/art/shapes/objects/s_scrap_fence_end_5.dae","useInstanceRenderData":true}
{"class":"TSStatic","persistentId":"e4833510-71d0-454c-a10f-7d2d4d5b97fb","__parent":"entranceFence_roadSide","position":[-838.841187,-191.470993,99.5826035],"isRenderEnabled":false,"rotationMatrix":[-0.64046216,-0.767989874,-1.56176563e-17,0.767989874,-0.64046216,-1.72485594e-16,1.22464659e-16,-1.22464672e-16,1],"shapeName":"/art/shapes/objects/s_scrap_fence_end_5.dae","useInstanceRenderData":true}
{"class":"TSStatic","persistentId":"2f86a9a4-2abc-43da-969d-85b5d54850a1","__parent":"entranceFence_roadSide","position":[-849.703369,-208.339096,99.5676956],"isRenderEnabled":false,"rotationMatrix":[-0.531518459,-0.847046196,-3.86409681e-17,0.847046196,-0.531518459,-1.68825512e-16,1.22464646e-16,-1.22464646e-16,1],"shapeName":"/art/shapes/objects/s_scrap_fence_end_5.dae","useInstanceRenderData":true}
{"class":"TSStatic","persistentId":"98f67c1a-47ca-4683-9a7f-3f03b63125f2","__parent":"entranceFence_roadSide","position":[-860.193237,-225.403824,99.6871414],"isRenderEnabled":false,"rotationMatrix":[-0.509664893,-0.86037308,-4.29493648e-17,0.86037308,-0.509664893,-1.67781252e-16,1.22464685e-16,-1.22464672e-16,1],"shapeName":"/art/shapes/objects/s_scrap_fence_end_5.dae","useInstanceRenderData":true}
{"class":"TSStatic","persistentId":"e0bdb6b1-a715-4beb-940b-a6035377b5cb","__parent":"entranceFence_roadSide","position":[-870.239197,-242.744095,99.7343674],"isRenderEnabled":false,"rotationMatrix":[-0.498863459,-0.866680562,-4.50445868e-17,0.866680562,-0.498863459,-1.67230919e-16,1.22464672e-16,-1.22464672e-16,1],"shapeName":"/art/shapes/objects/s_scrap_fence_end_5.dae","useInstanceRenderData":true}
{"class":"TSStatic","persistentId":"db7c0e97-6afb-4bf4-8983-c6e09a64a067","__parent":"entranceFence_roadSide","position":[-880.422607,-260.005341,99.7608566],"isRenderEnabled":false,"rotationMatrix":[-0.523959994,-0.851742804,-4.01418079e-17,0.851742804,-0.523959994,-1.68475012e-16,1.22464685e-16,-1.22464685e-16,1],"shapeName":"/art/shapes/objects/s_scrap_fence_end_5.dae","useInstanceRenderData":true}
{"class":"TSStatic","persistentId":"bc96fb41-d05b-46db-a74b-44b8b5436b07","__parent":"entranceFence_roadSide","position":[-891.541321,-276.674164,99.7467728],"isRenderEnabled":false,"rotationMatrix":[-0.602362275,-0.797483683,-0.0343346521,0.797954202,-0.602717757,0,-0.0206941105,-0.0273974836,0.999410391],"shapeName":"/art/shapes/objects/s_scrap_fence_end_5.dae","useInstanceRenderData":true}
{"class":"TSStatic","persistentId":"b2151026-348e-44af-a9d3-90e8228ca902","__parent":"entranceFence_roadSide","position":[-905.646118,-290.844208,99.193985],"isRenderEnabled":false,"rotationMatrix":[-0.793981433,-0.607768714,-0.0145009998,0.607832611,-0.794064879,4.65661287e-10,-0.0115147382,-0.00881418213,0.999894857],"shapeName":"/art/shapes/objects/s_scrap_fence_end_5.dae","useInstanceRenderData":true}
{"class":"TSStatic","persistentId":"ca8eb4ca-a947-4857-8a45-d6d88ea63370","__parent":"entranceFence_roadSide","position":[-750.98877,-154.21109,99.3139267],"isRenderEnabled":false,"rotationMatrix":[-0.914496183,-0.404594511,6.24449431e-17,0.404594511,-0.914496183,-1.61542021e-16,1.22464685e-16,-1.22464685e-16,1],"shapeName":"/art/shapes/objects/s_scrap_fence_35_a.dae","useInstanceRenderData":true}
{"class":"TSStatic","persistentId":"bb0d95ec-f92d-48a6-8a2d-02769c003b23","__parent":"entranceFence_roadSide","position":[-809.934631,-172.775253,99.4793701],"isRenderEnabled":false,"rotationMatrix":[-0.950821519,-0.309445739,0.0134708881,0.309473813,-0.950907707,0,0.0128095746,0.00416888762,0.999909282],"shapeName":"/art/shapes/objects/s_scrap_fence_35_a.dae","useInstanceRenderData":true}
{"class":"TSStatic","persistentId":"70ca2d22-a31d-4f07-90cd-52cd4fb8eed9","__parent":"entranceFence_roadSide","position":[-854.181091,-215.519592,99.6218719],"isRenderEnabled":false,"rotationMatrix":[-0.531933784,-0.846541643,0.0203249194,0.846716523,-0.532043695,0,0.0108137522,0.0172094479,0.99979341],"shapeName":"/art/shapes/objects/s_scrap_fence_35_a.dae","useInstanceRenderData":true}
{"class":"TSStatic","persistentId":"03f1ffad-bffd-4390-a369-4bebe94e6f6c","__parent":"entranceFence_roadSide","position":[-886.79187,-270.001373,99.7732697],"isRenderEnabled":false,"rotationMatrix":[-0.554937243,-0.831892252,-3.39172142e-17,0.831892252,-0.554937243,-1.69837623e-16,1.22464685e-16,-1.22464685e-16,1],"shapeName":"/art/shapes/objects/s_scrap_fence_35_a.dae","useInstanceRenderData":true}
{"class":"TSStatic","persistentId":"10cb1c78-5b87-4cdd-8ab8-e1321e9b193f","__parent":"entranceFence_roadSide","position":[-734.338379,-146.061966,99.0654144],"isRenderEnabled":false,"rotationMatrix":[-0.889968038,-0.455884457,-0.0112598911,0.455913365,-0.890024543,4.65661287e-10,-0.0100215748,-0.00513353385,0.999936581],"shapeName":"/art/shapes/objects/s_scrap_fence_5.dae","useInstanceRenderData":true}
{"class":"TSStatic","persistentId":"bbf9795f-c3b1-4029-bc31-ff64fd3d9c42","__parent":"entranceFence_roadSide","position":[-761.863098,-158.134979,99.2999954],"isRenderEnabled":false,"rotationMatrix":[-0.950538516,-0.31060639,7.83690897e-17,0.31060639,-0.950538516,-1.54445711e-16,1.22464672e-16,-1.22464685e-16,1],"shapeName":"/art/shapes/objects/s_scrap_fence_5.dae","useInstanceRenderData":true}
{"class":"TSStatic","persistentId":"987dd036-060a-45ad-8da2-5d801f42c0ea","__parent":"entranceFence_roadSide","position":[-790.501099,-166.879807,99.4530029],"isRenderEnabled":false,"rotationMatrix":[-0.960301042,-0.27896601,8.34394686e-17,0.27896601,-0.960301042,-1.5176644e-16,1.22464685e-16,-1.22464685e-16,1],"shapeName":"/art/shapes/objects/s_scrap_fence_5.dae","useInstanceRenderData":true}
{"class":"TSStatic","persistentId":"3f739907-9fda-44b9-b818-f5d6b3f30590","__parent":"entranceFence_roadSide","position":[-819.049255,-176.084656,99.4586258],"isRenderEnabled":false,"rotationMatrix":[-0.938327432,-0.34574765,7.2570097e-17,0.34574765,-0.938327432,-1.57253837e-16,1.22464659e-16,-1.22464659e-16,1],"shapeName":"/art/shapes/objects/s_scrap_fence_5.dae","useInstanceRenderData":true}
{"class":"TSStatic","persistentId":"7d549ca8-72e4-4565-a575-0f16f2c2d3b5","__parent":"entranceFence_roadSide","position":[-841.459473,-195.535721,99.6857681],"isRenderEnabled":false,"rotationMatrix":[-0.567294717,-0.823514879,-3.13779286e-17,0.823514879,-0.567294717,-1.70325064e-16,1.22464685e-16,-1.22464685e-16,1],"shapeName":"/art/shapes/objects/s_scrap_fence_5.dae","useInstanceRenderData":true}
{"class":"TSStatic","persistentId":"f2335368-107f-4cd2-946c-a344e1601333","__parent":"entranceFence_roadSide","position":[-857.470459,-220.90036,99.5879364],"isRenderEnabled":false,"rotationMatrix":[-0.517205954,-0.855861008,-4.14732907e-17,0.855861008,-0.517205954,-1.68152213e-16,1.22464685e-16,-1.22464685e-16,1],"shapeName":"/art/shapes/objects/s_scrap_fence_5.dae","useInstanceRenderData":true}
{"class":"TSStatic","persistentId":"0eb16a04-fe84-40a2-8b9e-62e87cd8704b","__parent":"entranceFence_roadSide","position":[-872.590332,-246.826889,99.7669601],"isRenderEnabled":false,"rotationMatrix":[0.478557706,0.878056169,4.89244741e-17,-0.878056169,0.478557706,1.66137254e-16,1.22464646e-16,-1.22464712e-16,1],"shapeName":"/art/shapes/objects/s_scrap_fence_5.dae","useInstanceRenderData":true}
{"class":"TSStatic","persistentId":"5fdf95be-4864-4744-8a52-d1cf3b219a05","__parent":"entranceFence_roadSide","position":[-895.688782,-281.934845,99.4827881],"isRenderEnabled":false,"rotationMatrix":[0.689868331,0.723797381,0.0141043458,-0.723869383,0.689936996,-4.65661287e-10,-0.00973111019,-0.0102097057,0.99990052],"shapeName":"/art/shapes/objects/s_scrap_fence_5.dae","useInstanceRenderData":true}
{"class":"TSStatic","persistentId":"71f913d7-504c-419e-bbcc-2a62f30d1a9d","__parent":"entranceFence_roadSide","position":[-910.734985,-294.643951,99.2467728],"isRenderEnabled":false,"rotationMatrix":[-0.807199001,-0.589939833,0.0200170707,0.590058088,-0.807360768,4.65661287e-10,0.0161609966,0.0118112341,0.999799609],"shapeName":"/art/shapes/objects/s_scrap_fence_5.dae","useInstanceRenderData":true}
{"class":"TSStatic","persistentId":"1fb98087-d94b-472b-a62d-18a13f48bc37","__parent":"entranceFence_roadSide","position":[-722.275757,-136.590134,99.5407486],"isRenderEnabled":false,"rotationMatrix":[0.544054508,0.838432193,0.0321904272,-0.838866949,0.544336677,-9.31322575e-10,-0.0175224319,-0.0270034783,0.999481738],"scale":[1.5,1.5,1.5],"shapeName":"/levels/west_coast_usa/art/shapes/objects/s_chainlink_old.dae","useInstanceRenderData":true}
{"class":"TSStatic","persistentId":"aa2bf6fd-c3a5-476a-a4ab-f8dc76849b64","__parent":"entranceFence_roadSide","position":[-723.972473,-139.170563,99.3600082],"isRenderEnabled":false,"rotationMatrix":[0.712265432,0.701437652,0.0257543493,-0.701670349,0.712501764,0,-0.0183500219,-0.018071061,0.9996683],"scale":[1.5,1.5,1.5],"shapeName":"/levels/west_coast_usa/art/shapes/objects/s_chainlink_old.dae","useInstanceRenderData":true}
{"class":"TSStatic","persistentId":"541abe46-9953-4a73-8113-3001542ff6f1","__parent":"entranceFence_roadSide","position":[-726.381836,-141.316833,99.1477585],"isRenderEnabled":false,"rotationMatrix":[0.801875412,0.597491324,-2.50298302e-17,-0.597491324,0.801875412,1.7137299e-16,1.22464685e-16,-1.22464672e-16,1],"scale":[1.5,1.5,1.5],"shapeName":"/levels/west_coast_usa/art/shapes/objects/s_chainlink_old.dae","useInstanceRenderData":true}
{"class":"TSStatic","persistentId":"7e574d50-abf8-4f4c-90c9-8a744e6c9d0c","__parent":"entranceFence_roadSide","position":[-728.956238,-143.029663,99.1329422],"isRenderEnabled":false,"rotationMatrix":[0.85988003,0.51049614,-4.27871778e-17,-0.51049614,0.85988003,1.67822678e-16,1.22464672e-16,-1.22464672e-16,1],"scale":[1.5,1.5,1.5],"shapeName":"/levels/west_coast_usa/art/shapes/objects/s_chainlink_old.dae","useInstanceRenderData":true}
{"class":"TSStatic","persistentId":"de30409c-8226-49f8-84c5-8899da83d45d","__parent":"entranceFence_roadSide","position":[-731.648438,-144.553925,99.1760178],"isRenderEnabled":false,"rotationMatrix":[0.881727576,0.471758932,-5.02066703e-17,-0.471758932,0.881727576,1.65754289e-16,1.22464672e-16,-1.22464685e-16,1],"scale":[1.5,1.5,1.5],"shapeName":"/levels/west_coast_usa/art/shapes/objects/s_chainlink_old.dae","useInstanceRenderData":true}
{"class":"TSStatic","persistentId":"560ff9d0-d98a-4c9d-88cb-27fa04aa5d99","__parent":"entranceFence_roadSide","position":[-734.387451,-145.990829,99.2628784],"isRenderEnabled":false,"rotationMatrix":[0.890024245,0.455913246,-5.31632619e-17,-0.455913246,0.890024245,1.64829793e-16,1.22464685e-16,-1.22464672e-16,1],"scale":[1.5,1.5,1.5],"shapeName":"/levels/west_coast_usa/art/shapes/objects/s_chainlink_old.dae","useInstanceRenderData":true}
{"class":"TSStatic","persistentId":"27dd59cd-33d9-4e1f-bead-dbb465f21442","__parent":"entranceFence_roadSide","position":[-737.151184,-147.381592,99.3062134],"isRenderEnabled":false,"rotationMatrix":[0.895327151,0.445409149,-5.50990697e-17,-0.445409149,0.895327151,1.64192837e-16,1.22464685e-16,-1.22464685e-16,1],"scale":[1.5,1.5,1.5],"shapeName":"/levels/west_coast_usa/art/shapes/objects/s_chainlink_old.dae","useInstanceRenderData":true}
{"class":"TSStatic","persistentId":"7c92c2f3-131c-49e9-a2cf-4e1f9c379c31","__parent":"entranceFence_roadSide","position":[-739.928589,-148.745667,99.3000259],"isRenderEnabled":false,"rotationMatrix":[0.896719337,0.442599595,-5.5613629e-17,-0.442599595,0.896719337,1.64019275e-16,1.22464672e-16,-1.22464685e-16,1],"scale":[1.5,1.5,1.5],"shapeName":"/levels/west_coast_usa/art/shapes/objects/s_chainlink_old.dae","useInstanceRenderData":true}
{"class":"TSStatic","persistentId":"cecc0460-f44d-4a25-bc84-ef69c8b63e24","__parent":"entranceFence_roadSide","position":[-742.697693,-150.126373,99.3180847],"isRenderEnabled":false,"rotationMatrix":[0.892579675,0.450889677,-5.40914347e-17,-0.450889677,0.892579675,1.64527547e-16,1.22464685e-16,-1.22464685e-16,1],"scale":[1.5,1.5,1.5],"shapeName":"/levels/west_coast_usa/art/shapes/objects/s_chainlink_old.dae","useInstanceRenderData":true}
{"class":"TSStatic","persistentId":"96ee051b-c1a4-4991-9fd4-bfbac15b76a3","__parent":"entranceFence_roadSide","position":[-745.463562,-151.513687,99.3380051],"isRenderEnabled":false,"rotationMatrix":[0.89686203,0.442310393,-5.56665156e-17,-0.442310393,0.89686203,1.64001328e-16,1.22464672e-16,-1.22464685e-16,1],"scale":[1.5,1.5,1.5],"shapeName":"/levels/west_coast_usa/art/shapes/objects/s_chainlink_old.dae","useInstanceRenderData":true}
{"class":"TSStatic","persistentId":"471c4f6a-a5c8-48eb-bfa0-bbb232d4892f","__parent":"entranceFence_roadSide","position":[-748.252808,-152.853027,99.3242722],"isRenderEnabled":false,"rotationMatrix":[0.907675028,0.419673711,-5.97629258e-17,-0.419673711,0.907675028,1.62553339e-16,1.22464685e-16,-1.22464672e-16,1],"scale":[1.5,1.5,1.5],"shapeName":"/levels/west_coast_usa/art/shapes/objects/s_chainlink_old.dae","useInstanceRenderData":true}
{"class":"TSStatic","persistentId":"8c3895f7-ff91-4802-a3c1-5fbe1d09bcc4","__parent":"entranceFence_roadSide","position":[-751.078979,-154.112244,99.2982025],"isRenderEnabled":false,"rotationMatrix":[0.921669841,0.387975067,-6.53587563e-17,-0.387975067,0.921669841,1.60385252e-16,1.22464685e-16,-1.22464672e-16,1],"scale":[1.5,1.5,1.5],"shapeName":"/levels/west_coast_usa/art/shapes/objects/s_chainlink_old.dae","useInstanceRenderData":true}
{"class":"TSStatic","persistentId":"74024b59-936e-46ec-9a40-2d71c5df84fc","__parent":"entranceFence_roadSide","position":[-753.943481,-155.282257,99.299469],"isRenderEnabled":false,"rotationMatrix":[0.928846121,0.370465755,-6.83818764e-17,-0.370465755,0.928846121,1.59119811e-16,1.22464685e-16,-1.22464672e-16,1],"scale":[1.5,1.5,1.5],"shapeName":"/levels/west_coast_usa/art/shapes/objects/s_chainlink_old.dae","useInstanceRenderData":true}
{"class":"TSStatic","persistentId":"6ce64d89-1f93-4882-bceb-fb4815ba4617","__parent":"entranceFence_roadSide","position":[-756.843567,-156.360931,99.2999954],"isRenderEnabled":false,"rotationMatrix":[0.94223702,0.334946871,-7.43715905e-17,-0.334946871,0.94223702,1.56409914e-16,1.22464685e-16,-1.22464672e-16,1],"scale":[1.5,1.5,1.5],"shapeName":"/levels/west_coast_usa/art/shapes/objects/s_chainlink_old.dae","useInstanceRenderData":true}
{"class":"TSStatic","persistentId":"dd7e8fd1-dcfb-4313-bc34-944c44f78c46","__parent":"entranceFence_roadSide","position":[-759.767578,-157.373108,99.2999954],"isRenderEnabled":false,"rotationMatrix":[0.947107196,0.320917428,-7.66861279e-17,-0.320917428,0.947107196,1.55288218e-16,1.22464672e-16,-1.22464685e-16,1],"scale":[1.5,1.5,1.5],"shapeName":"/levels/west_coast_usa/art/shapes/objects/s_chainlink_old.dae","useInstanceRenderData":true}
{"class":"TSStatic","persistentId":"ac34393d-8bda-4e0f-824d-d87c9af9eba6","__parent":"entranceFence_roadSide","position":[-762.706421,-158.341553,99.2999954],"isRenderEnabled":false,"rotationMatrix":[0.950538635,0.31060639,-7.83690897e-17,-0.31060639,0.950538635,1.54445711e-16,1.22464672e-16,-1.22464685e-16,1],"scale":[1.5,1.5,1.5],"shapeName":"/levels/west_coast_usa/art/shapes/objects/s_chainlink_old.dae","useInstanceRenderData":true}
{"class":"TSStatic","persistentId":"0414405b-7c69-4629-80d6-a16a567fc4c6","__parent":"entranceFence_roadSide","position":[-765.65509,-159.279724,99.2999954],"isRenderEnabled":false,"rotationMatrix":[0.954801381,0.297244579,-8.05274885e-17,-0.297244579,0.954801381,1.53331413e-16,1.22464685e-16,-1.22464685e-16,1],"scale":[1.5,1.5,1.5],"shapeName":"/levels/west_coast_usa/art/shapes/objects/s_chainlink_old.dae","useInstanceRenderData":true}
{"class":"TSStatic","persistentId":"e8eb8f49-54bd-462b-81da-df8e8daefd78","__parent":"entranceFence_roadSide","position":[-768.610168,-160.197708,99.2999954],"isRenderEnabled":false,"rotationMatrix":[0.956064939,0.293155044,-8.11830523e-17,-0.293155044,0.956064939,1.52985334e-16,1.22464685e-16,-1.22464698e-16,1],"scale":[1.5,1.5,1.5],"shapeName":"/levels/west_coast_usa/art/shapes/objects/s_chainlink_old.dae","useInstanceRenderData":true}
{"class":"TSStatic","persistentId":"ff284ab9-a7af-4a7e-8832-0af3dc865022","__parent":"entranceFence_roadSide","position":[-771.569153,-161.102951,99.2999954],"isRenderEnabled":false,"rotationMatrix":[0.956903398,0.290406346,-8.16223447e-17,-0.290406346,0.956903398,1.52751394e-16,1.22464672e-16,-1.22464672e-16,1],"scale":[1.5,1.5,1.5],"shapeName":"/levels/west_coast_usa/art/shapes/objects/s_chainlink_old.dae","useInstanceRenderData":true}
{"class":"TSStatic","persistentId":"9b972559-fe21-450a-9799-a1b1a62182c9","__parent":"entranceFence_roadSide","position":[-774.530579,-162.000137,99.2999954],"isRenderEnabled":false,"rotationMatrix":[0.957366765,0.288875252,-8.18665946e-17,-0.288875252,0.957366765,1.5262062e-16,1.22464685e-16,-1.22464685e-16,1],"scale":[1.5,1.5,1.5],"shapeName":"/levels/west_coast_usa/art/shapes/objects/s_chainlink_old.dae","useInstanceRenderData":true}
{"class":"TSStatic","persistentId":"1a228ba4-143b-49ec-8810-54bdb51bcdbb","__parent":"entranceFence_roadSide","position":[-777.493103,-162.893677,99.2999954],"isRenderEnabled":false,"rotationMatrix":[0.957454622,0.288583905,-8.19130358e-17,-0.288583905,0.957454622,1.52595699e-16,1.22464685e-16,-1.22464672e-16,1],"scale":[1.5,1.5,1.5],"shapeName":"/levels/west_coast_usa/art/shapes/objects/s_chainlink_old.dae","useInstanceRenderData":true}
{"class":"TSStatic","persistentId":"99abf497-b383-4b62-8568-92b764094278","__parent":"entranceFence_roadSide","position":[-780.455322,-163.788208,99.2999954],"isRenderEnabled":false,"rotationMatrix":[0.957152665,0.289583743,-8.1753615e-17,-0.289583743,0.957152665,1.52681183e-16,1.22464685e-16,-1.22464685e-16,1],"scale":[1.5,1.5,1.5],"shapeName":"/levels/west_coast_usa/art/shapes/objects/s_chainlink_old.dae","useInstanceRenderData":true}
{"class":"TSStatic","persistentId":"1a981cf4-6747-421f-8901-43d901be4547","__parent":"entranceFence_roadSide","position":[-783.415466,-164.689499,99.2999954],"isRenderEnabled":false,"rotationMatrix":[0.956374645,0.292143017,-8.13449084e-17,-0.292143017,0.956374645,1.52899307e-16,1.22464672e-16,-1.22464672e-16,1],"scale":[1.5,1.5,1.5],"shapeName":"/levels/west_coast_usa/art/shapes/objects/s_chainlink_old.dae","useInstanceRenderData":true}
{"class":"TSStatic","persistentId":"49191859-ebc8-4568-994f-5a0f6c05a10b","__parent":"entranceFence_roadSide","position":[-786.376282,-165.58873,99.2999954],"isRenderEnabled":false,"rotationMatrix":[0.958331525,0.2856583,-8.23787121e-17,-0.2856583,0.958331525,1.52344831e-16,1.22464685e-16,-1.22464685e-16,1],"scale":[1.5,1.5,1.5],"shapeName":"/levels/west_coast_usa/art/shapes/objects/s_chainlink_old.dae","useInstanceRenderData":true}
{"class":"TSStatic","persistentId":"dffb8404-9927-4f0c-a487-eb0fcf41cf14","__parent":"entranceFence_roadSide","position":[-789.343018,-166.46814,99.2999954],"isRenderEnabled":false,"rotationMatrix":[0.959527433,0.281615198,-8.30202998e-17,-0.281615198,0.959527433,1.51996132e-16,1.22464672e-16,-1.22464672e-16,1],"scale":[1.5,1.5,1.5],"shapeName":"/levels/west_coast_usa/art/shapes/objects/s_chainlink_old.dae","useInstanceRenderData":true}
{"class":"TSStatic","persistentId":"f2036765-653d-45be-b806-5b535740e802","__parent":"entranceFence_roadSide","position":[-792.31366,-167.334351,99.2999954],"isRenderEnabled":false,"rotationMatrix":[0.960300982,0.27896601,-8.34394686e-17,-0.27896601,0.960300982,1.5176644e-16,1.22464685e-16,-1.22464685e-16,1],"scale":[1.5,1.5,1.5],"shapeName":"/levels/west_coast_usa/art/shapes/objects/s_chainlink_old.dae","useInstanceRenderData":true}
{"class":"TSStatic","persistentId":"e94de4cb-b3e5-4e9d-9502-b0df662c08dd","__parent":"entranceFence_roadSide","position":[-795.286072,-168.194443,99.2999954],"isRenderEnabled":false,"rotationMatrix":[0.960522413,0.278202653,-8.35600716e-17,-0.278202653,0.960522413,1.5170008e-16,1.22464685e-16,-1.22464685e-16,1],"scale":[1.5,1.5,1.5],"shapeName":"/levels/west_coast_usa/art/shapes/objects/s_chainlink_old.dae","useInstanceRenderData":true}
{"class":"TSStatic","persistentId":"dbbec079-1c5b-4b09-90df-15c9a13ad08e","__parent":"entranceFence_roadSide","position":[-798.257202,-169.058929,99.2999954],"isRenderEnabled":false,"rotationMatrix":[0.959906399,0.280320764,-8.32252355e-17,-0.280320764,0.959906399,1.51884019e-16,1.22464685e-16,-1.22464685e-16,1],"scale":[1.5,1.5,1.5],"shapeName":"/levels/west_coast_usa/art/shapes/objects/s_chainlink_old.dae","useInstanceRenderData":true}
{"class":"TSStatic","persistentId":"fadabd99-f4c4-443e-83d6-73b873dfca6d","__parent":"entranceFence_roadSide","position":[-801.2229,-169.941849,99.2999954],"isRenderEnabled":false,"rotationMatrix":[0.956956089,0.290232748,-8.16500652e-17,-0.290232748,0.956956089,1.52736571e-16,1.22464685e-16,-1.22464672e-16,1],"scale":[1.5,1.5,1.5],"shapeName":"/levels/west_coast_usa/art/shapes/objects/s_chainlink_old.dae","useInstanceRenderData":true}
{"class":"TSStatic","persistentId":"4371e222-14b1-482f-bd10-e01dba1aedc9","__parent":"entranceFence_roadSide","position":[-804.17926,-170.855515,99.2999954],"isRenderEnabled":false,"rotationMatrix":[0.951198518,0.308579534,-7.86981289e-17,-0.308579534,0.951198518,1.54278316e-16,1.22464672e-16,-1.22464685e-16,1],"scale":[1.5,1.5,1.5],"shapeName":"/levels/west_coast_usa/art/shapes/objects/s_chainlink_old.dae","useInstanceRenderData":true}
{"class":"TSStatic","persistentId":"af0d37e6-c2f2-4763-9c28-b6b3d6542a57","__parent":"entranceFence_roadSide","position":[-807.121155,-171.81485,99.2999954],"isRenderEnabled":false,"rotationMatrix":[0.950048983,0.312100768,-7.81261368e-17,-0.312100768,0.950048983,1.54568769e-16,1.22464685e-16,-1.22464685e-16,1],"scale":[1.5,1.5,1.5],"shapeName":"/levels/west_coast_usa/art/shapes/objects/s_chainlink_old.dae","useInstanceRenderData":true}
{"class":"TSStatic","persistentId":"a45ae22d-4656-407e-9bf0-39ae92ec2b08","__parent":"entranceFence_roadSide","position":[-810.06311,-172.773193,99.3099518],"isRenderEnabled":false,"rotationMatrix":[0.950907946,0.309473902,-7.8553015e-17,-0.309473902,0.950907946,1.54352273e-16,1.22464685e-16,-1.22464685e-16,1],"scale":[1.5,1.5,1.5],"shapeName":"/levels/west_coast_usa/art/shapes/objects/s_chainlink_old.dae","useInstanceRenderData":true}
{"class":"TSStatic","persistentId":"1a6eb9e9-84aa-4edf-b04d-646bac69ad69","__parent":"entranceFence_roadSide","position":[-813.000305,-173.746002,99.310379],"isRenderEnabled":false,"rotationMatrix":[0.946852505,0.321668088,-7.65630037e-17,-0.321668088,0.946852505,1.55348966e-16,1.22464685e-16,-1.22464685e-16,1],"scale":[1.5,1.5,1.5],"shapeName":"/levels/west_coast_usa/art/shapes/objects/s_chainlink_old.dae","useInstanceRenderData":true}
{"class":"TSStatic","persistentId":"9196b6d4-709b-4c53-ac37-55247d559772","__parent":"entranceFence_roadSide","position":[-815.91571,-174.781906,99.3069992],"isRenderEnabled":false,"rotationMatrix":[0.93645823,0.350779027,-7.17250162e-17,-0.350779027,0.93645823,1.57641103e-16,1.22464672e-16,-1.22464672e-16,1],"scale":[1.5,1.5,1.5],"shapeName":"/levels/west_coast_usa/art/shapes/objects/s_chainlink_old.dae","useInstanceRenderData":true}
{"class":"TSStatic","persistentId":"046c35ac-2a01-42bc-bc18-41d154929d92","__parent":"entranceFence_roadSide","position":[-818.838501,-175.815369,99.301384],"isRenderEnabled":false,"rotationMatrix":[0.917886496,0.396842957,-6.38094404e-17,-0.396842957,0.917886496,1.61007927e-16,1.22464685e-16,-1.22464672e-16,1],"scale":[1.5,1.5,1.5],"shapeName":"/levels/west_coast_usa/art/shapes/objects/s_chainlink_old.dae","useInstanceRenderData":true}
{"class":"TSStatic","persistentId":"cc4a53b4-ff0d-4408-802f-5442b87cf272","__parent":"entranceFence_roadSide","position":[-821.65863,-177.112732,99.2999954],"isRenderEnabled":false,"rotationMatrix":[0.889458001,0.457016915,-5.29587564e-17,-0.457016915,0.889458001,1.64895623e-16,1.22464685e-16,-1.22464672e-16,1],"scale":[1.5,1.5,1.5],"shapeName":"/levels/west_coast_usa/art/shapes/objects/s_chainlink_old.dae","useInstanceRenderData":true}
{"class":"TSStatic","persistentId":"bb731bed-1b3f-440c-87ed-f46ebba9ed01","__parent":"entranceFence_roadSide","position":[-824.4245,-178.539673,99.2999954],"isRenderEnabled":false,"rotationMatrix":[0.856613159,0.515959144,-4.17180766e-17,-0.515959144,0.856613159,1.68091624e-16,1.22464672e-16,-1.22464685e-16,1],"scale":[1.5,1.5,1.5],"shapeName":"/levels/west_coast_usa/art/shapes/objects/s_chainlink_old.dae","useInstanceRenderData":true}
{"class":"TSStatic","persistentId":"1f067378-22d6-49c9-8c2c-a8a226aa32d8","__parent":"entranceFence_roadSide","position":[-827.078552,-180.194565,99.2999954],"isRenderEnabled":false,"rotationMatrix":[0.808463216,0.588546693,-2.69319949e-17,-0.588546693,0.808463216,1.71084363e-16,1.22464672e-16,-1.22464672e-16,1],"scale":[1.5,1.5,1.5],"shapeName":"/levels/west_coast_usa/art/shapes/objects/s_chainlink_old.dae","useInstanceRenderData":true}
{"class":"TSStatic","persistentId":"1e9622ef-2d49-4495-8467-4bbe255305a6","__parent":"entranceFence_roadSide","position":[-829.565247,-182.071594,99.2999954],"isRenderEnabled":false,"rotationMatrix":[0.777858973,0.62843889,-1.82986877e-17,-0.62843889,0.777858973,1.72221809e-16,1.22464672e-16,-1.22464659e-16,1],"scale":[1.5,1.5,1.5],"shapeName":"/levels/west_coast_usa/art/shapes/objects/s_chainlink_old.dae","useInstanceRenderData":true}
{"class":"TSStatic","persistentId":"91240a69-ca30-4fc2-908e-044b1af34e3f","__parent":"entranceFence_roadSide","position":[-831.926086,-184.100647,99.2999954],"isRenderEnabled":false,"rotationMatrix":[0.749223828,0.662316918,-1.06430285e-17,-0.662316918,0.749223828,1.72863887e-16,1.22464685e-16,-1.22464685e-16,1],"scale":[1.5,1.5,1.5],"shapeName":"/levels/west_coast_usa/art/shapes/objects/s_chainlink_old.dae","useInstanceRenderData":true}
{"class":"TSStatic","persistentId":"6916dfc9-8b6f-40d6-852e-7ffec5c5131e","__parent":"entranceFence_roadSide","position":[-834.228699,-186.206467,99.2999954],"isRenderEnabled":false,"rotationMatrix":[0.70819068,0.70602119,-2.65683795e-19,-0.70602119,0.70819068,1.73191e-16,1.22464685e-16,-1.22464685e-16,1],"scale":[1.5,1.5,1.5],"shapeName":"/levels/west_coast_usa/art/shapes/objects/s_chainlink_old.dae","useInstanceRenderData":true}
{"class":"TSStatic","persistentId":"ffa234cb-82a6-482a-a418-f500945d2c18","__parent":"entranceFence_roadSide","position":[-836.479248,-188.380142,99.2999954],"isRenderEnabled":false,"rotationMatrix":[0.635153294,0.772386253,1.68061693e-17,-0.772386253,0.635153294,1.72373891e-16,1.22464698e-16,-1.22464698e-16,1],"scale":[1.5,1.5,1.5],"shapeName":"/levels/west_coast_usa/art/shapes/objects/s_chainlink_old.dae","useInstanceRenderData":true}
{"class":"TSStatic","persistentId":"901d69af-6187-4cfd-a2fb-38b512e267c4","__parent":"entranceFence_roadSide","position":[-838.407104,-190.882217,99.2999954],"isRenderEnabled":false,"rotationMatrix":[0.576488972,0.817104876,2.94669561e-17,-0.817104876,0.576488972,1.70666022e-16,1.22464685e-16,-1.22464685e-16,1],"scale":[1.5,1.5,1.5],"shapeName":"/levels/west_coast_usa/art/shapes/objects/s_chainlink_old.dae","useInstanceRenderData":true}
{"class":"TSStatic","persistentId":"4261d872-43d5-4194-b5c0-b2bc54240f27","__parent":"entranceFence_roadSide","position":[-840.058044,-193.51181,99.3351517],"isRenderEnabled":false,"rotationMatrix":[0.563389063,0.826191664,3.21840326e-17,-0.826191664,0.563389063,1.7017457e-16,1.22464672e-16,-1.22464672e-16,1],"scale":[1.5,1.5,1.5],"shapeName":"/levels/west_coast_usa/art/shapes/objects/s_chainlink_old.dae","useInstanceRenderData":true}
{"class":"TSStatic","persistentId":"730c4ca5-b0ee-4460-ad8f-2d3a523dc6d8","__parent":"entranceFence_roadSide","position":[-841.923645,-195.980072,99.3265686],"isRenderEnabled":false,"rotationMatrix":[0.522914648,0.852385223,4.03484972e-17,-0.852385223,0.522914648,1.68425686e-16,1.22464712e-16,-1.22464725e-16,1],"scale":[1.5,1.5,1.5],"shapeName":"/levels/west_coast_usa/art/shapes/objects/s_chainlink_old.dae","useInstanceRenderData":true}
{"class":"TSStatic","persistentId":"e62284e7-c53a-4f37-922e-ba49ff51e292","__parent":"entranceFence_roadSide","position":[-843.54834,-198.61702,99.3353348],"isRenderEnabled":false,"rotationMatrix":[0.526402354,0.850235641,3.9658119e-17,-0.850235641,0.526402354,1.6858956e-16,1.22464698e-16,-1.22464698e-16,1],"scale":[1.5,1.5,1.5],"shapeName":"/levels/west_coast_usa/art/shapes/objects/s_chainlink_old.dae","useInstanceRenderData":true}
{"class":"TSStatic","persistentId":"a021438c-9b8d-40f8-8823-38e6b108499d","__parent":"entranceFence_roadSide","position":[-845.180603,-201.248505,99.3176956],"isRenderEnabled":false,"rotationMatrix":[0.566409707,0.8241238,3.15608744e-17,-0.8241238,0.566409707,1.70291236e-16,1.22464685e-16,-1.22464685e-16,1],"scale":[1.5,1.5,1.5],"shapeName":"/levels/west_coast_usa/art/shapes/objects/s_chainlink_old.dae","useInstanceRenderData":true}
{"class":"TSStatic","persistentId":"43c40fb7-7dac-4326-8ce4-39d9dcb7401b","__parent":"entranceFence_roadSide","position":[-846.928101,-203.806992,99.3038406],"isRenderEnabled":false,"rotationMatrix":[0.541272759,0.840846717,3.66873097e-17,-0.840846717,0.541272759,1.69260741e-16,1.22464593e-16,-1.22464606e-16,1],"scale":[1.5,1.5,1.5],"shapeName":"/levels/west_coast_usa/art/shapes/objects/s_chainlink_old.dae","useInstanceRenderData":true}
{"class":"TSStatic","persistentId":"8a49bb8f-9fe4-4e59-9345-e6ec10830c1c","__parent":"entranceFence_roadSide","position":[-848.595398,-206.40918,99.415741],"isRenderEnabled":false,"rotationMatrix":[0.536664367,0.843795717,3.76127627e-17,-0.843795717,0.536664367,1.69057559e-16,1.22464646e-16,-1.22464659e-16,1],"scale":[1.5,1.5,1.5],"shapeName":"/levels/west_coast_usa/art/shapes/objects/s_chainlink_old.dae","useInstanceRenderData":true}
{"class":"TSStatic","persistentId":"ea819085-4fd3-446a-8439-8bd0181c7119","__parent":"entranceFence_roadSide","position":[-850.126831,-209.094711,99.3611679],"isRenderEnabled":false,"rotationMatrix":[0.549810708,0.83528924,3.496105e-17,-0.83528924,0.549810708,1.69625825e-16,1.22464685e-16,-1.22464672e-16,1],"scale":[1.5,1.5,1.5],"shapeName":"/levels/west_coast_usa/art/shapes/objects/s_chainlink_old.dae","useInstanceRenderData":true}
{"class":"TSStatic","persistentId":"09839b55-abc7-4ac4-874f-3c779f6cb1ff","__parent":"entranceFence_roadSide","position":[-851.812805,-211.684601,99.3838882],"isRenderEnabled":false,"rotationMatrix":[0.544234037,0.838933408,3.6090264e-17,-0.838933408,0.544234037,1.69389172e-16,1.22464685e-16,-1.22464685e-16,1],"scale":[1.5,1.5,1.5],"shapeName":"/levels/west_coast_usa/art/shapes/objects/s_chainlink_old.dae","useInstanceRenderData":true}
{"class":"TSStatic","persistentId":"3960f7fa-a29e-4d0e-96b5-d52784d980e3","__parent":"entranceFence_roadSide","position":[-853.480408,-214.290863,99.3993988],"isRenderEnabled":false,"rotationMatrix":[0.538296282,0.842755675,3.72855102e-17,-0.842755675,0.538296282,1.69130086e-16,1.22464685e-16,-1.22464685e-16,1],"scale":[1.5,1.5,1.5],"shapeName":"/levels/west_coast_usa/art/shapes/objects/s_chainlink_old.dae","useInstanceRenderData":true}
{"class":"TSStatic","persistentId":"4cb2850f-8cbb-42ec-8f03-51e9373de2b9","__parent":"entranceFence_roadSide","position":[-855.12677,-216.910141,99.4566498],"isRenderEnabled":false,"rotationMatrix":[0.52555722,0.850758255,3.98256429e-17,-0.850758255,0.52555722,1.68550027e-16,1.22464685e-16,-1.22464685e-16,1],"scale":[1.5,1.5,1.5],"shapeName":"/levels/west_coast_usa/art/shapes/objects/s_chainlink_old.dae","useInstanceRenderData":true}
{"class":"TSStatic","persistentId":"9f70bf57-9b55-44f1-b7b4-a0c0bfb78ad8","__parent":"entranceFence_roadSide","position":[-856.750916,-219.539368,99.3008652],"isRenderEnabled":false,"rotationMatrix":[0.517205894,0.855861008,4.14732907e-17,-0.855861008,0.517205894,1.68152213e-16,1.22464685e-16,-1.22464685e-16,1],"scale":[1.5,1.5,1.5],"shapeName":"/levels/west_coast_usa/art/shapes/objects/s_chainlink_old.dae","useInstanceRenderData":true}
{"class":"TSStatic","persistentId":"22b04589-5ac8-491a-afea-2dc2d05f2c57","__parent":"entranceFence_roadSide","position":[-858.351318,-222.187698,99.3000717],"isRenderEnabled":false,"rotationMatrix":[0.517205894,0.855861008,4.14732907e-17,-0.855861008,0.517205894,1.68152213e-16,1.22464685e-16,-1.22464685e-16,1],"scale":[1.5,1.5,1.5],"shapeName":"/levels/west_coast_usa/art/shapes/objects/s_chainlink_old.dae","useInstanceRenderData":true}
{"class":"TSStatic","persistentId":"ffd2fa69-275f-4685-916c-5f051e3790a3","__parent":"entranceFence_roadSide","position":[-859.930603,-224.848694,99.2999954],"isRenderEnabled":false,"rotationMatrix":[0.509664834,0.86037308,4.29493648e-17,-0.86037308,0.509664834,1.67781252e-16,1.22464685e-16,-1.22464672e-16,1],"scale":[1.5,1.5,1.5],"shapeName":"/levels/west_coast_usa/art/shapes/objects/s_chainlink_old.dae","useInstanceRenderData":true}
{"class":"TSStatic","persistentId":"2cbf6344-9033-49c0-b3c4-a17553d0146b","__parent":"entranceFence_roadSide","position":[-861.496887,-227.517349,99.2999954],"isRenderEnabled":false,"rotationMatrix":[0.504673302,0.863310397,4.39203789e-17,-0.863310397,0.504673302,1.67529684e-16,1.22464685e-16,-1.22464672e-16,1],"scale":[1.5,1.5,1.5],"shapeName":"/levels/west_coast_usa/art/shapes/objects/s_chainlink_old.dae","useInstanceRenderData":true}
{"class":"TSStatic","persistentId":"c45d7e2a-885f-4be0-a1d9-3d41bd545cf7","__parent":"entranceFence_roadSide","position":[-863.054321,-230.191162,99.2999954],"isRenderEnabled":false,"rotationMatrix":[0.501357675,0.865240097,4.45627408e-17,-0.865240097,0.501357675,1.67359959e-16,1.22464685e-16,-1.22464672e-16,1],"scale":[1.5,1.5,1.5],"shapeName":"/levels/west_coast_usa/art/shapes/objects/s_chainlink_old.dae","useInstanceRenderData":true}
{"class":"TSStatic","persistentId":"7ad62f88-6164-446e-9ec1-29225737e194","__parent":"entranceFence_roadSide","position":[-864.605347,-232.868713,99.2999954],"isRenderEnabled":false,"rotationMatrix":[0.499419034,0.866360605,4.49373709e-17,-0.866360605,0.499419034,1.67259784e-16,1.22464685e-16,-1.22464685e-16,1],"scale":[1.5,1.5,1.5],"shapeName":"/levels/west_coast_usa/art/shapes/objects/s_chainlink_old.dae","useInstanceRenderData":true}
{"class":"TSStatic","persistentId":"4df53162-918d-4956-b130-e1f11f740178","__parent":"entranceFence_roadSide","position":[-866.150757,-235.54953,99.2999954],"isRenderEnabled":false,"rotationMatrix":[0.499419034,0.866360605,4.49373709e-17,-0.866360605,0.499419034,1.67259784e-16,1.22464685e-16,-1.22464685e-16,1],"scale":[1.5,1.5,1.5],"shapeName":"/levels/west_coast_usa/art/shapes/objects/s_chainlink_old.dae","useInstanceRenderData":true}
{"class":"TSStatic","persistentId":"649c2859-50ec-446f-9075-4287d0eb9433","__parent":"entranceFence_roadSide","position":[-867.694458,-238.231308,99.2999954],"isRenderEnabled":false,"rotationMatrix":[0.498618245,0.866821706,4.50919114e-17,-0.866821706,0.498618245,1.67218161e-16,1.22464685e-16,-1.22464672e-16,1],"scale":[1.5,1.5,1.5],"shapeName":"/levels/west_coast_usa/art/shapes/objects/s_chainlink_old.dae","useInstanceRenderData":true}
{"class":"TSStatic","persistentId":"960b46c6-b279-4a98-9519-91b568b0a7d2","__parent":"entranceFence_roadSide","position":[-869.237549,-240.913437,99.2999954],"isRenderEnabled":false,"rotationMatrix":[0.498863518,0.866680562,4.50445868e-17,-0.866680562,0.498863518,1.67230919e-16,1.22464672e-16,-1.22464672e-16,1],"scale":[1.5,1.5,1.5],"shapeName":"/levels/west_coast_usa/art/shapes/objects/s_chainlink_old.dae","useInstanceRenderData":true}
{"class":"TSStatic","persistentId":"96334902-cf61-4706-814f-87daee8b1bca","__parent":"entranceFence_roadSide","position":[-870.781189,-243.595245,99.2999954],"isRenderEnabled":false,"rotationMatrix":[0.498863518,0.866680562,4.50445868e-17,-0.866680562,0.498863518,1.67230919e-16,1.22464672e-16,-1.22464672e-16,1],"scale":[1.5,1.5,1.5],"shapeName":"/levels/west_coast_usa/art/shapes/objects/s_chainlink_old.dae","useInstanceRenderData":true}
{"class":"TSStatic","persistentId":"c2634264-fb11-4f77-bf0a-8b33904b6398","__parent":"entranceFence_roadSide","position":[-872.328796,-246.27478,99.2999954],"isRenderEnabled":false,"rotationMatrix":[0.500277042,0.865865409,4.47716701e-17,-0.865865409,0.500277042,1.67304201e-16,1.22464672e-16,-1.22464685e-16,1],"scale":[1.5,1.5,1.5],"shapeName":"/levels/west_coast_usa/art/shapes/objects/s_chainlink_old.dae","useInstanceRenderData":true}
{"class":"TSStatic","persistentId":"86d14b90-0b86-48a5-944c-9d49656fd054","__parent":"entranceFence_roadSide","position":[-873.881653,-248.951294,99.2999954],"isRenderEnabled":false,"rotationMatrix":[0.502996564,0.86428839,4.4245484e-17,-0.86428839,0.502996564,1.67444107e-16,1.22464685e-16,-1.22464672e-16,1],"scale":[1.5,1.5,1.5],"shapeName":"/levels/west_coast_usa/art/shapes/objects/s_chainlink_old.dae","useInstanceRenderData":true}
{"class":"TSStatic","persistentId":"2590840a-5b26-4652-90f1-8b80c4411de3","__parent":"entranceFence_roadSide","position":[-875.442383,-251.623184,99.2999954],"isRenderEnabled":false,"rotationMatrix":[0.507460713,0.861674845,4.33787211e-17,-0.861674845,0.507460713,1.67670741e-16,1.22464685e-16,-1.22464672e-16,1],"scale":[1.5,1.5,1.5],"shapeName":"/levels/west_coast_usa/art/shapes/objects/s_chainlink_old.dae","useInstanceRenderData":true}
{"class":"TSStatic","persistentId":"6b4232fb-f5e0-4dc4-a78b-4eb67b6dc211","__parent":"entranceFence_roadSide","position":[-877.01593,-254.287537,99.2999954],"isRenderEnabled":false,"rotationMatrix":[0.514526486,0.857474446,4.19990103e-17,-0.857474446,0.514526486,1.68021651e-16,1.22464685e-16,-1.22464672e-16,1],"scale":[1.5,1.5,1.5],"shapeName":"/levels/west_coast_usa/art/shapes/objects/s_chainlink_old.dae","useInstanceRenderData":true}
