{"internalName":"NewCamera_21","class":"CameraBookmark","persistentId":"0abf3292-129c-4274-bfbf-ef1208d0a1b5","__parent":"CameraBookmarks","position":[566.52478,-711.544067,228.83345],"dataBlock":"CameraBookmarkMarker","rotationMatrix":[-0.214538455,0.976715446,-1.49011612e-07,-0.173052579,-0.0380115509,-0.984178722,-0.961262584,-0.211144269,0.177178264]}
{"internalName":"NewCamera_27","class":"CameraBookmark","persistentId":"b481936e-06bb-443c-ac99-e97b809b803e","__parent":"CameraBookmarks","position":[675.182312,-361.041656,188.464188],"dataBlock":"CameraBookmarkMarker","rotationMatrix":[0.984516501,-0.175291896,0,0.0721439719,0.405192256,-0.911380589,0.159757629,0.897269189,0.411564708]}
{"internalName":"NewCamera_24","class":"CameraBookmark","persistentId":"0998d14f-c63b-469f-b33a-5b6ee3a7caf1","__parent":"CameraBookmarks","position":[592.592651,-179.078995,160.580948],"dataBlock":"CameraBookmarkMarker","rotationMatrix":[0.6180619,0.786129475,-2.98023224e-08,-0.465027928,0.36560905,-0.806274772,-0.633836389,0.498327732,0.591541171]}
{"internalName":"NewCamera_1","class":"CameraBookmark","persistentId":"0a29d0db-c614-4aab-b665-2277a129e690","__parent":"CameraBookmarks","position":[433.765991,-729.04303,135.667007],"dataBlock":"CameraBookmarkMarker","observer":false,"rotationMatrix":[-0.737984538,-0.674817622,5.81145287e-06,0.102276027,-0.11185813,-0.988446891,0.66702199,-0.729457915,0.15156728]}
{"internalName":"NewCamera_3","class":"CameraBookmark","persistentId":"1612ea39-8aea-4ffa-b31f-cbede2a75464","__parent":"CameraBookmarks","position":[-23.1410999,-857.570007,112.570999],"dataBlock":"CameraBookmarkMarker","observer":false,"rotationMatrix":[-0.352201462,0.935924172,4.23192978e-06,-0.323912889,-0.121888757,-0.938202262,-0.878085673,-0.33043766,0.346087337]}
{"internalName":"NewCamera_15","class":"CameraBookmark","persistentId":"16b4fd13-c883-433d-8eb8-c92bf03c6e12","__parent":"CameraBookmarks","position":[25.6373005,-239.554001,142.621002],"dataBlock":"CameraBookmarkMarker","observer":false,"rotationMatrix":[-0.0627937317,-0.99802649,7.51018524e-06,0.262078255,-0.0164966583,-0.96490562,0.963001549,-0.0605880916,0.262596965]}
{"internalName":"NewCamera_9","class":"CameraBookmark","persistentId":"186993b8-4f7a-4971-bb82-e90a70a0ad22","__parent":"CameraBookmarks","position":[57.0416985,-804.406982,49.2947006],"dataBlock":"CameraBookmarkMarker","observer":false,"rotationMatrix":[-0.556547046,-0.830816329,-9.68575478e-07,0.700082242,-0.468970299,-0.538472056,0.447370887,-0.299685597,0.84264338]}
{"internalName":"NewCamera_11","class":"CameraBookmark","persistentId":"18a859b0-21d2-4dbd-a95c-2116f619f90f","__parent":"CameraBookmarks","position":[81.1275024,-187.546997,38.1043015],"dataBlock":"CameraBookmarkMarker","observer":false,"rotationMatrix":[-0.43725419,0.899338067,1.08033419e-07,-0.892058909,-0.433715105,-0.126973286,-0.11419186,-0.0555196851,0.991906166]}
{"internalName":"NewCamera_25","class":"CameraBookmark","persistentId":"27e53437-3ecd-4ae6-9fbb-25358113db23","__parent":"CameraBookmarks","position":[-635.370056,-208.333771,123.8368],"dataBlock":"CameraBookmarkMarker","rotationMatrix":[-0.966806412,-0.255509675,-2.23517418e-08,0.188040614,-0.711514473,-0.677043319,0.172991097,-0.654569864,0.735943139]}
{"internalName":"NewCamera_20","class":"CameraBookmark","persistentId":"31be80e6-4b85-47d3-a6d4-d656423a1844","__parent":"CameraBookmarks","position":[-802.170166,-16.427515,126.587608],"dataBlock":"CameraBookmarkMarker","rotationMatrix":[-0.907889605,0.419209182,3.7252903e-09,-0.410745382,-0.889559388,-0.199930564,-0.0838127285,-0.181514904,0.979810059]}
{"internalName":"NewCamera_14","class":"CameraBookmark","persistentId":"3b402fae-f375-4fa6-93ea-f8baaf6b6f15","__parent":"CameraBookmarks","position":[507.100006,-351.065002,215.013],"dataBlock":"CameraBookmarkMarker","observer":false,"rotationMatrix":[0.803035021,-0.595931828,7.89761543e-07,0.360586345,0.48589927,-0.796165466,0.474459946,0.639348984,0.605079055]}
{"internalName":"NewCamera_10","class":"CameraBookmark","persistentId":"5633ddbc-321d-4a88-bdea-cad12d1d13f1","__parent":"CameraBookmarks","position":[-602.898987,104.319,21.8670998],"dataBlock":"CameraBookmarkMarker","observer":false,"rotationMatrix":[0.758567333,0.651594639,8.64267349e-07,-0.27585727,0.321146131,-0.905962408,-0.590320587,0.687233269,0.423358083]}
{"internalName":"NewCamera_7","class":"CameraBookmark","persistentId":"68c19536-709c-4f49-9216-91249bc1b49d","__parent":"CameraBookmarks","position":[-563.205994,405.424011,37.8897018],"dataBlock":"CameraBookmarkMarker","observer":false,"rotationMatrix":[-0.381283164,0.924458385,2.35438347e-06,-0.000183075666,-7.29560852e-05,-1,-0.924458385,-0.381283134,0.000197052956]}
{"internalName":"NewCamera_31","class":"CameraBookmark","persistentId":"71e64a27-0c3e-47ec-8a3d-b95d339b65ef","__parent":"CameraBookmarks","position":[803.197998,317.720825,192.618835],"dataBlock":"CameraBookmarkMarker","rotationMatrix":[-0.202437282,0.979295254,-5.96046448e-08,-0.435172558,-0.0899577141,-0.895841777,-0.877293587,-0.181351721,0.44437325]}
{"internalName":"NewCamera_19","class":"CameraBookmark","persistentId":"7a58407c-8dc7-4d6c-ac27-3a3cfb6f5287","__parent":"CameraBookmarks","position":[-802.170166,-16.427515,126.587608],"dataBlock":"CameraBookmarkMarker","rotationMatrix":[-0.907889605,0.419209182,3.7252903e-09,-0.410745382,-0.889559388,-0.199930564,-0.0838127285,-0.181514904,0.979810059]}
{"internalName":"NewCamera_2","class":"CameraBookmark","persistentId":"87615e45-5062-4254-8e52-0b01312542bb","__parent":"CameraBookmarks","position":[-23.1410999,-857.570007,112.570999],"dataBlock":"CameraBookmarkMarker","observer":false,"rotationMatrix":[-0.352201462,0.935924172,4.23192978e-06,-0.323912889,-0.121888757,-0.938202262,-0.878085673,-0.33043766,0.346087337]}
{"internalName":"NewCamera_16","class":"CameraBookmark","persistentId":"8aad263a-b1a6-4bad-89eb-2ec1f056818f","__parent":"CameraBookmarks","position":[794.067017,343.743011,168.050003],"dataBlock":"CameraBookmarkMarker","observer":false,"rotationMatrix":[0.683920503,0.729556561,-8.94069672e-07,-0.176576406,0.165529788,-0.970268369,-0.707865477,0.663586617,0.242031693]}
{"internalName":"NewCamera_17","class":"CameraBookmark","persistentId":"8daf8dae-d7ed-49dd-b423-5bc1459c633e","__parent":"CameraBookmarks","position":[811.107971,-731.166016,298.584991],"dataBlock":"CameraBookmarkMarker","observer":false,"rotationMatrix":[0.991838336,0.127501801,-2.12341547e-07,-0.081163764,0.63137275,-0.771220386,-0.0983318537,0.764926016,0.636568248]}
{"internalName":"NewCamera_8","class":"CameraBookmark","persistentId":"9aeed83d-8763-4f2c-b1f4-f03787985e61","__parent":"CameraBookmarks","position":[194.511002,-730.080994,79.8850021],"dataBlock":"CameraBookmarkMarker","observer":false,"rotationMatrix":[-0.484012127,-0.875061512,-5.96046448e-07,0.131970525,-0.0729945898,-0.988562465,0.865052819,-0.478476077,0.150812387]}
{"internalName":"NewCamera_30","class":"CameraBookmark","persistentId":"9d0c69d1-7f99-4f45-9bb8-2250e02cfcc8","__parent":"CameraBookmarks","position":[1007.56842,471.610229,149.981583],"dataBlock":"CameraBookmarkMarker","rotationMatrix":[0.978459656,-0.206438065,-1.97906047e-09,0.206431836,0.978430152,0.00776421418,-0.00160282734,-0.007596971,0.99996984]}
{"internalName":"NewCamera_22","class":"CameraBookmark","persistentId":"b76fc764-32b5-4d33-95ff-9ddd0a2751be","__parent":"CameraBookmarks","position":[577.287476,-683.836304,205.813705],"dataBlock":"CameraBookmarkMarker","rotationMatrix":[0.994783938,-0.10200423,6.79865479e-08,0.101590469,0.990748763,-0.0899793804,0.00917821005,0.0895100534,0.995943606]}
{"internalName":"NewCamera_4","class":"CameraBookmark","persistentId":"bb328039-6315-43f1-a4af-f3c7784c2fcc","__parent":"CameraBookmarks","position":[-23.1410999,-857.570007,112.570999],"dataBlock":"CameraBookmarkMarker","observer":false,"rotationMatrix":[-0.352201462,0.935924172,4.23192978e-06,-0.323912889,-0.121888757,-0.938202262,-0.878085673,-0.33043766,0.346087337]}
{"internalName":"City_from_overpass","class":"CameraBookmark","persistentId":"be878223-2eca-442a-aefd-32e6c3eaefaa","__parent":"CameraBookmarks","position":[-563.714294,-127.273323,148.461334],"dataBlock":"CameraBookmarkMarker","rotationMatrix":[0.981977344,0.188998595,-1.49011612e-08,-0.187003061,0.971609235,-0.144932121,-0.0273919534,0.142320067,0.989441574]}
{"internalName":"NewCamera_29","class":"CameraBookmark","persistentId":"c550789c-13d6-47a2-a5a3-5a0653a0882b","__parent":"CameraBookmarks","position":[980.154663,636.093567,136.859283],"dataBlock":"CameraBookmarkMarker","rotationMatrix":[-0.406310081,0.913735211,-5.58793545e-09,-0.913127124,-0.406039715,-0.0364767537,-0.0333300978,-0.0148208681,0.999334514]}
{"internalName":"NewCamera_28","class":"CameraBookmark","persistentId":"c6d1d853-607d-434c-8f7e-ad64adb35294","__parent":"CameraBookmarks","position":[321.489929,-455.672974,198.347488],"dataBlock":"CameraBookmarkMarker","rotationMatrix":[-0.410279393,-0.911960065,-2.98023224e-08,0.454216063,-0.20434618,-0.867139339,0.790796399,-0.355769247,0.49806571]}
{"internalName":"NewCamera_5","class":"CameraBookmark","persistentId":"df6c8853-6f0a-4226-bd4d-2847b6062932","__parent":"CameraBookmarks","position":[-374.423004,-294.141998,67.1996002],"dataBlock":"CameraBookmarkMarker","observer":false,"rotationMatrix":[-0.122597933,0.992456615,-4.88758087e-06,-0.00019043684,-2.86102295e-05,-1.00000012,-0.992456615,-0.122597784,0.000192284584]}
{"internalName":"NewCamera_18","class":"CameraBookmark","persistentId":"dfe7c526-916c-4c9f-8de7-7a0b88480990","__parent":"CameraBookmarks","position":[-201.660004,339.937988,113.940002],"dataBlock":"CameraBookmarkMarker","observer":false,"rotationMatrix":[0.983078063,0.183187097,-1.1920929e-07,-0.0905238986,0.48579812,-0.869370878,-0.159257457,0.854659498,0.494160235]}
{"internalName":"NewCamera_6","class":"CameraBookmark","persistentId":"e33ce3e3-4858-4bee-8ff7-8cb03754e63e","__parent":"CameraBookmarks","position":[34.3311005,-811.064026,76.552803],"dataBlock":"CameraBookmarkMarker","observer":false,"rotationMatrix":[-0.98398757,-0.178237826,-4.40329313e-06,3.94806266e-05,-0.000193238258,-1,0.178237826,-0.983987451,0.00019711256]}
{"internalName":"NewCamera_26","class":"CameraBookmark","persistentId":"f39c3d51-03d6-486a-9c2f-3f0114c67182","__parent":"CameraBookmarks","position":[534.56189,706.642517,139.591507],"dataBlock":"CameraBookmarkMarker","rotationMatrix":[-0.511122346,0.859508038,-8.94069672e-08,-0.37518549,-0.223111153,-0.899698496,-0.773298144,-0.459855914,0.436511934]}
{"internalName":"NewCamera_12","class":"CameraBookmark","persistentId":"fca6af2c-f38a-44d6-84b1-dcf089b588bc","__parent":"CameraBookmarks","position":[81.1275024,-187.546997,38.1043015],"dataBlock":"CameraBookmarkMarker","observer":false,"rotationMatrix":[-0.43725419,0.899338067,1.08033419e-07,-0.892058909,-0.433715105,-0.126973286,-0.11419186,-0.0555196851,0.991906166]}
{"internalName":"NewCamera_13","class":"CameraBookmark","persistentId":"fd3ec0db-549e-49ed-8223-a426b3bb861b","__parent":"CameraBookmarks","position":[-114.356003,-942.921997,86.0128021],"dataBlock":"CameraBookmarkMarker","observer":false,"rotationMatrix":[0.957094789,0.289774954,1.04308128e-07,-0.0664302409,0.219412088,-0.973368108,-0.282057703,0.931605518,0.229247987]}
{"internalName":"NewCamera_23","class":"CameraBookmark","persistentId":"fed5dd80-2967-4dbc-a33e-22bce2e1022a","__parent":"CameraBookmarks","position":[-894.097595,-421.233551,128.320618],"dataBlock":"CameraBookmarkMarker","rotationMatrix":[0.786948323,0.617018878,-5.96046448e-08,-0.151853517,0.193674564,-0.969242334,-0.598040819,0.762743592,0.246108353]}
