{"name":"mine_northwest_01","class":"SFXSpace","persistentId":"78f8caac-a252-499f-9623-421021121505","__parent":"mine_northwest","position":[-857.656738,-2.33663535,246.502701],"rotationMatrix":[0.514616847,-0.857420385,8.93123797e-10,0.857420862,0.51461643,-0.000690531568,0.000592076045,0.000355358643,0.999999762],"scale":[15.7073803,14.7053413,9.09334755],"soundAmbience":"Level_Tunnel_Open_Dynamic"}
{"name":"mine_northwest_02","class":"SFXSpace","persistentId":"a6e20568-d3b0-4a43-961f-376a6e32e68d","__parent":"mine_northwest","position":[-852.131897,-18.6287861,248.156036],"rotationMatrix":[0.167196661,-0.985049844,0.0414985009,0.985920966,0.166943207,-0.00952116027,0.00245093205,0.0425061211,0.999093175],"scale":[26.3228645,14.5191832,8.2914753],"soundAmbience":"Level_Tunnel_Open_Dynamic"}
{"name":"mine_northwest_03","class":"SFXSpace","persistentId":"cfa2d9df-4739-408f-9b9b-8ad81b13391f","__parent":"mine_northwest","position":[-850.791931,-42.7702827,251.67215],"rotationMatrix":[-0.00701877847,-0.999114871,0.0414985269,0.99992758,-0.00742000807,-0.00952117145,0.00982065313,0.0414286032,0.999093175],"scale":[26.3228645,13.3217144,8.2914753],"soundAmbience":"Level_Tunnel_Open_Dynamic"}
{"name":"mine_northwest_04","class":"SFXSpace","persistentId":"43819a96-05ee-43b9-962d-55e5b41cf22c","__parent":"mine_northwest","position":[-851.352783,-73.4723969,253.258499],"rotationMatrix":[-0.00701877847,-0.999114871,0.0414985269,0.99992758,-0.00742000807,-0.00952117145,0.00982065313,0.0414286032,0.999093175],"scale":[37.2818794,16.5926552,9.90499306],"soundAmbience":"Level_Tunnel_Open_Dynamic"}
{"name":"mine_northwest_05","class":"SFXSpace","persistentId":"b0dcd559-9e8a-4013-8531-b3b8e1be0576","__parent":"mine_northwest","position":[-856.869568,-108.601044,255.070435],"rotationMatrix":[-0.183452442,-0.982152998,0.0414985195,0.982881725,-0.183991194,-0.00952115096,0.016986575,0.0390413925,0.999093175],"scale":[37.2818794,15.3578529,9.90499306],"soundAmbience":"Level_Tunnel_Open_Dynamic"}
{"name":"mine_northwest_06","class":"SFXSpace","persistentId":"bbb4a427-68c3-4722-a4fe-0abb12f0c02d","__parent":"mine_northwest","position":[-864.658997,-143.513474,256.080048],"rotationMatrix":[-0.278185606,-0.959631026,0.0414985046,0.960303962,-0.278792888,-0.00952113979,0.0207062606,0.0372024775,0.999093175],"scale":[37.2818794,19.0975361,9.90499306],"soundAmbience":"Level_Tunnel_Open_Dynamic"}
{"name":"mine_northwest_07","class":"SFXSpace","persistentId":"78777897-be2a-4dbc-a64e-0e42c8019339","__parent":"mine_northwest","position":[-882.859131,-165.000534,259.190552],"rotationMatrix":[-0.750962615,-0.659039438,0.0414984748,0.659280241,-0.751837373,-0.00952109881,0.0374748707,0.020209061,0.999093175],"scale":[37.2818794,18.8261814,9.90499306],"soundAmbience":"Level_Tunnel_Open_Dynamic"}
{"name":"mine_northwest_08","class":"SFXSpace","persistentId":"fc6a9f7e-2803-43eb-941f-267123d85c97","__parent":"mine_northwest","position":[-864.799377,-139.789276,256.447723],"rotationMatrix":[-0.238118008,-0.97034955,0.0414984301,0.971047163,-0.238696992,-0.00952116121,0.0191443991,0.0380297638,0.999093294],"scale":[37.2818794,17.8944817,9.90499306],"soundAmbience":"Level_Tunnel_Open_Dynamic"}
{"name":"mine_northwest_09","class":"SFXSpace","persistentId":"830032c7-fcc2-47d1-bc30-66b8d68570a5","__parent":"mine_northwest","position":[-856.095581,-104.233528,255.977753],"rotationMatrix":[-0.172170654,-0.984192967,0.0414984301,0.984928012,-0.172701254,-0.009521164,0.0165374931,0.0392336994,0.999093294],"scale":[37.2818794,16.0925426,9.90499306],"soundAmbience":"Level_Tunnel_Open_Dynamic"}
{"name":"mine_northwest_13","class":"SFXSpace","persistentId":"8d50b036-98da-4d79-9491-624fafeadb89","__parent":"mine_northwest","position":[-830.934082,-86.2503586,257.779541],"rotationMatrix":[0.997000217,-0.065341942,0.0414984748,0.065788798,0.997788608,-0.00952119287,-0.0407844931,0.0122227687,0.99909389],"scale":[37.2818794,17.4702778,9.90499306],"soundAmbience":"Level_Tunnel_Open_Dynamic"}
{"name":"mine_northwest_14","class":"SFXSpace","persistentId":"9d628b88-ee57-433d-9b78-fafa28eee532","__parent":"mine_northwest","position":[-853.661804,-171.301041,263.778442],"rotationMatrix":[0.776010692,-0.629356623,0.0414984524,0.630175233,0.776393354,-0.00952117145,-0.0262268111,0.0335396528,0.999092996],"scale":[48.3685074,16.8908081,9.90499306],"soundAmbience":"Level_Tunnel_Open_Dynamic"}
{"name":"mine_northwest_15","class":"SFXSpace","persistentId":"7ab0d0f7-2ac3-4def-a0d5-7dea997af222","__parent":"mine_northwest","position":[-925.140869,-176.226257,264.607178],"rotationMatrix":[0.887143433,-0.448779345,-0.107594319,0.46058023,0.875659943,0.145209506,0.0290498361,-0.178377762,0.983533919],"scale":[37.2818794,16.0451813,9.90499306],"soundAmbience":"Level_Tunnel_Open_Dynamic"}
{"name":"mine_northwest_16","class":"SFXSpace","persistentId":"29558184-c895-4ce1-9502-50f68690b2e7","__parent":"mine_northwest","position":[-930.145203,-241.851303,262.673157],"rotationMatrix":[-0.322592467,-0.945628643,0.0414984934,0.946273386,-0.323230892,-0.00952116027,0.0224170517,0.0361973681,0.999094546],"scale":[43.6918488,19.8046761,9.90499306],"soundAmbience":"Level_Tunnel_Open_Dynamic"}
{"name":"mine_northwest_17","class":"SFXSpace","persistentId":"5810abda-7c9b-415f-bb79-91d4d44a2fed","__parent":"mine_northwest","position":[-916.534729,-209.651764,261.642059],"rotationMatrix":[-0.509224057,-0.859634042,0.0414985232,0.860134244,-0.509980798,-0.0095211491,0.0293481033,0.0308457967,0.999094546],"scale":[37.2818794,17.7779179,9.90499306],"soundAmbience":"Level_Tunnel_Open_Dynamic"}
{"name":"mine_northwest_18","class":"SFXSpace","persistentId":"85b4cf1d-f889-4ed3-b48a-bb523980408a","__parent":"mine_northwest","position":[-898.699829,-183.71756,261.301849],"rotationMatrix":[-0.627313375,-0.777661741,0.0414985493,0.778048038,-0.628134131,-0.00952113327,0.0334708057,0.0263150148,0.999094546],"scale":[32.1828423,22.2790222,9.90499306],"soundAmbience":"Level_Tunnel_Open_Dynamic"}
{"name":"mine_northwest_in","class":"SFXEmitter","persistentId":"87d5b93d-206a-4be0-aee7-d075fb09f30c","__parent":"mine_northwest","position":[-936.347351,-262.954224,261.444275],"fadeInTime":0,"fadeOutTime":0,"isLooping":false,"maxDistance":8,"rotationMatrix":[1,0,0,0,0.999999762,-0.000690533896,0,0.000690533896,0.999999762],"scale":[8,8,8],"track":"event:>Snapshot Events>Snapshot_UT_Tunnel_E_Position","useTrackDescriptionOnly":true}
{"name":"mine_northwest_out","class":"SFXEmitter","persistentId":"ab8861d4-cbe0-4777-9911-e9547e460751","__parent":"mine_northwest","position":[-861.25415,3.5781498,244.786713],"fadeInTime":0,"fadeOutTime":0,"isLooping":false,"maxDistance":14,"rotationMatrix":[1,0,0,0,0.999999762,-0.000690533896,0,0.000690533896,0.999999762],"scale":[14,14,14],"track":"event:>Snapshot Events>Snapshot_UT_Tunnel_B_Position","useTrackDescriptionOnly":true}
