{"class":"TSStatic","__parent":"Track_meshes","position":[87.0770035,-151.213272,129.361328],"decalType":"None","isRenderEnabled":false,"rotationMatrix":[-0.202786744,0.979222834,0,-0.979222834,-0.202786744,0,0,0,0.999999881],"shapeName":"/levels/west_coast_usa/art/shapes/buildings/seating3.dae","useInstanceRenderData":true}
{"class":"TSStatic","__parent":"Track_meshes","position":[1.11122894,-58.9787636,120.443825],"decalType":"None","isRenderEnabled":false,"rotationMatrix":[-0.807739615,-0.589539766,0,0.589539766,-0.807739615,0,0,0,1],"shapeName":"/levels/west_coast_usa/art/shapes/buildings/seating2.dae","useInstanceRenderData":true}
{"class":"TSStatic","__parent":"Track_meshes","position":[-22.4423943,-76.1697235,120.443825],"decalType":"None","isRenderEnabled":false,"rotationMatrix":[-0.807739615,-0.589539766,0,0.589539766,-0.807739615,0,0,0,1],"shapeName":"/levels/west_coast_usa/art/shapes/buildings/seating2.dae","useInstanceRenderData":true}
{"class":"TSStatic","__parent":"Track_meshes","position":[18.5293388,-46.2659492,120.443825],"decalType":"None","isRenderEnabled":false,"rotationMatrix":[-0.807739615,-0.589539766,0,0.589539766,-0.807739615,0,0,0,1],"shapeName":"/levels/west_coast_usa/art/shapes/buildings/seating2.dae","useInstanceRenderData":true}
{"class":"TSStatic","__parent":"Track_meshes","position":[-97.4231262,-129.924286,120.443825],"decalType":"None","isRenderEnabled":false,"rotationMatrix":[-0.807739615,-0.589539766,0,0.589539766,-0.807739615,0,0,0,1],"shapeName":"/levels/west_coast_usa/art/shapes/buildings/seating2.dae","useInstanceRenderData":true}
{"class":"TSStatic","__parent":"Track_meshes","position":[-114.84124,-142.637085,120.443825],"decalType":"None","isRenderEnabled":false,"rotationMatrix":[-0.807739615,-0.589539766,0,0.589539766,-0.807739615,0,0,0,1],"shapeName":"/levels/west_coast_usa/art/shapes/buildings/seating2.dae","useInstanceRenderData":true}
{"class":"TSStatic","__parent":"Track_meshes","position":[-137.257401,-158.997864,120.443825],"decalType":"None","isRenderEnabled":false,"rotationMatrix":[-0.807739615,-0.589539766,0,0.589539766,-0.807739615,0,0,0,1],"shapeName":"/levels/west_coast_usa/art/shapes/buildings/seating2.dae","useInstanceRenderData":true}
{"class":"TSStatic","__parent":"Track_meshes","position":[-39.8605042,-88.8825378,120.443825],"decalType":"None","isRenderEnabled":false,"rotationMatrix":[-0.807739615,-0.589539766,0,0.589539766,-0.807739615,0,0,0,1],"shapeName":"/levels/west_coast_usa/art/shapes/buildings/seating2.dae","useInstanceRenderData":true}
{"class":"TSStatic","__parent":"Track_meshes","position":[-154.675491,-171.710693,120.443825],"decalType":"None","isRenderEnabled":false,"rotationMatrix":[-0.807739615,-0.589539766,0,0.589539766,-0.807739615,0,0,0,1],"shapeName":"/levels/west_coast_usa/art/shapes/buildings/seating2.dae","useInstanceRenderData":true}
{"class":"TSStatic","__parent":"Track_meshes","position":[341.109497,-194.747345,144.047455],"isRenderEnabled":false,"shapeName":"/levels/west_coast_usa/art/shapes/roads/tunnel_mainTrackEntrance.dae","useInstanceRenderData":true}
{"class":"TSStatic","persistentId":"c6fe1cab-3944-4572-a837-a248747308f8","__parent":"Track_meshes","collisionType":"Visible Mesh Final","decalType":"Visible Mesh Final","isRenderEnabled":false,"shapeName":"/levels/west_coast_usa/art/shapes/roads/track_road_infield1.dae"}
{"class":"TSStatic","persistentId":"1666e505-8b6d-48f6-a64f-50dcfcb0a76f","__parent":"Track_meshes","collisionType":"Visible Mesh Final","decalType":"Visible Mesh Final","isRenderEnabled":false,"shapeName":"/levels/west_coast_usa/art/shapes/roads/track_road_sector4.dae"}
{"class":"TSStatic","persistentId":"3723782e-8341-4367-aaff-626ddc6d3254","__parent":"Track_meshes","collisionType":"Visible Mesh Final","decalType":"Visible Mesh Final","isRenderEnabled":false,"shapeName":"/levels/west_coast_usa/art/shapes/roads/track_road_sector3.dae"}
{"class":"TSStatic","persistentId":"3dc2298e-0ede-418b-afca-5f79ed4d3e08","__parent":"Track_meshes","decalType":"None","isRenderEnabled":false,"shapeName":"/levels/west_coast_usa/art/shapes/buildings/grandstand_main.dae"}
{"class":"TSStatic","persistentId":"449977e7-3ec5-4c12-a868-43a4ba3cdb9e","__parent":"Track_meshes","collisionType":"None","decalType":"None","isRenderEnabled":false,"shapeName":"/levels/west_coast_usa/art/shapes/roads/track_road_sector5_decals.dae"}
{"class":"TSStatic","persistentId":"48ff5cec-0fd8-4855-a27f-843d6ecbcb46","__parent":"Track_meshes","collisionType":"Visible Mesh Final","decalType":"Visible Mesh Final","isRenderEnabled":false,"shapeName":"/levels/west_coast_usa/art/shapes/roads/track_road_sector1.dae"}
{"class":"TSStatic","persistentId":"594aa165-f9ca-49c7-9322-93d2851707be","__parent":"Track_meshes","collisionType":"None","decalType":"None","isRenderEnabled":false,"shapeName":"/levels/west_coast_usa/art/shapes/roads/track_road_sector7_decals.dae"}
{"class":"TSStatic","persistentId":"5cf0a10a-3ea8-49d6-82b2-8e7a672ebfb1","__parent":"Track_meshes","collisionType":"Visible Mesh Final","decalType":"Visible Mesh Final","isRenderEnabled":false,"shapeName":"/levels/west_coast_usa/art/shapes/roads/track_road_sector2.dae"}
{"class":"TSStatic","persistentId":"5d4c3f9c-f53b-4f45-9caf-7ac206d8427e","__parent":"Track_meshes","position":[0,0,0.00200000009],"collisionType":"None","decalType":"None","isRenderEnabled":false,"rotationMatrix":[0.99999994,0,0,0,0.99999994,0,0,0,0.999999881],"shapeName":"/levels/west_coast_usa/art/shapes/roads/track_road_sector4_decals.dae"}
{"class":"TSStatic","persistentId":"5f75abd2-1d21-4e34-ac2d-247077e3d7bd","__parent":"Track_meshes","collisionType":"Visible Mesh Final","decalType":"Visible Mesh Final","isRenderEnabled":false,"shapeName":"/levels/west_coast_usa/art/shapes/roads/track_road_sector6.dae"}
{"class":"TSStatic","persistentId":"6545647f-31e5-468b-8684-2ec4f87dcddc","__parent":"Track_meshes","position":[-179.976959,-145.091507,120.021118],"decalType":"None","isRenderEnabled":false,"rotationMatrix":[0.810152233,0.586219609,5.91946809e-06,-0.586219609,0.810152233,8.22153834e-06,2.39558631e-08,-1.0130806e-05,1],"shapeName":"/art/shapes/race/dragstrip/dragstrip_tree_alder.dae"}
{"class":"TSStatic","persistentId":"6611c56b-b9fb-464e-8b11-687f95c564f5","__parent":"Track_meshes","collisionType":"None","decalType":"None","isRenderEnabled":false,"shapeName":"/levels/west_coast_usa/art/shapes/roads/track_road_sector3_decals.dae"}
{"class":"TSStatic","persistentId":"69b789b2-f1b1-4a35-923f-f8bbb58df8b3","__parent":"Track_meshes","collisionType":"None","decalType":"None","isRenderEnabled":false,"shapeName":"/levels/west_coast_usa/art/shapes/roads/track_road_sector2_decals.dae"}
{"class":"TSStatic","persistentId":"69f61ed0-cca4-427f-a169-14996c37df3a","__parent":"Track_meshes","collisionType":"None","decalType":"None","isRenderEnabled":false,"shapeName":"/levels/west_coast_usa/art/shapes/roads/track_road_sector6_decals.dae"}
{"class":"TSStatic","persistentId":"6bbc49f6-e34f-48f5-84e6-370337e5b7fa","__parent":"Track_meshes","collisionType":"Visible Mesh Final","decalType":"Visible Mesh Final","isRenderEnabled":false,"shapeName":"/levels/west_coast_usa/art/shapes/roads/track_road_sector8.dae"}
{"class":"TSStatic","persistentId":"7514e71f-605e-43ed-8a1a-ad829f997d13","__parent":"Track_meshes","decalType":"None","isRenderEnabled":false,"shapeName":"/levels/west_coast_usa/art/shapes/buildings/grandstand_round.dae"}
{"class":"TSStatic","persistentId":"892c094b-c07e-4607-9745-b0ce2d014ab6","__parent":"Track_meshes","collisionType":"None","decalType":"None","isRenderEnabled":false,"shapeName":"/levels/west_coast_usa/art/shapes/roads/track_road_sector1_decals.dae"}
{"class":"TSStatic","persistentId":"928829e2-3970-4971-84e4-84ebd8761517","__parent":"Track_meshes","collisionType":"Visible Mesh Final","decalType":"Visible Mesh Final","isRenderEnabled":false,"shapeName":"/levels/west_coast_usa/art/shapes/roads/track_road_sector7.dae"}
{"class":"TSStatic","persistentId":"9b4d8381-0b50-4398-908c-14e707516061","__parent":"Track_meshes","collisionType":"None","decalType":"None","isRenderEnabled":false,"shapeName":"/levels/west_coast_usa/art/shapes/roads/track_road_infield2_decals.dae","useInstanceRenderData":true}
{"class":"TSStatic","persistentId":"a9cdc886-189c-47bd-8b70-d800078908c0","__parent":"Track_meshes","decalType":"None","isRenderEnabled":false,"shapeName":"/levels/west_coast_usa/art/shapes/buildings/tower_track.dae"}
{"class":"TSStatic","persistentId":"bafd27ce-f914-475f-9675-f3b798b373ab","__parent":"Track_meshes","decalType":"None","isRenderEnabled":false,"shapeName":"/levels/west_coast_usa/art/shapes/buildings/grandstandb.dae"}
{"class":"TSStatic","persistentId":"dc327552-e119-4651-adb8-87326653adcb","__parent":"Track_meshes","position":[-0.885211825,0.00137018005,0.404356897],"decalType":"None","isRenderEnabled":false,"rotationMatrix":[0.999983072,-2.35047287e-06,-0.00581767363,-6.90763727e-07,0.999999881,-0.000522756251,0.00581767363,0.000522751478,0.999982953],"shapeName":"/levels/west_coast_usa/art/shapes/buildings/grandstandc.dae"}
{"class":"TSStatic","persistentId":"e038eeb9-44d2-477e-9525-2698bb085b97","__parent":"Track_meshes","collisionType":"Visible Mesh Final","decalType":"Visible Mesh Final","isRenderEnabled":false,"shapeName":"/levels/west_coast_usa/art/shapes/roads/track_road_sector5.dae"}
{"class":"TSStatic","persistentId":"e6a63fda-4901-4f30-8452-a76d68cdcf3e","__parent":"Track_meshes","isRenderEnabled":false,"shapeName":"/levels/west_coast_usa/art/shapes/buildings/billboards_dirttrack.dae"}
{"class":"TSStatic","persistentId":"edfa3684-a755-443e-b21e-51e2d6cf90e4","__parent":"Track_meshes","isRenderEnabled":false,"shapeName":"/levels/west_coast_usa/art/shapes/buildings/pitlane_buildings.dae"}
{"class":"TSStatic","persistentId":"f91396b4-a734-4e82-bf9f-780909cac0ce","__parent":"Track_meshes","decalType":"None","isRenderEnabled":false,"shapeName":"/levels/west_coast_usa/art/shapes/buildings/bridge_track.dae"}
{"class":"TSStatic","persistentId":"fe307dc7-5288-4cf3-b935-83c28b2fd7e1","__parent":"Track_meshes","collisionType":"None","decalType":"None","isRenderEnabled":false,"shapeName":"/levels/west_coast_usa/art/shapes/roads/track_road_sector8_decals.dae"}
{"class":"TSStatic","persistentId":"e6a63fda-4901-4f30-8452-a76d68cdcf3e","__parent":"Track_meshes","position":[681.950012,53.5499992,154.550003],"isRenderEnabled":false,"shapeName":"/levels/west_coast_usa/art/shapes/buildings/s_dirt_track_walls.dae"}
{"class":"TSStatic","persistentId":"e6a63fda-4901-4f30-8452-a76d68cdcf3e","__parent":"Track_meshes","position":[681.950012,53.5499992,154.550003],"isRenderEnabled":false,"shapeName":"/levels/west_coast_usa/art/shapes/buildings/s_dirt_track_walls_02.dae"}
{"class":"TSStatic","__parent":"Track_meshes","position":[318.304596,-368.94458,146.772888],"isRenderEnabled":false,"rotationMatrix":[-0.120270729,-0.992741287,1.8189894e-12,0.992741287,-0.120270729,-1.01308069e-05,1.00572697e-05,-1.21843595e-06,1],"shapeName":"/levels/west_coast_usa/art/shapes/objects/barrierfence_plain.dae","useInstanceRenderData":true}
{"class":"TSStatic","__parent":"Track_meshes","position":[318.665405,-365.96637,146.772888],"isRenderEnabled":false,"rotationMatrix":[-0.120270729,-0.992741287,1.8189894e-12,0.992741287,-0.120270729,-1.01308069e-05,1.00572697e-05,-1.21843595e-06,1],"shapeName":"/levels/west_coast_usa/art/shapes/objects/barrierfence_plain.dae","useInstanceRenderData":true}
{"class":"TSStatic","__parent":"Track_meshes","position":[319.747833,-357.031738,146.772888],"isRenderEnabled":false,"rotationMatrix":[-0.120270729,-0.992741287,1.8189894e-12,0.992741287,-0.120270729,-1.01308069e-05,1.00572697e-05,-1.21843595e-06,1],"shapeName":"/levels/west_coast_usa/art/shapes/objects/barrierfence_plain.dae","useInstanceRenderData":true}
{"class":"TSStatic","__parent":"Track_meshes","position":[319.387024,-360.009949,146.772888],"isRenderEnabled":false,"rotationMatrix":[-0.120270729,-0.992741287,1.8189894e-12,0.992741287,-0.120270729,-1.01308069e-05,1.00572697e-05,-1.21843595e-06,1],"shapeName":"/levels/west_coast_usa/art/shapes/objects/barrierfence_plain.dae","useInstanceRenderData":true}
{"class":"TSStatic","__parent":"Track_meshes","position":[319.026215,-362.988159,146.772888],"isRenderEnabled":false,"rotationMatrix":[-0.120270729,-0.992741287,1.8189894e-12,0.992741287,-0.120270729,-1.01308069e-05,1.00572697e-05,-1.21843595e-06,1],"shapeName":"/levels/west_coast_usa/art/shapes/objects/barrierfence_plain.dae","useInstanceRenderData":true}
{"class":"TSStatic","__parent":"Track_meshes","position":[321.191071,-345.118835,146.772888],"isRenderEnabled":false,"rotationMatrix":[-0.120270729,-0.992741287,1.8189894e-12,0.992741287,-0.120270729,-1.01308069e-05,1.00572697e-05,-1.21843595e-06,1],"shapeName":"/levels/west_coast_usa/art/shapes/objects/barrierfence_plain.dae","useInstanceRenderData":true}
{"class":"TSStatic","__parent":"Track_meshes","position":[320.830261,-348.097046,146.772888],"isRenderEnabled":false,"rotationMatrix":[-0.120270729,-0.992741287,1.8189894e-12,0.992741287,-0.120270729,-1.01308069e-05,1.00572697e-05,-1.21843595e-06,1],"shapeName":"/levels/west_coast_usa/art/shapes/objects/barrierfence_plain.dae","useInstanceRenderData":true}
{"class":"TSStatic","__parent":"Track_meshes","position":[320.469452,-351.075256,146.772888],"isRenderEnabled":false,"rotationMatrix":[-0.120270729,-0.992741287,1.8189894e-12,0.992741287,-0.120270729,-1.01308069e-05,1.00572697e-05,-1.21843595e-06,1],"shapeName":"/levels/west_coast_usa/art/shapes/objects/barrierfence_plain.dae","useInstanceRenderData":true}
{"class":"TSStatic","__parent":"Track_meshes","position":[320.108643,-354.053467,146.772888],"isRenderEnabled":false,"rotationMatrix":[-0.120270729,-0.992741287,1.8189894e-12,0.992741287,-0.120270729,-1.01308069e-05,1.00572697e-05,-1.21843595e-06,1],"shapeName":"/levels/west_coast_usa/art/shapes/objects/barrierfence_plain.dae","useInstanceRenderData":true}
{"class":"TSStatic","__parent":"Track_meshes","position":[321.55188,-342.140564,146.772888],"isRenderEnabled":false,"rotationMatrix":[-0.120270729,-0.992741287,1.8189894e-12,0.992741287,-0.120270729,-1.01308069e-05,1.00572697e-05,-1.21843595e-06,1],"shapeName":"/levels/west_coast_usa/art/shapes/objects/barrierfence_plain.dae","useInstanceRenderData":true}
{"class":"TSStatic","__parent":"Track_meshes","position":[321.912689,-339.162354,146.772888],"isRenderEnabled":false,"rotationMatrix":[-0.120270729,-0.992741287,1.8189894e-12,0.992741287,-0.120270729,-1.01308069e-05,1.00572697e-05,-1.21843595e-06,1],"shapeName":"/levels/west_coast_usa/art/shapes/objects/barrierfence_plain.dae","useInstanceRenderData":true}
{"class":"TSStatic","__parent":"Track_meshes","position":[322.273499,-336.184143,146.772888],"isRenderEnabled":false,"rotationMatrix":[-0.120270729,-0.992741287,1.8189894e-12,0.992741287,-0.120270729,-1.01308069e-05,1.00572697e-05,-1.21843595e-06,1],"shapeName":"/levels/west_coast_usa/art/shapes/objects/barrierfence_plain.dae","useInstanceRenderData":true}
{"class":"TSStatic","__parent":"Track_meshes","position":[322.634308,-333.205933,146.772888],"isRenderEnabled":false,"rotationMatrix":[-0.120270729,-0.992741287,1.8189894e-12,0.992741287,-0.120270729,-1.01308069e-05,1.00572697e-05,-1.21843595e-06,1],"shapeName":"/levels/west_coast_usa/art/shapes/objects/barrierfence_plain.dae","useInstanceRenderData":true}
{"class":"TSStatic","__parent":"Track_meshes","position":[324.299164,-331.561035,147.267166],"isRenderEnabled":false,"rotationMatrix":[-0.991473556,0.123260699,-0.0422677621,-0.123206861,-0.992373109,-0.00388636487,-0.0424244404,0.00135444989,0.999098778],"shapeName":"/levels/west_coast_usa/art/shapes/objects/barrierfence_plain.dae","useInstanceRenderData":true}
{"class":"TSStatic","__parent":"Track_meshes","position":[327.273651,-331.930847,147.393982],"isRenderEnabled":false,"rotationMatrix":[-0.991473556,0.123260699,-0.0422677621,-0.123206861,-0.992373109,-0.00388636487,-0.0424244404,0.00135444989,0.999098778],"shapeName":"/levels/west_coast_usa/art/shapes/objects/barrierfence_plain.dae","useInstanceRenderData":true}
{"class":"TSStatic","__parent":"Track_meshes","position":[330.248047,-332.300598,147.520798],"isRenderEnabled":false,"rotationMatrix":[-0.991473556,0.123260699,-0.0422677621,-0.123206861,-0.992373109,-0.00388636487,-0.0424244404,0.00135444989,0.999098778],"shapeName":"/levels/west_coast_usa/art/shapes/objects/barrierfence_plain.dae","useInstanceRenderData":true}
{"class":"TSStatic","__parent":"Track_meshes","position":[333.222443,-332.67041,147.647568],"isRenderEnabled":false,"rotationMatrix":[-0.991473556,0.123260699,-0.0422677621,-0.123206861,-0.992373109,-0.00388636487,-0.0424244404,0.00135444989,0.999098778],"shapeName":"/levels/west_coast_usa/art/shapes/objects/barrierfence_plain.dae","useInstanceRenderData":true}
{"class":"TSStatic","__parent":"Track_meshes","position":[336.196899,-333.040222,147.774399],"isRenderEnabled":false,"rotationMatrix":[-0.991473556,0.123260699,-0.0422677621,-0.123206861,-0.992373109,-0.00388636487,-0.0424244404,0.00135444989,0.999098778],"shapeName":"/levels/west_coast_usa/art/shapes/objects/barrierfence_plain.dae","useInstanceRenderData":true}
{"class":"TSStatic","__parent":"Track_meshes","position":[339.171234,-333.409943,147.901199],"isRenderEnabled":false,"rotationMatrix":[-0.991473556,0.123260699,-0.0422677621,-0.123206861,-0.992373109,-0.00388636487,-0.0424244404,0.00135444989,0.999098778],"shapeName":"/levels/west_coast_usa/art/shapes/objects/barrierfence_plain.dae","useInstanceRenderData":true}
{"class":"TSStatic","__parent":"Track_meshes","position":[342.145752,-333.779755,148.027985],"isRenderEnabled":false,"rotationMatrix":[-0.991473556,0.123260699,-0.0422677621,-0.123206861,-0.992373109,-0.00388636487,-0.0424244404,0.00135444989,0.999098778],"shapeName":"/levels/west_coast_usa/art/shapes/objects/barrierfence_plain.dae","useInstanceRenderData":true}
{"class":"TSStatic","__parent":"Track_meshes","position":[345.120178,-334.149536,148.154785],"isRenderEnabled":false,"rotationMatrix":[-0.991473556,0.123260699,-0.0422677621,-0.123206861,-0.992373109,-0.00388636487,-0.0424244404,0.00135444989,0.999098778],"shapeName":"/levels/west_coast_usa/art/shapes/objects/barrierfence_plain.dae","useInstanceRenderData":true}
{"class":"TSStatic","__parent":"Track_meshes","position":[348.094604,-334.519318,148.281586],"isRenderEnabled":false,"rotationMatrix":[-0.991473556,0.123260699,-0.0422677621,-0.123206861,-0.992373109,-0.00388636487,-0.0424244404,0.00135444989,0.999098778],"shapeName":"/levels/west_coast_usa/art/shapes/objects/barrierfence_plain.dae","useInstanceRenderData":true}
{"class":"TSStatic","__parent":"Track_meshes","position":[351.069031,-334.889099,148.408386],"isRenderEnabled":false,"rotationMatrix":[-0.991473556,0.123260699,-0.0422677621,-0.123206861,-0.992373109,-0.00388636487,-0.0424244404,0.00135444989,0.999098778],"shapeName":"/levels/west_coast_usa/art/shapes/objects/barrierfence_plain.dae","useInstanceRenderData":true}
{"class":"TSStatic","__parent":"Track_meshes","position":[354.043457,-335.258881,148.535187],"isRenderEnabled":false,"rotationMatrix":[-0.991473556,0.123260699,-0.0422677621,-0.123206861,-0.992373109,-0.00388636487,-0.0424244404,0.00135444989,0.999098778],"shapeName":"/levels/west_coast_usa/art/shapes/objects/barrierfence_plain.dae","useInstanceRenderData":true}
{"class":"TSStatic","__parent":"Track_meshes","position":[356.630219,-336.381226,148.622742],"isRenderEnabled":false,"rotationMatrix":[-0.797970057,0.602685988,-0.00368169509,-0.602437198,-0.797790289,-0.0244995784,-0.0177027714,-0.0173319373,0.999693036],"shapeName":"/levels/west_coast_usa/art/shapes/objects/barrierfence_plain.dae","useInstanceRenderData":true}
