{"class":"PointLight","persistentId":"8424b05d-3dfa-4e0f-952d-58c80d60f8ed","__parent":"hangar_objects","position":[-323.921356,-529.426636,134.952194],"brightness":1.25,"castShadows":true,"color":[0.996078014,0.870588005,0.674510002,1],"overDarkFactor":[1000,500,200,100],"radius":12,"rotationMatrix":[-8.54895916e-07,-0.707107604,0.707106113,0.000690601591,0.707105458,0.707107902,-1,0.000488932186,0.000487620593],"shadowDistance":200,"shadowSoftness":0.75,"texSize":256}
{"class":"TSStatic","persistentId":"0275c3b6-c76d-4cee-be22-98c56869e10a","__parent":"hangar_objects","position":[-320.592651,-523.798035,131.630386],"isRenderEnabled":false,"rotationMatrix":[0.993614554,-0.112828523,0,0.112828523,0.993614554,0,0,0,1],"shapeName":"/levels/utah/art/shapes/clutter/clutter_workshop_green_can.dae"}
{"class":"TSStatic","persistentId":"048c1b55-a467-4d11-927f-91f3d43ec73b","__parent":"hangar_objects","position":[-320.960938,-524.349487,130.883041],"isRenderEnabled":false,"rotationMatrix":[0.724498212,-0.689276814,0,0.689276755,0.724498153,0,0,0,1],"shapeName":"/levels/utah/art/shapes/clutter/clutter_workshop_short_bottle.dae"}
{"class":"TSStatic","persistentId":"06a77f3a-2afa-460f-b7c3-3d7b00670e44","__parent":"hangar_objects","position":[-324.071075,-524.406189,130.383438],"isRenderEnabled":false,"rotationMatrix":[-8.94069885e-08,-1,0,1,-8.94069885e-08,0,0,0,1],"shapeName":"/levels/Utah/art/shapes/clutter/clutter_barrels_red.dae"}
{"class":"TSStatic","persistentId":"06ef242d-f103-4dd9-a938-7c77ba89f469","__parent":"hangar_objects","position":[-328.516296,-522.862366,131.928101],"isRenderEnabled":false,"rotationMatrix":[-0.0936557502,-0.445665807,-0.890286863,-0.183091551,-0.871256709,0.455400288,-0.978624582,0.205654815,5.5134285e-07],"shapeName":"/levels/Utah/art/shapes/clutter/clutter_barrels_red.dae"}
{"class":"TSStatic","persistentId":"08bb3992-8107-4e82-b55e-562e3683b4c8","__parent":"hangar_objects","position":[-323.476715,-524.50592,130.383438],"isRenderEnabled":false,"rotationMatrix":[0.523032546,0.852312744,0,-0.852312744,0.523032546,0,0,0,1],"shapeName":"/levels/Utah/art/shapes/clutter/clutter_barrels_white.dae"}
{"class":"TSStatic","persistentId":"1083ade0-1428-43d0-9cd7-b7c8bf491f5b","__parent":"hangar_objects","position":[-321.94928,-524.104187,130.883041],"isRenderEnabled":false,"rotationMatrix":[-0.516072214,-0.856545091,0,0.856545091,-0.516072214,0,0,0,1],"shapeName":"/levels/utah/art/shapes/clutter/clutter_workshop_short_bottle.dae"}
{"class":"TSStatic","persistentId":"132f0d9d-22aa-4243-ba32-677c7a3c0267","__parent":"hangar_objects","position":[-325.189178,-523.594238,131.682541],"isRenderEnabled":false,"rotationMatrix":[-0.328652948,0.944450796,-4.63210199e-08,1.6019543e-08,-4.347093e-08,-1,-0.944450796,-0.328652948,-8.42820813e-10],"shapeName":"/levels/utah/art/shapes/clutter/clutter_workshop_black_oil.dae"}
{"class":"TSStatic","persistentId":"159bcf64-c694-4a3d-9b86-f2a09167ec81","__parent":"hangar_objects","position":[-319.325592,-524.729004,130.881821],"isRenderEnabled":false,"rotationMatrix":[0.161203489,0.986921251,0,-0.986921251,0.161203489,0,0,0,1],"shapeName":"/levels/utah/art/shapes/clutter/clutter_workshop_white_bottle.dae"}
{"class":"TSStatic","persistentId":"165d01d9-5a69-44a0-8cd9-63b9713cbe0f","__parent":"hangar_objects","position":[-320.854706,-524.334167,130.883041],"isRenderEnabled":false,"rotationMatrix":[0.910551846,0.413394988,0,-0.413394988,0.910551846,0,0,0,1],"shapeName":"/levels/utah/art/shapes/clutter/clutter_workshop_short_bottle.dae"}
{"class":"TSStatic","persistentId":"18ea185d-c177-4256-9a08-4d7823d84d47","__parent":"hangar_objects","position":[-318.848602,-524.617737,130.876572],"isRenderEnabled":false,"rotationMatrix":[0.980231047,-0.197856307,0,0.197856307,0.980231047,0,0,0,1],"shapeName":"/levels/utah/art/shapes/clutter/clutter_workshop_toolbox.dae"}
{"class":"TSStatic","persistentId":"1dd5d26d-0466-4089-b623-f48ccf149a20","__parent":"hangar_objects","position":[-319.511108,-525.325012,130.531372],"isRenderEnabled":false,"rotationMatrix":[0.523032546,0.852312744,0,-0.852312744,0.523032546,0,0,0,1],"shapeName":"/levels/Utah/art/shapes/clutter/clutter_barrels_white.dae"}
{"class":"TSStatic","persistentId":"2486731b-fa4c-4d39-9120-36be23b0c482","__parent":"hangar_objects","position":[-323.615204,-523.628662,130.382309],"isRenderEnabled":false,"rotationMatrix":[0.984807909,-0.173647821,0,0.173647791,0.984807789,0,0,0,1],"shapeName":"/levels/utah/art/shapes/clutter/clutter_workshop_shelves_4x1.dae"}
{"class":"TSStatic","persistentId":"25d539fe-e012-4f4d-8ec7-1dd3b2570789","__parent":"hangar_objects","position":[-331.089417,-523.114929,130.383438],"isRenderEnabled":false,"rotationMatrix":[0.135754839,0.990742445,0,-0.990742445,0.135754839,0,0,0,1],"shapeName":"/levels/Utah/art/shapes/clutter/clutter_barrels_red.dae"}
{"class":"TSStatic","persistentId":"28871513-8a81-4044-8114-058565e7c6a4","__parent":"hangar_objects","position":[-319.579254,-524.333679,130.382309],"isRenderEnabled":false,"rotationMatrix":[0.984807909,-0.173647821,0,0.173647791,0.984807789,0,0,0,1],"shapeName":"/levels/utah/art/shapes/clutter/clutter_workshop_shelves_4x1.dae"}
{"class":"TSStatic","persistentId":"28c57de6-5eb8-4720-b6bd-de00b8785670","__parent":"hangar_objects","position":[-327.338501,-522.742126,132.381546],"isRenderEnabled":false,"rotationMatrix":[0.534733355,0.84502089,0,-0.84502089,0.534733355,0,0,0,1],"shapeName":"/levels/Utah/art/shapes/clutter/clutter_barrels_red.dae"}
{"class":"TSStatic","persistentId":"2bc31f08-f64a-4a3a-ba31-a0e6c0e53bec","__parent":"hangar_objects","position":[-321.805328,-524.118042,130.883041],"isRenderEnabled":false,"rotationMatrix":[0.600728393,-0.799453199,0,0.799453199,0.600728393,0,0,0,1],"shapeName":"/levels/utah/art/shapes/clutter/clutter_workshop_short_bottle.dae"}
{"class":"TSStatic","persistentId":"2bfc206a-4ea4-448b-bf41-19633fbf4c21","__parent":"hangar_objects","position":[-320.97403,-524.381042,131.682541],"isRenderEnabled":false,"rotationMatrix":[-0.328652948,0.944450796,-4.63210199e-08,1.6019543e-08,-4.347093e-08,-1,-0.944450796,-0.328652948,-8.42820813e-10],"shapeName":"/levels/utah/art/shapes/clutter/clutter_workshop_black_oil.dae"}
{"class":"TSStatic","persistentId":"2c33fdd3-4e24-401d-b15b-60de9a098019","__parent":"hangar_objects","position":[-319.553528,-525.386719,130.38002],"isRenderEnabled":false,"rotationMatrix":[0.484699249,-0.874680936,0,0.874680936,0.484699249,0,0,0,1],"shapeName":"/levels/utah/art/shapes/clutter/clutter_workshop_hand_dolly.dae"}
{"class":"TSStatic","persistentId":"2d5473e1-d0b3-4277-9209-9bd8a1d4694d","__parent":"hangar_objects","position":[-321.978241,-524.564209,130.490555],"isRenderEnabled":false,"rotationMatrix":[0.195981055,0.980602682,-0.00312673766,0.0339185782,-0.00359215774,0.999418199,0.98002094,-0.195973083,-0.0339646414],"shapeName":"/levels/utah/art/shapes/clutter/clutter_workshop_broom.dae"}
{"class":"TSStatic","persistentId":"37be0ad4-b752-4dbc-949a-1e009d142eda","__parent":"hangar_objects","position":[-317.013123,-538.328369,130.383438],"isRenderEnabled":false,"rotationMatrix":[-8.94069885e-08,-1,0,1,-8.94069885e-08,0,0,0,1],"shapeName":"/levels/Utah/art/shapes/clutter/clutter_barrels_red.dae"}
{"class":"TSStatic","persistentId":"39539d7f-d9bb-453f-85cf-f7bf718e4977","__parent":"hangar_objects","position":[-320.509857,-524.4245,130.883041],"isRenderEnabled":false,"rotationMatrix":[-0.982514441,-0.186186627,0,0.186186627,-0.982514441,0,0,0,1],"shapeName":"/levels/utah/art/shapes/clutter/clutter_workshop_short_bottle.dae"}
{"class":"TSStatic","persistentId":"39b59c71-3794-4792-93f0-f9fbda066ad7","__parent":"hangar_objects","position":[-320.713654,-524.42041,130.881821],"isRenderEnabled":false,"rotationMatrix":[-8.94069885e-08,-1,0,1,-8.94069885e-08,0,0,0,1],"shapeName":"/levels/utah/art/shapes/clutter/clutter_workshop_white_bottle.dae"}
{"class":"TSStatic","persistentId":"3de401f6-1a53-4e0e-be74-b5b8390aa555","__parent":"hangar_objects","position":[-323.839935,-524.576965,131.244965],"isRenderEnabled":false,"rotationMatrix":[-8.94069885e-08,-1,0,1,-8.94069885e-08,0,0,0,1],"shapeName":"/levels/Utah/art/shapes/clutter/clutter_barrels_red.dae"}
{"class":"TSStatic","persistentId":"4386e928-ea89-47b1-8de6-c9e585299f84","__parent":"hangar_objects","position":[-329.201874,-522.867798,130.876572],"isRenderEnabled":false,"rotationMatrix":[0.980231047,-0.197856307,0,0.197856307,0.980231047,0,0,0,1],"shapeName":"/levels/utah/art/shapes/clutter/clutter_workshop_toolbox.dae"}
{"class":"TSStatic","persistentId":"43e21d03-c211-4f35-971b-253460b5d648","__parent":"hangar_objects","position":[-316.67514,-537.738403,130.677383],"isRenderEnabled":false,"rotationMatrix":[-5.96046377e-08,-1,9.94759695e-14,-8.94073153e-08,1.0480506e-13,1,-1,5.96046377e-08,-8.94073153e-08],"shapeName":"/levels/Utah/art/shapes/clutter/clutter_barrels_red.dae"}
{"class":"TSStatic","persistentId":"4b5ccff7-b7cd-4018-bdfb-71512c515682","__parent":"hangar_objects","position":[-322.1026,-524.092041,130.8797],"isRenderEnabled":false,"rotationMatrix":[0.652341783,0.757924914,0,-0.757924914,0.652341783,0,0,0,1],"shapeName":"/levels/utah/art/shapes/clutter/clutter_workshop_black_oil.dae"}
{"class":"TSStatic","persistentId":"4de81cb3-4ca1-4e27-8dd0-dea10b6d0d20","__parent":"hangar_objects","position":[-321.434265,-524.37561,131.631546],"isRenderEnabled":false,"rotationMatrix":[0.988940299,-0.148314178,0,0.148314178,0.988940299,0,0,0,1],"shapeName":"/levels/utah/art/shapes/clutter/clutter_workshop_black_oil.dae"}
{"class":"TSStatic","persistentId":"4fae0edd-c460-4b57-bb79-c19218a510a1","__parent":"hangar_objects","position":[-328.866119,-523.067078,130.881821],"isRenderEnabled":false,"rotationMatrix":[0.99499023,-0.0999721438,0,0.0999721438,0.99499023,0,0,0,1],"shapeName":"/levels/utah/art/shapes/clutter/clutter_workshop_white_bottle.dae"}
{"class":"TSStatic","persistentId":"54bca39d-661f-4493-929e-cd3747499824","__parent":"hangar_objects","position":[-320.741302,-524.276062,130.881821],"isRenderEnabled":false,"rotationMatrix":[0.161203489,0.986921251,0,-0.986921251,0.161203489,0,0,0,1],"shapeName":"/levels/utah/art/shapes/clutter/clutter_workshop_white_bottle.dae"}
{"class":"TSStatic","persistentId":"5668ae90-108e-4019-9731-82289fe9a5ed","__parent":"hangar_objects","position":[-322.590515,-523.981201,130.883041],"isRenderEnabled":false,"rotationMatrix":[-0.139094859,0.990279078,0,-0.990279078,-0.139094859,0,0,0,1],"shapeName":"/levels/utah/art/shapes/clutter/clutter_workshop_short_bottle.dae"}
{"class":"TSStatic","persistentId":"5a6e1ad6-9c75-4c2c-b0ef-fecb1c5a38ee","__parent":"hangar_objects","position":[-315.089417,-526.791748,130.383438],"isRenderEnabled":false,"rotationMatrix":[0.135754839,0.990742445,0,-0.990742445,0.135754839,0,0,0,1],"shapeName":"/levels/Utah/art/shapes/clutter/clutter_barrels_red.dae"}
{"class":"TSStatic","persistentId":"5b21f484-7882-47d3-9bbc-ab23a7fda98b","__parent":"hangar_objects","position":[-327.829895,-523.255981,130.881821],"isRenderEnabled":false,"rotationMatrix":[0.536243081,0.84406358,0,-0.84406358,0.536243081,0,0,0,1],"shapeName":"/levels/utah/art/shapes/clutter/clutter_workshop_white_bottle.dae"}
{"class":"TSStatic","persistentId":"60a92960-5d04-487e-ab37-e1081de1e8d6","__parent":"hangar_objects","position":[-318.072571,-524.492981,130.880432],"isRenderEnabled":false,"rotationMatrix":[-0.583137929,0.812373281,0,-0.812373221,-0.583137929,0,0,0,1],"shapeName":"/levels/utah/art/shapes/clutter/clutter_workshop_white_bucket.dae"}
{"class":"TSStatic","persistentId":"61694452-55e2-4565-9d9a-b2dfe56f8b58","__parent":"hangar_objects","position":[-324.815369,-524.23938,130.383438],"isRenderEnabled":false,"rotationMatrix":[-0.376138061,-0.92656368,0,0.92656368,-0.376138061,0,0,0,1],"shapeName":"/levels/Utah/art/shapes/clutter/clutter_barrels_white.dae"}
{"class":"TSStatic","persistentId":"61bd1f2f-1371-4585-93cb-e201b5a248f6","__parent":"hangar_objects","position":[-325.602173,-524.181335,130.610855],"isRenderEnabled":false,"rotationMatrix":[-0.689460516,-0.724323273,-5.59074493e-08,-0.00740428781,0.00704798568,-0.999947786,0.724285483,-0.689424515,-0.0102224061],"shapeName":"/levels/utah/art/shapes/clutter/clutter_workshop_hand_truck.dae"}
{"class":"TSStatic","persistentId":"64f93ef0-aa93-4783-9545-e71a9d877b8d","__parent":"hangar_objects","position":[-321.044647,-523.874512,131.052322],"isRenderEnabled":false,"rotationMatrix":[-0.0249421503,-0.0253266338,-0.999368072,0.712494195,-0.701677978,3.72528852e-09,-0.701234579,-0.712044001,0.0355464406],"shapeName":"/levels/utah/art/shapes/clutter/clutter_workshop_white_bucket.dae"}
{"name":"antenna","class":"TSStatic","persistentId":"65559596-e73d-4e8b-a1d8-610184238dca","__parent":"hangar_objects","position":[-312.360901,-538.869019,130.66304],"isRenderEnabled":false,"rotationMatrix":[0.984807909,-0.173647821,0,0.173647791,0.984807789,0,0,0,1],"shapeName":"/levels/utah/art/shapes/buildings/airport_antenna.dae"}
{"class":"TSStatic","persistentId":"6b7d6e6e-61e1-4813-991f-6edf2586ca04","__parent":"hangar_objects","position":[-327.644989,-522.901489,130.382309],"isRenderEnabled":false,"rotationMatrix":[0.984807909,-0.173647821,0,0.173647791,0.984807789,0,0,0,1],"shapeName":"/levels/utah/art/shapes/clutter/clutter_workshop_shelves_4x1.dae"}
{"class":"TSStatic","persistentId":"6c4a8062-f07c-4ea1-a35c-8b214f8cb66c","__parent":"hangar_objects","position":[-323.238281,-523.549683,132.381546],"isRenderEnabled":false,"rotationMatrix":[0.998438597,0.055860728,0,-0.055860728,0.998438597,0,0,0,1],"shapeName":"/levels/Utah/art/shapes/clutter/clutter_barrels_red.dae"}
{"class":"TSStatic","persistentId":"6e719a19-1256-4668-b829-a0bdefb5d3b0","__parent":"hangar_objects","position":[-320.75116,-524.214783,131.701965],"isRenderEnabled":false,"rotationMatrix":[-0.385665715,-0.922638535,4.67306158e-08,-1.90451512e-08,-4.2687951e-08,-1,0.922638535,-0.385665715,-1.10851039e-09],"shapeName":"/levels/utah/art/shapes/clutter/clutter_workshop_green_can.dae"}
{"class":"TSStatic","persistentId":"6ee8ffa0-a7c2-4886-8fd5-abfd1b7d7249","__parent":"hangar_objects","position":[-323.63382,-523.382507,131.627502],"isRenderEnabled":false,"rotationMatrix":[0.948928416,0.315491676,0,-0.315491676,0.948928416,0,0,0,1],"shapeName":"/levels/utah/art/shapes/clutter/clutter_workshop_white_bucket.dae"}
{"class":"TSStatic","persistentId":"729006fc-ea9d-43cd-8886-c281b816872b","__parent":"hangar_objects","position":[-324.508942,-523.628052,131.746826],"isRenderEnabled":false,"rotationMatrix":[0.195981055,0.980602682,-0.00312673766,0.0339185782,-0.00359215774,0.999418199,0.98002094,-0.195973083,-0.0339646414],"shapeName":"/levels/utah/art/shapes/clutter/clutter_workshop_broom.dae"}
{"class":"TSStatic","persistentId":"814c2508-9bf5-4e9c-a39b-fa64daa10583","__parent":"hangar_objects","position":[-323.880035,-524.981445,130.383438],"isRenderEnabled":false,"rotationMatrix":[0.704787433,-0.709418535,0,0.709418535,0.704787433,0,0,0,1],"shapeName":"/levels/Utah/art/shapes/clutter/clutter_barrels_white.dae"}
{"class":"TSStatic","persistentId":"86ce30a6-b442-44ae-b636-76ca59cffd74","__parent":"hangar_objects","position":[-329.990692,-522.501831,131.245132],"isRenderEnabled":false,"rotationMatrix":[0.68599242,0.72760874,0,-0.72760874,0.68599242,0,0,0,1],"shapeName":"/levels/Utah/art/shapes/clutter/clutter_barrels_white.dae"}
{"class":"TSStatic","persistentId":"86f184cc-d79d-4e94-a203-da4a58e57df6","__parent":"hangar_objects","position":[-322.142365,-524.220764,132.381592],"isRenderEnabled":false,"rotationMatrix":[0.988940299,-0.148314178,0,0.148314178,0.988940299,0,0,0,1],"shapeName":"/levels/utah/art/shapes/clutter/clutter_workshop_black_oil.dae"}
{"class":"TSStatic","persistentId":"88a5bc3e-ff0f-429c-a476-890e05e4bfa3","__parent":"hangar_objects","position":[-330.185699,-523.246887,130.38002],"isRenderEnabled":false,"rotationMatrix":[0.771386802,0.636366606,0,-0.636366606,0.771386802,0,0,0,1],"shapeName":"/levels/utah/art/shapes/clutter/clutter_workshop_hand_dolly.dae"}
{"class":"TSStatic","persistentId":"89ad3195-1d2c-446e-9ecf-2494d2cfd438","__parent":"hangar_objects","position":[-315.613464,-525.308716,130.66539],"isRenderEnabled":false,"rotationMatrix":[0.21052587,1.27777446e-06,-0.977588296,0.977588296,6.25848656e-07,0.21052587,8.8082686e-07,-1,-1.11737995e-06],"shapeName":"/levels/Utah/art/shapes/clutter/clutter_barrels_white.dae"}
{"name":"clutter_fire_2","class":"TSStatic","persistentId":"8cce4c31-7382-42e5-bf47-b07878703f03","__parent":"hangar_objects","position":[-323.889648,-525.041077,131.227478],"isRenderEnabled":false,"rotationMatrix":[0.955213726,0.295916855,0,-0.295916855,0.955213726,0,0,0,1],"shapeName":"/levels/utah/art/shapes/clutter/clutter_workshop_fire_extinguisher.dae"}
{"class":"TSStatic","persistentId":"90e0a9d7-a6c2-4abe-bec9-5ab77464d9f1","__parent":"hangar_objects","position":[-317.25412,-524.602173,130.383438],"isRenderEnabled":false,"rotationMatrix":[-0.99907136,0.0430877693,0,-0.0430877656,-0.99907136,0,0,0,1],"shapeName":"/levels/Utah/art/shapes/clutter/clutter_barrels_red.dae"}
{"class":"TSStatic","persistentId":"9490815a-292c-4561-b12b-c40837949cbf","__parent":"hangar_objects","position":[-328.707153,-523.005493,130.881821],"isRenderEnabled":false,"rotationMatrix":[-0.35324952,0.935529172,0,-0.935529172,-0.35324952,0,0,0,1],"shapeName":"/levels/utah/art/shapes/clutter/clutter_workshop_white_bottle.dae"}
{"class":"TSStatic","persistentId":"9894bdf5-909e-4a21-9f83-0a435d82f9d6","__parent":"hangar_objects","position":[-322.61438,-524.100647,130.8797],"isRenderEnabled":false,"rotationMatrix":[0.710346937,-0.703851759,0,0.703851759,0.710346937,0,0,0,1],"shapeName":"/levels/utah/art/shapes/clutter/clutter_workshop_black_oil.dae"}
{"class":"TSStatic","persistentId":"9d954d4a-6c26-47fe-9d1d-b935bf902e0c","__parent":"hangar_objects","position":[-314.973053,-526.097595,130.383438],"isRenderEnabled":false,"rotationMatrix":[0.210526869,-0.977588117,0,0.977588117,0.210526869,0,0,0,1],"shapeName":"/levels/Utah/art/shapes/clutter/clutter_barrels_white.dae"}
{"class":"TSStatic","persistentId":"9de2ae87-7c85-4970-967d-571cd9826880","__parent":"hangar_objects","position":[-322.359528,-524.670471,130.410843],"isRenderEnabled":false,"rotationMatrix":[0.9906708,-0.131233945,0.0367311388,0.136277378,0.954007268,-0.267017871,3.35276056e-08,0.269532412,0.962991357],"shapeName":"/levels/utah/art/shapes/clutter/clutter_workshop_broom.dae"}
{"class":"TSStatic","persistentId":"9e154a27-04d9-4927-8e14-37feea2115b9","__parent":"hangar_objects","position":[-326.828613,-523.131714,132.379837],"isRenderEnabled":false,"rotationMatrix":[-0.985583663,-0.169188678,0,0.169188678,-0.985583663,0,0,0,1],"shapeName":"/levels/utah/art/shapes/clutter/clutter_workshop_white_bucket.dae"}
{"class":"TSStatic","persistentId":"a50f588b-ae33-4baa-be6a-c2280d6e28ed","__parent":"hangar_objects","position":[-325.070953,-523.739197,131.631546],"isRenderEnabled":false,"rotationMatrix":[0.914423347,0.404759258,0,-0.404759288,0.914423347,0,0,0,1],"shapeName":"/levels/utah/art/shapes/clutter/clutter_workshop_black_oil.dae"}
{"class":"TSStatic","persistentId":"a69173c1-384c-430f-8a97-08211d4e3f0a","__parent":"hangar_objects","position":[-320.405731,-523.981812,131.630386],"isRenderEnabled":false,"rotationMatrix":[0.925184429,0.379517913,0,-0.379517913,0.925184429,0,0,0,1],"shapeName":"/levels/utah/art/shapes/clutter/clutter_workshop_green_can.dae"}
{"class":"TSStatic","persistentId":"aec839e5-ac98-4eab-a2f5-f7bb8630639d","__parent":"hangar_objects","position":[-321.294769,-524.319824,131.631546],"isRenderEnabled":false,"rotationMatrix":[0.221587077,0.975140631,0,-0.975140631,0.221587077,0,0,0,1],"shapeName":"/levels/utah/art/shapes/clutter/clutter_workshop_black_oil.dae"}
{"class":"TSStatic","persistentId":"b053bfc0-330d-41d6-8f28-6084f2f7760b","__parent":"hangar_objects","position":[-324.983002,-523.617371,131.631546],"isRenderEnabled":false,"rotationMatrix":[-0.335501701,0.942039609,0,-0.942039609,-0.335501701,0,0,0,1],"shapeName":"/levels/utah/art/shapes/clutter/clutter_workshop_black_oil.dae"}
{"class":"TSStatic","persistentId":"b17abce2-c34b-4b9f-a861-c1975ff98b3f","__parent":"hangar_objects","position":[-327.947388,-523.256104,132.452621],"isRenderEnabled":false,"rotationMatrix":[2.68220759e-07,0.844064534,-0.536241591,-2.14576721e-06,0.536241591,0.844064534,1,9.24253982e-07,1.95499706e-06],"shapeName":"/levels/utah/art/shapes/clutter/clutter_workshop_white_bottle.dae"}
{"name":"hangar","class":"TSStatic","persistentId":"b3a0de7d-0b3b-4819-bbc2-c8f84b23f1b9","__parent":"hangar_objects","position":[-324.111572,-530.710693,130.383072],"decalType":"Visible Mesh Final","isRenderEnabled":false,"rotationMatrix":[0.984807909,-0.173647821,0,0.173647791,0.984807789,0,0,0,1],"shapeName":"/levels/utah/art/shapes/buildings/airport_hangar.dae"}
{"class":"TSStatic","persistentId":"b418dda2-607b-430d-a68e-4180d619f22d","__parent":"hangar_objects","position":[-328.737976,-522.767151,130.881821],"isRenderEnabled":false,"rotationMatrix":[-0.751055598,0.660238922,0,-0.660238922,-0.751055598,0,0,0,1],"shapeName":"/levels/utah/art/shapes/clutter/clutter_workshop_white_bottle.dae"}
{"class":"TSStatic","persistentId":"b4bcbb12-9b87-467e-b463-70ca63935f55","__parent":"hangar_objects","position":[-322.743103,-523.956055,130.883041],"isRenderEnabled":false,"rotationMatrix":[0.865987957,0.500064969,0,-0.500064969,0.865987957,0,0,0,1],"shapeName":"/levels/utah/art/shapes/clutter/clutter_workshop_short_bottle.dae"}
{"class":"TSStatic","persistentId":"b60b92cc-2f48-4b38-8e9e-2188cbacd163","__parent":"hangar_objects","position":[-321.057617,-524.232361,130.883041],"isRenderEnabled":false,"rotationMatrix":[-0.99999702,-0.00247000158,0,0.00247000158,-0.99999702,0,0,0,1],"shapeName":"/levels/utah/art/shapes/clutter/clutter_workshop_short_bottle.dae"}
{"class":"TSStatic","persistentId":"b7da604b-771e-467f-94b1-25d18b3b6026","__parent":"hangar_objects","position":[-319.826721,-524.190491,131.631271],"isRenderEnabled":false,"rotationMatrix":[-0.630490065,0.776197374,0,-0.776197374,-0.630490065,0,0,0,1],"shapeName":"/levels/utah/art/shapes/clutter/clutter_workshop_white_bucket.dae"}
{"class":"TSStatic","persistentId":"bac0c4ac-77b4-4969-bc71-4f3cb58eba7e","__parent":"hangar_objects","position":[-327.710724,-523.04541,131.928101],"isRenderEnabled":false,"rotationMatrix":[-5.96046377e-08,-1,-9.94759695e-14,-8.94073153e-08,1.0480506e-13,-1,1,-5.96046377e-08,-8.94073153e-08],"shapeName":"/levels/Utah/art/shapes/clutter/clutter_barrels_red.dae"}
{"class":"TSStatic","persistentId":"bbcf7e3a-95a0-42dd-8727-84ab083a181f","__parent":"hangar_objects","position":[-320.402863,-524.434753,130.883041],"isRenderEnabled":false,"rotationMatrix":[-0.540814459,0.841141939,0,-0.841141939,-0.540814459,0,0,0,1],"shapeName":"/levels/utah/art/shapes/clutter/clutter_workshop_short_bottle.dae"}
{"class":"TSStatic","persistentId":"c4b94040-1ea4-4384-9996-758ff0423729","__parent":"hangar_objects","position":[-324.473785,-523.446655,132.379837],"isRenderEnabled":false,"rotationMatrix":[-0.194027975,0.980996013,0,-0.980996013,-0.194027975,0,0,0,1],"shapeName":"/levels/utah/art/shapes/clutter/clutter_workshop_white_bucket.dae"}
{"class":"TSStatic","persistentId":"c7ae8816-27f1-451d-8a3e-886db232e10f","__parent":"hangar_objects","position":[-318.376007,-524.504028,131.630386],"isRenderEnabled":false,"rotationMatrix":[0.965796828,0.259300083,0,-0.259300083,0.965796828,0,0,0,1],"shapeName":"/levels/utah/art/shapes/clutter/clutter_workshop_green_can.dae"}
{"class":"TSStatic","persistentId":"c8d5c13b-5d8d-4776-8885-9559e98ca316","__parent":"hangar_objects","position":[-322.580444,-523.865173,130.883041],"isRenderEnabled":false,"rotationMatrix":[0.640338302,-0.76809305,0,0.76809305,0.640338302,0,0,0,1],"shapeName":"/levels/utah/art/shapes/clutter/clutter_workshop_short_bottle.dae"}
{"class":"TSStatic","persistentId":"c9e30d64-56fe-47a6-99dc-70c2b35727d4","__parent":"hangar_objects","position":[-317.895477,-524.844421,130.880432],"isRenderEnabled":false,"rotationMatrix":[-8.94069885e-08,-1,0,1,-8.94069885e-08,0,0,0,1],"shapeName":"/levels/utah/art/shapes/clutter/clutter_workshop_white_bucket.dae"}
{"class":"TSStatic","persistentId":"cb9719b7-6cd9-46d1-a734-29f1455ab4a5","__parent":"hangar_objects","position":[-327.872467,-523.233276,131.631546],"isRenderEnabled":false,"rotationMatrix":[0.995514035,0.0946143642,0,-0.0946143717,0.995514035,0,0,0,1],"shapeName":"/levels/utah/art/shapes/clutter/clutter_workshop_short_bottle.dae"}
{"class":"TSStatic","persistentId":"cc890b73-ea8e-4b6a-8328-992dd166a60b","__parent":"hangar_objects","position":[-322.745575,-524.147217,130.883041],"isRenderEnabled":false,"rotationMatrix":[-0.280352741,-0.959897041,0,0.959897041,-0.280352741,0,0,0,1],"shapeName":"/levels/utah/art/shapes/clutter/clutter_workshop_short_bottle.dae"}
{"class":"TSStatic","persistentId":"d2d94299-9a7e-40a3-ade5-6879bc0014a2","__parent":"hangar_objects","position":[-318.640137,-524.297119,131.631271],"isRenderEnabled":false,"rotationMatrix":[-0.996091902,-0.0883236602,0,0.0883236527,-0.996091902,0,0,0,1],"shapeName":"/levels/utah/art/shapes/clutter/clutter_workshop_white_bucket.dae"}
{"class":"TSStatic","persistentId":"d6821119-e680-4eea-9977-550f3821d3d2","__parent":"hangar_objects","position":[-329.185547,-522.868225,131.176514],"isRenderEnabled":false,"rotationMatrix":[0.962002575,0.273040593,0,-0.273040593,0.962002575,0,0,0,1],"shapeName":"/levels/utah/art/shapes/clutter/clutter_workshop_toolbox.dae"}
{"class":"TSStatic","persistentId":"d80a06cd-ca0a-4afc-827b-b5402ed1251d","__parent":"hangar_objects","position":[-325.379883,-523.487488,131.631546],"isRenderEnabled":false,"rotationMatrix":[-0.139094859,0.990279078,0,-0.990279078,-0.139094859,0,0,0,1],"shapeName":"/levels/utah/art/shapes/clutter/clutter_workshop_short_bottle.dae"}
{"class":"TSStatic","persistentId":"d90e2e47-8294-4b6e-9f4e-d17b9602c280","__parent":"hangar_objects","position":[-327.94342,-522.719727,131.172195],"isRenderEnabled":false,"rotationMatrix":[-0.485222548,-0.517527044,-0.704787195,0.482052773,0.514149845,-0.709418833,0.729509592,-0.683970571,-1.74343529e-06],"shapeName":"/levels/Utah/art/shapes/clutter/clutter_barrels_white.dae"}
{"class":"TSStatic","persistentId":"dc0074ab-74f2-4a25-a5e4-49c0cb3019ba","__parent":"hangar_objects","position":[-321.029358,-523.838196,131.630386],"isRenderEnabled":false,"rotationMatrix":[-0.0482691377,-0.998834372,0,0.998834372,-0.0482691377,0,0,0,1],"shapeName":"/levels/utah/art/shapes/clutter/clutter_workshop_green_can.dae"}
{"name":"clutter_fire_1","class":"TSStatic","persistentId":"dda7dbd5-a6d1-4b3a-897c-56be737ee006","__parent":"hangar_objects","position":[-318.110352,-524.487793,131.630173],"isRenderEnabled":false,"rotationMatrix":[-0.0467205234,-0.998908043,0,0.998908043,-0.0467205197,0,0,0,1],"shapeName":"/levels/utah/art/shapes/clutter/clutter_workshop_fire_extinguisher.dae"}
{"class":"TSStatic","persistentId":"ddc96e47-f795-4fd1-b40e-90077e3119d0","__parent":"hangar_objects","position":[-315.018402,-525.459717,130.383438],"isRenderEnabled":false,"rotationMatrix":[0.523032546,0.852312744,0,-0.852312744,0.523032546,0,0,0,1],"shapeName":"/levels/Utah/art/shapes/clutter/clutter_barrels_white.dae"}
{"class":"TSStatic","persistentId":"e331dcd8-5aa7-43ed-80c8-c3aa9a617bb9","__parent":"hangar_objects","position":[-330.615204,-522.487305,130.383438],"isRenderEnabled":false,"rotationMatrix":[0.011481747,-0.999934077,0,0.999934077,0.011481747,0,0,0,1],"shapeName":"/levels/Utah/art/shapes/clutter/clutter_barrels_white.dae"}
{"class":"TSStatic","persistentId":"e43b0bc3-cfc2-4256-9868-96de915bd3e4","__parent":"hangar_objects","position":[-318.319122,-524.820068,130.880432],"isRenderEnabled":false,"rotationMatrix":[0.948928416,0.315491676,0,-0.315491676,0.948928416,0,0,0,1],"shapeName":"/levels/utah/art/shapes/clutter/clutter_workshop_white_bucket.dae"}
{"class":"TSStatic","persistentId":"e4eb41a3-18db-4b70-9771-761251feb6f8","__parent":"hangar_objects","position":[-318.596588,-525.419922,130.381424],"isRenderEnabled":false,"rotationMatrix":[0.951130688,0.308788776,0,-0.308788747,0.951130688,0,0,0,1],"shapeName":"/levels/utah/art/shapes/clutter/clutter_workshop_hand_truck.dae"}
{"class":"TSStatic","persistentId":"f480060f-fe8f-4aaa-9866-151c0d0b5fef","__parent":"hangar_objects","position":[-326.29657,-523.711365,130.490555],"isRenderEnabled":false,"rotationMatrix":[-0.0916201845,-0.99578917,-0.00312682102,-0.0341084935,2.46800358e-08,0.999418139,-0.995209694,0.0916735157,-0.0339648686],"shapeName":"/levels/utah/art/shapes/clutter/clutter_workshop_broom.dae"}
{"class":"TSStatic","persistentId":"f7bd3d03-c4cb-44a9-b50f-8e837422b75a","__parent":"hangar_objects","position":[-329.990692,-522.501831,130.383438],"isRenderEnabled":false,"rotationMatrix":[0.704787433,-0.709418535,0,0.709418535,0.704787433,0,0,0,1],"shapeName":"/levels/Utah/art/shapes/clutter/clutter_barrels_white.dae"}
{"class":"TSStatic","persistentId":"f85318df-7b14-43b2-ab4d-b3861016f9a4","__parent":"hangar_objects","position":[-322.150757,-524.220886,130.8797],"isRenderEnabled":false,"rotationMatrix":[0.988940299,-0.148314178,0,0.148314178,0.988940299,0,0,0,1],"shapeName":"/levels/utah/art/shapes/clutter/clutter_workshop_black_oil.dae"}
{"class":"TSStatic","persistentId":"fb443809-ff49-4f88-b07a-642596e2d112","__parent":"hangar_objects","position":[-323.839966,-523.532288,132.381546],"isRenderEnabled":false,"rotationMatrix":[-8.94069885e-08,-1,0,1,-8.94069885e-08,0,0,0,1],"shapeName":"/levels/Utah/art/shapes/clutter/clutter_barrels_red.dae"}
{"class":"SpotLight","persistentId":"948d55e8-4514-4913-a22f-640252b9cdff","__parent":"hangar_objects","position":[-324.438995,-532.573669,135.257797],"color":[0.996078014,0.870588005,0.674510002,1],"cookie":"art/special/BNG_light_cookie_headlight.dds","flareScale":5,"flareType":"BNG_LightFlare_1","innerAngle":50,"outerAngle":120,"range":1.1920929e-07,"rotationMatrix":[1.78813892e-07,-1,-3.92901683e-10,-0.000690625922,2.69408107e-10,-0.999999762,0.999999762,1.78814119e-07,-0.000690625922],"shadowDarkenColor":[0,0,0,0],"shadowSoftness":1,"texSize":256}
{"class":"SpotLight","persistentId":"fa78550d-c8b2-410a-9299-c44461fbd350","__parent":"hangar_objects","position":[-323.053802,-524.703064,135.260376],"color":[0.996078014,0.870588005,0.674510002,1],"cookie":"art/special/BNG_light_cookie_headlight.dds","flareScale":5,"flareType":"BNG_LightFlare_1","innerAngle":50,"outerAngle":120,"range":1.1920929e-07,"rotationMatrix":[1.78813892e-07,-1,-3.92901683e-10,-0.000690625922,2.69408107e-10,-0.999999762,0.999999762,1.78814119e-07,-0.000690625922],"shadowDarkenColor":[0,0,0,0],"shadowSoftness":1,"texSize":256}
