{"class":"TSStatic","persistentId":"262351d4-2fe9-4425-a1cc-736a08b1fd9e","__parent":"coil02","position":[-1394.60474,-780.467285,104.363586],"annotation":"OBSTACLES","collisionType":"Visible Mesh Final","decalType":"None","isRenderEnabled":false,"rotationMatrix":[-0.0361230373,0.99934721,0,-0.99934721,-0.0361230373,0,0,0,1],"shapeName":"/levels/west_coast_usa/art/shapes/buildings/steel_factory/s_steel_factory_coil_support.dae","useInstanceRenderData":true}
{"class":"TSStatic","persistentId":"9f0cb536-1783-44b5-996f-89d12b2536bd","__parent":"coil02","position":[-1395.61182,-780.506958,105.536057],"decalType":"None","isRenderEnabled":false,"rotationMatrix":[-0.0359302759,0.994795203,0.0953494012,-0.99934864,-0.0360878706,-7.15442002e-05,0.00336978585,-0.0952898711,0.995443881],"scale":[1.29999995,0.699999988,1.29999995],"shapeName":"/art/shapes/objects/s_coil.dae","useInstanceRenderData":true}
{"class":"TSStatic","persistentId":"f1f3923c-84af-4a5e-8093-628416848ed2","__parent":"coil02","position":[-1396.69421,-780.546082,105.536057],"decalType":"None","isRenderEnabled":false,"rotationMatrix":[-0.0348069668,0.963730156,0.264599204,-0.999349058,-0.0360757113,-6.43730164e-05,0.00948356092,-0.264429182,0.964358449],"scale":[1.29999995,0.699999988,1.29999995],"shapeName":"/art/shapes/objects/s_coil.dae","useInstanceRenderData":true}
{"class":"TSStatic","persistentId":"97b05452-11d3-4797-b749-d5d6f3c4f2c4","__parent":"coil02","position":[-1397.8186,-780.586731,105.536057],"decalType":"None","isRenderEnabled":false,"rotationMatrix":[-0.0197018385,0.545845747,0.837653875,-0.999349952,-0.0360449553,-1.69277191e-05,0.0301841199,-0.837109804,0.546201348],"scale":[1.29999995,0.699999988,1.29999995],"shapeName":"/art/shapes/objects/s_coil.dae","useInstanceRenderData":true}
{"class":"TSStatic","persistentId":"197b0d69-ea51-482a-8dcc-bf43c8778e8d","__parent":"coil02","position":[-1398.8606,-780.62439,105.536057],"decalType":"None","isRenderEnabled":false,"rotationMatrix":[-0.0348069668,0.963730156,0.264599204,-0.999349058,-0.0360757113,-6.43730164e-05,0.00948356092,-0.264429182,0.964358449],"scale":[1.29999995,0.699999988,1.29999995],"shapeName":"/art/shapes/objects/s_coil.dae","useInstanceRenderData":true}
{"class":"TSStatic","persistentId":"9cdb201d-65fa-4956-968a-524243019ccc","__parent":"coil02","position":[-1399.95117,-780.663818,105.536057],"decalType":"None","isRenderEnabled":false,"rotationMatrix":[-0.0353044271,0.97749263,-0.207994014,-0.999347627,-0.0361105204,-7.89165497e-05,-0.0075879395,0.207855567,0.978130102],"scale":[1.29999995,0.699999988,1.29999995],"shapeName":"/art/shapes/objects/s_coil.dae","useInstanceRenderData":true}
{"class":"TSStatic","persistentId":"1e039bd3-f5c7-47bd-8e4b-b82c8964e33e","__parent":"coil02","position":[-1401.06299,-780.704041,105.53614],"decalType":"None","isRenderEnabled":false,"rotationMatrix":[-0.0348069668,0.963730156,0.264599204,-0.999349058,-0.0360757113,-6.43730164e-05,0.00948356092,-0.264429182,0.964358449],"scale":[1.29999995,0.699999988,1.29999995],"shapeName":"/art/shapes/objects/s_coil.dae","useInstanceRenderData":true}
{"class":"TSStatic","persistentId":"7ab8882f-8851-4093-8c96-ee6abb72e480","__parent":"coil02","position":[-1402.16345,-780.743774,105.53614],"decalType":"None","isRenderEnabled":false,"rotationMatrix":[-0.0349167585,0.96676445,-0.253272653,-0.999347568,-0.0361144543,-7.93635845e-05,-0.00922353566,0.253104657,0.967394948],"scale":[1.29999995,0.699999988,1.29999995],"shapeName":"/art/shapes/objects/s_coil.dae","useInstanceRenderData":true}
{"class":"TSStatic","persistentId":"a6c6f27f-b705-4ecd-bcba-c625f8cfd4a1","__parent":"coil02","position":[-1403.46411,-780.790833,105.53614],"decalType":"None","isRenderEnabled":false,"rotationMatrix":[-0.0294189453,0.814667463,0.579181671,-0.999349713,-0.036056757,-4.42564487e-05,0.0208473504,-0.578806281,0.815198541],"scale":[1.29999995,0.699999988,1.29999995],"shapeName":"/art/shapes/objects/s_coil.dae","useInstanceRenderData":true}
{"class":"TSStatic","persistentId":"eb752824-abb9-4afa-bdfe-3f3517820a4b","__parent":"coil02","position":[-1404.55225,-780.830139,105.53614],"decalType":"None","isRenderEnabled":false,"rotationMatrix":[-0.0359302759,0.994795203,0.0953494012,-0.99934864,-0.0360878706,-7.15442002e-05,0.00336978585,-0.0952898711,0.995443881],"scale":[1.29999995,0.699999988,1.29999995],"shapeName":"/art/shapes/objects/s_coil.dae","useInstanceRenderData":true}
{"class":"TSStatic","persistentId":"140a55cb-5229-4980-b951-297a1f104a42","__parent":"coil02","position":[-1405.63464,-780.869263,105.53614],"decalType":"None","isRenderEnabled":false,"rotationMatrix":[-0.0348069668,0.963730156,0.264599204,-0.999349058,-0.0360757113,-6.43730164e-05,0.00948356092,-0.264429182,0.964358449],"scale":[1.29999995,0.699999988,1.29999995],"shapeName":"/art/shapes/objects/s_coil.dae","useInstanceRenderData":true}
{"class":"TSStatic","persistentId":"d87e6edc-7c59-430f-9913-d26fed449163","__parent":"coil02","position":[-1406.75903,-780.909912,105.53614],"decalType":"None","isRenderEnabled":false,"rotationMatrix":[-0.0197018385,0.545845747,0.837653875,-0.999349952,-0.0360449553,-1.69277191e-05,0.0301841199,-0.837109804,0.546201348],"scale":[1.29999995,0.699999988,1.29999995],"shapeName":"/art/shapes/objects/s_coil.dae","useInstanceRenderData":true}
{"class":"TSStatic","persistentId":"3ebfed71-92eb-46bc-a97e-1b96d7eef16e","__parent":"coil02","position":[-1407.80103,-780.947571,105.53614],"decalType":"None","isRenderEnabled":false,"rotationMatrix":[-0.0348069668,0.963730156,0.264599204,-0.999349058,-0.0360757113,-6.43730164e-05,0.00948356092,-0.264429182,0.964358449],"scale":[1.29999995,0.699999988,1.29999995],"shapeName":"/art/shapes/objects/s_coil.dae","useInstanceRenderData":true}
{"class":"TSStatic","persistentId":"e948dd35-62b7-415a-8038-125a15f87fa7","__parent":"coil02","position":[-1408.8916,-780.987,105.53614],"decalType":"None","isRenderEnabled":false,"rotationMatrix":[-0.0353044271,0.97749263,-0.207994014,-0.999347627,-0.0361105204,-7.89165497e-05,-0.0075879395,0.207855567,0.978130102],"scale":[1.29999995,0.699999988,1.29999995],"shapeName":"/art/shapes/objects/s_coil.dae","useInstanceRenderData":true}
{"class":"TSStatic","persistentId":"48ee6bff-84f8-4ff7-a08e-449904a4fe25","__parent":"coil02","position":[-1404.66919,-780.831055,104.363586],"annotation":"OBSTACLES","collisionType":"Visible Mesh Final","decalType":"None","isRenderEnabled":false,"rotationMatrix":[-0.0361230373,0.99934721,0,-0.99934721,-0.0361230373,0,0,0,1],"shapeName":"/levels/west_coast_usa/art/shapes/buildings/steel_factory/s_steel_factory_coil_support.dae","useInstanceRenderData":true}
{"class":"TSStatic","persistentId":"544dbb99-092f-40cc-be63-6550a9473ff6","__parent":"coil02","position":[-1395.98181,-784.448486,105.536057],"decalType":"None","isRenderEnabled":false,"rotationMatrix":[-0.0348069668,0.963730156,0.264599204,-0.999349058,-0.0360757113,-6.43730164e-05,0.00948356092,-0.264429182,0.964358449],"scale":[1.29999995,0.699999988,1.29999995],"shapeName":"/art/shapes/objects/s_coil.dae","useInstanceRenderData":true}
{"class":"TSStatic","persistentId":"08c03ab9-8d53-424f-bf4f-cc3f63921c67","__parent":"coil02","position":[-1397.09558,-784.48877,105.536041],"decalType":"None","isRenderEnabled":false,"rotationMatrix":[-0.0349167585,0.96676445,-0.253272653,-0.999347568,-0.0361144543,-7.93635845e-05,-0.00922353566,0.253104657,0.967394948],"scale":[1.29999995,0.699999988,1.29999995],"shapeName":"/art/shapes/objects/s_coil.dae","useInstanceRenderData":true}
{"class":"TSStatic","persistentId":"e7eb29f1-960f-4fc3-b482-0455c501b201","__parent":"coil02","position":[-1398.39624,-784.535828,105.536041],"decalType":"None","isRenderEnabled":false,"rotationMatrix":[-0.0294189453,0.814667463,0.579181671,-0.999349713,-0.036056757,-4.42564487e-05,0.0208473504,-0.578806281,0.815198541],"scale":[1.29999995,0.699999988,1.29999995],"shapeName":"/art/shapes/objects/s_coil.dae","useInstanceRenderData":true}
{"class":"TSStatic","persistentId":"589c545e-02ca-4a37-82f2-9a7adcec0390","__parent":"coil02","position":[-1399.48438,-784.575134,105.536041],"decalType":"None","isRenderEnabled":false,"rotationMatrix":[-0.0359302759,0.994795203,0.0953494012,-0.99934864,-0.0360878706,-7.15442002e-05,0.00336978585,-0.0952898711,0.995443881],"scale":[1.29999995,0.699999988,1.29999995],"shapeName":"/art/shapes/objects/s_coil.dae","useInstanceRenderData":true}
{"class":"TSStatic","persistentId":"37b24822-faeb-4fe8-af11-d5c7e5dbb374","__parent":"coil02","position":[-1400.50659,-784.612061,105.536064],"decalType":"None","isRenderEnabled":false,"rotationMatrix":[-0.0348069668,0.963730156,0.264599204,-0.999349058,-0.0360757113,-6.43730164e-05,0.00948356092,-0.264429182,0.964358449],"scale":[1.29999995,0.699999988,1.29999995],"shapeName":"/art/shapes/objects/s_coil.dae","useInstanceRenderData":true}
{"class":"TSStatic","persistentId":"4fa499c1-ee1a-4143-aa33-4bae45e05286","__parent":"coil02","position":[-1401.63098,-784.65271,105.536064],"decalType":"None","isRenderEnabled":false,"rotationMatrix":[-0.0197018385,0.545845747,0.837653875,-0.999349952,-0.0360449553,-1.69277191e-05,0.0301841199,-0.837109804,0.546201348],"scale":[1.29999995,0.699999988,1.29999995],"shapeName":"/art/shapes/objects/s_coil.dae","useInstanceRenderData":true}
{"class":"TSStatic","persistentId":"e230da08-2763-4e11-af48-3ceb737a6b27","__parent":"coil02","position":[-1402.67297,-784.690369,105.536064],"decalType":"None","isRenderEnabled":false,"rotationMatrix":[-0.0348069668,0.963730156,0.264599204,-0.999349058,-0.0360757113,-6.43730164e-05,0.00948356092,-0.264429182,0.964358449],"scale":[1.29999995,0.699999988,1.29999995],"shapeName":"/art/shapes/objects/s_coil.dae","useInstanceRenderData":true}
{"class":"TSStatic","persistentId":"2278e8da-e4d7-495a-af7f-714a15d58571","__parent":"coil02","position":[-1403.76355,-784.729797,105.536064],"decalType":"None","isRenderEnabled":false,"rotationMatrix":[-0.0353044271,0.97749263,-0.207994014,-0.999347627,-0.0361105204,-7.89165497e-05,-0.0075879395,0.207855567,0.978130102],"scale":[1.29999995,0.699999988,1.29999995],"shapeName":"/art/shapes/objects/s_coil.dae","useInstanceRenderData":true}
{"class":"TSStatic","persistentId":"82975a82-9c87-494c-95c9-acd48202df15","__parent":"coil02","position":[-1404.84192,-784.768799,105.53614],"decalType":"None","isRenderEnabled":false,"rotationMatrix":[-0.0348069668,0.963730156,0.264599204,-0.999349058,-0.0360757113,-6.43730164e-05,0.00948356092,-0.264429182,0.964358449],"scale":[1.29999995,0.699999988,1.29999995],"shapeName":"/art/shapes/objects/s_coil.dae","useInstanceRenderData":true}
{"class":"TSStatic","persistentId":"b7c6a882-fcbc-4350-9ead-d2dadc23327e","__parent":"coil02","position":[-1405.94238,-784.808533,105.53614],"decalType":"None","isRenderEnabled":false,"rotationMatrix":[-0.0349167585,0.96676445,-0.253272653,-0.999347568,-0.0361144543,-7.93635845e-05,-0.00922353566,0.253104657,0.967394948],"scale":[1.29999995,0.699999988,1.29999995],"shapeName":"/art/shapes/objects/s_coil.dae","useInstanceRenderData":true}
{"class":"TSStatic","persistentId":"6bdf30cb-0b5e-4100-aa13-1472f6b1250f","__parent":"coil02","position":[-1407.24304,-784.855591,105.53614],"decalType":"None","isRenderEnabled":false,"rotationMatrix":[-0.0294189453,0.814667463,0.579181671,-0.999349713,-0.036056757,-4.42564487e-05,0.0208473504,-0.578806281,0.815198541],"scale":[1.29999995,0.699999988,1.29999995],"shapeName":"/art/shapes/objects/s_coil.dae","useInstanceRenderData":true}
{"class":"TSStatic","persistentId":"e5ed53b2-e353-4593-9c7f-9c3e2be40a6d","__parent":"coil02","position":[-1408.33118,-784.894897,105.53614],"decalType":"None","isRenderEnabled":false,"rotationMatrix":[-0.0359302759,0.994795203,0.0953494012,-0.99934864,-0.0360878706,-7.15442002e-05,0.00336978585,-0.0952898711,0.995443881],"scale":[1.29999995,0.699999988,1.29999995],"shapeName":"/art/shapes/objects/s_coil.dae","useInstanceRenderData":true}
{"class":"TSStatic","persistentId":"e7e5aba4-334e-4489-b9f8-c2e6d27756e8","__parent":"coil02","position":[-1409.41357,-784.934021,105.53614],"decalType":"None","isRenderEnabled":false,"rotationMatrix":[-0.0348069668,0.963730156,0.264599204,-0.999349058,-0.0360757113,-6.43730164e-05,0.00948356092,-0.264429182,0.964358449],"scale":[1.29999995,0.699999988,1.29999995],"shapeName":"/art/shapes/objects/s_coil.dae","useInstanceRenderData":true}
{"class":"TSStatic","persistentId":"62251e44-f9ea-47b8-b776-c207e3b6ab98","__parent":"coil02","position":[-1410.53796,-784.97467,105.53614],"decalType":"None","isRenderEnabled":false,"rotationMatrix":[-0.0197018385,0.545845747,0.837653875,-0.999349952,-0.0360449553,-1.69277191e-05,0.0301841199,-0.837109804,0.546201348],"scale":[1.29999995,0.699999988,1.29999995],"shapeName":"/art/shapes/objects/s_coil.dae","useInstanceRenderData":true}
{"class":"TSStatic","persistentId":"a8543895-4bf5-413c-8ea6-bc4887b26770","__parent":"coil02","position":[-1411.57996,-785.012329,105.53614],"decalType":"None","isRenderEnabled":false,"rotationMatrix":[-0.0348069668,0.963730156,0.264599204,-0.999349058,-0.0360757113,-6.43730164e-05,0.00948356092,-0.264429182,0.964358449],"scale":[1.29999995,0.699999988,1.29999995],"shapeName":"/art/shapes/objects/s_coil.dae","useInstanceRenderData":true}
{"class":"TSStatic","persistentId":"51ddb919-5c9b-4e73-86a3-6524e717b948","__parent":"coil02","position":[-1412.67053,-785.051758,105.53614],"decalType":"None","isRenderEnabled":false,"rotationMatrix":[-0.0353044271,0.97749263,-0.207994014,-0.999347627,-0.0361105204,-7.89165497e-05,-0.0075879395,0.207855567,0.978130102],"scale":[1.29999995,0.699999988,1.29999995],"shapeName":"/art/shapes/objects/s_coil.dae","useInstanceRenderData":true}
{"class":"TSStatic","persistentId":"c17db6d3-4888-4fff-8f85-6cd466050ffe","__parent":"coil02","position":[-1408.44812,-784.895813,104.363586],"annotation":"OBSTACLES","collisionType":"Visible Mesh Final","decalType":"None","isRenderEnabled":false,"rotationMatrix":[-0.0361230373,0.99934721,0,-0.99934721,-0.0361230373,0,0,0,1],"shapeName":"/levels/west_coast_usa/art/shapes/buildings/steel_factory/s_steel_factory_coil_support.dae","useInstanceRenderData":true}
{"class":"TSStatic","persistentId":"21e205e9-bc6c-4f05-8a7c-a4e18c00f7c6","__parent":"coil02","position":[-1398.38367,-784.532043,104.363586],"annotation":"OBSTACLES","collisionType":"Visible Mesh Final","decalType":"None","isRenderEnabled":false,"rotationMatrix":[-0.0361230373,0.99934721,0,-0.99934721,-0.0361230373,0,0,0,1],"shapeName":"/levels/west_coast_usa/art/shapes/buildings/steel_factory/s_steel_factory_coil_support.dae","useInstanceRenderData":true}
{"class":"TSStatic","persistentId":"4e8211da-0a42-4642-a9ea-690da804894f","__parent":"coil02","position":[-1423.40198,-811.302368,104.363586],"annotation":"OBSTACLES","collisionType":"Visible Mesh Final","decalType":"None","isRenderEnabled":false,"rotationMatrix":[-0.0361230373,0.99934721,0,-0.99934721,-0.0361230373,0,0,0,1],"shapeName":"/levels/west_coast_usa/art/shapes/buildings/steel_factory/s_steel_factory_coil_support.dae","useInstanceRenderData":true}
{"class":"TSStatic","persistentId":"7be7a391-8987-4177-af15-071708be633e","__parent":"coil02","position":[-1425.49182,-811.381226,105.53614],"decalType":"None","isRenderEnabled":false,"rotationMatrix":[-0.0197018385,0.545845747,0.837653875,-0.999349952,-0.0360449553,-1.69277191e-05,0.0301841199,-0.837109804,0.546201348],"scale":[1.29999995,0.699999988,1.29999995],"shapeName":"/art/shapes/objects/s_coil.dae","useInstanceRenderData":true}
{"class":"TSStatic","persistentId":"c5a7b39e-753a-4631-93af-db5072089d9c","__parent":"coil02","position":[-1426.53381,-811.418884,105.53614],"decalType":"None","isRenderEnabled":false,"rotationMatrix":[-0.0348069668,0.963730156,0.264599204,-0.999349058,-0.0360757113,-6.43730164e-05,0.00948356092,-0.264429182,0.964358449],"scale":[1.29999995,0.699999988,1.29999995],"shapeName":"/art/shapes/objects/s_coil.dae","useInstanceRenderData":true}
{"class":"TSStatic","persistentId":"beae8eaa-9dbf-4265-80ab-a833ad6a00ba","__parent":"coil02","position":[-1427.62439,-811.458313,105.53614],"decalType":"None","isRenderEnabled":false,"rotationMatrix":[-0.0353044271,0.97749263,-0.207994014,-0.999347627,-0.0361105204,-7.89165497e-05,-0.0075879395,0.207855567,0.978130102],"scale":[1.29999995,0.699999988,1.29999995],"shapeName":"/art/shapes/objects/s_coil.dae","useInstanceRenderData":true}
{"class":"TSStatic","persistentId":"a3063010-0988-455d-abc1-4dbc7c79321b","__parent":"coil02","position":[-1429.86023,-811.539124,105.53614],"decalType":"None","isRenderEnabled":false,"rotationMatrix":[-0.0348069668,0.963730156,0.264599204,-0.999349058,-0.0360757113,-6.43730164e-05,0.00948356092,-0.264429182,0.964358449],"scale":[1.29999995,0.699999988,1.29999995],"shapeName":"/art/shapes/objects/s_coil.dae","useInstanceRenderData":true}
{"class":"TSStatic","persistentId":"b35cff4c-d829-4626-87e0-61f787fe6ffd","__parent":"coil02","position":[-1430.96069,-811.578857,105.53614],"decalType":"None","isRenderEnabled":false,"rotationMatrix":[-0.0349167585,0.96676445,-0.253272653,-0.999347568,-0.0361144543,-7.93635845e-05,-0.00922353566,0.253104657,0.967394948],"scale":[1.29999995,0.699999988,1.29999995],"shapeName":"/art/shapes/objects/s_coil.dae","useInstanceRenderData":true}
{"class":"TSStatic","persistentId":"4927008d-8846-4054-9a80-05c80c77a20c","__parent":"coil02","position":[-1432.26135,-811.625916,105.53614],"decalType":"None","isRenderEnabled":false,"rotationMatrix":[-0.0294189453,0.814667463,0.579181671,-0.999349713,-0.036056757,-4.42564487e-05,0.0208473504,-0.578806281,0.815198541],"scale":[1.29999995,0.699999988,1.29999995],"shapeName":"/art/shapes/objects/s_coil.dae","useInstanceRenderData":true}
{"class":"TSStatic","persistentId":"1f9253e1-daa2-43fa-a8ea-f3ed59ed4d20","__parent":"coil02","position":[-1433.34949,-811.665222,105.53614],"decalType":"None","isRenderEnabled":false,"rotationMatrix":[-0.0359302759,0.994795203,0.0953494012,-0.99934864,-0.0360878706,-7.15442002e-05,0.00336978585,-0.0952898711,0.995443881],"scale":[1.29999995,0.699999988,1.29999995],"shapeName":"/art/shapes/objects/s_coil.dae","useInstanceRenderData":true}
{"class":"TSStatic","persistentId":"b70cb029-c022-48ac-ab9d-239ae7c0afdc","__parent":"coil02","position":[-1433.46643,-811.666138,104.363586],"annotation":"OBSTACLES","collisionType":"Visible Mesh Final","decalType":"None","isRenderEnabled":false,"rotationMatrix":[-0.0361230373,0.99934721,0,-0.99934721,-0.0361230373,0,0,0,1],"shapeName":"/levels/west_coast_usa/art/shapes/buildings/steel_factory/s_steel_factory_coil_support.dae","useInstanceRenderData":true}
{"class":"TSStatic","persistentId":"093a4282-77e0-43fa-86f7-2c04b8f7b8b7","__parent":"coil02","position":[-1394.95984,-784.41156,105.536209],"decalType":"None","isRenderEnabled":false,"rotationMatrix":[-0.0349167585,0.96676445,-0.253272653,-0.999347568,-0.0361144543,-7.93635845e-05,-0.00922353566,0.253104657,0.967394948],"scale":[1.29999995,0.699999988,1.29999995],"shapeName":"/art/shapes/objects/s_coil.dae","useInstanceRenderData":true}
{"class":"TSStatic","persistentId":"283820bb-b388-41e6-bf05-0bd62b06813e","__parent":"coil02","position":[-1459.22205,-810.308228,105.581474],"decalType":"None","isRenderEnabled":false,"rotationMatrix":[-0.0353044271,0.97749263,-0.207994014,-0.999347627,-0.0361105204,-7.89165497e-05,-0.0075879395,0.207855567,0.978130102],"scale":[1.29999995,0.699999988,1.29999995],"shapeName":"/art/shapes/objects/s_coil.dae","useInstanceRenderData":true}
{"class":"TSStatic","persistentId":"ba50455b-32c7-42bb-8a2c-599097d8f454","__parent":"coil02","position":[-1458.13147,-810.268799,105.581474],"decalType":"None","isRenderEnabled":false,"rotationMatrix":[-0.0348069668,0.963730156,0.264599204,-0.999349058,-0.0360757113,-6.43730164e-05,0.00948356092,-0.264429182,0.964358449],"scale":[1.29999995,0.699999988,1.29999995],"shapeName":"/art/shapes/objects/s_coil.dae","useInstanceRenderData":true}
{"class":"TSStatic","persistentId":"6d6abb28-814d-46d8-b69e-631da369ec96","__parent":"coil02","position":[-1457.08948,-810.23114,105.581474],"decalType":"None","isRenderEnabled":false,"rotationMatrix":[-0.0197018385,0.545845747,0.837653875,-0.999349952,-0.0360449553,-1.69277191e-05,0.0301841199,-0.837109804,0.546201348],"scale":[1.29999995,0.699999988,1.29999995],"shapeName":"/art/shapes/objects/s_coil.dae","useInstanceRenderData":true}
{"class":"TSStatic","persistentId":"69a23ab8-08dc-454d-8faf-74331dfa1aa6","__parent":"coil02","position":[-1454.99963,-810.152283,104.40892],"annotation":"OBSTACLES","collisionType":"Visible Mesh Final","decalType":"None","isRenderEnabled":false,"rotationMatrix":[-0.0361230373,0.99934721,0,-0.99934721,-0.0361230373,0,0,0,1],"shapeName":"/levels/west_coast_usa/art/shapes/buildings/steel_factory/s_steel_factory_coil_support.dae","useInstanceRenderData":true}
{"class":"TSStatic","persistentId":"ece5182c-4411-44f7-8972-1de0dcbf6d71","__parent":"coil02","position":[-1462.22314,-813.993225,105.581474],"decalType":"None","isRenderEnabled":false,"rotationMatrix":[-0.0353044271,0.97749263,-0.207994014,-0.999347627,-0.0361105204,-7.89165497e-05,-0.0075879395,0.207855567,0.978130102],"scale":[1.29999995,0.699999988,1.29999995],"shapeName":"/art/shapes/objects/s_coil.dae","useInstanceRenderData":true}
{"class":"TSStatic","persistentId":"1f47179a-0cf9-4b2d-9dc2-dbd849c7712f","__parent":"coil02","position":[-1461.13257,-813.953796,105.581474],"decalType":"None","isRenderEnabled":false,"rotationMatrix":[-0.0348069668,0.963730156,0.264599204,-0.999349058,-0.0360757113,-6.43730164e-05,0.00948356092,-0.264429182,0.964358449],"scale":[1.29999995,0.699999988,1.29999995],"shapeName":"/art/shapes/objects/s_coil.dae","useInstanceRenderData":true}
{"class":"TSStatic","persistentId":"be3ec5ed-fec2-4150-a602-737fdefa9ec0","__parent":"coil02","position":[-1460.09058,-813.916138,105.581474],"decalType":"None","isRenderEnabled":false,"rotationMatrix":[-0.0197018385,0.545845747,0.837653875,-0.999349952,-0.0360449553,-1.69277191e-05,0.0301841199,-0.837109804,0.546201348],"scale":[1.29999995,0.699999988,1.29999995],"shapeName":"/art/shapes/objects/s_coil.dae","useInstanceRenderData":true}
{"class":"TSStatic","persistentId":"6b34fc75-482a-4542-9d80-040f9339cc14","__parent":"coil02","position":[-1458.96619,-813.875488,105.581474],"decalType":"None","isRenderEnabled":false,"rotationMatrix":[-0.0348069668,0.963730156,0.264599204,-0.999349058,-0.0360757113,-6.43730164e-05,0.00948356092,-0.264429182,0.964358449],"scale":[1.29999995,0.699999988,1.29999995],"shapeName":"/art/shapes/objects/s_coil.dae","useInstanceRenderData":true}
{"class":"TSStatic","persistentId":"11f42786-1454-48f9-a922-65aac35ab30b","__parent":"coil02","position":[-1457.88379,-813.836365,105.581474],"decalType":"None","isRenderEnabled":false,"rotationMatrix":[-0.0359302759,0.994795203,0.0953494012,-0.99934864,-0.0360878706,-7.15442002e-05,0.00336978585,-0.0952898711,0.995443881],"scale":[1.29999995,0.699999988,1.29999995],"shapeName":"/art/shapes/objects/s_coil.dae","useInstanceRenderData":true}
{"class":"TSStatic","persistentId":"c0cbcda1-681d-479c-acb5-7dbc5b9ab85e","__parent":"coil02","position":[-1458.00073,-813.83728,104.40892],"annotation":"OBSTACLES","collisionType":"Visible Mesh Final","decalType":"None","isRenderEnabled":false,"rotationMatrix":[-0.0361230373,0.99934721,0,-0.99934721,-0.0361230373,0,0,0,1],"shapeName":"/levels/west_coast_usa/art/shapes/buildings/steel_factory/s_steel_factory_coil_support.dae","useInstanceRenderData":true}
{"class":"TSStatic","persistentId":"37193e55-c36c-40f9-87c4-53d0d99d9dea","__parent":"coil02","position":[-1391.11292,-776.592896,104.363586],"annotation":"OBSTACLES","collisionType":"Visible Mesh Final","decalType":"None","isRenderEnabled":false,"rotationMatrix":[-0.0361230373,0.99934721,0,-0.99934721,-0.0361230373,0,0,0,1],"shapeName":"/levels/west_coast_usa/art/shapes/buildings/steel_factory/s_steel_factory_coil_support.dae","useInstanceRenderData":true}
