{"class":"TSStatic","persistentId":"d67ebdab-6c96-43cc-afc0-5f2f5b2b5fbc","__parent":"grounds","position":[-1282.98999,-748.362,104.359001],"collisionType":"Visible Mesh Final","decalType":"Visible Mesh Final","isRenderEnabled":false,"rotationMatrix":[0.678813457,0.734310627,0,-0.734310627,0.678813457,0,0,0,0.999999881],"shapeName":"/levels/west_coast_usa/art/shapes/buildings/steel_factory/s_steel_factory_ground_base.dae","useInstanceRenderData":true}
{"class":"TSStatic","persistentId":"7284e0b8-3a55-4765-86cc-4f6a469f7434","__parent":"grounds","position":[-1282.98999,-748.362,104.359001],"isRenderEnabled":false,"rotationMatrix":[0.678813457,0.734310627,0,-0.734310627,0.678813457,0,0,0,0.999999881],"shapeName":"/levels/west_coast_usa/art/shapes/buildings/steel_factory/s_steel_factory_ground_base_02.dae","useInstanceRenderData":true}
{"class":"TSStatic","persistentId":"022edd89-79a7-4c36-9ee1-a0ddbd907110","__parent":"grounds","position":[-1282.98999,-748.362,104.359001],"isRenderEnabled":false,"rotationMatrix":[0.678813457,0.734310627,0,-0.734310627,0.678813457,0,0,0,0.999999881],"shapeName":"/levels/west_coast_usa/art/shapes/buildings/steel_factory/s_steel_factory_curbs.dae","useInstanceRenderData":true}
