{"name":"SimGroup_","class":"SimGroup","groupPosition":"61.174867987633 -154.56477999687 125.59835886955"}
{"class":"TSStatic","__parent":"SimGroup_","position":[51.5285187,-150.110336,126.44175],"isRenderEnabled":false,"rotationMatrix":[0.904802561,-0.421248585,-0.0623047948,0.421390325,0.906806588,-0.0114909448,0.0613389388,-0.0158576015,0.997991025],"shapeName":"/levels/west_coast_usa/art/shapes/objects/guardrail2_blue.dae","useInstanceRenderData":true}
{"class":"TSStatic","__parent":"SimGroup_","position":[52.4539757,-150.391098,125.421158],"isRenderEnabled":false,"rotationMatrix":[0.904802561,-0.421248585,-0.0623047948,0.421390325,0.906806588,-0.0114909448,0.0613389388,-0.0158576015,0.997991025],"shapeName":"/levels/west_coast_usa/art/shapes/objects/guardrailpost.dae","useInstanceRenderData":true}
{"class":"TSStatic","__parent":"SimGroup_","position":[51.5084343,-150.105133,126.115219],"isRenderEnabled":false,"rotationMatrix":[0.904802561,-0.421248585,-0.0623047948,0.421390325,0.906806588,-0.0114909448,0.0613389388,-0.0158576015,0.997991025],"shapeName":"/levels/west_coast_usa/art/shapes/objects/guardrail2_blue.dae","useInstanceRenderData":true}
{"class":"TSStatic","__parent":"SimGroup_","position":[53.3090134,-150.94339,125.993179],"isRenderEnabled":false,"rotationMatrix":[0.904802561,-0.421248585,-0.0623047948,0.421390325,0.906806588,-0.0114909448,0.0613389388,-0.0158576015,0.997991025],"shapeName":"/levels/west_coast_usa/art/shapes/objects/guardrail1_blue.dae","useInstanceRenderData":true}
{"class":"TSStatic","__parent":"SimGroup_","position":[51.4880257,-150.099854,125.783073],"isRenderEnabled":false,"rotationMatrix":[0.904802561,-0.421248585,-0.0623047948,0.421390325,0.906806588,-0.0114909448,0.0613389388,-0.0158576015,0.997991025],"shapeName":"/levels/west_coast_usa/art/shapes/objects/guardrail2_blue.dae","useInstanceRenderData":true}
{"class":"TSStatic","__parent":"SimGroup_","position":[53.2885094,-150.938095,125.65966],"isRenderEnabled":false,"rotationMatrix":[0.904802561,-0.421248585,-0.0623047948,0.421390325,0.906806588,-0.0114909448,0.0613389388,-0.0158576015,0.997991025],"shapeName":"/levels/west_coast_usa/art/shapes/objects/guardrail1_blue.dae","useInstanceRenderData":true}
{"class":"TSStatic","__parent":"SimGroup_","position":[50.6559639,-149.55777,125.544922],"isRenderEnabled":false,"rotationMatrix":[0.904802561,-0.421248585,-0.0623047948,0.421390325,0.906806588,-0.0114909448,0.0613389388,-0.0158576015,0.997991025],"shapeName":"/levels/west_coast_usa/art/shapes/objects/guardrailpost.dae","useInstanceRenderData":true}
{"class":"TSStatic","__parent":"SimGroup_","position":[53.329071,-150.948578,126.319611],"isRenderEnabled":false,"rotationMatrix":[0.904802561,-0.421248585,-0.0623047948,0.421390325,0.906806588,-0.0114909448,0.0613389388,-0.0158576015,0.997991025],"shapeName":"/levels/west_coast_usa/art/shapes/objects/guardrail1_blue.dae","useInstanceRenderData":true}
{"class":"TSStatic","__parent":"SimGroup_","position":[49.6875191,-149.263992,125.909874],"isRenderEnabled":false,"rotationMatrix":[0.904802561,-0.421248585,-0.0623047948,0.421390325,0.906806588,-0.0114909448,0.0613389388,-0.0158576015,0.997991025],"shapeName":"/levels/west_coast_usa/art/shapes/objects/guardrail1_white.dae","useInstanceRenderData":true}
{"class":"TSStatic","__parent":"SimGroup_","position":[47.8869019,-148.425751,126.031013],"isRenderEnabled":false,"rotationMatrix":[0.904802561,-0.421248585,-0.0623047948,0.421390325,0.906806588,-0.0114909448,0.0613389388,-0.0158576015,0.997991025],"shapeName":"/levels/west_coast_usa/art/shapes/objects/guardrail2_white.dae","useInstanceRenderData":true}
{"class":"TSStatic","__parent":"SimGroup_","position":[49.7078857,-149.269241,126.241257],"isRenderEnabled":false,"rotationMatrix":[0.904802561,-0.421248585,-0.0623047948,0.421390325,0.906806588,-0.0114909448,0.0613389388,-0.0158576015,0.997991025],"shapeName":"/levels/west_coast_usa/art/shapes/objects/guardrail1_white.dae","useInstanceRenderData":true}
{"class":"TSStatic","__parent":"SimGroup_","position":[47.9073029,-148.431046,126.363159],"isRenderEnabled":false,"rotationMatrix":[0.904802561,-0.421248585,-0.0623047948,0.421390325,0.906806588,-0.0114909448,0.0613389388,-0.0158576015,0.997991025],"shapeName":"/levels/west_coast_usa/art/shapes/objects/guardrail2_white.dae","useInstanceRenderData":true}
{"class":"TSStatic","__parent":"SimGroup_","position":[48.8528595,-148.71698,125.669121],"isRenderEnabled":false,"rotationMatrix":[0.904802561,-0.421248585,-0.0623047948,0.421390325,0.906806588,-0.0114909448,0.0613389388,-0.0158576015,0.997991025],"shapeName":"/levels/west_coast_usa/art/shapes/objects/guardrailpost.dae","useInstanceRenderData":true}
{"class":"TSStatic","__parent":"SimGroup_","position":[47.9273872,-148.436218,126.68969],"isRenderEnabled":false,"rotationMatrix":[0.904802561,-0.421248585,-0.0623047948,0.421390325,0.906806588,-0.0114909448,0.0613389388,-0.0158576015,0.997991025],"shapeName":"/levels/west_coast_usa/art/shapes/objects/guardrail2_white.dae","useInstanceRenderData":true}
{"class":"TSStatic","__parent":"SimGroup_","position":[49.7278404,-149.274414,126.565933],"isRenderEnabled":false,"rotationMatrix":[0.904802561,-0.421248585,-0.0623047948,0.421390325,0.906806588,-0.0114909448,0.0613389388,-0.0158576015,0.997991025],"shapeName":"/levels/west_coast_usa/art/shapes/objects/guardrail1_white.dae","useInstanceRenderData":true}
{"class":"TSStatic","__parent":"SimGroup_","position":[47.0548477,-147.883636,125.79287],"isRenderEnabled":false,"rotationMatrix":[0.904802561,-0.421248585,-0.0623047948,0.421390325,0.906806588,-0.0114909448,0.0613389388,-0.0158576015,0.997991025],"shapeName":"/levels/west_coast_usa/art/shapes/objects/guardrailpost.dae","useInstanceRenderData":true}
{"class":"TSStatic","__parent":"SimGroup_","position":[58.7072182,-153.451126,126.057068],"isRenderEnabled":false,"rotationMatrix":[0.905957699,-0.421499431,-0.0397353955,0.421390355,0.906806529,-0.0114909476,0.0408757441,-0.00633380096,0.999144137],"shapeName":"/levels/west_coast_usa/art/shapes/objects/guardrail2_blue.dae","useInstanceRenderData":true}
{"class":"TSStatic","__parent":"SimGroup_","position":[59.6534462,-153.741272,125.058388],"isRenderEnabled":false,"rotationMatrix":[0.905957699,-0.421499431,-0.0397353955,0.421390355,0.906806529,-0.0114909476,0.0408757441,-0.00633380096,0.999144137],"shapeName":"/levels/west_coast_usa/art/shapes/objects/guardrailpost.dae","useInstanceRenderData":true}
{"class":"TSStatic","__parent":"SimGroup_","position":[58.6938324,-153.449051,125.730164],"isRenderEnabled":false,"rotationMatrix":[0.905957699,-0.421499431,-0.0397353955,0.421390355,0.906806529,-0.0114909476,0.0408757441,-0.00633380096,0.999144137],"shapeName":"/levels/west_coast_usa/art/shapes/objects/guardrail2_blue.dae","useInstanceRenderData":true}
{"class":"TSStatic","__parent":"SimGroup_","position":[60.4966698,-154.287766,125.653046],"isRenderEnabled":false,"rotationMatrix":[0.905957699,-0.421499431,-0.0397353955,0.421390355,0.906806529,-0.0114909476,0.0408757441,-0.00633380096,0.999144137],"shapeName":"/levels/west_coast_usa/art/shapes/objects/guardrail1_blue.dae","useInstanceRenderData":true}
{"class":"TSStatic","__parent":"SimGroup_","position":[58.6802368,-153.446945,125.397629],"isRenderEnabled":false,"rotationMatrix":[0.905957699,-0.421499431,-0.0397353955,0.421390355,0.906806529,-0.0114909476,0.0408757441,-0.00633380096,0.999144137],"shapeName":"/levels/west_coast_usa/art/shapes/objects/guardrail2_blue.dae","useInstanceRenderData":true}
{"class":"TSStatic","__parent":"SimGroup_","position":[60.4830017,-154.28566,125.319138],"isRenderEnabled":false,"rotationMatrix":[0.905957699,-0.421499431,-0.0397353955,0.421390355,0.906806529,-0.0114909476,0.0408757441,-0.00633380096,0.999144137],"shapeName":"/levels/west_coast_usa/art/shapes/objects/guardrail1_blue.dae","useInstanceRenderData":true}
{"class":"TSStatic","__parent":"SimGroup_","position":[57.853138,-152.907425,125.137329],"isRenderEnabled":false,"rotationMatrix":[0.905957699,-0.421499431,-0.0397353955,0.421390355,0.906806529,-0.0114909476,0.0408757441,-0.00633380096,0.999144137],"shapeName":"/levels/west_coast_usa/art/shapes/objects/guardrailpost.dae","useInstanceRenderData":true}
{"class":"TSStatic","__parent":"SimGroup_","position":[60.5100327,-154.289856,125.979851],"isRenderEnabled":false,"rotationMatrix":[0.905957699,-0.421499431,-0.0397353955,0.421390355,0.906806529,-0.0114909476,0.0408757441,-0.00633380096,0.999144137],"shapeName":"/levels/west_coast_usa/art/shapes/objects/guardrail1_blue.dae","useInstanceRenderData":true}
{"class":"TSStatic","__parent":"SimGroup_","position":[56.8773689,-152.61055,125.479553],"isRenderEnabled":false,"rotationMatrix":[0.905957699,-0.421499431,-0.0397353955,0.421390355,0.906806529,-0.0114909476,0.0408757441,-0.00633380096,0.999144137],"shapeName":"/levels/west_coast_usa/art/shapes/objects/guardrail1_white.dae","useInstanceRenderData":true}
{"class":"TSStatic","__parent":"SimGroup_","position":[55.0745163,-151.771835,125.555771],"isRenderEnabled":false,"rotationMatrix":[0.905957699,-0.421499431,-0.0397353955,0.421390355,0.906806529,-0.0114909476,0.0408757441,-0.00633380096,0.999144137],"shapeName":"/levels/west_coast_usa/art/shapes/objects/guardrail2_white.dae","useInstanceRenderData":true}
{"class":"TSStatic","__parent":"SimGroup_","position":[56.8909454,-152.61264,125.811317],"isRenderEnabled":false,"rotationMatrix":[0.905957699,-0.421499431,-0.0397353955,0.421390355,0.906806529,-0.0114909476,0.0408757441,-0.00633380096,0.999144137],"shapeName":"/levels/west_coast_usa/art/shapes/objects/guardrail1_white.dae","useInstanceRenderData":true}
{"class":"TSStatic","__parent":"SimGroup_","position":[55.0881042,-151.773956,125.888298],"isRenderEnabled":false,"rotationMatrix":[0.905957699,-0.421499431,-0.0397353955,0.421390355,0.906806529,-0.0114909476,0.0408757441,-0.00633380096,0.999144137],"shapeName":"/levels/west_coast_usa/art/shapes/objects/guardrail2_white.dae","useInstanceRenderData":true}
{"class":"TSStatic","__parent":"SimGroup_","position":[56.0477295,-152.066147,125.216537],"isRenderEnabled":false,"rotationMatrix":[0.905957699,-0.421499431,-0.0397353955,0.421390355,0.906806529,-0.0114909476,0.0408757441,-0.00633380096,0.999144137],"shapeName":"/levels/west_coast_usa/art/shapes/objects/guardrailpost.dae","useInstanceRenderData":true}
{"class":"TSStatic","__parent":"SimGroup_","position":[55.1014938,-151.776031,126.21521],"isRenderEnabled":false,"rotationMatrix":[0.905957699,-0.421499431,-0.0397353955,0.421390355,0.906806529,-0.0114909476,0.0408757441,-0.00633380096,0.999144137],"shapeName":"/levels/west_coast_usa/art/shapes/objects/guardrail2_white.dae","useInstanceRenderData":true}
{"class":"TSStatic","__parent":"SimGroup_","position":[56.9042435,-152.6147,126.136368],"isRenderEnabled":false,"rotationMatrix":[0.905957699,-0.421499431,-0.0397353955,0.421390355,0.906806529,-0.0114909476,0.0408757441,-0.00633380096,0.999144137],"shapeName":"/levels/west_coast_usa/art/shapes/objects/guardrail1_white.dae","useInstanceRenderData":true}
{"class":"TSStatic","__parent":"SimGroup_","position":[54.2474289,-151.232315,125.295479],"isRenderEnabled":false,"rotationMatrix":[0.905957699,-0.421499431,-0.0397353955,0.421390355,0.906806529,-0.0114909476,0.0408757441,-0.00633380096,0.999144137],"shapeName":"/levels/west_coast_usa/art/shapes/objects/guardrailpost.dae","useInstanceRenderData":true}
{"class":"TSStatic","__parent":"SimGroup_","position":[65.8888397,-156.790771,125.869095],"isRenderEnabled":false,"rotationMatrix":[0.906702995,-0.421524525,-0.0143778389,0.421390414,0.906806529,-0.0114909532,0.0178816356,0.00436019804,0.999830604],"shapeName":"/levels/west_coast_usa/art/shapes/objects/guardrail2_blue.dae","useInstanceRenderData":true}
{"class":"TSStatic","__parent":"SimGroup_","position":[66.8578339,-157.091187,124.895607],"isRenderEnabled":false,"rotationMatrix":[0.906702995,-0.421524525,-0.0143778389,0.421390414,0.906806529,-0.0114909532,0.0178816356,0.00436019804,0.999830604],"shapeName":"/levels/west_coast_usa/art/shapes/objects/guardrailpost.dae","useInstanceRenderData":true}
{"class":"TSStatic","__parent":"SimGroup_","position":[65.8829651,-156.792206,125.541969],"isRenderEnabled":false,"rotationMatrix":[0.906702995,-0.421524525,-0.0143778389,0.421390414,0.906806529,-0.0114909532,0.0178816356,0.00436019804,0.999830604],"shapeName":"/levels/west_coast_usa/art/shapes/objects/guardrail2_blue.dae","useInstanceRenderData":true}
{"class":"TSStatic","__parent":"SimGroup_","position":[67.6872406,-157.630951,125.515312],"isRenderEnabled":false,"rotationMatrix":[0.906702995,-0.421524525,-0.0143778389,0.421390414,0.906806529,-0.0114909532,0.0178816356,0.00436019804,0.999830604],"shapeName":"/levels/west_coast_usa/art/shapes/objects/guardrail1_blue.dae","useInstanceRenderData":true}
{"class":"TSStatic","__parent":"SimGroup_","position":[65.8770294,-156.793655,125.209213],"isRenderEnabled":false,"rotationMatrix":[0.906702995,-0.421524525,-0.0143778389,0.421390414,0.906806529,-0.0114909532,0.0178816356,0.00436019804,0.999830604],"shapeName":"/levels/west_coast_usa/art/shapes/objects/guardrail2_blue.dae","useInstanceRenderData":true}
{"class":"TSStatic","__parent":"SimGroup_","position":[67.6812592,-157.632416,125.181175],"isRenderEnabled":false,"rotationMatrix":[0.906702995,-0.421524525,-0.0143778389,0.421390414,0.906806529,-0.0114909532,0.0178816356,0.00436019804,0.999830604],"shapeName":"/levels/west_coast_usa/art/shapes/objects/guardrail1_blue.dae","useInstanceRenderData":true}
{"class":"TSStatic","__parent":"SimGroup_","position":[65.0560455,-156.257294,124.924202],"isRenderEnabled":false,"rotationMatrix":[0.906702995,-0.421524525,-0.0143778389,0.421390414,0.906806529,-0.0114909532,0.0178816356,0.00436019804,0.999830604],"shapeName":"/levels/west_coast_usa/art/shapes/objects/guardrailpost.dae","useInstanceRenderData":true}
{"class":"TSStatic","__parent":"SimGroup_","position":[67.6930847,-157.629532,125.842346],"isRenderEnabled":false,"rotationMatrix":[0.906702995,-0.421524525,-0.0143778389,0.421390414,0.906806529,-0.0114909532,0.0178816356,0.00436019804,0.999830604],"shapeName":"/levels/west_coast_usa/art/shapes/objects/guardrail1_blue.dae","useInstanceRenderData":true}
{"class":"TSStatic","__parent":"SimGroup_","position":[64.0726166,-155.957184,125.240692],"isRenderEnabled":false,"rotationMatrix":[0.906702995,-0.421524525,-0.0143778389,0.421390414,0.906806529,-0.0114909532,0.0178816356,0.00436019804,0.999830604],"shapeName":"/levels/west_coast_usa/art/shapes/objects/guardrail1_white.dae","useInstanceRenderData":true}
{"class":"TSStatic","__parent":"SimGroup_","position":[62.2683296,-155.118454,125.266457],"isRenderEnabled":false,"rotationMatrix":[0.906702995,-0.421524525,-0.0143778389,0.421390414,0.906806529,-0.0114909532,0.0178816356,0.00436019804,0.999830604],"shapeName":"/levels/west_coast_usa/art/shapes/objects/guardrail2_white.dae","useInstanceRenderData":true}
{"class":"TSStatic","__parent":"SimGroup_","position":[64.0785522,-155.955719,125.572693],"isRenderEnabled":false,"rotationMatrix":[0.906702995,-0.421524525,-0.0143778389,0.421390414,0.906806529,-0.0114909532,0.0178816356,0.00436019804,0.999830604],"shapeName":"/levels/west_coast_usa/art/shapes/objects/guardrail1_white.dae","useInstanceRenderData":true}
{"class":"TSStatic","__parent":"SimGroup_","position":[62.2742729,-155.117004,125.599213],"isRenderEnabled":false,"rotationMatrix":[0.906702995,-0.421524525,-0.0143778389,0.421390414,0.906806529,-0.0114909532,0.0178816356,0.00436019804,0.999830604],"shapeName":"/levels/west_coast_usa/art/shapes/objects/guardrail2_white.dae","useInstanceRenderData":true}
{"class":"TSStatic","__parent":"SimGroup_","position":[63.2491417,-155.415955,124.952866],"isRenderEnabled":false,"rotationMatrix":[0.906702995,-0.421524525,-0.0143778389,0.421390414,0.906806529,-0.0114909532,0.0178816356,0.00436019804,0.999830604],"shapeName":"/levels/west_coast_usa/art/shapes/objects/guardrailpost.dae","useInstanceRenderData":true}
{"class":"TSStatic","__parent":"SimGroup_","position":[62.2801323,-155.11557,125.926338],"isRenderEnabled":false,"rotationMatrix":[0.906702995,-0.421524525,-0.0143778389,0.421390414,0.906806529,-0.0114909532,0.0178816356,0.00436019804,0.999830604],"shapeName":"/levels/west_coast_usa/art/shapes/objects/guardrail2_white.dae","useInstanceRenderData":true}
{"class":"TSStatic","__parent":"SimGroup_","position":[64.0843658,-155.9543,125.897957],"isRenderEnabled":false,"rotationMatrix":[0.906702995,-0.421524525,-0.0143778389,0.421390414,0.906806529,-0.0114909532,0.0178816356,0.00436019804,0.999830604],"shapeName":"/levels/west_coast_usa/art/shapes/objects/guardrail1_white.dae","useInstanceRenderData":true}
{"class":"TSStatic","__parent":"SimGroup_","position":[61.4473534,-154.582077,124.981453],"isRenderEnabled":false,"rotationMatrix":[0.906702995,-0.421524525,-0.0143778389,0.421390414,0.906806529,-0.0114909532,0.0178816356,0.00436019804,0.999830604],"shapeName":"/levels/west_coast_usa/art/shapes/objects/guardrailpost.dae","useInstanceRenderData":true}
{"class":"TSStatic","__parent":"SimGroup_","position":[73.0587311,-160.123199,125.822578],"isRenderEnabled":false,"rotationMatrix":[0.906861544,-0.421427637,-0.000945612555,0.421390146,0.906806648,-0.0114909448,0.00570008997,0.010022223,0.999933541],"shapeName":"/levels/west_coast_usa/art/shapes/objects/guardrail2_blue.dae","useInstanceRenderData":true}
{"class":"TSStatic","__parent":"SimGroup_","position":[74.039566,-160.428925,124.862679],"isRenderEnabled":false,"rotationMatrix":[0.906861544,-0.421427637,-0.000945612555,0.421390146,0.906806648,-0.0114909448,0.00570008997,0.010022223,0.999933541],"shapeName":"/levels/west_coast_usa/art/shapes/objects/guardrailpost.dae","useInstanceRenderData":true}
{"class":"TSStatic","__parent":"SimGroup_","position":[73.0568542,-160.126465,125.495415],"isRenderEnabled":false,"rotationMatrix":[0.906861544,-0.421427637,-0.000945612555,0.421390146,0.906806648,-0.0114909448,0.00570008997,0.010022223,0.999933541],"shapeName":"/levels/west_coast_usa/art/shapes/objects/guardrail2_blue.dae","useInstanceRenderData":true}
{"class":"TSStatic","__parent":"SimGroup_","position":[74.8614349,-160.965012,125.495491],"isRenderEnabled":false,"rotationMatrix":[0.906861544,-0.421427637,-0.000945612555,0.421390146,0.906806648,-0.0114909448,0.00570008997,0.010022223,0.999933541],"shapeName":"/levels/west_coast_usa/art/shapes/objects/guardrail1_blue.dae","useInstanceRenderData":true}
{"class":"TSStatic","__parent":"SimGroup_","position":[73.0549622,-160.129807,125.162621],"isRenderEnabled":false,"rotationMatrix":[0.906861544,-0.421427637,-0.000945612555,0.421390146,0.906806648,-0.0114909448,0.00570008997,0.010022223,0.999933541],"shapeName":"/levels/west_coast_usa/art/shapes/objects/guardrail2_blue.dae","useInstanceRenderData":true}
{"class":"TSStatic","__parent":"SimGroup_","position":[74.8595123,-160.968384,125.161324],"isRenderEnabled":false,"rotationMatrix":[0.906861544,-0.421427637,-0.000945612555,0.421390146,0.906806648,-0.0114909448,0.00570008997,0.010022223,0.999933541],"shapeName":"/levels/west_coast_usa/art/shapes/objects/guardrail1_blue.dae","useInstanceRenderData":true}
{"class":"TSStatic","__parent":"SimGroup_","position":[72.2374573,-159.59523,124.864616],"isRenderEnabled":false,"rotationMatrix":[0.906861544,-0.421427637,-0.000945612555,0.421390146,0.906806648,-0.0114909448,0.00570008997,0.010022223,0.999933541],"shapeName":"/levels/west_coast_usa/art/shapes/objects/guardrailpost.dae","useInstanceRenderData":true}
{"class":"TSStatic","__parent":"SimGroup_","position":[74.8632812,-160.961746,125.822556],"isRenderEnabled":false,"rotationMatrix":[0.906861544,-0.421427637,-0.000945612555,0.421390146,0.906806648,-0.0114909448,0.00570008997,0.010022223,0.999933541],"shapeName":"/levels/west_coast_usa/art/shapes/objects/guardrail1_blue.dae","useInstanceRenderData":true}
{"class":"TSStatic","__parent":"SimGroup_","position":[71.2501984,-159.293503,125.167389],"isRenderEnabled":false,"rotationMatrix":[0.906861544,-0.421427637,-0.000945612555,0.421390146,0.906806648,-0.0114909448,0.00570008997,0.010022223,0.999933541],"shapeName":"/levels/west_coast_usa/art/shapes/objects/guardrail1_white.dae","useInstanceRenderData":true}
{"class":"TSStatic","__parent":"SimGroup_","position":[69.4456482,-158.454987,125.166428],"isRenderEnabled":false,"rotationMatrix":[0.906861544,-0.421427637,-0.000945612555,0.421390146,0.906806648,-0.0114909448,0.00570008997,0.010022223,0.999933541],"shapeName":"/levels/west_coast_usa/art/shapes/objects/guardrail2_white.dae","useInstanceRenderData":true}
{"class":"TSStatic","__parent":"SimGroup_","position":[71.2521057,-159.290161,125.499428],"isRenderEnabled":false,"rotationMatrix":[0.906861544,-0.421427637,-0.000945612555,0.421390146,0.906806648,-0.0114909448,0.00570008997,0.010022223,0.999933541],"shapeName":"/levels/west_coast_usa/art/shapes/objects/guardrail1_white.dae","useInstanceRenderData":true}
{"class":"TSStatic","__parent":"SimGroup_","position":[69.4475403,-158.45166,125.499214],"isRenderEnabled":false,"rotationMatrix":[0.906861544,-0.421427637,-0.000945612555,0.421390146,0.906806648,-0.0114909448,0.00570008997,0.010022223,0.999933541],"shapeName":"/levels/west_coast_usa/art/shapes/objects/guardrail2_white.dae","useInstanceRenderData":true}
{"class":"TSStatic","__parent":"SimGroup_","position":[70.4302368,-158.754074,124.866493],"isRenderEnabled":false,"rotationMatrix":[0.906861544,-0.421427637,-0.000945612555,0.421390146,0.906806648,-0.0114909448,0.00570008997,0.010022223,0.999933541],"shapeName":"/levels/west_coast_usa/art/shapes/objects/guardrailpost.dae","useInstanceRenderData":true}
{"class":"TSStatic","__parent":"SimGroup_","position":[69.4494019,-158.44838,125.826378],"isRenderEnabled":false,"rotationMatrix":[0.906861544,-0.421427637,-0.000945612555,0.421390146,0.906806648,-0.0114909448,0.00570008997,0.010022223,0.999933541],"shapeName":"/levels/west_coast_usa/art/shapes/objects/guardrail2_white.dae","useInstanceRenderData":true}
{"class":"TSStatic","__parent":"SimGroup_","position":[71.253952,-159.286911,125.824722],"isRenderEnabled":false,"rotationMatrix":[0.906861544,-0.421427637,-0.000945612555,0.421390146,0.906806648,-0.0114909448,0.00570008997,0.010022223,0.999933541],"shapeName":"/levels/west_coast_usa/art/shapes/objects/guardrail1_white.dae","useInstanceRenderData":true}
{"class":"TSStatic","__parent":"SimGroup_","position":[68.6281433,-157.920395,124.868416],"isRenderEnabled":false,"rotationMatrix":[0.906861544,-0.421427637,-0.000945612555,0.421390146,0.906806648,-0.0114909448,0.00570008997,0.010022223,0.999933541],"shapeName":"/levels/west_coast_usa/art/shapes/objects/guardrailpost.dae","useInstanceRenderData":true}
