{"name":"SimGroup_","class":"SimGroup","groupPosition":"801.83509635925 369.20097017288 155.08052229881"}
{"class":"TSStatic","__parent":"SimGroup_","position":[796.080017,362.656097,155.850159],"isRenderEnabled":false,"rotationMatrix":[0.661992669,0.74759227,-0.0535863303,-0.748957098,0.662557662,-0.00897816196,0.0287920274,0.0460773408,0.998522878],"shapeName":"/levels/west_coast_usa/art/shapes/objects/guardrail1_blue.dae","useInstanceRenderData":true}
{"class":"TSStatic","__parent":"SimGroup_","position":[794.762573,361.168335,155.954788],"isRenderEnabled":false,"rotationMatrix":[0.661992669,0.74759227,-0.0535863303,-0.748957098,0.662557662,-0.00897816196,0.0287920274,0.0460773408,0.998522878],"shapeName":"/levels/west_coast_usa/art/shapes/objects/guardrail2_blue.dae","useInstanceRenderData":true}
{"class":"TSStatic","__parent":"SimGroup_","position":[795.309021,361.998718,155.269699],"isRenderEnabled":false,"rotationMatrix":[0.661992669,0.74759227,-0.0535863303,-0.748957098,0.662557662,-0.00897816196,0.0287920274,0.0460773408,0.998522878],"shapeName":"/levels/west_coast_usa/art/shapes/objects/guardrailpost.dae","useInstanceRenderData":true}
{"class":"TSStatic","__parent":"SimGroup_","position":[794.772095,361.183411,156.281509],"isRenderEnabled":false,"rotationMatrix":[0.661992669,0.74759227,-0.0535863303,-0.748957098,0.662557662,-0.00897816196,0.0287920274,0.0460773408,0.998522878],"shapeName":"/levels/west_coast_usa/art/shapes/objects/guardrail2_blue.dae","useInstanceRenderData":true}
{"class":"TSStatic","__parent":"SimGroup_","position":[796.089355,362.671204,156.176727],"isRenderEnabled":false,"rotationMatrix":[0.661992669,0.74759227,-0.0535863303,-0.748957098,0.662557662,-0.00897816196,0.0287920274,0.0460773408,0.998522878],"shapeName":"/levels/west_coast_usa/art/shapes/objects/guardrail1_blue.dae","useInstanceRenderData":true}
{"class":"TSStatic","__parent":"SimGroup_","position":[793.997131,360.512054,155.376114],"isRenderEnabled":false,"rotationMatrix":[0.661992669,0.74759227,-0.0535863303,-0.748957098,0.662557662,-0.00897816196,0.0287920274,0.0460773408,0.998522878],"shapeName":"/levels/west_coast_usa/art/shapes/objects/guardrailpost.dae","useInstanceRenderData":true}
{"class":"TSStatic","__parent":"SimGroup_","position":[796.070312,362.640717,155.516434],"isRenderEnabled":false,"rotationMatrix":[0.661992669,0.74759227,-0.0535863303,-0.748957098,0.662557662,-0.00897816196,0.0287920274,0.0460773408,0.998522878],"shapeName":"/levels/west_coast_usa/art/shapes/objects/guardrail1_blue.dae","useInstanceRenderData":true}
{"class":"TSStatic","__parent":"SimGroup_","position":[794.753052,361.152985,155.622482],"isRenderEnabled":false,"rotationMatrix":[0.661992669,0.74759227,-0.0535863303,-0.748957098,0.662557662,-0.00897816196,0.0287920274,0.0460773408,0.998522878],"shapeName":"/levels/west_coast_usa/art/shapes/objects/guardrail2_blue.dae","useInstanceRenderData":true}
{"class":"TSStatic","__parent":"SimGroup_","position":[792.152222,358.205658,155.833496],"isRenderEnabled":false,"rotationMatrix":[0.661992669,0.74759227,-0.0535863303,-0.748957098,0.662557662,-0.00897816196,0.0287920274,0.0460773408,0.998522878],"shapeName":"/levels/west_coast_usa/art/shapes/objects/guardrail2_white.dae","useInstanceRenderData":true}
{"class":"TSStatic","__parent":"SimGroup_","position":[793.469482,359.69339,155.729691],"isRenderEnabled":false,"rotationMatrix":[0.661992669,0.74759227,-0.0535863303,-0.748957098,0.662557662,-0.00897816196,0.0287920274,0.0460773408,0.998522878],"shapeName":"/levels/west_coast_usa/art/shapes/objects/guardrail1_white.dae","useInstanceRenderData":true}
{"class":"TSStatic","__parent":"SimGroup_","position":[791.396423,357.564697,155.587112],"isRenderEnabled":false,"rotationMatrix":[0.661992669,0.74759227,-0.0535863303,-0.748957098,0.662557662,-0.00897816196,0.0287920274,0.0460773408,0.998522878],"shapeName":"/levels/west_coast_usa/art/shapes/objects/guardrailpost.dae","useInstanceRenderData":true}
{"class":"TSStatic","__parent":"SimGroup_","position":[793.488403,359.723663,156.386093],"isRenderEnabled":false,"rotationMatrix":[0.661992669,0.74759227,-0.0535863303,-0.748957098,0.662557662,-0.00897816196,0.0287920274,0.0460773408,0.998522878],"shapeName":"/levels/west_coast_usa/art/shapes/objects/guardrail1_white.dae","useInstanceRenderData":true}
{"class":"TSStatic","__parent":"SimGroup_","position":[792.171265,358.236115,156.492523],"isRenderEnabled":false,"rotationMatrix":[0.661992669,0.74759227,-0.0535863303,-0.748957098,0.662557662,-0.00897816196,0.0287920274,0.0460773408,0.998522878],"shapeName":"/levels/west_coast_usa/art/shapes/objects/guardrail2_white.dae","useInstanceRenderData":true}
{"class":"TSStatic","__parent":"SimGroup_","position":[792.708191,359.051422,155.480682],"isRenderEnabled":false,"rotationMatrix":[0.661992669,0.74759227,-0.0535863303,-0.748957098,0.662557662,-0.00897816196,0.0287920274,0.0460773408,0.998522878],"shapeName":"/levels/west_coast_usa/art/shapes/objects/guardrailpost.dae","useInstanceRenderData":true}
{"class":"TSStatic","__parent":"SimGroup_","position":[792.161804,358.221008,156.165817],"isRenderEnabled":false,"rotationMatrix":[0.661992669,0.74759227,-0.0535863303,-0.748957098,0.662557662,-0.00897816196,0.0287920274,0.0460773408,0.998522878],"shapeName":"/levels/west_coast_usa/art/shapes/objects/guardrail2_white.dae","useInstanceRenderData":true}
{"class":"TSStatic","__parent":"SimGroup_","position":[793.479065,359.708679,156.061264],"isRenderEnabled":false,"rotationMatrix":[0.661992669,0.74759227,-0.0535863303,-0.748957098,0.662557662,-0.00897816196,0.0287920274,0.0460773408,0.998522878],"shapeName":"/levels/west_coast_usa/art/shapes/objects/guardrail1_white.dae","useInstanceRenderData":true}
{"class":"TSStatic","__parent":"SimGroup_","position":[801.363403,368.62265,155.422485],"isRenderEnabled":false,"rotationMatrix":[0.661992669,0.74759227,-0.0535863303,-0.748957098,0.662557662,-0.00897816196,0.0287920274,0.0460773408,0.998522878],"shapeName":"/levels/west_coast_usa/art/shapes/objects/guardrail1_blue.dae","useInstanceRenderData":true}
{"class":"TSStatic","__parent":"SimGroup_","position":[800.045959,367.134888,155.527115],"isRenderEnabled":false,"rotationMatrix":[0.661992669,0.74759227,-0.0535863303,-0.748957098,0.662557662,-0.00897816196,0.0287920274,0.0460773408,0.998522878],"shapeName":"/levels/west_coast_usa/art/shapes/objects/guardrail2_blue.dae","useInstanceRenderData":true}
{"class":"TSStatic","__parent":"SimGroup_","position":[800.592407,367.965271,154.842026],"isRenderEnabled":false,"rotationMatrix":[0.661992669,0.74759227,-0.0535863303,-0.748957098,0.662557662,-0.00897816196,0.0287920274,0.0460773408,0.998522878],"shapeName":"/levels/west_coast_usa/art/shapes/objects/guardrailpost.dae","useInstanceRenderData":true}
{"class":"TSStatic","__parent":"SimGroup_","position":[800.055481,367.149963,155.853836],"isRenderEnabled":false,"rotationMatrix":[0.661992669,0.74759227,-0.0535863303,-0.748957098,0.662557662,-0.00897816196,0.0287920274,0.0460773408,0.998522878],"shapeName":"/levels/west_coast_usa/art/shapes/objects/guardrail2_blue.dae","useInstanceRenderData":true}
{"class":"TSStatic","__parent":"SimGroup_","position":[801.372742,368.637756,155.749054],"isRenderEnabled":false,"rotationMatrix":[0.661992669,0.74759227,-0.0535863303,-0.748957098,0.662557662,-0.00897816196,0.0287920274,0.0460773408,0.998522878],"shapeName":"/levels/west_coast_usa/art/shapes/objects/guardrail1_blue.dae","useInstanceRenderData":true}
{"class":"TSStatic","__parent":"SimGroup_","position":[799.280518,366.478607,154.948441],"isRenderEnabled":false,"rotationMatrix":[0.661992669,0.74759227,-0.0535863303,-0.748957098,0.662557662,-0.00897816196,0.0287920274,0.0460773408,0.998522878],"shapeName":"/levels/west_coast_usa/art/shapes/objects/guardrailpost.dae","useInstanceRenderData":true}
{"class":"TSStatic","__parent":"SimGroup_","position":[801.353699,368.607269,155.08876],"isRenderEnabled":false,"rotationMatrix":[0.661992669,0.74759227,-0.0535863303,-0.748957098,0.662557662,-0.00897816196,0.0287920274,0.0460773408,0.998522878],"shapeName":"/levels/west_coast_usa/art/shapes/objects/guardrail1_blue.dae","useInstanceRenderData":true}
{"class":"TSStatic","__parent":"SimGroup_","position":[800.036438,367.119537,155.194809],"isRenderEnabled":false,"rotationMatrix":[0.661992669,0.74759227,-0.0535863303,-0.748957098,0.662557662,-0.00897816196,0.0287920274,0.0460773408,0.998522878],"shapeName":"/levels/west_coast_usa/art/shapes/objects/guardrail2_blue.dae","useInstanceRenderData":true}
{"class":"TSStatic","__parent":"SimGroup_","position":[797.435608,364.172211,155.405823],"isRenderEnabled":false,"rotationMatrix":[0.661992669,0.74759227,-0.0535863303,-0.748957098,0.662557662,-0.00897816196,0.0287920274,0.0460773408,0.998522878],"shapeName":"/levels/west_coast_usa/art/shapes/objects/guardrail2_white.dae","useInstanceRenderData":true}
{"class":"TSStatic","__parent":"SimGroup_","position":[798.752869,365.659943,155.302017],"isRenderEnabled":false,"rotationMatrix":[0.661992669,0.74759227,-0.0535863303,-0.748957098,0.662557662,-0.00897816196,0.0287920274,0.0460773408,0.998522878],"shapeName":"/levels/west_coast_usa/art/shapes/objects/guardrail1_white.dae","useInstanceRenderData":true}
{"class":"TSStatic","__parent":"SimGroup_","position":[796.67981,363.53125,155.159439],"isRenderEnabled":false,"rotationMatrix":[0.661992669,0.74759227,-0.0535863303,-0.748957098,0.662557662,-0.00897816196,0.0287920274,0.0460773408,0.998522878],"shapeName":"/levels/west_coast_usa/art/shapes/objects/guardrailpost.dae","useInstanceRenderData":true}
{"class":"TSStatic","__parent":"SimGroup_","position":[798.77179,365.690216,155.95842],"isRenderEnabled":false,"rotationMatrix":[0.661992669,0.74759227,-0.0535863303,-0.748957098,0.662557662,-0.00897816196,0.0287920274,0.0460773408,0.998522878],"shapeName":"/levels/west_coast_usa/art/shapes/objects/guardrail1_white.dae","useInstanceRenderData":true}
{"class":"TSStatic","__parent":"SimGroup_","position":[797.454651,364.202667,156.06485],"isRenderEnabled":false,"rotationMatrix":[0.661992669,0.74759227,-0.0535863303,-0.748957098,0.662557662,-0.00897816196,0.0287920274,0.0460773408,0.998522878],"shapeName":"/levels/west_coast_usa/art/shapes/objects/guardrail2_white.dae","useInstanceRenderData":true}
{"class":"TSStatic","__parent":"SimGroup_","position":[797.991577,365.017975,155.053009],"isRenderEnabled":false,"rotationMatrix":[0.661992669,0.74759227,-0.0535863303,-0.748957098,0.662557662,-0.00897816196,0.0287920274,0.0460773408,0.998522878],"shapeName":"/levels/west_coast_usa/art/shapes/objects/guardrailpost.dae","useInstanceRenderData":true}
{"class":"TSStatic","__parent":"SimGroup_","position":[797.44519,364.187561,155.738144],"isRenderEnabled":false,"rotationMatrix":[0.661992669,0.74759227,-0.0535863303,-0.748957098,0.662557662,-0.00897816196,0.0287920274,0.0460773408,0.998522878],"shapeName":"/levels/west_coast_usa/art/shapes/objects/guardrail2_white.dae","useInstanceRenderData":true}
{"class":"TSStatic","__parent":"SimGroup_","position":[798.762451,365.675232,155.633591],"isRenderEnabled":false,"rotationMatrix":[0.661992669,0.74759227,-0.0535863303,-0.748957098,0.662557662,-0.00897816196,0.0287920274,0.0460773408,0.998522878],"shapeName":"/levels/west_coast_usa/art/shapes/objects/guardrail1_white.dae","useInstanceRenderData":true}
{"class":"TSStatic","__parent":"SimGroup_","position":[806.636902,374.574554,154.740952],"isRenderEnabled":false,"rotationMatrix":[0.660526395,0.745448411,-0.0895068049,-0.748957217,0.662557483,-0.00897816196,0.0526106395,0.0729670823,0.995945752],"shapeName":"/levels/west_coast_usa/art/shapes/objects/guardrail1_blue.dae","useInstanceRenderData":true}
{"class":"TSStatic","__parent":"SimGroup_","position":[805.322388,373.091003,154.917084],"isRenderEnabled":false,"rotationMatrix":[0.660526395,0.745448411,-0.0895068049,-0.748957217,0.662557483,-0.00897816196,0.0526106395,0.0729670823,0.995945752],"shapeName":"/levels/west_coast_usa/art/shapes/objects/guardrail2_blue.dae","useInstanceRenderData":true}
{"class":"TSStatic","__parent":"SimGroup_","position":[805.852295,373.902283,154.196991],"isRenderEnabled":false,"rotationMatrix":[0.660526395,0.745448411,-0.0895068049,-0.748957217,0.662557483,-0.00897816196,0.0526106395,0.0729670823,0.995945752],"shapeName":"/levels/west_coast_usa/art/shapes/objects/guardrailpost.dae","useInstanceRenderData":true}
{"class":"TSStatic","__parent":"SimGroup_","position":[805.3396,373.114899,155.24295],"isRenderEnabled":false,"rotationMatrix":[0.660526395,0.745448411,-0.0895068049,-0.748957217,0.662557483,-0.00897816196,0.0526106395,0.0729670823,0.995945752],"shapeName":"/levels/west_coast_usa/art/shapes/objects/guardrail2_blue.dae","useInstanceRenderData":true}
{"class":"TSStatic","__parent":"SimGroup_","position":[806.654053,374.59845,155.066696],"isRenderEnabled":false,"rotationMatrix":[0.660526395,0.745448411,-0.0895068049,-0.748957217,0.662557483,-0.00897816196,0.0526106395,0.0729670823,0.995945752],"shapeName":"/levels/west_coast_usa/art/shapes/objects/guardrail1_blue.dae","useInstanceRenderData":true}
{"class":"TSStatic","__parent":"SimGroup_","position":[804.543335,372.419861,154.374741],"isRenderEnabled":false,"rotationMatrix":[0.660526395,0.745448411,-0.0895068049,-0.748957217,0.662557483,-0.00897816196,0.0526106395,0.0729670823,0.995945752],"shapeName":"/levels/west_coast_usa/art/shapes/objects/guardrailpost.dae","useInstanceRenderData":true}
{"class":"TSStatic","__parent":"SimGroup_","position":[806.619263,374.550201,154.408096],"isRenderEnabled":false,"rotationMatrix":[0.660526395,0.745448411,-0.0895068049,-0.748957217,0.662557483,-0.00897816196,0.0526106395,0.0729670823,0.995945752],"shapeName":"/levels/west_coast_usa/art/shapes/objects/guardrail1_blue.dae","useInstanceRenderData":true}
{"class":"TSStatic","__parent":"SimGroup_","position":[805.304871,373.066711,154.585617],"isRenderEnabled":false,"rotationMatrix":[0.660526395,0.745448411,-0.0895068049,-0.748957217,0.662557483,-0.00897816196,0.0526106395,0.0729670823,0.995945752],"shapeName":"/levels/west_coast_usa/art/shapes/objects/guardrail2_blue.dae","useInstanceRenderData":true}
{"class":"TSStatic","__parent":"SimGroup_","position":[802.709229,370.127075,154.930832],"isRenderEnabled":false,"rotationMatrix":[0.660892844,0.745961487,-0.0822316483,-0.748957336,0.662557364,-0.00897815637,0.047785826,0.0675215945,0.996572793],"shapeName":"/levels/west_coast_usa/art/shapes/objects/guardrail2_white.dae","useInstanceRenderData":true}
{"class":"TSStatic","__parent":"SimGroup_","position":[804.024353,371.611633,154.770035],"isRenderEnabled":false,"rotationMatrix":[0.660892844,0.745961487,-0.0822316483,-0.748957336,0.662557364,-0.00897815637,0.047785826,0.0675215945,0.996572793],"shapeName":"/levels/west_coast_usa/art/shapes/objects/guardrail1_white.dae","useInstanceRenderData":true}
{"class":"TSStatic","__parent":"SimGroup_","position":[801.948853,369.481323,154.712708],"isRenderEnabled":false,"rotationMatrix":[0.660892844,0.745961487,-0.0822316483,-0.748957336,0.662557364,-0.00897815637,0.047785826,0.0675215945,0.996572793],"shapeName":"/levels/west_coast_usa/art/shapes/objects/guardrailpost.dae","useInstanceRenderData":true}
{"class":"TSStatic","__parent":"SimGroup_","position":[804.055725,371.655975,155.425156],"isRenderEnabled":false,"rotationMatrix":[0.660892844,0.745961487,-0.0822316483,-0.748957336,0.662557364,-0.00897815637,0.047785826,0.0675215945,0.996572793],"shapeName":"/levels/west_coast_usa/art/shapes/objects/guardrail1_white.dae","useInstanceRenderData":true}
{"class":"TSStatic","__parent":"SimGroup_","position":[802.740784,370.171661,155.588577],"isRenderEnabled":false,"rotationMatrix":[0.660892844,0.745961487,-0.0822316483,-0.748957336,0.662557364,-0.00897815637,0.047785826,0.0675215945,0.996572793],"shapeName":"/levels/west_coast_usa/art/shapes/objects/guardrail2_white.dae","useInstanceRenderData":true}
{"class":"TSStatic","__parent":"SimGroup_","position":[803.258423,370.964783,154.549408],"isRenderEnabled":false,"rotationMatrix":[0.660892844,0.745961487,-0.0822316483,-0.748957336,0.662557364,-0.00897815637,0.047785826,0.0675215945,0.996572793],"shapeName":"/levels/west_coast_usa/art/shapes/objects/guardrailpost.dae","useInstanceRenderData":true}
{"class":"TSStatic","__parent":"SimGroup_","position":[802.725159,370.149536,155.262497],"isRenderEnabled":false,"rotationMatrix":[0.660892844,0.745961487,-0.0822316483,-0.748957336,0.662557364,-0.00897815637,0.047785826,0.0675215945,0.996572793],"shapeName":"/levels/west_coast_usa/art/shapes/objects/guardrail2_white.dae","useInstanceRenderData":true}
{"class":"TSStatic","__parent":"SimGroup_","position":[804.040283,371.634033,155.100952],"isRenderEnabled":false,"rotationMatrix":[0.660892844,0.745961487,-0.0822316483,-0.748957336,0.662557364,-0.00897815637,0.047785826,0.0675215945,0.996572793],"shapeName":"/levels/west_coast_usa/art/shapes/objects/guardrail1_white.dae","useInstanceRenderData":true}
{"class":"TSStatic","__parent":"SimGroup_","position":[811.863831,380.47345,154.032669],"isRenderEnabled":false,"rotationMatrix":[0.660526395,0.745448411,-0.0895068049,-0.748957217,0.662557483,-0.00897816196,0.0526106395,0.0729670823,0.995945752],"shapeName":"/levels/west_coast_usa/art/shapes/objects/guardrail1_blue.dae","useInstanceRenderData":true}
{"class":"TSStatic","__parent":"SimGroup_","position":[810.549316,378.989899,154.208801],"isRenderEnabled":false,"rotationMatrix":[0.660526395,0.745448411,-0.0895068049,-0.748957217,0.662557483,-0.00897816196,0.0526106395,0.0729670823,0.995945752],"shapeName":"/levels/west_coast_usa/art/shapes/objects/guardrail2_blue.dae","useInstanceRenderData":true}
{"class":"TSStatic","__parent":"SimGroup_","position":[811.079224,379.801178,153.488708],"isRenderEnabled":false,"rotationMatrix":[0.660526395,0.745448411,-0.0895068049,-0.748957217,0.662557483,-0.00897816196,0.0526106395,0.0729670823,0.995945752],"shapeName":"/levels/west_coast_usa/art/shapes/objects/guardrailpost.dae","useInstanceRenderData":true}
{"class":"TSStatic","__parent":"SimGroup_","position":[810.566528,379.013794,154.534668],"isRenderEnabled":false,"rotationMatrix":[0.660526395,0.745448411,-0.0895068049,-0.748957217,0.662557483,-0.00897816196,0.0526106395,0.0729670823,0.995945752],"shapeName":"/levels/west_coast_usa/art/shapes/objects/guardrail2_blue.dae","useInstanceRenderData":true}
{"class":"TSStatic","__parent":"SimGroup_","position":[811.880981,380.497345,154.358414],"isRenderEnabled":false,"rotationMatrix":[0.660526395,0.745448411,-0.0895068049,-0.748957217,0.662557483,-0.00897816196,0.0526106395,0.0729670823,0.995945752],"shapeName":"/levels/west_coast_usa/art/shapes/objects/guardrail1_blue.dae","useInstanceRenderData":true}
{"class":"TSStatic","__parent":"SimGroup_","position":[809.770264,378.318756,153.666458],"isRenderEnabled":false,"rotationMatrix":[0.660526395,0.745448411,-0.0895068049,-0.748957217,0.662557483,-0.00897816196,0.0526106395,0.0729670823,0.995945752],"shapeName":"/levels/west_coast_usa/art/shapes/objects/guardrailpost.dae","useInstanceRenderData":true}
{"class":"TSStatic","__parent":"SimGroup_","position":[811.846191,380.449097,153.699814],"isRenderEnabled":false,"rotationMatrix":[0.660526395,0.745448411,-0.0895068049,-0.748957217,0.662557483,-0.00897816196,0.0526106395,0.0729670823,0.995945752],"shapeName":"/levels/west_coast_usa/art/shapes/objects/guardrail1_blue.dae","useInstanceRenderData":true}
{"class":"TSStatic","__parent":"SimGroup_","position":[810.531799,378.965607,153.877335],"isRenderEnabled":false,"rotationMatrix":[0.660526395,0.745448411,-0.0895068049,-0.748957217,0.662557483,-0.00897816196,0.0526106395,0.0729670823,0.995945752],"shapeName":"/levels/west_coast_usa/art/shapes/objects/guardrail2_blue.dae","useInstanceRenderData":true}
{"class":"TSStatic","__parent":"SimGroup_","position":[807.936768,376.026733,154.229752],"isRenderEnabled":false,"rotationMatrix":[0.660526395,0.745448411,-0.0895068049,-0.748957217,0.662557483,-0.00897816196,0.0526106395,0.0729670823,0.995945752],"shapeName":"/levels/west_coast_usa/art/shapes/objects/guardrail2_white.dae","useInstanceRenderData":true}
{"class":"TSStatic","__parent":"SimGroup_","position":[809.25116,377.510284,154.054474],"isRenderEnabled":false,"rotationMatrix":[0.660526395,0.745448411,-0.0895068049,-0.748957217,0.662557483,-0.00897816196,0.0526106395,0.0729670823,0.995945752],"shapeName":"/levels/west_coast_usa/art/shapes/objects/guardrail1_white.dae","useInstanceRenderData":true}
{"class":"TSStatic","__parent":"SimGroup_","position":[807.175293,375.379852,154.018845],"isRenderEnabled":false,"rotationMatrix":[0.660526395,0.745448411,-0.0895068049,-0.748957217,0.662557483,-0.00897816196,0.0526106395,0.0729670823,0.995945752],"shapeName":"/levels/west_coast_usa/art/shapes/objects/guardrailpost.dae","useInstanceRenderData":true}
{"class":"TSStatic","__parent":"SimGroup_","position":[809.285706,377.558228,154.709183],"isRenderEnabled":false,"rotationMatrix":[0.660526395,0.745448411,-0.0895068049,-0.748957217,0.662557483,-0.00897816196,0.0526106395,0.0729670823,0.995945752],"shapeName":"/levels/west_coast_usa/art/shapes/objects/guardrail1_white.dae","useInstanceRenderData":true}
{"class":"TSStatic","__parent":"SimGroup_","position":[807.971497,376.074921,154.887085],"isRenderEnabled":false,"rotationMatrix":[0.660526395,0.745448411,-0.0895068049,-0.748957217,0.662557483,-0.00897816196,0.0526106395,0.0729670823,0.995945752],"shapeName":"/levels/west_coast_usa/art/shapes/objects/guardrail2_white.dae","useInstanceRenderData":true}
{"class":"TSStatic","__parent":"SimGroup_","position":[808.484131,376.862305,153.84111],"isRenderEnabled":false,"rotationMatrix":[0.660526395,0.745448411,-0.0895068049,-0.748957217,0.662557483,-0.00897816196,0.0526106395,0.0729670823,0.995945752],"shapeName":"/levels/west_coast_usa/art/shapes/objects/guardrailpost.dae","useInstanceRenderData":true}
{"class":"TSStatic","__parent":"SimGroup_","position":[807.954285,376.051025,154.561218],"isRenderEnabled":false,"rotationMatrix":[0.660526395,0.745448411,-0.0895068049,-0.748957217,0.662557483,-0.00897816196,0.0526106395,0.0729670823,0.995945752],"shapeName":"/levels/west_coast_usa/art/shapes/objects/guardrail2_white.dae","useInstanceRenderData":true}
{"class":"TSStatic","__parent":"SimGroup_","position":[809.268677,377.534485,154.385193],"isRenderEnabled":false,"rotationMatrix":[0.660526395,0.745448411,-0.0895068049,-0.748957217,0.662557483,-0.00897816196,0.0526106395,0.0729670823,0.995945752],"shapeName":"/levels/west_coast_usa/art/shapes/objects/guardrail1_white.dae","useInstanceRenderData":true}
