{"name":"SimGroup_","class":"SimGroup","groupPosition":"107.69106002081 -78.866865112668 128.33911895752"}
{"class":"TSStatic","__parent":"SimGroup_","position":[131.905624,-109.067841,127.559708],"isRenderEnabled":false,"rotationMatrix":[-0.867715001,0.496165156,0.0298389047,-0.496445,-0.868064761,-0.00232063932,0.0247506909,-0.0168270301,0.999552011],"shapeName":"/levels/west_coast_usa/art/shapes/objects/guardrailpost.dae","useInstanceRenderData":true}
{"class":"TSStatic","__parent":"SimGroup_","position":[129.419205,-107.481354,127.946136],"isRenderEnabled":false,"rotationMatrix":[-0.867715001,0.496165156,0.0298389047,-0.496445,-0.868064761,-0.00232063932,0.0247506909,-0.0168270301,0.999552011],"shapeName":"/levels/west_coast_usa/art/shapes/objects/guardrail1_blue.dae","useInstanceRenderData":true}
{"class":"TSStatic","__parent":"SimGroup_","position":[131.145767,-108.468643,127.886093],"isRenderEnabled":false,"rotationMatrix":[-0.867715001,0.496165156,0.0298389047,-0.496445,-0.868064761,-0.00232063932,0.0247506909,-0.0168270301,0.999552011],"shapeName":"/levels/west_coast_usa/art/shapes/objects/guardrail2_blue.dae","useInstanceRenderData":true}
{"class":"TSStatic","__parent":"SimGroup_","position":[129.427414,-107.486977,128.280182],"isRenderEnabled":false,"rotationMatrix":[-0.867715001,0.496165156,0.0298389047,-0.496445,-0.868064761,-0.00232063932,0.0247506909,-0.0168270301,0.999552011],"shapeName":"/levels/west_coast_usa/art/shapes/objects/guardrail1_blue.dae","useInstanceRenderData":true}
{"class":"TSStatic","__parent":"SimGroup_","position":[131.154037,-108.474243,128.218811],"isRenderEnabled":false,"rotationMatrix":[-0.867715001,0.496165156,0.0298389047,-0.496445,-0.868064761,-0.00232063932,0.0247506909,-0.0168270301,0.999552011],"shapeName":"/levels/west_coast_usa/art/shapes/objects/guardrail2_blue.dae","useInstanceRenderData":true}
{"class":"TSStatic","__parent":"SimGroup_","position":[129.435593,-107.492477,128.607147],"isRenderEnabled":false,"rotationMatrix":[-0.867715001,0.496165156,0.0298389047,-0.496445,-0.868064761,-0.00232063932,0.0247506909,-0.0168270301,0.999552011],"shapeName":"/levels/west_coast_usa/art/shapes/objects/guardrail1_blue.dae","useInstanceRenderData":true}
{"class":"TSStatic","__parent":"SimGroup_","position":[130.181015,-108.085587,127.618935],"isRenderEnabled":false,"rotationMatrix":[-0.867715001,0.496165156,0.0298389047,-0.496445,-0.868064761,-0.00232063932,0.0247506909,-0.0168270301,0.999552011],"shapeName":"/levels/west_coast_usa/art/shapes/objects/guardrailpost.dae","useInstanceRenderData":true}
{"class":"TSStatic","__parent":"SimGroup_","position":[125.975975,-105.503769,128.066864],"isRenderEnabled":false,"rotationMatrix":[-0.867715001,0.496165156,0.0298389047,-0.496445,-0.868064761,-0.00232063932,0.0247506909,-0.0168270301,0.999552011],"shapeName":"/levels/west_coast_usa/art/shapes/objects/guardrail1_white.dae","useInstanceRenderData":true}
{"class":"TSStatic","__parent":"SimGroup_","position":[131.162125,-108.479752,128.545868],"isRenderEnabled":false,"rotationMatrix":[-0.867715001,0.496165156,0.0298389047,-0.496445,-0.868064761,-0.00232063932,0.0247506909,-0.0168270301,0.999552011],"shapeName":"/levels/west_coast_usa/art/shapes/objects/guardrail2_blue.dae","useInstanceRenderData":true}
{"class":"TSStatic","__parent":"SimGroup_","position":[127.718872,-106.502113,128.664429],"isRenderEnabled":false,"rotationMatrix":[-0.867715001,0.496165156,0.0298389047,-0.496445,-0.868064761,-0.00232063932,0.0247506909,-0.0168270301,0.999552011],"shapeName":"/levels/west_coast_usa/art/shapes/objects/guardrail2_white.dae","useInstanceRenderData":true}
{"class":"TSStatic","__parent":"SimGroup_","position":[127.71077,-106.496613,128.337402],"isRenderEnabled":false,"rotationMatrix":[-0.867715001,0.496165156,0.0298389047,-0.496445,-0.868064761,-0.00232063932,0.0247506909,-0.0168270301,0.999552011],"shapeName":"/levels/west_coast_usa/art/shapes/objects/guardrail2_white.dae","useInstanceRenderData":true}
{"class":"TSStatic","__parent":"SimGroup_","position":[125.984207,-105.509346,128.398865],"isRenderEnabled":false,"rotationMatrix":[-0.867715001,0.496165156,0.0298389047,-0.496445,-0.868064761,-0.00232063932,0.0247506909,-0.0168270301,0.999552011],"shapeName":"/levels/west_coast_usa/art/shapes/objects/guardrail1_white.dae","useInstanceRenderData":true}
{"class":"TSStatic","__parent":"SimGroup_","position":[126.737747,-106.107971,127.737473],"isRenderEnabled":false,"rotationMatrix":[-0.867715001,0.496165156,0.0298389047,-0.496445,-0.868064761,-0.00232063932,0.0247506909,-0.0168270301,0.999552011],"shapeName":"/levels/west_coast_usa/art/shapes/objects/guardrailpost.dae","useInstanceRenderData":true}
{"class":"TSStatic","__parent":"SimGroup_","position":[125.992249,-105.514832,128.72406],"isRenderEnabled":false,"rotationMatrix":[-0.867715001,0.496165156,0.0298389047,-0.496445,-0.868064761,-0.00232063932,0.0247506909,-0.0168270301,0.999552011],"shapeName":"/levels/west_coast_usa/art/shapes/objects/guardrail1_white.dae","useInstanceRenderData":true}
{"class":"TSStatic","__parent":"SimGroup_","position":[128.462387,-107.090218,127.678246],"isRenderEnabled":false,"rotationMatrix":[-0.867715001,0.496165156,0.0298389047,-0.496445,-0.868064761,-0.00232063932,0.0247506909,-0.0168270301,0.999552011],"shapeName":"/levels/west_coast_usa/art/shapes/objects/guardrailpost.dae","useInstanceRenderData":true}
{"class":"TSStatic","__parent":"SimGroup_","position":[127.70253,-106.490997,128.004608],"isRenderEnabled":false,"rotationMatrix":[-0.867715001,0.496165156,0.0298389047,-0.496445,-0.868064761,-0.00232063932,0.0247506909,-0.0168270301,0.999552011],"shapeName":"/levels/west_coast_usa/art/shapes/objects/guardrail2_white.dae","useInstanceRenderData":true}
{"class":"TSStatic","__parent":"SimGroup_","position":[124.960732,-105.096664,127.798538],"isRenderEnabled":false,"rotationMatrix":[-0.867715001,0.496165156,0.0298389047,-0.496445,-0.868064761,-0.00232063932,0.0247506909,-0.0168270301,0.999552011],"shapeName":"/levels/west_coast_usa/art/shapes/objects/guardrailpost.dae","useInstanceRenderData":true}
{"class":"TSStatic","__parent":"SimGroup_","position":[122.474289,-103.510178,128.184967],"isRenderEnabled":false,"rotationMatrix":[-0.867715001,0.496165156,0.0298389047,-0.496445,-0.868064761,-0.00232063932,0.0247506909,-0.0168270301,0.999552011],"shapeName":"/levels/west_coast_usa/art/shapes/objects/guardrail1_blue.dae","useInstanceRenderData":true}
{"class":"TSStatic","__parent":"SimGroup_","position":[124.200867,-104.497467,128.124924],"isRenderEnabled":false,"rotationMatrix":[-0.867715001,0.496165156,0.0298389047,-0.496445,-0.868064761,-0.00232063932,0.0247506909,-0.0168270301,0.999552011],"shapeName":"/levels/west_coast_usa/art/shapes/objects/guardrail2_blue.dae","useInstanceRenderData":true}
{"class":"TSStatic","__parent":"SimGroup_","position":[122.482498,-103.5158,128.518967],"isRenderEnabled":false,"rotationMatrix":[-0.867715001,0.496165156,0.0298389047,-0.496445,-0.868064761,-0.00232063932,0.0247506909,-0.0168270301,0.999552011],"shapeName":"/levels/west_coast_usa/art/shapes/objects/guardrail1_blue.dae","useInstanceRenderData":true}
{"class":"TSStatic","__parent":"SimGroup_","position":[124.209122,-104.503067,128.457596],"isRenderEnabled":false,"rotationMatrix":[-0.867715001,0.496165156,0.0298389047,-0.496445,-0.868064761,-0.00232063932,0.0247506909,-0.0168270301,0.999552011],"shapeName":"/levels/west_coast_usa/art/shapes/objects/guardrail2_blue.dae","useInstanceRenderData":true}
{"class":"TSStatic","__parent":"SimGroup_","position":[122.490654,-103.521301,128.845932],"isRenderEnabled":false,"rotationMatrix":[-0.867715001,0.496165156,0.0298389047,-0.496445,-0.868064761,-0.00232063932,0.0247506909,-0.0168270301,0.999552011],"shapeName":"/levels/west_coast_usa/art/shapes/objects/guardrail1_blue.dae","useInstanceRenderData":true}
{"class":"TSStatic","__parent":"SimGroup_","position":[123.236092,-104.11441,127.857765],"isRenderEnabled":false,"rotationMatrix":[-0.867715001,0.496165156,0.0298389047,-0.496445,-0.868064761,-0.00232063932,0.0247506909,-0.0168270301,0.999552011],"shapeName":"/levels/west_coast_usa/art/shapes/objects/guardrailpost.dae","useInstanceRenderData":true}
{"class":"TSStatic","__parent":"SimGroup_","position":[119.031029,-101.532593,128.305649],"isRenderEnabled":false,"rotationMatrix":[-0.867715001,0.496165156,0.0298389047,-0.496445,-0.868064761,-0.00232063932,0.0247506909,-0.0168270301,0.999552011],"shapeName":"/levels/west_coast_usa/art/shapes/objects/guardrail1_white.dae","useInstanceRenderData":true}
{"class":"TSStatic","__parent":"SimGroup_","position":[124.217216,-104.508575,128.784653],"isRenderEnabled":false,"rotationMatrix":[-0.867715001,0.496165156,0.0298389047,-0.496445,-0.868064761,-0.00232063932,0.0247506909,-0.0168270301,0.999552011],"shapeName":"/levels/west_coast_usa/art/shapes/objects/guardrail2_blue.dae","useInstanceRenderData":true}
{"class":"TSStatic","__parent":"SimGroup_","position":[120.773926,-102.530937,128.903214],"isRenderEnabled":false,"rotationMatrix":[-0.867715001,0.496165156,0.0298389047,-0.496445,-0.868064761,-0.00232063932,0.0247506909,-0.0168270301,0.999552011],"shapeName":"/levels/west_coast_usa/art/shapes/objects/guardrail2_white.dae","useInstanceRenderData":true}
{"class":"TSStatic","__parent":"SimGroup_","position":[120.765831,-102.525436,128.576187],"isRenderEnabled":false,"rotationMatrix":[-0.867715001,0.496165156,0.0298389047,-0.496445,-0.868064761,-0.00232063932,0.0247506909,-0.0168270301,0.999552011],"shapeName":"/levels/west_coast_usa/art/shapes/objects/guardrail2_white.dae","useInstanceRenderData":true}
{"class":"TSStatic","__parent":"SimGroup_","position":[119.039261,-101.53817,128.63765],"isRenderEnabled":false,"rotationMatrix":[-0.867715001,0.496165156,0.0298389047,-0.496445,-0.868064761,-0.00232063932,0.0247506909,-0.0168270301,0.999552011],"shapeName":"/levels/west_coast_usa/art/shapes/objects/guardrail1_white.dae","useInstanceRenderData":true}
{"class":"TSStatic","__parent":"SimGroup_","position":[119.792801,-102.136795,127.976303],"isRenderEnabled":false,"rotationMatrix":[-0.867715001,0.496165156,0.0298389047,-0.496445,-0.868064761,-0.00232063932,0.0247506909,-0.0168270301,0.999552011],"shapeName":"/levels/west_coast_usa/art/shapes/objects/guardrailpost.dae","useInstanceRenderData":true}
{"class":"TSStatic","__parent":"SimGroup_","position":[119.047302,-101.543655,128.96283],"isRenderEnabled":false,"rotationMatrix":[-0.867715001,0.496165156,0.0298389047,-0.496445,-0.868064761,-0.00232063932,0.0247506909,-0.0168270301,0.999552011],"shapeName":"/levels/west_coast_usa/art/shapes/objects/guardrail1_white.dae","useInstanceRenderData":true}
{"class":"TSStatic","__parent":"SimGroup_","position":[121.517448,-103.119041,127.917076],"isRenderEnabled":false,"rotationMatrix":[-0.867715001,0.496165156,0.0298389047,-0.496445,-0.868064761,-0.00232063932,0.0247506909,-0.0168270301,0.999552011],"shapeName":"/levels/west_coast_usa/art/shapes/objects/guardrailpost.dae","useInstanceRenderData":true}
{"class":"TSStatic","__parent":"SimGroup_","position":[120.757584,-102.519821,128.243423],"isRenderEnabled":false,"rotationMatrix":[-0.867715001,0.496165156,0.0298389047,-0.496445,-0.868064761,-0.00232063932,0.0247506909,-0.0168270301,0.999552011],"shapeName":"/levels/west_coast_usa/art/shapes/objects/guardrail2_white.dae","useInstanceRenderData":true}
{"class":"TSStatic","__parent":"SimGroup_","position":[118.051453,-101.178169,128.035583],"isRenderEnabled":false,"rotationMatrix":[-0.78885293,0.613855958,0.0298674088,-0.614083529,-0.789238691,0.00191930542,0.0247506928,-0.0168270338,0.999552011],"shapeName":"/levels/west_coast_usa/art/shapes/objects/guardrailpost.dae","useInstanceRenderData":true}
{"class":"TSStatic","__parent":"SimGroup_","position":[115.815048,-99.2550888,128.421494],"isRenderEnabled":false,"rotationMatrix":[-0.78885293,0.613855958,0.0298674088,-0.614083529,-0.789238691,0.00191930542,0.0247506928,-0.0168270338,0.999552011],"shapeName":"/levels/west_coast_usa/art/shapes/objects/guardrail1_blue.dae","useInstanceRenderData":true}
{"class":"TSStatic","__parent":"SimGroup_","position":[117.384705,-100.476562,128.361389],"isRenderEnabled":false,"rotationMatrix":[-0.78885293,0.613855958,0.0298674088,-0.614083529,-0.789238691,0.00191930542,0.0247506928,-0.0168270338,0.999552011],"shapeName":"/levels/west_coast_usa/art/shapes/objects/guardrail2_blue.dae","useInstanceRenderData":true}
{"class":"TSStatic","__parent":"SimGroup_","position":[115.823257,-99.260704,128.755493],"isRenderEnabled":false,"rotationMatrix":[-0.78885293,0.613855958,0.0298674088,-0.614083529,-0.789238691,0.00191930542,0.0247506928,-0.0168270338,0.999552011],"shapeName":"/levels/west_coast_usa/art/shapes/objects/guardrail1_blue.dae","useInstanceRenderData":true}
{"class":"TSStatic","__parent":"SimGroup_","position":[117.39296,-100.482162,128.694061],"isRenderEnabled":false,"rotationMatrix":[-0.78885293,0.613855958,0.0298674088,-0.614083529,-0.789238691,0.00191930542,0.0247506928,-0.0168270338,0.999552011],"shapeName":"/levels/west_coast_usa/art/shapes/objects/guardrail2_blue.dae","useInstanceRenderData":true}
{"class":"TSStatic","__parent":"SimGroup_","position":[115.831413,-99.2662125,129.082458],"isRenderEnabled":false,"rotationMatrix":[-0.78885293,0.613855958,0.0298674088,-0.614083529,-0.789238691,0.00191930542,0.0247506928,-0.0168270338,0.999552011],"shapeName":"/levels/west_coast_usa/art/shapes/objects/guardrail1_blue.dae","useInstanceRenderData":true}
{"class":"TSStatic","__parent":"SimGroup_","position":[116.483009,-99.9619522,128.094879],"isRenderEnabled":false,"rotationMatrix":[-0.78885293,0.613855958,0.0298674088,-0.614083529,-0.789238691,0.00191930542,0.0247506928,-0.0168270338,0.999552011],"shapeName":"/levels/west_coast_usa/art/shapes/objects/guardrailpost.dae","useInstanceRenderData":true}
{"class":"TSStatic","__parent":"SimGroup_","position":[112.685966,-96.8105621,128.542252],"isRenderEnabled":false,"rotationMatrix":[-0.78885293,0.613855958,0.0298674088,-0.614083529,-0.789238691,0.00191930542,0.0247506928,-0.0168270338,0.999552011],"shapeName":"/levels/west_coast_usa/art/shapes/objects/guardrail1_white.dae","useInstanceRenderData":true}
{"class":"TSStatic","__parent":"SimGroup_","position":[117.401054,-100.487671,129.021118],"isRenderEnabled":false,"rotationMatrix":[-0.78885293,0.613855958,0.0298674088,-0.614083529,-0.789238691,0.00191930542,0.0247506928,-0.0168270338,0.999552011],"shapeName":"/levels/west_coast_usa/art/shapes/objects/guardrail2_blue.dae","useInstanceRenderData":true}
{"class":"TSStatic","__parent":"SimGroup_","position":[114.271942,-98.0430984,129.139755],"isRenderEnabled":false,"rotationMatrix":[-0.78885293,0.613855958,0.0298674088,-0.614083529,-0.789238691,0.00191930542,0.0247506928,-0.0168270338,0.999552011],"shapeName":"/levels/west_coast_usa/art/shapes/objects/guardrail2_white.dae","useInstanceRenderData":true}
{"class":"TSStatic","__parent":"SimGroup_","position":[114.263847,-98.0375977,128.812729],"isRenderEnabled":false,"rotationMatrix":[-0.78885293,0.613855958,0.0298674088,-0.614083529,-0.789238691,0.00191930542,0.0247506928,-0.0168270338,0.999552011],"shapeName":"/levels/west_coast_usa/art/shapes/objects/guardrail2_white.dae","useInstanceRenderData":true}
{"class":"TSStatic","__parent":"SimGroup_","position":[112.694199,-96.8161392,128.874252],"isRenderEnabled":false,"rotationMatrix":[-0.78885293,0.613855958,0.0298674088,-0.614083529,-0.789238691,0.00191930542,0.0247506928,-0.0168270338,0.999552011],"shapeName":"/levels/west_coast_usa/art/shapes/objects/guardrail1_white.dae","useInstanceRenderData":true}
{"class":"TSStatic","__parent":"SimGroup_","position":[113.353897,-97.5174026,128.213501],"isRenderEnabled":false,"rotationMatrix":[-0.78885293,0.613855958,0.0298674088,-0.614083529,-0.789238691,0.00191930542,0.0247506928,-0.0168270338,0.999552011],"shapeName":"/levels/west_coast_usa/art/shapes/objects/guardrailpost.dae","useInstanceRenderData":true}
{"class":"TSStatic","__parent":"SimGroup_","position":[112.70224,-96.8216248,129.199432],"isRenderEnabled":false,"rotationMatrix":[-0.78885293,0.613855958,0.0298674088,-0.614083529,-0.789238691,0.00191930542,0.0247506928,-0.0168270338,0.999552011],"shapeName":"/levels/west_coast_usa/art/shapes/objects/guardrail1_white.dae","useInstanceRenderData":true}
{"class":"TSStatic","__parent":"SimGroup_","position":[114.922348,-98.7336044,128.154205],"isRenderEnabled":false,"rotationMatrix":[-0.78885293,0.613855958,0.0298674088,-0.614083529,-0.789238691,0.00191930542,0.0247506928,-0.0168270338,0.999552011],"shapeName":"/levels/west_coast_usa/art/shapes/objects/guardrailpost.dae","useInstanceRenderData":true}
{"class":"TSStatic","__parent":"SimGroup_","position":[114.2556,-98.0319824,128.479965],"isRenderEnabled":false,"rotationMatrix":[-0.78885293,0.613855958,0.0298674088,-0.614083529,-0.789238691,0.00191930542,0.0247506928,-0.0168270338,0.999552011],"shapeName":"/levels/west_coast_usa/art/shapes/objects/guardrail2_white.dae","useInstanceRenderData":true}
{"class":"TSStatic","__parent":"SimGroup_","position":[111.730232,-96.2418289,128.275208],"isRenderEnabled":false,"rotationMatrix":[-0.580050945,0.814096272,0.0280680656,-0.814203918,-0.580485821,0.0103889089,0.0247506909,-0.016827032,0.999552011],"shapeName":"/levels/west_coast_usa/art/shapes/objects/guardrailpost.dae","useInstanceRenderData":true}
{"class":"TSStatic","__parent":"SimGroup_","position":[110.139839,-93.7567978,128.654572],"isRenderEnabled":false,"rotationMatrix":[-0.580050945,0.814096272,0.0280680656,-0.814203918,-0.580485821,0.0103889089,0.0247506909,-0.016827032,0.999552011],"shapeName":"/levels/west_coast_usa/art/shapes/objects/guardrail1_blue.dae","useInstanceRenderData":true}
{"class":"TSStatic","__parent":"SimGroup_","position":[111.294022,-95.376709,128.598068],"isRenderEnabled":false,"rotationMatrix":[-0.580050945,0.814096272,0.0280680656,-0.814203918,-0.580485821,0.0103889089,0.0247506909,-0.016827032,0.999552011],"shapeName":"/levels/west_coast_usa/art/shapes/objects/guardrail2_blue.dae","useInstanceRenderData":true}
{"class":"TSStatic","__parent":"SimGroup_","position":[110.148064,-93.7623901,128.988571],"isRenderEnabled":false,"rotationMatrix":[-0.580050945,0.814096272,0.0280680656,-0.814203918,-0.580485821,0.0103889089,0.0247506909,-0.016827032,0.999552011],"shapeName":"/levels/west_coast_usa/art/shapes/objects/guardrail1_blue.dae","useInstanceRenderData":true}
{"class":"TSStatic","__parent":"SimGroup_","position":[111.302277,-95.382309,128.93074],"isRenderEnabled":false,"rotationMatrix":[-0.580050945,0.814096272,0.0280680656,-0.814203918,-0.580485821,0.0103889089,0.0247506909,-0.016827032,0.999552011],"shapeName":"/levels/west_coast_usa/art/shapes/objects/guardrail2_blue.dae","useInstanceRenderData":true}
{"class":"TSStatic","__parent":"SimGroup_","position":[110.156204,-93.7679214,129.315536],"isRenderEnabled":false,"rotationMatrix":[-0.580050945,0.814096272,0.0280680656,-0.814203918,-0.580485821,0.0103889089,0.0247506909,-0.016827032,0.999552011],"shapeName":"/levels/west_coast_usa/art/shapes/objects/guardrail1_blue.dae","useInstanceRenderData":true}
{"class":"TSStatic","__parent":"SimGroup_","position":[110.575714,-94.6273117,128.330963],"isRenderEnabled":false,"rotationMatrix":[-0.580050945,0.814096272,0.0280680656,-0.814203918,-0.580485821,0.0103889089,0.0247506909,-0.016827032,0.999552011],"shapeName":"/levels/west_coast_usa/art/shapes/objects/guardrailpost.dae","useInstanceRenderData":true}
{"class":"TSStatic","__parent":"SimGroup_","position":[107.841759,-90.5183716,128.768127],"isRenderEnabled":false,"rotationMatrix":[-0.580050945,0.814096272,0.0280680656,-0.814203918,-0.580485821,0.0103889089,0.0247506909,-0.016827032,0.999552011],"shapeName":"/levels/west_coast_usa/art/shapes/objects/guardrail1_white.dae","useInstanceRenderData":true}
{"class":"TSStatic","__parent":"SimGroup_","position":[111.310371,-95.3878174,129.257797],"isRenderEnabled":false,"rotationMatrix":[-0.580050945,0.814096272,0.0280680656,-0.814203918,-0.580485821,0.0103889089,0.0247506909,-0.016827032,0.999552011],"shapeName":"/levels/west_coast_usa/art/shapes/objects/guardrail2_blue.dae","useInstanceRenderData":true}
{"class":"TSStatic","__parent":"SimGroup_","position":[109.012253,-92.1493607,129.369217],"isRenderEnabled":false,"rotationMatrix":[-0.580050945,0.814096272,0.0280680656,-0.814203918,-0.580485821,0.0103889089,0.0247506909,-0.016827032,0.999552011],"shapeName":"/levels/west_coast_usa/art/shapes/objects/guardrail2_white.dae","useInstanceRenderData":true}
{"class":"TSStatic","__parent":"SimGroup_","position":[109.004158,-92.1438599,129.042191],"isRenderEnabled":false,"rotationMatrix":[-0.580050945,0.814096272,0.0280680656,-0.814203918,-0.580485821,0.0103889089,0.0247506909,-0.016827032,0.999552011],"shapeName":"/levels/west_coast_usa/art/shapes/objects/guardrail2_white.dae","useInstanceRenderData":true}
{"class":"TSStatic","__parent":"SimGroup_","position":[107.849991,-90.5239639,129.100128],"isRenderEnabled":false,"rotationMatrix":[-0.580050945,0.814096272,0.0280680656,-0.814203918,-0.580485821,0.0103889089,0.0247506909,-0.016827032,0.999552011],"shapeName":"/levels/west_coast_usa/art/shapes/objects/guardrail1_white.dae","useInstanceRenderData":true}
{"class":"TSStatic","__parent":"SimGroup_","position":[108.277588,-91.3888779,128.442383],"isRenderEnabled":false,"rotationMatrix":[-0.580050945,0.814096272,0.0280680656,-0.814203918,-0.580485821,0.0103889089,0.0247506909,-0.016827032,0.999552011],"shapeName":"/levels/west_coast_usa/art/shapes/objects/guardrailpost.dae","useInstanceRenderData":true}
{"class":"TSStatic","__parent":"SimGroup_","position":[107.858032,-90.5294342,129.425308],"isRenderEnabled":false,"rotationMatrix":[-0.580050945,0.814096272,0.0280680656,-0.814203918,-0.580485821,0.0103889089,0.0247506909,-0.016827032,0.999552011],"shapeName":"/levels/west_coast_usa/art/shapes/objects/guardrail1_white.dae","useInstanceRenderData":true}
{"class":"TSStatic","__parent":"SimGroup_","position":[109.432121,-93.0033798,128.386627],"isRenderEnabled":false,"rotationMatrix":[-0.580050945,0.814096272,0.0280680656,-0.814203918,-0.580485821,0.0103889089,0.0247506909,-0.016827032,0.999552011],"shapeName":"/levels/west_coast_usa/art/shapes/objects/guardrailpost.dae","useInstanceRenderData":true}
{"class":"TSStatic","__parent":"SimGroup_","position":[108.995911,-92.1382446,128.709427],"isRenderEnabled":false,"rotationMatrix":[-0.580050945,0.814096272,0.0280680656,-0.814203918,-0.580485821,0.0103889089,0.0247506909,-0.016827032,0.999552011],"shapeName":"/levels/west_coast_usa/art/shapes/objects/guardrail2_white.dae","useInstanceRenderData":true}
{"class":"TSStatic","__parent":"SimGroup_","position":[107.102219,-89.7463989,128.502365],"isRenderEnabled":false,"rotationMatrix":[-0.580319405,0.814244747,0.0153345326,-0.814204097,-0.580486059,0.0103889126,0.0173605978,-0.00645655207,0.999828458],"shapeName":"/levels/west_coast_usa/art/shapes/objects/guardrailpost.dae","useInstanceRenderData":true}
{"class":"TSStatic","__parent":"SimGroup_","position":[105.508827,-87.2578354,128.844162],"isRenderEnabled":false,"rotationMatrix":[-0.580319405,0.814244747,0.0153345326,-0.814204097,-0.580486059,0.0103889126,0.0173605978,-0.00645655207,0.999828458],"shapeName":"/levels/west_coast_usa/art/shapes/objects/guardrail1_blue.dae","useInstanceRenderData":true}
{"class":"TSStatic","__parent":"SimGroup_","position":[106.663551,-88.8780518,128.813004],"isRenderEnabled":false,"rotationMatrix":[-0.580319405,0.814244747,0.0153345326,-0.814204097,-0.580486059,0.0103889126,0.0173605978,-0.00645655207,0.999828458],"shapeName":"/levels/west_coast_usa/art/shapes/objects/guardrail2_blue.dae","useInstanceRenderData":true}
{"class":"TSStatic","__parent":"SimGroup_","position":[105.514587,-87.259964,129.178253],"isRenderEnabled":false,"rotationMatrix":[-0.580319405,0.814244747,0.0153345326,-0.814204097,-0.580486059,0.0103889126,0.0173605978,-0.00645655207,0.999828458],"shapeName":"/levels/west_coast_usa/art/shapes/objects/guardrail1_blue.dae","useInstanceRenderData":true}
{"class":"TSStatic","__parent":"SimGroup_","position":[106.669342,-88.8802032,129.145767],"isRenderEnabled":false,"rotationMatrix":[-0.580319405,0.814244747,0.0153345326,-0.814204097,-0.580486059,0.0103889126,0.0173605978,-0.00645655207,0.999828458],"shapeName":"/levels/west_coast_usa/art/shapes/objects/guardrail2_blue.dae","useInstanceRenderData":true}
{"class":"TSStatic","__parent":"SimGroup_","position":[105.520309,-87.2621078,129.50531],"isRenderEnabled":false,"rotationMatrix":[-0.580319405,0.814244747,0.0153345326,-0.814204097,-0.580486059,0.0103889126,0.0173605978,-0.00645655207,0.999828458],"shapeName":"/levels/west_coast_usa/art/shapes/objects/guardrail1_blue.dae","useInstanceRenderData":true}
{"class":"TSStatic","__parent":"SimGroup_","position":[105.947166,-88.1315842,128.532837],"isRenderEnabled":false,"rotationMatrix":[-0.580319405,0.814244747,0.0153345326,-0.814204097,-0.580486059,0.0103889126,0.0173605978,-0.00645655207,0.999828458],"shapeName":"/levels/west_coast_usa/art/shapes/objects/guardrailpost.dae","useInstanceRenderData":true}
{"class":"TSStatic","__parent":"SimGroup_","position":[103.209663,-84.0187988,128.907135],"isRenderEnabled":false,"rotationMatrix":[-0.580319405,0.814244747,0.0153345326,-0.814204097,-0.580486059,0.0103889126,0.0173605978,-0.00645655207,0.999828458],"shapeName":"/levels/west_coast_usa/art/shapes/objects/guardrail1_white.dae","useInstanceRenderData":true}
{"class":"TSStatic","__parent":"SimGroup_","position":[106.675026,-88.8823166,129.472916],"isRenderEnabled":false,"rotationMatrix":[-0.580319405,0.814244747,0.0153345326,-0.814204097,-0.580486059,0.0103889126,0.0173605978,-0.00645655207,0.999828458],"shapeName":"/levels/west_coast_usa/art/shapes/objects/guardrail2_blue.dae","useInstanceRenderData":true}
{"class":"TSStatic","__parent":"SimGroup_","position":[104.375839,-85.6432724,129.533737],"isRenderEnabled":false,"rotationMatrix":[-0.580319405,0.814244747,0.0153345326,-0.814204097,-0.580486059,0.0103889126,0.0173605978,-0.00645655207,0.999828458],"shapeName":"/levels/west_coast_usa/art/shapes/objects/guardrail2_white.dae","useInstanceRenderData":true}
{"class":"TSStatic","__parent":"SimGroup_","position":[104.370163,-85.6411591,129.206635],"isRenderEnabled":false,"rotationMatrix":[-0.580319405,0.814244747,0.0153345326,-0.814204097,-0.580486059,0.0103889126,0.0173605978,-0.00645655207,0.999828458],"shapeName":"/levels/west_coast_usa/art/shapes/objects/guardrail2_white.dae","useInstanceRenderData":true}
{"class":"TSStatic","__parent":"SimGroup_","position":[103.215446,-84.0209503,129.239227],"isRenderEnabled":false,"rotationMatrix":[-0.580319405,0.814244747,0.0153345326,-0.814204097,-0.580486059,0.0103889126,0.0173605978,-0.00645655207,0.999828458],"shapeName":"/levels/west_coast_usa/art/shapes/objects/guardrail1_white.dae","useInstanceRenderData":true}
{"class":"TSStatic","__parent":"SimGroup_","position":[103.647972,-84.8925629,128.593674],"isRenderEnabled":false,"rotationMatrix":[-0.580319405,0.814244747,0.0153345326,-0.814204097,-0.580486059,0.0103889126,0.0173605978,-0.00645655207,0.999828458],"shapeName":"/levels/west_coast_usa/art/shapes/objects/guardrailpost.dae","useInstanceRenderData":true}
{"class":"TSStatic","__parent":"SimGroup_","position":[103.221085,-84.0230484,129.564499],"isRenderEnabled":false,"rotationMatrix":[-0.580319405,0.814244747,0.0153345326,-0.814204097,-0.580486059,0.0103889126,0.0173605978,-0.00645655207,0.999828458],"shapeName":"/levels/west_coast_usa/art/shapes/objects/guardrail1_white.dae","useInstanceRenderData":true}
{"class":"TSStatic","__parent":"SimGroup_","position":[104.80304,-86.5073624,128.563202],"isRenderEnabled":false,"rotationMatrix":[-0.580319405,0.814244747,0.0153345326,-0.814204097,-0.580486059,0.0103889126,0.0173605978,-0.00645655207,0.999828458],"shapeName":"/levels/west_coast_usa/art/shapes/objects/guardrailpost.dae","useInstanceRenderData":true}
{"class":"TSStatic","__parent":"SimGroup_","position":[104.364372,-85.6389999,128.873764],"isRenderEnabled":false,"rotationMatrix":[-0.580319405,0.814244747,0.0153345326,-0.814204097,-0.580486059,0.0103889126,0.0173605978,-0.00645655207,0.999828458],"shapeName":"/levels/west_coast_usa/art/shapes/objects/guardrail2_white.dae","useInstanceRenderData":true}
{"class":"TSStatic","__parent":"SimGroup_","position":[102.498863,-83.1373749,128.629257],"isRenderEnabled":false,"rotationMatrix":[-0.126823902,0.991414249,-0.0318300799,-0.991881669,-0.127053261,-0.0052798558,-0.00927864574,0.0309020672,0.999479353],"shapeName":"/levels/west_coast_usa/art/shapes/objects/guardrailpost.dae","useInstanceRenderData":true}
{"class":"TSStatic","__parent":"SimGroup_","position":[102.263687,-80.1790771,128.833771],"isRenderEnabled":false,"rotationMatrix":[-0.126823902,0.991414249,-0.0318300799,-0.991881669,-0.127053261,-0.0052798558,-0.00927864574,0.0309020672,0.999479353],"shapeName":"/levels/west_coast_usa/art/shapes/objects/guardrail1_blue.dae","useInstanceRenderData":true}
{"class":"TSStatic","__parent":"SimGroup_","position":[102.516052,-82.1518555,128.896469],"isRenderEnabled":false,"rotationMatrix":[-0.126823902,0.991414249,-0.0318300799,-0.991881669,-0.127053261,-0.0052798558,-0.00927864574,0.0309020672,0.999479353],"shapeName":"/levels/west_coast_usa/art/shapes/objects/guardrail2_blue.dae","useInstanceRenderData":true}
{"class":"TSStatic","__parent":"SimGroup_","position":[102.260567,-80.1687088,129.167755],"isRenderEnabled":false,"rotationMatrix":[-0.126823902,0.991414249,-0.0318300799,-0.991881669,-0.127053261,-0.0052798558,-0.00927864574,0.0309020672,0.999479353],"shapeName":"/levels/west_coast_usa/art/shapes/objects/guardrail1_blue.dae","useInstanceRenderData":true}
{"class":"TSStatic","__parent":"SimGroup_","position":[102.51297,-82.1415787,129.229111],"isRenderEnabled":false,"rotationMatrix":[-0.126823902,0.991414249,-0.0318300799,-0.991881669,-0.127053261,-0.0052798558,-0.00927864574,0.0309020672,0.999479353],"shapeName":"/levels/west_coast_usa/art/shapes/objects/guardrail2_blue.dae","useInstanceRenderData":true}
{"class":"TSStatic","__parent":"SimGroup_","position":[102.257553,-80.1586456,129.49469],"isRenderEnabled":false,"rotationMatrix":[-0.126823902,0.991414249,-0.0318300799,-0.991881669,-0.127053261,-0.0052798558,-0.00927864574,0.0309020672,0.999479353],"shapeName":"/levels/west_coast_usa/art/shapes/objects/guardrail1_blue.dae","useInstanceRenderData":true}
{"class":"TSStatic","__parent":"SimGroup_","position":[102.243675,-81.1692352,128.566025],"isRenderEnabled":false,"rotationMatrix":[-0.126823902,0.991414249,-0.0318300799,-0.991881669,-0.127053261,-0.0052798558,-0.00927864574,0.0309020672,0.999479353],"shapeName":"/levels/west_coast_usa/art/shapes/objects/guardrailpost.dae","useInstanceRenderData":true}
{"class":"TSStatic","__parent":"SimGroup_","position":[101.767365,-76.2395782,128.709488],"isRenderEnabled":false,"rotationMatrix":[-0.126823902,0.991414249,-0.0318300799,-0.991881669,-0.127053261,-0.0052798558,-0.00927864574,0.0309020672,0.999479353],"shapeName":"/levels/west_coast_usa/art/shapes/objects/guardrail1_white.dae","useInstanceRenderData":true}
{"class":"TSStatic","__parent":"SimGroup_","position":[102.509933,-82.1314697,129.556137],"isRenderEnabled":false,"rotationMatrix":[-0.126823902,0.991414249,-0.0318300799,-0.991881669,-0.127053261,-0.0052798558,-0.00927864574,0.0309020672,0.999479353],"shapeName":"/levels/west_coast_usa/art/shapes/objects/guardrail2_blue.dae","useInstanceRenderData":true}
{"class":"TSStatic","__parent":"SimGroup_","position":[102.013641,-78.1920471,129.429718],"isRenderEnabled":false,"rotationMatrix":[-0.126823902,0.991414249,-0.0318300799,-0.991881669,-0.127053261,-0.0052798558,-0.00927864574,0.0309020672,0.999479353],"shapeName":"/levels/west_coast_usa/art/shapes/objects/guardrail2_white.dae","useInstanceRenderData":true}
{"class":"TSStatic","__parent":"SimGroup_","position":[102.016678,-78.2021484,129.102737],"isRenderEnabled":false,"rotationMatrix":[-0.126823902,0.991414249,-0.0318300799,-0.991881669,-0.127053261,-0.0052798558,-0.00927864574,0.0309020672,0.999479353],"shapeName":"/levels/west_coast_usa/art/shapes/objects/guardrail2_white.dae","useInstanceRenderData":true}
{"class":"TSStatic","__parent":"SimGroup_","position":[101.76429,-76.2293167,129.041473],"isRenderEnabled":false,"rotationMatrix":[-0.126823902,0.991414249,-0.0318300799,-0.991881669,-0.127053261,-0.0052798558,-0.00927864574,0.0309020672,0.999479353],"shapeName":"/levels/west_coast_usa/art/shapes/objects/guardrail1_white.dae","useInstanceRenderData":true}
{"class":"TSStatic","__parent":"SimGroup_","position":[101.74736,-77.2298279,128.439621],"isRenderEnabled":false,"rotationMatrix":[-0.126823902,0.991414249,-0.0318300799,-0.991881669,-0.127053261,-0.0052798558,-0.00927864574,0.0309020672,0.999479353],"shapeName":"/levels/west_coast_usa/art/shapes/objects/guardrailpost.dae","useInstanceRenderData":true}
{"class":"TSStatic","__parent":"SimGroup_","position":[101.761261,-76.2192612,129.366623],"isRenderEnabled":false,"rotationMatrix":[-0.126823902,0.991414249,-0.0318300799,-0.991881669,-0.127053261,-0.0052798558,-0.00927864574,0.0309020672,0.999479353],"shapeName":"/levels/west_coast_usa/art/shapes/objects/guardrail1_white.dae","useInstanceRenderData":true}
{"class":"TSStatic","__parent":"SimGroup_","position":[102.002571,-79.1979599,128.502853],"isRenderEnabled":false,"rotationMatrix":[-0.126823902,0.991414249,-0.0318300799,-0.991881669,-0.127053261,-0.0052798558,-0.00927864574,0.0309020672,0.999479353],"shapeName":"/levels/west_coast_usa/art/shapes/objects/guardrailpost.dae","useInstanceRenderData":true}
{"class":"TSStatic","__parent":"SimGroup_","position":[102.01976,-78.2124252,128.769974],"isRenderEnabled":false,"rotationMatrix":[-0.126823902,0.991414249,-0.0318300799,-0.991881669,-0.127053261,-0.0052798558,-0.00927864574,0.0309020672,0.999479353],"shapeName":"/levels/west_coast_usa/art/shapes/objects/guardrail2_white.dae","useInstanceRenderData":true}
{"class":"TSStatic","__parent":"SimGroup_","position":[101.490761,-75.2558975,128.354385],"isRenderEnabled":false,"rotationMatrix":[-0.126472831,0.989966452,-0.0630163252,-0.991881788,-0.127053618,-0.00527985767,-0.0132333301,0.061836984,0.997998536],"shapeName":"/levels/west_coast_usa/art/shapes/objects/guardrailpost.dae","useInstanceRenderData":true}
{"class":"TSStatic","__parent":"SimGroup_","position":[101.25544,-72.2926559,128.466263],"isRenderEnabled":false,"rotationMatrix":[-0.126472831,0.989966452,-0.0630163252,-0.991881788,-0.127053618,-0.00527985767,-0.0132333301,0.061836984,0.997998536],"shapeName":"/levels/west_coast_usa/art/shapes/objects/guardrail1_blue.dae","useInstanceRenderData":true}
{"class":"TSStatic","__parent":"SimGroup_","position":[101.507111,-74.2625656,128.591019],"isRenderEnabled":false,"rotationMatrix":[-0.126472831,0.989966452,-0.0630163252,-0.991881788,-0.127053618,-0.00527985767,-0.0132333301,0.061836984,0.997998536],"shapeName":"/levels/west_coast_usa/art/shapes/objects/guardrail2_blue.dae","useInstanceRenderData":true}
{"class":"TSStatic","__parent":"SimGroup_","position":[101.251007,-72.2719498,128.799759],"isRenderEnabled":false,"rotationMatrix":[-0.126472831,0.989966452,-0.0630163252,-0.991881788,-0.127053618,-0.00527985767,-0.0132333301,0.061836984,0.997998536],"shapeName":"/levels/west_coast_usa/art/shapes/objects/guardrail1_blue.dae","useInstanceRenderData":true}
{"class":"TSStatic","__parent":"SimGroup_","position":[101.502716,-74.2419968,128.923172],"isRenderEnabled":false,"rotationMatrix":[-0.126472831,0.989966452,-0.0630163252,-0.991881788,-0.127053618,-0.00527985767,-0.0132333301,0.061836984,0.997998536],"shapeName":"/levels/west_coast_usa/art/shapes/objects/guardrail2_blue.dae","useInstanceRenderData":true}
{"class":"TSStatic","__parent":"SimGroup_","position":[101.246696,-72.2517624,129.126205],"isRenderEnabled":false,"rotationMatrix":[-0.126472831,0.989966452,-0.0630163252,-0.991881788,-0.127053618,-0.00527985767,-0.0132333301,0.061836984,0.997998536],"shapeName":"/levels/west_coast_usa/art/shapes/objects/guardrail1_blue.dae","useInstanceRenderData":true}
{"class":"TSStatic","__parent":"SimGroup_","position":[101.236267,-73.2906265,128.229233],"isRenderEnabled":false,"rotationMatrix":[-0.126472831,0.989966452,-0.0630163252,-0.991881788,-0.127053618,-0.00527985767,-0.0132333301,0.061836984,0.997998536],"shapeName":"/levels/west_coast_usa/art/shapes/objects/guardrailpost.dae","useInstanceRenderData":true}
{"class":"TSStatic","__parent":"SimGroup_","position":[100.760506,-68.3588409,128.218094],"isRenderEnabled":false,"rotationMatrix":[-0.126472831,0.989966452,-0.0630163252,-0.991881788,-0.127053618,-0.00527985767,-0.0132333301,0.061836984,0.997998536],"shapeName":"/levels/west_coast_usa/art/shapes/objects/guardrail1_white.dae","useInstanceRenderData":true}
{"class":"TSStatic","__parent":"SimGroup_","position":[101.498383,-74.2217636,129.24971],"isRenderEnabled":false,"rotationMatrix":[-0.126472831,0.989966452,-0.0630163252,-0.991881788,-0.127053618,-0.00527985767,-0.0132333301,0.061836984,0.997998536],"shapeName":"/levels/west_coast_usa/art/shapes/objects/guardrail2_blue.dae","useInstanceRenderData":true}
{"class":"TSStatic","__parent":"SimGroup_","position":[101.003487,-70.2880936,128.999405],"isRenderEnabled":false,"rotationMatrix":[-0.126472831,0.989966452,-0.0630163252,-0.991881788,-0.127053618,-0.00527985767,-0.0132333301,0.061836984,0.997998536],"shapeName":"/levels/west_coast_usa/art/shapes/objects/guardrail2_white.dae","useInstanceRenderData":true}
{"class":"TSStatic","__parent":"SimGroup_","position":[101.007812,-70.3083191,128.672897],"isRenderEnabled":false,"rotationMatrix":[-0.126472831,0.989966452,-0.0630163252,-0.991881788,-0.127053618,-0.00527985767,-0.0132333301,0.061836984,0.997998536],"shapeName":"/levels/west_coast_usa/art/shapes/objects/guardrail2_white.dae","useInstanceRenderData":true}
{"class":"TSStatic","__parent":"SimGroup_","position":[100.756119,-68.3383026,128.549576],"isRenderEnabled":false,"rotationMatrix":[-0.126472831,0.989966452,-0.0630163252,-0.991881788,-0.127053618,-0.00527985767,-0.0132333301,0.061836984,0.997998536],"shapeName":"/levels/west_coast_usa/art/shapes/objects/guardrail1_white.dae","useInstanceRenderData":true}
{"class":"TSStatic","__parent":"SimGroup_","position":[100.741348,-69.3569717,127.978943],"isRenderEnabled":false,"rotationMatrix":[-0.126472831,0.989966452,-0.0630163252,-0.991881788,-0.127053618,-0.00527985767,-0.0132333301,0.061836984,0.997998536],"shapeName":"/levels/west_coast_usa/art/shapes/objects/guardrailpost.dae","useInstanceRenderData":true}
{"class":"TSStatic","__parent":"SimGroup_","position":[100.751808,-68.3181839,128.874252],"isRenderEnabled":false,"rotationMatrix":[-0.126472831,0.989966452,-0.0630163252,-0.991881788,-0.127053618,-0.00527985767,-0.0132333301,0.061836984,0.997998536],"shapeName":"/levels/west_coast_usa/art/shapes/objects/guardrail1_white.dae","useInstanceRenderData":true}
{"class":"TSStatic","__parent":"SimGroup_","position":[100.995865,-71.3222275,128.104095],"isRenderEnabled":false,"rotationMatrix":[-0.126472831,0.989966452,-0.0630163252,-0.991881788,-0.127053618,-0.00527985767,-0.0132333301,0.061836984,0.997998536],"shapeName":"/levels/west_coast_usa/art/shapes/objects/guardrailpost.dae","useInstanceRenderData":true}
{"class":"TSStatic","__parent":"SimGroup_","position":[101.012215,-70.3288956,128.340637],"isRenderEnabled":false,"rotationMatrix":[-0.126472831,0.989966452,-0.0630163252,-0.991881788,-0.127053618,-0.00527985767,-0.0132333301,0.061836984,0.997998536],"shapeName":"/levels/west_coast_usa/art/shapes/objects/guardrail2_white.dae","useInstanceRenderData":true}
