{"name":"SimGroup_","class":"SimGroup","groupPosition":"-308.04424762726 -228.52604937553 119.64223706722"}
{"class":"TSStatic","__parent":"SimGroup_","position":[-302.333069,-200.084045,119.670662],"isRenderEnabled":false,"rotationMatrix":[0.195812702,0.980639517,0.0018834176,-0.980641305,0.19581306,-1.16415322e-10,-0.000368797861,-0.00184695702,0.999998212],"shapeName":"/levels/west_coast_usa/art/shapes/objects/guardrail2_blue.dae","useInstanceRenderData":true}
{"class":"TSStatic","__parent":"SimGroup_","position":[-302.277466,-199.054474,119.042473],"isRenderEnabled":false,"rotationMatrix":[0.195812702,0.980639517,0.0018834176,-0.980641305,0.19581306,-1.16415322e-10,-0.000368797861,-0.00184695702,0.999998212],"shapeName":"/levels/west_coast_usa/art/shapes/objects/guardrailpost.dae","useInstanceRenderData":true}
{"class":"TSStatic","__parent":"SimGroup_","position":[-302.333191,-200.084641,119.997841],"isRenderEnabled":false,"rotationMatrix":[0.195812702,0.980639517,0.0018834176,-0.980641305,0.19581306,-1.16415322e-10,-0.000368797861,-0.00184695702,0.999998212],"shapeName":"/levels/west_coast_usa/art/shapes/objects/guardrail2_blue.dae","useInstanceRenderData":true}
{"class":"TSStatic","__parent":"SimGroup_","position":[-301.943512,-198.133255,120.003464],"isRenderEnabled":false,"rotationMatrix":[0.195812702,0.980639517,0.0018834176,-0.980641305,0.19581306,-1.16415322e-10,-0.000368797861,-0.00184695702,0.999998212],"shapeName":"/levels/west_coast_usa/art/shapes/objects/guardrail1_blue.dae","useInstanceRenderData":true}
{"class":"TSStatic","__parent":"SimGroup_","position":[-302.662994,-201.002304,119.038734],"isRenderEnabled":false,"rotationMatrix":[0.195812702,0.980639517,0.0018834176,-0.980641305,0.19581306,-1.16415322e-10,-0.000368797861,-0.00184695702,0.999998212],"shapeName":"/levels/west_coast_usa/art/shapes/objects/guardrailpost.dae","useInstanceRenderData":true}
{"class":"TSStatic","__parent":"SimGroup_","position":[-301.943268,-198.132034,119.342178],"isRenderEnabled":false,"rotationMatrix":[0.195812702,0.980639517,0.0018834176,-0.980641305,0.19581306,-1.16415322e-10,-0.000368797861,-0.00184695702,0.999998212],"shapeName":"/levels/west_coast_usa/art/shapes/objects/guardrail1_blue.dae","useInstanceRenderData":true}
{"class":"TSStatic","__parent":"SimGroup_","position":[-302.332947,-200.08342,119.337852],"isRenderEnabled":false,"rotationMatrix":[0.195812702,0.980639517,0.0018834176,-0.980641305,0.19581306,-1.16415322e-10,-0.000368797861,-0.00184695702,0.999998212],"shapeName":"/levels/west_coast_usa/art/shapes/objects/guardrail2_blue.dae","useInstanceRenderData":true}
{"class":"TSStatic","__parent":"SimGroup_","position":[-301.94339,-198.13266,119.676361],"isRenderEnabled":false,"rotationMatrix":[0.195812702,0.980639517,0.0018834176,-0.980641305,0.19581306,-1.16415322e-10,-0.000368797861,-0.00184695702,0.999998212],"shapeName":"/levels/west_coast_usa/art/shapes/objects/guardrail1_blue.dae","useInstanceRenderData":true}
{"class":"TSStatic","__parent":"SimGroup_","position":[-303.105286,-203.971161,119.330376],"isRenderEnabled":false,"rotationMatrix":[0.195812702,0.980639517,0.0018834176,-0.980641305,0.19581306,-1.16415322e-10,-0.000368797861,-0.00184695702,0.999998212],"shapeName":"/levels/west_coast_usa/art/shapes/objects/guardrail2_white.dae","useInstanceRenderData":true}
{"class":"TSStatic","__parent":"SimGroup_","position":[-302.715607,-202.019714,119.336975],"isRenderEnabled":false,"rotationMatrix":[0.195812702,0.980639517,0.0018834176,-0.980641305,0.19581306,-1.16415322e-10,-0.000368797861,-0.00184695702,0.999998212],"shapeName":"/levels/west_coast_usa/art/shapes/objects/guardrail1_white.dae","useInstanceRenderData":true}
{"class":"TSStatic","__parent":"SimGroup_","position":[-303.435303,-204.89003,119.031265],"isRenderEnabled":false,"rotationMatrix":[0.195812702,0.980639517,0.0018834176,-0.980641305,0.19581306,-1.16415322e-10,-0.000368797861,-0.00184695702,0.999998212],"shapeName":"/levels/west_coast_usa/art/shapes/objects/guardrailpost.dae","useInstanceRenderData":true}
{"class":"TSStatic","__parent":"SimGroup_","position":[-302.71582,-202.02092,119.994339],"isRenderEnabled":false,"rotationMatrix":[0.195812702,0.980639517,0.0018834176,-0.980641305,0.19581306,-1.16415322e-10,-0.000368797861,-0.00184695702,0.999998212],"shapeName":"/levels/west_coast_usa/art/shapes/objects/guardrail1_white.dae","useInstanceRenderData":true}
{"class":"TSStatic","__parent":"SimGroup_","position":[-303.105499,-203.972382,119.990387],"isRenderEnabled":false,"rotationMatrix":[0.195812702,0.980639517,0.0018834176,-0.980641305,0.19581306,-1.16415322e-10,-0.000368797861,-0.00184695702,0.999998212],"shapeName":"/levels/west_coast_usa/art/shapes/objects/guardrail2_white.dae","useInstanceRenderData":true}
{"class":"TSStatic","__parent":"SimGroup_","position":[-303.049805,-202.94223,119.035004],"isRenderEnabled":false,"rotationMatrix":[0.195812702,0.980639517,0.0018834176,-0.980641305,0.19581306,-1.16415322e-10,-0.000368797861,-0.00184695702,0.999998212],"shapeName":"/levels/west_coast_usa/art/shapes/objects/guardrailpost.dae","useInstanceRenderData":true}
{"class":"TSStatic","__parent":"SimGroup_","position":[-303.105408,-203.971771,119.663208],"isRenderEnabled":false,"rotationMatrix":[0.195812702,0.980639517,0.0018834176,-0.980641305,0.19581306,-1.16415322e-10,-0.000368797861,-0.00184695702,0.999998212],"shapeName":"/levels/west_coast_usa/art/shapes/objects/guardrail2_white.dae","useInstanceRenderData":true}
{"class":"TSStatic","__parent":"SimGroup_","position":[-302.715759,-202.020309,119.669029],"isRenderEnabled":false,"rotationMatrix":[0.195812702,0.980639517,0.0018834176,-0.980641305,0.19581306,-1.16415322e-10,-0.000368797861,-0.00184695702,0.999998212],"shapeName":"/levels/west_coast_usa/art/shapes/objects/guardrail1_white.dae","useInstanceRenderData":true}
{"class":"TSStatic","__parent":"SimGroup_","position":[-303.885132,-207.857056,119.655731],"isRenderEnabled":false,"rotationMatrix":[0.195812702,0.980639517,0.0018834176,-0.980641305,0.19581306,-1.16415322e-10,-0.000368797861,-0.00184695702,0.999998212],"shapeName":"/levels/west_coast_usa/art/shapes/objects/guardrail2_blue.dae","useInstanceRenderData":true}
{"class":"TSStatic","__parent":"SimGroup_","position":[-303.82962,-206.827484,119.027542],"isRenderEnabled":false,"rotationMatrix":[0.195812702,0.980639517,0.0018834176,-0.980641305,0.19581306,-1.16415322e-10,-0.000368797861,-0.00184695702,0.999998212],"shapeName":"/levels/west_coast_usa/art/shapes/objects/guardrailpost.dae","useInstanceRenderData":true}
{"class":"TSStatic","__parent":"SimGroup_","position":[-303.885254,-207.857651,119.982918],"isRenderEnabled":false,"rotationMatrix":[0.195812702,0.980639517,0.0018834176,-0.980641305,0.19581306,-1.16415322e-10,-0.000368797861,-0.00184695702,0.999998212],"shapeName":"/levels/west_coast_usa/art/shapes/objects/guardrail2_blue.dae","useInstanceRenderData":true}
{"class":"TSStatic","__parent":"SimGroup_","position":[-303.495605,-205.906281,119.988533],"isRenderEnabled":false,"rotationMatrix":[0.195812702,0.980639517,0.0018834176,-0.980641305,0.19581306,-1.16415322e-10,-0.000368797861,-0.00184695702,0.999998212],"shapeName":"/levels/west_coast_usa/art/shapes/objects/guardrail1_blue.dae","useInstanceRenderData":true}
{"class":"TSStatic","__parent":"SimGroup_","position":[-304.215088,-208.775314,119.023811],"isRenderEnabled":false,"rotationMatrix":[0.195812702,0.980639517,0.0018834176,-0.980641305,0.19581306,-1.16415322e-10,-0.000368797861,-0.00184695702,0.999998212],"shapeName":"/levels/west_coast_usa/art/shapes/objects/guardrailpost.dae","useInstanceRenderData":true}
{"class":"TSStatic","__parent":"SimGroup_","position":[-303.495392,-205.905075,119.327255],"isRenderEnabled":false,"rotationMatrix":[0.195812702,0.980639517,0.0018834176,-0.980641305,0.19581306,-1.16415322e-10,-0.000368797861,-0.00184695702,0.999998212],"shapeName":"/levels/west_coast_usa/art/shapes/objects/guardrail1_blue.dae","useInstanceRenderData":true}
{"class":"TSStatic","__parent":"SimGroup_","position":[-303.88501,-207.85643,119.322914],"isRenderEnabled":false,"rotationMatrix":[0.195812702,0.980639517,0.0018834176,-0.980641305,0.19581306,-1.16415322e-10,-0.000368797861,-0.00184695702,0.999998212],"shapeName":"/levels/west_coast_usa/art/shapes/objects/guardrail2_blue.dae","useInstanceRenderData":true}
{"class":"TSStatic","__parent":"SimGroup_","position":[-303.495544,-205.905701,119.661438],"isRenderEnabled":false,"rotationMatrix":[0.195812702,0.980639517,0.0018834176,-0.980641305,0.19581306,-1.16415322e-10,-0.000368797861,-0.00184695702,0.999998212],"shapeName":"/levels/west_coast_usa/art/shapes/objects/guardrail1_blue.dae","useInstanceRenderData":true}
{"class":"TSStatic","__parent":"SimGroup_","position":[-304.657379,-211.744171,119.31546],"isRenderEnabled":false,"rotationMatrix":[0.195812702,0.980639517,0.0018834176,-0.980641305,0.19581306,-1.16415322e-10,-0.000368797861,-0.00184695702,0.999998212],"shapeName":"/levels/west_coast_usa/art/shapes/objects/guardrail2_white.dae","useInstanceRenderData":true}
{"class":"TSStatic","__parent":"SimGroup_","position":[-304.267731,-209.792709,119.322044],"isRenderEnabled":false,"rotationMatrix":[0.195812702,0.980639517,0.0018834176,-0.980641305,0.19581306,-1.16415322e-10,-0.000368797861,-0.00184695702,0.999998212],"shapeName":"/levels/west_coast_usa/art/shapes/objects/guardrail1_white.dae","useInstanceRenderData":true}
{"class":"TSStatic","__parent":"SimGroup_","position":[-304.987396,-212.663055,119.016335],"isRenderEnabled":false,"rotationMatrix":[0.195812702,0.980639517,0.0018834176,-0.980641305,0.19581306,-1.16415322e-10,-0.000368797861,-0.00184695702,0.999998212],"shapeName":"/levels/west_coast_usa/art/shapes/objects/guardrailpost.dae","useInstanceRenderData":true}
{"class":"TSStatic","__parent":"SimGroup_","position":[-304.267975,-209.793991,119.979416],"isRenderEnabled":false,"rotationMatrix":[0.195812702,0.980639517,0.0018834176,-0.980641305,0.19581306,-1.16415322e-10,-0.000368797861,-0.00184695702,0.999998212],"shapeName":"/levels/west_coast_usa/art/shapes/objects/guardrail1_white.dae","useInstanceRenderData":true}
{"class":"TSStatic","__parent":"SimGroup_","position":[-304.657593,-211.745407,119.975449],"isRenderEnabled":false,"rotationMatrix":[0.195812702,0.980639517,0.0018834176,-0.980641305,0.19581306,-1.16415322e-10,-0.000368797861,-0.00184695702,0.999998212],"shapeName":"/levels/west_coast_usa/art/shapes/objects/guardrail2_white.dae","useInstanceRenderData":true}
{"class":"TSStatic","__parent":"SimGroup_","position":[-304.601929,-210.715225,119.020073],"isRenderEnabled":false,"rotationMatrix":[0.195812702,0.980639517,0.0018834176,-0.980641305,0.19581306,-1.16415322e-10,-0.000368797861,-0.00184695702,0.999998212],"shapeName":"/levels/west_coast_usa/art/shapes/objects/guardrailpost.dae","useInstanceRenderData":true}
{"class":"TSStatic","__parent":"SimGroup_","position":[-304.657532,-211.744766,119.64827],"isRenderEnabled":false,"rotationMatrix":[0.195812702,0.980639517,0.0018834176,-0.980641305,0.19581306,-1.16415322e-10,-0.000368797861,-0.00184695702,0.999998212],"shapeName":"/levels/west_coast_usa/art/shapes/objects/guardrail2_white.dae","useInstanceRenderData":true}
{"class":"TSStatic","__parent":"SimGroup_","position":[-304.267853,-209.793396,119.654091],"isRenderEnabled":false,"rotationMatrix":[0.195812702,0.980639517,0.0018834176,-0.980641305,0.19581306,-1.16415322e-10,-0.000368797861,-0.00184695702,0.999998212],"shapeName":"/levels/west_coast_usa/art/shapes/objects/guardrail1_white.dae","useInstanceRenderData":true}
{"class":"TSStatic","__parent":"SimGroup_","position":[-305.441315,-215.650345,119.64077],"isRenderEnabled":false,"rotationMatrix":[0.195812702,0.980639517,0.0018834176,-0.980641305,0.19581306,-1.16415322e-10,-0.000368797861,-0.00184695702,0.999998212],"shapeName":"/levels/west_coast_usa/art/shapes/objects/guardrail2_blue.dae","useInstanceRenderData":true}
{"class":"TSStatic","__parent":"SimGroup_","position":[-305.385712,-214.620773,119.012581],"isRenderEnabled":false,"rotationMatrix":[0.195812702,0.980639517,0.0018834176,-0.980641305,0.19581306,-1.16415322e-10,-0.000368797861,-0.00184695702,0.999998212],"shapeName":"/levels/west_coast_usa/art/shapes/objects/guardrailpost.dae","useInstanceRenderData":true}
{"class":"TSStatic","__parent":"SimGroup_","position":[-305.441437,-215.65094,119.967949],"isRenderEnabled":false,"rotationMatrix":[0.195812702,0.980639517,0.0018834176,-0.980641305,0.19581306,-1.16415322e-10,-0.000368797861,-0.00184695702,0.999998212],"shapeName":"/levels/west_coast_usa/art/shapes/objects/guardrail2_blue.dae","useInstanceRenderData":true}
{"class":"TSStatic","__parent":"SimGroup_","position":[-305.051758,-213.699554,119.973572],"isRenderEnabled":false,"rotationMatrix":[0.195812702,0.980639517,0.0018834176,-0.980641305,0.19581306,-1.16415322e-10,-0.000368797861,-0.00184695702,0.999998212],"shapeName":"/levels/west_coast_usa/art/shapes/objects/guardrail1_blue.dae","useInstanceRenderData":true}
{"class":"TSStatic","__parent":"SimGroup_","position":[-305.77124,-216.568604,119.008842],"isRenderEnabled":false,"rotationMatrix":[0.195812702,0.980639517,0.0018834176,-0.980641305,0.19581306,-1.16415322e-10,-0.000368797861,-0.00184695702,0.999998212],"shapeName":"/levels/west_coast_usa/art/shapes/objects/guardrailpost.dae","useInstanceRenderData":true}
{"class":"TSStatic","__parent":"SimGroup_","position":[-305.051514,-213.698334,119.312286],"isRenderEnabled":false,"rotationMatrix":[0.195812702,0.980639517,0.0018834176,-0.980641305,0.19581306,-1.16415322e-10,-0.000368797861,-0.00184695702,0.999998212],"shapeName":"/levels/west_coast_usa/art/shapes/objects/guardrail1_blue.dae","useInstanceRenderData":true}
{"class":"TSStatic","__parent":"SimGroup_","position":[-305.441193,-215.649719,119.307961],"isRenderEnabled":false,"rotationMatrix":[0.195812702,0.980639517,0.0018834176,-0.980641305,0.19581306,-1.16415322e-10,-0.000368797861,-0.00184695702,0.999998212],"shapeName":"/levels/west_coast_usa/art/shapes/objects/guardrail2_blue.dae","useInstanceRenderData":true}
{"class":"TSStatic","__parent":"SimGroup_","position":[-305.051636,-213.698959,119.646469],"isRenderEnabled":false,"rotationMatrix":[0.195812702,0.980639517,0.0018834176,-0.980641305,0.19581306,-1.16415322e-10,-0.000368797861,-0.00184695702,0.999998212],"shapeName":"/levels/west_coast_usa/art/shapes/objects/guardrail1_blue.dae","useInstanceRenderData":true}
{"class":"TSStatic","__parent":"SimGroup_","position":[-306.213531,-219.53746,119.300484],"isRenderEnabled":false,"rotationMatrix":[0.195812702,0.980639517,0.0018834176,-0.980641305,0.19581306,-1.16415322e-10,-0.000368797861,-0.00184695702,0.999998212],"shapeName":"/levels/west_coast_usa/art/shapes/objects/guardrail2_white.dae","useInstanceRenderData":true}
{"class":"TSStatic","__parent":"SimGroup_","position":[-305.823853,-217.586014,119.307083],"isRenderEnabled":false,"rotationMatrix":[0.195812702,0.980639517,0.0018834176,-0.980641305,0.19581306,-1.16415322e-10,-0.000368797861,-0.00184695702,0.999998212],"shapeName":"/levels/west_coast_usa/art/shapes/objects/guardrail1_white.dae","useInstanceRenderData":true}
{"class":"TSStatic","__parent":"SimGroup_","position":[-306.543549,-220.456329,119.001373],"isRenderEnabled":false,"rotationMatrix":[0.195812702,0.980639517,0.0018834176,-0.980641305,0.19581306,-1.16415322e-10,-0.000368797861,-0.00184695702,0.999998212],"shapeName":"/levels/west_coast_usa/art/shapes/objects/guardrailpost.dae","useInstanceRenderData":true}
{"class":"TSStatic","__parent":"SimGroup_","position":[-305.824066,-217.587219,119.964447],"isRenderEnabled":false,"rotationMatrix":[0.195812702,0.980639517,0.0018834176,-0.980641305,0.19581306,-1.16415322e-10,-0.000368797861,-0.00184695702,0.999998212],"shapeName":"/levels/west_coast_usa/art/shapes/objects/guardrail1_white.dae","useInstanceRenderData":true}
{"class":"TSStatic","__parent":"SimGroup_","position":[-306.213745,-219.538681,119.960495],"isRenderEnabled":false,"rotationMatrix":[0.195812702,0.980639517,0.0018834176,-0.980641305,0.19581306,-1.16415322e-10,-0.000368797861,-0.00184695702,0.999998212],"shapeName":"/levels/west_coast_usa/art/shapes/objects/guardrail2_white.dae","useInstanceRenderData":true}
{"class":"TSStatic","__parent":"SimGroup_","position":[-306.158051,-218.50853,119.005112],"isRenderEnabled":false,"rotationMatrix":[0.195812702,0.980639517,0.0018834176,-0.980641305,0.19581306,-1.16415322e-10,-0.000368797861,-0.00184695702,0.999998212],"shapeName":"/levels/west_coast_usa/art/shapes/objects/guardrailpost.dae","useInstanceRenderData":true}
{"class":"TSStatic","__parent":"SimGroup_","position":[-306.213654,-219.538071,119.633316],"isRenderEnabled":false,"rotationMatrix":[0.195812702,0.980639517,0.0018834176,-0.980641305,0.19581306,-1.16415322e-10,-0.000368797861,-0.00184695702,0.999998212],"shapeName":"/levels/west_coast_usa/art/shapes/objects/guardrail2_white.dae","useInstanceRenderData":true}
{"class":"TSStatic","__parent":"SimGroup_","position":[-305.824005,-217.586609,119.639137],"isRenderEnabled":false,"rotationMatrix":[0.195812702,0.980639517,0.0018834176,-0.980641305,0.19581306,-1.16415322e-10,-0.000368797861,-0.00184695702,0.999998212],"shapeName":"/levels/west_coast_usa/art/shapes/objects/guardrail1_white.dae","useInstanceRenderData":true}
{"class":"TSStatic","__parent":"SimGroup_","position":[-306.993378,-223.423355,119.625839],"isRenderEnabled":false,"rotationMatrix":[0.195812702,0.980639517,0.0018834176,-0.980641305,0.19581306,-1.16415322e-10,-0.000368797861,-0.00184695702,0.999998212],"shapeName":"/levels/west_coast_usa/art/shapes/objects/guardrail2_blue.dae","useInstanceRenderData":true}
{"class":"TSStatic","__parent":"SimGroup_","position":[-306.937866,-222.393784,118.99765],"isRenderEnabled":false,"rotationMatrix":[0.195812702,0.980639517,0.0018834176,-0.980641305,0.19581306,-1.16415322e-10,-0.000368797861,-0.00184695702,0.999998212],"shapeName":"/levels/west_coast_usa/art/shapes/objects/guardrailpost.dae","useInstanceRenderData":true}
{"class":"TSStatic","__parent":"SimGroup_","position":[-306.9935,-223.42395,119.953026],"isRenderEnabled":false,"rotationMatrix":[0.195812702,0.980639517,0.0018834176,-0.980641305,0.19581306,-1.16415322e-10,-0.000368797861,-0.00184695702,0.999998212],"shapeName":"/levels/west_coast_usa/art/shapes/objects/guardrail2_blue.dae","useInstanceRenderData":true}
{"class":"TSStatic","__parent":"SimGroup_","position":[-306.603851,-221.47258,119.958641],"isRenderEnabled":false,"rotationMatrix":[0.195812702,0.980639517,0.0018834176,-0.980641305,0.19581306,-1.16415322e-10,-0.000368797861,-0.00184695702,0.999998212],"shapeName":"/levels/west_coast_usa/art/shapes/objects/guardrail1_blue.dae","useInstanceRenderData":true}
{"class":"TSStatic","__parent":"SimGroup_","position":[-307.323334,-224.341614,118.993919],"isRenderEnabled":false,"rotationMatrix":[0.195812702,0.980639517,0.0018834176,-0.980641305,0.19581306,-1.16415322e-10,-0.000368797861,-0.00184695702,0.999998212],"shapeName":"/levels/west_coast_usa/art/shapes/objects/guardrailpost.dae","useInstanceRenderData":true}
{"class":"TSStatic","__parent":"SimGroup_","position":[-306.603638,-221.471375,119.297363],"isRenderEnabled":false,"rotationMatrix":[0.195812702,0.980639517,0.0018834176,-0.980641305,0.19581306,-1.16415322e-10,-0.000368797861,-0.00184695702,0.999998212],"shapeName":"/levels/west_coast_usa/art/shapes/objects/guardrail1_blue.dae","useInstanceRenderData":true}
{"class":"TSStatic","__parent":"SimGroup_","position":[-306.993256,-223.422729,119.293022],"isRenderEnabled":false,"rotationMatrix":[0.195812702,0.980639517,0.0018834176,-0.980641305,0.19581306,-1.16415322e-10,-0.000368797861,-0.00184695702,0.999998212],"shapeName":"/levels/west_coast_usa/art/shapes/objects/guardrail2_blue.dae","useInstanceRenderData":true}
{"class":"TSStatic","__parent":"SimGroup_","position":[-306.60379,-221.472,119.631546],"isRenderEnabled":false,"rotationMatrix":[0.195812702,0.980639517,0.0018834176,-0.980641305,0.19581306,-1.16415322e-10,-0.000368797861,-0.00184695702,0.999998212],"shapeName":"/levels/west_coast_usa/art/shapes/objects/guardrail1_blue.dae","useInstanceRenderData":true}
{"class":"TSStatic","__parent":"SimGroup_","position":[-307.765625,-227.310471,119.285568],"isRenderEnabled":false,"rotationMatrix":[0.195812702,0.980639517,0.0018834176,-0.980641305,0.19581306,-1.16415322e-10,-0.000368797861,-0.00184695702,0.999998212],"shapeName":"/levels/west_coast_usa/art/shapes/objects/guardrail2_white.dae","useInstanceRenderData":true}
{"class":"TSStatic","__parent":"SimGroup_","position":[-307.375977,-225.359009,119.292152],"isRenderEnabled":false,"rotationMatrix":[0.195812702,0.980639517,0.0018834176,-0.980641305,0.19581306,-1.16415322e-10,-0.000368797861,-0.00184695702,0.999998212],"shapeName":"/levels/west_coast_usa/art/shapes/objects/guardrail1_white.dae","useInstanceRenderData":true}
{"class":"TSStatic","__parent":"SimGroup_","position":[-308.095642,-228.229355,118.986443],"isRenderEnabled":false,"rotationMatrix":[0.195812702,0.980639517,0.0018834176,-0.980641305,0.19581306,-1.16415322e-10,-0.000368797861,-0.00184695702,0.999998212],"shapeName":"/levels/west_coast_usa/art/shapes/objects/guardrailpost.dae","useInstanceRenderData":true}
{"class":"TSStatic","__parent":"SimGroup_","position":[-307.376221,-225.360291,119.949524],"isRenderEnabled":false,"rotationMatrix":[0.195812702,0.980639517,0.0018834176,-0.980641305,0.19581306,-1.16415322e-10,-0.000368797861,-0.00184695702,0.999998212],"shapeName":"/levels/west_coast_usa/art/shapes/objects/guardrail1_white.dae","useInstanceRenderData":true}
{"class":"TSStatic","__parent":"SimGroup_","position":[-307.765839,-227.311707,119.945557],"isRenderEnabled":false,"rotationMatrix":[0.195812702,0.980639517,0.0018834176,-0.980641305,0.19581306,-1.16415322e-10,-0.000368797861,-0.00184695702,0.999998212],"shapeName":"/levels/west_coast_usa/art/shapes/objects/guardrail2_white.dae","useInstanceRenderData":true}
{"class":"TSStatic","__parent":"SimGroup_","position":[-307.710175,-226.281525,118.990181],"isRenderEnabled":false,"rotationMatrix":[0.195812702,0.980639517,0.0018834176,-0.980641305,0.19581306,-1.16415322e-10,-0.000368797861,-0.00184695702,0.999998212],"shapeName":"/levels/west_coast_usa/art/shapes/objects/guardrailpost.dae","useInstanceRenderData":true}
{"class":"TSStatic","__parent":"SimGroup_","position":[-307.765778,-227.311066,119.618378],"isRenderEnabled":false,"rotationMatrix":[0.195812702,0.980639517,0.0018834176,-0.980641305,0.19581306,-1.16415322e-10,-0.000368797861,-0.00184695702,0.999998212],"shapeName":"/levels/west_coast_usa/art/shapes/objects/guardrail2_white.dae","useInstanceRenderData":true}
{"class":"TSStatic","__parent":"SimGroup_","position":[-307.376099,-225.359695,119.624199],"isRenderEnabled":false,"rotationMatrix":[0.195812702,0.980639517,0.0018834176,-0.980641305,0.19581306,-1.16415322e-10,-0.000368797861,-0.00184695702,0.999998212],"shapeName":"/levels/west_coast_usa/art/shapes/objects/guardrail1_white.dae","useInstanceRenderData":true}
{"class":"TSStatic","__parent":"SimGroup_","position":[-308.549011,-231.245514,119.676804],"isRenderEnabled":false,"rotationMatrix":[0.195768535,0.980419874,-0.0212480985,-0.980641246,0.195812762,-9.31322575e-10,0.00416064728,0.0208367631,0.999774218],"shapeName":"/levels/west_coast_usa/art/shapes/objects/guardrail2_blue.dae","useInstanceRenderData":true}
{"class":"TSStatic","__parent":"SimGroup_","position":[-308.496338,-230.230453,119.025177],"isRenderEnabled":false,"rotationMatrix":[0.195768535,0.980419874,-0.0212480985,-0.980641246,0.195812762,-9.31322575e-10,0.00416064728,0.0208367631,0.999774218],"shapeName":"/levels/west_coast_usa/art/shapes/objects/guardrailpost.dae","useInstanceRenderData":true}
{"class":"TSStatic","__parent":"SimGroup_","position":[-308.547668,-231.238693,120.003914],"isRenderEnabled":false,"rotationMatrix":[0.195768535,0.980419874,-0.0212480985,-0.980641246,0.195812762,-9.31322575e-10,0.00416064728,0.0208367631,0.999774218],"shapeName":"/levels/west_coast_usa/art/shapes/objects/guardrail2_blue.dae","useInstanceRenderData":true}
{"class":"TSStatic","__parent":"SimGroup_","position":[-308.158081,-229.287704,119.963501],"isRenderEnabled":false,"rotationMatrix":[0.195768535,0.980419874,-0.0212480985,-0.980641246,0.195812762,-9.31322575e-10,0.00416064728,0.0208367631,0.999774218],"shapeName":"/levels/west_coast_usa/art/shapes/objects/guardrail1_blue.dae","useInstanceRenderData":true}
{"class":"TSStatic","__parent":"SimGroup_","position":[-308.881775,-232.177856,119.067368],"isRenderEnabled":false,"rotationMatrix":[0.195768535,0.980419874,-0.0212480985,-0.980641246,0.195812762,-9.31322575e-10,0.00416064728,0.0208367631,0.999774218],"shapeName":"/levels/west_coast_usa/art/shapes/objects/guardrailpost.dae","useInstanceRenderData":true}
{"class":"TSStatic","__parent":"SimGroup_","position":[-308.160828,-229.301483,119.302368],"isRenderEnabled":false,"rotationMatrix":[0.195768535,0.980419874,-0.0212480985,-0.980641246,0.195812762,-9.31322575e-10,0.00416064728,0.0208367631,0.999774218],"shapeName":"/levels/west_coast_usa/art/shapes/objects/guardrail1_blue.dae","useInstanceRenderData":true}
{"class":"TSStatic","__parent":"SimGroup_","position":[-308.550415,-231.252441,119.344063],"isRenderEnabled":false,"rotationMatrix":[0.195768535,0.980419874,-0.0212480985,-0.980641246,0.195812762,-9.31322575e-10,0.00416064728,0.0208367631,0.999774218],"shapeName":"/levels/west_coast_usa/art/shapes/objects/guardrail2_blue.dae","useInstanceRenderData":true}
{"class":"TSStatic","__parent":"SimGroup_","position":[-308.159424,-229.294525,119.636475],"isRenderEnabled":false,"rotationMatrix":[0.195768535,0.980419874,-0.0212480985,-0.980641246,0.195812762,-9.31322575e-10,0.00416064728,0.0208367631,0.999774218],"shapeName":"/levels/west_coast_usa/art/shapes/objects/guardrail1_blue.dae","useInstanceRenderData":true}
{"class":"TSStatic","__parent":"SimGroup_","position":[-309.322571,-235.139313,119.428284],"isRenderEnabled":false,"rotationMatrix":[0.195768535,0.980419874,-0.0212480985,-0.980641246,0.195812762,-9.31322575e-10,0.00416064728,0.0208367631,0.999774218],"shapeName":"/levels/west_coast_usa/art/shapes/objects/guardrail2_white.dae","useInstanceRenderData":true}
{"class":"TSStatic","__parent":"SimGroup_","position":[-308.932983,-233.188232,119.388847],"isRenderEnabled":false,"rotationMatrix":[0.195768535,0.980419874,-0.0212480985,-0.980641246,0.195812762,-9.31322575e-10,0.00416064728,0.0208367631,0.999774218],"shapeName":"/levels/west_coast_usa/art/shapes/objects/guardrail1_white.dae","useInstanceRenderData":true}
{"class":"TSStatic","__parent":"SimGroup_","position":[-309.6539,-236.064713,119.151588],"isRenderEnabled":false,"rotationMatrix":[0.195768535,0.980419874,-0.0212480985,-0.980641246,0.195812762,-9.31322575e-10,0.00416064728,0.0208367631,0.999774218],"shapeName":"/levels/west_coast_usa/art/shapes/objects/guardrailpost.dae","useInstanceRenderData":true}
{"class":"TSStatic","__parent":"SimGroup_","position":[-308.930237,-233.17453,120.046066],"isRenderEnabled":false,"rotationMatrix":[0.195768535,0.980419874,-0.0212480985,-0.980641246,0.195812762,-9.31322575e-10,0.00416064728,0.0208367631,0.999774218],"shapeName":"/levels/west_coast_usa/art/shapes/objects/guardrail1_white.dae","useInstanceRenderData":true}
{"class":"TSStatic","__parent":"SimGroup_","position":[-309.319824,-235.125549,120.088142],"isRenderEnabled":false,"rotationMatrix":[0.195768535,0.980419874,-0.0212480985,-0.980641246,0.195812762,-9.31322575e-10,0.00416064728,0.0208367631,0.999774218],"shapeName":"/levels/west_coast_usa/art/shapes/objects/guardrail2_white.dae","useInstanceRenderData":true}
{"class":"TSStatic","__parent":"SimGroup_","position":[-309.268616,-234.117752,119.090828],"isRenderEnabled":false,"rotationMatrix":[0.195768535,0.980419874,-0.0212480985,-0.980641246,0.195812762,-9.31322575e-10,0.00416064728,0.0208367631,0.999774218],"shapeName":"/levels/west_coast_usa/art/shapes/objects/guardrailpost.dae","useInstanceRenderData":true}
{"class":"TSStatic","__parent":"SimGroup_","position":[-309.321167,-235.13237,119.761032],"isRenderEnabled":false,"rotationMatrix":[0.195768535,0.980419874,-0.0212480985,-0.980641246,0.195812762,-9.31322575e-10,0.00416064728,0.0208367631,0.999774218],"shapeName":"/levels/west_coast_usa/art/shapes/objects/guardrail2_white.dae","useInstanceRenderData":true}
{"class":"TSStatic","__parent":"SimGroup_","position":[-308.93161,-233.181305,119.720825],"isRenderEnabled":false,"rotationMatrix":[0.195768535,0.980419874,-0.0212480985,-0.980641246,0.195812762,-9.31322575e-10,0.00416064728,0.0208367631,0.999774218],"shapeName":"/levels/west_coast_usa/art/shapes/objects/guardrail1_white.dae","useInstanceRenderData":true}
{"class":"TSStatic","__parent":"SimGroup_","position":[-310.100739,-239.016785,119.845222],"isRenderEnabled":false,"rotationMatrix":[0.195768535,0.980419874,-0.0212480985,-0.980641246,0.195812762,-9.31322575e-10,0.00416064728,0.0208367631,0.999774218],"shapeName":"/levels/west_coast_usa/art/shapes/objects/guardrail2_blue.dae","useInstanceRenderData":true}
{"class":"TSStatic","__parent":"SimGroup_","position":[-310.048126,-238.00174,119.193604],"isRenderEnabled":false,"rotationMatrix":[0.195768535,0.980419874,-0.0212480985,-0.980641246,0.195812762,-9.31322575e-10,0.00416064728,0.0208367631,0.999774218],"shapeName":"/levels/west_coast_usa/art/shapes/objects/guardrailpost.dae","useInstanceRenderData":true}
{"class":"TSStatic","__parent":"SimGroup_","position":[-310.099396,-239.009964,120.17234],"isRenderEnabled":false,"rotationMatrix":[0.195768535,0.980419874,-0.0212480985,-0.980641246,0.195812762,-9.31322575e-10,0.00416064728,0.0208367631,0.999774218],"shapeName":"/levels/west_coast_usa/art/shapes/objects/guardrail2_blue.dae","useInstanceRenderData":true}
{"class":"TSStatic","__parent":"SimGroup_","position":[-309.709808,-237.05899,120.13192],"isRenderEnabled":false,"rotationMatrix":[0.195768535,0.980419874,-0.0212480985,-0.980641246,0.195812762,-9.31322575e-10,0.00416064728,0.0208367631,0.999774218],"shapeName":"/levels/west_coast_usa/art/shapes/objects/guardrail1_blue.dae","useInstanceRenderData":true}
{"class":"TSStatic","__parent":"SimGroup_","position":[-310.433502,-239.949127,119.235794],"isRenderEnabled":false,"rotationMatrix":[0.195768535,0.980419874,-0.0212480985,-0.980641246,0.195812762,-9.31322575e-10,0.00416064728,0.0208367631,0.999774218],"shapeName":"/levels/west_coast_usa/art/shapes/objects/guardrailpost.dae","useInstanceRenderData":true}
{"class":"TSStatic","__parent":"SimGroup_","position":[-309.712585,-237.072784,119.470795],"isRenderEnabled":false,"rotationMatrix":[0.195768535,0.980419874,-0.0212480985,-0.980641246,0.195812762,-9.31322575e-10,0.00416064728,0.0208367631,0.999774218],"shapeName":"/levels/west_coast_usa/art/shapes/objects/guardrail1_blue.dae","useInstanceRenderData":true}
{"class":"TSStatic","__parent":"SimGroup_","position":[-310.102142,-239.023712,119.512482],"isRenderEnabled":false,"rotationMatrix":[0.195768535,0.980419874,-0.0212480985,-0.980641246,0.195812762,-9.31322575e-10,0.00416064728,0.0208367631,0.999774218],"shapeName":"/levels/west_coast_usa/art/shapes/objects/guardrail2_blue.dae","useInstanceRenderData":true}
{"class":"TSStatic","__parent":"SimGroup_","position":[-309.711212,-237.065811,119.804901],"isRenderEnabled":false,"rotationMatrix":[0.195768535,0.980419874,-0.0212480985,-0.980641246,0.195812762,-9.31322575e-10,0.00416064728,0.0208367631,0.999774218],"shapeName":"/levels/west_coast_usa/art/shapes/objects/guardrail1_blue.dae","useInstanceRenderData":true}
{"class":"TSStatic","__parent":"SimGroup_","position":[-310.874329,-242.910583,119.59671],"isRenderEnabled":false,"rotationMatrix":[0.195768535,0.980419874,-0.0212480985,-0.980641246,0.195812762,-9.31322575e-10,0.00416064728,0.0208367631,0.999774218],"shapeName":"/levels/west_coast_usa/art/shapes/objects/guardrail2_white.dae","useInstanceRenderData":true}
{"class":"TSStatic","__parent":"SimGroup_","position":[-310.484741,-240.959488,119.557266],"isRenderEnabled":false,"rotationMatrix":[0.195768535,0.980419874,-0.0212480985,-0.980641246,0.195812762,-9.31322575e-10,0.00416064728,0.0208367631,0.999774218],"shapeName":"/levels/west_coast_usa/art/shapes/objects/guardrail1_white.dae","useInstanceRenderData":true}
{"class":"TSStatic","__parent":"SimGroup_","position":[-311.205627,-243.835999,119.320007],"isRenderEnabled":false,"rotationMatrix":[0.195768535,0.980419874,-0.0212480985,-0.980641246,0.195812762,-9.31322575e-10,0.00416064728,0.0208367631,0.999774218],"shapeName":"/levels/west_coast_usa/art/shapes/objects/guardrailpost.dae","useInstanceRenderData":true}
{"class":"TSStatic","__parent":"SimGroup_","position":[-310.482025,-240.945877,120.214493],"isRenderEnabled":false,"rotationMatrix":[0.195768535,0.980419874,-0.0212480985,-0.980641246,0.195812762,-9.31322575e-10,0.00416064728,0.0208367631,0.999774218],"shapeName":"/levels/west_coast_usa/art/shapes/objects/guardrail1_white.dae","useInstanceRenderData":true}
{"class":"TSStatic","__parent":"SimGroup_","position":[-310.871552,-242.896851,120.256561],"isRenderEnabled":false,"rotationMatrix":[0.195768535,0.980419874,-0.0212480985,-0.980641246,0.195812762,-9.31322575e-10,0.00416064728,0.0208367631,0.999774218],"shapeName":"/levels/west_coast_usa/art/shapes/objects/guardrail2_white.dae","useInstanceRenderData":true}
{"class":"TSStatic","__parent":"SimGroup_","position":[-310.820251,-241.888596,119.277817],"isRenderEnabled":false,"rotationMatrix":[0.195768535,0.980419874,-0.0212480985,-0.980641246,0.195812762,-9.31322575e-10,0.00416064728,0.0208367631,0.999774218],"shapeName":"/levels/west_coast_usa/art/shapes/objects/guardrailpost.dae","useInstanceRenderData":true}
{"class":"TSStatic","__parent":"SimGroup_","position":[-310.872955,-242.903625,119.929451],"isRenderEnabled":false,"rotationMatrix":[0.195768535,0.980419874,-0.0212480985,-0.980641246,0.195812762,-9.31322575e-10,0.00416064728,0.0208367631,0.999774218],"shapeName":"/levels/west_coast_usa/art/shapes/objects/guardrail2_white.dae","useInstanceRenderData":true}
{"class":"TSStatic","__parent":"SimGroup_","position":[-310.483368,-240.952652,119.889244],"isRenderEnabled":false,"rotationMatrix":[0.195768535,0.980419874,-0.0212480985,-0.980641246,0.195812762,-9.31322575e-10,0.00416064728,0.0208367631,0.999774218],"shapeName":"/levels/west_coast_usa/art/shapes/objects/guardrail1_white.dae","useInstanceRenderData":true}
{"class":"TSStatic","__parent":"SimGroup_","position":[-311.651062,-246.78067,120.013481],"isRenderEnabled":false,"rotationMatrix":[0.195768535,0.980419874,-0.0212480985,-0.980641246,0.195812762,-9.31322575e-10,0.00416064728,0.0208367631,0.999774218],"shapeName":"/levels/west_coast_usa/art/shapes/objects/guardrail2_blue.dae","useInstanceRenderData":true}
{"class":"TSStatic","__parent":"SimGroup_","position":[-311.598389,-245.76561,119.361855],"isRenderEnabled":false,"rotationMatrix":[0.195768535,0.980419874,-0.0212480985,-0.980641246,0.195812762,-9.31322575e-10,0.00416064728,0.0208367631,0.999774218],"shapeName":"/levels/west_coast_usa/art/shapes/objects/guardrailpost.dae","useInstanceRenderData":true}
{"class":"TSStatic","__parent":"SimGroup_","position":[-311.649719,-246.773849,120.340591],"isRenderEnabled":false,"rotationMatrix":[0.195768535,0.980419874,-0.0212480985,-0.980641246,0.195812762,-9.31322575e-10,0.00416064728,0.0208367631,0.999774218],"shapeName":"/levels/west_coast_usa/art/shapes/objects/guardrail2_blue.dae","useInstanceRenderData":true}
{"class":"TSStatic","__parent":"SimGroup_","position":[-311.260132,-244.822861,120.300179],"isRenderEnabled":false,"rotationMatrix":[0.195768535,0.980419874,-0.0212480985,-0.980641246,0.195812762,-9.31322575e-10,0.00416064728,0.0208367631,0.999774218],"shapeName":"/levels/west_coast_usa/art/shapes/objects/guardrail1_blue.dae","useInstanceRenderData":true}
{"class":"TSStatic","__parent":"SimGroup_","position":[-311.983826,-247.713013,119.404045],"isRenderEnabled":false,"rotationMatrix":[0.195768535,0.980419874,-0.0212480985,-0.980641246,0.195812762,-9.31322575e-10,0.00416064728,0.0208367631,0.999774218],"shapeName":"/levels/west_coast_usa/art/shapes/objects/guardrailpost.dae","useInstanceRenderData":true}
{"class":"TSStatic","__parent":"SimGroup_","position":[-311.262878,-244.836639,119.639046],"isRenderEnabled":false,"rotationMatrix":[0.195768535,0.980419874,-0.0212480985,-0.980641246,0.195812762,-9.31322575e-10,0.00416064728,0.0208367631,0.999774218],"shapeName":"/levels/west_coast_usa/art/shapes/objects/guardrail1_blue.dae","useInstanceRenderData":true}
{"class":"TSStatic","__parent":"SimGroup_","position":[-311.652466,-246.787598,119.68074],"isRenderEnabled":false,"rotationMatrix":[0.195768535,0.980419874,-0.0212480985,-0.980641246,0.195812762,-9.31322575e-10,0.00416064728,0.0208367631,0.999774218],"shapeName":"/levels/west_coast_usa/art/shapes/objects/guardrail2_blue.dae","useInstanceRenderData":true}
{"class":"TSStatic","__parent":"SimGroup_","position":[-311.261475,-244.829681,119.973152],"isRenderEnabled":false,"rotationMatrix":[0.195768535,0.980419874,-0.0212480985,-0.980641246,0.195812762,-9.31322575e-10,0.00416064728,0.0208367631,0.999774218],"shapeName":"/levels/west_coast_usa/art/shapes/objects/guardrail1_blue.dae","useInstanceRenderData":true}
{"class":"TSStatic","__parent":"SimGroup_","position":[-312.424622,-250.674469,119.764961],"isRenderEnabled":false,"rotationMatrix":[0.195768535,0.980419874,-0.0212480985,-0.980641246,0.195812762,-9.31322575e-10,0.00416064728,0.0208367631,0.999774218],"shapeName":"/levels/west_coast_usa/art/shapes/objects/guardrail2_white.dae","useInstanceRenderData":true}
{"class":"TSStatic","__parent":"SimGroup_","position":[-312.035034,-248.723389,119.725525],"isRenderEnabled":false,"rotationMatrix":[0.195768535,0.980419874,-0.0212480985,-0.980641246,0.195812762,-9.31322575e-10,0.00416064728,0.0208367631,0.999774218],"shapeName":"/levels/west_coast_usa/art/shapes/objects/guardrail1_white.dae","useInstanceRenderData":true}
{"class":"TSStatic","__parent":"SimGroup_","position":[-312.755951,-251.599869,119.488266],"isRenderEnabled":false,"rotationMatrix":[0.195768535,0.980419874,-0.0212480985,-0.980641246,0.195812762,-9.31322575e-10,0.00416064728,0.0208367631,0.999774218],"shapeName":"/levels/west_coast_usa/art/shapes/objects/guardrailpost.dae","useInstanceRenderData":true}
{"class":"TSStatic","__parent":"SimGroup_","position":[-312.032288,-248.709686,120.382744],"isRenderEnabled":false,"rotationMatrix":[0.195768535,0.980419874,-0.0212480985,-0.980641246,0.195812762,-9.31322575e-10,0.00416064728,0.0208367631,0.999774218],"shapeName":"/levels/west_coast_usa/art/shapes/objects/guardrail1_white.dae","useInstanceRenderData":true}
{"class":"TSStatic","__parent":"SimGroup_","position":[-312.421875,-250.660706,120.42482],"isRenderEnabled":false,"rotationMatrix":[0.195768535,0.980419874,-0.0212480985,-0.980641246,0.195812762,-9.31322575e-10,0.00416064728,0.0208367631,0.999774218],"shapeName":"/levels/west_coast_usa/art/shapes/objects/guardrail2_white.dae","useInstanceRenderData":true}
{"class":"TSStatic","__parent":"SimGroup_","position":[-312.370544,-249.652512,119.446075],"isRenderEnabled":false,"rotationMatrix":[0.195768535,0.980419874,-0.0212480985,-0.980641246,0.195812762,-9.31322575e-10,0.00416064728,0.0208367631,0.999774218],"shapeName":"/levels/west_coast_usa/art/shapes/objects/guardrailpost.dae","useInstanceRenderData":true}
{"class":"TSStatic","__parent":"SimGroup_","position":[-312.423218,-250.667526,120.09771],"isRenderEnabled":false,"rotationMatrix":[0.195768535,0.980419874,-0.0212480985,-0.980641246,0.195812762,-9.31322575e-10,0.00416064728,0.0208367631,0.999774218],"shapeName":"/levels/west_coast_usa/art/shapes/objects/guardrail2_white.dae","useInstanceRenderData":true}
