{"name":"SimGroup_","class":"SimGroup","groupPosition":"38.482324341194 39.020766793247 119.79748132818"}
{"class":"TSStatic","__parent":"SimGroup_","position":[19.7090778,45.1943092,119.326523],"isRenderEnabled":false,"rotationMatrix":[-0.878768802,-0.47724393,0.00183530524,0.477241367,-0.878770471,-0.00167276897,0.00241113128,-0.000594093697,0.999996901],"shapeName":"/levels/west_coast_usa/art/shapes/objects/guardrailpost.dae","useInstanceRenderData":true}
{"class":"TSStatic","__parent":"SimGroup_","position":[5.77507019,25.7529144,120.307732],"isRenderEnabled":false,"rotationMatrix":[-0.25744915,-0.966292024,4.66759084e-05,0.966289043,-0.257448435,-0.00248280563,0.00241113175,-0.00059409329,0.999996901],"shapeName":"/levels/west_coast_usa/art/shapes/objects/guardrail1_blue.dae","useInstanceRenderData":true}
{"class":"TSStatic","__parent":"SimGroup_","position":[2.69181442,14.2063522,120.316147],"isRenderEnabled":false,"rotationMatrix":[-0.25744915,-0.966292024,4.66759084e-05,0.966289043,-0.257448435,-0.00248280563,0.00241113175,-0.00059409329,0.999996901],"shapeName":"/levels/west_coast_usa/art/shapes/objects/guardrail1_white.dae","useInstanceRenderData":true}
{"class":"TSStatic","__parent":"SimGroup_","position":[49.3629608,35.4916573,119.546555],"isRenderEnabled":false,"rotationMatrix":[-0.828635812,0.559782803,0.00233051972,-0.559782445,-0.828638911,0.000857422361,0.00241113035,-0.000594093115,0.999996901],"shapeName":"/levels/west_coast_usa/art/shapes/objects/guardrail2_blue.dae","useInstanceRenderData":true}
{"class":"TSStatic","__parent":"SimGroup_","position":[68.2399597,9.89709854,120.147705],"isRenderEnabled":false,"rotationMatrix":[-0.567131042,0.823625565,0.00185674289,-0.823624134,-0.567133784,0.00164893991,0.00241113035,-0.000594093231,0.999996901],"shapeName":"/levels/west_coast_usa/art/shapes/objects/guardrail1_blue.dae","useInstanceRenderData":true}
{"class":"TSStatic","__parent":"SimGroup_","position":[1.66027832,10.315073,119.647209],"isRenderEnabled":false,"rotationMatrix":[-0.25744915,-0.966292024,4.66759084e-05,0.966289043,-0.257448435,-0.00248280563,0.00241113175,-0.00059409329,0.999996901],"shapeName":"/levels/west_coast_usa/art/shapes/objects/guardrail1_blue.dae","useInstanceRenderData":true}
{"class":"TSStatic","__parent":"SimGroup_","position":[60.5859756,53.0082855,120.325775],"isRenderEnabled":false,"rotationMatrix":[0.322092414,-0.946707189,-0.00133904256,0.946705043,0.322094679,-0.00209128158,0.00241112988,-0.000594092882,0.999996901],"shapeName":"/levels/west_coast_usa/art/shapes/objects/guardrail1_blue.dae","useInstanceRenderData":true}
{"class":"TSStatic","__parent":"SimGroup_","position":[41.0905609,41.0800362,119.570412],"isRenderEnabled":false,"rotationMatrix":[-0.828635812,0.559782803,0.00233051972,-0.559782445,-0.828638911,0.000857422361,0.00241113035,-0.000594093115,0.999996901],"shapeName":"/levels/west_coast_usa/art/shapes/objects/guardrail1_blue.dae","useInstanceRenderData":true}
{"class":"TSStatic","__parent":"SimGroup_","position":[59.1580582,23.084528,119.516159],"isRenderEnabled":false,"rotationMatrix":[-0.567131042,0.823625565,0.00185674289,-0.823624134,-0.567133784,0.00164893991,0.00241113035,-0.000594093231,0.999996901],"shapeName":"/levels/west_coast_usa/art/shapes/objects/guardrail1_blue.dae","useInstanceRenderData":true}
{"class":"TSStatic","__parent":"SimGroup_","position":[63.7032547,16.4846363,119.835457],"isRenderEnabled":false,"rotationMatrix":[-0.567131042,0.823625565,0.00185674289,-0.823624134,-0.567133784,0.00164893991,0.00241113035,-0.000594093231,0.999996901],"shapeName":"/levels/west_coast_usa/art/shapes/objects/guardrail1_blue.dae","useInstanceRenderData":true}
{"class":"TSStatic","__parent":"SimGroup_","position":[64.8317642,14.8457451,119.829811],"isRenderEnabled":false,"rotationMatrix":[-0.567131042,0.823625565,0.00185674289,-0.823624134,-0.567133784,0.00164893991,0.00241113035,-0.000594093231,0.999996901],"shapeName":"/levels/west_coast_usa/art/shapes/objects/guardrail2_blue.dae","useInstanceRenderData":true}
{"class":"TSStatic","__parent":"SimGroup_","position":[55.746521,28.0399704,119.859558],"isRenderEnabled":false,"rotationMatrix":[-0.567131042,0.823625565,0.00185674289,-0.823624134,-0.567133784,0.00164893991,0.00241113035,-0.000594093231,0.999996901],"shapeName":"/levels/west_coast_usa/art/shapes/objects/guardrail2_blue.dae","useInstanceRenderData":true}
{"class":"TSStatic","__parent":"SimGroup_","position":[57.3795052,62.430706,120.010063],"isRenderEnabled":false,"rotationMatrix":[0.322092414,-0.946707189,-0.00133904256,0.946705043,0.322094679,-0.00209128158,0.00241112988,-0.000594092882,0.999996901],"shapeName":"/levels/west_coast_usa/art/shapes/objects/guardrail2_blue.dae","useInstanceRenderData":true}
{"class":"TSStatic","__parent":"SimGroup_","position":[34.1249008,44.8848,119.923645],"isRenderEnabled":false,"rotationMatrix":[-0.9442662,0.329172581,0.00247231708,-0.329173058,-0.9442693,0.000232695675,0.00241113105,-0.000594093581,0.999996901],"shapeName":"/levels/west_coast_usa/art/shapes/objects/guardrail1_blue.dae","useInstanceRenderData":true}
{"class":"TSStatic","__parent":"SimGroup_","position":[14.4981728,42.3535538,119.337395],"isRenderEnabled":false,"rotationMatrix":[-0.580364347,-0.814356327,0.000915533805,0.814353228,-0.580364823,-0.00230831094,0.00241113128,-0.000594093697,0.999996901],"shapeName":"/levels/west_coast_usa/art/shapes/objects/guardrailpost.dae","useInstanceRenderData":true}
{"class":"TSStatic","__parent":"SimGroup_","position":[81.8514557,23.2844372,119.307159],"isRenderEnabled":false,"rotationMatrix":[0.667968154,-0.744186997,-0.00205267966,0.744185925,0.667971015,-0.00139749656,0.00241112942,-0.000594092533,0.999996901],"shapeName":"/levels/west_coast_usa/art/shapes/objects/guardrailpost.dae","useInstanceRenderData":true}
{"class":"TSStatic","__parent":"SimGroup_","position":[15.2922382,42.96875,120.302856],"isRenderEnabled":false,"rotationMatrix":[-0.878768802,-0.47724393,0.00183530524,0.477241367,-0.878770471,-0.00167276897,0.00241113128,-0.000594093697,0.999996901],"shapeName":"/levels/west_coast_usa/art/shapes/objects/guardrail1_white.dae","useInstanceRenderData":true}
{"class":"TSStatic","__parent":"SimGroup_","position":[6.46126938,60.403614,119.367508],"isRenderEnabled":false,"rotationMatrix":[0.812387466,0.583115757,-0.00161235186,-0.583113015,0.812388837,0.00188860192,0.00241113035,-0.000594093115,0.999996901],"shapeName":"/levels/west_coast_usa/art/shapes/objects/guardrailpost.dae","useInstanceRenderData":true}
{"class":"TSStatic","__parent":"SimGroup_","position":[5.70622635,59.6742935,120.335899],"isRenderEnabled":false,"rotationMatrix":[0.812387466,0.583115757,-0.00161235186,-0.583113015,0.812388837,0.00188860192,0.00241113035,-0.000594093115,0.999996901],"shapeName":"/levels/west_coast_usa/art/shapes/objects/guardrail1_white.dae","useInstanceRenderData":true}
{"class":"TSStatic","__parent":"SimGroup_","position":[8.27491951,32.2139969,119.35585],"isRenderEnabled":false,"rotationMatrix":[-0.400894046,-0.916124046,0.000422346406,0.916120946,-0.400893807,-0.0024470645,0.00241113105,-0.000594093814,0.999996901],"shapeName":"/levels/west_coast_usa/art/shapes/objects/guardrailpost.dae","useInstanceRenderData":true}
{"class":"TSStatic","__parent":"SimGroup_","position":[65.9897614,13.1749306,119.505547],"isRenderEnabled":false,"rotationMatrix":[-0.567131042,0.823625565,0.00185674289,-0.823624134,-0.567133784,0.00164893991,0.00241113035,-0.000594093231,0.999996901],"shapeName":"/levels/west_coast_usa/art/shapes/objects/guardrail1_white.dae","useInstanceRenderData":true}
{"class":"TSStatic","__parent":"SimGroup_","position":[0.6313591,6.47589874,119.991196],"isRenderEnabled":false,"rotationMatrix":[-0.25744915,-0.966292024,4.66759084e-05,0.966289043,-0.257448435,-0.00248280563,0.00241113175,-0.00059409329,0.999996901],"shapeName":"/levels/west_coast_usa/art/shapes/objects/guardrail1_white.dae","useInstanceRenderData":true}
{"class":"TSStatic","__parent":"SimGroup_","position":[61.858242,49.2436638,119.670937],"isRenderEnabled":false,"rotationMatrix":[0.322092414,-0.946707189,-0.00133904256,0.946705043,0.322094679,-0.00209128158,0.00241112988,-0.000594092882,0.999996901],"shapeName":"/levels/west_coast_usa/art/shapes/objects/guardrail1_white.dae","useInstanceRenderData":true}
{"class":"TSStatic","__parent":"SimGroup_","position":[37.8015823,43.3103333,119.923454],"isRenderEnabled":false,"rotationMatrix":[-0.828635812,0.559782803,0.00233051972,-0.559782445,-0.828638911,0.000857422361,0.00241113035,-0.000594093115,0.999996901],"shapeName":"/levels/west_coast_usa/art/shapes/objects/guardrail1_white.dae","useInstanceRenderData":true}
{"class":"TSStatic","__parent":"SimGroup_","position":[-0.396278381,2.58997345,120.283371],"isRenderEnabled":false,"rotationMatrix":[-0.257460356,-0.96623224,-0.0104994699,0.966289222,-0.257448554,-0.0024828054,-0.000304102898,-0.0107847443,0.999941826],"shapeName":"/levels/west_coast_usa/art/shapes/objects/guardrail1_blue.dae","useInstanceRenderData":true}
{"class":"TSStatic","__parent":"SimGroup_","position":[63.6233406,44.4997978,119.363708],"isRenderEnabled":false,"rotationMatrix":[0.322092414,-0.946707189,-0.00133904256,0.946705043,0.322094679,-0.00209128158,0.00241112988,-0.000594092882,0.999996901],"shapeName":"/levels/west_coast_usa/art/shapes/objects/guardrailpost.dae","useInstanceRenderData":true}
{"class":"TSStatic","__parent":"SimGroup_","position":[38.1299706,82.9481659,119.946228],"isRenderEnabled":false,"rotationMatrix":[0.812387466,0.583115757,-0.00161235186,-0.583113015,0.812388837,0.00188860192,0.00241113035,-0.000594093115,0.999996901],"shapeName":"/levels/west_coast_usa/art/shapes/objects/guardrail1_white.dae","useInstanceRenderData":true}
{"class":"TSStatic","__parent":"SimGroup_","position":[36.8675499,43.7764015,119.284302],"isRenderEnabled":false,"rotationMatrix":[-0.9442662,0.329172581,0.00247231708,-0.329173058,-0.9442693,0.000232695675,0.00241113105,-0.000594093581,0.999996901],"shapeName":"/levels/west_coast_usa/art/shapes/objects/guardrailpost.dae","useInstanceRenderData":true}
{"class":"TSStatic","__parent":"SimGroup_","position":[58.6541748,58.6655006,120.3414],"isRenderEnabled":false,"rotationMatrix":[0.322092414,-0.946707189,-0.00133904256,0.946705043,0.322094679,-0.00209128158,0.00241112988,-0.000594092882,0.999996901],"shapeName":"/levels/west_coast_usa/art/shapes/objects/guardrail2_white.dae","useInstanceRenderData":true}
{"class":"TSStatic","__parent":"SimGroup_","position":[23.545763,72.4799118,119.973091],"isRenderEnabled":false,"rotationMatrix":[0.812387466,0.583115757,-0.00161235186,-0.583113015,0.812388837,0.00188860192,0.00241113035,-0.000594093115,0.999996901],"shapeName":"/levels/west_coast_usa/art/shapes/objects/guardrail2_white.dae","useInstanceRenderData":true}
{"class":"TSStatic","__parent":"SimGroup_","position":[11.5088367,38.4168739,119.64904],"isRenderEnabled":false,"rotationMatrix":[-0.580364347,-0.814356327,0.000915533805,0.814353228,-0.580364823,-0.00230831094,0.00241113128,-0.000594093697,0.999996901],"shapeName":"/levels/west_coast_usa/art/shapes/objects/guardrail2_white.dae","useInstanceRenderData":true}
{"class":"TSStatic","__parent":"SimGroup_","position":[30.7707233,77.8483582,119.328751],"isRenderEnabled":false,"rotationMatrix":[0.812387466,0.583115757,-0.00161235186,-0.583113015,0.812388837,0.00188860192,0.00241113035,-0.000594093115,0.999996901],"shapeName":"/levels/west_coast_usa/art/shapes/objects/guardrailpost.dae","useInstanceRenderData":true}
{"class":"TSStatic","__parent":"SimGroup_","position":[67.5472717,10.6587925,119.200142],"isRenderEnabled":false,"rotationMatrix":[-0.567131042,0.823625565,0.00185674289,-0.823624134,-0.567133784,0.00164893991,0.00241113035,-0.000594093231,0.999996901],"shapeName":"/levels/west_coast_usa/art/shapes/objects/guardrailpost.dae","useInstanceRenderData":true}
{"class":"TSStatic","__parent":"SimGroup_","position":[10.5637474,63.1624565,119.666031],"isRenderEnabled":false,"rotationMatrix":[0.812387466,0.583115757,-0.00161235186,-0.583113015,0.812388837,0.00188860192,0.00241113035,-0.000594093115,0.999996901],"shapeName":"/levels/west_coast_usa/art/shapes/objects/guardrail2_white.dae","useInstanceRenderData":true}
{"class":"TSStatic","__parent":"SimGroup_","position":[66.4183807,12.2922516,119.203842],"isRenderEnabled":false,"rotationMatrix":[-0.567131042,0.823625565,0.00185674289,-0.823624134,-0.567133784,0.00164893991,0.00241113035,-0.000594093231,0.999996901],"shapeName":"/levels/west_coast_usa/art/shapes/objects/guardrailpost.dae","useInstanceRenderData":true}
{"class":"TSStatic","__parent":"SimGroup_","position":[9.35771561,35.0243225,120.302719],"isRenderEnabled":false,"rotationMatrix":[-0.400894046,-0.916124046,0.000422346406,0.916120946,-0.400893807,-0.0024470645,0.00241113105,-0.000594093814,0.999996901],"shapeName":"/levels/west_coast_usa/art/shapes/objects/guardrail2_blue.dae","useInstanceRenderData":true}
{"class":"TSStatic","__parent":"SimGroup_","position":[3.08151627,15.1069736,119.358223],"isRenderEnabled":false,"rotationMatrix":[-0.25744915,-0.966292024,4.66759084e-05,0.966289043,-0.257448435,-0.00248280563,0.00241113175,-0.00059409329,0.999996901],"shapeName":"/levels/west_coast_usa/art/shapes/objects/guardrailpost.dae","useInstanceRenderData":true}
{"class":"TSStatic","__parent":"SimGroup_","position":[7.75818062,31.3857059,120.313911],"isRenderEnabled":false,"rotationMatrix":[-0.400894046,-0.916124046,0.000422346406,0.916120946,-0.400893807,-0.0024470645,0.00241113105,-0.000594093814,0.999996901],"shapeName":"/levels/west_coast_usa/art/shapes/objects/guardrail2_white.dae","useInstanceRenderData":true}
{"class":"TSStatic","__parent":"SimGroup_","position":[-0.396076202,2.59710693,119.622139],"isRenderEnabled":false,"rotationMatrix":[-0.257460356,-0.96623224,-0.0104994699,0.966289222,-0.257448554,-0.0024828054,-0.000304102898,-0.0107847443,0.999941826],"shapeName":"/levels/west_coast_usa/art/shapes/objects/guardrail1_blue.dae","useInstanceRenderData":true}
{"class":"TSStatic","__parent":"SimGroup_","position":[4.23302078,19.9683075,119.978973],"isRenderEnabled":false,"rotationMatrix":[-0.25744915,-0.966292024,4.66759084e-05,0.966289043,-0.257448435,-0.00248280563,0.00241113175,-0.00059409329,0.999996901],"shapeName":"/levels/west_coast_usa/art/shapes/objects/guardrail2_blue.dae","useInstanceRenderData":true}
{"class":"TSStatic","__parent":"SimGroup_","position":[62.5269966,47.3030777,120.315834],"isRenderEnabled":false,"rotationMatrix":[0.322092414,-0.946707189,-0.00133904256,0.946705043,0.322094679,-0.00209128158,0.00241112988,-0.000594092882,0.999996901],"shapeName":"/levels/west_coast_usa/art/shapes/objects/guardrail2_blue.dae","useInstanceRenderData":true}
{"class":"TSStatic","__parent":"SimGroup_","position":[91.2480698,12.8117104,119.835236],"isRenderEnabled":false,"rotationMatrix":[0.66648531,-0.742387533,0.0682493895,0.744185805,0.667971134,-0.0013974905,-0.0445511378,0.0517216399,0.997667313],"shapeName":"/levels/west_coast_usa/art/shapes/objects/guardrailpost.dae","useInstanceRenderData":true}
{"class":"TSStatic","__parent":"SimGroup_","position":[0.116016388,4.51265717,120.302391],"isRenderEnabled":false,"rotationMatrix":[-0.257460356,-0.96623224,-0.0104994699,0.966289222,-0.257448554,-0.0024828054,-0.000304102898,-0.0107847443,0.999941826],"shapeName":"/levels/west_coast_usa/art/shapes/objects/guardrail2_blue.dae","useInstanceRenderData":true}
{"class":"TSStatic","__parent":"SimGroup_","position":[60.2873802,21.4454346,119.844688],"isRenderEnabled":false,"rotationMatrix":[-0.567131042,0.823625565,0.00185674289,-0.823624134,-0.567133784,0.00164893991,0.00241113035,-0.000594093231,0.999996901],"shapeName":"/levels/west_coast_usa/art/shapes/objects/guardrail2_blue.dae","useInstanceRenderData":true}
{"class":"TSStatic","__parent":"SimGroup_","position":[15.2906532,42.9691391,119.645493],"isRenderEnabled":false,"rotationMatrix":[-0.878768802,-0.47724393,0.00183530524,0.477241367,-0.878770471,-0.00167276897,0.00241113128,-0.000594093697,0.999996901],"shapeName":"/levels/west_coast_usa/art/shapes/objects/guardrail1_white.dae","useInstanceRenderData":true}
{"class":"TSStatic","__parent":"SimGroup_","position":[20.3120632,70.1678925,119.637215],"isRenderEnabled":false,"rotationMatrix":[0.812387466,0.583115757,-0.00161235186,-0.583113015,0.812388837,0.00188860192,0.00241113035,-0.000594093115,0.999996901],"shapeName":"/levels/west_coast_usa/art/shapes/objects/guardrail2_blue.dae","useInstanceRenderData":true}
{"class":"TSStatic","__parent":"SimGroup_","position":[0.11611557,4.51618576,119.975235],"isRenderEnabled":false,"rotationMatrix":[-0.257460356,-0.96623224,-0.0104994699,0.966289222,-0.257448554,-0.0024828054,-0.000304102898,-0.0107847443,0.999941826],"shapeName":"/levels/west_coast_usa/art/shapes/objects/guardrail2_blue.dae","useInstanceRenderData":true}
{"class":"TSStatic","__parent":"SimGroup_","position":[28.4136295,75.9822693,119.95591],"isRenderEnabled":false,"rotationMatrix":[0.812387466,0.583115757,-0.00161235186,-0.583113015,0.812388837,0.00188860192,0.00241113035,-0.000594093115,0.999996901],"shapeName":"/levels/west_coast_usa/art/shapes/objects/guardrail1_blue.dae","useInstanceRenderData":true}
{"class":"TSStatic","__parent":"SimGroup_","position":[56.1747208,27.1629295,119.227875],"isRenderEnabled":false,"rotationMatrix":[-0.567131042,0.823625565,0.00185674289,-0.823624134,-0.567133784,0.00164893991,0.00241113035,-0.000594093231,0.999996901],"shapeName":"/levels/west_coast_usa/art/shapes/objects/guardrailpost.dae","useInstanceRenderData":true}
{"class":"TSStatic","__parent":"SimGroup_","position":[26.4138432,46.4450607,120.270264],"isRenderEnabled":false,"rotationMatrix":[-0.999579906,-0.0288885105,0.00239296327,0.0288869981,-0.999582529,-0.000663498067,0.00241113151,-0.000594093697,0.999996901],"shapeName":"/levels/west_coast_usa/art/shapes/objects/guardrail1_blue.dae","useInstanceRenderData":true}
{"class":"TSStatic","__parent":"SimGroup_","position":[4.08810806,58.5143661,119.678879],"isRenderEnabled":false,"rotationMatrix":[0.812387466,0.583115757,-0.00161235186,-0.583113015,0.812388837,0.00188860192,0.00241113035,-0.000594093115,0.999996901],"shapeName":"/levels/west_coast_usa/art/shapes/objects/guardrail2_white.dae","useInstanceRenderData":true}
{"class":"TSStatic","__parent":"SimGroup_","position":[18.6706219,68.9798584,120.310173],"isRenderEnabled":false,"rotationMatrix":[0.812387466,0.583115757,-0.00161235186,-0.583113015,0.812388837,0.00188860192,0.00241113035,-0.000594093115,0.999996901],"shapeName":"/levels/west_coast_usa/art/shapes/objects/guardrail1_white.dae","useInstanceRenderData":true}
{"class":"TSStatic","__parent":"SimGroup_","position":[4.82962799,59.2283554,119.380234],"isRenderEnabled":false,"rotationMatrix":[0.812387466,0.583115757,-0.00161235186,-0.583113015,0.812388837,0.00188860192,0.00241113035,-0.000594093115,0.999996901],"shapeName":"/levels/west_coast_usa/art/shapes/objects/guardrailpost.dae","useInstanceRenderData":true}
{"class":"TSStatic","__parent":"SimGroup_","position":[31.2405777,45.7414627,119.308533],"isRenderEnabled":false,"rotationMatrix":[-0.9442662,0.329172581,0.00247231708,-0.329173058,-0.9442693,0.000232695675,0.00241113105,-0.000594093581,0.999996901],"shapeName":"/levels/west_coast_usa/art/shapes/objects/guardrailpost.dae","useInstanceRenderData":true}
{"class":"TSStatic","__parent":"SimGroup_","position":[62.58395,18.1229954,120.173836],"isRenderEnabled":false,"rotationMatrix":[-0.567131042,0.823625565,0.00185674289,-0.823624134,-0.567133784,0.00164893991,0.00241113035,-0.000594093231,0.999996901],"shapeName":"/levels/west_coast_usa/art/shapes/objects/guardrail2_white.dae","useInstanceRenderData":true}
{"class":"TSStatic","__parent":"SimGroup_","position":[5.25682449,23.8369179,119.988281],"isRenderEnabled":false,"rotationMatrix":[-0.25744915,-0.966292024,4.66759084e-05,0.966289043,-0.257448435,-0.00248280563,0.00241113175,-0.00059409329,0.999996901],"shapeName":"/levels/west_coast_usa/art/shapes/objects/guardrail2_white.dae","useInstanceRenderData":true}
{"class":"TSStatic","__parent":"SimGroup_","position":[-1.42597198,-1.24533463,119.924194],"isRenderEnabled":false,"rotationMatrix":[-0.257460356,-0.96623224,-0.0104994699,0.966289222,-0.257448554,-0.0024828054,-0.000304102898,-0.0107847443,0.999941826],"shapeName":"/levels/west_coast_usa/art/shapes/objects/guardrail1_white.dae","useInstanceRenderData":true}
{"class":"TSStatic","__parent":"SimGroup_","position":[87.7405319,16.5049095,120.120819],"isRenderEnabled":false,"rotationMatrix":[0.66648531,-0.742387533,0.0682493895,0.744185805,0.667971134,-0.0013974905,-0.0445511378,0.0517216399,0.997667313],"shapeName":"/levels/west_coast_usa/art/shapes/objects/guardrail1_white.dae","useInstanceRenderData":true}
{"class":"TSStatic","__parent":"SimGroup_","position":[24.428896,46.3946228,119.955452],"isRenderEnabled":false,"rotationMatrix":[-0.999579906,-0.0288885105,0.00239296327,0.0288869981,-0.999582529,-0.000663498067,0.00241113151,-0.000594093697,0.999996901],"shapeName":"/levels/west_coast_usa/art/shapes/objects/guardrail2_white.dae","useInstanceRenderData":true}
{"class":"TSStatic","__parent":"SimGroup_","position":[3.2040863,16.1291389,120.315842],"isRenderEnabled":false,"rotationMatrix":[-0.25744915,-0.966292024,4.66759084e-05,0.966289043,-0.257448435,-0.00248280563,0.00241113175,-0.00059409329,0.999996901],"shapeName":"/levels/west_coast_usa/art/shapes/objects/guardrail2_white.dae","useInstanceRenderData":true}
{"class":"TSStatic","__parent":"SimGroup_","position":[-0.0143699646,55.7555237,119.380356],"isRenderEnabled":false,"rotationMatrix":[0.812387466,0.583115757,-0.00161235186,-0.583113015,0.812388837,0.00188860192,0.00241113035,-0.000594093115,0.999996901],"shapeName":"/levels/west_coast_usa/art/shapes/objects/guardrailpost.dae","useInstanceRenderData":true}
{"class":"TSStatic","__parent":"SimGroup_","position":[66.5447083,40.7028809,119.654564],"isRenderEnabled":false,"rotationMatrix":[0.607013643,-0.794689,-0.00193571334,0.794687688,0.607016444,-0.00155547599,0.00241112965,-0.000594092649,0.999996901],"shapeName":"/levels/west_coast_usa/art/shapes/objects/guardrail1_white.dae","useInstanceRenderData":true}
{"class":"TSStatic","__parent":"SimGroup_","position":[46.0739822,37.7219543,119.898109],"isRenderEnabled":false,"rotationMatrix":[-0.828635812,0.559782803,0.00233051972,-0.559782445,-0.828638911,0.000857422361,0.00241113035,-0.000594093115,0.999996901],"shapeName":"/levels/west_coast_usa/art/shapes/objects/guardrail2_white.dae","useInstanceRenderData":true}
{"class":"TSStatic","__parent":"SimGroup_","position":[78.3813095,26.9417057,119.938324],"isRenderEnabled":false,"rotationMatrix":[0.667968154,-0.744186997,-0.00205267966,0.744185925,0.667971015,-0.00139749656,0.00241112942,-0.000594092533,0.999996901],"shapeName":"/levels/west_coast_usa/art/shapes/objects/guardrail2_blue.dae","useInstanceRenderData":true}
{"class":"TSStatic","__parent":"SimGroup_","position":[4.74375916,21.9143333,119.658409],"isRenderEnabled":false,"rotationMatrix":[-0.25744915,-0.966292024,4.66759084e-05,0.966289043,-0.257448435,-0.00248280563,0.00241113175,-0.00059409329,0.999996901],"shapeName":"/levels/west_coast_usa/art/shapes/objects/guardrail1_white.dae","useInstanceRenderData":true}
{"class":"TSStatic","__parent":"SimGroup_","position":[3.72154236,18.0453339,120.308105],"isRenderEnabled":false,"rotationMatrix":[-0.25744915,-0.966292024,4.66759084e-05,0.966289043,-0.257448435,-0.00248280563,0.00241113175,-0.00059409329,0.999996901],"shapeName":"/levels/west_coast_usa/art/shapes/objects/guardrail1_blue.dae","useInstanceRenderData":true}
{"class":"TSStatic","__parent":"SimGroup_","position":[68.2383575,9.89749527,119.486435],"isRenderEnabled":false,"rotationMatrix":[-0.567131042,0.823625565,0.00185674289,-0.823624134,-0.567133784,0.00164893991,0.00241113035,-0.000594093231,0.999996901],"shapeName":"/levels/west_coast_usa/art/shapes/objects/guardrail1_blue.dae","useInstanceRenderData":true}
{"class":"TSStatic","__parent":"SimGroup_","position":[6.28733826,27.6756973,120.305763],"isRenderEnabled":false,"rotationMatrix":[-0.25744915,-0.966292024,4.66759084e-05,0.966289043,-0.257448435,-0.00248280563,0.00241113175,-0.00059409329,0.999996901],"shapeName":"/levels/west_coast_usa/art/shapes/objects/guardrail2_blue.dae","useInstanceRenderData":true}
{"class":"TSStatic","__parent":"SimGroup_","position":[63.7040482,16.4844418,120.162552],"isRenderEnabled":false,"rotationMatrix":[-0.567131042,0.823625565,0.00185674289,-0.823624134,-0.567133784,0.00164893991,0.00241113035,-0.000594093231,0.999996901],"shapeName":"/levels/west_coast_usa/art/shapes/objects/guardrail1_blue.dae","useInstanceRenderData":true}
{"class":"TSStatic","__parent":"SimGroup_","position":[47.714901,36.6053276,119.885963],"isRenderEnabled":false,"rotationMatrix":[-0.828635812,0.559782803,0.00233051972,-0.559782445,-0.828638911,0.000857422361,0.00241113035,-0.000594093115,0.999996901],"shapeName":"/levels/west_coast_usa/art/shapes/objects/guardrail1_blue.dae","useInstanceRenderData":true}
{"class":"TSStatic","__parent":"SimGroup_","position":[69.3684692,8.25821686,120.142136],"isRenderEnabled":false,"rotationMatrix":[-0.567131042,0.823625565,0.00185674289,-0.823624134,-0.567133784,0.00164893991,0.00241113035,-0.000594093231,0.999996901],"shapeName":"/levels/west_coast_usa/art/shapes/objects/guardrail2_blue.dae","useInstanceRenderData":true}
{"class":"TSStatic","__parent":"SimGroup_","position":[2.17335129,12.2376595,119.979347],"isRenderEnabled":false,"rotationMatrix":[-0.25744915,-0.966292024,4.66759084e-05,0.966289043,-0.257448435,-0.00248280563,0.00241113175,-0.00059409329,0.999996901],"shapeName":"/levels/west_coast_usa/art/shapes/objects/guardrail2_blue.dae","useInstanceRenderData":true}
{"class":"TSStatic","__parent":"SimGroup_","position":[59.9450378,54.8920822,120.326569],"isRenderEnabled":false,"rotationMatrix":[0.322092414,-0.946707189,-0.00133904256,0.946705043,0.322094679,-0.00209128158,0.00241112988,-0.000594092882,0.999996901],"shapeName":"/levels/west_coast_usa/art/shapes/objects/guardrail2_blue.dae","useInstanceRenderData":true}
{"class":"TSStatic","__parent":"SimGroup_","position":[42.740242,39.9659576,119.898003],"isRenderEnabled":false,"rotationMatrix":[-0.828635812,0.559782803,0.00233051972,-0.559782445,-0.828638911,0.000857422361,0.00241113035,-0.000594093115,0.999996901],"shapeName":"/levels/west_coast_usa/art/shapes/objects/guardrail2_blue.dae","useInstanceRenderData":true}
{"class":"TSStatic","__parent":"SimGroup_","position":[20.5352535,45.8098068,119.622192],"isRenderEnabled":false,"rotationMatrix":[-0.878768802,-0.47724393,0.00183530524,0.477241367,-0.878770471,-0.00167276897,0.00241113128,-0.000594093697,0.999996901],"shapeName":"/levels/west_coast_usa/art/shapes/objects/guardrail2_blue.dae","useInstanceRenderData":true}
{"class":"TSStatic","__parent":"SimGroup_","position":[2.47253418,57.3622589,120.007393],"isRenderEnabled":false,"rotationMatrix":[0.812387466,0.583115757,-0.00161235186,-0.583113015,0.812388837,0.00188860192,0.00241113035,-0.000594093115,0.999996901],"shapeName":"/levels/west_coast_usa/art/shapes/objects/guardrail1_blue.dae","useInstanceRenderData":true}
{"class":"TSStatic","__parent":"SimGroup_","position":[26.4130573,46.4452591,119.943169],"isRenderEnabled":false,"rotationMatrix":[-0.999579906,-0.0288885105,0.00239296327,0.0288869981,-0.999582529,-0.000663498067,0.00241113151,-0.000594093697,0.999996901],"shapeName":"/levels/west_coast_usa/art/shapes/objects/guardrail1_blue.dae","useInstanceRenderData":true}
{"class":"TSStatic","__parent":"SimGroup_","position":[9.8744545,35.8526077,119.344673],"isRenderEnabled":false,"rotationMatrix":[-0.400894046,-0.916124046,0.000422346406,0.916120946,-0.400893807,-0.0024470645,0.00241113105,-0.000594093814,0.999996901],"shapeName":"/levels/west_coast_usa/art/shapes/objects/guardrailpost.dae","useInstanceRenderData":true}
{"class":"TSStatic","__parent":"SimGroup_","position":[54.6180038,29.6788616,119.865204],"isRenderEnabled":false,"rotationMatrix":[-0.567131042,0.823625565,0.00185674289,-0.823624134,-0.567133784,0.00164893991,0.00241113035,-0.000594093231,0.999996901],"shapeName":"/levels/west_coast_usa/art/shapes/objects/guardrail1_blue.dae","useInstanceRenderData":true}
{"class":"TSStatic","__parent":"SimGroup_","position":[21.929388,71.3280106,119.968781],"isRenderEnabled":false,"rotationMatrix":[0.812387466,0.583115757,-0.00161235186,-0.583113015,0.812388837,0.00188860192,0.00241113035,-0.000594093115,0.999996901],"shapeName":"/levels/west_coast_usa/art/shapes/objects/guardrail1_blue.dae","useInstanceRenderData":true}
{"class":"TSStatic","__parent":"SimGroup_","position":[-0.913677216,0.677349091,119.943008],"isRenderEnabled":false,"rotationMatrix":[-0.257460356,-0.96623224,-0.0104994699,0.966289222,-0.257448554,-0.0024828054,-0.000304102898,-0.0107847443,0.999941826],"shapeName":"/levels/west_coast_usa/art/shapes/objects/guardrail2_white.dae","useInstanceRenderData":true}
{"class":"TSStatic","__parent":"SimGroup_","position":[2.69023132,14.2067451,119.658783],"isRenderEnabled":false,"rotationMatrix":[-0.25744915,-0.966292024,4.66759084e-05,0.966289043,-0.257448435,-0.00248280563,0.00241113175,-0.00059409329,0.999996901],"shapeName":"/levels/west_coast_usa/art/shapes/objects/guardrail1_white.dae","useInstanceRenderData":true}
{"class":"TSStatic","__parent":"SimGroup_","position":[0.855998993,56.2019386,120.008652],"isRenderEnabled":false,"rotationMatrix":[0.812387466,0.583115757,-0.00161235186,-0.583113015,0.812388837,0.00188860192,0.00241113035,-0.000594093115,0.999996901],"shapeName":"/levels/west_coast_usa/art/shapes/objects/guardrail2_blue.dae","useInstanceRenderData":true}
{"class":"TSStatic","__parent":"SimGroup_","position":[12.1818657,64.3223572,120.323051],"isRenderEnabled":false,"rotationMatrix":[0.812387466,0.583115757,-0.00161235186,-0.583113015,0.812388837,0.00188860192,0.00241113035,-0.000594093115,0.999996901],"shapeName":"/levels/west_coast_usa/art/shapes/objects/guardrail1_white.dae","useInstanceRenderData":true}
{"class":"TSStatic","__parent":"SimGroup_","position":[61.4538574,19.7622757,119.520393],"isRenderEnabled":false,"rotationMatrix":[-0.567131042,0.823625565,0.00185674289,-0.823624134,-0.567133784,0.00164893991,0.00241113035,-0.000594093231,0.999996901],"shapeName":"/levels/west_coast_usa/art/shapes/objects/guardrail1_white.dae","useInstanceRenderData":true}
{"class":"TSStatic","__parent":"SimGroup_","position":[45.1455688,38.1709862,119.270508],"isRenderEnabled":false,"rotationMatrix":[-0.828635812,0.559782803,0.00233051972,-0.559782445,-0.828638911,0.000857422361,0.00241113035,-0.000594093115,0.999996901],"shapeName":"/levels/west_coast_usa/art/shapes/objects/guardrailpost.dae","useInstanceRenderData":true}
{"class":"TSStatic","__parent":"SimGroup_","position":[30.3739738,46.1994667,119.943077],"isRenderEnabled":false,"rotationMatrix":[-0.9442662,0.329172581,0.00247231708,-0.329173058,-0.9442693,0.000232695675,0.00241113105,-0.000594093581,0.999996901],"shapeName":"/levels/west_coast_usa/art/shapes/objects/guardrail1_white.dae","useInstanceRenderData":true}
{"class":"TSStatic","__parent":"SimGroup_","position":[1.14441681,8.39848709,120.316216],"isRenderEnabled":false,"rotationMatrix":[-0.25744915,-0.966292024,4.66759084e-05,0.966289043,-0.257448435,-0.00248280563,0.00241113175,-0.00059409329,0.999996901],"shapeName":"/levels/west_coast_usa/art/shapes/objects/guardrail2_white.dae","useInstanceRenderData":true}
{"class":"TSStatic","__parent":"SimGroup_","position":[61.0413857,52.0888023,119.374443],"isRenderEnabled":false,"rotationMatrix":[0.322092414,-0.946707189,-0.00133904256,0.946705043,0.322094679,-0.00209128158,0.00241112988,-0.000594092882,0.999996901],"shapeName":"/levels/west_coast_usa/art/shapes/objects/guardrailpost.dae","useInstanceRenderData":true}
{"class":"TSStatic","__parent":"SimGroup_","position":[39.4512367,42.1962662,120.243912],"isRenderEnabled":false,"rotationMatrix":[-0.828635812,0.559782803,0.00233051972,-0.559782445,-0.828638911,0.000857422361,0.00241113035,-0.000594093115,0.999996901],"shapeName":"/levels/west_coast_usa/art/shapes/objects/guardrail2_white.dae","useInstanceRenderData":true}
{"class":"TSStatic","__parent":"SimGroup_","position":[58.0395432,24.7226849,120.188713],"isRenderEnabled":false,"rotationMatrix":[-0.567131042,0.823625565,0.00185674289,-0.823624134,-0.567133784,0.00164893991,0.00241113035,-0.000594093231,0.999996901],"shapeName":"/levels/west_coast_usa/art/shapes/objects/guardrail2_white.dae","useInstanceRenderData":true}
{"class":"TSStatic","__parent":"SimGroup_","position":[44.4251137,38.8358269,119.904831],"isRenderEnabled":false,"rotationMatrix":[-0.828635812,0.559782803,0.00233051972,-0.559782445,-0.828638911,0.000857422361,0.00241113035,-0.000594093115,0.999996901],"shapeName":"/levels/west_coast_usa/art/shapes/objects/guardrail1_white.dae","useInstanceRenderData":true}
{"class":"TSStatic","__parent":"SimGroup_","position":[36.5142326,81.787674,120.274536],"isRenderEnabled":false,"rotationMatrix":[0.812387466,0.583115757,-0.00161235186,-0.583113015,0.812388837,0.00188860192,0.00241113035,-0.000594093115,0.999996901],"shapeName":"/levels/west_coast_usa/art/shapes/objects/guardrail2_white.dae","useInstanceRenderData":true}
{"class":"TSStatic","__parent":"SimGroup_","position":[7.75658989,31.3860989,119.653908],"isRenderEnabled":false,"rotationMatrix":[-0.400894046,-0.916124046,0.000422346406,0.916120946,-0.400893807,-0.0024470645,0.00241113105,-0.000594093814,0.999996901],"shapeName":"/levels/west_coast_usa/art/shapes/objects/guardrail2_white.dae","useInstanceRenderData":true}
{"class":"TSStatic","__parent":"SimGroup_","position":[0.856800079,56.2017403,120.335823],"isRenderEnabled":false,"rotationMatrix":[0.812387466,0.583115757,-0.00161235186,-0.583113015,0.812388837,0.00188860192,0.00241113035,-0.000594093115,0.999996901],"shapeName":"/levels/west_coast_usa/art/shapes/objects/guardrail2_blue.dae","useInstanceRenderData":true}
{"class":"TSStatic","__parent":"SimGroup_","position":[24.2864819,73.1940994,119.341621],"isRenderEnabled":false,"rotationMatrix":[0.812387466,0.583115757,-0.00161235186,-0.583113015,0.812388837,0.00188860192,0.00241113035,-0.000594093115,0.999996901],"shapeName":"/levels/west_coast_usa/art/shapes/objects/guardrailpost.dae","useInstanceRenderData":true}
{"class":"TSStatic","__parent":"SimGroup_","position":[13.3485775,40.7346001,119.339203],"isRenderEnabled":false,"rotationMatrix":[-0.580364347,-0.814356327,0.000915533805,0.814353228,-0.580364823,-0.00230831094,0.00241113128,-0.000594093697,0.999996901],"shapeName":"/levels/west_coast_usa/art/shapes/objects/guardrailpost.dae","useInstanceRenderData":true}
{"class":"TSStatic","__parent":"SimGroup_","position":[4.08970261,58.5139771,120.338882],"isRenderEnabled":false,"rotationMatrix":[0.812387466,0.583115757,-0.00161235186,-0.583113015,0.812388837,0.00188860192,0.00241113035,-0.000594093115,0.999996901],"shapeName":"/levels/west_coast_usa/art/shapes/objects/guardrail2_white.dae","useInstanceRenderData":true}
{"class":"TSStatic","__parent":"SimGroup_","position":[59.9442596,54.8922806,119.999397],"isRenderEnabled":false,"rotationMatrix":[0.322092414,-0.946707189,-0.00133904256,0.946705043,0.322094679,-0.00209128158,0.00241112988,-0.000594092882,0.999996901],"shapeName":"/levels/west_coast_usa/art/shapes/objects/guardrail2_blue.dae","useInstanceRenderData":true}
{"class":"TSStatic","__parent":"SimGroup_","position":[-1.42607117,-1.24884415,120.249496],"isRenderEnabled":false,"rotationMatrix":[-0.257460356,-0.96623224,-0.0104994699,0.966289222,-0.257448554,-0.0024828054,-0.000304102898,-0.0107847443,0.999941826],"shapeName":"/levels/west_coast_usa/art/shapes/objects/guardrail1_white.dae","useInstanceRenderData":true}
{"class":"TSStatic","__parent":"SimGroup_","position":[4.61913681,20.8654976,119.348457],"isRenderEnabled":false,"rotationMatrix":[-0.25744915,-0.966292024,4.66759084e-05,0.966289043,-0.257448435,-0.00248280563,0.00241113175,-0.00059409329,0.999996901],"shapeName":"/levels/west_coast_usa/art/shapes/objects/guardrailpost.dae","useInstanceRenderData":true}
{"class":"TSStatic","__parent":"SimGroup_","position":[52.7972069,32.073822,119.248436],"isRenderEnabled":false,"rotationMatrix":[-0.567131042,0.823625565,0.00185674289,-0.823624134,-0.567133784,0.00164893991,0.00241113035,-0.000594093231,0.999996901],"shapeName":"/levels/west_coast_usa/art/shapes/objects/guardrailpost.dae","useInstanceRenderData":true}
{"class":"TSStatic","__parent":"SimGroup_","position":[58.0212212,60.546711,120.336441],"isRenderEnabled":false,"rotationMatrix":[0.322092414,-0.946707189,-0.00133904256,0.946705043,0.322094679,-0.00209128158,0.00241112988,-0.000594092882,0.999996901],"shapeName":"/levels/west_coast_usa/art/shapes/objects/guardrail1_blue.dae","useInstanceRenderData":true}
{"class":"TSStatic","__parent":"SimGroup_","position":[63.1679344,45.419281,120.315041],"isRenderEnabled":false,"rotationMatrix":[0.322092414,-0.946707189,-0.00133904256,0.946705043,0.322094679,-0.00209128158,0.00241112988,-0.000594092882,0.999996901],"shapeName":"/levels/west_coast_usa/art/shapes/objects/guardrail1_blue.dae","useInstanceRenderData":true}
{"class":"TSStatic","__parent":"SimGroup_","position":[5.1350441,22.8145599,119.357849],"isRenderEnabled":false,"rotationMatrix":[-0.25744915,-0.966292024,4.66759084e-05,0.966289043,-0.257448435,-0.00248280563,0.00241113175,-0.00059409329,0.999996901],"shapeName":"/levels/west_coast_usa/art/shapes/objects/guardrailpost.dae","useInstanceRenderData":true}
{"class":"TSStatic","__parent":"SimGroup_","position":[28.4128304,75.9824677,119.621735],"isRenderEnabled":false,"rotationMatrix":[0.812387466,0.583115757,-0.00161235186,-0.583113015,0.812388837,0.00188860192,0.00241113035,-0.000594093115,0.999996901],"shapeName":"/levels/west_coast_usa/art/shapes/objects/guardrail1_blue.dae","useInstanceRenderData":true}
{"class":"TSStatic","__parent":"SimGroup_","position":[30.0300045,77.1341705,119.96022],"isRenderEnabled":false,"rotationMatrix":[0.812387466,0.583115757,-0.00161235186,-0.583113015,0.812388837,0.00188860192,0.00241113035,-0.000594093115,0.999996901],"shapeName":"/levels/west_coast_usa/art/shapes/objects/guardrail2_white.dae","useInstanceRenderData":true}
{"class":"TSStatic","__parent":"SimGroup_","position":[89.9303131,14.2946434,119.69001],"isRenderEnabled":false,"rotationMatrix":[0.66648531,-0.742387533,0.0682493895,0.744185805,0.667971134,-0.0013974905,-0.0445511378,0.0517216399,0.997667313],"shapeName":"/levels/west_coast_usa/art/shapes/objects/guardrailpost.dae","useInstanceRenderData":true}
{"class":"TSStatic","__parent":"SimGroup_","position":[14.5611095,66.2217178,119.351448],"isRenderEnabled":false,"rotationMatrix":[0.812387466,0.583115757,-0.00161235186,-0.583113015,0.812388837,0.00188860192,0.00241113035,-0.000594093115,0.999996901],"shapeName":"/levels/west_coast_usa/art/shapes/objects/guardrailpost.dae","useInstanceRenderData":true}
{"class":"TSStatic","__parent":"SimGroup_","position":[13.8196049,65.5077286,119.650101],"isRenderEnabled":false,"rotationMatrix":[0.812387466,0.583115757,-0.00161235186,-0.583113015,0.812388837,0.00188860192,0.00241113035,-0.000594093115,0.999996901],"shapeName":"/levels/west_coast_usa/art/shapes/objects/guardrail2_blue.dae","useInstanceRenderData":true}
{"class":"TSStatic","__parent":"SimGroup_","position":[-0.525840759,1.5809021,119.322723],"isRenderEnabled":false,"rotationMatrix":[-0.257460356,-0.96623224,-0.0104994699,0.966289222,-0.257448554,-0.0024828054,-0.000304102898,-0.0107847443,0.999941826],"shapeName":"/levels/west_coast_usa/art/shapes/objects/guardrailpost.dae","useInstanceRenderData":true}
