{"name":"SimGroup_","class":"SimGroup","groupPosition":"81.368935505549 -131.03077000663 127.14959946133"}
{"class":"TSStatic","__parent":"SimGroup_","position":[139.66861,-84.5081177,128.619797],"isRenderEnabled":false,"rotationMatrix":[0.964967549,0.25265795,0.070721969,-0.25745219,0.963776052,0.0696714148,-0.050557103,-0.0854381844,0.995059967],"shapeName":"/levels/west_coast_usa/art/shapes/objects/guardrailpost.dae","useInstanceRenderData":true}
{"class":"TSStatic","__parent":"SimGroup_","position":[137.722748,-85.0133209,128.47757],"isRenderEnabled":false,"rotationMatrix":[0.964967549,0.25265795,0.070721969,-0.25745219,0.963776052,0.0696714148,-0.050557103,-0.0854381844,0.995059967],"shapeName":"/levels/west_coast_usa/art/shapes/objects/guardrailpost.dae","useInstanceRenderData":true}
{"class":"TSStatic","__parent":"SimGroup_","position":[135.807617,-85.5182724,128.336929],"isRenderEnabled":false,"rotationMatrix":[0.964967549,0.25265795,0.070721969,-0.25745219,0.963776052,0.0696714148,-0.050557103,-0.0854381844,0.995059967],"shapeName":"/levels/west_coast_usa/art/shapes/objects/guardrailpost.dae","useInstanceRenderData":true}
{"class":"TSStatic","__parent":"SimGroup_","position":[138.665314,-84.9638748,129.164978],"isRenderEnabled":false,"rotationMatrix":[0.964967549,0.25265795,0.070721969,-0.25745219,0.963776052,0.0696714148,-0.050557103,-0.0854381844,0.995059967],"shapeName":"/levels/west_coast_usa/art/shapes/objects/guardrail1_white.dae","useInstanceRenderData":true}
{"class":"TSStatic","__parent":"SimGroup_","position":[142.509796,-83.9816284,129.773285],"isRenderEnabled":false,"rotationMatrix":[0.964967549,0.25265795,0.070721969,-0.25745219,0.963776052,0.0696714148,-0.050557103,-0.0854381844,0.995059967],"shapeName":"/levels/west_coast_usa/art/shapes/objects/guardrail1_blue.dae","useInstanceRenderData":true}
{"class":"TSStatic","__parent":"SimGroup_","position":[138.682068,-84.9354858,128.834595],"isRenderEnabled":false,"rotationMatrix":[0.964967549,0.25265795,0.070721969,-0.25745219,0.963776052,0.0696714148,-0.050557103,-0.0854381844,0.995059967],"shapeName":"/levels/west_coast_usa/art/shapes/objects/guardrail1_white.dae","useInstanceRenderData":true}
{"class":"TSStatic","__parent":"SimGroup_","position":[136.745209,-85.4664688,129.022247],"isRenderEnabled":false,"rotationMatrix":[0.964967549,0.25265795,0.070721969,-0.25745219,0.963776052,0.0696714148,-0.050557103,-0.0854381844,0.995059967],"shapeName":"/levels/west_coast_usa/art/shapes/objects/guardrail2_white.dae","useInstanceRenderData":true}
{"class":"TSStatic","__parent":"SimGroup_","position":[136.7621,-85.4380035,128.691086],"isRenderEnabled":false,"rotationMatrix":[0.964967549,0.25265795,0.070721969,-0.25745219,0.963776052,0.0696714148,-0.050557103,-0.0854381844,0.995059967],"shapeName":"/levels/west_coast_usa/art/shapes/objects/guardrail2_white.dae","useInstanceRenderData":true}
{"class":"TSStatic","__parent":"SimGroup_","position":[138.64888,-84.9916992,129.488739],"isRenderEnabled":false,"rotationMatrix":[0.964967549,0.25265795,0.070721969,-0.25745219,0.963776052,0.0696714148,-0.050557103,-0.0854381844,0.995059967],"shapeName":"/levels/west_coast_usa/art/shapes/objects/guardrail1_white.dae","useInstanceRenderData":true}
{"class":"TSStatic","__parent":"SimGroup_","position":[136.728775,-85.4943924,129.347809],"isRenderEnabled":false,"rotationMatrix":[0.964967549,0.25265795,0.070721969,-0.25745219,0.963776052,0.0696714148,-0.050557103,-0.0854381844,0.995059967],"shapeName":"/levels/west_coast_usa/art/shapes/objects/guardrail2_white.dae","useInstanceRenderData":true}
{"class":"TSStatic","__parent":"SimGroup_","position":[142.543198,-83.9251099,129.115265],"isRenderEnabled":false,"rotationMatrix":[0.964967549,0.25265795,0.070721969,-0.25745219,0.963776052,0.0696714148,-0.050557103,-0.0854381844,0.995059967],"shapeName":"/levels/west_coast_usa/art/shapes/objects/guardrail1_blue.dae","useInstanceRenderData":true}
{"class":"TSStatic","__parent":"SimGroup_","position":[140.589661,-84.4842377,129.630722],"isRenderEnabled":false,"rotationMatrix":[0.964967549,0.25265795,0.070721969,-0.25745219,0.963776052,0.0696714148,-0.050557103,-0.0854381844,0.995059967],"shapeName":"/levels/west_coast_usa/art/shapes/objects/guardrail2_blue.dae","useInstanceRenderData":true}
{"class":"TSStatic","__parent":"SimGroup_","position":[142.526352,-83.9536591,129.447769],"isRenderEnabled":false,"rotationMatrix":[0.964967549,0.25265795,0.070721969,-0.25745219,0.963776052,0.0696714148,-0.050557103,-0.0854381844,0.995059967],"shapeName":"/levels/west_coast_usa/art/shapes/objects/guardrail1_blue.dae","useInstanceRenderData":true}
{"class":"TSStatic","__parent":"SimGroup_","position":[140.606216,-84.4562454,129.30513],"isRenderEnabled":false,"rotationMatrix":[0.964967549,0.25265795,0.070721969,-0.25745219,0.963776052,0.0696714148,-0.050557103,-0.0854381844,0.995059967],"shapeName":"/levels/west_coast_usa/art/shapes/objects/guardrail2_blue.dae","useInstanceRenderData":true}
{"class":"TSStatic","__parent":"SimGroup_","position":[140.623032,-84.4278488,128.973969],"isRenderEnabled":false,"rotationMatrix":[0.964967549,0.25265795,0.070721969,-0.25745219,0.963776052,0.0696714148,-0.050557103,-0.0854381844,0.995059967],"shapeName":"/levels/west_coast_usa/art/shapes/objects/guardrail2_blue.dae","useInstanceRenderData":true}
{"class":"TSStatic","__parent":"SimGroup_","position":[141.58374,-84.0031509,128.760452],"isRenderEnabled":false,"rotationMatrix":[0.964967549,0.25265795,0.070721969,-0.25745219,0.963776052,0.0696714148,-0.050557103,-0.0854381844,0.995059967],"shapeName":"/levels/west_coast_usa/art/shapes/objects/guardrailpost.dae","useInstanceRenderData":true}
{"class":"TSStatic","__parent":"SimGroup_","position":[130.196747,-87.7229004,128.0634],"isRenderEnabled":false,"rotationMatrix":[0.92883122,0.367910624,0.0437533781,-0.37018007,0.92645818,0.0681320354,-0.0154691767,-0.0794797912,0.99671644],"shapeName":"/levels/west_coast_usa/art/shapes/objects/guardrailpost.dae","useInstanceRenderData":true}
{"class":"TSStatic","__parent":"SimGroup_","position":[128.353745,-88.4565735,127.976295],"isRenderEnabled":false,"rotationMatrix":[0.92883122,0.367910624,0.0437533781,-0.37018007,0.92645818,0.0681320354,-0.0154691767,-0.0794797912,0.99671644],"shapeName":"/levels/west_coast_usa/art/shapes/objects/guardrailpost.dae","useInstanceRenderData":true}
{"class":"TSStatic","__parent":"SimGroup_","position":[131.14299,-87.55233,128.725906],"isRenderEnabled":false,"rotationMatrix":[0.92883122,0.367910624,0.0437533781,-0.37018007,0.92645818,0.0681320354,-0.0154691767,-0.0794797912,0.99671644],"shapeName":"/levels/west_coast_usa/art/shapes/objects/guardrail1_white.dae","useInstanceRenderData":true}
{"class":"TSStatic","__parent":"SimGroup_","position":[134.854446,-86.1069794,129.226837],"isRenderEnabled":false,"rotationMatrix":[0.92883122,0.367910624,0.0437533781,-0.37018007,0.92645818,0.0681320354,-0.0154691767,-0.0794797912,0.99671644],"shapeName":"/levels/west_coast_usa/art/shapes/objects/guardrail1_blue.dae","useInstanceRenderData":true}
{"class":"TSStatic","__parent":"SimGroup_","position":[131.148102,-87.5259247,128.394974],"isRenderEnabled":false,"rotationMatrix":[0.92883122,0.367910624,0.0437533781,-0.37018007,0.92645818,0.0681320354,-0.0154691767,-0.0794797912,0.99671644],"shapeName":"/levels/west_coast_usa/art/shapes/objects/guardrail1_white.dae","useInstanceRenderData":true}
{"class":"TSStatic","__parent":"SimGroup_","position":[129.294724,-88.2842789,128.636826],"isRenderEnabled":false,"rotationMatrix":[0.92883122,0.367910624,0.0437533781,-0.37018007,0.92645818,0.0681320354,-0.0154691767,-0.0794797912,0.99671644],"shapeName":"/levels/west_coast_usa/art/shapes/objects/guardrail2_white.dae","useInstanceRenderData":true}
{"class":"TSStatic","__parent":"SimGroup_","position":[129.299927,-88.2577896,128.305099],"isRenderEnabled":false,"rotationMatrix":[0.92883122,0.367910624,0.0437533781,-0.37018007,0.92645818,0.0681320354,-0.0154691767,-0.0794797912,0.99671644],"shapeName":"/levels/west_coast_usa/art/shapes/objects/guardrail2_white.dae","useInstanceRenderData":true}
{"class":"TSStatic","__parent":"SimGroup_","position":[131.13797,-87.5782089,129.050201],"isRenderEnabled":false,"rotationMatrix":[0.92883122,0.367910624,0.0437533781,-0.37018007,0.92645818,0.0681320354,-0.0154691767,-0.0794797912,0.99671644],"shapeName":"/levels/west_coast_usa/art/shapes/objects/guardrail1_white.dae","useInstanceRenderData":true}
{"class":"TSStatic","__parent":"SimGroup_","position":[129.289749,-88.3102493,128.962921],"isRenderEnabled":false,"rotationMatrix":[0.92883122,0.367910624,0.0437533781,-0.37018007,0.92645818,0.0681320354,-0.0154691767,-0.0794797912,0.99671644],"shapeName":"/levels/west_coast_usa/art/shapes/objects/guardrail2_white.dae","useInstanceRenderData":true}
{"class":"TSStatic","__parent":"SimGroup_","position":[134.864639,-86.0544128,128.567734],"isRenderEnabled":false,"rotationMatrix":[0.92883122,0.367910624,0.0437533781,-0.37018007,0.92645818,0.0681320354,-0.0154691767,-0.0794797912,0.99671644],"shapeName":"/levels/west_coast_usa/art/shapes/objects/guardrail1_blue.dae","useInstanceRenderData":true}
{"class":"TSStatic","__parent":"SimGroup_","position":[133.006149,-86.8389435,129.137939],"isRenderEnabled":false,"rotationMatrix":[0.92883122,0.367910624,0.0437533781,-0.37018007,0.92645818,0.0681320354,-0.0154691767,-0.0794797912,0.99671644],"shapeName":"/levels/west_coast_usa/art/shapes/objects/guardrail2_blue.dae","useInstanceRenderData":true}
{"class":"TSStatic","__parent":"SimGroup_","position":[134.859512,-86.0809708,128.900787],"isRenderEnabled":false,"rotationMatrix":[0.92883122,0.367910624,0.0437533781,-0.37018007,0.92645818,0.0681320354,-0.0154691767,-0.0794797912,0.99671644],"shapeName":"/levels/west_coast_usa/art/shapes/objects/guardrail1_blue.dae","useInstanceRenderData":true}
{"class":"TSStatic","__parent":"SimGroup_","position":[133.01123,-86.8129044,128.811813],"isRenderEnabled":false,"rotationMatrix":[0.92883122,0.367910624,0.0437533781,-0.37018007,0.92645818,0.0681320354,-0.0154691767,-0.0794797912,0.99671644],"shapeName":"/levels/west_coast_usa/art/shapes/objects/guardrail2_blue.dae","useInstanceRenderData":true}
{"class":"TSStatic","__parent":"SimGroup_","position":[133.016357,-86.7864838,128.480087],"isRenderEnabled":false,"rotationMatrix":[0.92883122,0.367910624,0.0437533781,-0.37018007,0.92645818,0.0681320354,-0.0154691767,-0.0794797912,0.99671644],"shapeName":"/levels/west_coast_usa/art/shapes/objects/guardrail2_blue.dae","useInstanceRenderData":true}
{"class":"TSStatic","__parent":"SimGroup_","position":[133.913239,-86.2515869,128.238373],"isRenderEnabled":false,"rotationMatrix":[0.92883122,0.367910624,0.0437533781,-0.37018007,0.92645818,0.0681320354,-0.0154691767,-0.0794797912,0.99671644],"shapeName":"/levels/west_coast_usa/art/shapes/objects/guardrailpost.dae","useInstanceRenderData":true}
{"class":"TSStatic","__parent":"SimGroup_","position":[132.070236,-86.9852676,128.151291],"isRenderEnabled":false,"rotationMatrix":[0.92883122,0.367910624,0.0437533781,-0.37018007,0.92645818,0.0681320354,-0.0154691767,-0.0794797912,0.99671644],"shapeName":"/levels/west_coast_usa/art/shapes/objects/guardrailpost.dae","useInstanceRenderData":true}
{"class":"TSStatic","__parent":"SimGroup_","position":[122.740929,-90.6947708,127.965088],"isRenderEnabled":false,"rotationMatrix":[0.928645194,0.370967239,0.00117928535,-0.3701801,0.92645812,0.0681320354,0.0241821967,-0.0637070313,0.997675598],"shapeName":"/levels/west_coast_usa/art/shapes/objects/guardrailpost.dae","useInstanceRenderData":true}
{"class":"TSStatic","__parent":"SimGroup_","position":[120.8983,-91.4345016,127.962524],"isRenderEnabled":false,"rotationMatrix":[0.928645194,0.370967239,0.00117928535,-0.3701801,0.92645812,0.0681320354,0.0241821967,-0.0637070313,0.997675598],"shapeName":"/levels/west_coast_usa/art/shapes/objects/guardrailpost.dae","useInstanceRenderData":true}
{"class":"TSStatic","__parent":"SimGroup_","position":[123.712036,-90.5112534,128.586868],"isRenderEnabled":false,"rotationMatrix":[0.928645194,0.370967239,0.00117928535,-0.3701801,0.92645812,0.0681320354,0.0241821967,-0.0637070313,0.997675598],"shapeName":"/levels/west_coast_usa/art/shapes/objects/guardrail1_white.dae","useInstanceRenderData":true}
{"class":"TSStatic","__parent":"SimGroup_","position":[127.435715,-89.0485153,128.917786],"isRenderEnabled":false,"rotationMatrix":[0.928645194,0.370967239,0.00117928535,-0.3701801,0.92645812,0.0681320354,0.0241821967,-0.0637070313,0.997675598],"shapeName":"/levels/west_coast_usa/art/shapes/objects/guardrail1_blue.dae","useInstanceRenderData":true}
{"class":"TSStatic","__parent":"SimGroup_","position":[123.704025,-90.4900894,128.255615],"isRenderEnabled":false,"rotationMatrix":[0.928645194,0.370967239,0.00117928535,-0.3701801,0.92645812,0.0681320354,0.0241821967,-0.0637070313,0.997675598],"shapeName":"/levels/west_coast_usa/art/shapes/objects/guardrail1_white.dae","useInstanceRenderData":true}
{"class":"TSStatic","__parent":"SimGroup_","position":[121.864105,-91.2493134,128.58252],"isRenderEnabled":false,"rotationMatrix":[0.928645194,0.370967239,0.00117928535,-0.3701801,0.92645812,0.0681320354,0.0241821967,-0.0637070313,0.997675598],"shapeName":"/levels/west_coast_usa/art/shapes/objects/guardrail2_white.dae","useInstanceRenderData":true}
{"class":"TSStatic","__parent":"SimGroup_","position":[121.85611,-91.2280731,128.250458],"isRenderEnabled":false,"rotationMatrix":[0.928645194,0.370967239,0.00117928535,-0.3701801,0.92645812,0.0681320354,0.0241821967,-0.0637070313,0.997675598],"shapeName":"/levels/west_coast_usa/art/shapes/objects/guardrail2_white.dae","useInstanceRenderData":true}
{"class":"TSStatic","__parent":"SimGroup_","position":[123.71994,-90.5320053,128.911484],"isRenderEnabled":false,"rotationMatrix":[0.928645194,0.370967239,0.00117928535,-0.3701801,0.92645812,0.0681320354,0.0241821967,-0.0637070313,0.997675598],"shapeName":"/levels/west_coast_usa/art/shapes/objects/guardrail1_white.dae","useInstanceRenderData":true}
{"class":"TSStatic","__parent":"SimGroup_","position":[121.87207,-91.2701187,128.90892],"isRenderEnabled":false,"rotationMatrix":[0.928645194,0.370967239,0.00117928535,-0.3701801,0.92645812,0.0681320354,0.0241821967,-0.0637070313,0.997675598],"shapeName":"/levels/west_coast_usa/art/shapes/objects/guardrail2_white.dae","useInstanceRenderData":true}
{"class":"TSStatic","__parent":"SimGroup_","position":[127.419693,-89.0063858,128.258057],"isRenderEnabled":false,"rotationMatrix":[0.928645194,0.370967239,0.00117928535,-0.3701801,0.92645812,0.0681320354,0.0241821967,-0.0637070313,0.997675598],"shapeName":"/levels/west_coast_usa/art/shapes/objects/guardrail1_blue.dae","useInstanceRenderData":true}
{"class":"TSStatic","__parent":"SimGroup_","position":[125.587753,-89.7865753,128.91362],"isRenderEnabled":false,"rotationMatrix":[0.928645194,0.370967239,0.00117928535,-0.3701801,0.92645812,0.0681320354,0.0241821967,-0.0637070313,0.997675598],"shapeName":"/levels/west_coast_usa/art/shapes/objects/guardrail2_blue.dae","useInstanceRenderData":true}
{"class":"TSStatic","__parent":"SimGroup_","position":[127.427818,-89.0276642,128.591415],"isRenderEnabled":false,"rotationMatrix":[0.928645194,0.370967239,0.00117928535,-0.3701801,0.92645812,0.0681320354,0.0241821967,-0.0637070313,0.997675598],"shapeName":"/levels/west_coast_usa/art/shapes/objects/guardrail1_blue.dae","useInstanceRenderData":true}
{"class":"TSStatic","__parent":"SimGroup_","position":[125.579834,-89.7657166,128.587173],"isRenderEnabled":false,"rotationMatrix":[0.928645194,0.370967239,0.00117928535,-0.3701801,0.92645812,0.0681320354,0.0241821967,-0.0637070313,0.997675598],"shapeName":"/levels/west_coast_usa/art/shapes/objects/guardrail2_blue.dae","useInstanceRenderData":true}
{"class":"TSStatic","__parent":"SimGroup_","position":[125.571777,-89.744545,128.255142],"isRenderEnabled":false,"rotationMatrix":[0.928645194,0.370967239,0.00117928535,-0.3701801,0.92645812,0.0681320354,0.0241821967,-0.0637070313,0.997675598],"shapeName":"/levels/west_coast_usa/art/shapes/objects/guardrail2_blue.dae","useInstanceRenderData":true}
{"class":"TSStatic","__parent":"SimGroup_","position":[126.45668,-89.2112198,127.969742],"isRenderEnabled":false,"rotationMatrix":[0.928645194,0.370967239,0.00117928535,-0.3701801,0.92645812,0.0681320354,0.0241821967,-0.0637070313,0.997675598],"shapeName":"/levels/west_coast_usa/art/shapes/objects/guardrailpost.dae","useInstanceRenderData":true}
{"class":"TSStatic","__parent":"SimGroup_","position":[124.614037,-89.9509735,127.967186],"isRenderEnabled":false,"rotationMatrix":[0.928645194,0.370967239,0.00117928535,-0.3701801,0.92645812,0.0681320354,0.0241821967,-0.0637070313,0.997675598],"shapeName":"/levels/west_coast_usa/art/shapes/objects/guardrailpost.dae","useInstanceRenderData":true}
{"class":"TSStatic","__parent":"SimGroup_","position":[115.318954,-93.6698761,128.094986],"isRenderEnabled":false,"rotationMatrix":[0.927827299,0.372353792,-0.0221163295,-0.370180249,0.926458061,0.0681320727,0.0458590873,-0.0550277643,0.997431159],"shapeName":"/levels/west_coast_usa/art/shapes/objects/guardrailpost.dae","useInstanceRenderData":true}
{"class":"TSStatic","__parent":"SimGroup_","position":[113.477959,-94.4123688,128.138672],"isRenderEnabled":false,"rotationMatrix":[0.927827299,0.372353792,-0.0221163295,-0.370180249,0.926458061,0.0681320727,0.0458590873,-0.0550277643,0.997431159],"shapeName":"/levels/west_coast_usa/art/shapes/objects/guardrailpost.dae","useInstanceRenderData":true}
{"class":"TSStatic","__parent":"SimGroup_","position":[116.302979,-93.479538,128.694],"isRenderEnabled":false,"rotationMatrix":[0.927827299,0.372353792,-0.0221163295,-0.370180249,0.926458061,0.0681320727,0.0458590873,-0.0550277643,0.997431159],"shapeName":"/levels/west_coast_usa/art/shapes/objects/guardrail1_white.dae","useInstanceRenderData":true}
{"class":"TSStatic","__parent":"SimGroup_","position":[120.030457,-92.0084076,128.931641],"isRenderEnabled":false,"rotationMatrix":[0.927827299,0.372353792,-0.0221163295,-0.370180249,0.926458061,0.0681320727,0.0458590873,-0.0550277643,0.997431159],"shapeName":"/levels/west_coast_usa/art/shapes/objects/guardrail1_blue.dae","useInstanceRenderData":true}
{"class":"TSStatic","__parent":"SimGroup_","position":[116.287766,-93.4612503,128.362839],"isRenderEnabled":false,"rotationMatrix":[0.927827299,0.372353792,-0.0221163295,-0.370180249,0.926458061,0.0681320727,0.0458590873,-0.0550277643,0.997431159],"shapeName":"/levels/west_coast_usa/art/shapes/objects/guardrail1_white.dae","useInstanceRenderData":true}
{"class":"TSStatic","__parent":"SimGroup_","position":[114.456627,-94.2203674,128.736008],"isRenderEnabled":false,"rotationMatrix":[0.927827299,0.372353792,-0.0221163295,-0.370180249,0.926458061,0.0681320727,0.0458590873,-0.0550277643,0.997431159],"shapeName":"/levels/west_coast_usa/art/shapes/objects/guardrail2_white.dae","useInstanceRenderData":true}
{"class":"TSStatic","__parent":"SimGroup_","position":[114.441414,-94.2020187,128.404037],"isRenderEnabled":false,"rotationMatrix":[0.927827299,0.372353792,-0.0221163295,-0.370180249,0.926458061,0.0681320727,0.0458590873,-0.0550277643,0.997431159],"shapeName":"/levels/west_coast_usa/art/shapes/objects/guardrail2_white.dae","useInstanceRenderData":true}
{"class":"TSStatic","__parent":"SimGroup_","position":[116.31794,-93.4974594,129.018539],"isRenderEnabled":false,"rotationMatrix":[0.927827299,0.372353792,-0.0221163295,-0.370180249,0.926458061,0.0681320727,0.0458590873,-0.0550277643,0.997431159],"shapeName":"/levels/west_coast_usa/art/shapes/objects/guardrail1_white.dae","useInstanceRenderData":true}
{"class":"TSStatic","__parent":"SimGroup_","position":[114.471687,-94.2383423,129.062317],"isRenderEnabled":false,"rotationMatrix":[0.927827299,0.372353792,-0.0221163295,-0.370180249,0.926458061,0.0681320727,0.0458590873,-0.0550277643,0.997431159],"shapeName":"/levels/west_coast_usa/art/shapes/objects/guardrail2_white.dae","useInstanceRenderData":true}
{"class":"TSStatic","__parent":"SimGroup_","position":[120.000092,-91.9720154,128.272079],"isRenderEnabled":false,"rotationMatrix":[0.927827299,0.372353792,-0.0221163295,-0.370180249,0.926458061,0.0681320727,0.0458590873,-0.0550277643,0.997431159],"shapeName":"/levels/west_coast_usa/art/shapes/objects/guardrail1_blue.dae","useInstanceRenderData":true}
{"class":"TSStatic","__parent":"SimGroup_","position":[118.184097,-92.7492523,128.973816],"isRenderEnabled":false,"rotationMatrix":[0.927827299,0.372353792,-0.0221163295,-0.370180249,0.926458061,0.0681320727,0.0458590873,-0.0550277643,0.997431159],"shapeName":"/levels/west_coast_usa/art/shapes/objects/guardrail2_blue.dae","useInstanceRenderData":true}
{"class":"TSStatic","__parent":"SimGroup_","position":[120.01545,-91.9903946,128.605347],"isRenderEnabled":false,"rotationMatrix":[0.927827299,0.372353792,-0.0221163295,-0.370180249,0.926458061,0.0681320727,0.0458590873,-0.0550277643,0.997431159],"shapeName":"/levels/west_coast_usa/art/shapes/objects/guardrail1_blue.dae","useInstanceRenderData":true}
{"class":"TSStatic","__parent":"SimGroup_","position":[118.169083,-92.7312241,128.647461],"isRenderEnabled":false,"rotationMatrix":[0.927827299,0.372353792,-0.0221163295,-0.370180249,0.926458061,0.0681320727,0.0458590873,-0.0550277643,0.997431159],"shapeName":"/levels/west_coast_usa/art/shapes/objects/guardrail2_blue.dae","useInstanceRenderData":true}
{"class":"TSStatic","__parent":"SimGroup_","position":[118.153809,-92.712944,128.315506],"isRenderEnabled":false,"rotationMatrix":[0.927827299,0.372353792,-0.0221163295,-0.370180249,0.926458061,0.0681320727,0.0458590873,-0.0550277643,0.997431159],"shapeName":"/levels/west_coast_usa/art/shapes/objects/guardrail2_blue.dae","useInstanceRenderData":true}
{"class":"TSStatic","__parent":"SimGroup_","position":[119.031433,-92.1807785,128.006439],"isRenderEnabled":false,"rotationMatrix":[0.927827299,0.372353792,-0.0221163295,-0.370180249,0.926458061,0.0681320727,0.0458590873,-0.0550277643,0.997431159],"shapeName":"/levels/west_coast_usa/art/shapes/objects/guardrailpost.dae","useInstanceRenderData":true}
{"class":"TSStatic","__parent":"SimGroup_","position":[117.190414,-92.9232941,128.050125],"isRenderEnabled":false,"rotationMatrix":[0.927827299,0.372353792,-0.0221163295,-0.370180249,0.926458061,0.0681320727,0.0458590873,-0.0550277643,0.997431159],"shapeName":"/levels/west_coast_usa/art/shapes/objects/guardrailpost.dae","useInstanceRenderData":true}
{"class":"TSStatic","__parent":"SimGroup_","position":[107.87307,-96.6678009,128.405167],"isRenderEnabled":false,"rotationMatrix":[0.926577747,0.373485655,-0.0442957841,-0.370180279,0.926458061,0.0681320876,0.0664845407,-0.0467322543,0.996692479],"shapeName":"/levels/west_coast_usa/art/shapes/objects/guardrailpost.dae","useInstanceRenderData":true}
{"class":"TSStatic","__parent":"SimGroup_","position":[106.034554,-97.4125443,128.492874],"isRenderEnabled":false,"rotationMatrix":[0.926577747,0.373485655,-0.0442957841,-0.370180279,0.926458061,0.0681320876,0.0664845407,-0.0467322543,0.996692479],"shapeName":"/levels/west_coast_usa/art/shapes/objects/guardrailpost.dae","useInstanceRenderData":true}
{"class":"TSStatic","__parent":"SimGroup_","position":[108.868912,-96.4711227,128.982193],"isRenderEnabled":false,"rotationMatrix":[0.926577747,0.373485655,-0.0442957841,-0.370180279,0.926458061,0.0681320876,0.0664845407,-0.0467322543,0.996692479],"shapeName":"/levels/west_coast_usa/art/shapes/objects/guardrail1_white.dae","useInstanceRenderData":true}
{"class":"TSStatic","__parent":"SimGroup_","position":[112.598137,-94.9927521,129.130829],"isRenderEnabled":false,"rotationMatrix":[0.926577747,0.373485655,-0.0442957841,-0.370180279,0.926458061,0.0681320876,0.0664845407,-0.0467322543,0.996692479],"shapeName":"/levels/west_coast_usa/art/shapes/objects/guardrail1_blue.dae","useInstanceRenderData":true}
{"class":"TSStatic","__parent":"SimGroup_","position":[108.846855,-96.4555893,128.65126],"isRenderEnabled":false,"rotationMatrix":[0.926577747,0.373485655,-0.0442957841,-0.370180279,0.926458061,0.0681320876,0.0664845407,-0.0467322543,0.996692479],"shapeName":"/levels/west_coast_usa/art/shapes/objects/guardrail1_white.dae","useInstanceRenderData":true}
{"class":"TSStatic","__parent":"SimGroup_","position":[107.025002,-97.2142181,129.068329],"isRenderEnabled":false,"rotationMatrix":[0.926577747,0.373485655,-0.0442957841,-0.370180279,0.926458061,0.0681320876,0.0664845407,-0.0467322543,0.996692479],"shapeName":"/levels/west_coast_usa/art/shapes/objects/guardrail2_white.dae","useInstanceRenderData":true}
{"class":"TSStatic","__parent":"SimGroup_","position":[107.00293,-97.1986389,128.736588],"isRenderEnabled":false,"rotationMatrix":[0.926577747,0.373485655,-0.0442957841,-0.370180279,0.926458061,0.0681320876,0.0664845407,-0.0467322543,0.996692479],"shapeName":"/levels/west_coast_usa/art/shapes/objects/guardrail2_white.dae","useInstanceRenderData":true}
{"class":"TSStatic","__parent":"SimGroup_","position":[108.890579,-96.4863434,129.306473],"isRenderEnabled":false,"rotationMatrix":[0.926577747,0.373485655,-0.0442957841,-0.370180279,0.926458061,0.0681320876,0.0664845407,-0.0467322543,0.996692479],"shapeName":"/levels/west_coast_usa/art/shapes/objects/guardrail1_white.dae","useInstanceRenderData":true}
{"class":"TSStatic","__parent":"SimGroup_","position":[107.046806,-97.2294846,129.394409],"isRenderEnabled":false,"rotationMatrix":[0.926577747,0.373485655,-0.0442957841,-0.370180279,0.926458061,0.0681320876,0.0664845407,-0.0467322543,0.996692479],"shapeName":"/levels/west_coast_usa/art/shapes/objects/guardrail2_white.dae","useInstanceRenderData":true}
{"class":"TSStatic","__parent":"SimGroup_","position":[112.554138,-94.9618454,128.471756],"isRenderEnabled":false,"rotationMatrix":[0.926577747,0.373485655,-0.0442957841,-0.370180279,0.926458061,0.0681320876,0.0664845407,-0.0467322543,0.996692479],"shapeName":"/levels/west_coast_usa/art/shapes/objects/guardrail1_blue.dae","useInstanceRenderData":true}
{"class":"TSStatic","__parent":"SimGroup_","position":[110.754227,-95.7358704,129.217163],"isRenderEnabled":false,"rotationMatrix":[0.926577747,0.373485655,-0.0442957841,-0.370180279,0.926458061,0.0681320876,0.0664845407,-0.0467322543,0.996692479],"shapeName":"/levels/west_coast_usa/art/shapes/objects/guardrail2_blue.dae","useInstanceRenderData":true}
{"class":"TSStatic","__parent":"SimGroup_","position":[112.576378,-94.9774551,128.804794],"isRenderEnabled":false,"rotationMatrix":[0.926577747,0.373485655,-0.0442957841,-0.370180279,0.926458061,0.0681320876,0.0664845407,-0.0467322543,0.996692479],"shapeName":"/levels/west_coast_usa/art/shapes/objects/guardrail1_blue.dae","useInstanceRenderData":true}
{"class":"TSStatic","__parent":"SimGroup_","position":[110.73246,-95.7205505,128.891037],"isRenderEnabled":false,"rotationMatrix":[0.926577747,0.373485655,-0.0442957841,-0.370180279,0.926458061,0.0681320876,0.0664845407,-0.0467322543,0.996692479],"shapeName":"/levels/west_coast_usa/art/shapes/objects/guardrail2_blue.dae","useInstanceRenderData":true}
{"class":"TSStatic","__parent":"SimGroup_","position":[110.710327,-95.7050247,128.559326],"isRenderEnabled":false,"rotationMatrix":[0.926577747,0.373485655,-0.0442957841,-0.370180279,0.926458061,0.0681320876,0.0664845407,-0.0467322543,0.996692479],"shapeName":"/levels/west_coast_usa/art/shapes/objects/guardrail2_blue.dae","useInstanceRenderData":true}
{"class":"TSStatic","__parent":"SimGroup_","position":[111.580544,-95.1741791,128.227875],"isRenderEnabled":false,"rotationMatrix":[0.926577747,0.373485655,-0.0442957841,-0.370180279,0.926458061,0.0681320876,0.0664845407,-0.0467322543,0.996692479],"shapeName":"/levels/west_coast_usa/art/shapes/objects/guardrailpost.dae","useInstanceRenderData":true}
{"class":"TSStatic","__parent":"SimGroup_","position":[109.742012,-95.9189377,128.315598],"isRenderEnabled":false,"rotationMatrix":[0.926577747,0.373485655,-0.0442957841,-0.370180279,0.926458061,0.0681320876,0.0664845407,-0.0467322543,0.996692479],"shapeName":"/levels/west_coast_usa/art/shapes/objects/guardrailpost.dae","useInstanceRenderData":true}
{"class":"TSStatic","__parent":"SimGroup_","position":[100.483864,-99.6192169,128.390839],"isRenderEnabled":false,"rotationMatrix":[0.928916752,0.369872838,0.0175412055,-0.370180398,0.926458001,0.0681321174,0.00894903205,-0.0697824806,0.997522116],"shapeName":"/levels/west_coast_usa/art/shapes/objects/guardrailpost.dae","useInstanceRenderData":true}
{"class":"TSStatic","__parent":"SimGroup_","position":[98.6407013,-100.356789,128.355789],"isRenderEnabled":false,"rotationMatrix":[0.928916752,0.369872838,0.0175412055,-0.370180398,0.926458001,0.0681321174,0.00894903205,-0.0697824806,0.997522116],"shapeName":"/levels/west_coast_usa/art/shapes/objects/guardrailpost.dae","useInstanceRenderData":true}
{"class":"TSStatic","__parent":"SimGroup_","position":[101.44561,-99.4406128,129.028412],"isRenderEnabled":false,"rotationMatrix":[0.928916752,0.369872838,0.0175412055,-0.370180398,0.926458001,0.0681321174,0.00894903205,-0.0697824806,0.997522116],"shapeName":"/levels/west_coast_usa/art/shapes/objects/guardrail1_white.dae","useInstanceRenderData":true}
{"class":"TSStatic","__parent":"SimGroup_","position":[105.165375,-97.9842377,129.424744],"isRenderEnabled":false,"rotationMatrix":[0.928916752,0.369872838,0.0175412055,-0.370180398,0.926458001,0.0681321174,0.00894903205,-0.0697824806,0.997522116],"shapeName":"/levels/west_coast_usa/art/shapes/objects/guardrail1_blue.dae","useInstanceRenderData":true}
{"class":"TSStatic","__parent":"SimGroup_","position":[101.44265,-99.4174271,128.697205],"isRenderEnabled":false,"rotationMatrix":[0.928916752,0.369872838,0.0175412055,-0.370180398,0.926458001,0.0681321174,0.00894903205,-0.0697824806,0.997522116],"shapeName":"/levels/west_coast_usa/art/shapes/objects/guardrail1_white.dae","useInstanceRenderData":true}
{"class":"TSStatic","__parent":"SimGroup_","position":[99.5971527,-100.176476,128.991516],"isRenderEnabled":false,"rotationMatrix":[0.928916752,0.369872838,0.0175412055,-0.370180398,0.926458001,0.0681321174,0.00894903205,-0.0697824806,0.997522116],"shapeName":"/levels/west_coast_usa/art/shapes/objects/guardrail2_white.dae","useInstanceRenderData":true}
{"class":"TSStatic","__parent":"SimGroup_","position":[99.5942383,-100.153221,128.6595],"isRenderEnabled":false,"rotationMatrix":[0.928916752,0.369872838,0.0175412055,-0.370180398,0.926458001,0.0681321174,0.00894903205,-0.0697824806,0.997522116],"shapeName":"/levels/west_coast_usa/art/shapes/objects/guardrail2_white.dae","useInstanceRenderData":true}
{"class":"TSStatic","__parent":"SimGroup_","position":[101.448563,-99.4633331,129.352982],"isRenderEnabled":false,"rotationMatrix":[0.928916752,0.369872838,0.0175412055,-0.370180398,0.926458001,0.0681321174,0.00894903205,-0.0697824806,0.997522116],"shapeName":"/levels/west_coast_usa/art/shapes/objects/guardrail1_white.dae","useInstanceRenderData":true}
{"class":"TSStatic","__parent":"SimGroup_","position":[99.6001358,-100.19928,129.317871],"isRenderEnabled":false,"rotationMatrix":[0.928916752,0.369872838,0.0175412055,-0.370180398,0.926458001,0.0681321174,0.00894903205,-0.0697824806,0.997522116],"shapeName":"/levels/west_coast_usa/art/shapes/objects/guardrail2_white.dae","useInstanceRenderData":true}
{"class":"TSStatic","__parent":"SimGroup_","position":[105.159424,-97.9380875,128.765121],"isRenderEnabled":false,"rotationMatrix":[0.928916752,0.369872838,0.0175412055,-0.370180398,0.926458001,0.0681321174,0.00894903205,-0.0697824806,0.997522116],"shapeName":"/levels/west_coast_usa/art/shapes/objects/guardrail1_blue.dae","useInstanceRenderData":true}
{"class":"TSStatic","__parent":"SimGroup_","position":[103.316917,-98.7201233,129.388031],"isRenderEnabled":false,"rotationMatrix":[0.928916752,0.369872838,0.0175412055,-0.370180398,0.926458001,0.0681321174,0.00894903205,-0.0697824806,0.997522116],"shapeName":"/levels/west_coast_usa/art/shapes/objects/guardrail2_blue.dae","useInstanceRenderData":true}
{"class":"TSStatic","__parent":"SimGroup_","position":[105.162445,-97.9613953,129.098419],"isRenderEnabled":false,"rotationMatrix":[0.928916752,0.369872838,0.0175412055,-0.370180398,0.926458001,0.0681321174,0.00894903205,-0.0697824806,0.997522116],"shapeName":"/levels/west_coast_usa/art/shapes/objects/guardrail1_blue.dae","useInstanceRenderData":true}
{"class":"TSStatic","__parent":"SimGroup_","position":[103.31398,-98.6972656,129.061615],"isRenderEnabled":false,"rotationMatrix":[0.928916752,0.369872838,0.0175412055,-0.370180398,0.926458001,0.0681321174,0.00894903205,-0.0697824806,0.997522116],"shapeName":"/levels/west_coast_usa/art/shapes/objects/guardrail2_blue.dae","useInstanceRenderData":true}
{"class":"TSStatic","__parent":"SimGroup_","position":[103.310997,-98.6740646,128.729645],"isRenderEnabled":false,"rotationMatrix":[0.928916752,0.369872838,0.0175412055,-0.370180398,0.926458001,0.0681321174,0.00894903205,-0.0697824806,0.997522116],"shapeName":"/levels/west_coast_usa/art/shapes/objects/guardrail2_blue.dae","useInstanceRenderData":true}
{"class":"TSStatic","__parent":"SimGroup_","position":[104.200691,-98.1400528,128.460953],"isRenderEnabled":false,"rotationMatrix":[0.928916752,0.369872838,0.0175412055,-0.370180398,0.926458001,0.0681321174,0.00894903205,-0.0697824806,0.997522116],"shapeName":"/levels/west_coast_usa/art/shapes/objects/guardrailpost.dae","useInstanceRenderData":true}
{"class":"TSStatic","__parent":"SimGroup_","position":[102.357521,-98.8776321,128.425903],"isRenderEnabled":false,"rotationMatrix":[0.928916752,0.369872838,0.0175412055,-0.370180398,0.926458001,0.0681321174,0.00894903205,-0.0697824806,0.997522116],"shapeName":"/levels/west_coast_usa/art/shapes/objects/guardrailpost.dae","useInstanceRenderData":true}
{"class":"TSStatic","__parent":"SimGroup_","position":[92.9379044,-102.62384,128.248352],"isRenderEnabled":false,"rotationMatrix":[0.928916752,0.369872838,0.0175412055,-0.370180398,0.926458001,0.0681321174,0.00894903205,-0.0697824806,0.997522116],"shapeName":"/levels/west_coast_usa/art/shapes/objects/guardrailpost.dae","useInstanceRenderData":true}
{"class":"TSStatic","__parent":"SimGroup_","position":[91.0947418,-103.361412,128.213303],"isRenderEnabled":false,"rotationMatrix":[0.928916752,0.369872838,0.0175412055,-0.370180398,0.926458001,0.0681321174,0.00894903205,-0.0697824806,0.997522116],"shapeName":"/levels/west_coast_usa/art/shapes/objects/guardrailpost.dae","useInstanceRenderData":true}
{"class":"TSStatic","__parent":"SimGroup_","position":[93.8996506,-102.445236,128.885925],"isRenderEnabled":false,"rotationMatrix":[0.928916752,0.369872838,0.0175412055,-0.370180398,0.926458001,0.0681321174,0.00894903205,-0.0697824806,0.997522116],"shapeName":"/levels/west_coast_usa/art/shapes/objects/guardrail1_white.dae","useInstanceRenderData":true}
{"class":"TSStatic","__parent":"SimGroup_","position":[97.6194077,-100.988869,129.282257],"isRenderEnabled":false,"rotationMatrix":[0.928916752,0.369872838,0.0175412055,-0.370180398,0.926458001,0.0681321174,0.00894903205,-0.0697824806,0.997522116],"shapeName":"/levels/west_coast_usa/art/shapes/objects/guardrail1_blue.dae","useInstanceRenderData":true}
{"class":"TSStatic","__parent":"SimGroup_","position":[93.8966904,-102.42205,128.554718],"isRenderEnabled":false,"rotationMatrix":[0.928916752,0.369872838,0.0175412055,-0.370180398,0.926458001,0.0681321174,0.00894903205,-0.0697824806,0.997522116],"shapeName":"/levels/west_coast_usa/art/shapes/objects/guardrail1_white.dae","useInstanceRenderData":true}
{"class":"TSStatic","__parent":"SimGroup_","position":[92.0511932,-103.181107,128.84903],"isRenderEnabled":false,"rotationMatrix":[0.928916752,0.369872838,0.0175412055,-0.370180398,0.926458001,0.0681321174,0.00894903205,-0.0697824806,0.997522116],"shapeName":"/levels/west_coast_usa/art/shapes/objects/guardrail2_white.dae","useInstanceRenderData":true}
{"class":"TSStatic","__parent":"SimGroup_","position":[92.0482712,-103.157852,128.517014],"isRenderEnabled":false,"rotationMatrix":[0.928916752,0.369872838,0.0175412055,-0.370180398,0.926458001,0.0681321174,0.00894903205,-0.0697824806,0.997522116],"shapeName":"/levels/west_coast_usa/art/shapes/objects/guardrail2_white.dae","useInstanceRenderData":true}
{"class":"TSStatic","__parent":"SimGroup_","position":[93.9026031,-102.467957,129.210495],"isRenderEnabled":false,"rotationMatrix":[0.928916752,0.369872838,0.0175412055,-0.370180398,0.926458001,0.0681321174,0.00894903205,-0.0697824806,0.997522116],"shapeName":"/levels/west_coast_usa/art/shapes/objects/guardrail1_white.dae","useInstanceRenderData":true}
{"class":"TSStatic","__parent":"SimGroup_","position":[92.0541763,-103.203911,129.175385],"isRenderEnabled":false,"rotationMatrix":[0.928916752,0.369872838,0.0175412055,-0.370180398,0.926458001,0.0681321174,0.00894903205,-0.0697824806,0.997522116],"shapeName":"/levels/west_coast_usa/art/shapes/objects/guardrail2_white.dae","useInstanceRenderData":true}
{"class":"TSStatic","__parent":"SimGroup_","position":[97.6134567,-100.942711,128.622635],"isRenderEnabled":false,"rotationMatrix":[0.928916752,0.369872838,0.0175412055,-0.370180398,0.926458001,0.0681321174,0.00894903205,-0.0697824806,0.997522116],"shapeName":"/levels/west_coast_usa/art/shapes/objects/guardrail1_blue.dae","useInstanceRenderData":true}
{"class":"TSStatic","__parent":"SimGroup_","position":[95.7709503,-101.724747,129.245544],"isRenderEnabled":false,"rotationMatrix":[0.928916752,0.369872838,0.0175412055,-0.370180398,0.926458001,0.0681321174,0.00894903205,-0.0697824806,0.997522116],"shapeName":"/levels/west_coast_usa/art/shapes/objects/guardrail2_blue.dae","useInstanceRenderData":true}
{"class":"TSStatic","__parent":"SimGroup_","position":[97.616478,-100.966026,128.955933],"isRenderEnabled":false,"rotationMatrix":[0.928916752,0.369872838,0.0175412055,-0.370180398,0.926458001,0.0681321174,0.00894903205,-0.0697824806,0.997522116],"shapeName":"/levels/west_coast_usa/art/shapes/objects/guardrail1_blue.dae","useInstanceRenderData":true}
{"class":"TSStatic","__parent":"SimGroup_","position":[95.768013,-101.701889,128.919128],"isRenderEnabled":false,"rotationMatrix":[0.928916752,0.369872838,0.0175412055,-0.370180398,0.926458001,0.0681321174,0.00894903205,-0.0697824806,0.997522116],"shapeName":"/levels/west_coast_usa/art/shapes/objects/guardrail2_blue.dae","useInstanceRenderData":true}
{"class":"TSStatic","__parent":"SimGroup_","position":[95.7650299,-101.678696,128.587158],"isRenderEnabled":false,"rotationMatrix":[0.928916752,0.369872838,0.0175412055,-0.370180398,0.926458001,0.0681321174,0.00894903205,-0.0697824806,0.997522116],"shapeName":"/levels/west_coast_usa/art/shapes/objects/guardrail2_blue.dae","useInstanceRenderData":true}
{"class":"TSStatic","__parent":"SimGroup_","position":[96.6547318,-101.144676,128.318466],"isRenderEnabled":false,"rotationMatrix":[0.928916752,0.369872838,0.0175412055,-0.370180398,0.926458001,0.0681321174,0.00894903205,-0.0697824806,0.997522116],"shapeName":"/levels/west_coast_usa/art/shapes/objects/guardrailpost.dae","useInstanceRenderData":true}
{"class":"TSStatic","__parent":"SimGroup_","position":[94.8115616,-101.882263,128.283417],"isRenderEnabled":false,"rotationMatrix":[0.928916752,0.369872838,0.0175412055,-0.370180398,0.926458001,0.0681321174,0.00894903205,-0.0697824806,0.997522116],"shapeName":"/levels/west_coast_usa/art/shapes/objects/guardrailpost.dae","useInstanceRenderData":true}
{"class":"TSStatic","__parent":"SimGroup_","position":[85.6410294,-105.817375,128.090393],"isRenderEnabled":false,"rotationMatrix":[0.912605584,0.408332914,0.0203780439,-0.408743113,0.910161853,0.0673380792,0.00894903764,-0.0697824955,0.997522116],"shapeName":"/levels/west_coast_usa/art/shapes/objects/guardrailpost.dae","useInstanceRenderData":true}
