{"name":"SimGroup_","class":"SimGroup","groupPosition":"814.83716106415 365.60410499573 154.88197541237"}
{"class":"TSStatic","__parent":"SimGroup_","position":[815.247131,351.418976,155.015579],"isRenderEnabled":false,"rotationMatrix":[-0.120131731,-0.992308795,0.0298571065,0.992716491,-0.119797587,0.0127427978,-0.00906797592,0.0311704576,0.999472976],"shapeName":"/levels/west_coast_usa/art/shapes/objects/guardrailpost.dae","useInstanceRenderData":true}
{"class":"TSStatic","__parent":"SimGroup_","position":[815.692627,356.449219,155.49321],"isRenderEnabled":false,"rotationMatrix":[-0.120131731,-0.992308795,0.0298571065,0.992716491,-0.119797587,0.0127427978,-0.00906797592,0.0311704576,0.999472976],"shapeName":"/levels/west_coast_usa/art/shapes/objects/guardrail2_blue.dae","useInstanceRenderData":true}
{"class":"TSStatic","__parent":"SimGroup_","position":[815.721863,355.400635,154.895737],"isRenderEnabled":false,"rotationMatrix":[-0.120131731,-0.992308795,0.0298571065,0.992716491,-0.119797587,0.0127427978,-0.00906797592,0.0311704576,0.999472976],"shapeName":"/levels/west_coast_usa/art/shapes/objects/guardrailpost.dae","useInstanceRenderData":true}
{"class":"TSStatic","__parent":"SimGroup_","position":[815.689758,356.459351,155.820206],"isRenderEnabled":false,"rotationMatrix":[-0.120131731,-0.992308795,0.0298571065,0.992716491,-0.119797587,0.0127427978,-0.00906797592,0.0311704576,0.999472976],"shapeName":"/levels/west_coast_usa/art/shapes/objects/guardrail2_blue.dae","useInstanceRenderData":true}
{"class":"TSStatic","__parent":"SimGroup_","position":[815.4505,354.484924,155.881485],"isRenderEnabled":false,"rotationMatrix":[-0.120131731,-0.992308795,0.0298571065,0.992716491,-0.119797587,0.0127427978,-0.00906797592,0.0311704576,0.999472976],"shapeName":"/levels/west_coast_usa/art/shapes/objects/guardrail1_blue.dae","useInstanceRenderData":true}
{"class":"TSStatic","__parent":"SimGroup_","position":[815.957092,357.371246,154.836411],"isRenderEnabled":false,"rotationMatrix":[-0.120131731,-0.992308795,0.0298571065,0.992716491,-0.119797587,0.0127427978,-0.00906797592,0.0311704576,0.999472976],"shapeName":"/levels/west_coast_usa/art/shapes/objects/guardrailpost.dae","useInstanceRenderData":true}
{"class":"TSStatic","__parent":"SimGroup_","position":[815.456543,354.464264,155.220566],"isRenderEnabled":false,"rotationMatrix":[-0.120131731,-0.992308795,0.0298571065,0.992716491,-0.119797587,0.0127427978,-0.00906797592,0.0311704576,0.999472976],"shapeName":"/levels/west_coast_usa/art/shapes/objects/guardrail1_blue.dae","useInstanceRenderData":true}
{"class":"TSStatic","__parent":"SimGroup_","position":[815.69574,356.438812,155.160538],"isRenderEnabled":false,"rotationMatrix":[-0.120131731,-0.992308795,0.0298571065,0.992716491,-0.119797587,0.0127427978,-0.00906797592,0.0311704576,0.999472976],"shapeName":"/levels/west_coast_usa/art/shapes/objects/guardrail2_blue.dae","useInstanceRenderData":true}
{"class":"TSStatic","__parent":"SimGroup_","position":[815.453613,354.47467,155.554581],"isRenderEnabled":false,"rotationMatrix":[-0.120131731,-0.992308795,0.0298571065,0.992716491,-0.119797587,0.0127427978,-0.00906797592,0.0311704576,0.999472976],"shapeName":"/levels/west_coast_usa/art/shapes/objects/guardrail1_blue.dae","useInstanceRenderData":true}
{"class":"TSStatic","__parent":"SimGroup_","position":[815.214905,352.477783,155.940079],"isRenderEnabled":false,"rotationMatrix":[-0.120131731,-0.992308795,0.0298571065,0.992716491,-0.119797587,0.0127427978,-0.00906797592,0.0311704576,0.999472976],"shapeName":"/levels/west_coast_usa/art/shapes/objects/guardrail2_white.dae","useInstanceRenderData":true}
{"class":"TSStatic","__parent":"SimGroup_","position":[814.975952,350.503265,155.999695],"isRenderEnabled":false,"rotationMatrix":[-0.120131731,-0.992308795,0.0298571065,0.992716491,-0.119797587,0.0127427978,-0.00906797592,0.0311704576,0.999472976],"shapeName":"/levels/west_coast_usa/art/shapes/objects/guardrail1_white.dae","useInstanceRenderData":true}
{"class":"TSStatic","__parent":"SimGroup_","position":[815.4823,353.38974,154.956268],"isRenderEnabled":false,"rotationMatrix":[-0.120131731,-0.992308795,0.0298571065,0.992716491,-0.119797587,0.0127427978,-0.00906797592,0.0311704576,0.999472976],"shapeName":"/levels/west_coast_usa/art/shapes/objects/guardrailpost.dae","useInstanceRenderData":true}
{"class":"TSStatic","__parent":"SimGroup_","position":[814.981934,350.482788,155.342667],"isRenderEnabled":false,"rotationMatrix":[-0.120131731,-0.992308795,0.0298571065,0.992716491,-0.119797587,0.0127427978,-0.00906797592,0.0311704576,0.999472976],"shapeName":"/levels/west_coast_usa/art/shapes/objects/guardrail1_white.dae","useInstanceRenderData":true}
{"class":"TSStatic","__parent":"SimGroup_","position":[815.220947,352.457245,155.280411],"isRenderEnabled":false,"rotationMatrix":[-0.120131731,-0.992308795,0.0298571065,0.992716491,-0.119797587,0.0127427978,-0.00906797592,0.0311704576,0.999472976],"shapeName":"/levels/west_coast_usa/art/shapes/objects/guardrail2_white.dae","useInstanceRenderData":true}
{"class":"TSStatic","__parent":"SimGroup_","position":[814.978882,350.493134,155.674561],"isRenderEnabled":false,"rotationMatrix":[-0.120131731,-0.992308795,0.0298571065,0.992716491,-0.119797587,0.0127427978,-0.00906797592,0.0311704576,0.999472976],"shapeName":"/levels/west_coast_usa/art/shapes/objects/guardrail1_white.dae","useInstanceRenderData":true}
{"class":"TSStatic","__parent":"SimGroup_","position":[815.217834,352.467621,155.613068],"isRenderEnabled":false,"rotationMatrix":[-0.120131731,-0.992308795,0.0298571065,0.992716491,-0.119797587,0.0127427978,-0.00906797592,0.0311704576,0.999472976],"shapeName":"/levels/west_coast_usa/art/shapes/objects/guardrail2_white.dae","useInstanceRenderData":true}
{"class":"TSStatic","__parent":"SimGroup_","position":[815.9505,359.385498,154.773514],"isRenderEnabled":false,"rotationMatrix":[0.00857639313,-0.999474704,0.0312483236,0.999921978,0.00885522366,0.00879588258,-0.00906797033,0.0311704539,0.999472976],"shapeName":"/levels/west_coast_usa/art/shapes/objects/guardrailpost.dae","useInstanceRenderData":true}
{"class":"TSStatic","__parent":"SimGroup_","position":[815.747742,364.434723,155.2043],"isRenderEnabled":false,"rotationMatrix":[0.00848263502,-0.999100149,0.0415538326,0.999921978,0.00885546207,0.00879587792,-0.0091559384,0.0414759889,0.999097526],"shapeName":"/levels/west_coast_usa/art/shapes/objects/guardrail2_blue.dae","useInstanceRenderData":true}
{"class":"TSStatic","__parent":"SimGroup_","position":[815.909119,363.391632,154.618408],"isRenderEnabled":false,"rotationMatrix":[0.00848263502,-0.999100149,0.0415538326,0.999921978,0.00885546207,0.00879587792,-0.0091559384,0.0414759889,0.999097526],"shapeName":"/levels/west_coast_usa/art/shapes/objects/guardrailpost.dae","useInstanceRenderData":true}
{"class":"TSStatic","__parent":"SimGroup_","position":[815.744873,364.448242,155.531174],"isRenderEnabled":false,"rotationMatrix":[0.00848263502,-0.999100149,0.0415538326,0.999921978,0.00885546207,0.00879587792,-0.0091559384,0.0414759889,0.999097526],"shapeName":"/levels/west_coast_usa/art/shapes/objects/guardrail2_blue.dae","useInstanceRenderData":true}
{"class":"TSStatic","__parent":"SimGroup_","position":[815.761475,362.460297,155.615723],"isRenderEnabled":false,"rotationMatrix":[0.00848263502,-0.999100149,0.0415538326,0.999921978,0.00885546207,0.00879587792,-0.0091559384,0.0414759889,0.999097526],"shapeName":"/levels/west_coast_usa/art/shapes/objects/guardrail1_blue.dae","useInstanceRenderData":true}
{"class":"TSStatic","__parent":"SimGroup_","position":[815.888977,365.375336,154.535873],"isRenderEnabled":false,"rotationMatrix":[0.00848263502,-0.999100149,0.0415538326,0.999921978,0.00885546207,0.00879587792,-0.0091559384,0.0414759889,0.999097526],"shapeName":"/levels/west_coast_usa/art/shapes/objects/guardrailpost.dae","useInstanceRenderData":true}
{"class":"TSStatic","__parent":"SimGroup_","position":[815.767578,362.432861,154.955048],"isRenderEnabled":false,"rotationMatrix":[0.00848263502,-0.999100149,0.0415538326,0.999921978,0.00885546207,0.00879587792,-0.0091559384,0.0414759889,0.999097526],"shapeName":"/levels/west_coast_usa/art/shapes/objects/guardrail1_blue.dae","useInstanceRenderData":true}
{"class":"TSStatic","__parent":"SimGroup_","position":[815.750854,364.420898,154.87175],"isRenderEnabled":false,"rotationMatrix":[0.00848263502,-0.999100149,0.0415538326,0.999921978,0.00885546207,0.00879587792,-0.0091559384,0.0414759889,0.999097526],"shapeName":"/levels/west_coast_usa/art/shapes/objects/guardrail2_blue.dae","useInstanceRenderData":true}
{"class":"TSStatic","__parent":"SimGroup_","position":[815.764648,362.446686,155.28894],"isRenderEnabled":false,"rotationMatrix":[0.00848263502,-0.999100149,0.0415538326,0.999921978,0.00885546207,0.00879587792,-0.0091559384,0.0414759889,0.999097526],"shapeName":"/levels/west_coast_usa/art/shapes/objects/guardrail1_blue.dae","useInstanceRenderData":true}
{"class":"TSStatic","__parent":"SimGroup_","position":[815.786011,360.432709,155.697174],"isRenderEnabled":false,"rotationMatrix":[0.00857639313,-0.999474704,0.0312483236,0.999921978,0.00885522366,0.00879588258,-0.00906797033,0.0311704539,0.999472976],"shapeName":"/levels/west_coast_usa/art/shapes/objects/guardrail2_white.dae","useInstanceRenderData":true}
{"class":"TSStatic","__parent":"SimGroup_","position":[815.803162,358.443939,155.759552],"isRenderEnabled":false,"rotationMatrix":[0.00857639313,-0.999474704,0.0312483236,0.999921978,0.00885522366,0.00879588258,-0.00906797033,0.0311704539,0.999472976],"shapeName":"/levels/west_coast_usa/art/shapes/objects/guardrail1_white.dae","useInstanceRenderData":true}
{"class":"TSStatic","__parent":"SimGroup_","position":[815.930054,361.370056,154.711456],"isRenderEnabled":false,"rotationMatrix":[0.00857639313,-0.999474704,0.0312483236,0.999921978,0.00885522366,0.00879588258,-0.00906797033,0.0311704539,0.999472976],"shapeName":"/levels/west_coast_usa/art/shapes/objects/guardrailpost.dae","useInstanceRenderData":true}
{"class":"TSStatic","__parent":"SimGroup_","position":[815.809143,358.423462,155.102524],"isRenderEnabled":false,"rotationMatrix":[0.00857639313,-0.999474704,0.0312483236,0.999921978,0.00885522366,0.00879588258,-0.00906797033,0.0311704539,0.999472976],"shapeName":"/levels/west_coast_usa/art/shapes/objects/guardrail1_white.dae","useInstanceRenderData":true}
{"class":"TSStatic","__parent":"SimGroup_","position":[815.792053,360.41214,155.037506],"isRenderEnabled":false,"rotationMatrix":[0.00857639313,-0.999474704,0.0312483236,0.999921978,0.00885522366,0.00879588258,-0.00906797033,0.0311704539,0.999472976],"shapeName":"/levels/west_coast_usa/art/shapes/objects/guardrail2_white.dae","useInstanceRenderData":true}
{"class":"TSStatic","__parent":"SimGroup_","position":[815.806091,358.433807,155.434418],"isRenderEnabled":false,"rotationMatrix":[0.00857639313,-0.999474704,0.0312483236,0.999921978,0.00885522366,0.00879588258,-0.00906797033,0.0311704539,0.999472976],"shapeName":"/levels/west_coast_usa/art/shapes/objects/guardrail1_white.dae","useInstanceRenderData":true}
{"class":"TSStatic","__parent":"SimGroup_","position":[815.78894,360.422546,155.370163],"isRenderEnabled":false,"rotationMatrix":[0.00857639313,-0.999474704,0.0312483236,0.999921978,0.00885522366,0.00879588258,-0.00906797033,0.0311704539,0.999472976],"shapeName":"/levels/west_coast_usa/art/shapes/objects/guardrail2_white.dae","useInstanceRenderData":true}
{"class":"TSStatic","__parent":"SimGroup_","position":[815.464661,367.377563,154.441254],"isRenderEnabled":false,"rotationMatrix":[0.204077959,-0.977822065,0.047074113,0.978936553,0.204129577,-0.00375838019,-0.00593419001,0.0468495786,0.99888432],"shapeName":"/levels/west_coast_usa/art/shapes/objects/guardrailpost.dae","useInstanceRenderData":true}
{"class":"TSStatic","__parent":"SimGroup_","position":[814.282471,372.297272,154.76828],"isRenderEnabled":false,"rotationMatrix":[0.203950465,-0.976904452,0.0637315661,0.978936613,0.204129517,-0.00375837833,-0.00933791324,0.0631556958,0.997959971],"shapeName":"/levels/west_coast_usa/art/shapes/objects/guardrail2_blue.dae","useInstanceRenderData":true}
{"class":"TSStatic","__parent":"SimGroup_","position":[814.640137,371.29184,154.203857],"isRenderEnabled":false,"rotationMatrix":[0.203950465,-0.976904452,0.0637315661,0.978936613,0.204129517,-0.00375837833,-0.00933791324,0.0631556958,0.997959971],"shapeName":"/levels/west_coast_usa/art/shapes/objects/guardrailpost.dae","useInstanceRenderData":true}
{"class":"TSStatic","__parent":"SimGroup_","position":[814.27948,372.317871,155.094788],"isRenderEnabled":false,"rotationMatrix":[0.203950465,-0.976904452,0.0637315661,0.978936613,0.204129517,-0.00375837833,-0.00933791324,0.0631556958,0.997959971],"shapeName":"/levels/west_coast_usa/art/shapes/objects/guardrail2_blue.dae","useInstanceRenderData":true}
{"class":"TSStatic","__parent":"SimGroup_","position":[814.68512,370.374084,155.223465],"isRenderEnabled":false,"rotationMatrix":[0.203950465,-0.976904452,0.0637315661,0.978936613,0.204129517,-0.00375837833,-0.00933791324,0.0631556958,0.997959971],"shapeName":"/levels/west_coast_usa/art/shapes/objects/guardrail1_blue.dae","useInstanceRenderData":true}
{"class":"TSStatic","__parent":"SimGroup_","position":[814.231934,373.230835,154.077332],"isRenderEnabled":false,"rotationMatrix":[0.203950465,-0.976904452,0.0637315661,0.978936613,0.204129517,-0.00375837833,-0.00933791324,0.0631556958,0.997959971],"shapeName":"/levels/west_coast_usa/art/shapes/objects/guardrailpost.dae","useInstanceRenderData":true}
{"class":"TSStatic","__parent":"SimGroup_","position":[814.691345,370.332336,154.563553],"isRenderEnabled":false,"rotationMatrix":[0.203950465,-0.976904452,0.0637315661,0.978936613,0.204129517,-0.00375837833,-0.00933791324,0.0631556958,0.997959971],"shapeName":"/levels/west_coast_usa/art/shapes/objects/guardrail1_blue.dae","useInstanceRenderData":true}
{"class":"TSStatic","__parent":"SimGroup_","position":[814.285645,372.276215,154.436127],"isRenderEnabled":false,"rotationMatrix":[0.203950465,-0.976904452,0.0637315661,0.978936613,0.204129517,-0.00375837833,-0.00933791324,0.0631556958,0.997959971],"shapeName":"/levels/west_coast_usa/art/shapes/objects/guardrail2_blue.dae","useInstanceRenderData":true}
{"class":"TSStatic","__parent":"SimGroup_","position":[814.688293,370.353455,154.897049],"isRenderEnabled":false,"rotationMatrix":[0.203950465,-0.976904452,0.0637315661,0.978936613,0.204129517,-0.00375837833,-0.00933791324,0.0631556958,0.997959971],"shapeName":"/levels/west_coast_usa/art/shapes/objects/guardrail1_blue.dae","useInstanceRenderData":true}
{"class":"TSStatic","__parent":"SimGroup_","position":[815.106995,368.388977,155.350082],"isRenderEnabled":false,"rotationMatrix":[0.204077959,-0.977822065,0.047074113,0.978936553,0.204129577,-0.00375838019,-0.00593419001,0.0468495786,0.99888432],"shapeName":"/levels/west_coast_usa/art/shapes/objects/guardrail2_white.dae","useInstanceRenderData":true}
{"class":"TSStatic","__parent":"SimGroup_","position":[815.513184,366.443298,155.443954],"isRenderEnabled":false,"rotationMatrix":[0.204077959,-0.977822065,0.047074113,0.978936553,0.204129577,-0.00375838019,-0.00593419001,0.0468495786,0.99888432],"shapeName":"/levels/west_coast_usa/art/shapes/objects/guardrail1_white.dae","useInstanceRenderData":true}
{"class":"TSStatic","__parent":"SimGroup_","position":[815.056152,369.318451,154.347824],"isRenderEnabled":false,"rotationMatrix":[0.204077959,-0.977822065,0.047074113,0.978936553,0.204129577,-0.00375838019,-0.00593419001,0.0468495786,0.99888432],"shapeName":"/levels/west_coast_usa/art/shapes/objects/guardrailpost.dae","useInstanceRenderData":true}
{"class":"TSStatic","__parent":"SimGroup_","position":[815.51709,366.412537,154.787308],"isRenderEnabled":false,"rotationMatrix":[0.204077959,-0.977822065,0.047074113,0.978936553,0.204129577,-0.00375838019,-0.00593419001,0.0468495786,0.99888432],"shapeName":"/levels/west_coast_usa/art/shapes/objects/guardrail1_white.dae","useInstanceRenderData":true}
{"class":"TSStatic","__parent":"SimGroup_","position":[815.111023,368.358093,154.690811],"isRenderEnabled":false,"rotationMatrix":[0.204077959,-0.977822065,0.047074113,0.978936553,0.204129577,-0.00375838019,-0.00593419001,0.0468495786,0.99888432],"shapeName":"/levels/west_coast_usa/art/shapes/objects/guardrail2_white.dae","useInstanceRenderData":true}
{"class":"TSStatic","__parent":"SimGroup_","position":[815.515076,366.42807,155.119003],"isRenderEnabled":false,"rotationMatrix":[0.204077959,-0.977822065,0.047074113,0.978936553,0.204129577,-0.00375838019,-0.00593419001,0.0468495786,0.99888432],"shapeName":"/levels/west_coast_usa/art/shapes/objects/guardrail1_white.dae","useInstanceRenderData":true}
{"class":"TSStatic","__parent":"SimGroup_","position":[815.108887,368.373688,155.023254],"isRenderEnabled":false,"rotationMatrix":[0.204077959,-0.977822065,0.047074113,0.978936553,0.204129577,-0.00375838019,-0.00593419001,0.0468495786,0.99888432],"shapeName":"/levels/west_coast_usa/art/shapes/objects/guardrail2_white.dae","useInstanceRenderData":true}
{"class":"TSStatic","__parent":"SimGroup_","position":[812.644409,380.140686,154.097977],"isRenderEnabled":false,"rotationMatrix":[0.203706801,-0.975348055,0.0848498791,0.978936613,0.204129338,-0.00375837088,-0.0136546157,0.0838282704,0.996386647],"shapeName":"/levels/west_coast_usa/art/shapes/objects/guardrail2_blue.dae","useInstanceRenderData":true}
{"class":"TSStatic","__parent":"SimGroup_","position":[813.004578,379.12381,153.556076],"isRenderEnabled":false,"rotationMatrix":[0.203706801,-0.975348055,0.0848498791,0.978936613,0.204129338,-0.00375837088,-0.0136546157,0.0838282704,0.996386647],"shapeName":"/levels/west_coast_usa/art/shapes/objects/guardrailpost.dae","useInstanceRenderData":true}
{"class":"TSStatic","__parent":"SimGroup_","position":[812.640015,380.16806,154.423965],"isRenderEnabled":false,"rotationMatrix":[0.203706801,-0.975348055,0.0848498791,0.978936613,0.204129338,-0.00375837088,-0.0136546157,0.0838282704,0.996386647],"shapeName":"/levels/west_coast_usa/art/shapes/objects/guardrail2_blue.dae","useInstanceRenderData":true}
{"class":"TSStatic","__parent":"SimGroup_","position":[813.045166,378.227417,154.594666],"isRenderEnabled":false,"rotationMatrix":[0.203706801,-0.975348055,0.0848498791,0.978936613,0.204129338,-0.00375837088,-0.0136546157,0.0838282704,0.996386647],"shapeName":"/levels/west_coast_usa/art/shapes/objects/guardrail1_blue.dae","useInstanceRenderData":true}
{"class":"TSStatic","__parent":"SimGroup_","position":[812.596802,381.059723,153.387619],"isRenderEnabled":false,"rotationMatrix":[0.203706801,-0.975348055,0.0848498791,0.978936613,0.204129338,-0.00375837088,-0.0136546157,0.0838282704,0.996386647],"shapeName":"/levels/west_coast_usa/art/shapes/objects/guardrailpost.dae","useInstanceRenderData":true}
{"class":"TSStatic","__parent":"SimGroup_","position":[813.05426,378.171997,153.935791],"isRenderEnabled":false,"rotationMatrix":[0.203706801,-0.975348055,0.0848498791,0.978936613,0.204129338,-0.00375837088,-0.0136546157,0.0838282704,0.996386647],"shapeName":"/levels/west_coast_usa/art/shapes/objects/guardrail1_blue.dae","useInstanceRenderData":true}
{"class":"TSStatic","__parent":"SimGroup_","position":[812.649048,380.112762,153.766342],"isRenderEnabled":false,"rotationMatrix":[0.203706801,-0.975348055,0.0848498791,0.978936613,0.204129338,-0.00375837088,-0.0136546157,0.0838282704,0.996386647],"shapeName":"/levels/west_coast_usa/art/shapes/objects/guardrail2_blue.dae","useInstanceRenderData":true}
{"class":"TSStatic","__parent":"SimGroup_","position":[813.049744,378.200012,154.268768],"isRenderEnabled":false,"rotationMatrix":[0.203706801,-0.975348055,0.0848498791,0.978936613,0.204129338,-0.00375837088,-0.0136546157,0.0838282704,0.996386647],"shapeName":"/levels/west_coast_usa/art/shapes/objects/guardrail1_blue.dae","useInstanceRenderData":true}
{"class":"TSStatic","__parent":"SimGroup_","position":[813.464172,376.256897,154.764328],"isRenderEnabled":false,"rotationMatrix":[0.203706801,-0.975348055,0.0848498791,0.978936613,0.204129338,-0.00375837088,-0.0136546157,0.0838282704,0.996386647],"shapeName":"/levels/west_coast_usa/art/shapes/objects/guardrail2_white.dae","useInstanceRenderData":true}
{"class":"TSStatic","__parent":"SimGroup_","position":[813.869568,374.316132,154.933365],"isRenderEnabled":false,"rotationMatrix":[0.203706801,-0.975348055,0.0848498791,0.978936613,0.204129338,-0.00375837088,-0.0136546157,0.0838282704,0.996386647],"shapeName":"/levels/west_coast_usa/art/shapes/objects/guardrail1_white.dae","useInstanceRenderData":true}
{"class":"TSStatic","__parent":"SimGroup_","position":[813.421021,377.14856,153.727966],"isRenderEnabled":false,"rotationMatrix":[0.203706801,-0.975348055,0.0848498791,0.978936613,0.204129338,-0.00375837088,-0.0136546157,0.0838282704,0.996386647],"shapeName":"/levels/west_coast_usa/art/shapes/objects/guardrailpost.dae","useInstanceRenderData":true}
{"class":"TSStatic","__parent":"SimGroup_","position":[813.87854,374.261047,154.278366],"isRenderEnabled":false,"rotationMatrix":[0.203706801,-0.975348055,0.0848498791,0.978936613,0.204129338,-0.00375837088,-0.0136546157,0.0838282704,0.996386647],"shapeName":"/levels/west_coast_usa/art/shapes/objects/guardrail1_white.dae","useInstanceRenderData":true}
{"class":"TSStatic","__parent":"SimGroup_","position":[813.473267,376.201569,154.106705],"isRenderEnabled":false,"rotationMatrix":[0.203706801,-0.975348055,0.0848498791,0.978936613,0.204129338,-0.00375837088,-0.0136546157,0.0838282704,0.996386647],"shapeName":"/levels/west_coast_usa/art/shapes/objects/guardrail2_white.dae","useInstanceRenderData":true}
{"class":"TSStatic","__parent":"SimGroup_","position":[813.874023,374.288879,154.609238],"isRenderEnabled":false,"rotationMatrix":[0.203706801,-0.975348055,0.0848498791,0.978936613,0.204129338,-0.00375837088,-0.0136546157,0.0838282704,0.996386647],"shapeName":"/levels/west_coast_usa/art/shapes/objects/guardrail1_white.dae","useInstanceRenderData":true}
{"class":"TSStatic","__parent":"SimGroup_","position":[813.468567,376.229492,154.438324],"isRenderEnabled":false,"rotationMatrix":[0.203706801,-0.975348055,0.0848498791,0.978936613,0.204129338,-0.00375837088,-0.0136546157,0.0838282704,0.996386647],"shapeName":"/levels/west_coast_usa/art/shapes/objects/guardrail2_white.dae","useInstanceRenderData":true}
{"class":"TSStatic","__parent":"SimGroup_","position":[813.828796,375.212585,153.896408],"isRenderEnabled":false,"rotationMatrix":[0.203706801,-0.975348055,0.0848498791,0.978936613,0.204129338,-0.00375837088,-0.0136546157,0.0838282704,0.996386647],"shapeName":"/levels/west_coast_usa/art/shapes/objects/guardrailpost.dae","useInstanceRenderData":true}
