{"class":"TSStatic","persistentId":"e6a7e3d7-11e8-4b32-9130-0a09bc6b11a3","__parent":"speedCamera_005","position":[-955.466614,1870.10876,90.9625397],"isRenderEnabled":false,"rotationMatrix":[0.0680440664,0.997682452,0,-0.997681379,0.0680440068,-0.00149808265,-0.00149461045,0.000101935875,0.999998868],"scale":[0.634008765,0.634008765,0.634008765],"shapeName":"/levels/west_coast_usa/art/shapes/objects/s_sign_speedcam.dae","useInstanceRenderData":true}
{"class":"TSStatic","persistentId":"4c81515b-41d4-4bff-80e6-f851228bff8a","__parent":"speedCamera_005","position":[-1026.50891,1916.33691,89.3493652],"isRenderEnabled":false,"rotationMatrix":[0.576992393,0.816749632,0,-0.816749632,0.576992393,0,0,0,1],"shapeName":"/levels/west_coast_usa/art/shapes/objects/s_camera_pole.dae","useInstanceRenderData":true}
{"class":"TSStatic","persistentId":"15fe25e4-0abc-4faa-a2d9-bfaf51c7f82c","__parent":"speedCamera_005","position":[-1026.50891,1916.33691,94.3372269],"isRenderEnabled":false,"rotationMatrix":[0.576992393,0.816749632,0,-0.816749632,0.576992393,0,0,0,1],"shapeName":"/levels/west_coast_usa/art/shapes/objects/s_camera_speed1.dae","useInstanceRenderData":true}
{"class":"TSStatic","persistentId":"de769a57-d0aa-42e7-a6f1-d0dc74560efa","__parent":"speedCamera_005","position":[-1026.50891,1916.33691,93.5372314],"isRenderEnabled":false,"rotationMatrix":[0.576992393,0.816749632,0,-0.816749632,0.576992393,0,0,0,1],"shapeName":"/levels/west_coast_usa/art/shapes/objects/s_camera_elbow.dae","useInstanceRenderData":true}
{"class":"TSStatic","persistentId":"e95059b7-949b-477a-9886-454eda81ecdb","__parent":"speedCamera_005","position":[-1026.77942,1915.9541,93.7372284],"isRenderEnabled":false,"rotationMatrix":[0.576992393,0.816749632,0,-0.816749632,0.576992393,0,0,0,1],"shapeName":"/levels/west_coast_usa/art/shapes/objects/s_camera_light2.dae","useInstanceRenderData":true}
{"name":"speedTrapLight5","class":"SpotLight","persistentId":"2967bd22-ece5-487e-8ef1-adde76ea5ed8","__parent":"speedCamera_005","position":[-1026.15576,1916.32043,94.4077759],"brightness":2.5,"color":[0.706376135,0.956328213,0.990281641,1],"flareScale":5,"flareType":"BNG_Sunflare_3","isEnabled":false,"outerAngle":60,"range":50,"rotationMatrix":[-0.50391984,-0.862090707,-0.0535255894,0.860751271,-0.496044874,-0.114224903,0.0719211325,-0.103632368,0.992011964],"shadowDarkenColor":[0,0,0,0]}
{"name":"speedTrapTrigger5","class":"BeamNGTrigger","persistentId":"2777327b-5b83-4db0-8a77-47d2e7ad3b7b","__parent":"speedCamera_005","position":[-1001.74683,1902.05945,93.193367],"luaFunction":"onBeamNGTrigger","rotationMatrix":[0.271244764,0.962510526,0,-0.962510526,0.271244764,0,0,0,1],"scale":[11.5505304,9.5470953,8.0629158],"speedLimit":"15.6464","speedTrapLightName":"speedTrapLight5","speedTrapType":"speed"}
