{"class":"TSStatic","persistentId":"e3caffe7-234f-4360-8777-d27a0839be02","__parent":"trail_013_rocks","position":[-861.860718,-93.5935593,182.550537],"isRenderEnabled":false,"rotationMatrix":[0.884355724,7.4505806e-09,0.466813594,-0.107292131,0.973228574,0.203259692,-0.454316348,-0.22983931,0.860680282],"shapeName":"/levels/johnson_valley/art/shapes/rocks/s_rocks_desert_collection_03.dae","useInstanceRenderData":true}
{"class":"TSStatic","persistentId":"d8e90e33-6712-4044-a900-7248a2f82a76","__parent":"trail_013_rocks","position":[-861.825806,-103.548599,181.44545],"isRenderEnabled":false,"rotationMatrix":[0.967805922,0,0.251697659,0,1,0,-0.251697659,0,0.967805922],"shapeName":"/levels/johnson_valley/art/shapes/rocks/s_rocks_desert_collection_03.dae","useInstanceRenderData":true}
{"class":"TSStatic","persistentId":"e3ccbf1d-5b8a-4f97-963c-888f5b1524bd","__parent":"trail_013_rocks","position":[-861.318359,-111.783783,182.333603],"isRenderEnabled":false,"rotationMatrix":[-0.302772522,-0.953062892,1.49011612e-08,0.881203651,-0.279943943,0.380935073,-0.36305505,0.115336657,0.924601793],"shapeName":"/levels/johnson_valley/art/shapes/rocks/s_rocks_desert_huge_sheet_3.dae","useInstanceRenderData":true}
{"class":"TSStatic","persistentId":"0af09952-23d8-41f2-9f0e-415b23be4078","__parent":"trail_013_rocks","position":[-868.271057,-119.487923,182.025238],"isRenderEnabled":false,"rotationMatrix":[0.988169253,0.0122141074,0.152880043,-4.65661287e-10,0.996823728,-0.0796396285,-0.153367192,0.0786974281,0.985030591],"shapeName":"/levels/johnson_valley/art/shapes/rocks/s_rocks_desert_collection_02.dae","useInstanceRenderData":true}
{"class":"TSStatic","persistentId":"5aff48b0-f437-445c-b84f-ffe1ca6ae23a","__parent":"trail_013_rocks","position":[-860.086609,-125.790138,184.073883],"isRenderEnabled":false,"rotationMatrix":[0.992869139,0,0.119209208,-0.0170440208,0.989726186,0.141956165,-0.117984481,-0.142975703,0.982668638],"shapeName":"/levels/johnson_valley/art/shapes/rocks/s_rocks_desert_collection_03.dae","useInstanceRenderData":true}
{"class":"TSStatic","persistentId":"2cb9c0f3-85a3-4237-b311-3b17e2673031","__parent":"trail_013_rocks","position":[-849.454956,-120.406876,185.259064],"isRenderEnabled":false,"rotationMatrix":[0.628030539,0.777041316,0.0422419868,-0.767020226,0.627268076,-0.134962171,-0.131368235,0.0523599051,0.989949882],"shapeName":"/levels/johnson_valley/art/shapes/rocks/s_rocks_desert_collection_02.dae","useInstanceRenderData":true}
{"class":"TSStatic","persistentId":"6571897f-d993-44a6-814c-0196aa8d624b","__parent":"trail_013_rocks","position":[-850.19574,-110.732986,185.660645],"isRenderEnabled":false,"rotationMatrix":[0.954685926,1.86264515e-09,0.2976152,-0.0382462218,0.991708338,0.122685693,-0.295147449,-0.128508955,0.946770012],"shapeName":"/levels/johnson_valley/art/shapes/rocks/s_rocks_desert_collection_03.dae","useInstanceRenderData":true}
{"class":"TSStatic","persistentId":"e02dc522-28a9-4552-ac28-28d5738fbb2f","__parent":"trail_013_rocks","position":[-844.706665,-109.608322,187.488708],"isRenderEnabled":false,"rotationMatrix":[-0.144792438,0.988608479,0.0410897508,-0.945960283,-0.12612915,-0.298748285,-0.290162474,-0.082125783,0.953446984],"shapeName":"/levels/johnson_valley/art/shapes/rocks/s_rocks_desert_collection_02.dae","useInstanceRenderData":true}
{"class":"TSStatic","persistentId":"d1df82c0-aaae-410e-9090-ead58880eaa3","__parent":"trail_013_rocks","position":[-849.388123,-115.834175,185.312592],"isRenderEnabled":false,"rotationMatrix":[-0.582292914,0.812236667,-0.0347289741,-0.776968718,-0.568565845,-0.270281494,-0.239278287,-0.130399734,0.962154746],"shapeName":"/levels/johnson_valley/art/shapes/rocks/s_rocks_desert_collection_03.dae","useInstanceRenderData":true}
{"class":"TSStatic","persistentId":"f5778de3-25e9-4e0a-bf93-6d94d3c5ac28","__parent":"trail_013_rocks","position":[-796.46875,-151.423828,195.621536],"isRenderEnabled":false,"rotationMatrix":[0.968301594,0.0531506911,-0.244063631,-0.00947022624,0.984207988,0.176762491,0.249604419,-0.168848068,0.953513503],"shapeName":"/levels/johnson_valley/art/shapes/rocks/s_rocks_desert_collection_03.dae","useInstanceRenderData":true}
{"class":"TSStatic","persistentId":"945071b3-dc77-4854-8d15-1dde43079b6e","__parent":"trail_013_rocks","position":[-994.698547,-88.4137802,171.026398],"isRenderEnabled":false,"rotationMatrix":[0.94916749,-0.132211894,0.285658985,-0.0291757137,0.866653264,0.498057127,-0.313416392,-0.481073916,0.818741739],"shapeName":"/levels/johnson_valley/art/shapes/rocks/s_rocks_desert_collection_03.dae","useInstanceRenderData":true}
{"class":"TSStatic","persistentId":"2ecb82f3-f67d-4978-bed5-ccf671ed7a37","__parent":"trail_013_rocks","position":[-898.226562,-99.4843903,172.738098],"isRenderEnabled":false,"rotationMatrix":[0.966545165,-1.86264515e-09,0.256496519,0.0306463782,0.992836535,-0.11548347,-0.254659086,0.119480677,0.95962131],"shapeName":"/levels/johnson_valley/art/shapes/rocks/s_rocks_desert_collection_03.dae","useInstanceRenderData":true}
{"class":"TSStatic","persistentId":"1df5161e-e772-4a57-827c-f07ca4db8db8","__parent":"trail_013_rocks","position":[-854.963562,-121.450684,183.522675],"isRenderEnabled":false,"rotationMatrix":[0.233509541,0.972354412,-7.60870336e-08,0.972354412,-0.233509302,-3.1683328e-07,-3.25841313e-07,-1.42108547e-14,-0.999999762],"shapeName":"/levels/johnson_valley/art/shapes/rocks/s_rocks_desert_large_06.dae","useInstanceRenderData":true}
{"class":"TSStatic","persistentId":"d6ea8518-f490-4e71-911d-95f30f08d99b","__parent":"trail_013_rocks","position":[-856.426636,-123.362076,183.522675],"isRenderEnabled":false,"rotationMatrix":[-0.957077861,-0.289830774,3.11855558e-07,-0.289830774,0.95707792,9.44388461e-08,-3.2584137e-07,-1.0658141e-14,-1],"shapeName":"/levels/johnson_valley/art/shapes/rocks/s_rocks_desert_large_06.dae","useInstanceRenderData":true}
{"class":"TSStatic","persistentId":"79b84741-b7ce-4b50-80b0-78335b0b6e70","__parent":"trail_013_rocks","position":[-857.455627,-124.863625,183.945724],"isRenderEnabled":false,"rotationMatrix":[-0.999999762,0,-2.38418579e-07,0,1,0,2.38418579e-07,0,-0.999999762],"shapeName":"/levels/johnson_valley/art/shapes/rocks/s_rocks_desert_medium_02.dae","useInstanceRenderData":true}
{"class":"TSStatic","persistentId":"848d18f2-e4d2-4973-ae4b-60c5ba9db79c","__parent":"trail_013_rocks","position":[-858.19928,-119.488144,182.875885],"isRenderEnabled":false,"rotationMatrix":[0.9882797,0.152653992,-3.22022402e-07,0.152653992,-0.988279819,-4.97409758e-08,-3.2584137e-07,-3.55271368e-15,-1.00000024],"shapeName":"/levels/johnson_valley/art/shapes/rocks/s_rocks_desert_large_06.dae","useInstanceRenderData":true}
{"class":"TSStatic","persistentId":"fcbe3964-43f9-4178-b107-3e833347a947","__parent":"trail_013_rocks","position":[-860.15509,-123.274597,182.875885],"isRenderEnabled":false,"rotationMatrix":[-0.270298243,-0.962776482,8.80743585e-08,-0.962776482,0.270298541,3.13712377e-07,-3.25841285e-07,2.84217094e-14,-0.999999762],"shapeName":"/levels/johnson_valley/art/shapes/rocks/s_rocks_desert_large_06.dae","useInstanceRenderData":true}
{"class":"TSStatic","persistentId":"43ed6e1b-bf6b-4089-8bc9-8ea897ed0d30","__parent":"trail_013_rocks","position":[-859.677307,-120.067154,183.008835],"isRenderEnabled":false,"rotationMatrix":[-0.74858582,-0.663038135,-2.43920198e-07,-0.663038135,0.748585641,-2.16045279e-07,3.25841398e-07,-2.84217094e-14,-1.00000024],"shapeName":"/levels/johnson_valley/art/shapes/rocks/s_rocks_desert_medium_02.dae","useInstanceRenderData":true}
{"class":"TSStatic","persistentId":"ba7371dd-a236-41bb-bfc7-1c35710d387b","__parent":"trail_013_rocks","position":[-860.083923,-121.554428,183.008835],"isRenderEnabled":false,"rotationMatrix":[0.688484073,-0.725251377,2.24336503e-07,-0.725251377,-0.688483715,-2.36316879e-07,3.25841285e-07,-7.10542736e-15,-0.999999642],"shapeName":"/levels/johnson_valley/art/shapes/rocks/s_rocks_desert_medium_02.dae","useInstanceRenderData":true}
{"class":"TSStatic","persistentId":"2bf4af58-5c51-4cf0-960d-ae49d513896c","__parent":"trail_013_rocks","position":[-842.969666,-126.433594,185.627945],"isRenderEnabled":false,"rotationMatrix":[-0.984782219,-0.173792154,-5.66286715e-08,-0.173792154,0.984782338,3.20882776e-07,-1.77635684e-15,3.25841341e-07,-0.999999881],"shapeName":"/levels/johnson_valley/art/shapes/rocks/s_rocks_desert_large_06.dae","useInstanceRenderData":true}
{"class":"TSStatic","persistentId":"71c9229b-201a-44ee-95bc-6c102cc15e26","__parent":"trail_013_rocks","position":[-843.706482,-128.617401,185.627945],"isRenderEnabled":false,"rotationMatrix":[0.849703312,-0.527261019,-1.71803435e-07,-0.527261019,-0.849703193,-2.76868434e-07,7.10542736e-15,3.25841313e-07,-0.999999881],"shapeName":"/levels/johnson_valley/art/shapes/rocks/s_rocks_desert_large_06.dae","useInstanceRenderData":true}
{"class":"TSStatic","persistentId":"cb7d01f0-3dc7-4358-9aef-0acd76d227cf","__parent":"trail_013_rocks","position":[-835.308228,-129.709717,188.292267],"isRenderEnabled":false,"rotationMatrix":[-0.865487814,0.444015563,-0.231906995,0.428886056,0.896019101,0.114919789,0.258819252,0,-0.965925694],"shapeName":"/levels/johnson_valley/art/shapes/rocks/s_rocks_desert_large_06.dae","useInstanceRenderData":true}
{"class":"TSStatic","persistentId":"80e1bd06-1464-4a7a-b4b1-57984ef766ed","__parent":"trail_013_rocks","position":[-834.926147,-131.615372,188.492538],"isRenderEnabled":false,"rotationMatrix":[0.937937438,0.238980517,0.251319736,0.230837449,-0.971024156,0.0618527532,0.258819193,0,-0.965925574],"shapeName":"/levels/johnson_valley/art/shapes/rocks/s_rocks_desert_large_06.dae","useInstanceRenderData":true}
{"class":"TSStatic","persistentId":"e342caf1-a244-43fc-b3ec-27c6b78d51e3","__parent":"trail_013_rocks","position":[-832.977295,-129.905762,189.182983],"isRenderEnabled":false,"rotationMatrix":[0.958978415,0.119721308,0.25695768,0.115641892,-0.992807269,0.0309861787,0.258819252,2.79396772e-09,-0.965925574],"shapeName":"/levels/johnson_valley/art/shapes/rocks/s_rocks_desert_large_06.dae","useInstanceRenderData":true}
{"class":"TSStatic","persistentId":"92ebf00a-2b18-4ba0-9e61-c3df96fe8e7c","__parent":"trail_013_rocks","position":[-833.695557,-132.500412,189.191971],"isRenderEnabled":false,"rotationMatrix":[0.499658465,-0.824492037,0.265621006,-0.808382094,-0.554004073,-0.198993191,0.311223328,-0.115294591,-0.943317413],"shapeName":"/levels/johnson_valley/art/shapes/rocks/s_rocks_desert_large_06.dae","useInstanceRenderData":true}
{"class":"TSStatic","persistentId":"627c2a23-ea98-4d4f-8b7c-e8df2207402f","__parent":"trail_013_rocks","position":[-831.956909,-130.362152,189.996231],"isRenderEnabled":false,"rotationMatrix":[-0.989428639,0,-0.145018712,0,1,0,0.145018712,0,-0.989428639],"shapeName":"/levels/johnson_valley/art/shapes/rocks/s_rocks_desert_medium_02.dae","useInstanceRenderData":true}
{"class":"TSStatic","persistentId":"ceea27ae-f8f6-41ba-ba6a-b7b1937633e6","__parent":"trail_013_rocks","position":[-832.589966,-131.771713,189.903427],"isRenderEnabled":false,"rotationMatrix":[0.612052798,-0.785187185,-0.0941928327,-0.790075958,-0.601971745,-0.115799934,0.0342231989,0.145295173,-0.988795996],"shapeName":"/levels/johnson_valley/art/shapes/rocks/s_rocks_desert_medium_02.dae","useInstanceRenderData":true}
{"class":"TSStatic","persistentId":"2df47a8f-9d22-4fdd-9e04-ff826c1c88f3","__parent":"trail_013_rocks","position":[-833.783813,-133.221436,189.904205],"isRenderEnabled":false,"rotationMatrix":[-0.999061465,0.0157667734,0.040337272,0.0139734689,0.998917878,-0.044359792,-0.0409930348,-0.0437545218,-0.998200655],"shapeName":"/levels/johnson_valley/art/shapes/rocks/s_rocks_desert_medium_02.dae","useInstanceRenderData":true}
{"class":"TSStatic","persistentId":"a9f784b2-e4d0-41ca-b134-b387d3a3b841","__parent":"trail_013_rocks","position":[-858.919617,-121.438057,183.591125],"isRenderEnabled":false,"rotationMatrix":[0.220392108,-0.975324929,0.0129822958,0.973637164,0.220774174,0.0573525615,-0.0588035434,-3.7252903e-09,0.998269558],"shapeName":"/levels/johnson_valley/art/shapes/rocks/s_rocks_desert_medium_03.dae","useInstanceRenderData":true}
{"class":"TSStatic","persistentId":"dba1479e-306f-4250-8013-686579c517c3","__parent":"trail_013_rocks","position":[-842.421326,-127.167648,186.570862],"isRenderEnabled":false,"rotationMatrix":[-0.995690227,0,-0.0927385241,0,1,0,0.0927385241,0,-0.995690227],"shapeName":"/levels/johnson_valley/art/shapes/rocks/s_rocks_desert_medium_04.dae","useInstanceRenderData":true}
{"class":"TSStatic","persistentId":"101ab7b0-2ae0-4a3c-8c34-80ac24888b41","__parent":"trail_013_rocks","position":[-842.494385,-128.08696,186.782913],"isRenderEnabled":false,"rotationMatrix":[-0.158053041,-0.14104487,0.977305472,-0.307875454,-0.933367729,-0.184494317,0.938206971,-0.330048203,0.104096949],"shapeName":"/levels/johnson_valley/art/shapes/rocks/s_rocks_desert_medium_05.dae","useInstanceRenderData":true}
{"class":"TSStatic","persistentId":"33916c56-f8bd-4ab1-bd9f-60b3080c0b4d","__parent":"trail_013_rocks","position":[-843.390198,-130.074371,186.115143],"isRenderEnabled":false,"rotationMatrix":[-0.906568885,0.419693708,0.0446023494,-0.0846848339,-0.0773530006,-0.993400514,-0.413473904,-0.904363453,0.105667889],"shapeName":"/levels/johnson_valley/art/shapes/rocks/s_rocks_desert_large_04.dae","useInstanceRenderData":true}
{"class":"TSStatic","persistentId":"d61e6626-a10d-4ca2-9b99-a6cdbae8fc2b","__parent":"trail_013_rocks","position":[-836.664307,-127.601494,187.479156],"isRenderEnabled":false,"rotationMatrix":[-0.999999762,0,-3.2584137e-07,0,1,0,3.2584137e-07,0,-0.999999762],"shapeName":"/levels/johnson_valley/art/shapes/rocks/s_rocks_desert_large_06.dae","useInstanceRenderData":true}
{"class":"TSStatic","persistentId":"753fde46-8eee-4240-8d2f-95d371367eda","__parent":"trail_013_rocks","position":[-853.856079,-120.620201,184.920563],"isRenderEnabled":false,"rotationMatrix":[1,0,0,0,0.271298766,0.962495148,0,-0.962495148,0.271298766],"shapeName":"/levels/johnson_valley/art/shapes/rocks/s_rocks_desert_small_03.dae","useInstanceRenderData":true}
{"class":"TSStatic","persistentId":"a1977fd5-e9d3-4826-ade7-73ae56d6b458","__parent":"trail_013_rocks","position":[-852.941406,-119.648331,184.498138],"isRenderEnabled":false,"rotationMatrix":[0.148323774,-0.988938808,0,0.988938808,0.148323774,0,0,0,1],"shapeName":"/levels/johnson_valley/art/shapes/rocks/s_rocks_desert_medium_01.dae","useInstanceRenderData":true}
{"class":"TSStatic","persistentId":"e08144d5-9330-4d35-80f8-1a5f2eb9b940","__parent":"trail_013_rocks","position":[-844.842529,-131.386017,187.211487],"isRenderEnabled":false,"shapeName":"/levels/johnson_valley/art/shapes/rocks/s_rocks_desert_medium_05.dae","useInstanceRenderData":true}
{"class":"TSStatic","persistentId":"748e15a0-073e-4ca8-864f-8b37aedb115f","__parent":"trail_013_rocks","position":[-843.373535,-131.148849,187.480164],"isRenderEnabled":false,"rotationMatrix":[0.219074607,0.975708067,0,-0.413522542,0.0928477645,-0.905747354,-0.883745074,0.198426187,0.423817933],"shapeName":"/levels/johnson_valley/art/shapes/rocks/s_rocks_desert_small_03.dae","useInstanceRenderData":true}
{"class":"TSStatic","persistentId":"8cd50bfd-e684-4c9e-9c3e-64db28225e91","__parent":"trail_013_rocks","position":[-841.424561,-126.153214,186.913116],"isRenderEnabled":false,"rotationMatrix":[1,0,0,0,-0.666900039,0.745146811,0,-0.745146811,-0.666900039],"shapeName":"/levels/johnson_valley/art/shapes/rocks/s_rocks_desert_small_05.dae","useInstanceRenderData":true}
{"class":"TSStatic","persistentId":"1558226b-2ee4-4f8a-bfff-1ce832b541fe","__parent":"trail_013_rocks","position":[-838.885498,-126.473259,187.599121],"isRenderEnabled":false,"rotationMatrix":[0.884577155,-0.466393948,1.49011612e-08,0.149144769,0.282872617,0.947490871,-0.441904008,-0.838128746,0.319782853],"shapeName":"/levels/johnson_valley/art/shapes/rocks/s_rocks_desert_medium_03.dae","useInstanceRenderData":true}
{"class":"TSStatic","persistentId":"38b3a8a3-0a81-4234-8701-e1fcdaf6998b","__parent":"trail_013_rocks","position":[-832.227173,-134.937057,191.248947],"isRenderEnabled":false,"rotationMatrix":[0.102404177,-0.145027459,-0.984113991,-0.989626467,-0.115064263,-0.0860209167,-0.100760996,0.982714176,-0.155306101],"shapeName":"/levels/johnson_valley/art/shapes/rocks/s_rocks_desert_large_06.dae","useInstanceRenderData":true}
{"class":"TSStatic","persistentId":"4b2ce7ef-85b0-41c5-b549-7349e510e898","__parent":"trail_013_rocks","position":[-1022.79767,-96.9105759,160.253571],"isRenderEnabled":false,"rotationMatrix":[0.997680247,0.00143271114,0.0680596828,-0.000529664685,0.999911606,-0.0132846432,-0.0680727065,0.0132177761,0.997592807],"shapeName":"/levels/johnson_valley/art/shapes/rocks/s_rocks_desert_low_small.dae","useInstanceRenderData":true}
{"class":"TSStatic","persistentId":"8f71780b-39db-4957-8ba9-f68eb3656ba2","__parent":"trail_013_rocks","position":[-1027.42712,-93.6230392,160.131622],"isRenderEnabled":false,"rotationMatrix":[0.98489213,-0.163447008,0.0572058968,0.166034624,0.985145569,-0.0438257754,-0.0491929464,0.0526618212,0.997399986],"shapeName":"/levels/johnson_valley/art/shapes/rocks/s_rocks_desert_low_small.dae","useInstanceRenderData":true}
{"class":"TSStatic","persistentId":"9276c4ba-3ee1-46b1-a3df-29190069e260","__parent":"trail_013_rocks","position":[-1026.09753,-102.857536,160.520554],"isRenderEnabled":false,"rotationMatrix":[-0.741614103,-0.667587459,0.0658428967,0.670198262,-0.741589069,0.029660143,0.0290276352,0.0661241785,0.997389078],"shapeName":"/levels/johnson_valley/art/shapes/rocks/s_rocks_desert_low_small.dae","useInstanceRenderData":true}
{"class":"TSStatic","persistentId":"36b639c5-2eb7-4cc9-93e3-bb349fce6feb","__parent":"trail_013_rocks","position":[-1017.60693,-96.7659073,160.658539],"isRenderEnabled":false,"rotationMatrix":[-0.87340498,-0.465306371,-0.143712774,0.467147082,-0.883886695,0.0227503777,-0.137611732,-0.0472647175,0.989357889],"shapeName":"/levels/johnson_valley/art/shapes/rocks/s_rocks_desert_low_small.dae","useInstanceRenderData":true}
{"class":"TSStatic","persistentId":"a4b0103a-e16f-4843-b363-c7ab0cfb2a0e","__parent":"trail_013_rocks","position":[-1011.77795,-95.8607254,161.999512],"isRenderEnabled":false,"rotationMatrix":[0.244677782,-0.969604373,2.98023224e-08,0.926513076,0.233803809,0.29480356,-0.285842836,-0.0721318275,0.955557883],"shapeName":"/levels/johnson_valley/art/shapes/rocks/s_rocks_desert_low_tiny.dae","useInstanceRenderData":true}
{"class":"TSStatic","persistentId":"5376c511-c007-4817-8026-536932955593","__parent":"trail_013_rocks","position":[-1031.87,-87.3503571,159.333817],"isRenderEnabled":false,"rotationMatrix":[0.702638388,0.711547077,-3.7252903e-09,-0.703733027,0.694922209,-0.147793621,-0.105162129,0.103845477,0.989018202],"shapeName":"/levels/johnson_valley/art/shapes/rocks/s_rocks_desert_low_tiny.dae","useInstanceRenderData":true}
{"class":"TSStatic","persistentId":"fae3a6cc-0d4b-46d5-a68c-f14b8a032edd","__parent":"trail_013_rocks","position":[-953.377808,-105.122414,171.570572],"isRenderEnabled":false,"rotationMatrix":[-0.10210979,0.99477303,-1.49011612e-08,-0.987487912,-0.10136199,0.120801821,0.1201704,0.0123350807,0.992676616],"shapeName":"/levels/johnson_valley/art/shapes/rocks/s_rocks_desert_low_tiny.dae","useInstanceRenderData":true}
{"class":"TSStatic","persistentId":"9d7b5897-4311-49c5-a5be-77b9cb907bb0","__parent":"trail_013_rocks","position":[-953.046082,-102.053276,171.409607],"isRenderEnabled":false,"rotationMatrix":[-0.107890487,0.992965698,-0.0487716198,-0.986648083,-0.100925565,0.127826303,0.122004822,0.0619116798,0.990596652],"shapeName":"/levels/johnson_valley/art/shapes/rocks/s_rocks_desert_low_tiny.dae","useInstanceRenderData":true}
{"class":"TSStatic","persistentId":"92e7e73c-4f78-4b5f-990a-e4f8f952bad7","__parent":"trail_013_rocks","position":[-952.875061,-96.1789398,171.246262],"isRenderEnabled":false,"rotationMatrix":[-0.883800507,0.42891109,0.186898813,-0.427878559,-0.902563453,0.04794126,0.189250663,-0.0375994891,0.981208682],"shapeName":"/levels/johnson_valley/art/shapes/rocks/s_rocks_desert_low_small.dae","useInstanceRenderData":true}
{"class":"TSStatic","persistentId":"02c4ae93-30ef-4ef3-9854-637f48cd8fd4","__parent":"trail_013_rocks","position":[-937.651428,-103.59861,169.928497],"isRenderEnabled":false,"shapeName":"/levels/johnson_valley/art/shapes/rocks/s_rocks_desert_medium_04.dae","useInstanceRenderData":true}
{"class":"TSStatic","persistentId":"2a1f27d7-75a3-4cb7-b856-ed7f2f639603","__parent":"trail_013_rocks","position":[-950.256226,-107.198669,172.257919],"isRenderEnabled":false,"rotationMatrix":[0.461463213,-0.887159288,0,0.887159288,0.461463213,0,0,0,1],"shapeName":"/levels/johnson_valley/art/shapes/rocks/s_rocks_desert_medium_03.dae","useInstanceRenderData":true}
{"class":"TSStatic","persistentId":"7419cc24-976d-426d-a7e7-bba1ca5a0969","__parent":"trail_013_rocks","position":[-950.441956,-110.057182,172.86821],"isRenderEnabled":false,"rotationMatrix":[0.995820582,-0.0122179268,-0.0905099809,0,0.99101156,-0.133776456,0.0913309008,0.133217365,0.986869693],"shapeName":"/levels/johnson_valley/art/shapes/rocks/s_rocks_desert_collection_03.dae","useInstanceRenderData":true}
{"class":"TSStatic","persistentId":"8d2458e7-2269-43f0-bb27-8e73ca4e59f8","__parent":"trail_013_rocks","position":[-655.412659,-293.187286,162.425888],"isRenderEnabled":false,"rotationMatrix":[0.940798759,-0.338965595,0,0.338965595,0.940798759,0,0,0,1],"shapeName":"/levels/johnson_valley/art/shapes/rocks/s_rocks_desert_medium_02.dae","useInstanceRenderData":true}
{"class":"TSStatic","persistentId":"3d21e820-61ec-4b73-aae6-dbee21808fd5","__parent":"trail_013_rocks","position":[-656.763672,-293.983795,162.21701],"isRenderEnabled":false,"rotationMatrix":[-0.723812342,0.689996719,0,-0.689996719,-0.723812342,0,0,0,1],"shapeName":"/levels/johnson_valley/art/shapes/rocks/s_rocks_desert_medium_05.dae","useInstanceRenderData":true}
{"class":"TSStatic","persistentId":"ce82e01f-1639-44ea-84ea-ea40e6e205e4","__parent":"trail_013_rocks","position":[-696.659668,-294.549377,172.42952],"isRenderEnabled":false,"rotationMatrix":[0.986879587,0.0221625455,-0.159929544,-9.31322575e-10,0.990534306,0.13726522,0.161457837,-0.135464236,0.977538109],"shapeName":"/levels/johnson_valley/art/shapes/rocks/s_rocks_desert_small_05.dae","useInstanceRenderData":true}
{"class":"TSStatic","persistentId":"968c6d3b-5111-436f-9da0-9747dd883fdb","__parent":"trail_013_rocks","position":[-697.078064,-293.460297,172.578827],"isRenderEnabled":false,"rotationMatrix":[-0.99297142,-0.0875716284,0.0796164945,-0.114714853,0.87764895,-0.465373814,-0.0291217882,-0.47123611,-0.881526113],"shapeName":"/levels/johnson_valley/art/shapes/rocks/s_rocks_desert_small_01.dae","useInstanceRenderData":true}
{"class":"TSStatic","persistentId":"3644b893-4e4a-4463-ba06-94736f11eb84","__parent":"trail_013_rocks","position":[-696.318787,-293.784607,172.160492],"isRenderEnabled":false,"rotationMatrix":[0.378679752,-0.925527692,0,0.925527692,0.378679752,0,0,0,1],"shapeName":"/levels/johnson_valley/art/shapes/rocks/s_rocks_desert_small_06.dae","useInstanceRenderData":true}
{"class":"TSStatic","persistentId":"4d679a80-c72a-469c-9d8a-5f0110b8c9a6","__parent":"trail_013_rocks","position":[-696.687073,-292.440002,172.289886],"isRenderEnabled":false,"shapeName":"/levels/johnson_valley/art/shapes/rocks/s_rocks_desert_small_06.dae","useInstanceRenderData":true}
{"class":"TSStatic","persistentId":"c500a40f-b038-44c6-a2ef-51142bb70b5c","__parent":"trail_013_rocks","position":[-717.022644,-292.829529,181.291794],"isRenderEnabled":false,"rotationMatrix":[0.422634721,-0.89017725,-0.170189023,0.898105621,0.436557829,-0.0531366765,0.121598415,-0.130390331,0.983977735],"shapeName":"/levels/johnson_valley/art/shapes/rocks/s_rocks_desert_low_flat_01.dae","useInstanceRenderData":true}
{"class":"TSStatic","persistentId":"73cf4a8a-2662-4210-8b46-a6212ac9af05","__parent":"trail_013_rocks","position":[-722.638428,-271.466217,181.229752],"isRenderEnabled":false,"rotationMatrix":[0.938487411,0.0402897075,0.342954963,0,0.993170083,-0.116675764,-0.34531346,0.109498739,0.932077587],"shapeName":"/levels/johnson_valley/art/shapes/rocks/s_rocks_desert_low_flat_02.dae","useInstanceRenderData":true}
{"class":"TSStatic","persistentId":"10ca49d1-a547-4a25-b786-ba15fccd214e","__parent":"trail_013_rocks","position":[-727.227173,-259.104156,176.918732],"isRenderEnabled":false,"rotationMatrix":[-0.866033077,0.479298472,-0.14233458,-0.499610186,-0.818537831,0.283522367,0.0193855762,0.316651642,0.948343754],"shapeName":"/levels/johnson_valley/art/shapes/rocks/s_rocks_desert_medium_03.dae","useInstanceRenderData":true}
{"class":"TSStatic","persistentId":"687967b0-39be-4668-a544-5a60a5874003","__parent":"trail_013_rocks","position":[-763.706055,-226.601257,179.495575],"isRenderEnabled":false,"rotationMatrix":[-0.769193411,0.636611879,-0.055381719,-0.629539669,-0.769805431,-0.105260216,-0.109643042,-0.04610046,0.992901385],"shapeName":"/levels/johnson_valley/art/shapes/rocks/s_rocks_desert_low_flat_01.dae","useInstanceRenderData":true}
{"class":"TSStatic","persistentId":"1da9e441-43fa-412f-9419-b3976a8456df","__parent":"trail_013_rocks","position":[-766.956421,-176.929474,195.318085],"isRenderEnabled":false,"rotationMatrix":[0.860363066,-0.497745395,-0.109658182,0.508067846,0.820446312,0.262173384,-0.0405269377,-0.281278104,0.958770156],"shapeName":"/levels/johnson_valley/art/shapes/rocks/s_rocks_desert_low_small.dae","useInstanceRenderData":true}
{"class":"TSStatic","persistentId":"a71cca6a-03ed-4f67-8180-821278dffb18","__parent":"trail_013_rocks","position":[-784.523865,-154.372452,192.799026],"isRenderEnabled":false,"rotationMatrix":[0.601333499,-0.798695505,0.0219886769,0.798888624,0.601478934,0,-0.0132257249,0.0175665058,0.999758244],"shapeName":"/levels/johnson_valley/art/shapes/rocks/s_rocks_desert_low_small.dae","useInstanceRenderData":true}
{"class":"TSStatic","persistentId":"fc6967fd-fce8-4433-a910-36b6a3395641","__parent":"trail_013_rocks","position":[-783.965637,-135.887054,192.79007],"isRenderEnabled":false,"rotationMatrix":[0.38146472,0.924383342,0,-0.924383342,0.38146472,0,0,0,1],"shapeName":"/levels/johnson_valley/art/shapes/rocks/s_rocks_desert_low_small.dae","useInstanceRenderData":true}
{"class":"TSStatic","persistentId":"f789af4d-c877-478d-8792-1a41290b14d6","__parent":"trail_013_rocks","position":[-785.848022,-139.321564,192.987274],"isRenderEnabled":false,"rotationMatrix":[0.308248818,0.93569231,-0.171647012,-0.946347833,0.320006967,0.0449614935,0.0969983637,0.14857842,0.984131992],"shapeName":"/levels/johnson_valley/art/shapes/rocks/s_rocks_desert_low_tiny.dae","useInstanceRenderData":true}
{"class":"TSStatic","persistentId":"d043dba1-67f2-494a-9585-639fbd828430","__parent":"trail_013_rocks","position":[-795.381775,-138.590759,194.32695],"isRenderEnabled":false,"rotationMatrix":[0.922587991,0.323359072,-0.210405171,-0.330763459,0.943713665,3.7252903e-09,0.198562235,0.0695943385,0.977614284],"shapeName":"/levels/johnson_valley/art/shapes/rocks/s_rocks_desert_low_tiny.dae","useInstanceRenderData":true}
{"class":"TSStatic","persistentId":"961493ac-a531-4367-8cbb-529c623ce031","__parent":"trail_013_rocks","position":[-811.451294,-137.295288,196.594437],"isRenderEnabled":false,"shapeName":"/levels/johnson_valley/art/shapes/rocks/s_rocks_desert_low_flat_01.dae","useInstanceRenderData":true}
{"class":"TSStatic","persistentId":"a2981a00-c447-45c2-ba0c-080e6f590b79","__parent":"trail_013_rocks","position":[-866.833252,-111.678558,181.03743],"isRenderEnabled":false,"rotationMatrix":[0.995707095,0.0925602987,0,-0.0920149907,0.989841044,-0.108387738,-0.0100324024,0.107922435,0.994108677],"shapeName":"/levels/johnson_valley/art/shapes/rocks/s_rocks_desert_low_small.dae","useInstanceRenderData":true}
{"class":"TSStatic","persistentId":"a0726a7b-4d55-4f77-abd4-cd1588d7a0c5","__parent":"trail_013_rocks","position":[-863.75116,-110.199692,181.21347],"isRenderEnabled":false,"rotationMatrix":[0.976794958,0.0953196585,0.191796273,-0.0758218318,0.991410732,-0.106563881,-0.200306505,0.089548707,0.97563225],"shapeName":"/levels/johnson_valley/art/shapes/rocks/s_rocks_desert_low_tiny.dae","useInstanceRenderData":true}
{"class":"TSStatic","persistentId":"e71bfdb1-58cb-4425-8094-afdf9947a51f","__parent":"trail_013_rocks","position":[-872.66925,-99.1118164,178.775711],"isRenderEnabled":false,"rotationMatrix":[0.325400889,0.941264093,-0.0901999995,-0.940717399,0.312594891,-0.131662488,-0.0957331434,0.127695799,0.987182319],"shapeName":"/levels/johnson_valley/art/shapes/rocks/s_rocks_desert_low_tiny.dae","useInstanceRenderData":true}
{"class":"TSStatic","persistentId":"7cec0ffe-6e3d-4fa7-80eb-5cdc9adb4b3c","__parent":"trail_013_rocks","position":[-871.432556,-96.3319397,178.589645],"isRenderEnabled":false,"rotationMatrix":[-0.313814163,-0.949409544,-0.0119244419,0.943174064,-0.313149452,0.111176491,-0.109286159,0.023641929,0.993729115],"shapeName":"/levels/johnson_valley/art/shapes/rocks/s_rocks_desert_low_tiny.dae","useInstanceRenderData":true}
{"class":"TSStatic","persistentId":"b66250d3-efaa-4178-a367-87b71ddcd99b","__parent":"trail_013_rocks","position":[-760.853516,-207.65596,182.40976],"isRenderEnabled":false,"rotationMatrix":[-0.0122879744,0.999924242,-0.000493749976,-0.927668989,-0.0115842819,-0.373223454,-0.373200953,-0.00412815809,0.927741349],"shapeName":"/levels/johnson_valley/art/shapes/rocks/s_rocks_desert_low_tiny.dae","useInstanceRenderData":true}
{"class":"TSStatic","persistentId":"14c95b45-2f30-4207-80ed-fa1db2017407","__parent":"trail_013_rocks","position":[-770.542847,-208.699646,179.122147],"isRenderEnabled":false,"rotationMatrix":[0.447123468,-0.889357328,-0.0955199897,0.859505296,0.397620976,0.321166873,-0.247651368,-0.225701168,0.942193091],"scale":[1.40161133,1.40161133,1.40161133],"shapeName":"/levels/johnson_valley/art/shapes/rocks/s_rocks_desert_low_small.dae","useInstanceRenderData":true}
{"class":"TSStatic","persistentId":"2533434a-1c7c-41d5-a99c-a6166a32ff7f","__parent":"trail_013_rocks","position":[-911.870728,-132.209244,165.542801],"isRenderEnabled":false,"rotationMatrix":[1,0,0,0,0.996716678,0.0809680223,0,-0.0809680223,0.996716678],"shapeName":"/levels/johnson_valley/art/shapes/rocks/s_rocks_desert_low_small.dae","useInstanceRenderData":true}
{"class":"TSStatic","persistentId":"3c946030-1f58-472e-b7df-e1c0e44eed57","__parent":"trail_013_rocks","position":[-907.362671,-133.373871,165.670929],"isRenderEnabled":false,"rotationMatrix":[-0.990217447,0.0112972409,-0.139073074,0.00284190523,-0.994876981,-0.101050973,-0.139502227,-0.100457698,0.985112846],"shapeName":"/levels/johnson_valley/art/shapes/rocks/s_rocks_desert_low_small.dae","useInstanceRenderData":true}
{"class":"TSStatic","persistentId":"a1b955d5-8097-44be-ae68-9b57366816c5","__parent":"trail_013_rocks","position":[-910.974243,-127.446411,166.149445],"isRenderEnabled":false,"rotationMatrix":[-0.0113682747,0.988807917,0.148759827,-0.999429703,-0.00650572777,-0.0331329554,-0.0317943208,-0.149051666,0.988318145],"shapeName":"/levels/johnson_valley/art/shapes/rocks/s_rocks_desert_low_tiny.dae","useInstanceRenderData":true}
{"class":"TSStatic","persistentId":"a35ebf57-cd72-4855-aeca-d64298fccb80","__parent":"trail_013_rocks","position":[-911.423706,-140.682114,164.491974],"isRenderEnabled":false,"rotationMatrix":[0.999590337,-0.0047284523,0.0282266177,-0.00109483569,0.979218006,0.202807635,-0.0285989791,-0.202755451,0.978811681],"shapeName":"/levels/johnson_valley/art/shapes/rocks/s_rocks_desert_low_tiny.dae","useInstanceRenderData":true}
{"class":"TSStatic","persistentId":"5028d35d-c5a5-41e6-a7bc-6831215a40c1","__parent":"trail_013_rocks","position":[-926.588379,-101.711792,168.139191],"isRenderEnabled":false,"rotationMatrix":[-0.181524158,0.983386755,-5.58793545e-09,-0.982775211,-0.181411266,0.0352598764,0.0346740857,0.00640051439,0.999378204],"shapeName":"/levels/johnson_valley/art/shapes/rocks/s_rocks_desert_low_tiny.dae","useInstanceRenderData":true}
{"class":"TSStatic","persistentId":"e40f4dfb-768f-42e6-9ecd-1d9c97d082e2","__parent":"trail_013_rocks","position":[-921.18158,-98.8969879,169.731339],"isRenderEnabled":false,"rotationMatrix":[0.41350013,0.910351932,0.0166429132,0.910504043,-0.413430929,-0.00755827874,9.31322575e-10,0.0182787888,-0.999832869],"shapeName":"/levels/johnson_valley/art/shapes/rocks/s_rocks_desert_large_02.dae","useInstanceRenderData":true}
{"class":"TSStatic","persistentId":"9978c03d-71c8-41ec-8fe2-95cc43b807ee","__parent":"trail_013_rocks","position":[-920.099731,-95.9528732,170.09137],"isRenderEnabled":false,"rotationMatrix":[0.17360568,0.984815121,0,-0.984815121,0.17360568,0,0,0,1],"shapeName":"/levels/johnson_valley/art/shapes/rocks/s_rocks_desert_large_04.dae","useInstanceRenderData":true}
{"class":"TSStatic","persistentId":"0592ca6e-dfed-4cd6-b048-418fee5f621a","__parent":"trail_013_rocks","position":[-654.807861,-290.481476,161.49614],"isRenderEnabled":false,"rotationMatrix":[0.0758484602,0.995631874,0.0544424914,-0.996936142,0.074674964,0.023277536,0.0191103704,-0.0560412556,0.998245537],"shapeName":"/levels/johnson_valley/art/shapes/rocks/s_rocks_desert_low_tiny.dae","useInstanceRenderData":true}
{"class":"TSStatic","persistentId":"4ddb56d7-10d3-4745-ac97-195ac9653ee8","__parent":"trail_013_rocks","position":[-654.769714,-287.311981,161.596054],"isRenderEnabled":false,"rotationMatrix":[-0.0753593445,-0.997145414,0.0046625752,0.995553136,-0.0755023956,-0.0563304275,0.056521669,0.000396806747,0.998401284],"shapeName":"/levels/johnson_valley/art/shapes/rocks/s_rocks_desert_low_tiny.dae","useInstanceRenderData":true}
{"class":"TSStatic","persistentId":"a8ff5b33-fca7-4e71-9816-4a0b9c1164d1","__parent":"trail_013_rocks","position":[-661.970825,-290.360413,161.876724],"isRenderEnabled":false,"rotationMatrix":[0.0807740688,0.994530439,0.0662144572,-0.993631244,0.0751088262,0.0839947164,0.0785620511,-0.0725773573,0.994263828],"shapeName":"/levels/johnson_valley/art/shapes/rocks/s_rocks_desert_low_tiny.dae","useInstanceRenderData":true}
{"class":"TSStatic","persistentId":"1e50978e-78ea-41c9-a3ad-28378a3ccf1f","__parent":"trail_013_rocks","position":[-661.921021,-287.193024,162.026398],"isRenderEnabled":false,"rotationMatrix":[-0.0767589808,-0.997022927,-0.00727714598,0.990276396,-0.0753862858,-0.116915144,0.116018504,-0.0161807016,0.993115246],"shapeName":"/levels/johnson_valley/art/shapes/rocks/s_rocks_desert_low_tiny.dae","useInstanceRenderData":true}
{"class":"TSStatic","persistentId":"da454f42-98c1-4e86-9660-bda197bd8ac3","__parent":"trail_013_rocks","position":[-668.692017,-290.31839,163.045685],"isRenderEnabled":false,"rotationMatrix":[-0.131211877,0.991222024,-0.0161881298,-0.970657349,-0.125136137,0.205340862,0.201512679,0.0426563099,0.978556633],"shapeName":"/levels/johnson_valley/art/shapes/rocks/s_rocks_desert_low_tiny.dae","useInstanceRenderData":true}
{"class":"TSStatic","persistentId":"489cb983-ec91-495b-83fb-92ea82fe3469","__parent":"trail_013_rocks","position":[-669.337585,-287.219635,162.850418],"isRenderEnabled":false,"rotationMatrix":[0.14882046,-0.981989324,0.116400614,0.969895303,0.122005701,-0.210754469,0.192757174,0.144260958,0.970584095],"shapeName":"/levels/johnson_valley/art/shapes/rocks/s_rocks_desert_low_tiny.dae","useInstanceRenderData":true}
{"class":"TSStatic","persistentId":"bf0c2d09-b1d3-4dee-a8d7-be581d941c2e","__parent":"trail_013_rocks","position":[-659.366943,-296.299316,161.601273],"isRenderEnabled":false,"rotationMatrix":[0.153018177,-0.986501575,-0.0583113357,0.988038659,0.153864026,-0.0102770757,0.019110376,-0.056041263,0.998245537],"shapeName":"/levels/johnson_valley/art/shapes/rocks/s_rocks_desert_low_tiny.dae","useInstanceRenderData":true}
{"class":"TSStatic","persistentId":"3cb9db61-0d90-4e59-9851-025c52e1179b","__parent":"trail_013_rocks","position":[-662.657227,-292.627716,162.022598],"isRenderEnabled":false,"rotationMatrix":[0.0694481134,0.996892452,-0.0371782109,-0.991206646,0.0731639266,0.110255912,0.112633385,0.0291942395,0.993207633],"shapeName":"/levels/johnson_valley/art/shapes/rocks/s_rocks_desert_low_tiny.dae","useInstanceRenderData":true}
{"class":"TSStatic","persistentId":"7d915b46-247b-45e6-a4b1-c49c88372d78","__parent":"trail_013_rocks","position":[-703.403931,-296.155121,172.359253],"isRenderEnabled":false,"shapeName":"/levels/johnson_valley/art/shapes/rocks/s_rocks_desert_large_02.dae","useInstanceRenderData":true}
{"class":"TSStatic","persistentId":"2ae560b1-7d5b-4e01-b9e5-54dc05f8b351","__parent":"trail_013_rocks","position":[-701.997253,-293.160706,172.977402],"isRenderEnabled":false,"rotationMatrix":[0.273430288,0.961891711,0,-0.961891711,0.273430288,0,0,0,1],"shapeName":"/levels/johnson_valley/art/shapes/rocks/s_rocks_desert_large_04.dae","useInstanceRenderData":true}
{"class":"TSStatic","persistentId":"f3498780-b3f5-4453-bc5a-03d9b1032c32","__parent":"trail_013_rocks","position":[-705.150818,-296.596069,175.046463],"isRenderEnabled":false,"rotationMatrix":[-0.985311627,-0.17076613,0,0.17076613,-0.985311627,0,0,0,1],"shapeName":"/levels/johnson_valley/art/shapes/rocks/s_rocks_desert_large_05.dae","useInstanceRenderData":true}
{"class":"TSStatic","persistentId":"518daf54-a5b0-41f0-bbc2-242409c77b71","__parent":"trail_013_rocks","position":[-707.906128,-297.205627,175.614334],"isRenderEnabled":false,"rotationMatrix":[-0.967944145,0.251164615,0,-0.251164615,-0.967944145,0,0,0,1],"shapeName":"/levels/johnson_valley/art/shapes/rocks/s_rocks_desert_large_06.dae","useInstanceRenderData":true}
{"class":"TSStatic","persistentId":"0459928f-df2d-4ff3-b899-f0bed6c48af5","__parent":"trail_013_rocks","position":[-687.84491,-285.613434,169.12265],"isRenderEnabled":false,"rotationMatrix":[0.946470737,-5.58793545e-09,-0.322789669,0.0427946895,0.991172612,0.125480816,0.319940269,-0.132577613,0.938115895],"shapeName":"/levels/johnson_valley/art/shapes/rocks/s_rocks_desert_huge_sheet_1.dae","useInstanceRenderData":true}
{"class":"TSStatic","persistentId":"5ca571dc-c732-4abc-9dbb-c8dd8d0dcfdc","__parent":"trail_013_rocks","position":[-683.133545,-294.728638,167.880386],"isRenderEnabled":false,"rotationMatrix":[0.966822922,0.0047419304,-0.255403489,-0.0228111073,0.997435927,-0.067832008,0.254426986,0.0714075714,0.964452147],"shapeName":"/levels/johnson_valley/art/shapes/rocks/s_rocks_desert_huge_sheet_1.dae","useInstanceRenderData":true}
{"class":"TSStatic","persistentId":"d8a76b0d-39ab-4596-91df-23892a69edf3","__parent":"trail_013_rocks","position":[-677.027039,-286.361176,165.376968],"isRenderEnabled":false,"rotationMatrix":[0.927404702,0,-0.374059498,0,1,0,0.374059498,0,0.927404702],"shapeName":"/levels/johnson_valley/art/shapes/rocks/s_rocks_desert_low_flat_02.dae","useInstanceRenderData":true}
{"class":"TSStatic","persistentId":"dac4fe03-b30b-4e99-b868-b96c1b92fd4e","__parent":"trail_013_rocks","position":[-694.25238,-301.16684,170.209244],"isRenderEnabled":false,"shapeName":"/levels/johnson_valley/art/shapes/rocks/s_rocks_desert_large_02.dae","useInstanceRenderData":true}
{"class":"TSStatic","persistentId":"3a94cc3b-6c75-44dd-9ca1-cda8918a9715","__parent":"trail_013_rocks","position":[-693.967285,-298.402374,170.555191],"isRenderEnabled":false,"shapeName":"/levels/johnson_valley/art/shapes/rocks/s_rocks_desert_large_04.dae","useInstanceRenderData":true}
{"class":"TSStatic","persistentId":"f0e5bfaf-3c47-425a-a404-3680752ca86b","__parent":"trail_013_rocks","position":[-696.961731,-298.473358,171.910339],"isRenderEnabled":false,"rotationMatrix":[0.963000834,0.263609648,-0.0560295992,-0.261578321,0.964308321,0.0410641842,0.0648547262,-0.0248887129,0.997584283],"shapeName":"/levels/johnson_valley/art/shapes/rocks/s_rocks_desert_low_tiny.dae","useInstanceRenderData":true}
