{"class":"TSStatic","persistentId":"dafdc692-e62c-40a7-87a4-980ac767e709","__parent":"trail_028_rocks","position":[1084.69165,-500.853699,123.807388],"isRenderEnabled":false,"rotationMatrix":[0.0854644775,0.996282339,-0.0108350702,-0.988371015,0.08614856,0.125304371,0.125771955,0,0.992059171],"shapeName":"/levels/johnson_valley/art/shapes/rocks/s_rocks_desert_collection_02.dae","useInstanceRenderData":true}
{"class":"TSStatic","persistentId":"2a584c22-4918-4dd4-bfea-9840cd8ffa21","__parent":"trail_028_rocks","position":[1021.27765,-509.805084,141.537003],"isRenderEnabled":false,"rotationMatrix":[0.964543164,-4.65661287e-10,-0.263925046,0.0130537935,0.998776078,0.047706522,0.263602048,-0.0494602248,0.963362694],"shapeName":"/levels/johnson_valley/art/shapes/rocks/s_rocks_desert_collection_03.dae","useInstanceRenderData":true}
{"class":"TSStatic","persistentId":"9e67335d-24a8-4685-9724-0876579e9b98","__parent":"trail_028_rocks","position":[938.286011,-521.82843,158.19548],"isRenderEnabled":false,"shapeName":"/levels/johnson_valley/art/shapes/rocks/s_rocks_desert_large_07.dae","useInstanceRenderData":true}
{"class":"TSStatic","persistentId":"e47a2c8f-a6b6-4540-b571-ce9cb68628c4","__parent":"trail_028_rocks","position":[937.374329,-520.034546,158.483597],"isRenderEnabled":false,"rotationMatrix":[0.277318835,0,0.960777938,0,1,0,-0.960777938,0,0.277318835],"shapeName":"/levels/johnson_valley/art/shapes/rocks/s_rocks_desert_medium_05.dae","useInstanceRenderData":true}
{"class":"TSStatic","persistentId":"c3560ceb-689e-497f-afcd-6c8638ce84a6","__parent":"trail_028_rocks","position":[937.57489,-518.796997,158.531754],"isRenderEnabled":false,"rotationMatrix":[0.032338202,2.98023224e-08,-0.99947691,-0.995102882,-0.0934531689,-0.0321965516,-0.0934043229,0.995623589,-0.00302195549],"shapeName":"/levels/johnson_valley/art/shapes/rocks/s_rocks_desert_medium_05.dae","useInstanceRenderData":true}
{"class":"TSStatic","persistentId":"d0e28933-a67f-4d6b-8441-2a64cbc25f2c","__parent":"trail_028_rocks","position":[938.742676,-519.723877,158.084641],"isRenderEnabled":false,"rotationMatrix":[0.405591667,0,-0.914054275,0,1,0,0.914054275,0,0.405591667],"shapeName":"/levels/johnson_valley/art/shapes/rocks/s_rocks_desert_medium_04.dae","useInstanceRenderData":true}
{"class":"TSStatic","persistentId":"a43defd4-607f-4958-bff5-19218b6995cd","__parent":"trail_028_rocks","position":[936.836914,-522.431885,158.176819],"isRenderEnabled":false,"rotationMatrix":[0.142361343,0,-0.989814579,0,1,0,0.989814579,0,0.142361343],"shapeName":"/levels/johnson_valley/art/shapes/rocks/s_rocks_desert_medium_04.dae","useInstanceRenderData":true}
{"class":"TSStatic","persistentId":"ab841c20-f843-4e8a-98fa-e1d2fcab9e06","__parent":"trail_028_rocks","position":[934.838684,-522.874084,157.714539],"isRenderEnabled":false,"rotationMatrix":[0.216011584,0.839852393,-0.497982562,-0.865338624,0.400905967,0.300770968,0.452247381,0.365953714,0.813357294],"shapeName":"/levels/johnson_valley/art/shapes/rocks/s_rocks_desert_large_06.dae","useInstanceRenderData":true}
{"class":"TSStatic","persistentId":"e92d2b47-b0dc-465d-826b-839d091ef201","__parent":"trail_028_rocks","position":[929.761292,-533.441162,156.574097],"isRenderEnabled":false,"rotationMatrix":[0.909691513,-0.364211172,-0.199528217,0.415284604,0.797813892,0.437071621,-7.4505806e-09,-0.480461359,0.877015889],"shapeName":"/levels/johnson_valley/art/shapes/rocks/s_rocks_desert_large_05.dae","useInstanceRenderData":true}
{"class":"TSStatic","persistentId":"7b99b535-a593-481d-afae-d6d337a8bf45","__parent":"trail_028_rocks","position":[917.23999,-528.273071,155.139801],"isRenderEnabled":false,"rotationMatrix":[0.514230371,0.295468152,0.805149436,-0.159039378,0.955352604,-0.249013871,-0.842777252,1.49011612e-08,0.538262367],"shapeName":"/levels/johnson_valley/art/shapes/rocks/s_rocks_desert_medium_04.dae","useInstanceRenderData":true}
{"class":"TSStatic","persistentId":"5ac0e1b7-1843-4847-8ef4-34d98e321984","__parent":"trail_028_rocks","position":[918.654724,-529.53418,155.274292],"isRenderEnabled":false,"rotationMatrix":[0.782805741,-0.597553074,-0.173624411,0.606768668,0.794878423,0,0.138010308,-0.105349869,0.984811962],"shapeName":"/levels/johnson_valley/art/shapes/rocks/s_rocks_desert_medium_03.dae","useInstanceRenderData":true}
{"class":"TSStatic","persistentId":"1e49d9ca-932c-4f7b-9b0a-45c6334a9712","__parent":"trail_028_rocks","position":[915.941406,-528.735413,155.245239],"isRenderEnabled":false,"rotationMatrix":[-0.0238816738,0.177452534,0.983839512,0.0362490341,0.983626783,-0.176534265,-0.999057412,0.0314472988,-0.0299232006],"shapeName":"/levels/johnson_valley/art/shapes/rocks/s_rocks_desert_medium_05.dae","useInstanceRenderData":true}
{"class":"TSStatic","persistentId":"70038b65-6739-4934-be2a-b2eeb9b09f17","__parent":"trail_028_rocks","position":[898.638733,-496.946259,162.373718],"isRenderEnabled":false,"rotationMatrix":[0.998411775,0.00351891993,-0.056227155,-1.16415322e-10,0.998047352,0.0624617822,0.0563371629,-0.0623625778,0.996462286],"scale":[0.880895972,0.880895972,0.880895972],"shapeName":"/levels/johnson_valley/art/shapes/rocks/s_rocks_desert_collection_03.dae","useInstanceRenderData":true}
{"class":"TSStatic","persistentId":"f0bbd5bc-8631-407a-a325-213a4e89d234","__parent":"trail_028_rocks","position":[905.705627,-497.079346,162.64856],"isRenderEnabled":false,"rotationMatrix":[0.694343269,-0.714146435,-0.0887819603,0.711493909,0.662721336,0.23361671,-0.107998855,-0.225378007,0.968267024],"shapeName":"/levels/johnson_valley/art/shapes/rocks/s_rocks_desert_collection_03.dae","useInstanceRenderData":true}
{"class":"TSStatic","persistentId":"d76b0209-6043-48bf-a149-cb8f61a0c85b","__parent":"trail_028_rocks","position":[929.903076,-525.77887,158.000198],"isRenderEnabled":false,"rotationMatrix":[0.996185243,0.0281837899,-0.0825873986,0.0102950577,0.901841819,0.431943655,0.0866545811,-0.431146145,0.898111343],"shapeName":"/levels/johnson_valley/art/shapes/rocks/s_rocks_desert_collection_03.dae","useInstanceRenderData":true}
{"class":"TSStatic","persistentId":"adc7c7c8-6524-4c5e-ab80-9a19aa244e9d","__parent":"trail_028_rocks","position":[933.903015,-532.39209,157.70166],"isRenderEnabled":false,"rotationMatrix":[-0.981607318,0.185346663,-0.0457536727,-0.18756637,-0.980967402,0.0502140597,-0.0355758592,0.0578723475,0.997689903],"shapeName":"/levels/johnson_valley/art/shapes/rocks/s_rocks_desert_collection_02.dae","useInstanceRenderData":true}
{"class":"TSStatic","persistentId":"80af591c-ec86-4002-acaf-e426a10e4d90","__parent":"trail_028_rocks","position":[923.739929,-536.646118,156.767822],"isRenderEnabled":false,"rotationMatrix":[0.472547591,-0.858555436,0.198950335,0.846889257,0.504841805,0.167072877,-0.24387978,0.0895390362,0.965663195],"shapeName":"/levels/johnson_valley/art/shapes/rocks/s_rocks_desert_collection_01.dae","useInstanceRenderData":true}
{"class":"TSStatic","persistentId":"9cf4bafa-fd34-413b-aaa6-bf7a4c0e478c","__parent":"trail_028_rocks","position":[937.723877,-534.762512,158.151245],"isRenderEnabled":false,"shapeName":"/levels/johnson_valley/art/shapes/rocks/s_rocks_desert_collection_03.dae","useInstanceRenderData":true}
{"class":"TSStatic","persistentId":"fc738ebd-8027-42f6-8cdd-8b615bcd383f","__parent":"trail_028_rocks","position":[938.240723,-526.746521,157.836884],"isRenderEnabled":false,"shapeName":"/levels/johnson_valley/art/shapes/rocks/s_rocks_desert_collection_02.dae","useInstanceRenderData":true}
{"class":"TSStatic","persistentId":"afb21f33-a580-4c08-a7dc-1460bed484d7","__parent":"trail_028_rocks","position":[901.79895,-529.1203,155.981567],"isRenderEnabled":false,"rotationMatrix":[0.769440174,-0.531177282,-0.354700506,0.592979074,0.80043298,0.0876517296,0.237355351,-0.277772754,0.930862367],"shapeName":"/levels/johnson_valley/art/shapes/rocks/s_rocks_desert_low_tiny.dae","useInstanceRenderData":true}
{"class":"TSStatic","persistentId":"1e6c389f-44f3-458b-ab79-07bf3e198e84","__parent":"trail_028_rocks","position":[905.315857,-523.182129,156.618851],"isRenderEnabled":false,"rotationMatrix":[0.769440174,-0.531177342,-0.354700536,0.576587737,0.816557109,0.0279479697,0.274787933,-0.226020277,0.934562147],"shapeName":"/levels/johnson_valley/art/shapes/rocks/s_rocks_desert_low_tiny.dae","useInstanceRenderData":true}
{"class":"TSStatic","persistentId":"16142226-b33f-4481-9998-34e43e919b86","__parent":"trail_028_rocks","position":[910.511353,-514.346375,157.732056],"isRenderEnabled":false,"rotationMatrix":[0.830858648,0.371909857,0.413952768,-0.503809273,0.818626523,0.275729656,-0.236326098,-0.437645614,0.867534578],"shapeName":"/levels/johnson_valley/art/shapes/rocks/s_rocks_desert_low_tiny.dae","useInstanceRenderData":true}
{"class":"TSStatic","persistentId":"314a5571-25cc-4792-a1b7-2a840b41a489","__parent":"trail_028_rocks","position":[913.127625,-513.357422,158.943512],"isRenderEnabled":false,"rotationMatrix":[0.830858648,0.371909857,0.413952768,-0.503809273,0.818626523,0.275729656,-0.236326098,-0.437645614,0.867534578],"shapeName":"/levels/johnson_valley/art/shapes/rocks/s_rocks_desert_low_tiny.dae","useInstanceRenderData":true}
{"class":"TSStatic","persistentId":"764b148a-bb39-49fd-bb1a-e722df60ea03","__parent":"trail_028_rocks","position":[915.459412,-512.313599,160.10527],"isRenderEnabled":false,"rotationMatrix":[0.830858648,0.371909857,0.413952768,-0.503809273,0.818626523,0.275729656,-0.236326098,-0.437645614,0.867534578],"shapeName":"/levels/johnson_valley/art/shapes/rocks/s_rocks_desert_low_tiny.dae","useInstanceRenderData":true}
{"class":"TSStatic","persistentId":"2596053d-8ea4-4191-a22a-11466eb4099f","__parent":"trail_028_rocks","position":[914.830994,-519.808105,156.676987],"isRenderEnabled":false,"rotationMatrix":[0.788504839,-0.615028501,0,0.565759063,0.72533828,0.39217478,-0.241198689,-0.309231699,0.919890702],"shapeName":"/levels/johnson_valley/art/shapes/rocks/s_rocks_desert_low_tiny.dae","useInstanceRenderData":true}
{"class":"TSStatic","persistentId":"4ec18b8c-a889-46f5-9340-abc66d56c1f1","__parent":"trail_028_rocks","position":[917.463806,-521.364807,156.843994],"isRenderEnabled":false,"rotationMatrix":[-0.788505197,0.615028441,-1.1920929e-07,-0.565758884,-0.725338697,-0.39217484,-0.241198733,-0.309231758,0.919890702],"shapeName":"/levels/johnson_valley/art/shapes/rocks/s_rocks_desert_low_tiny.dae","useInstanceRenderData":true}
{"class":"TSStatic","persistentId":"4c4169bd-a0ef-4410-94a5-3ed0d13e9015","__parent":"trail_028_rocks","position":[901.145569,-510.195953,160.154953],"isRenderEnabled":false,"rotationMatrix":[0.879407406,0.29464224,-0.373936623,-0.349364847,0.93298775,-0.0864756405,0.323398918,0.206687629,0.923413992],"shapeName":"/levels/johnson_valley/art/shapes/rocks/s_rocks_desert_low_tiny.dae","useInstanceRenderData":true}
{"class":"TSStatic","persistentId":"e903dd41-6c65-4bba-a556-757dd13b6801","__parent":"trail_028_rocks","position":[982.49292,-507.297607,145.131439],"isRenderEnabled":false,"shapeName":"/levels/johnson_valley/art/shapes/rocks/s_rocks_desert_large_02.dae","useInstanceRenderData":true}
{"class":"TSStatic","persistentId":"be2dd0c0-e4ff-4614-823a-eb1a4f91d54c","__parent":"trail_028_rocks","position":[983.554016,-505.623779,143.553436],"isRenderEnabled":false,"rotationMatrix":[-0.950955033,0.113482043,0.2877599,-0.132654995,0.690773427,-0.710798562,-0.279439747,-0.714110434,-0.641840458],"shapeName":"/levels/johnson_valley/art/shapes/rocks/s_rocks_desert_large_06.dae","useInstanceRenderData":true}
{"class":"TSStatic","persistentId":"a6f8bd1a-beff-4ae0-a75a-23791d05c3e9","__parent":"trail_028_rocks","position":[982.264587,-501.995514,144.404449],"isRenderEnabled":false,"rotationMatrix":[0.880151391,0.123915307,-0.458234102,-0.343948096,0.831780434,-0.435707539,0.327159315,0.541097343,0.774713099],"shapeName":"/levels/johnson_valley/art/shapes/rocks/s_rocks_desert_large_03.dae","useInstanceRenderData":true}
{"class":"TSStatic","persistentId":"29ad1c45-99f9-4646-95fa-6bd5fc9cd62e","__parent":"trail_028_rocks","position":[981.309753,-505.934845,144.763565],"isRenderEnabled":false,"rotationMatrix":[0.58908987,-0.352275014,-0.727238178,0.71213007,0.651651859,0.261190712,0.381895065,-0.671752989,0.634747148],"shapeName":"/levels/johnson_valley/art/shapes/rocks/s_rocks_desert_large_03.dae","useInstanceRenderData":true}
{"class":"TSStatic","persistentId":"9ad9e7ec-16c2-4b59-8829-dbe3e2b306dd","__parent":"trail_028_rocks","position":[852.157532,-399.35553,172.56044],"isRenderEnabled":false,"rotationMatrix":[-0.819303393,-0.573357821,0.0015283078,-0.556682587,0.796108007,0.237310842,-0.137280747,0.193578854,-0.971432328],"shapeName":"/levels/johnson_valley/art/shapes/rocks/s_rocks_desert_large_06.dae","useInstanceRenderData":true}
{"class":"TSStatic","persistentId":"1153cf63-e8b4-4e7d-baa0-de2be648cba6","__parent":"trail_028_rocks","position":[851.249329,-397.316803,173.095032],"isRenderEnabled":false,"rotationMatrix":[0.877279878,0.479132503,-0.0284978673,0.459928304,-0.856130838,-0.235598579,-0.137280792,0.193578914,-0.971433043],"shapeName":"/levels/johnson_valley/art/shapes/rocks/s_rocks_desert_large_06.dae","useInstanceRenderData":true}
{"class":"TSStatic","persistentId":"b5c44849-6653-4a95-b685-1833a583e7db","__parent":"trail_028_rocks","position":[853.539185,-400.42099,172.152847],"isRenderEnabled":false,"rotationMatrix":[-0.851866961,0.477366388,0.215509504,0.505447328,0.857116461,0.099370189,-0.137280762,0.193578869,-0.971432686],"shapeName":"/levels/johnson_valley/art/shapes/rocks/s_rocks_desert_large_06.dae","useInstanceRenderData":true}
{"class":"TSStatic","persistentId":"529839e8-ea77-4bec-a0cd-b73690410a64","__parent":"trail_028_rocks","position":[744.214355,-404.165039,223.760635],"isRenderEnabled":false,"rotationMatrix":[1,0,0,0,0.930902004,-0.365269035,0,0.365269035,0.930902004],"shapeName":"/levels/johnson_valley/art/shapes/rocks/s_rocks_desert_medium_03.dae","useInstanceRenderData":true}
{"class":"TSStatic","persistentId":"faf0db44-9ea6-426a-8f7f-702939e13ed6","__parent":"trail_028_rocks","position":[744.441101,-402.786346,223.604385],"isRenderEnabled":false,"shapeName":"/levels/johnson_valley/art/shapes/rocks/s_rocks_desert_small_01.dae","useInstanceRenderData":true}
{"class":"TSStatic","persistentId":"d86b5a31-1139-460f-9e3d-9630a8085e11","__parent":"trail_028_rocks","position":[743.709473,-403.058411,223.69458],"isRenderEnabled":false,"shapeName":"/levels/johnson_valley/art/shapes/rocks/s_rocks_desert_small_02.dae","useInstanceRenderData":true}
{"class":"TSStatic","persistentId":"762e2266-cefe-4e8a-aaa8-f64847a7c92b","__parent":"trail_028_rocks","position":[743.083069,-404.011749,223.943268],"isRenderEnabled":false,"rotationMatrix":[-0.0882771015,0.754383683,0.65047121,0.101449162,0.65643388,-0.747531056,-0.990916491,-2.98023224e-08,-0.134479761],"shapeName":"/levels/johnson_valley/art/shapes/rocks/s_rocks_desert_medium_05.dae","useInstanceRenderData":true}
{"class":"TSStatic","persistentId":"5b609284-7f76-4927-89c1-950c654731c5","__parent":"trail_028_rocks","position":[743.130188,-403.054138,223.818115],"isRenderEnabled":false,"shapeName":"/levels/johnson_valley/art/shapes/rocks/s_rocks_desert_small_04.dae","useInstanceRenderData":true}
{"class":"TSStatic","persistentId":"ad70c9b0-61c5-432e-b9c8-ed5e0d9fc55c","__parent":"trail_028_rocks","position":[742.087769,-402.375549,223.750656],"isRenderEnabled":false,"rotationMatrix":[0.406828523,-0.913504481,0,0.913504481,0.406828523,0,0,0,1],"shapeName":"/levels/johnson_valley/art/shapes/rocks/s_rocks_desert_medium_04.dae","useInstanceRenderData":true}
{"class":"TSStatic","persistentId":"82169711-f658-46d8-bb13-cd828cd441d1","__parent":"trail_028_rocks","position":[731.504028,-379.948151,226.408691],"isRenderEnabled":false,"rotationMatrix":[0.991843164,-0.0215641148,0.125627026,1.86264515e-09,0.98558557,0.169177592,-0.127464339,-0.167797625,0.977546334],"shapeName":"/levels/johnson_valley/art/shapes/rocks/s_rocks_desert_collection_03.dae","useInstanceRenderData":true}
{"class":"TSStatic","persistentId":"3dea0f1c-9f1e-40e9-9099-fa08712c3523","__parent":"trail_028_rocks","position":[740.67804,-374.103119,226.00293],"isRenderEnabled":false,"rotationMatrix":[0.988853276,-0.0414637625,-0.143003404,7.4505806e-09,0.960442126,-0.278479636,0.148893297,0.275375485,0.949736357],"shapeName":"/levels/johnson_valley/art/shapes/rocks/s_rocks_desert_collection_03.dae","useInstanceRenderData":true}
{"class":"TSStatic","persistentId":"6fa0cb1a-118f-4274-ac22-9a9c0e66fd36","__parent":"trail_028_rocks","position":[735.890076,-366.150787,223.798325],"isRenderEnabled":false,"rotationMatrix":[-0.974203587,-0.220500261,0.0480275303,0.222258806,-0.900632024,0.373447001,-0.0390900224,0.374487996,0.926407397],"shapeName":"/levels/johnson_valley/art/shapes/rocks/s_rocks_desert_collection_03.dae","useInstanceRenderData":true}
{"class":"TSStatic","persistentId":"507f6f6c-94ca-401d-b954-dffb98aa80bc","__parent":"trail_028_rocks","position":[752.504333,-355.944519,215.851959],"isRenderEnabled":false,"rotationMatrix":[0.307598889,-0.943690479,0.121784031,0.840221822,0.209320068,-0.50021255,0.446553886,0.256190449,0.857295811],"shapeName":"/levels/johnson_valley/art/shapes/rocks/s_rocks_desert_huge_sheet_3.dae","useInstanceRenderData":true}
{"class":"TSStatic","persistentId":"8076d145-3e3c-4ef1-be51-f1619131e0c4","__parent":"trail_028_rocks","position":[748.795593,-327.127258,202.742661],"isRenderEnabled":false,"rotationMatrix":[0.795306683,0.592212558,0.129504874,-0.45571807,0.724949956,-0.51649636,-0.399760246,0.351755261,0.8464396],"scale":[1.32421875,1.32421875,1.32421875],"shapeName":"/levels/johnson_valley/art/shapes/rocks/s_rocks_desert_huge_sheet_3.dae","useInstanceRenderData":true}
{"class":"TSStatic","persistentId":"a895668b-3a35-4afc-ae99-74d8bee36797","__parent":"trail_028_rocks","position":[742.849976,-329.83493,201.452545],"isRenderEnabled":false,"rotationMatrix":[0.900156975,0,0.435565621,0.18955262,0.900339961,-0.391736805,-0.392157108,0.435187221,0.810447276],"shapeName":"/levels/johnson_valley/art/shapes/rocks/s_rocks_desert_collection_03.dae","useInstanceRenderData":true}
{"class":"TSStatic","persistentId":"e94ac1fb-97f6-46e4-9429-4208c07f118a","__parent":"trail_028_rocks","position":[750.100403,-319.473877,200.406937],"isRenderEnabled":false,"rotationMatrix":[0.948741376,0.0879165828,0.303579479,0.0115251578,0.950269282,-0.311216086,-0.315843314,0.298762351,0.900546551],"shapeName":"/levels/johnson_valley/art/shapes/rocks/s_rocks_desert_collection_03.dae","useInstanceRenderData":true}
{"class":"TSStatic","persistentId":"325231d8-3f9a-4ca6-9de5-7bb3fb55364c","__parent":"trail_028_rocks","position":[736.538452,-456.541229,224.907608],"isRenderEnabled":false,"rotationMatrix":[-0.57004559,0.811259627,0.130023122,-0.763249993,-0.464299202,-0.449306011,-0.30413419,-0.355365038,0.883865416],"shapeName":"/levels/johnson_valley/art/shapes/rocks/s_rocks_desert_huge_sheet_3.dae","useInstanceRenderData":true}
{"class":"TSStatic","persistentId":"794c47ca-dc5c-4367-bdc6-41daf3decc2f","__parent":"trail_028_rocks","position":[738.345337,-435.862671,226.421783],"isRenderEnabled":false,"rotationMatrix":[0.95979178,0.246871844,-0.133618981,-0.218850598,0.956162214,0.194571972,0.175795764,-0.157505989,0.971744657],"shapeName":"/levels/johnson_valley/art/shapes/rocks/s_rocks_desert_large_05.dae","useInstanceRenderData":true}
{"class":"TSStatic","persistentId":"f31c6a4e-b0b3-4f7e-9512-6d24fa2d35ac","__parent":"trail_028_rocks","position":[743.046936,-438.905609,226.390884],"isRenderEnabled":false,"rotationMatrix":[-0.999999762,0,-3.2584137e-07,0,1,0,3.2584137e-07,0,-0.999999762],"shapeName":"/levels/johnson_valley/art/shapes/rocks/s_rocks_desert_large_06.dae","useInstanceRenderData":true}
{"class":"TSStatic","persistentId":"dd6d4453-30f5-453b-a6a3-100cc0c2c860","__parent":"trail_028_rocks","position":[745.908142,-429.957153,227.59967],"isRenderEnabled":false,"rotationMatrix":[0.45487088,0.878443182,0.146390438,-0.885264575,0.428121388,0.181711063,0.096949935,-0.212249324,0.972394407],"shapeName":"/levels/johnson_valley/art/shapes/rocks/s_rocks_desert_collection_03.dae","useInstanceRenderData":true}
{"class":"TSStatic","persistentId":"a5b1493a-1e6b-4c8a-9d91-efdb9ac85388","__parent":"trail_028_rocks","position":[738.963745,-427.022308,227.33342],"isRenderEnabled":false,"rotationMatrix":[0.963371277,3.7252903e-09,0.268171132,-0.0520132147,0.981010377,0.186850965,-0.26307863,-0.193955302,0.94507724],"shapeName":"/levels/johnson_valley/art/shapes/rocks/s_rocks_desert_collection_02.dae","useInstanceRenderData":true}
{"class":"TSStatic","persistentId":"a1b1d792-0f88-4301-ac79-240ad1f8d97e","__parent":"trail_028_rocks","position":[742.195557,-432.422272,226.498352],"isRenderEnabled":false,"rotationMatrix":[1,0,0,0,0.268655002,0.963236392,0,-0.963236392,0.268655002],"shapeName":"/levels/johnson_valley/art/shapes/rocks/s_rocks_desert_medium_04.dae","useInstanceRenderData":true}
{"class":"TSStatic","persistentId":"03d350d0-552b-41af-9163-65766a0f84e8","__parent":"trail_028_rocks","position":[741.629517,-431.600098,226.541946],"isRenderEnabled":false,"shapeName":"/levels/johnson_valley/art/shapes/rocks/s_rocks_desert_small_02.dae","useInstanceRenderData":true}
{"class":"TSStatic","persistentId":"bc90ab16-5484-4fde-8a78-77bb9402db48","__parent":"trail_028_rocks","position":[741.049072,-432.618866,226.527008],"isRenderEnabled":false,"rotationMatrix":[-0.27660799,0.115290672,0.954042196,-0.957265854,0.0541795492,-0.284089684,-0.0844426155,-0.991853237,0.0953770876],"shapeName":"/levels/johnson_valley/art/shapes/rocks/s_rocks_desert_medium_05.dae","useInstanceRenderData":true}
{"class":"TSStatic","persistentId":"1085a57a-1ce5-46fa-a2d3-df71444a0b67","__parent":"trail_028_rocks","position":[743.252808,-433.526672,226.323654],"isRenderEnabled":false,"rotationMatrix":[0.786852956,9.31322575e-10,-0.617140472,0.00927668437,0.99988699,0.0118277548,0.617070735,-0.0150317224,0.786764085],"shapeName":"/levels/johnson_valley/art/shapes/rocks/s_rocks_desert_medium_01.dae","useInstanceRenderData":true}
{"class":"TSStatic","persistentId":"ad0a4824-78fd-4518-9ba3-1848eeabfe9e","__parent":"trail_028_rocks","position":[740.650513,-429.540436,226.161118],"isRenderEnabled":false,"rotationMatrix":[1,0,0,0,-0.94300127,-0.332788438,0,0.332788438,-0.94300127],"shapeName":"/levels/johnson_valley/art/shapes/rocks/s_rocks_desert_medium_02.dae","useInstanceRenderData":true}
{"class":"TSStatic","persistentId":"e0ce9bfa-d89b-47e5-abc1-f2fb4b234391","__parent":"trail_028_rocks","position":[742.299561,-403.187378,223.405823],"isRenderEnabled":false,"rotationMatrix":[0.807942033,-0.589261889,0,0.589261889,0.807942033,0,0,0,1],"shapeName":"/levels/johnson_valley/art/shapes/rocks/s_rocks_desert_medium_04.dae","useInstanceRenderData":true}
{"class":"TSStatic","persistentId":"3781dba6-81dc-4605-aede-dc02ed1df0e2","__parent":"trail_028_rocks","position":[741.113281,-402.78952,224.13472],"isRenderEnabled":false,"rotationMatrix":[0.871780872,0.219997868,-0.437720209,-1.49011612e-08,0.893496275,0.449070543,0.48989597,-0.391491085,0.778933048],"shapeName":"/levels/johnson_valley/art/shapes/rocks/s_rocks_desert_small_03.dae","useInstanceRenderData":true}
{"class":"TSStatic","persistentId":"231c1c85-b494-436c-8c13-16e53db068cb","__parent":"trail_028_rocks","position":[735.710449,-445.8396,226.475235],"isRenderEnabled":false,"rotationMatrix":[0.996092081,0.0398815535,-0.078803964,0.00629684702,-0.922041774,-0.387039185,-0.0880962685,0.385030448,-0.918689609],"shapeName":"/levels/johnson_valley/art/shapes/rocks/s_rocks_desert_large_06.dae","useInstanceRenderData":true}
{"class":"TSStatic","persistentId":"1066595e-64c2-43ce-b143-eeb493beafe8","__parent":"trail_028_rocks","position":[736.846313,-444.65329,226.840744],"isRenderEnabled":false,"rotationMatrix":[-0.640501976,0.602789521,0.475816935,0.707753539,0.703813314,0.0610873252,-0.298063487,0.375887692,-0.877420187],"shapeName":"/levels/johnson_valley/art/shapes/rocks/s_rocks_desert_large_06.dae","useInstanceRenderData":true}
{"class":"TSStatic","persistentId":"49797ba9-f91a-4714-897b-d0ee2078e37d","__parent":"trail_028_rocks","position":[738.646606,-452.066925,226.115845],"isRenderEnabled":false,"rotationMatrix":[-0.944539905,0,-0.328395754,0,1,0,0.328395754,0,-0.944539905],"shapeName":"/levels/johnson_valley/art/shapes/rocks/s_rocks_desert_medium_04.dae","useInstanceRenderData":true}
{"class":"TSStatic","persistentId":"31aeefe2-ef32-49d8-863d-648312a08eb2","__parent":"trail_028_rocks","position":[738.271729,-453.124359,226.385986],"isRenderEnabled":false,"shapeName":"/levels/johnson_valley/art/shapes/rocks/s_rocks_desert_small_02.dae","useInstanceRenderData":true}
{"class":"TSStatic","persistentId":"b855d14c-9e10-481e-b692-d1a2a976b0f8","__parent":"trail_028_rocks","position":[739.745422,-451.73465,226.022507],"isRenderEnabled":false,"rotationMatrix":[-0.93426168,0,-0.356587887,0,1,0,0.356587887,0,-0.93426168],"shapeName":"/levels/johnson_valley/art/shapes/rocks/s_rocks_desert_medium_02.dae","useInstanceRenderData":true}
{"class":"TSStatic","persistentId":"b78e567a-493b-4c3c-9395-5e365286495d","__parent":"trail_028_rocks","position":[739.850586,-452.869843,226.197693],"isRenderEnabled":false,"rotationMatrix":[-0.665878892,-0.746059656,1.49011612e-08,0.680364728,-0.607244372,0.410314322,-0.306118965,0.273219705,0.911944151],"shapeName":"/levels/johnson_valley/art/shapes/rocks/s_rocks_desert_medium_05.dae","useInstanceRenderData":true}
{"class":"TSStatic","persistentId":"35de75d9-886f-4b4e-9792-5238f34c745c","__parent":"trail_028_rocks","position":[738.785156,-453.51944,226.284378],"isRenderEnabled":false,"rotationMatrix":[-0.472529411,0.881314933,0,-0.881314933,-0.472529411,0,0,0,1],"shapeName":"/levels/johnson_valley/art/shapes/rocks/s_rocks_desert_small_03.dae","useInstanceRenderData":true}
{"class":"TSStatic","persistentId":"6fbe2de7-fb25-4f23-bbe8-dd9d815e65d1","__parent":"trail_028_rocks","position":[741.944458,-453.087982,226.529282],"isRenderEnabled":false,"rotationMatrix":[0.715152979,0.698967874,0,-0.606537521,0.620582342,0.496980548,0.347373515,-0.355417132,0.867761612],"shapeName":"/levels/johnson_valley/art/shapes/rocks/s_rocks_desert_medium_05.dae","useInstanceRenderData":true}
{"class":"TSStatic","persistentId":"78c3d3c8-7445-4387-a2d5-b8ffe91be0bc","__parent":"trail_028_rocks","position":[742.432983,-457.010101,225.331589],"isRenderEnabled":false,"rotationMatrix":[0.111768484,0.993734241,-3.23799782e-07,0.993734241,-0.111768484,3.64188253e-08,2.84217094e-14,-3.25841427e-07,-1],"shapeName":"/levels/johnson_valley/art/shapes/rocks/s_rocks_desert_medium_02.dae","useInstanceRenderData":true}
{"class":"TSStatic","persistentId":"6489b238-058d-4116-82e4-d43992b77a4c","__parent":"trail_028_rocks","position":[747.760193,-456.948639,225.481003],"isRenderEnabled":false,"rotationMatrix":[0.287051439,0.957915187,-2.98023224e-08,-0.705446124,0.21139586,-0.676503897,-0.648033381,0.194191441,0.736439049],"shapeName":"/levels/johnson_valley/art/shapes/rocks/s_rocks_desert_large_06.dae","useInstanceRenderData":true}
{"class":"TSStatic","persistentId":"0b7ed505-71f7-4123-b930-60e2fc9fa693","__parent":"trail_028_rocks","position":[756.717773,-459.548309,221.292923],"isRenderEnabled":false,"rotationMatrix":[0.864951491,0.0388884768,-0.500346422,0.0915759429,0.968023896,0.233545616,0.493429542,-0.247825339,0.833732486],"shapeName":"/levels/johnson_valley/art/shapes/rocks/s_rocks_desert_collection_03.dae","useInstanceRenderData":true}
{"class":"TSStatic","persistentId":"5a00f252-19ff-407e-b5ad-a03cfda039b2","__parent":"trail_028_rocks","position":[759.799133,-469.726471,220.413544],"isRenderEnabled":false,"rotationMatrix":[0.831685424,0.298628926,0.468102694,0.123878971,0.72200644,-0.680705965,-0.541251659,0.624121249,0.563488364],"shapeName":"/levels/johnson_valley/art/shapes/rocks/s_rocks_desert_large_05.dae","useInstanceRenderData":true}
{"class":"TSStatic","persistentId":"0b2e12b8-7006-4576-97b7-f06332f3619c","__parent":"trail_028_rocks","position":[746.477234,-461.618469,224.311142],"isRenderEnabled":false,"rotationMatrix":[0.102360725,0.959814131,0.261302531,-0.990505993,0.0741137266,0.115779646,0.091760844,-0.270673037,0.958288074],"shapeName":"/levels/johnson_valley/art/shapes/rocks/s_rocks_desert_low_tiny.dae","useInstanceRenderData":true}
{"class":"TSStatic","persistentId":"57e2e207-449e-48ad-b843-821040ec66cd","__parent":"trail_028_rocks","position":[742.856934,-459.838623,224.611816],"isRenderEnabled":false,"rotationMatrix":[0.124454021,0,0.992225289,0,1,0,-0.992225289,0,0.124454021],"shapeName":"/levels/johnson_valley/art/shapes/rocks/s_rocks_desert_medium_01.dae","useInstanceRenderData":true}
{"class":"TSStatic","persistentId":"4c473dd0-d530-4f9c-8efc-9f5228fc020b","__parent":"trail_028_rocks","position":[744.385254,-455.618927,225.789032],"isRenderEnabled":false,"rotationMatrix":[0.437541783,0,0.899198055,0,1,0,-0.899198055,0,0.437541783],"shapeName":"/levels/johnson_valley/art/shapes/rocks/s_rocks_desert_medium_01.dae","useInstanceRenderData":true}
{"class":"TSStatic","persistentId":"d95f68c1-f98a-4506-a343-387d60e4a75c","__parent":"trail_028_rocks","position":[782.450256,-460.932739,212.796707],"isRenderEnabled":false,"rotationMatrix":[0.934504509,0,-0.35595125,0,1,0,0.35595125,0,0.934504509],"shapeName":"/levels/johnson_valley/art/shapes/rocks/s_rocks_desert_collection_03.dae","useInstanceRenderData":true}
{"class":"TSStatic","persistentId":"bd78d87a-f24d-40d8-ab0a-81d1e4abfffd","__parent":"trail_028_rocks","position":[780.755432,-456.966766,212.311829],"isRenderEnabled":false,"rotationMatrix":[0.362670004,0.931917667,0,-0.931917667,0.362670004,0,0,0,1],"shapeName":"/levels/johnson_valley/art/shapes/rocks/s_rocks_desert_large_04.dae","useInstanceRenderData":true}
{"class":"TSStatic","persistentId":"47301540-68f7-4ce9-a080-2b35cce4acd8","__parent":"trail_028_rocks","position":[780.45166,-430.316986,201.509323],"isRenderEnabled":false,"rotationMatrix":[0.563061953,0.826414764,-1.34244431e-07,0.826414764,-0.563062072,-1.97032648e-07,-2.38418608e-07,1.42108547e-14,-1.00000024],"shapeName":"/levels/johnson_valley/art/shapes/rocks/s_rocks_desert_medium_02.dae","useInstanceRenderData":true}
{"class":"TSStatic","persistentId":"d4913ef7-38f7-4fa1-b9f2-9da80dcac684","__parent":"trail_028_rocks","position":[786.297668,-426.947174,200.702576],"isRenderEnabled":false,"rotationMatrix":[0.716140389,-0.697956264,-3.7252903e-09,0.690740645,0.708736777,-0.143420607,0.100101322,0.102709271,0.989661813],"shapeName":"/levels/johnson_valley/art/shapes/rocks/s_rocks_desert_low_small.dae","useInstanceRenderData":true}
{"class":"TSStatic","persistentId":"6945ea2d-3c9e-493c-a43a-62aa988f9c4d","__parent":"trail_028_rocks","position":[800.257751,-415.669434,194.735916],"isRenderEnabled":false,"rotationMatrix":[0.263934195,0,-0.964540541,0,1,0,0.964540541,0,0.263934195],"shapeName":"/levels/johnson_valley/art/shapes/rocks/s_rocks_desert_large_06.dae","useInstanceRenderData":true}
{"class":"TSStatic","persistentId":"fac3581d-8f76-4bce-bf62-c5ee56684141","__parent":"trail_028_rocks","position":[796.57843,-413.986664,194.814774],"isRenderEnabled":false,"rotationMatrix":[-0.999793768,0,0.0203026589,0,1,0,-0.0203026589,0,-0.999793768],"shapeName":"/levels/johnson_valley/art/shapes/rocks/s_rocks_desert_medium_02.dae","useInstanceRenderData":true}
{"class":"TSStatic","persistentId":"529190f9-5ea1-4631-b21c-f77767035a5f","__parent":"trail_028_rocks","position":[802.043518,-411.243652,193.345444],"isRenderEnabled":false,"rotationMatrix":[-0.883495212,-0.468439639,0,0.468439639,-0.883495212,0,0,0,1],"shapeName":"/levels/johnson_valley/art/shapes/rocks/s_rocks_desert_small_03.dae","useInstanceRenderData":true}
{"class":"TSStatic","persistentId":"c53b4829-6bd1-4d43-a850-a8dd6f112ca0","__parent":"trail_028_rocks","position":[807.517639,-405.488312,191.865463],"isRenderEnabled":false,"rotationMatrix":[0.999994814,0.000175765206,0.00321085495,-1.45519152e-11,0.998505056,-0.0546590984,-0.00321566197,0.0546588153,0.99849993],"shapeName":"/levels/johnson_valley/art/shapes/rocks/s_rocks_desert_low_tiny.dae","useInstanceRenderData":true}
{"class":"TSStatic","persistentId":"22c3e03e-523e-4e28-b495-6244c205b9a0","__parent":"trail_028_rocks","position":[810.452637,-405.526123,191.175201],"isRenderEnabled":false,"rotationMatrix":[-0.906130314,0.0231204294,0.422366232,3.26894224e-07,-0.998504996,0.0546591058,0.422998577,0.0495284125,0.904775739],"shapeName":"/levels/johnson_valley/art/shapes/rocks/s_rocks_desert_low_tiny.dae","useInstanceRenderData":true}
{"class":"TSStatic","persistentId":"f6c39979-a2ee-4859-a277-ede11a375473","__parent":"trail_028_rocks","position":[810.148254,-404.385681,190.815735],"isRenderEnabled":false,"rotationMatrix":[0.935991585,0,0.35202232,0.134385318,0.924264669,-0.357316881,-0.325361818,0.381752223,0.86510396],"shapeName":"/levels/johnson_valley/art/shapes/rocks/s_rocks_desert_large_06.dae","useInstanceRenderData":true}
{"class":"TSStatic","persistentId":"7d932a78-017c-4f87-a820-c04e5bbbaf86","__parent":"trail_028_rocks","position":[812.888367,-409.059204,191.838547],"isRenderEnabled":false,"rotationMatrix":[0.195620298,-0.95413816,-0.226611599,0.979622841,0.200845242,0,0.0455138236,-0.221993938,0.973985195],"shapeName":"/levels/johnson_valley/art/shapes/rocks/s_rocks_desert_medium_02.dae","useInstanceRenderData":true}
{"class":"TSStatic","persistentId":"af62f51b-7cd4-4fe0-94ec-8a4a9426b01c","__parent":"trail_028_rocks","position":[828.622559,-395.756287,178.417023],"isRenderEnabled":false,"rotationMatrix":[0.962660789,0.191364586,-0.191477954,0.194972157,-0.980808735,-6.51925802e-08,-0.187803268,-0.0373328105,-0.981496811],"shapeName":"/levels/johnson_valley/art/shapes/rocks/s_rocks_desert_large_06.dae","useInstanceRenderData":true}
{"class":"TSStatic","persistentId":"71846ba6-69fa-4a18-9580-32cfec91c1d4","__parent":"trail_028_rocks","position":[832.356567,-393.635712,176.839874],"isRenderEnabled":false,"rotationMatrix":[0.568543434,-0.822352052,0.0222573727,-0.77583158,-0.526990891,0.346937776,-0.273575544,-0.214517176,-0.937623978],"shapeName":"/levels/johnson_valley/art/shapes/rocks/s_rocks_desert_medium_02.dae","useInstanceRenderData":true}
{"class":"TSStatic","persistentId":"ed28d30b-3401-4f44-b3db-67c5d32610b6","__parent":"trail_028_rocks","position":[833.304443,-392.96698,176.410309],"isRenderEnabled":false,"rotationMatrix":[-0.506519437,0.860825956,-0.0491568372,0.817676127,0.461476862,-0.344158053,-0.273575485,-0.214517176,-0.937623858],"shapeName":"/levels/johnson_valley/art/shapes/rocks/s_rocks_desert_medium_02.dae","useInstanceRenderData":true}
{"class":"TSStatic","persistentId":"b76d7827-667c-44b2-8b8d-52554f5cabe8","__parent":"trail_028_rocks","position":[830.636047,-394.287354,177.490967],"isRenderEnabled":false,"rotationMatrix":[-0.434957743,0.897037923,-0.0783215985,0.857885659,0.386400223,-0.338713586,-0.273575515,-0.214517161,-0.937623739],"shapeName":"/levels/johnson_valley/art/shapes/rocks/s_rocks_desert_medium_02.dae","useInstanceRenderData":true}
{"class":"TSStatic","persistentId":"202e6c79-4a30-43a4-bcc2-559ee38b2562","__parent":"trail_028_rocks","position":[746.462402,-404.928925,224.067108],"isRenderEnabled":false,"rotationMatrix":[0.430507064,-0.87863934,-0.206534147,0.889014363,0.373248935,0.265214026,-0.155938923,-0.297788322,0.941809535],"shapeName":"/levels/johnson_valley/art/shapes/rocks/s_rocks_desert_large_06.dae","useInstanceRenderData":true}
{"class":"TSStatic","persistentId":"26f88357-c493-457c-846a-e39523ddf109","__parent":"trail_028_rocks","position":[741.136597,-406.581421,223.537003],"isRenderEnabled":false,"shapeName":"/levels/johnson_valley/art/shapes/rocks/s_rocks_desert_large_05.dae","useInstanceRenderData":true}
{"class":"TSStatic","persistentId":"3eea7cdc-8a91-4ae7-9f99-e6ca73cee6da","__parent":"trail_028_rocks","position":[736.894775,-397.826324,224.695847],"isRenderEnabled":false,"rotationMatrix":[0.374535382,-0.866969705,-0.328765422,0.917999864,0.396580637,-1.49011612e-08,0.130382031,-0.301806629,0.944411635],"shapeName":"/levels/johnson_valley/art/shapes/rocks/s_rocks_desert_large_02.dae","useInstanceRenderData":true}
{"class":"TSStatic","persistentId":"78f04552-2724-4e3a-8c4a-49002b157303","__parent":"trail_028_rocks","position":[744.389893,-397.907928,225.019516],"isRenderEnabled":false,"rotationMatrix":[0.992432952,0.0102155376,-0.122362293,0.000349021982,0.996294439,0.0860073939,0.122787483,-0.0853992775,0.988751829],"shapeName":"/levels/johnson_valley/art/shapes/rocks/s_rocks_desert_collection_02.dae","useInstanceRenderData":true}
{"class":"TSStatic","persistentId":"a9204131-ad26-443c-a6d5-08d7869f944e","__parent":"trail_028_rocks","position":[749.894775,-407.417938,224.24469],"isRenderEnabled":false,"rotationMatrix":[-0.559784651,0.757428944,-0.336068571,-0.828637898,-0.511679649,0.227030486,-1.49011612e-08,0.405567437,0.914065123],"shapeName":"/levels/johnson_valley/art/shapes/rocks/s_rocks_desert_collection_02.dae","useInstanceRenderData":true}
{"class":"TSStatic","persistentId":"ea2c3992-dade-4116-be4f-911d6e532732","__parent":"trail_028_rocks","position":[749.756531,-415.684662,225.415497],"isRenderEnabled":false,"rotationMatrix":[-0.622816443,0.782367647,-2.01165676e-07,0.771014988,0.613779247,-0.169737563,-0.132797062,-0.105715558,-0.985489011],"shapeName":"/levels/johnson_valley/art/shapes/rocks/s_rocks_desert_large_06.dae","useInstanceRenderData":true}
{"class":"TSStatic","persistentId":"8f86aa00-4035-43d7-9f55-ab77adb2fde4","__parent":"trail_028_rocks","position":[748.245178,-416.72287,225.562729],"isRenderEnabled":false,"rotationMatrix":[0.692179322,0.709106445,0.134371594,0.720929623,-0.688068032,-0.0825998336,0.0338847227,0.154046372,-0.987482309],"shapeName":"/levels/johnson_valley/art/shapes/rocks/s_rocks_desert_large_06.dae","useInstanceRenderData":true}
{"class":"TSStatic","persistentId":"917c6d44-32e3-4706-b77f-cc650e797627","__parent":"trail_028_rocks","position":[746.581726,-417.540039,226.174728],"isRenderEnabled":false,"shapeName":"/levels/johnson_valley/art/shapes/rocks/s_rocks_desert_medium_03.dae","useInstanceRenderData":true}
{"class":"TSStatic","persistentId":"e39f5f29-158e-4edb-9ed5-8fd44fb342c2","__parent":"trail_028_rocks","position":[753.064331,-416.331207,225.564697],"isRenderEnabled":false,"rotationMatrix":[0.8972224,-9.31322575e-10,-0.441578984,-0.0136311827,0.999523461,-0.0276965238,0.44136852,0.0308691859,0.896794796],"shapeName":"/levels/johnson_valley/art/shapes/rocks/s_rocks_desert_collection_03.dae","useInstanceRenderData":true}
{"class":"TSStatic","persistentId":"3f68ca7a-3a66-48f7-9a74-117bfc3ca4b9","__parent":"trail_028_rocks","position":[745.094055,-415.939697,225.581055],"isRenderEnabled":false,"rotationMatrix":[0.533788323,0,-0.845618069,0,1,0,0.845618069,0,0.533788323],"shapeName":"/levels/johnson_valley/art/shapes/rocks/s_rocks_desert_medium_01.dae","useInstanceRenderData":true}
{"class":"TSStatic","persistentId":"48e4b6ef-28fd-47a1-8558-c2f466de1254","__parent":"trail_028_rocks","position":[744.353638,-418.68811,226.432632],"isRenderEnabled":false,"shapeName":"/levels/johnson_valley/art/shapes/rocks/s_rocks_desert_large_06.dae","useInstanceRenderData":true}
{"class":"TSStatic","persistentId":"fc1a5a52-fba5-4c4a-8f28-0d5a4aa60085","__parent":"trail_028_rocks","position":[747.926208,-415.024597,225.932571],"isRenderEnabled":false,"rotationMatrix":[-0.240111947,0.174650371,0.954904795,0.764316618,-0.57243228,0.296885312,0.598469734,0.80113548,0.00395989418],"shapeName":"/levels/johnson_valley/art/shapes/rocks/s_rocks_desert_medium_05.dae","useInstanceRenderData":true}
