{"name":"p_busstop_shelter_left_slope1","internalName":"p_busstop_shelter_left_slope1","class":"Prefab","__parent":"busstops","position":[-795.062439,562.434387,125.077454],"filename":"/levels/west_coast_usa/art/prefabs/p_busstop_shelter_left_slope.prefab.json","rotationMatrix":[-1.1920929e-07,0.999999881,0,-0.999999881,-1.1920929e-07,0,0,0,1]}
{"name":"p_busstop_shelter_left_slope2","internalName":"p_busstop_shelter_left_slope2","class":"Prefab","__parent":"busstops","position":[-586.07489,427.694214,110.6036],"filename":"/levels/west_coast_usa/art/prefabs/p_busstop_shelter_left_slope.prefab.json","rotationMatrix":[0.707106829,0.707106769,0,-0.707106769,0.707106829,0,0,0,1]}
{"name":"p_busstop_shelter_right_slope4","internalName":"p_busstop_shelter_right_slope4","class":"Prefab","__parent":"busstops","position":[-756.945007,209.605804,137.742294],"filename":"/levels/west_coast_usa/art/prefabs/p_busstop_shelter_right_slope.prefab.json","rotationMatrix":[0.707106829,-0.707106769,0,0.707106769,0.707106829,0,0,0,1]}
{"name":"p_busstop_shelter_right_slope2","internalName":"p_busstop_shelter_right_slope2","class":"Prefab","__parent":"busstops","position":[-798.771423,547.668213,125.386162],"filename":"/levels/west_coast_usa/art/prefabs/p_busstop_shelter_right_slope.prefab.json","rotationMatrix":[-1.1920929e-07,-0.999999881,0,0.999999881,-1.1920929e-07,0,0,0,1]}
{"name":"p_busstop_shelter_left_slope3","internalName":"p_busstop_shelter_left_slope3","class":"Prefab","__parent":"busstops","position":[-726.806763,260.490326,133.422684],"filename":"/levels/west_coast_usa/art/prefabs/p_busstop_shelter_left_slope.prefab.json","rotationMatrix":[-0.707106709,0.707106471,0,-0.707106471,-0.707106709,0,0,0,1]}
{"name":"p_busstop_shelter_right_slope3","internalName":"p_busstop_shelter_right_slope3","class":"Prefab","__parent":"busstops","position":[-625.841431,446.56781,114.59758],"filename":"/levels/west_coast_usa/art/prefabs/p_busstop_shelter_right_slope.prefab.json","rotationMatrix":[-0.707106709,-0.707106471,0,0.707106471,-0.707106709,0,0,0,1]}
{"name":"p_busstop_shelter_right_slope1","internalName":"p_busstop_shelter_right_slope1","class":"Prefab","__parent":"busstops","position":[-505.754883,301.99762,98.8706131],"filename":"/levels/west_coast_usa/art/prefabs/p_busstop_shelter_right_slope.prefab.json","rotationMatrix":[0.707106829,-0.707106769,0,0.707106769,0.707106829,0,0,0,1]}
{"name":"p_busstop_shelter_right_slope","internalName":"p_busstop_shelter_right_slope","class":"Prefab","__parent":"busstops","position":[-677.873596,130.061691,117.987511],"filename":"/levels/west_coast_usa/art/prefabs/p_busstop_shelter_right_slope.prefab.json","rotationMatrix":[0.707106829,-0.707106769,0,0.707106769,0.707106829,0,0,0,1]}
{"name":"p_busstop_shelter_left_slope","internalName":"p_busstop_shelter_left_slope","class":"Prefab","__parent":"busstops","position":[-668.666565,165.805923,116.456238],"filename":"/levels/west_coast_usa/art/prefabs/p_busstop_shelter_left_slope.prefab.json","rotationMatrix":[-0.707106709,0.707106411,0,-0.707106411,-0.707106709,0,0,0,1]}
{"class":"TSStatic","__parent":"busstops","position":[-723.576721,-37.0848656,102.179031],"isRenderEnabled":false,"rotationMatrix":[0.707106829,-0.707106769,0,0.707106769,0.707106829,0,0,0,1],"shapeName":"/art/shapes/objects/s_busstop_wcu.dae","useInstanceRenderData":true}
{"class":"TSStatic","persistentId":"8a0926f0-cbb2-45f3-9da6-1afd09a79b27","__parent":"busstops","position":[-260.877808,499.734497,74.9805603],"annotation":"OBSTACLES","decalType":"None","isRenderEnabled":false,"rotationMatrix":[-0.646503329,-0.762911141,0,0.762911141,-0.646503329,0,0,0,1],"shapeName":"/art/shapes/objects/s_busstop_wcu.dae"}
{"class":"TSStatic","persistentId":"8a6c05d3-ae13-499f-a622-a291a8f5216f","__parent":"busstops","position":[-614.717407,-930.374023,162.139923],"decalType":"None","isRenderEnabled":false,"rotationMatrix":[0.809852898,-0.586633444,0,0.586633444,0.809852898,0,0,0,1],"shapeName":"/art/shapes/objects/s_sign_busstop.dae"}
{"class":"TSStatic","persistentId":"9674cc8d-1a0f-4a9a-bd27-1fa6572856f0","__parent":"busstops","position":[-441.60379,472.865082,96.5487137],"annotation":"OBSTACLES","decalType":"None","isRenderEnabled":false,"rotationMatrix":[-0.707106471,-0.707107008,0,0.707107008,-0.707106471,0,0,0,1],"shapeName":"/art/shapes/objects/s_busstop_wcu.dae"}
{"class":"TSStatic","persistentId":"a5c72aab-0fb2-46fe-9457-4ce454c4f4d3","__parent":"busstops","position":[-283.884247,-866.075378,134.693146],"annotation":"OBSTACLES","decalType":"None","isRenderEnabled":false,"rotationMatrix":[0.521421909,0.853299081,0,-0.853299081,0.521421909,0,0,0,1],"shapeName":"/art/shapes/objects/s_busstop_wcu.dae"}
{"class":"TSStatic","persistentId":"ac2c9e19-224e-41bb-9b01-7eb649d56d92","__parent":"busstops","position":[-807.163696,312.672516,151.450775],"decalType":"None","isRenderEnabled":false,"rotationMatrix":[-0.707106531,0.70710659,0,-0.70710659,-0.707106531,0,0,0,1],"shapeName":"/art/shapes/objects/s_sign_busstop.dae"}
{"class":"TSStatic","persistentId":"ae2ea6e5-a93b-4ed8-aa66-672f27afea21","__parent":"busstops","position":[422.019318,-301.363647,152.616013],"annotation":"OBSTACLES","decalType":"None","isRenderEnabled":false,"rotationMatrix":[0.731057405,0.682315946,0,-0.682315946,0.731057405,0,0,0,1],"shapeName":"/art/shapes/objects/s_busstop_wcu.dae"}
{"class":"TSStatic","persistentId":"b2c09a90-880e-461e-99f3-05638af08fcd","__parent":"busstops","position":[-796.600037,-590.799988,102.661346],"decalType":"None","isRenderEnabled":false,"rotationMatrix":[-0.639627099,-0.768684804,0,0.768684804,-0.639627099,0,0,0,1],"shapeName":"/art/shapes/objects/s_sign_busstop.dae"}
{"class":"TSStatic","persistentId":"bc044b04-ae25-4046-ba1c-11d9bc81f651","__parent":"busstops","position":[-839.637451,863.867065,74.9253311],"annotation":"OBSTACLES","decalType":"None","isRenderEnabled":false,"rotationMatrix":[3.57627869e-07,-0.999999881,0,0.999999881,3.57627869e-07,0,0,0,1],"shapeName":"/art/shapes/objects/s_busstop_wcu.dae"}
{"class":"TSStatic","persistentId":"bc5544ea-0d0b-4129-89f0-fff3c7c470ce","__parent":"busstops","position":[-840.132935,763.640503,90],"annotation":"OBSTACLES","decalType":"None","isRenderEnabled":false,"rotationMatrix":[3.57627869e-07,-0.999999881,0,0.999999881,3.57627869e-07,0,0,0,1],"shapeName":"/art/shapes/objects/s_busstop_wcu.dae"}
{"class":"TSStatic","persistentId":"bc57c11c-9852-459a-9297-ead30a6b652b","__parent":"busstops","position":[-4.36245346,186.259644,126.117363],"decalType":"None","isRenderEnabled":false,"rotationMatrix":[0.710281074,-0.703918278,0,0.703918278,0.710281074,0,0,0,1],"shapeName":"/art/shapes/objects/s_sign_busstop.dae"}
{"class":"TSStatic","persistentId":"c26fcd73-690d-4e62-b5e5-b160a9d9e443","__parent":"busstops","position":[-409.857086,248.177383,101.311203],"annotation":"OBSTACLES","decalType":"None","isRenderEnabled":false,"rotationMatrix":[-0.791970968,0.610558331,0,-0.610558331,-0.791970968,0,0,0,1],"shapeName":"/art/shapes/objects/s_busstop_wcu.dae"}
{"class":"TSStatic","persistentId":"cc1c1573-9b9d-4dac-a392-8ff8f12dc597","__parent":"busstops","position":[6.77234888,181.725006,125.741035],"decalType":"None","isRenderEnabled":false,"rotationMatrix":[-0.702009261,0.712167859,0,-0.712167859,-0.702009261,0,0,0,1],"shapeName":"/art/shapes/objects/s_sign_busstop.dae"}
{"class":"TSStatic","persistentId":"ccf59b12-8c32-4f26-9077-0228f1bf9fd8","__parent":"busstops","position":[882.093018,-960.174438,169.9832],"decalType":"None","isRenderEnabled":false,"rotationMatrix":[-0.665909648,0.746032536,0,-0.746032536,-0.665909648,0,0,0,1],"shapeName":"/art/shapes/objects/s_sign_busstop.dae"}
{"class":"TSStatic","persistentId":"cd9171e4-de6c-43b3-89f9-0ade2d8ca08b","__parent":"busstops","position":[-571.592529,601.464355,90.5111008],"annotation":"OBSTACLES","decalType":"None","isRenderEnabled":false,"rotationMatrix":[-0.707106471,-0.707106888,0,0.707106888,-0.707106471,0,0,0,1],"shapeName":"/art/shapes/objects/s_busstop_wcu.dae"}
{"class":"TSStatic","persistentId":"d1ff4313-9a66-4a16-9852-086cfa665760","__parent":"busstops","position":[-585.982666,-522.441772,116.446159],"annotation":"OBSTACLES","decalType":"None","isRenderEnabled":false,"rotationMatrix":[0.127695858,0.991813481,0,-0.991813481,0.127695858,0,0,0,1],"shapeName":"/art/shapes/objects/s_busstop_wcu.dae"}
{"class":"TSStatic","persistentId":"d20e75c3-165c-4ceb-a543-69dcf387fd70","__parent":"busstops","position":[-819.52594,324.511902,151.525558],"decalType":"None","isRenderEnabled":false,"rotationMatrix":[0.707106829,-0.707106769,0,0.707106769,0.707106829,0,0,0,1],"shapeName":"/art/shapes/objects/s_sign_busstop.dae"}
{"class":"TSStatic","persistentId":"d809cda2-1e2c-4d58-89b6-66332e39b9bc","__parent":"busstops","position":[-595.950806,653.694153,91.5334549],"annotation":"OBSTACLES","decalType":"None","isRenderEnabled":false,"rotationMatrix":[0.70710665,0.707106888,0,-0.707106888,0.70710665,0,0,0,1],"shapeName":"/art/shapes/objects/s_busstop_wcu.dae"}
{"class":"TSStatic","persistentId":"e5b398db-10dd-4fa8-8733-1a7ca13adf08","__parent":"busstops","position":[224.930222,819.26123,102.026665],"decalType":"None","isRenderEnabled":false,"rotationMatrix":[-0.275983572,0.961162627,0,-0.961162627,-0.275983572,0,0,0,1],"shapeName":"/art/shapes/objects/s_sign_busstop.dae"}
{"class":"TSStatic","persistentId":"e5eb8dfd-b181-44cf-a153-710be48803b8","__parent":"busstops","position":[-257.714996,534.197327,74.9881439],"annotation":"OBSTACLES","decalType":"None","isRenderEnabled":false,"rotationMatrix":[0.706449628,0.707763255,0,-0.707763255,0.706449628,0,0,0,1],"shapeName":"/art/shapes/objects/s_busstop_wcu.dae"}
{"class":"TSStatic","persistentId":"ecb45d0f-e292-444a-91d7-bc8d7d82ab9a","__parent":"busstops","position":[-580.228455,-538.555969,116.040123],"decalType":"None","isRenderEnabled":false,"rotationMatrix":[0.303507,0.952829063,0,-0.952829063,0.303507,0,0,0,1],"shapeName":"/art/shapes/objects/s_sign_busstop.dae"}
{"class":"TSStatic","persistentId":"efee4149-56ad-4fdc-9393-8cbf4bd91e18","__parent":"busstops","position":[-914.654419,230.678986,158.900269],"annotation":"OBSTACLES","decalType":"None","isRenderEnabled":false,"rotationMatrix":[-0.707106709,0.707106471,0,-0.707106471,-0.707106709,0,0,0,1],"shapeName":"/art/shapes/objects/s_busstop_wcu.dae"}
{"class":"TSStatic","persistentId":"fdb7d90e-12d7-4706-83fd-c9a191ddda48","__parent":"busstops","position":[-793.237305,-613.107544,104.091484],"decalType":"None","isRenderEnabled":false,"rotationMatrix":[0.697127581,0.716947019,0,-0.716947019,0.697127581,0,0,0,1],"shapeName":"/art/shapes/objects/s_sign_busstop.dae"}
{"class":"TSStatic","persistentId":"7974cf0d-78d1-4274-86e7-5fcd00bd7087","__parent":"busstops","position":[222.454727,835.941711,101.595497],"decalType":"None","isRenderEnabled":false,"rotationMatrix":[0.275983453,-0.96116221,0,0.96116221,0.275983453,0,0,0,1],"shapeName":"/art/shapes/objects/s_sign_busstop.dae"}
{"class":"TSStatic","persistentId":"6e6e2647-ce9a-40dd-a45d-66466ab4d4d0","__parent":"busstops","position":[11.1498594,458.450043,101.676254],"decalType":"None","isRenderEnabled":false,"rotationMatrix":[0.661456406,-0.749983609,0,0.749983609,0.661456406,0,0,0,1],"shapeName":"/art/shapes/objects/s_sign_busstop.dae"}
{"class":"TSStatic","persistentId":"6f929b09-de13-4e5b-9aad-e1287eea7d4e","__parent":"busstops","position":[-552.978271,433.550842,106.553986],"decalType":"None","isRenderEnabled":false,"rotationMatrix":[0.707106829,-0.707106769,0,0.707106769,0.707106829,0,0,0,1],"shapeName":"/art/shapes/objects/s_sign_busstop.dae"}
{"class":"TSStatic","persistentId":"59340dda-7c40-4a49-a4bb-f99d7b3320fe","__parent":"busstops","position":[-255.5,608.2005,74.9000015],"annotation":"OBSTACLES","decalType":"None","isRenderEnabled":false,"rotationMatrix":[1,5.04655361e-07,0,-5.04655361e-07,1,0,0,0,1],"shapeName":"/art/shapes/objects/s_busstop_wcu.dae"}
{"class":"TSStatic","persistentId":"609d1ed4-26a7-4e2b-9a95-493e5c57321d","__parent":"busstops","position":[-853.787842,775.101868,90.4842834],"annotation":"OBSTACLES","decalType":"None","isRenderEnabled":false,"rotationMatrix":[3.57627869e-07,0.999999881,0,-0.999999881,3.57627869e-07,0,0,0,1],"shapeName":"/art/shapes/objects/s_busstop_wcu.dae"}
{"class":"TSStatic","persistentId":"61697ce8-cdab-49fc-b056-094374b67601","__parent":"busstops","position":[-35.8615723,526.396179,74.8253403],"annotation":"OBSTACLES","decalType":"None","isRenderEnabled":false,"rotationMatrix":[0.796195865,0.605038941,0,-0.605038941,0.796195865,0,0,0,1],"shapeName":"/art/shapes/objects/s_busstop_wcu.dae"}
{"class":"TSStatic","persistentId":"6226cab0-2e01-4a06-b28d-e7f1247588bb","__parent":"busstops","position":[-480.189331,354.767853,97.0455933],"annotation":"OBSTACLES","decalType":"None","isRenderEnabled":false,"rotationMatrix":[-0.707106948,0.707106471,0,-0.707106471,-0.707106948,0,0,0,1],"shapeName":"/art/shapes/objects/s_busstop_wcu.dae"}
{"class":"TSStatic","persistentId":"6c532850-1f96-46bf-a13b-e25e6af91d9a","__parent":"busstops","position":[-435.186249,491.187592,96.3071518],"decalType":"None","isRenderEnabled":false,"rotationMatrix":[-0.70710659,-0.707106531,0,0.707106531,-0.70710659,0,0,0,1],"shapeName":"/art/shapes/objects/s_sign_busstop.dae"}
{"class":"TSStatic","persistentId":"583e47b0-d18d-4583-b9f1-5360ab3caa68","__parent":"busstops","position":[-466.111847,707.452515,74.9722366],"annotation":"OBSTACLES","decalType":"None","isRenderEnabled":false,"rotationMatrix":[-0.707106471,-0.707106948,0,0.707106948,-0.707106471,0,0,0,1],"shapeName":"/art/shapes/objects/s_busstop_wcu.dae"}
{"class":"TSStatic","persistentId":"360f6791-7a38-4115-bdc7-5db0c52d83cd","__parent":"busstops","position":[415.687744,-295.012634,152.458588],"annotation":"OBSTACLES","decalType":"None","isRenderEnabled":false,"rotationMatrix":[0.731057405,0.682315946,0,-0.682315946,0.731057405,0,0,0,1],"shapeName":"/art/shapes/objects/s_busstop_wcu.dae"}
{"class":"TSStatic","persistentId":"36a0ca89-921c-4122-a72b-98f2c421144e","__parent":"busstops","position":[693.957458,44.0644302,155.021622],"isRenderEnabled":false,"rotationMatrix":[-0.92493856,-0.380117118,-3.83456154e-06,0.380117118,-0.92493856,-9.37708046e-06,1.76548838e-08,-1.01308042e-05,1],"shapeName":"/levels/west_coast_usa/art/shapes/objects/floodlight_portable.dae","useInstanceRenderData":true}
{"class":"TSStatic","persistentId":"390e6d0a-8c52-4db0-8b3c-22e43054d2d4","__parent":"busstops","annotation":"RESTRICTED_STREET","isRenderEnabled":false,"shapeName":"/levels/west_coast_usa/art/shapes/roads/restrictedstreet.dae","useInstanceRenderData":true}
{"class":"TSStatic","persistentId":"39d856ef-2c73-4a56-a9ae-349eba5a6964","__parent":"busstops","position":[34.5203934,-428.78183,134.303543],"isRenderEnabled":false,"rotationMatrix":[-1,0,0,0,-0.999999821,-1.00413963e-05,0,-1.02202102e-05,0.999999821],"shapeName":"/levels/west_coast_usa/art/shapes/objects/floodlight_portable.dae","useInstanceRenderData":true}
{"class":"TSStatic","persistentId":"3a72a609-4dc5-4e04-b99f-c7e9328d806f","__parent":"busstops","position":[-343.534912,283.083344,101.429924],"annotation":"OBSTACLES","decalType":"None","isRenderEnabled":false,"rotationMatrix":[0.63451159,-0.772913337,0,0.772913337,0.63451159,0,0,0,1],"shapeName":"/art/shapes/objects/s_busstop_wcu.dae"}
{"class":"TSStatic","persistentId":"3ddecbc1-96aa-4d22-be3c-a0a2f29ae241","__parent":"busstops","position":[-410.201355,687.73999,74.9184265],"annotation":"OBSTACLES","decalType":"None","isRenderEnabled":false,"rotationMatrix":[0.6851753,0.728378117,0,-0.728378117,0.6851753,0,0,0,1],"shapeName":"/art/shapes/objects/s_busstop_wcu.dae"}
{"class":"TSStatic","persistentId":"44f77cc0-dfef-4c2a-8c5e-42ec3e049e81","__parent":"busstops","position":[-287.018036,-889.502441,135.082291],"annotation":"OBSTACLES","decalType":"None","isRenderEnabled":false,"rotationMatrix":[-0.504330397,-0.863510489,0,0.863510489,-0.504330397,0,0,0,1],"shapeName":"/art/shapes/objects/s_busstop_wcu.dae"}
{"class":"TSStatic","persistentId":"342562a4-0abf-4b04-9e6b-51a0f5fee15b","__parent":"busstops","position":[544.79364,-730.176575,199.902069],"decalType":"None","isRenderEnabled":false,"rotationMatrix":[0.54503721,-0.838412166,0,0.838412166,0.54503721,0,0,0,1],"shapeName":"/art/shapes/objects/s_sign_busstop.dae"}
{"class":"TSStatic","persistentId":"31716c55-aab4-4fd5-9365-1b11c340f4a2","__parent":"busstops","position":[-871.356506,667.404419,110.626923],"annotation":"OBSTACLES","decalType":"None","isRenderEnabled":false,"rotationMatrix":[5.96046448e-08,0.999999881,0,-0.999999881,5.96046448e-08,0,0,0,1],"shapeName":"/art/shapes/objects/s_busstop_wcu.dae"}
{"class":"TSStatic","persistentId":"31210c50-c5db-4877-b6d6-adda5ca41359","__parent":"busstops","position":[1.85088086,422.201538,101.565315],"annotation":"OBSTACLES","decalType":"None","isRenderEnabled":false,"rotationMatrix":[0.655023217,-0.755608737,0,0.755608737,0.655023217,0,0,0,1],"shapeName":"/art/shapes/objects/s_busstop_wcu.dae"}
{"class":"TSStatic","persistentId":"2bd94191-ee7d-4287-9a11-8a4da20dd449","__parent":"busstops","position":[-276.626465,613.399353,74.8982773],"annotation":"OBSTACLES","decalType":"None","isRenderEnabled":false,"rotationMatrix":[-0.999999762,-3.25841341e-07,0,3.25841341e-07,-0.999999762,0,0,0,1],"shapeName":"/art/shapes/objects/s_busstop_wcu.dae"}
{"class":"TSStatic","persistentId":"16ea83f4-e3b6-4d60-80b2-1456d8dfaca4","__parent":"busstops","position":[-872.433594,655.838623,110.689835],"annotation":"OBSTACLES","decalType":"None","isRenderEnabled":false,"rotationMatrix":[5.36441803e-07,-1.00000012,0,1.00000012,5.36441803e-07,0,0,0,1],"shapeName":"/art/shapes/objects/s_busstop_wcu.dae"}
{"class":"TSStatic","persistentId":"0d632b17-4bb8-482c-87fb-f2e1a1d75670","__parent":"busstops","position":[-876.589661,889.33197,74.9215393],"annotation":"OBSTACLES","decalType":"None","isRenderEnabled":false,"rotationMatrix":[5.96046448e-08,0.999999881,0,-0.999999881,5.96046448e-08,0,0,0,1],"shapeName":"/art/shapes/objects/s_busstop_wcu.dae"}
{"class":"TSStatic","persistentId":"072c76a7-0ace-4122-8c6a-6c6f94eda185","__parent":"busstops","position":[-898.119385,220.631363,158.959991],"annotation":"OBSTACLES","decalType":"None","isRenderEnabled":false,"rotationMatrix":[0.707107186,-0.707106471,0,0.707106471,0.707107186,0,0,0,1],"shapeName":"/art/shapes/objects/s_busstop_wcu.dae"}
{"class":"TSStatic","persistentId":"06687490-c76f-46d8-9786-786a598773a1","__parent":"busstops","position":[-47.178833,512.287842,74.8647385],"annotation":"OBSTACLES","decalType":"None","isRenderEnabled":false,"rotationMatrix":[-0.805134296,-0.593093097,0,0.593093097,-0.805134296,0,0,0,1],"shapeName":"/art/shapes/objects/s_busstop_wcu.dae"}
{"class":"TSStatic","persistentId":"063b281f-0759-41f3-abed-17e21b7e5358","__parent":"busstops","position":[-546.310242,421.402527,106.909859],"decalType":"None","isRenderEnabled":false,"rotationMatrix":[-0.70710659,0.70710665,0,-0.70710665,-0.70710659,0,0,0,1],"shapeName":"/art/shapes/objects/s_sign_busstop.dae"}
{"class":"TSStatic","persistentId":"3edd0217-6225-42f1-a787-e8b194263089","__parent":"busstops","position":[-828.134644,-914.233032,158.407318],"isRenderEnabled":false,"rotationMatrix":[0.989887118,-0.141857326,0,0.141857326,0.989887118,0,0,0,1],"shapeName":"/levels/west_coast_usa/art/shapes/buildings/cabin2.dae"}
{"class":"TSStatic","persistentId":"9fe74916-5639-4937-a3fd-d5c88e62fc2f","__parent":"busstops","position":[-236.979797,-110.971497,119.595627],"annotation":"OBSTACLES","isRenderEnabled":false,"rotationMatrix":[0.597495615,-0.801872134,0,0.801872134,0.597495615,0,0,0,1],"shapeName":"/art/shapes/objects/s_busstop_wcu.dae","useInstanceRenderData":true}
{"name":"wcu_bs_20_b","class":"BeamNGTrigger","persistentId":"00e93a18-0ac7-4e42-b0c4-19dc52184d51","__parent":"busstops","position":[-664.818542,165.13237,120.649376],"luaFunction":"onBeamNGTrigger","rotationMatrix":[0.709339797,-0.704864979,3.22253654e-05,0.704865098,0.709339619,-0.000689781096,0.000463344681,0.000512004655,0.999999762],"scale":[5.32558155,18.2552662,11.7677002],"stopName":"Star Diner","ticking":true,"triggerColor":[0,133,255,45],"triggerMode":"Contains","triggerTestType":"Bounding box","type":"busstop"}
{"name":"wcu_bs_09","class":"BeamNGTrigger","persistentId":"02910b4c-e879-4756-a661-c36a047496f5","__parent":"busstops","position":[-792.756592,558.960022,129.178223],"luaFunction":"onBeamNGTrigger","rotationMatrix":[0.00135216489,-0.999997318,0.000511376245,0.999997258,0.00135228783,-0.000464036246,0.000463344681,0.000512004655,0.999999762],"scale":[4.91989088,17.6570854,11.767684],"stopName":"Little China","ticking":true,"triggerColor":[0,133,255,45],"triggerMode":"Contains","triggerTestType":"Bounding box","type":"busstop"}
{"name":"wcu_bs_11_b","class":"BeamNGTrigger","persistentId":"11838628-a503-4ab5-9598-d28d7c7ba955","__parent":"busstops","position":[-625.970703,452.224396,119.216103],"luaFunction":"onBeamNGTrigger","rotationMatrix":[-0.714104056,-0.700036943,0.000689298497,0.700036883,-0.714103997,4.12654408e-05,0.000463344681,0.000512004655,0.999999762],"scale":[5.60993433,20.4112625,11.767684],"stopName":"Stock Market","ticking":true,"triggerColor":[0,133,255,45],"triggerMode":"Contains","triggerTestType":"Bounding box","type":"busstop"}
{"name":"wcu_bs_25","class":"BeamNGTrigger","persistentId":"198f6634-ea12-480e-af9b-2bcc6f719b68","__parent":"busstops","position":[-795.381958,-598.467957,106.542076],"luaFunction":"onBeamNGTrigger","rotationMatrix":[-0.656752706,-0.754106343,0.0006902272,0.754106462,-0.656752944,-2.05890246e-05,0.000468834711,0.000506982731,0.999999762],"scale":[5.32558155,18.2552662,11.7677002],"stopName":"Lens Flare Studios","ticking":true,"triggerColor":[0,133,255,45],"triggerMode":"Contains","triggerTestType":"Bounding box","type":"busstop"}
{"name":"wcu_bs_24_b","class":"BeamNGTrigger","persistentId":"26da6f5c-8899-416c-b480-3cf55fd2f6c8","__parent":"busstops","position":[-585.510559,-534.545471,120.905991],"luaFunction":"onBeamNGTrigger","rotationMatrix":[-0.194216132,-0.980958939,0.000586721522,0.980959058,-0.194216371,-0.000364136678,0.000471153733,0.000504828524,0.999999762],"scale":[5.32558155,18.2552662,11.7677002],"stopName":"N Horizon Estates","ticking":true,"triggerColor":[0,133,255,45],"triggerMode":"Contains","triggerTestType":"Bounding box","type":"busstop"}
{"name":"wcu_bs_20","class":"BeamNGTrigger","persistentId":"2bd7fdfb-31a4-41ee-8b6f-4d54c816873d","__parent":"busstops","position":[-682.98291,130.406891,120.675537],"luaFunction":"onBeamNGTrigger","rotationMatrix":[0.709339797,-0.704864979,3.22253654e-05,0.704865098,0.709339619,-0.000689781096,0.000463344681,0.000512004655,0.999999762],"scale":[5.32558155,18.2552662,11.7677002],"stopName":"Star Diner","ticking":true,"triggerColor":[0,133,255,45],"triggerMode":"Contains","triggerTestType":"Bounding box","type":"busstop"}
{"name":"wcu_bs_12","class":"BeamNGTrigger","persistentId":"2fcbbfeb-b344-4def-86e4-93c77bcbb78d","__parent":"busstops","position":[-433.156891,485.886139,100.301353],"luaFunction":"onBeamNGTrigger","rotationMatrix":[-0.704865098,-0.709339738,0.000689780863,0.709339857,-0.704865098,3.22252745e-05,0.000463344681,0.000512004655,0.999999762],"scale":[4.76007509,16.7499104,11.767684],"stopName":"Royal Bank","ticking":true,"triggerColor":[0,133,255,45],"triggerMode":"Contains","triggerTestType":"Bounding box","type":"busstop"}
{"name":"wcu_bs_05","class":"BeamNGTrigger","persistentId":"380fbb2d-1cdd-4b53-b83b-318fa948a66b","__parent":"busstops","position":[-868.598816,664.052063,114.994164],"luaFunction":"onBeamNGTrigger","rotationMatrix":[0.0327665843,-0.999462128,0.000496547029,0.999462187,0.032766521,-0.000479872775,0.000463344681,0.000512004655,0.999999762],"scale":[4.91989088,17.6570854,11.767684],"stopName":"Logan Park","ticking":true,"triggerColor":[0,133,255,45],"triggerMode":"Contains","triggerTestType":"Bounding box","type":"busstop"}
{"name":"wcu_bs_11","class":"BeamNGTrigger","persistentId":"3aa89038-c643-41ec-a6bb-f086ead4cfba","__parent":"busstops","position":[-586.710999,422.394623,114.731628],"luaFunction":"onBeamNGTrigger","rotationMatrix":[-0.714104056,-0.700036943,0.000689298497,0.700036883,-0.714103997,4.12654408e-05,0.000463344681,0.000512004655,0.999999762],"scale":[6.45486164,17.6570854,11.767684],"stopName":"Stock Market","ticking":true,"triggerColor":[0,133,255,45],"triggerMode":"Contains","triggerTestType":"Bounding box","type":"busstop"}
{"name":"wcu_bs_26","class":"BeamNGTrigger","persistentId":"3b051e73-e676-487f-9065-0f866803543f","__parent":"busstops","position":[547.159668,-732.8349,204.412125],"luaFunction":"onBeamNGTrigger","rotationMatrix":[0.45761162,-0.889149845,0.000243216957,0.889149904,0.457611382,-0.00064628257,0.000463344681,0.000512004655,0.999999762],"scale":[5.32558155,18.2552662,11.7677002],"stopName":"Agave Lookout","ticking":true,"triggerColor":[0,133,255,45],"triggerMode":"Contains","triggerTestType":"Bounding box","type":"busstop"}
{"name":"wcu_bs_01","class":"BeamNGTrigger","persistentId":"3b48da9d-dc10-4d12-90d2-8f7b508f7496","__parent":"busstops","position":[-830.262634,885.266968,79.8761292],"luaFunction":"onBeamNGTrigger","rotationMatrix":[0.00316406786,-0.999993861,0.000510535436,0.99999392,0.00316402316,-0.000464962097,0.000463344681,0.000512004655,0.999999762],"scale":[4.91989088,17.6570854,11.767684],"stopName":"Belasco Boulevard","ticking":true,"triggerColor":[0,133,255,45],"triggerMode":"Contains","triggerTestType":"Bounding box","type":"busstop"}
{"name":"wcu_bs_24","class":"BeamNGTrigger","persistentId":"3ba43b20-eb5e-469a-971c-812cd0f45560","__parent":"busstops","position":[-584.056824,-527.34967,120.901566],"luaFunction":"onBeamNGTrigger","rotationMatrix":[-0.179128364,-0.983823955,0.000586721173,0.983824193,-0.179128349,-0.000364135369,0.000463344681,0.000512004655,0.999999762],"scale":[5.32558155,18.2552662,11.7677002],"stopName":"N Horizon Estates","ticking":true,"triggerColor":[0,133,255,45],"triggerMode":"Contains","triggerTestType":"Bounding box","type":"busstop"}
{"name":"wcu_bs_25_b","class":"BeamNGTrigger","persistentId":"3cc5b99f-4b0e-49d9-b81d-1cf49fe0e50e","__parent":"busstops","position":[-806.656311,-595.308777,106.545822],"luaFunction":"onBeamNGTrigger","rotationMatrix":[-0.650025725,-0.75991267,0.0006902272,0.759912789,-0.650025964,-2.05890101e-05,0.000464311015,0.000511128921,0.999999762],"scale":[5.32558155,18.2552662,11.7677002],"stopName":"Lens Flare Studios","ticking":true,"triggerColor":[0,133,255,45],"triggerMode":"Contains","triggerTestType":"Bounding box","type":"busstop"}
{"name":"wcu_bs_22","class":"BeamNGTrigger","persistentId":"3daceb51-d4f2-41e4-a31b-f1be4ab9d0aa","__parent":"busstops","position":[-729.03186,-37.342556,107.615082],"luaFunction":"onBeamNGTrigger","rotationMatrix":[0.709339797,-0.704864979,3.22253654e-05,0.704865098,0.709339619,-0.000689781096,0.000463344681,0.000512004655,0.999999762],"scale":[5.32558155,18.2552662,11.7677002],"stopName":"Harlem St","ticking":true,"triggerColor":[0,133,255,45],"triggerMode":"Contains","triggerTestType":"Bounding box","type":"busstop"}
{"name":"wcu_bs_04_b","class":"BeamNGTrigger","persistentId":"421fdd8a-81f7-4bf3-9d22-6a3303d73eca","__parent":"busstops","position":[-464.639191,710.562073,79.1070557],"luaFunction":"onBeamNGTrigger","rotationMatrix":[-0.704473197,-0.709728956,0.00068979885,0.709729075,-0.704473197,3.18439379e-05,0.000463344681,0.000512004655,0.999999762],"scale":[4.91989088,17.6570854,11.767684],"stopName":"Convention Center","ticking":true,"triggerColor":[0,133,255,45],"triggerMode":"Contains","triggerTestType":"Bounding box","type":"busstop"}
{"name":"wcu_bs_16_b","class":"BeamNGTrigger","persistentId":"486ab9f5-420b-4579-a1b3-34b8439ee829","__parent":"busstops","position":[-475.91748,353.87854,102.491936],"luaFunction":"onBeamNGTrigger","rotationMatrix":[0.700313807,-0.71383363,4.09995519e-05,0.713833749,0.700313628,-0.000689315319,0.000463344681,0.000512004655,0.999999762],"scale":[5.23401022,18.1068287,11.7677002],"stopName":"Snooze News","ticking":true,"triggerColor":[0,133,255,45],"triggerMode":"Contains","triggerTestType":"Bounding box","type":"busstop"}
{"name":"wcu_bs_29","class":"BeamNGTrigger","persistentId":"49929d3a-3a7a-402d-9a31-fa8689e8db43","__parent":"busstops","position":[877.844666,-959.80127,175.282379],"luaFunction":"onBeamNGTrigger","rotationMatrix":[-0.676796675,0.736169457,-4.16342664e-05,-0.736169338,-0.676796436,0.000689277484,0.000479247246,0.000497150875,0.999999762],"scale":[5.32558155,18.2552662,11.7677002],"stopName":"Single Pine Motel","ticking":true,"triggerColor":[0,133,255,45],"triggerMode":"Contains","triggerTestType":"Bounding box","type":"busstop"}
{"name":"wcu_bs_16","class":"BeamNGTrigger","persistentId":"49ea56c4-dcfb-49e2-976f-997f2ae872fa","__parent":"busstops","position":[-510.951508,302.501221,102.797409],"luaFunction":"onBeamNGTrigger","rotationMatrix":[0.709339797,-0.704864979,3.22253654e-05,0.704865098,0.709339619,-0.000689781096,0.000463344681,0.000512004655,0.999999762],"scale":[5.23401022,18.1068287,11.7677002],"stopName":"Snooze News","ticking":true,"triggerColor":[0,133,255,45],"triggerMode":"Contains","triggerTestType":"Bounding box","type":"busstop"}
{"name":"wcu_bs_08","class":"BeamNGTrigger","persistentId":"50f54b3b-35fd-45f5-8e4e-2d26efbcd3a6","__parent":"busstops","position":[-39.6758385,522.342041,79.6820755],"luaFunction":"onBeamNGTrigger","rotationMatrix":[-0.804088295,-0.594507456,0.00067696051,0.594507456,-0.804088175,0.000136234405,0.000463344681,0.000512004655,0.999999762],"scale":[4.91989088,17.6570854,11.767684],"stopName":"Dockyards","ticking":true,"triggerColor":[0,133,255,45],"triggerMode":"Contains","triggerTestType":"Bounding box","type":"busstop"}
{"name":"wcu_bs_17_b","class":"BeamNGTrigger","persistentId":"579191bf-45d5-4dee-ac4f-cf6b22ba5474","__parent":"busstops","position":[-403.58197,247.666534,106.617516],"luaFunction":"onBeamNGTrigger","rotationMatrix":[-0.774744272,0.632275403,2.4433888e-05,-0.632275283,-0.774744034,0.000690101529,0.000455264119,0.000519203022,0.999999762],"scale":[5.23401022,18.1068287,11.7677002],"stopName":"Riverway Plaza","ticking":true,"triggerColor":[0,133,255,45],"triggerMode":"Contains","triggerTestType":"Bounding box","type":"busstop"}
{"name":"wcu_bs_01_b","class":"BeamNGTrigger","persistentId":"60dfe0bf-eb98-4e1a-a276-0707a50b157f","__parent":"busstops","position":[-843.255676,869.63092,79.8901596],"luaFunction":"onBeamNGTrigger","rotationMatrix":[0.00316406786,-0.999993861,0.000510535436,0.99999392,0.00316402316,-0.000464962097,0.000463344681,0.000512004655,0.999999762],"scale":[4.91989088,17.6570854,11.767684],"stopName":"Belasco Boulevard","ticking":true,"triggerColor":[0,133,255,45],"triggerMode":"Contains","triggerTestType":"Bounding box","type":"busstop"}
{"name":"wcu_bs_21_b","class":"BeamNGTrigger","persistentId":"61777c8f-9739-442a-b566-bd4e5ca8056c","__parent":"busstops","position":[0.678353667,186.381454,131.229279],"luaFunction":"onBeamNGTrigger","rotationMatrix":[0.709339797,-0.704864979,3.22253654e-05,0.704865098,0.709339619,-0.000689781096,0.000463344681,0.000512004655,0.999999762],"scale":[5.32558155,18.2552662,11.7677002],"stopName":"Tennis/Basketball Club","ticking":true,"triggerColor":[0,133,255,45],"triggerMode":"Contains","triggerTestType":"Bounding box","type":"busstop"}
{"name":"wcu_bs_02_b","class":"BeamNGTrigger","persistentId":"630b08fc-8ecd-4070-9170-17dfa7880842","__parent":"busstops","position":[226.907455,831.188782,105.830345],"luaFunction":"onBeamNGTrigger","rotationMatrix":[0.348612845,-0.937267125,0.000308757561,0.937267005,0.348612607,-0.000617662037,0.000471277133,0.000504713214,0.999999762],"scale":[4.91989088,17.6570854,11.767684],"stopName":"Platin Gate Bridge","ticking":true,"triggerColor":[0,133,255,45],"triggerMode":"Contains","triggerTestType":"Bounding box","type":"busstop"}
{"name":"wcu_bs_13","class":"BeamNGTrigger","persistentId":"6f5b7102-9530-41d2-86f0-eafd4a8f3c67","__parent":"busstops","position":[-3.09952116,422.850464,105.524254],"luaFunction":"onBeamNGTrigger","rotationMatrix":[0.669914007,-0.742435992,6.97287396e-05,0.742435992,0.669914126,-0.000687003252,0.000463344681,0.000512004655,0.999999762],"scale":[4.96257639,17.6570854,11.767684],"stopName":"Canal St","ticking":true,"triggerColor":[0,133,255,45],"triggerMode":"Contains","triggerTestType":"Bounding box","type":"busstop"}
{"name":"wcu_bs_05_b","class":"BeamNGTrigger","persistentId":"705909be-703f-4386-a600-75f923a62ba9","__parent":"busstops","position":[-876.120178,659.244873,115.000656],"luaFunction":"onBeamNGTrigger","rotationMatrix":[0.00727146957,-0.999972641,0.000508621451,0.999972701,0.00727140345,-0.000467055681,0.000463344681,0.000512004655,0.999999762],"scale":[4.91989088,17.6570854,11.767684],"stopName":"Logan Park","ticking":true,"triggerColor":[0,133,255,45],"triggerMode":"Contains","triggerTestType":"Bounding box","type":"busstop"}
{"name":"wcu_bs_10","class":"BeamNGTrigger","persistentId":"714e45d3-42aa-450b-9a33-f800095703b8","__parent":"busstops","position":[-260.266174,528.540222,79.2163544],"luaFunction":"onBeamNGTrigger","rotationMatrix":[-0.697162986,-0.716910362,0.000690088084,0.716910243,-0.697162867,2.47734843e-05,0.000463344681,0.000512004655,0.999999762],"scale":[4.91989088,17.6570854,11.767684],"stopName":"Central Hospital","ticking":true,"triggerColor":[0,133,255,45],"triggerMode":"Contains","triggerTestType":"Bounding box","type":"busstop"}
{"name":"wcu_bs_04","class":"BeamNGTrigger","persistentId":"76d8d018-019e-4056-94a0-5cc4f82ea257","__parent":"busstops","position":[-409.796204,680.000305,79.0967255],"luaFunction":"onBeamNGTrigger","rotationMatrix":[-0.68023181,-0.732995629,0.000690479181,0.732995749,-0.68023175,8.65175753e-06,0.000463344681,0.000512004655,0.999999762],"scale":[4.91989088,17.6570854,11.767684],"stopName":"Convention Center","ticking":true,"triggerColor":[0,133,255,45],"triggerMode":"Contains","triggerTestType":"Bounding box","type":"busstop"}
{"name":"wcu_bs_19_b","class":"BeamNGTrigger","persistentId":"7d1ea8a5-8b78-4e93-a6ae-e4ea7498b67a","__parent":"busstops","position":[-907.924927,232.019577,163.539093],"luaFunction":"onBeamNGTrigger","rotationMatrix":[-0.710567236,0.703627408,-3.10230862e-05,-0.703627348,-0.710567057,0.000689835695,0.000463344681,0.000512004655,0.999999762],"scale":[5.23401022,18.1068287,11.7677002],"stopName":"Cloverfield Ln","ticking":true,"triggerColor":[0,133,255,45],"triggerMode":"Contains","triggerTestType":"Bounding box","type":"busstop"}
{"name":"wcu_cp_agave","class":"BeamNGTrigger","persistentId":"7ee5e5f4-a752-44cb-8c8d-f82ddac4c4f0","__parent":"busstops","position":[174.58519,-766.966003,148.896942],"luaFunction":"onBeamNGTrigger","rotationMatrix":[0.749496758,-0.662008464,-1.20962795e-10,0.662008405,0.74949652,-0.000690534245,0.000457139249,0.00051755266,0.999999762],"scale":[21.8301544,6.96855354,19.0246468],"type":"buswp"}
{"name":"wcu_bs_28","class":"BeamNGTrigger","persistentId":"8028ddc2-6c75-4504-ba0b-ebe763f0128e","__parent":"busstops","position":[-609.726379,-928.493958,166.622406],"luaFunction":"onBeamNGTrigger","rotationMatrix":[-0.829285741,0.558825314,0.00010892404,-0.558825076,-0.829285502,0.000681889069,0.000471385894,0.000504611235,0.999999762],"scale":[5.32558155,18.2552662,11.7677002],"stopName":"Redwood Motel","ticking":true,"triggerColor":[0,133,255,45],"triggerMode":"Contains","triggerTestType":"Bounding box","type":"busstop"}
{"name":"wcu_bs_07","class":"BeamNGTrigger","persistentId":"93221c78-ecc2-4542-81e7-4708aa571fc3","__parent":"busstops","position":[-259.262878,606.906982,79.4923553],"luaFunction":"onBeamNGTrigger","rotationMatrix":[-0.999990761,0.00399033166,0.000461298099,-0.00399037451,-0.999990702,0.000513848674,0.000463344681,0.000512004655,0.999999762],"scale":[4.91989088,17.6570854,11.767684],"stopName":"Belasco Pier","ticking":true,"triggerColor":[0,133,255,45],"triggerMode":"Contains","triggerTestType":"Bounding box","type":"busstop"}
{"name":"wcu_bs_09_b","class":"BeamNGTrigger","persistentId":"9338f7ed-ffc3-4118-bc01-659540d12bbe","__parent":"busstops","position":[-802.560791,551.211182,129.186829],"luaFunction":"onBeamNGTrigger","rotationMatrix":[-0.0125283003,-0.999921799,0.00051137706,0.999921799,-0.0125285387,-0.000464038138,0.000470408297,0.000505523407,0.999999762],"scale":[4.91989088,17.6570854,11.767684],"stopName":"Little China","ticking":true,"triggerColor":[0,133,255,45],"triggerMode":"Contains","triggerTestType":"Bounding box","type":"busstop"}
{"name":"wcu_bs_08_b","class":"BeamNGTrigger","persistentId":"97234a27-0e67-438b-9021-84b02d68e691","__parent":"busstops","position":[-46.5169754,518.407837,79.6872635],"luaFunction":"onBeamNGTrigger","rotationMatrix":[-0.804088295,-0.594507456,0.00067696051,0.594507456,-0.804088175,0.000136234405,0.000463344681,0.000512004655,0.999999762],"scale":[4.91989088,17.6570854,11.767684],"stopName":"Dockyards","ticking":true,"triggerColor":[0,133,255,45],"triggerMode":"Contains","triggerTestType":"Bounding box","type":"busstop"}
{"name":"wcu_bs_27_b","class":"BeamNGTrigger","persistentId":"9801d622-f341-4694-947f-bbeca50a5519","__parent":"busstops","position":[-287.01059,-884.228638,136.712158],"luaFunction":"onBeamNGTrigger","rotationMatrix":[-0.511652172,-0.859190166,0.000690282264,0.859190404,-0.51165241,-1.86587531e-05,0.000369217596,0.000583539368,0.999999762],"scale":[5.32558155,18.2552662,11.7677002],"stopName":"E Horizon Estates","ticking":true,"triggerColor":[0,133,255,45],"triggerMode":"Contains","triggerTestType":"Bounding box","type":"busstop"}
{"name":"wcu_bs_23","class":"BeamNGTrigger","persistentId":"98ee2522-6937-4180-80ad-e31a64e6e658","__parent":"busstops","position":[416.074799,-302.091248,157.302414],"luaFunction":"onBeamNGTrigger","rotationMatrix":[-0.715292394,-0.698825121,0.000556468498,0.698825002,-0.715292573,-0.000408878434,0.000683772261,9.64065039e-05,0.999999762],"scale":[5.32558155,18.2552662,11.7677002],"stopName":"Motorsports Park","ticking":true,"triggerColor":[0,133,255,45],"triggerMode":"Contains","triggerTestType":"Bounding box","type":"busstop"}
{"name":"wcu_bs_15","class":"BeamNGTrigger","persistentId":"9bfefd10-d8c8-4c3c-90ff-457fc7e82174","__parent":"busstops","position":[-552.321411,419.247253,111.794395],"luaFunction":"onBeamNGTrigger","rotationMatrix":[0.702510059,-0.711670995,3.88736808e-05,0.711670995,0.702510178,-0.000689437729,0.000463344681,0.000512004655,0.999999762],"scale":[4.96257639,17.6570854,11.767684],"stopName":"Clinton Hotel","ticking":true,"triggerColor":[0,133,255,45],"triggerMode":"Contains","triggerTestType":"Bounding box","type":"busstop"}
{"name":"wcu_bs_13_b","class":"BeamNGTrigger","persistentId":"9cc7ca6b-7a90-4571-9fb3-7012310e5334","__parent":"busstops","position":[15.9982643,459.139648,105.49688],"luaFunction":"onBeamNGTrigger","rotationMatrix":[0.669914007,-0.742435992,6.97287396e-05,0.742435992,0.669914126,-0.000687003252,0.000463344681,0.000512004655,0.999999762],"scale":[4.96257639,17.6570854,11.767684],"stopName":"Canal St","ticking":true,"triggerColor":[0,133,255,45],"triggerMode":"Contains","triggerTestType":"Bounding box","type":"busstop"}
{"name":"wcu_bs_18_b","class":"BeamNGTrigger","persistentId":"a64d952e-6f92-42f5-baec-8d0de61fb5e0","__parent":"busstops","position":[-721.658081,260.442871,137.663528],"luaFunction":"onBeamNGTrigger","rotationMatrix":[-0.710567236,0.703627408,-3.10230862e-05,-0.703627348,-0.710567057,0.000689835695,0.000463344681,0.000512004655,0.999999762],"scale":[5.23401022,18.1068287,11.7677002],"stopName":"Winchester Rd","ticking":true,"triggerColor":[0,133,255,45],"triggerMode":"Contains","triggerTestType":"Bounding box","type":"busstop"}
