{"class":"TSStatic","persistentId":"3a4e7a8c-cff1-48ae-8845-3a665af9ac8f","__parent":"CBF_crusher","position":[-662.097595,-117.757874,96.8683395],"isRenderEnabled":false,"rotationMatrix":[0.707106829,0.707106769,0,-0.707106769,0.707106829,0,0,0,1],"shapeName":"/levels/west_coast_usa/art/shapes/buildings/s_quarry_distributor_02.dae","useInstanceRenderData":true}
{"class":"TSStatic","persistentId":"2850bf6d-b34f-48b8-8fc2-dff6c21b9e51","__parent":"CBF_crusher","position":[-663.087524,-109.696846,99.968338],"isRenderEnabled":false,"rotationMatrix":[0.70710659,-0.707106948,0,0.707106948,0.70710659,0,0,0,1],"shapeName":"/levels/west_coast_usa/art/shapes/buildings/s_quarry_distributor_02.dae","useInstanceRenderData":true}
{"class":"TSStatic","persistentId":"6a957417-99ec-4904-9718-80221aabdb63","__parent":"CBF_crusher","position":[-620.772034,-76.2121201,99.8607788],"isRenderEnabled":false,"rotationMatrix":[0.707106709,0.707106829,0,-0.707106829,0.707106709,0,0,0,1],"shapeName":"/levels/west_coast_usa/art/shapes/buildings/s_quarry_distributor_02.dae","useInstanceRenderData":true}
{"class":"TSStatic","persistentId":"df813122-ccfd-46b7-8405-9394db5f0ce7","__parent":"CBF_crusher","position":[-666.145325,-117.714874,98.5688095],"isRenderEnabled":false,"rotationMatrix":[0.707106709,0.707106829,-1.1920929e-07,-5.96046448e-08,2.38418579e-07,1,0.707106829,-0.707106709,1.78813934e-07],"scale":[0.915349126,1,0.897524714],"shapeName":"/levels/west_coast_usa/art/shapes/objects/s_gm_block_16mX2mX8m.dae","useInstanceRenderData":true}
{"class":"TSStatic","persistentId":"a01368f3-8934-4c05-ba35-9a81d7be8509","__parent":"CBF_crusher","position":[-655.827637,-107.397217,98.5688095],"isRenderEnabled":false,"rotationMatrix":[0.707106709,0.707106829,-1.1920929e-07,-5.96046448e-08,2.38418579e-07,1,0.707106829,-0.707106709,1.78813934e-07],"scale":[0.915349126,1,0.897524714],"shapeName":"/levels/west_coast_usa/art/shapes/objects/s_gm_block_16mX2mX8m.dae","useInstanceRenderData":true}
{"class":"TSStatic","persistentId":"14304886-1162-4a88-9fe2-7b5517c2ed2f","__parent":"CBF_crusher","position":[-650.11145,-106.100502,100.558174],"annotation":"BUILDINGS","isRenderEnabled":false,"rotationMatrix":[0.707106709,-0.707106709,0,0.707106709,0.707106709,0,0,0,0.999999881],"shapeName":"/levels/west_coast_usa/art/shapes/buildings/s_quarry_watertank_01.dae","useInstanceRenderData":true}
{"class":"TSStatic","persistentId":"86590aa1-6f0e-4bcd-8a46-484f2b11c6c6","__parent":"CBF_crusher","position":[-644.254944,-99.7868881,97.4005356],"isRenderEnabled":false,"rotationMatrix":[0.716655254,-0.697243154,0.0160412528,0.696845233,0.716807127,0.0243802927,-0.0284974761,-0.0062939981,0.999574065],"shapeName":"/levels/west_coast_usa/art/shapes/buildings/s_quarry_pillar.dae","useInstanceRenderData":true}
{"class":"TSStatic","persistentId":"8cc03b8b-c088-4d62-8e30-0303115b734a","__parent":"CBF_crusher","position":[-654.497192,-110.192261,97.2612762],"isRenderEnabled":false,"rotationMatrix":[0.716655254,-0.697243154,0.0160412528,0.696845233,0.716807127,0.0243802927,-0.0284974761,-0.0062939981,0.999574065],"shapeName":"/levels/west_coast_usa/art/shapes/buildings/s_quarry_pillar.dae","useInstanceRenderData":true}
{"class":"TSStatic","persistentId":"83dbe06f-c0c2-4c4a-95b0-bf5651fc847f","__parent":"CBF_crusher","position":[-673.058472,-99.650116,103.696434],"isRenderEnabled":false,"rotationMatrix":[-0.707107306,-0.70710665,0,0.70710665,-0.707107306,0,0,0,1],"shapeName":"/levels/west_coast_usa/art/shapes/buildings/s_quarry_support_6m.dae","useInstanceRenderData":true}
{"class":"TSStatic","persistentId":"58a12557-166c-4d9c-b696-e06d0f9a6ad2","__parent":"CBF_crusher","position":[-673.036316,-99.6899719,97.9640732],"isRenderEnabled":false,"rotationMatrix":[-0.707107306,-0.70710665,0,0.70710665,-0.707107306,0,0,0,1],"shapeName":"/levels/west_coast_usa/art/shapes/buildings/s_quarry_pillar.dae","useInstanceRenderData":true}
{"class":"TSStatic","persistentId":"1e4303a3-c53f-4a96-8555-bc823c9016f8","__parent":"CBF_crusher","position":[-663.270752,-118.928642,97.3699036],"isRenderEnabled":false,"rotationMatrix":[0.707106829,-0.707106709,0,0.707106709,0.707106829,0,0,0,1],"scale":[1.36500001,1.35000002,1.20000005],"shapeName":"/levels/west_coast_usa/art/shapes/buildings/s_quarry_pillar.dae","useInstanceRenderData":true}
{"class":"TSStatic","persistentId":"1b13808b-c97f-46d6-aa64-b9eabf1b022d","__parent":"CBF_crusher","position":[-661.640381,-111.045334,107.515373],"isRenderEnabled":false,"rotationMatrix":[0.707106709,0.707106888,0,-0.707106888,0.707106709,0,0,0,1],"scale":[1,1.16073895,1],"shapeName":"/levels/west_coast_usa/art/shapes/buildings/s_quarry_conveyor_10m.dae","useInstanceRenderData":true}
{"class":"TSStatic","persistentId":"1e9cf5a7-3a4e-4db4-8898-ec7517285b54","__parent":"CBF_crusher","position":[-644.422607,-99.8225174,103.880943],"isRenderEnabled":false,"rotationMatrix":[0.707732916,-0.706480145,0,0.706480145,0.707732916,0,0,0,1],"shapeName":"/levels/west_coast_usa/art/shapes/buildings/s_quarry_support_6m.dae","useInstanceRenderData":true}
{"class":"TSStatic","persistentId":"e91bb8b0-bdd3-41d6-831c-170193e7ecac","__parent":"CBF_crusher","position":[-650.179443,-105.804512,106.416496],"isRenderEnabled":false,"rotationMatrix":[0.707733274,-0.706479847,-1.49011612e-08,0.689820468,0.691044331,0.215883195,-0.15251708,-0.152787745,0.97641921],"scale":[1,1.13834071,1],"shapeName":"/levels/west_coast_usa/art/shapes/buildings/s_quarry_conveyor_10m.dae","useInstanceRenderData":true}
{"class":"TSStatic","persistentId":"8ac23d22-a716-41ac-bec8-318f7019b138","__parent":"CBF_crusher","position":[-654.645813,-110.231125,101.284111],"isRenderEnabled":false,"rotationMatrix":[0.707732916,-0.706480145,0,0.706480145,0.707732916,0,0,0,1],"shapeName":"/levels/west_coast_usa/art/shapes/buildings/s_quarry_support_6m.dae","useInstanceRenderData":true}
{"class":"TSStatic","persistentId":"59af9f07-9fd8-43e7-81a0-2b923a22378d","__parent":"CBF_crusher","position":[-658.636292,-114.189903,104.743942],"isRenderEnabled":false,"rotationMatrix":[0.70710659,-0.707107127,-3.7252903e-09,0.706120908,0.706120372,0.052795954,-0.0373323858,-0.0373323709,0.998605311],"scale":[1,1.30335236,1],"shapeName":"/levels/west_coast_usa/art/shapes/buildings/s_quarry_conveyor_10m.dae","useInstanceRenderData":true}
{"class":"TSStatic","persistentId":"08007a07-1b51-4687-8d6c-f5360db11e6f","__parent":"CBF_crusher","position":[-657.524597,-117.860489,102.567757],"isRenderEnabled":false,"rotationMatrix":[-0.707106471,0.707106769,0,-0.707106769,-0.707106471,0,0,0,1],"shapeName":"/levels/west_coast_usa/art/shapes/buildings/s_quarry_distributor_01.dae","useInstanceRenderData":true}
{"class":"TSStatic","persistentId":"f0a64919-a381-4e73-8216-dd838d41087b","__parent":"CBF_crusher","position":[-684.647522,-88.9673462,100.156319],"isRenderEnabled":false,"rotationMatrix":[0.735640764,0.67737186,0,-0.67737186,0.735640764,0,0,0,1],"shapeName":"/levels/west_coast_usa/art/shapes/buildings/s_quarry_crusher_01.dae","useInstanceRenderData":true}
{"class":"TSStatic","persistentId":"fb74b6ca-a996-486c-ba47-f01404c69e08","__parent":"CBF_crusher","position":[-681.917053,-81.7648697,106.262024],"isRenderEnabled":false,"rotationMatrix":[0.707106531,-0.707107127,-2.98023224e-08,0.654347122,0.654346585,-0.379025728,0.268011749,0.26801154,0.925386131],"shapeName":"/levels/west_coast_usa/art/shapes/buildings/s_quarry_conveyor_10m.dae","useInstanceRenderData":true}
{"class":"TSStatic","persistentId":"af2131c2-136f-4536-9d75-39a5146c8325","__parent":"CBF_crusher","position":[-669.809204,-102.83773,107.516129],"isRenderEnabled":false,"rotationMatrix":[0.706733882,0.707479358,0,-0.707479358,0.706733882,0,0,0,0.999999881],"scale":[1,1.16073895,1],"shapeName":"/levels/west_coast_usa/art/shapes/buildings/s_quarry_conveyor_10m.dae","useInstanceRenderData":true}
{"class":"TSStatic","persistentId":"0ea9120b-8f3a-4d4a-bbd0-2ecb6afd2882","__parent":"CBF_crusher","position":[-677.9552,-94.6998215,104.041412],"isRenderEnabled":false,"rotationMatrix":[0.706734002,0.707479477,1.49011612e-08,-0.607642412,0.607002199,-0.51217103,-0.362350404,0.361968726,0.8588835],"scale":[1,1.27967834,1],"shapeName":"/levels/west_coast_usa/art/shapes/buildings/s_quarry_conveyor_10m.dae","useInstanceRenderData":true}
{"class":"TSStatic","persistentId":"32d87dbf-0f66-4644-a2e7-3b0475daccf3","__parent":"CBF_crusher","position":[-633.031433,-88.6357574,106.740219],"isRenderEnabled":false,"rotationMatrix":[0.707106709,-0.707106709,0,0.707106709,0.707106709,0,0,0,0.999999881],"scale":[1,0.96172452,1],"shapeName":"/levels/west_coast_usa/art/shapes/buildings/s_quarry_conveyor_40m.dae","useInstanceRenderData":true}
{"class":"TSStatic","persistentId":"b31c85e4-5d61-462e-afa6-26a800ce0c83","__parent":"CBF_crusher","position":[-675.60321,-75.4509583,102.604744],"isRenderEnabled":false,"rotationMatrix":[0.707106531,-0.707107127,-2.98023224e-08,0.654347122,0.654346585,-0.379025728,0.268011749,0.26801154,0.925386131],"shapeName":"/levels/west_coast_usa/art/shapes/buildings/s_quarry_conveyor_10m.dae","useInstanceRenderData":true}
{"class":"TSStatic","persistentId":"741ab0fc-7751-4a64-a657-ad6f2804551b","__parent":"CBF_crusher","position":[-609.277405,-56.6263542,109.047333],"isRenderEnabled":false,"rotationMatrix":[0.87226963,-0.489022493,-0.00162795931,0.486439824,0.867311418,0.105580389,-0.0502192378,-0.0928864777,0.994409442],"scale":[1,1.07964385,1],"shapeName":"/levels/west_coast_usa/art/shapes/buildings/s_quarry_conveyor_40m.dae","useInstanceRenderData":true}
{"class":"TSStatic","persistentId":"eb01371e-48ee-4cf6-95d4-f2386ff0cffc","__parent":"CBF_crusher","position":[-674.826233,-97.8823471,102.796432],"isRenderEnabled":false,"rotationMatrix":[-0.707107306,-0.70710665,0,0.70710665,-0.707107306,0,0,0,1],"shapeName":"/levels/west_coast_usa/art/shapes/buildings/s_quarry_support_6m.dae","useInstanceRenderData":true}
{"class":"TSStatic","persistentId":"555208fd-5365-434d-b300-71998af9ffae","__parent":"CBF_crusher","position":[-674.804077,-97.9222031,97.9640732],"isRenderEnabled":false,"rotationMatrix":[-0.707107306,-0.70710665,0,0.70710665,-0.707107306,0,0,0,1],"shapeName":"/levels/west_coast_usa/art/shapes/buildings/s_quarry_pillar.dae","useInstanceRenderData":true}
{"class":"TSStatic","persistentId":"ffb42fa1-f3bf-4f72-8fc6-2a94e7aa622c","__parent":"CBF_crusher","position":[-646.868896,-102.405502,97.4005356],"isRenderEnabled":false,"rotationMatrix":[0.716655254,-0.697243154,0.0160412528,0.696845233,0.716807127,0.0243802927,-0.0284974761,-0.0062939981,0.999574065],"shapeName":"/levels/west_coast_usa/art/shapes/buildings/s_quarry_pillar.dae","useInstanceRenderData":true}
{"class":"TSStatic","persistentId":"242b2b5b-114f-432c-8086-bfaefdcf2b28","__parent":"CBF_crusher","position":[-647.03656,-102.441132,103.680946],"isRenderEnabled":false,"rotationMatrix":[0.707732916,-0.706480145,0,0.706480145,0.707732916,0,0,0,1],"shapeName":"/levels/west_coast_usa/art/shapes/buildings/s_quarry_support_6m.dae","useInstanceRenderData":true}
{"class":"TSStatic","persistentId":"a158ab20-ac92-4148-97a2-2ffa5908c49a","__parent":"CBF_crusher","position":[-660.928467,-116.586349,97.3699036],"isRenderEnabled":false,"rotationMatrix":[0.707106829,-0.707106709,0,0.707106709,0.707106829,0,0,0,1],"scale":[1.35000002,1.35000002,1.20000005],"shapeName":"/levels/west_coast_usa/art/shapes/buildings/s_quarry_pillar.dae","useInstanceRenderData":true}
{"class":"TSStatic","persistentId":"9735d9d6-8a24-4a1a-9bca-6ca970b0a069","__parent":"CBF_crusher","position":[-661.90509,-110.89035,97.3699036],"isRenderEnabled":false,"rotationMatrix":[0.70710659,0.707107008,0,-0.707107008,0.70710659,0,0,0,1],"scale":[1.35000002,1.35000002,1.20000005],"shapeName":"/levels/west_coast_usa/art/shapes/buildings/s_quarry_pillar.dae","useInstanceRenderData":true}
{"class":"TSStatic","persistentId":"6d6b7ecf-205a-4e3b-885e-154f12bb5c8f","__parent":"CBF_crusher","position":[-664.224915,-108.570465,97.3699036],"isRenderEnabled":false,"rotationMatrix":[0.70710659,0.707107008,0,-0.707107008,0.70710659,0,0,0,1],"scale":[1.35000002,1.35000002,1.20000005],"shapeName":"/levels/west_coast_usa/art/shapes/buildings/s_quarry_pillar.dae","useInstanceRenderData":true}
{"class":"TSStatic","persistentId":"ab4b3cd9-76cc-401d-a536-02a969a6a0e1","__parent":"CBF_crusher","position":[-682.242676,-82.0727005,102.564949],"isRenderEnabled":false,"rotationMatrix":[-0.707105756,0.707107306,0,-0.707107306,-0.707105756,0,0,0,1],"shapeName":"/levels/west_coast_usa/art/shapes/buildings/s_quarry_support_6m.dae","useInstanceRenderData":true}
{"class":"TSStatic","persistentId":"1575e11e-e8ef-4e11-bd46-005420312cdb","__parent":"CBF_crusher","position":[-682.282532,-82.0948563,97.7325897],"isRenderEnabled":false,"rotationMatrix":[-0.707105756,0.707107306,0,-0.707107306,-0.707105756,0,0,0,1],"shapeName":"/levels/west_coast_usa/art/shapes/buildings/s_quarry_pillar.dae","useInstanceRenderData":true}
{"class":"TSStatic","persistentId":"15a277e2-51a8-4237-9ded-fda2a4cfc163","__parent":"CBF_crusher","position":[-619.578552,-75.029686,97.2623444],"isRenderEnabled":false,"rotationMatrix":[-0.707107067,0.707106292,0,-0.707106292,-0.707107067,0,0,0,1],"scale":[1.35000002,1.35000002,1.20000005],"shapeName":"/levels/west_coast_usa/art/shapes/buildings/s_quarry_pillar.dae","useInstanceRenderData":true}
{"class":"TSStatic","persistentId":"c5114325-b21b-4d63-b9e9-001be1495d35","__parent":"CBF_crusher","position":[-621.898376,-77.3495102,97.2623444],"isRenderEnabled":false,"rotationMatrix":[-0.707107067,0.707106292,0,-0.707106292,-0.707107067,0,0,0,1],"scale":[1.35000002,1.35000002,1.20000005],"shapeName":"/levels/west_coast_usa/art/shapes/buildings/s_quarry_pillar.dae","useInstanceRenderData":true}
{"class":"TSStatic","persistentId":"78a1fe19-199d-40c5-ba3a-742a541f7867","__parent":"CBF_crusher","position":[-602.578674,-12.2466536,110.187416],"isRenderEnabled":false,"rotationMatrix":[0.695094109,0.718759418,-0.0151344687,-0.706181765,0.686573088,0.172987297,0.13472718,-0.109554753,0.984807789],"scale":[1,1.3766861,1],"shapeName":"/levels/west_coast_usa/art/shapes/buildings/s_quarry_conveyor_10m.dae","useInstanceRenderData":true}
{"class":"TSStatic","persistentId":"6f242467-036c-4fa7-b732-b972728310f5","__parent":"CBF_crusher","position":[-697.518616,-119.7742,101.636955],"isRenderEnabled":false,"rotationMatrix":[-0.707105756,0.707107306,0,-0.707107306,-0.707105756,0,0,0,1],"shapeName":"/levels/west_coast_usa/art/shapes/buildings/s_quarry_support_6m.dae","useInstanceRenderData":true}
{"class":"TSStatic","persistentId":"e27db145-c3de-4cbe-bb8b-e438a469f0a0","__parent":"CBF_crusher","position":[-574.570496,16.2874374,100.59967],"annotation":"BUILDINGS","isRenderEnabled":false,"rotationMatrix":[0.707107306,0.707106233,0,-0.707106233,0.707107306,0,0,0,1],"shapeName":"/levels/west_coast_usa/art/shapes/buildings/s_quarry_watertank_01.dae","useInstanceRenderData":true}
