{"class":"TSStatic","persistentId":"0d92ceeb-9abd-4870-8a45-442e31c8bbce","__parent":"portViewRails","position":[596.303467,946.645081,121.780792],"isRenderEnabled":false,"rotationMatrix":[-0.991598725,0.129320338,-0.00286010629,-0.12935172,-0.991398096,0.0199476369,-0.000255869003,0.0201500095,0.999796927],"shapeName":"/levels/west_coast_usa/art/shapes/objects/guardrail_support1.dae","useInstanceRenderData":true}
{"class":"TSStatic","persistentId":"36b84e00-6e27-4424-951e-e2113a8af324","__parent":"portViewRails","position":[596.021362,947.5495,122.322289],"isRenderEnabled":false,"rotationMatrix":[-0.129353166,-0.991397858,0.0199476443,0.991598487,-0.129321814,0.00286012236,-0.000255852006,0.0201500244,0.999796927],"shapeName":"/levels/west_coast_usa/art/shapes/objects/guardrail1.dae","useInstanceRenderData":true}
{"class":"TSStatic","persistentId":"3aeda2b1-64f1-4215-bd4d-4357647d2f10","__parent":"portViewRails","position":[596.453186,948.62262,121.738251],"isRenderEnabled":false,"rotationMatrix":[-0.989988089,0.141117722,-0.00309746154,-0.141151488,-0.989787817,0.0199121591,-0.000255870982,0.0201500077,0.999796927],"shapeName":"/levels/west_coast_usa/art/shapes/objects/guardrail_support1.dae","useInstanceRenderData":true}
{"class":"TSStatic","persistentId":"9281802d-fb71-42f0-bd2c-8fbe1a74dc1e","__parent":"portViewRails","position":[596.289795,949.524231,122.279831],"isRenderEnabled":false,"rotationMatrix":[-0.141153216,-0.989787757,0.019912174,0.989988029,-0.14111948,0.00309747551,-0.000255852938,0.0201500282,0.999796927],"shapeName":"/levels/west_coast_usa/art/shapes/objects/guardrail1.dae","useInstanceRenderData":true}
{"class":"TSStatic","persistentId":"1f76d5ba-15e1-4362-baa5-0cac4738c584","__parent":"portViewRails","position":[596.734375,950.592957,121.698524],"isRenderEnabled":false,"rotationMatrix":[-0.988129616,0.153588474,-0.00334831513,-0.153624356,-0.987828851,0.0243835859,0.000437476439,0.0246085152,0.999697089],"shapeName":"/levels/west_coast_usa/art/shapes/objects/guardrail_support1.dae","useInstanceRenderData":true}
{"class":"TSStatic","persistentId":"e1819b3e-19f6-4d2c-9c35-62b75d099ab6","__parent":"portViewRails","position":[596.582642,951.498962,122.236137],"isRenderEnabled":false,"rotationMatrix":[-0.153626323,-0.987828255,0.0243836008,0.98812902,-0.153590441,0.00334834028,0.000437500887,0.0246085338,0.999697089],"shapeName":"/levels/west_coast_usa/art/shapes/objects/guardrail1.dae","useInstanceRenderData":true}
{"class":"TSStatic","persistentId":"49604f98-1477-4f75-95de-a57c6ad57d56","__parent":"portViewRails","position":[597.038757,952.556946,121.6492],"isRenderEnabled":false,"rotationMatrix":[-0.989331126,0.145648986,-0.00315234158,-0.145676047,-0.988838673,0.0312448554,0.0014336243,0.0313707329,0.999506772],"shapeName":"/levels/west_coast_usa/art/shapes/objects/guardrail_support1.dae","useInstanceRenderData":true}
{"class":"TSStatic","persistentId":"c02a7655-0bce-4699-b8f0-5cce0176e0ef","__parent":"portViewRails","position":[596.880493,953.465332,122.18087],"isRenderEnabled":false,"rotationMatrix":[-0.145677924,-0.988838553,0.0312448777,0.989331007,-0.145650864,0.00315237883,0.0014336491,0.031370759,0.999506772],"shapeName":"/levels/west_coast_usa/art/shapes/objects/guardrail1.dae","useInstanceRenderData":true}
{"class":"TSStatic","persistentId":"f7a36d35-e12f-45d0-8755-bb756dcc6b8f","__parent":"portViewRails","position":[597.329468,954.520081,121.587181],"isRenderEnabled":false,"rotationMatrix":[-0.987492919,0.157630175,-0.00353102293,-0.157663196,-0.987000823,0.031204341,0.00143362384,0.0313707478,0.999506772],"shapeName":"/levels/west_coast_usa/art/shapes/objects/guardrail_support1.dae","useInstanceRenderData":true}
{"class":"TSStatic","persistentId":"8c08dd87-3654-4d9d-8c83-f5cf7dbcd068","__parent":"portViewRails","position":[597.182007,955.430298,122.118774],"isRenderEnabled":false,"rotationMatrix":[-0.157665133,-0.986999691,0.0312043559,0.987491786,-0.157632113,0.00353106018,0.00143365003,0.0313707627,0.999506772],"shapeName":"/levels/west_coast_usa/art/shapes/objects/guardrail1.dae","useInstanceRenderData":true}
{"class":"TSStatic","persistentId":"54cf2d11-0d45-4e69-9dba-93c3861074fb","__parent":"portViewRails","position":[597.64447,956.473572,121.525421],"isRenderEnabled":false,"rotationMatrix":[-0.983303547,0.181920663,-0.00429941714,-0.181965813,-0.982812405,0.0311077591,0.00143362326,0.0313707255,0.999506772],"shapeName":"/levels/west_coast_usa/art/shapes/objects/guardrail_support1.dae","useInstanceRenderData":true}
{"class":"TSStatic","persistentId":"4f622e95-07d2-496a-a9f2-891dc0eadf9e","__parent":"portViewRails","position":[597.519043,957.387146,122.05687],"isRenderEnabled":false,"rotationMatrix":[-0.181967974,-0.982812107,0.0311077833,0.983303249,-0.181922793,0.00429946277,0.00143365469,0.0313707553,0.999506772],"shapeName":"/levels/west_coast_usa/art/shapes/objects/guardrail1.dae","useInstanceRenderData":true}
{"class":"TSStatic","persistentId":"f642a214-f181-40ad-8f65-7de43ed4a474","__parent":"portViewRails","position":[598.006348,958.440857,121.464424],"isRenderEnabled":false,"rotationMatrix":[-0.986274004,0.165072963,-0.00376639282,-0.165115908,-0.986007214,0.0229352564,7.23000849e-05,0.0232423432,0.999729872],"shapeName":"/levels/west_coast_usa/art/shapes/objects/guardrail_support1.dae","useInstanceRenderData":true}
{"class":"TSStatic","persistentId":"5735c3e2-48f9-4e6f-b700-4776ebda777f","__parent":"portViewRails","position":[597.864807,959.347778,122.003166],"isRenderEnabled":false,"rotationMatrix":[-0.16511786,-0.986006916,0.0229352787,0.986273587,-0.165074944,0.00376641657,7.23320991e-05,0.0232423693,0.999729872],"shapeName":"/levels/west_coast_usa/art/shapes/objects/guardrail1.dae","useInstanceRenderData":true}
{"class":"TSStatic","persistentId":"5871bfdd-2d21-4f26-80b3-ecac2e44c38e","__parent":"portViewRails","position":[598.336548,960.412903,121.418556],"isRenderEnabled":false,"rotationMatrix":[-0.986274004,0.165072963,-0.00376639282,-0.165115908,-0.986007214,0.0229352564,7.23000849e-05,0.0232423432,0.999729872],"shapeName":"/levels/west_coast_usa/art/shapes/objects/guardrail_support1.dae","useInstanceRenderData":true}
{"class":"TSStatic","persistentId":"6e9ac776-eeb1-4750-9b78-8f8c41c30046","__parent":"portViewRails","position":[598.195007,961.319824,121.957298],"isRenderEnabled":false,"rotationMatrix":[-0.16511786,-0.986006916,0.0229352787,0.986273587,-0.165074944,0.00376641657,7.23320991e-05,0.0232423693,0.999729872],"shapeName":"/levels/west_coast_usa/art/shapes/objects/guardrail1.dae","useInstanceRenderData":true}
{"class":"TSStatic","persistentId":"71796ec1-f081-4f46-98ce-1fede170eaed","__parent":"portViewRails","position":[598.666687,962.384766,121.373978],"isRenderEnabled":false,"rotationMatrix":[-0.9862746,0.165073052,-0.00376640959,-0.165109321,-0.986183405,0.0134944795,-0.00148679421,0.0139311263,0.999901831],"shapeName":"/levels/west_coast_usa/art/shapes/objects/guardrail_support1.dae","useInstanceRenderData":true}
{"class":"TSStatic","persistentId":"d9c6d377-aa28-40bf-abdc-d92b91afa5a4","__parent":"portViewRails","position":[598.524292,963.286621,121.920921],"isRenderEnabled":false,"rotationMatrix":[-0.165111184,-0.986182928,0.0134945028,0.986274123,-0.165074944,0.00376641052,-0.00148676848,0.0139311515,0.999901831],"shapeName":"/levels/west_coast_usa/art/shapes/objects/guardrail1.dae","useInstanceRenderData":true}
{"class":"TSStatic","persistentId":"a8322e53-0635-43e7-a91a-6f3bf1e97b4a","__parent":"portViewRails","position":[598.999268,964.355286,121.346092],"isRenderEnabled":false,"rotationMatrix":[-0.982955456,0.183801576,-0.00402239524,-0.183845386,-0.982750654,0.0200637672,-0.000265259063,0.0204612818,0.999790609],"shapeName":"/levels/west_coast_usa/art/shapes/objects/guardrail_support1.dae","useInstanceRenderData":true}
{"class":"TSStatic","persistentId":"ea032f27-16ae-4a00-b8d3-9b35ed548884","__parent":"portViewRails","position":[598.874573,965.263245,121.88726],"isRenderEnabled":false,"rotationMatrix":[-0.183847785,-0.982750177,0.0200637914,0.982954979,-0.183803916,0.0040224148,-0.000265228562,0.0204613097,0.999790609],"shapeName":"/levels/west_coast_usa/art/shapes/objects/guardrail1.dae","useInstanceRenderData":true}
{"class":"TSStatic","persistentId":"a59b28b3-1e94-4303-a66d-4603aa1eb46b","__parent":"portViewRails","position":[599.371765,966.316162,121.318512],"isRenderEnabled":false,"rotationMatrix":[-0.9744488,0.224557161,-0.00485422742,-0.224603832,-0.974351287,0.0138739655,-0.00161422475,0.0146097476,0.999891996],"shapeName":"/levels/west_coast_usa/art/shapes/objects/guardrail_support1.dae","useInstanceRenderData":true}
{"class":"TSStatic","persistentId":"49e351c4-ace6-4968-a5bb-64b4b747a052","__parent":"portViewRails","position":[599.283752,967.225342,121.864815],"isRenderEnabled":false,"rotationMatrix":[-0.224606514,-0.974350512,0.0138739925,0.974447906,-0.224559784,0.00485423859,-0.00161418552,0.0146097811,0.999891996],"shapeName":"/levels/west_coast_usa/art/shapes/objects/guardrail1.dae","useInstanceRenderData":true}
{"class":"TSStatic","persistentId":"819da878-fdb6-4e1c-968c-91f748d24fb6","__parent":"portViewRails","position":[599.771667,969.155945,121.865112],"isRenderEnabled":false,"rotationMatrix":[-0.265758753,-0.963932097,-0.0143827628,0.963996708,-0.265857697,0.00544071198,-0.00906824879,-0.0124190208,0.999881744],"shapeName":"/levels/west_coast_usa/art/shapes/objects/guardrail1.dae","useInstanceRenderData":true}
{"class":"TSStatic","persistentId":"2f110894-3f84-4f08-84dd-b5af47cf7b81","__parent":"portViewRails","position":[599.8255,968.258972,121.294731],"isRenderEnabled":false,"rotationMatrix":[-0.963997364,0.265855372,-0.0054407781,-0.265756369,-0.963932753,-0.0143827898,-0.00906828791,-0.0124190534,0.999881744],"shapeName":"/levels/west_coast_usa/art/shapes/objects/guardrail_support1.dae","useInstanceRenderData":true}
{"class":"TSStatic","persistentId":"0bbfe8ec-1067-4d56-87ba-e4582bab9e8d","__parent":"portViewRails","position":[600.375183,971.057617,121.921204],"isRenderEnabled":false,"rotationMatrix":[-0.338943958,-0.93979013,-0.0437288657,0.940617085,-0.339442968,0.0043146424,-0.018898299,-0.0396696888,0.999034107],"shapeName":"/levels/west_coast_usa/art/shapes/objects/guardrail1.dae","useInstanceRenderData":true}
{"class":"TSStatic","persistentId":"4e3498db-6a1e-4600-b2a1-fdccf8418c3a","__parent":"portViewRails","position":[600.36499,970.175476,121.325775],"isRenderEnabled":false,"rotationMatrix":[-0.940618038,0.339440376,-0.00431477744,-0.338941365,-0.939791083,-0.0437288955,-0.0188983381,-0.0396697149,0.999034107],"shapeName":"/levels/west_coast_usa/art/shapes/objects/guardrail_support1.dae","useInstanceRenderData":true}
{"class":"TSStatic","persistentId":"1631a0ad-2659-40ef-babb-09a395230aa8","__parent":"portViewRails","position":[601.217468,972.886047,122.032768],"isRenderEnabled":false,"rotationMatrix":[-0.493005514,-0.867820621,-0.0619208664,0.86958158,-0.493780494,-0.00315758772,-0.0278350618,-0.0554019287,0.998076081],"shapeName":"/levels/west_coast_usa/art/shapes/objects/guardrail1.dae","useInstanceRenderData":true}
{"class":"TSStatic","persistentId":"f3ffc3b1-e354-4c73-a0f2-f7d6cee4cd18","__parent":"portViewRails","position":[601.05957,972.030151,121.420105],"isRenderEnabled":false,"rotationMatrix":[-0.86958313,0.493777305,0.00315738004,-0.493002206,-0.867822289,-0.0619209036,-0.0278350823,-0.0554019436,0.998076081],"shapeName":"/levels/west_coast_usa/art/shapes/objects/guardrail_support1.dae","useInstanceRenderData":true}
{"class":"TSStatic","persistentId":"994c3c4e-d70d-4608-a1a9-370f6c4df1d9","__parent":"portViewRails","position":[602.382812,974.509827,122.167923],"isRenderEnabled":false,"rotationMatrix":[-0.660054922,-0.748299181,-0.0661453083,0.750540793,-0.660634518,-0.0158121139,-0.0318657011,-0.0600816309,0.997684717],"shapeName":"/levels/west_coast_usa/art/shapes/objects/guardrail1.dae","useInstanceRenderData":true}
{"class":"TSStatic","persistentId":"aaf63eb2-feed-4de1-87fe-e0f1ac7bdfea","__parent":"portViewRails","position":[602.049561,973.711304,121.548218],"isRenderEnabled":false,"rotationMatrix":[-0.750544071,0.660631418,0.0158118531,-0.660051823,-0.74830246,-0.0661453977,-0.031865675,-0.0600816682,0.997684717],"shapeName":"/levels/west_coast_usa/art/shapes/objects/guardrail_support1.dae","useInstanceRenderData":true}
{"class":"TSStatic","persistentId":"9d6a7557-6048-49a9-ad0f-6cb8903308ef","__parent":"portViewRails","position":[603.862366,975.86322,122.310944],"isRenderEnabled":false,"rotationMatrix":[-0.807628274,-0.584153116,-0.0806361437,0.587773383,-0.80846107,-0.0302263387,-0.0475343503,-0.0718074143,0.9962852],"shapeName":"/levels/west_coast_usa/art/shapes/objects/guardrail1.dae","useInstanceRenderData":true}
{"class":"TSStatic","persistentId":"e56c1a71-0dc1-4fe8-83ba-07f967e6e9a3","__parent":"portViewRails","position":[603.364441,975.1698,121.67543],"isRenderEnabled":false,"rotationMatrix":[-0.587777019,0.808458149,0.0302260034,-0.807625353,-0.584156871,-0.0806362629,-0.0475343205,-0.0718074292,0.9962852],"shapeName":"/levels/west_coast_usa/art/shapes/objects/guardrail_support1.dae","useInstanceRenderData":true}
{"class":"TSStatic","persistentId":"40d0067c-d33a-4d9d-aa7c-1b81ab539672","__parent":"portViewRails","position":[605.575806,976.914734,122.468483],"isRenderEnabled":false,"rotationMatrix":[-0.88927424,-0.451191932,-0.0749483854,0.454897672,-0.889533401,-0.0424093418,-0.0475343317,-0.071807377,0.9962852],"shapeName":"/levels/west_coast_usa/art/shapes/objects/guardrail1.dae","useInstanceRenderData":true}
{"class":"TSStatic","persistentId":"3aadf62a-ad0e-45d8-8e20-54d7c617592f","__parent":"portViewRails","position":[604.969604,976.312195,121.834358],"isRenderEnabled":false,"rotationMatrix":[-0.454902411,0.889530897,0.0424090102,-0.889271736,-0.451196671,-0.0749486089,-0.0475343019,-0.0718074441,0.9962852],"shapeName":"/levels/west_coast_usa/art/shapes/objects/guardrail_support1.dae","useInstanceRenderData":true}
{"class":"TSStatic","persistentId":"365823ef-4392-4007-972e-ba27815889bd","__parent":"portViewRails","position":[607.41748,977.730042,122.61512],"isRenderEnabled":false,"rotationMatrix":[-0.931567073,-0.356734633,-0.0701582357,0.360447288,-0.931441426,-0.0499362573,-0.0475343242,-0.0718073547,0.9962852],"shapeName":"/levels/west_coast_usa/art/shapes/objects/guardrail1.dae","useInstanceRenderData":true}
{"class":"TSStatic","persistentId":"4d3f0e28-fd1c-4438-8012-f0b023c0f368","__parent":"portViewRails","position":[606.747864,977.196594,121.982948],"isRenderEnabled":false,"rotationMatrix":[-0.360452294,0.931440115,0.0499359742,-0.931565762,-0.35673964,-0.0701585039,-0.0475343093,-0.0718074366,0.9962852],"shapeName":"/levels/west_coast_usa/art/shapes/objects/guardrail_support1.dae","useInstanceRenderData":true}
{"class":"TSStatic","persistentId":"692a6612-a731-40c1-aeef-400b9ce4f405","__parent":"portViewRails","position":[609.343323,978.306091,122.739906],"isRenderEnabled":false,"rotationMatrix":[-0.974853516,-0.215875283,-0.0552941673,0.219048873,-0.973882675,-0.0597414635,-0.0409533568,-0.0703513324,0.996681273],"shapeName":"/levels/west_coast_usa/art/shapes/objects/guardrail1.dae","useInstanceRenderData":true}
{"class":"TSStatic","persistentId":"fc54dda6-fb40-4989-b945-05b492c61822","__parent":"portViewRails","position":[608.592285,977.880554,122.117455],"isRenderEnabled":false,"rotationMatrix":[-0.219055295,0.973881602,0.0597412586,-0.974852443,-0.215881705,-0.0552945584,-0.0409533083,-0.0703514963,0.996681213],"shapeName":"/levels/west_coast_usa/art/shapes/objects/guardrail_support1.dae","useInstanceRenderData":true}
{"class":"TSStatic","persistentId":"7b42da7f-f598-43ed-bfcd-6c1b7fffab14","__parent":"portViewRails","position":[611.297852,978.621948,122.830254],"isRenderEnabled":false,"rotationMatrix":[-0.994296312,-0.101228438,-0.0335814543,0.103286736,-0.992419362,-0.0666006953,-0.0265849996,-0.0696893483,0.997214437],"shapeName":"/levels/west_coast_usa/art/shapes/objects/guardrail1.dae","useInstanceRenderData":true}
{"class":"TSStatic","persistentId":"32651164-3556-441b-a3e4-9a484a5532bc","__parent":"portViewRails","position":[610.488831,978.289185,122.224174],"isRenderEnabled":false,"rotationMatrix":[-0.103293061,0.992418349,0.0666006207,-0.994295299,-0.101234674,-0.0335818678,-0.0265849549,-0.0696894899,0.997214437],"shapeName":"/levels/west_coast_usa/art/shapes/objects/guardrail_support1.dae","useInstanceRenderData":true}
{"class":"TSStatic","persistentId":"da92e087-8c46-4196-822c-ceecd2ed54d4","__parent":"portViewRails","position":[612.471069,978.47583,122.290062],"isRenderEnabled":false,"rotationMatrix":[0.00127512217,0.997563839,0.0697479174,-0.99964571,0.00312584639,-0.0264313444,-0.0265849754,-0.0696895048,0.997214437],"shapeName":"/levels/west_coast_usa/art/shapes/objects/guardrail_support1.dae","useInstanceRenderData":true}
{"class":"TSStatic","persistentId":"24cad040-53fc-47fd-835b-a61ad4ebf4ed","__parent":"portViewRails","position":[613.314697,978.72052,122.890907],"isRenderEnabled":false,"rotationMatrix":[-0.99964571,0.00313245971,-0.0264309067,-0.00128178159,-0.99756372,-0.0697479248,-0.0265849996,-0.0696893334,0.997214437],"shapeName":"/levels/west_coast_usa/art/shapes/objects/guardrail1.dae","useInstanceRenderData":true}
{"class":"TSStatic","persistentId":"eef00512-7e06-4f0a-83a4-bc067a520f02","__parent":"portViewRails","position":[614.468628,978.467407,122.34391],"isRenderEnabled":false,"rotationMatrix":[0.015296638,0.997421682,0.0701116249,-0.998931587,0.0183024406,-0.0424318574,-0.0436056666,-0.0693876743,0.996636271],"shapeName":"/levels/west_coast_usa/art/shapes/objects/guardrail_support1.dae","useInstanceRenderData":true}
{"class":"TSStatic","persistentId":"af55cfd9-1b83-47e3-aefe-1cfda893abcd","__parent":"portViewRails","position":[615.306091,978.699219,122.958275],"isRenderEnabled":false,"rotationMatrix":[-0.998931885,0.0183089599,-0.0424314216,-0.0153031638,-0.997422099,-0.070111759,-0.0436056927,-0.0693875179,0.996636271],"shapeName":"/levels/west_coast_usa/art/shapes/objects/guardrail1.dae","useInstanceRenderData":true}
{"class":"TSStatic","persistentId":"50e91996-37a1-4664-8f58-d96ca52a9145","__parent":"portViewRails","position":[616.464233,978.42627,122.428368],"isRenderEnabled":false,"rotationMatrix":[0.0457421541,0.996400177,0.0713725835,-0.99800092,0.0487005711,-0.0402747691,-0.0436056666,-0.0693876669,0.996636271],"shapeName":"/levels/west_coast_usa/art/shapes/objects/guardrail_support1.dae","useInstanceRenderData":true}
{"class":"TSStatic","persistentId":"30004415-79de-47c4-a14d-8d67777bf09f","__parent":"portViewRails","position":[617.309631,978.631714,123.041245],"isRenderEnabled":false,"rotationMatrix":[-0.998000622,0.0487068519,-0.0402743295,-0.0457484797,-0.99639976,-0.0713726804,-0.0436056852,-0.069387503,0.996636331],"shapeName":"/levels/west_coast_usa/art/shapes/objects/guardrail1.dae","useInstanceRenderData":true}
{"class":"TSStatic","persistentId":"2d103c4a-183f-48f4-850c-08288993c356","__parent":"portViewRails","position":[618.459106,978.32666,122.50872],"isRenderEnabled":false,"rotationMatrix":[0.0607303977,0.995556116,0.0719695687,-0.997201204,0.0636643767,-0.0391979665,-0.0436056703,-0.0693876445,0.996636271],"shapeName":"/levels/west_coast_usa/art/shapes/objects/guardrail_support1.dae","useInstanceRenderData":true}
{"class":"TSStatic","persistentId":"f253abe5-d9c0-4c32-8c41-1ab47ff071e5","__parent":"portViewRails","position":[619.308105,978.519043,123.120842],"isRenderEnabled":false,"rotationMatrix":[-0.997200966,0.0636704341,-0.0391975418,-0.0607364438,-0.995555997,-0.071969673,-0.0436056852,-0.0693874955,0.996636331],"shapeName":"/levels/west_coast_usa/art/shapes/objects/guardrail1.dae","useInstanceRenderData":true}
{"class":"TSStatic","persistentId":"a8e8a0c5-e9d3-44a3-bf48-93e4b200f73a","__parent":"portViewRails","position":[620.452271,978.197693,122.588066],"isRenderEnabled":false,"rotationMatrix":[0.0719130039,0.994779229,0.0724046528,-0.996105194,0.0753422976,-0.0457987711,-0.0510147884,-0.068829149,0.996323287],"shapeName":"/levels/west_coast_usa/art/shapes/objects/guardrail_support1.dae","useInstanceRenderData":true}
{"class":"TSStatic","persistentId":"99b1dc2d-b04b-47da-bf83-8a5a72de22bb","__parent":"portViewRails","position":[621.299377,978.380127,123.205811],"isRenderEnabled":false,"rotationMatrix":[-0.996104717,0.0753476694,-0.0457983725,-0.0719183758,-0.994778752,-0.0724047869,-0.0510147922,-0.0688290298,0.996323287],"shapeName":"/levels/west_coast_usa/art/shapes/objects/guardrail1.dae","useInstanceRenderData":true}
{"class":"TSStatic","persistentId":"b8abf428-e837-4458-b777-af1887fe6987","__parent":"portViewRails","position":[622.443909,978.045959,122.679565],"isRenderEnabled":false,"rotationMatrix":[0.0789453387,0.994222522,0.0727262422,-0.995572686,0.0823652148,-0.0452863351,-0.0510148033,-0.0688291267,0.996323287],"shapeName":"/levels/west_coast_usa/art/shapes/objects/guardrail_support1.dae","useInstanceRenderData":true}
{"class":"TSStatic","persistentId":"3bf93183-0760-4bda-9789-d90a9b727ff9","__parent":"portViewRails","position":[623.292542,978.222229,123.296967],"isRenderEnabled":false,"rotationMatrix":[-0.995572448,0.0823701769,-0.04528597,-0.0789503306,-0.994222283,-0.0727263913,-0.0510148033,-0.0688290372,0.996323287],"shapeName":"/levels/west_coast_usa/art/shapes/objects/guardrail1.dae","useInstanceRenderData":true}
{"class":"TSStatic","persistentId":"2c73c79e-ffbf-47a0-8f77-be7885057297","__parent":"portViewRails","position":[624.434509,977.880737,122.770943],"isRenderEnabled":false,"rotationMatrix":[0.0820830464,0.993956566,0.0728865415,-0.995011687,0.0858906507,-0.0507364199,-0.0566900671,-0.0683583841,0.996048868],"shapeName":"/levels/west_coast_usa/art/shapes/objects/guardrail_support1.dae","useInstanceRenderData":true}
{"class":"TSStatic","persistentId":"fa76c0f3-e202-4b20-a757-aefa389b9336","__parent":"portViewRails","position":[625.280334,978.054138,123.392914],"isRenderEnabled":false,"rotationMatrix":[-0.995011687,0.085895814,-0.0507360585,-0.0820881948,-0.993956447,-0.0728867203,-0.0566900857,-0.0683582872,0.996048868],"shapeName":"/levels/west_coast_usa/art/shapes/objects/guardrail1.dae","useInstanceRenderData":true}
{"class":"TSStatic","persistentId":"b8dacf58-800b-4017-9be4-8f13eb0d56dc","__parent":"portViewRails","position":[626.189758,977.637207,122.854141],"isRenderEnabled":false,"rotationMatrix":[0.0956533551,0.992691994,0.0735720843,-0.993798971,0.0994461775,-0.0497371182,-0.0566900969,-0.0683583617,0.996048868],"shapeName":"/levels/west_coast_usa/art/shapes/objects/guardrail_support1.dae","useInstanceRenderData":true}
{"class":"TSStatic","persistentId":"ca519347-aac7-4242-ab15-eb890dc6692c","__parent":"portViewRails","position":[577.393738,944.698181,122.202606],"isRenderEnabled":false,"rotationMatrix":[0.829734206,0.557568967,-0.0256542861,-0.55775255,0.830007434,1.16415322e-08,0.0212932564,0.0143087264,0.999670863],"shapeName":"/levels/west_coast_usa/art/shapes/objects/guardrail1.dae","useInstanceRenderData":true}
{"class":"TSStatic","persistentId":"66f3a94a-2fdf-4c8b-a501-d728436c2c8c","__parent":"portViewRails","position":[576.634644,944.543823,121.666924],"isRenderEnabled":false,"rotationMatrix":[0.557752013,-0.830007792,-2.79396772e-09,0.829734564,0.557568431,-0.0256542787,0.021293249,0.0143087246,0.999670863],"shapeName":"/levels/west_coast_usa/art/shapes/objects/guardrail_support1.dae","useInstanceRenderData":true}
{"class":"TSStatic","persistentId":"c1ac760e-c790-45dc-8571-1493b2c20c45","__parent":"portViewRails","position":[578.802917,946.08075,122.147552],"isRenderEnabled":false,"rotationMatrix":[0.57517755,0.8174119,-0.0317554027,-0.817622185,0.575681925,0.00917558093,0.0257812422,0.0206863359,0.999453545],"shapeName":"/levels/west_coast_usa/art/shapes/objects/guardrail1.dae","useInstanceRenderData":true}
{"class":"TSStatic","persistentId":"de55b9e5-33ca-497e-8ccb-9567c0ab12a7","__parent":"portViewRails","position":[577.992188,945.42749,121.625763],"isRenderEnabled":false,"rotationMatrix":[0.817621529,-0.575682878,-0.00917555019,0.575178504,0.817411304,-0.0317554064,0.025781244,0.0206863228,0.999453545],"shapeName":"/levels/west_coast_usa/art/shapes/objects/guardrail_support1.dae","useInstanceRenderData":true}
{"class":"TSStatic","persistentId":"36bae3ae-92f5-47e0-88ba-baf0275ad5f0","__parent":"portViewRails","position":[579.570496,947.884644,122.090416],"isRenderEnabled":false,"rotationMatrix":[0.189438343,0.981568992,-0.0252027828,-0.981553972,0.18998456,0.0213872846,0.0257812347,0.0206863265,0.999453545],"shapeName":"/levels/west_coast_usa/art/shapes/objects/guardrail1.dae","useInstanceRenderData":true}
{"class":"TSStatic","persistentId":"94704b80-b0df-487b-9837-0d5dfebbdb2a","__parent":"portViewRails","position":[579.093018,946.961121,121.565628],"isRenderEnabled":false,"rotationMatrix":[0.981553912,-0.189985543,-0.0213872679,0.189439297,0.981568933,-0.025202807,0.0257812478,0.0206863247,0.999453545],"shapeName":"/levels/west_coast_usa/art/shapes/objects/guardrail_support1.dae","useInstanceRenderData":true}
{"class":"TSStatic","persistentId":"445bc702-2ce4-4d51-a844-42faf24a59fd","__parent":"portViewRails","position":[579.944702,949.852905,122.034546],"isRenderEnabled":false,"rotationMatrix":[0.183882535,0.982472181,-0.0305785611,-0.982582688,0.184573174,0.0215258356,0.0267925151,0.0260877591,0.999300539],"shapeName":"/levels/west_coast_usa/art/shapes/objects/guardrail1.dae","useInstanceRenderData":true}
{"class":"TSStatic","persistentId":"23d6f4c4-f686-4bc0-8957-3d6584073d53","__parent":"portViewRails","position":[579.471802,948.92395,121.515167],"isRenderEnabled":false,"rotationMatrix":[0.982582808,-0.184574306,-0.0215258114,0.183883637,0.982472241,-0.0305785909,0.0267925337,0.0260877535,0.999300539],"shapeName":"/levels/west_coast_usa/art/shapes/objects/guardrail_support1.dae","useInstanceRenderData":true}
{"class":"TSStatic","persistentId":"a0291b8e-9e75-4233-8eb4-eccf22e1a936","__parent":"portViewRails","position":[580.294067,951.829895,121.962555],"isRenderEnabled":false,"rotationMatrix":[0.164010167,0.985614777,-0.0407914221,-0.98604548,0.164997697,0.0221297164,0.028541863,0.0365927108,0.998922586],"shapeName":"/levels/west_coast_usa/art/shapes/objects/guardrail1.dae","useInstanceRenderData":true}
{"class":"TSStatic","persistentId":"7deea8ab-12ae-4997-828b-0cb8a4c1a710","__parent":"portViewRails","position":[579.838745,950.886475,121.453598],"isRenderEnabled":false,"rotationMatrix":[0.98604548,-0.164998844,-0.0221296847,0.164011285,0.985614717,-0.0407914594,0.028541889,0.0365927145,0.998922586],"shapeName":"/levels/west_coast_usa/art/shapes/objects/guardrail_support1.dae","useInstanceRenderData":true}
{"class":"TSStatic","persistentId":"560eff89-3a9f-49ec-81b3-915dfc8c2570","__parent":"portViewRails","position":[580.612976,953.800232,121.883926],"isRenderEnabled":false,"rotationMatrix":[0.155303538,0.987308145,-0.0332183093,-0.987486839,0.156088591,0.0224972405,0.0273967087,0.0293087438,0.99919486],"shapeName":"/levels/west_coast_usa/art/shapes/objects/guardrail1.dae","useInstanceRenderData":true}
{"class":"TSStatic","persistentId":"a4e25e67-8c7f-4768-824c-93b7aba3170d","__parent":"portViewRails","position":[580.166443,952.856689,121.367477],"isRenderEnabled":false,"rotationMatrix":[0.98748666,-0.156089574,-0.0224972237,0.155304551,0.987307966,-0.0332183391,0.0273967255,0.0293087438,0.99919486],"shapeName":"/levels/west_coast_usa/art/shapes/objects/guardrail_support1.dae","useInstanceRenderData":true}
{"class":"TSStatic","persistentId":"661855eb-d08e-45d8-8208-a7f8b6a3a912","__parent":"portViewRails","position":[580.919189,955.775024,121.82032],"isRenderEnabled":false,"rotationMatrix":[0.150915146,0.988079965,-0.0303863697,-0.988179028,0.151626348,0.0226347372,0.026972305,0.0266112275,0.999281883],"shapeName":"/levels/west_coast_usa/art/shapes/objects/guardrail1.dae","useInstanceRenderData":true}
{"class":"TSStatic","persistentId":"21a9af7e-35eb-4eff-9241-01c4718f29f8","__parent":"portViewRails","position":[580.47699,954.830933,121.301079],"isRenderEnabled":false,"rotationMatrix":[0.988178492,-0.151627496,-0.0226347279,0.150916263,0.988079429,-0.0303863864,0.0269723181,0.0266112257,0.999281883],"shapeName":"/levels/west_coast_usa/art/shapes/objects/guardrail_support1.dae","useInstanceRenderData":true}
{"class":"TSStatic","persistentId":"11bc05df-9f35-46f7-beb4-cd1ebb461737","__parent":"portViewRails","position":[581.220825,957.748779,121.763985],"isRenderEnabled":false,"rotationMatrix":[0.15103215,0.988186717,-0.0259946231,-0.988178372,0.151626348,0.022634726,0.0263088029,0.0222687684,0.999405801],"shapeName":"/levels/west_coast_usa/art/shapes/objects/guardrail1.dae","useInstanceRenderData":true}
{"class":"TSStatic","persistentId":"409a538f-f8a8-4651-b352-206372cf533a","__parent":"portViewRails","position":[580.77887,956.807007,121.240356],"isRenderEnabled":false,"rotationMatrix":[0.988178492,-0.151627451,-0.0226347204,0.151033312,0.988186836,-0.0259946585,0.0263088364,0.0222687647,0.999405801],"shapeName":"/levels/west_coast_usa/art/shapes/objects/guardrail_support1.dae","useInstanceRenderData":true}
{"class":"TSStatic","persistentId":"f5caad9e-360b-4591-9ab2-2d19f0fc597a","__parent":"portViewRails","position":[581.509705,959.731873,121.708633],"isRenderEnabled":false,"rotationMatrix":[0.13701278,0.990137815,-0.0292374082,-0.990205526,0.137702703,0.0230485667,0.026847329,0.0257930886,0.999306738],"shapeName":"/levels/west_coast_usa/art/shapes/objects/guardrail1.dae","useInstanceRenderData":true}
{"class":"TSStatic","persistentId":"d01a07e9-b0a0-45cc-ba35-d5a81879837b","__parent":"portViewRails","position":[581.080688,958.782288,121.18837],"isRenderEnabled":false,"rotationMatrix":[0.990205228,-0.137703791,-0.0230485536,0.137013838,0.990137577,-0.0292374287,0.0268473439,0.0257930849,0.999306738],"shapeName":"/levels/west_coast_usa/art/shapes/objects/guardrail_support1.dae","useInstanceRenderData":true}
{"class":"TSStatic","persistentId":"360b83bc-fbb0-444a-9262-de3605588418","__parent":"portViewRails","position":[581.758972,961.714233,121.661636],"isRenderEnabled":false,"rotationMatrix":[0.112387776,0.993506074,-0.0177614465,-0.993341327,0.112789333,0.0235019922,0.025352668,0.015001826,0.999566019],"shapeName":"/levels/west_coast_usa/art/shapes/objects/guardrail1.dae","useInstanceRenderData":true}
{"class":"TSStatic","persistentId":"8856f7e5-fdcc-469c-b986-506bafee995f","__parent":"portViewRails","position":[581.354126,960.760315,121.130058],"isRenderEnabled":false,"rotationMatrix":[0.99334079,-0.112790689,-0.0235019829,0.112389162,0.993505538,-0.0177614633,0.0253526773,0.0150018176,0.999566019],"shapeName":"/levels/west_coast_usa/art/shapes/objects/guardrail_support1.dae","useInstanceRenderData":true}
{"class":"TSStatic","persistentId":"ff7e174b-4747-4503-8b99-6fbcc59d768a","__parent":"portViewRails","position":[581.981873,963.705994,121.619026],"isRenderEnabled":false,"rotationMatrix":[0.109983802,0.993624866,-0.0247768313,-0.993589818,0.110567331,0.0235574692,0.0261467956,0.0220270455,0.999415398],"shapeName":"/levels/west_coast_usa/art/shapes/objects/guardrail1.dae","useInstanceRenderData":true}
{"class":"TSStatic","persistentId":"274b68c7-fccc-46cc-878d-2f05ef441c3c","__parent":"portViewRails","position":[581.578857,962.747437,121.094444],"isRenderEnabled":false,"rotationMatrix":[0.993589222,-0.110568903,-0.0235574506,0.109985359,0.99362433,-0.0247768499,0.0261468068,0.022027038,0.999415398],"shapeName":"/levels/west_coast_usa/art/shapes/objects/guardrail_support1.dae","useInstanceRenderData":true}
{"class":"TSStatic","persistentId":"2c95bf37-664c-47ce-889f-aaa273742322","__parent":"portViewRails","position":[582.160767,965.704041,121.572739],"isRenderEnabled":false,"rotationMatrix":[0.0680616498,0.997453272,-0.021320479,-0.997342765,0.068579495,0.0245810654,0.0259806123,0.0195907969,0.999470472],"shapeName":"/levels/west_coast_usa/art/shapes/objects/guardrail1.dae","useInstanceRenderData":true}
{"class":"TSStatic","persistentId":"7e560fae-7a2c-469d-a992-df203b5bfbf6","__parent":"portViewRails","position":[581.798035,964.731201,121.045013],"isRenderEnabled":false,"rotationMatrix":[0.997342646,-0.0685812309,-0.0245810393,0.068063356,0.997453153,-0.0213205013,0.0259806234,0.0195907783,0.999470472],"shapeName":"/levels/west_coast_usa/art/shapes/objects/guardrail_support1.dae","useInstanceRenderData":true}
{"class":"TSStatic","persistentId":"354242de-fd24-47be-80a5-5f89dd510249","__parent":"portViewRails","position":[582.192261,967.717285,121.53994],"isRenderEnabled":false,"rotationMatrix":[-0.0375089645,0.999234974,-0.0110800695,-0.998951256,-0.037202239,0.0266963076,0.0262636784,0.0120697934,0.999582171],"shapeName":"/levels/west_coast_usa/art/shapes/objects/guardrail1.dae","useInstanceRenderData":true}
{"class":"TSStatic","persistentId":"b386d144-8fc9-4e5f-b4d7-47767e36bb0f","__parent":"portViewRails","position":[581.932739,966.717041,121.002678],"isRenderEnabled":false,"rotationMatrix":[0.998951197,0.0372000113,-0.0266962945,-0.0375066847,0.999234974,-0.0110800983,0.0262636915,0.0120697664,0.999582171],"shapeName":"/levels/west_coast_usa/art/shapes/objects/guardrail_support1.dae","useInstanceRenderData":true}
{"class":"TSStatic","persistentId":"c2cf126a-f22b-415e-b9ea-68420f7b87fb","__parent":"portViewRails","position":[582.093811,969.716125,121.523705],"isRenderEnabled":false,"rotationMatrix":[-0.0609326363,0.998128772,-0.00511999708,-0.997787714,-0.0607734919,0.0269503482,0.0265887566,0.00675082486,0.999623656],"shapeName":"/levels/west_coast_usa/art/shapes/objects/guardrail1.dae","useInstanceRenderData":true}
{"class":"TSStatic","persistentId":"9cdde1c1-ca3d-40cd-93d2-aa2ba9f8ffbc","__parent":"portViewRails","position":[581.857483,968.713257,120.980629],"isRenderEnabled":false,"rotationMatrix":[0.997787774,0.0607715622,-0.0269503631,-0.0609306246,0.998128891,-0.00512002688,0.0265887827,0.00675080251,0.999623656],"shapeName":"/levels/west_coast_usa/art/shapes/objects/guardrail_support1.dae","useInstanceRenderData":true}
{"class":"TSStatic","persistentId":"b436f3cf-db7d-4086-9355-425f6e564d6f","__parent":"portViewRails","position":[581.922058,971.714111,121.521217],"isRenderEnabled":false,"rotationMatrix":[-0.110491514,0.993873358,0.00268117152,-0.993501902,-0.110523462,0.0271723103,0.0273021702,0.000338563696,0.999627173],"shapeName":"/levels/west_coast_usa/art/shapes/objects/guardrail1.dae","useInstanceRenderData":true}
{"class":"TSStatic","persistentId":"092a8060-57ad-49a7-89ae-b30491cc934f","__parent":"portViewRails","position":[581.735291,970.704956,120.970528],"isRenderEnabled":false,"rotationMatrix":[0.9935022,0.110521935,-0.0271723494,-0.110489927,0.993873656,0.00268114428,0.0273022056,0.000338548562,0.999627173],"shapeName":"/levels/west_coast_usa/art/shapes/objects/guardrail_support1.dae","useInstanceRenderData":true}
{"class":"TSStatic","persistentId":"ab4095d6-d720-428d-a70e-79e63616d27e","__parent":"portViewRails","position":[581.580566,973.705261,121.529236],"isRenderEnabled":false,"rotationMatrix":[-0.226847649,0.973915994,0.0052481778,-0.973551214,-0.2269063,0.0266719721,0.0271671079,0.000941104256,0.999630451],"shapeName":"/levels/west_coast_usa/art/shapes/objects/guardrail1.dae","useInstanceRenderData":true}
{"class":"TSStatic","persistentId":"1068100e-831b-473c-aaea-ebd4e1e0ca6b","__parent":"portViewRails","position":[581.513977,972.682678,120.975876],"isRenderEnabled":false,"rotationMatrix":[0.97355175,0.226904437,-0.0266720224,-0.226845697,0.97391659,0.00524814799,0.0271671545,0.000941089122,0.999630451],"shapeName":"/levels/west_coast_usa/art/shapes/objects/guardrail_support1.dae","useInstanceRenderData":true}
{"class":"TSStatic","persistentId":"a1f16056-1ac4-4e2b-a29c-f820b97075eb","__parent":"portViewRails","position":[580.951111,975.597534,121.535065],"isRenderEnabled":false,"rotationMatrix":[-0.404423952,0.914571762,0.000299973413,-0.914277673,-0.40430212,0.0252281241,0.0231942087,0.00992859527,0.999681652],"shapeName":"/levels/west_coast_usa/art/shapes/objects/guardrail1.dae","useInstanceRenderData":true}
{"class":"TSStatic","persistentId":"99070d08-7ba1-4697-a69c-d1ce02a6235f","__parent":"portViewRails","position":[581.078125,974.578308,120.986137],"isRenderEnabled":false,"rotationMatrix":[0.914278507,0.404299825,-0.0252281521,-0.404421598,0.914572656,0.000299938954,0.0231942441,0.0099285813,0.999681652],"shapeName":"/levels/west_coast_usa/art/shapes/objects/guardrail_support1.dae","useInstanceRenderData":true}
{"class":"TSStatic","persistentId":"e495bb9f-8d3f-4842-94ff-c735dedb8e12","__parent":"portViewRails","position":[579.954407,977.309692,121.520271],"isRenderEnabled":false,"rotationMatrix":[-0.593814492,0.804441988,-0.0160586908,-0.804522336,-0.593355775,0.0259447992,0.0113425702,0.0283259638,0.999534369],"shapeName":"/levels/west_coast_usa/art/shapes/objects/guardrail1.dae","useInstanceRenderData":true}
{"class":"TSStatic","persistentId":"600a3f8c-1dee-4893-9ff6-41085c575fa4","__parent":"portViewRails","position":[580.305298,976.335205,120.987724],"isRenderEnabled":false,"rotationMatrix":[0.804523945,0.593353391,-0.0259447843,-0.593811989,0.804443598,-0.0160587318,0.0113426149,0.0283259563,0.999534369],"shapeName":"/levels/west_coast_usa/art/shapes/objects/guardrail_support1.dae","useInstanceRenderData":true}
{"class":"TSStatic","persistentId":"12d7262a-302d-4d72-a64b-c18cf73a0779","__parent":"portViewRails","position":[579.127686,977.929016,120.955765],"isRenderEnabled":false,"rotationMatrix":[0.656667888,0.753629565,-0.0288089924,-0.754171968,0.656357408,-0.0204865523,0.00346972886,0.0351797901,0.999374986],"shapeName":"/levels/west_coast_usa/art/shapes/objects/guardrail_support1.dae","useInstanceRenderData":true}
{"class":"TSStatic","persistentId":"7dc0a471-2fe6-4830-92d4-a2500ee1d199","__parent":"portViewRails","position":[578.572937,978.806885,121.483063],"isRenderEnabled":false,"rotationMatrix":[-0.754174113,0.656355262,-0.0204864983,-0.656665683,-0.753631592,0.0288090259,0.00346968323,0.0351797938,0.999374986],"shapeName":"/levels/west_coast_usa/art/shapes/objects/guardrail1.dae","useInstanceRenderData":true}
{"class":"TSStatic","persistentId":"861a2ff8-8277-4c7e-9f05-e76e98ec0751","__parent":"portViewRails","position":[577.621521,979.239441,120.914749],"isRenderEnabled":false,"rotationMatrix":[0.623775959,0.781017125,-0.0302618537,-0.781570494,0.622928262,-0.0332854949,-0.00714557804,0.0444144644,0.998987615],"shapeName":"/levels/west_coast_usa/art/shapes/objects/guardrail_support1.dae","useInstanceRenderData":true}
{"class":"TSStatic","persistentId":"7770c067-972b-4a7a-ab69-2d2b5debf18f","__parent":"portViewRails","position":[577.024658,980.097229,121.428825],"isRenderEnabled":false,"rotationMatrix":[-0.781572461,0.622925937,-0.0332854465,-0.623773634,-0.781019092,0.0302619301,-0.0071456274,0.0444144718,0.998987615],"shapeName":"/levels/west_coast_usa/art/shapes/objects/guardrail1.dae","useInstanceRenderData":true}
{"class":"TSStatic","persistentId":"ccb8ac84-927a-4706-8283-e2412997cf0c","__parent":"portViewRails","position":[576.064331,980.483704,120.848289],"isRenderEnabled":false,"rotationMatrix":[0.569534659,0.821326971,-0.0324419886,-0.821936369,0.568726242,-0.0311644524,-0.00714558549,0.044414483,0.998987615],"shapeName":"/levels/west_coast_usa/art/shapes/objects/guardrail_support1.dae","useInstanceRenderData":true}
{"class":"TSStatic","persistentId":"8b29fcfe-6334-4c4d-9dd8-1dd91d4614d0","__parent":"portViewRails","position":[575.412415,981.299561,121.363831],"isRenderEnabled":false,"rotationMatrix":[-0.821938396,0.568724215,-0.0311643966,-0.569532573,-0.821328998,0.0324420556,-0.00714562926,0.044414483,0.998987615],"shapeName":"/levels/west_coast_usa/art/shapes/objects/guardrail1.dae","useInstanceRenderData":true}
