{"class":"Prefab","persistentId":"0649e7b7-296b-47cf-9015-c75621abfae9","__parent":"rocks_prefabs","position":[748.832642,-641.646362,7.52879858],"annotation":"ROCK","filename":"levels/east_coast_usa/art/prefabs/eca_rocks_long_flat.prefab","rotationMatrix":[0.744963288,-0.666282117,-0.0331514105,-0.414825231,-0.501585841,0.759167016,-0.5224455,-0.551798701,-0.650053799],"scale":[3,3,3]}
{"class":"Prefab","persistentId":"15a75589-c5a0-4ed0-ba47-fbb5dab7f7f7","__parent":"rocks_prefabs","position":[773.088623,-634.748657,5.95511532],"annotation":"ROCK","filename":"levels/east_coast_usa/art/prefabs/eca_rocks_long_flat.prefab","rotationMatrix":[0.688164055,-0.723705649,0.0517830476,0.488373309,0.514805853,0.70460403,-0.536582828,-0.459593058,0.707710683],"scale":[3,3,3]}
{"class":"Prefab","persistentId":"24f4ecaa-2be9-4683-9268-f84bb98da372","__parent":"rocks_prefabs","position":[573.410828,-931.574707,15.6902409],"annotation":"ROCK","filename":"levels/east_coast_usa/art/prefabs/eca_rocks_long_flat.prefab","rotationMatrix":[0.998895526,0.00431994395,0.0467529409,-0.0353726037,0.724035323,0.688854754,-0.0308749396,-0.689748049,0.72338891]}
{"class":"Prefab","persistentId":"35579e6d-b1d0-4e2f-bc71-dbd41e459ff4","__parent":"rocks_prefabs","position":[899.21106,-908.328369,6.83529139],"annotation":"ROCK","filename":"levels/east_coast_usa/art/prefabs/eca_rocks_rounded_medium.prefab","rotationMatrix":[-0.0275074597,-0.999250591,-0.0272372924,0.761306822,-0.0385996811,0.647241414,-0.647807777,-0.00293196645,0.761797965]}
{"class":"Prefab","persistentId":"37c3bf42-5ccb-4179-835a-dbfef322c673","__parent":"rocks_prefabs","position":[900.244751,-902.699219,6.57566738],"annotation":"ROCK","filename":"levels/east_coast_usa/art/prefabs/eca_rocks_long_flat.prefab","rotationMatrix":[0.006050725,0.999975562,0.00359416008,-0.835109293,0.00307602016,0.550075412,0.550050855,-0.00632987916,0.835107267],"scale":[1.43266547,1.43266547,1.43266547]}
{"class":"Prefab","persistentId":"389463cc-ce2f-4f56-85c3-ad8e3c6510e5","__parent":"rocks_prefabs","position":[895.604492,-921.351807,8.37382603],"annotation":"ROCK","filename":"levels/east_coast_usa/art/prefabs/eca_rocks_long_flat.prefab","rotationMatrix":[0.248527691,0.967495799,0.0467527956,-0.70943135,0.148949012,0.688854754,0.65950048,-0.204367459,0.723389924]}
{"class":"Prefab","persistentId":"47e4ec50-2db8-4207-803f-4faf9af2303e","__parent":"rocks_prefabs","position":[898.130493,-896.258057,6.87730408],"annotation":"ROCK","filename":"levels/east_coast_usa/art/prefabs/eca_rocks_rounded_medium.prefab","rotationMatrix":[0.0200051684,-0.999800026,0,0.867289841,0.0173537526,0.497500449,-0.497401029,-0.00995258056,0.86746341]}
{"class":"Prefab","persistentId":"8b21ac1b-8cd2-44ee-9be2-37e3353d9378","__parent":"rocks_prefabs","position":[-307.128418,-897.931763,13.9026918],"annotation":"ROCK","filename":"levels/east_coast_usa/art/prefabs/eca_rocks_long_flat.prefab","rotationMatrix":[0.612722814,0.789464653,-0.0362627394,0.18118009,-0.184985518,-0.965894938,-0.769248784,0.585256934,-0.256379455]}
{"class":"Prefab","persistentId":"91abb17d-a2cb-474a-b8b2-91fffe3cc37d","__parent":"rocks_prefabs","position":[-63.4714622,-779.145325,16.9766026],"annotation":"ROCK","filename":"levels/east_coast_usa/art/prefabs/eca_rocks_long_flat.prefab","rotationMatrix":[0.994622171,-0.08795169,-0.0546836555,-0.0928246826,-0.991222143,-0.0941282511,-0.0459248498,0.0986991227,-0.994055748]}
{"class":"Prefab","persistentId":"929493d3-be5e-47d4-811f-1d8412b88c6b","__parent":"rocks_prefabs","position":[891.23175,-920.355652,11.0057745],"annotation":"ROCK","filename":"levels/east_coast_usa/art/prefabs/eca_rocks_long_flat.prefab","rotationMatrix":[0.248527691,0.967495799,0.0467527956,0.929289758,-0.224542186,-0.293258488,-0.273228437,0.11632964,-0.954888523]}
{"class":"Prefab","persistentId":"b7f401fe-b1d7-4ecc-a3b7-d56345b026bd","__parent":"rocks_prefabs","position":[601.306519,-922.505615,24.132885],"annotation":"ROCK","filename":"levels/east_coast_usa/art/prefabs/eca_rocks_rounded_medium.prefab","rotationMatrix":[-0.995906532,-0.0895391703,-0.01236609,0.0837465227,-0.965513408,0.246511787,-0.034011241,0.244466916,0.969059587]}
{"class":"Prefab","persistentId":"ff79aacf-340c-4e7d-9392-ed25ab5b2d66","__parent":"rocks_prefabs","position":[-40.875309,-782.86145,15.9134579],"annotation":"ROCK","filename":"levels/east_coast_usa/art/prefabs/eca_rocks_long_flat.prefab","rotationMatrix":[0.995358527,0.091642499,-0.0293539166,-0.0804699361,0.959950864,0.268360347,0.052771952,-0.264753699,0.962870002]}
