{"name":"PointLight_additional_1","class":"PointLight","persistentId":"fe6fe3eb-a7e6-4df3-954c-8f7998491f0b","__parent":"night_light","position":[-809.280884,-111.739662,301.666382],"color":[0.99000001,0.899999976,0.699999988,1],"radius":20,"rotationMatrix":[0.984519482,0.175275192,-0.000121033525,-0.175275251,0.984519243,-0.000679844059,0,0.000690533896,0.999999762],"shadowDarkenColor":[0,0,0,0]}
{"name":"PointLight_4","class":"PointLight","persistentId":"26b2bd52-ef59-421f-a06c-e450d140a706","__parent":"night_light","position":[560.197815,-585.484436,138.696213],"brightness":0.600000024,"color":[1,0.882336617,0.43921572,1],"flareScale":0.300000012,"flareType":"vehicleReverseLightFlare","radius":15,"shadowDarkenColor":[0,0,0,0],"shadowSoftness":0.699999988}
{"name":"PointLight_5","class":"PointLight","persistentId":"c49ba9ee-a6ac-4ad8-acba-86e5017ac7fc","__parent":"night_light","position":[592.12384,-604.692871,138.67984],"brightness":0.600000024,"color":[1,0.882336617,0.43921572,1],"flareScale":0.300000012,"flareType":"vehicleReverseLightFlare","radius":15,"shadowDarkenColor":[0,0,0,0],"shadowSoftness":0.699999988}
{"name":"PointLight_6","class":"PointLight","persistentId":"b072f0d3-ca4f-4bf3-9da7-4a9fc22f65ef","__parent":"night_light","position":[571.866577,-568.723816,138.695679],"brightness":0.600000024,"color":[1,0.882336617,0.43921572,1],"flareScale":0.300000012,"flareType":"vehicleReverseLightFlare","radius":15,"shadowDarkenColor":[0,0,0,0],"shadowSoftness":0.699999988}
{"name":"PointLight_7","class":"PointLight","persistentId":"b33ce190-0e88-435e-915c-4b214a9199e9","__parent":"night_light","position":[600.148682,-568.21759,138.695679],"brightness":0.600000024,"color":[1,0.882336617,0.43921572,1],"flareScale":0.300000012,"flareType":"vehicleReverseLightFlare","radius":15,"shadowDarkenColor":[0,0,0,0],"shadowSoftness":0.699999988}
{"name":"PointLight_8","class":"PointLight","persistentId":"6816c282-389e-4b8f-86d9-5290cbaa59f1","__parent":"night_light","position":[635.227234,-566.396667,142.437271],"brightness":0.600000024,"color":[1,0.882336617,0.43921572,1],"flareScale":0.300000012,"flareType":"vehicleReverseLightFlare","radius":15,"shadowDarkenColor":[0,0,0,0],"shadowSoftness":0.699999988}
{"name":"PointLight_9","class":"PointLight","persistentId":"1ad4ff70-d717-46a8-9975-0a9ac9a7d2e9","__parent":"night_light","position":[659.236267,-572.420471,142.727844],"brightness":0.600000024,"color":[1,0.882336617,0.43921572,1],"flareScale":0.300000012,"flareType":"vehicleReverseLightFlare","radius":15,"shadowDarkenColor":[0,0,0,0],"shadowSoftness":0.699999988}
{"name":"PointLight_10","class":"PointLight","persistentId":"2cb8e51c-42fe-46f3-9e30-3e20d0136089","__parent":"night_light","position":[628.275146,-617.927124,142.727844],"brightness":0.600000024,"color":[1,0.882336617,0.43921572,1],"flareScale":0.300000012,"flareType":"vehicleReverseLightFlare","radius":15,"shadowDarkenColor":[0,0,0,0],"shadowSoftness":0.699999988}
{"name":"PointLight_11","class":"PointLight","persistentId":"fefcb687-713a-4f0c-a650-77d429145b84","__parent":"night_light","position":[678.683838,-534.696777,142.690567],"brightness":0.600000024,"color":[1,0.882336617,0.43921572,1],"flareScale":0.300000012,"flareType":"vehicleReverseLightFlare","radius":15,"shadowDarkenColor":[0,0,0,0],"shadowSoftness":0.699999988}
{"name":"PointLight_12","class":"PointLight","persistentId":"99f60e90-c2cb-4fb7-9def-702d721f54c2","__parent":"night_light","position":[652.472351,-506.187042,139.720459],"brightness":0.600000024,"color":[1,0.882336617,0.43921572,1],"flareScale":0.300000012,"flareType":"vehicleReverseLightFlare","radius":15,"shadowDarkenColor":[0,0,0,0],"shadowSoftness":0.699999988}
{"name":"PointLight_13","class":"PointLight","persistentId":"c64ccd85-605a-405c-9868-220a72ec0881","__parent":"night_light","position":[619.279785,-507.268616,139.720459],"brightness":0.600000024,"color":[1,0.882336617,0.43921572,1],"flareScale":0.300000012,"flareType":"vehicleReverseLightFlare","radius":15,"shadowDarkenColor":[0,0,0,0],"shadowSoftness":0.699999988}
{"name":"PointLight_14","class":"PointLight","persistentId":"fb41254c-b684-4916-9288-88c4487ae3fc","__parent":"night_light","position":[584.783325,-536.424194,139.720413],"brightness":0.600000024,"color":[1,0.882336617,0.43921572,1],"flareScale":0.300000012,"flareType":"vehicleReverseLightFlare","radius":15,"shadowDarkenColor":[0,0,0,0],"shadowSoftness":0.699999988}
{"name":"PointLight_additional_2","class":"PointLight","persistentId":"48971404-0f92-4ce4-ad9c-ea8841d1326c","__parent":"night_light","position":[-817.818054,-133.06012,301.666382],"color":[0.99000001,0.899999976,0.699999988,1],"radius":20,"rotationMatrix":[0.984519482,0.175275192,-0.000121033525,-0.175275251,0.984519243,-0.000679844059,0,0.000690533896,0.999999762],"shadowDarkenColor":[0,0,0,0]}
{"name":"PointLight_additional_3","class":"PointLight","persistentId":"72f44389-ec55-45c7-b818-c9162cb2c355","__parent":"night_light","position":[-797.273865,-82.6673584,300.273499],"color":[0.99000001,0.899999976,0.699999988,1],"radius":10,"rotationMatrix":[0.984519482,0.175275192,-0.000121033525,-0.175275251,0.984519243,-0.000679844059,0,0.000690533896,0.999999762],"shadowDarkenColor":[0,0,0,0]}
{"name":"PointLight_additional_4","class":"PointLight","persistentId":"3dd244be-e05e-4506-8235-46a88eb9102b","__parent":"night_light","position":[-798.286438,-86.1148605,300.162659],"color":[0.99000001,0.899999976,0.699999988,1],"radius":10,"rotationMatrix":[0.984519482,0.175275192,-0.000121033525,-0.175275251,0.984519243,-0.000679844059,0,0.000690533896,0.999999762],"shadowDarkenColor":[0,0,0,0]}
