{"class":"TSStatic","persistentId":"e022a6b9-0604-4cc3-9c6f-d01bcdfecab2","__parent":"trail_025_rocks","position":[-712.36438,-160.772446,215.252563],"isRenderEnabled":false,"rotationMatrix":[0.650487304,-0.694418609,0.307650805,0.738662541,0.672672033,-0.0434733331,-0.176759377,0.255528986,0.950505674],"shapeName":"/levels/johnson_valley/art/shapes/rocks/s_rocks_desert_collection_03.dae","useInstanceRenderData":true}
{"class":"TSStatic","persistentId":"c5cca0cf-ea65-411b-9345-ab6828ab58f7","__parent":"trail_025_rocks","position":[-718.550659,-170.480408,214.242477],"isRenderEnabled":false,"rotationMatrix":[0.963508129,-0.0188171696,0.267016739,0.0781618133,0.973830402,-0.213412881,-0.256013185,0.226495564,0.939764321],"shapeName":"/levels/johnson_valley/art/shapes/rocks/s_rocks_desert_collection_02.dae","useInstanceRenderData":true}
{"class":"TSStatic","persistentId":"24173124-941a-4de2-9521-96d3979b9f79","__parent":"trail_025_rocks","position":[-722.923584,-169.457672,212.523392],"isRenderEnabled":false,"rotationMatrix":[0.980798542,0.0161954034,0.194349915,0.0154060852,0.986997545,-0.159995347,-0.194414079,0.159917384,0.967796266],"shapeName":"/levels/johnson_valley/art/shapes/rocks/s_rocks_desert_collection_03.dae","useInstanceRenderData":true}
{"class":"TSStatic","persistentId":"d50b1456-5f1f-42ec-9429-40f07f24717e","__parent":"trail_025_rocks","position":[-720.44165,-151.244385,209.445831],"isRenderEnabled":false,"rotationMatrix":[0.705606461,0.708603919,0,-0.708603919,0.705606461,0,0,0,1],"shapeName":"/levels/johnson_valley/art/shapes/rocks/s_rocks_desert_large_05.dae","useInstanceRenderData":true}
{"class":"TSStatic","persistentId":"37abf799-354d-4bba-b6ce-2acadb7c3c0c","__parent":"trail_025_rocks","position":[-717.23175,-160.831146,213.326904],"isRenderEnabled":false,"rotationMatrix":[0.0747668743,-0.997152805,-0.00979919732,0.867860556,0.0602263212,0.493143559,-0.491149366,-0.0453751087,0.869892716],"shapeName":"/levels/johnson_valley/art/shapes/rocks/s_rocks_desert_collection_03.dae","useInstanceRenderData":true}
{"class":"TSStatic","persistentId":"be457a16-12f5-4909-b926-64fb416f5ecf","__parent":"trail_025_rocks","position":[-733.170654,-142.100006,209.914246],"isRenderEnabled":false,"rotationMatrix":[0.732404947,0.673560619,0.0994939208,-0.666643023,0.679689169,0.30595693,0.138455614,-0.290411323,0.94683224],"shapeName":"/levels/johnson_valley/art/shapes/rocks/s_rocks_desert_collection_03.dae","useInstanceRenderData":true}
{"class":"TSStatic","persistentId":"28ae9958-9a56-4456-9a40-2e075df62187","__parent":"trail_025_rocks","position":[-735.06665,-129.096542,215.882874],"isRenderEnabled":false,"rotationMatrix":[0.986289501,0.0303355474,-0.162212268,0.0234788414,0.947164536,0.319887549,0.16334568,-0.319310278,0.933466196],"shapeName":"/levels/johnson_valley/art/shapes/rocks/s_rocks_desert_collection_02.dae","useInstanceRenderData":true}
{"class":"TSStatic","persistentId":"48632bde-7180-4bb9-b2a4-5c1b1b98f0bb","__parent":"trail_025_rocks","position":[-704.782349,-138.248993,214.772278],"isRenderEnabled":false,"rotationMatrix":[0.960535824,0.0478628837,0.27400744,-0.15854457,0.903608084,0.397939771,-0.22854878,-0.425677806,0.875536323],"shapeName":"/levels/johnson_valley/art/shapes/rocks/s_rocks_desert_collection_02.dae","useInstanceRenderData":true}
{"class":"TSStatic","persistentId":"b7b09b5f-b181-47ce-a927-4bdbc490c674","__parent":"trail_025_rocks","position":[-688.923035,-140.720612,215.759308],"isRenderEnabled":false,"rotationMatrix":[0.998725474,0.0154428063,-0.0480510369,-0.00116396975,0.958835125,0.283960938,0.0504581779,-0.28354311,0.957631052],"shapeName":"/levels/johnson_valley/art/shapes/rocks/s_rocks_desert_collection_02.dae","useInstanceRenderData":true}
{"class":"TSStatic","persistentId":"2463cbf4-a4ec-4bb7-83c8-592813ca9866","__parent":"trail_025_rocks","position":[-757.717102,-161.977951,201.652008],"isRenderEnabled":false,"rotationMatrix":[0.801748991,-0.00442076474,0.597644508,-0.15257445,0.965325177,0.211821377,-0.577857673,-0.261012852,0.773274064],"scale":[1.34387207,1.34387207,1.34387207],"shapeName":"/levels/johnson_valley/art/shapes/rocks/s_rocks_desert_collection_03.dae","useInstanceRenderData":true}
{"class":"TSStatic","persistentId":"4264caa8-fd58-4709-8a0f-91c76a76efe8","__parent":"trail_025_rocks","position":[-760.146484,-159.852936,201.647781],"isRenderEnabled":false,"rotationMatrix":[1,0,0,0,0.999986589,-0.00518159568,0,0.00518159568,0.999986589],"shapeName":"/levels/johnson_valley/art/shapes/rocks/s_rocks_desert_large_05.dae","useInstanceRenderData":true}
{"class":"TSStatic","persistentId":"6c392247-b6f3-4a29-8783-3413a0bed6f7","__parent":"trail_025_rocks","position":[-763.92926,-159.399979,198.800049],"isRenderEnabled":false,"shapeName":"/levels/johnson_valley/art/shapes/rocks/s_rocks_desert_large_04.dae","useInstanceRenderData":true}
{"class":"TSStatic","persistentId":"42c369ed-65b8-4cad-9851-248fcff256e3","__parent":"trail_025_rocks","position":[-765.491577,-161.095154,197.407135],"isRenderEnabled":false,"rotationMatrix":[0.906495094,-3.7252903e-09,0.422216296,-0.0954923481,0.974088013,0.205021322,-0.411275804,-0.226169258,0.883006036],"shapeName":"/levels/johnson_valley/art/shapes/rocks/s_rocks_desert_collection_03.dae","useInstanceRenderData":true}
{"class":"TSStatic","persistentId":"7ac2bdc8-e697-48d2-a9bc-bcf2d5250f6b","__parent":"trail_025_rocks","position":[-776.036316,-155.399902,194.776398],"isRenderEnabled":false,"rotationMatrix":[1,0,0,0,-0.369490504,-0.929234326,0,0.929234326,-0.369490504],"shapeName":"/levels/johnson_valley/art/shapes/rocks/s_rocks_desert_medium_01.dae","useInstanceRenderData":true}
{"class":"TSStatic","persistentId":"60e76499-7444-4fe9-bdd9-addcfa9f6010","__parent":"trail_025_rocks","position":[-770.272583,-146.175125,196.134491],"isRenderEnabled":false,"rotationMatrix":[-0.298983097,0.954258382,5.96046448e-08,-0.722150981,-0.226260424,-0.653685093,-0.623784482,-0.195440844,0.756766677],"shapeName":"/levels/johnson_valley/art/shapes/rocks/s_rocks_desert_huge_sheet_3.dae","useInstanceRenderData":true}
{"class":"TSStatic","persistentId":"f5b82d93-e0f9-43f9-94d4-6b601a3f3290","__parent":"trail_025_rocks","position":[-765.009583,-132.066208,201.466339],"isRenderEnabled":false,"rotationMatrix":[0.849939108,-0.16157347,0.501495242,-0.02685491,0.937296987,0.347495526,-0.526196003,-0.308817655,0.792306364],"scale":[1.23309326,1.23309326,1.23309326],"shapeName":"/levels/johnson_valley/art/shapes/rocks/s_rocks_desert_collection_03.dae","useInstanceRenderData":true}
{"class":"TSStatic","persistentId":"d182f91f-2f88-4686-8632-fb941078420d","__parent":"trail_025_rocks","position":[-737.645813,-140.679047,211.654419],"isRenderEnabled":false,"rotationMatrix":[0.982515633,0.0860175267,-0.165118054,0,0.886873305,0.462012708,0.186179981,-0.453934729,0.871366858],"scale":[1.36479497,1.36479497,1.36479497],"shapeName":"/levels/johnson_valley/art/shapes/rocks/s_rocks_desert_collection_03.dae","useInstanceRenderData":true}
{"class":"TSStatic","persistentId":"888388ba-af03-4d3e-b1fe-84cbf5cc6b2d","__parent":"trail_025_rocks","position":[-664.845215,-153.817795,211.851654],"isRenderEnabled":false,"rotationMatrix":[0.403586864,-0.914852917,0.0127161443,0.80827564,0.349988937,-0.473495573,0.428728342,0.20137468,0.880704403],"scale":[1.39335942,1.39335942,1.39335942],"shapeName":"/levels/johnson_valley/art/shapes/rocks/s_rocks_desert_large_02.dae","useInstanceRenderData":true}
{"class":"TSStatic","persistentId":"9e0a297c-379a-4796-9822-af8b8a281331","__parent":"trail_025_rocks","position":[-670.738953,-150.172302,210.341797],"isRenderEnabled":false,"rotationMatrix":[0.960426509,-0.0470837876,0.274524987,-0.0283647329,0.963951588,0.264561415,-0.277085364,-0.26187861,0.924469173],"scale":[1.55070806,1.55070806,1.55070806],"shapeName":"/levels/johnson_valley/art/shapes/rocks/s_rocks_desert_collection_03.dae","useInstanceRenderData":true}
{"class":"TSStatic","persistentId":"a1bc25a8-8d84-468b-b8e3-4c36a1bf68df","__parent":"trail_025_rocks","position":[-675.512878,-147.6129,211.346161],"isRenderEnabled":false,"rotationMatrix":[0.999812722,0.011413699,-0.0156277064,-0.000893597025,0.83392024,0.551884174,0.0193313006,-0.551766872,0.833774328],"scale":[1.32797861,1.32797861,1.32797861],"shapeName":"/levels/johnson_valley/art/shapes/rocks/s_rocks_desert_collection_02.dae","useInstanceRenderData":true}
{"class":"TSStatic","persistentId":"4ea37673-ece0-48c4-bb89-05da764fa52e","__parent":"trail_025_rocks","position":[-665.821106,-150.070724,212.178345],"isRenderEnabled":false,"shapeName":"/levels/johnson_valley/art/shapes/rocks/s_rocks_desert_large_04.dae","useInstanceRenderData":true}
{"class":"TSStatic","persistentId":"1b9721d4-6011-4271-8560-fe26db1fd07a","__parent":"trail_025_rocks","position":[-771.05658,-83.4373932,212.949966],"isRenderEnabled":false,"rotationMatrix":[0.991871119,-4.65661287e-10,-0.12724632,0.0123563893,0.995274067,0.0963166878,0.126644969,-0.097106047,0.98718363],"scale":[1.26152349,1.26152349,1.26152349],"shapeName":"/levels/johnson_valley/art/shapes/rocks/s_rocks_desert_collection_03.dae","useInstanceRenderData":true}
{"class":"TSStatic","persistentId":"e32d9bde-9f8f-41b8-8c9e-04caac254837","__parent":"trail_025_rocks","position":[-734.442627,-151.560135,207.668091],"isRenderEnabled":false,"rotationMatrix":[1,0,0,0,0.963004231,0.269486338,0,-0.269486338,0.963004231],"shapeName":"/levels/johnson_valley/art/shapes/rocks/s_rocks_desert_small_03.dae","useInstanceRenderData":true}
{"class":"TSStatic","persistentId":"111cfe31-0cbd-4c8a-8544-2d6e189b4430","__parent":"trail_025_rocks","position":[-758.384155,-156.077209,200.940704],"isRenderEnabled":false,"rotationMatrix":[-0.999369621,0.0354955643,-2.68051849e-07,0.0354955643,0.99936986,9.52064561e-09,2.68220845e-07,-6.21724894e-15,-0.999999762],"shapeName":"/levels/johnson_valley/art/shapes/rocks/s_rocks_desert_large_06.dae","useInstanceRenderData":true}
{"class":"TSStatic","persistentId":"8da9cac8-fe3c-47ec-8151-ff5bd6292d84","__parent":"trail_025_rocks","position":[-758.686523,-153.916885,201.294266],"isRenderEnabled":false,"rotationMatrix":[-0.560432315,-0.828200221,-1.82612069e-07,-0.828200221,0.560432315,-2.69861914e-07,3.25841398e-07,1.42108547e-14,-1],"shapeName":"/levels/johnson_valley/art/shapes/rocks/s_rocks_desert_medium_02.dae","useInstanceRenderData":true}
{"class":"TSStatic","persistentId":"23032145-80c1-4e98-89d1-9a5a849b20fb","__parent":"trail_025_rocks","position":[-758.128418,-157.098129,202.20755],"isRenderEnabled":false,"shapeName":"/levels/johnson_valley/art/shapes/rocks/s_rocks_desert_small_02.dae","useInstanceRenderData":true}
{"class":"TSStatic","persistentId":"a20de08e-433a-47f7-aef2-48c0e60565fd","__parent":"trail_025_rocks","position":[-757.463806,-156.14325,202.233566],"isRenderEnabled":false,"rotationMatrix":[0.470956385,-0.22959815,-0.851753891,0.235356644,0.963240802,-0.129515827,0.850180686,-0.139469653,0.507681847],"shapeName":"/levels/johnson_valley/art/shapes/rocks/s_rocks_desert_medium_05.dae","useInstanceRenderData":true}
{"class":"TSStatic","persistentId":"2e4437ca-c5ab-4d2d-b786-40d8ad5fe39c","__parent":"trail_025_rocks","position":[-758.001648,-154.771957,202.150497],"isRenderEnabled":false,"rotationMatrix":[-0.98168695,0,-0.190499753,0,1,0,0.190499753,0,-0.98168695],"shapeName":"/levels/johnson_valley/art/shapes/rocks/s_rocks_desert_small_02.dae","useInstanceRenderData":true}
{"class":"TSStatic","persistentId":"de55f49c-d122-4c6e-aa3b-3eb84c6f0c59","__parent":"trail_025_rocks","position":[-769.322144,-155.281067,196.006119],"isRenderEnabled":false,"rotationMatrix":[-0.0374901295,-0.998387814,0.0426171571,0.899161816,-0.0150951147,0.437355697,-0.436007321,0.0547162741,0.898278236],"shapeName":"/levels/johnson_valley/art/shapes/rocks/s_rocks_desert_low_flat_02.dae","useInstanceRenderData":true}
{"class":"TSStatic","persistentId":"9d70a9eb-bf06-450e-a2dc-435a8edbdd14","__parent":"trail_025_rocks","position":[-763.391724,-154.517685,198.639984],"isRenderEnabled":false,"rotationMatrix":[0.808193564,0.517883599,-0.280392081,-0.433708787,0.845491827,0.311512828,0.398396581,-0.130154148,0.907931745],"shapeName":"/levels/johnson_valley/art/shapes/rocks/s_rocks_desert_large_06.dae","useInstanceRenderData":true}
{"class":"TSStatic","persistentId":"26ce0a91-62d4-4b1c-89d7-9f8492b2c212","__parent":"trail_025_rocks","position":[-762.19458,-156.929367,199.027374],"isRenderEnabled":false,"rotationMatrix":[0.87068224,0.129135504,-0.474590868,-0.14671047,0.989179492,-3.7252903e-09,0.46945557,0.0696274638,0.880206525],"shapeName":"/levels/johnson_valley/art/shapes/rocks/s_rocks_desert_medium_02.dae","useInstanceRenderData":true}
{"class":"TSStatic","persistentId":"9ae4d2e1-acc0-45c6-9d32-f692c6200aab","__parent":"trail_025_rocks","position":[-765.887695,-158.054169,197.368011],"isRenderEnabled":false,"rotationMatrix":[0.973320544,0.22944966,0,-0.22944966,0.973320544,0,0,0,1],"shapeName":"/levels/johnson_valley/art/shapes/rocks/s_rocks_desert_large_05.dae","useInstanceRenderData":true}
{"class":"TSStatic","persistentId":"f735c2d7-766c-4722-ad3e-931f74cc57be","__parent":"trail_025_rocks","position":[-764.202393,-156.880066,197.924088],"isRenderEnabled":false,"rotationMatrix":[0.510125518,-0.860099912,1.66219991e-07,-0.860099912,-0.510125279,-2.80256188e-07,3.2584137e-07,1.42108547e-14,-0.999999762],"shapeName":"/levels/johnson_valley/art/shapes/rocks/s_rocks_desert_medium_02.dae","useInstanceRenderData":true}
{"class":"TSStatic","persistentId":"0418adc0-00c0-4145-b9c8-914cf9649064","__parent":"trail_025_rocks","position":[-762.310547,-153.815613,199.115677],"isRenderEnabled":false,"rotationMatrix":[-0.999999762,0,-3.2584137e-07,0,1,0,3.2584137e-07,0,-0.999999762],"shapeName":"/levels/johnson_valley/art/shapes/rocks/s_rocks_desert_medium_02.dae","useInstanceRenderData":true}
{"class":"TSStatic","persistentId":"cb948d72-c03c-4da1-ab6a-821221dc04e4","__parent":"trail_025_rocks","position":[-755.310486,-155.377823,203.934113],"isRenderEnabled":false,"rotationMatrix":[0.0503362417,-0.996351361,-0.0689210594,0.858513474,0.00790530443,0.512730002,-0.510314465,-0.0849785209,0.855779052],"shapeName":"/levels/johnson_valley/art/shapes/rocks/s_rocks_desert_low_tiny.dae","useInstanceRenderData":true}
{"class":"TSStatic","persistentId":"5bf8548c-965e-41ea-a2f3-59dee14cb44b","__parent":"trail_025_rocks","position":[-778.424011,-149.408096,192.716309],"isRenderEnabled":false,"rotationMatrix":[0.95792371,-0.287022978,0,0.287022978,0.95792371,0,0,0,1],"shapeName":"/levels/johnson_valley/art/shapes/rocks/s_rocks_desert_low_tiny.dae","useInstanceRenderData":true}
{"class":"TSStatic","persistentId":"cde908a5-c302-425b-9ebc-b22dd6b91ba1","__parent":"trail_025_rocks","position":[-775.585327,-150.876526,192.888214],"isRenderEnabled":false,"rotationMatrix":[-0.996500134,0,0.0835878924,0,1,0,-0.0835878924,0,-0.996500134],"shapeName":"/levels/johnson_valley/art/shapes/rocks/s_rocks_desert_medium_03.dae","useInstanceRenderData":true}
{"class":"TSStatic","persistentId":"8512203f-f729-47f2-85d8-0088dbc06e54","__parent":"trail_025_rocks","position":[-776.168518,-152.115921,193.20932],"isRenderEnabled":false,"shapeName":"/levels/johnson_valley/art/shapes/rocks/s_rocks_desert_medium_05.dae","useInstanceRenderData":true}
{"class":"TSStatic","persistentId":"3ae30560-d1c5-41ee-b346-e920815806af","__parent":"trail_025_rocks","position":[-776.378357,-153.181122,193.560135],"isRenderEnabled":false,"rotationMatrix":[-0.714275599,0,-0.699864268,0,1,0,0.699864268,0,-0.714275599],"shapeName":"/levels/johnson_valley/art/shapes/rocks/s_rocks_desert_medium_05.dae","useInstanceRenderData":true}
{"class":"TSStatic","persistentId":"7d77d126-c17e-4d83-8c59-a4dfd724089a","__parent":"trail_025_rocks","position":[-773.854065,-153.40242,193.728973],"isRenderEnabled":false,"rotationMatrix":[0.360084474,0.932919562,0,-0.932919562,0.360084474,0,0,0,1],"shapeName":"/levels/johnson_valley/art/shapes/rocks/s_rocks_desert_medium_04.dae","useInstanceRenderData":true}
{"class":"TSStatic","persistentId":"bef92ac8-cb27-423b-a082-a2470bce7cd9","__parent":"trail_025_rocks","position":[-771.640869,-151.480865,194.65535],"isRenderEnabled":false,"rotationMatrix":[0.833843231,0.552001297,0,-0.552001297,0.833843231,0,0,0,1],"shapeName":"/levels/johnson_valley/art/shapes/rocks/s_rocks_desert_large_06.dae","useInstanceRenderData":true}
{"class":"TSStatic","persistentId":"6b1c4e66-df27-423e-b925-98992f0e291d","__parent":"trail_025_rocks","position":[-770.519226,-158.655853,196.022125],"isRenderEnabled":false,"rotationMatrix":[0.957467496,0,0.288541138,0,1,0,-0.288541138,0,0.957467496],"scale":[1.49941397,1.49941397,1.49941397],"shapeName":"/levels/johnson_valley/art/shapes/rocks/s_rocks_desert_collection_03.dae","useInstanceRenderData":true}
{"class":"TSStatic","persistentId":"eb81a194-61c1-489f-be7f-65077bb81ec2","__parent":"trail_025_rocks","position":[-775.493164,-157.585892,195.129608],"isRenderEnabled":false,"rotationMatrix":[-0.997246504,0.0741541907,0,-0.0741541907,-0.997246504,0,0,0,1],"shapeName":"/levels/johnson_valley/art/shapes/rocks/s_rocks_desert_medium_01.dae","useInstanceRenderData":true}
{"class":"TSStatic","persistentId":"b612e40f-0dce-4d9b-a9dd-aa8dceac764f","__parent":"trail_025_rocks","position":[-774.150574,-132.442642,194.341141],"isRenderEnabled":false,"rotationMatrix":[-0.594780087,-0.803888679,0,0.803888679,-0.594780087,0,0,0,1],"shapeName":"/levels/johnson_valley/art/shapes/rocks/s_rocks_desert_large_02.dae","useInstanceRenderData":true}
{"class":"TSStatic","persistentId":"2a598b28-f55d-48aa-a501-0abcef14d5af","__parent":"trail_025_rocks","position":[-776.344543,-129.976318,195.467468],"isRenderEnabled":false,"rotationMatrix":[0.9680987,0.250569165,0,-0.250569165,0.9680987,0,0,0,1],"shapeName":"/levels/johnson_valley/art/shapes/rocks/s_rocks_desert_large_06.dae","useInstanceRenderData":true}
{"class":"TSStatic","persistentId":"46680263-6b4e-49c6-979f-6372cd946812","__parent":"trail_025_rocks","position":[-770.479004,-127.051018,197.34201],"isRenderEnabled":false,"rotationMatrix":[-0.633921862,-0.773396969,-2.06558013e-07,-0.773396969,0.633921981,-2.52004781e-07,3.25841427e-07,-1.42108547e-14,-0.999999881],"shapeName":"/levels/johnson_valley/art/shapes/rocks/s_rocks_desert_large_06.dae","useInstanceRenderData":true}
{"class":"TSStatic","persistentId":"46d4e551-e977-4e86-846d-dc0e4e30263c","__parent":"trail_025_rocks","position":[-770.199646,-124.495918,198.934799],"isRenderEnabled":false,"rotationMatrix":[-0.999999762,0,-3.2584137e-07,0,1,0,3.2584137e-07,0,-0.999999762],"shapeName":"/levels/johnson_valley/art/shapes/rocks/s_rocks_desert_medium_02.dae","useInstanceRenderData":true}
{"class":"TSStatic","persistentId":"2176c109-ea72-46f0-acef-981801e3707e","__parent":"trail_025_rocks","position":[-769.020386,-125.696541,198.883026],"isRenderEnabled":false,"rotationMatrix":[0.503046393,0.824132383,0.260288358,0.853553593,-0.521004796,2.60770321e-07,0.135611728,0.222169936,-0.965530634],"shapeName":"/levels/johnson_valley/art/shapes/rocks/s_rocks_desert_medium_02.dae","useInstanceRenderData":true}
{"class":"TSStatic","persistentId":"aee4fb2f-000e-4d1a-9bc2-d9e5062b10db","__parent":"trail_025_rocks","position":[-769.979492,-125.842773,199.047684],"isRenderEnabled":false,"rotationMatrix":[0.597213209,0.706836045,0.379102886,-0.763854325,0.645388603,0,-0.244668648,-0.289579451,0.925354481],"shapeName":"/levels/johnson_valley/art/shapes/rocks/s_rocks_desert_small_02.dae","useInstanceRenderData":true}
{"class":"TSStatic","persistentId":"c144e01b-d8a4-4f9d-ae32-4bb8cb970167","__parent":"trail_025_rocks","position":[-766.377686,-121.573914,200.735489],"isRenderEnabled":false,"rotationMatrix":[0.269519031,-0.962994933,-3.13783573e-07,-0.962994933,-0.269518733,-8.78204176e-08,1.42108547e-14,3.25841313e-07,-0.999999762],"shapeName":"/levels/johnson_valley/art/shapes/rocks/s_rocks_desert_large_06.dae","useInstanceRenderData":true}
{"class":"TSStatic","persistentId":"c6a02c3d-ea3f-4c44-abcd-321f14e92505","__parent":"trail_025_rocks","position":[-764.180359,-123.837418,200.735489],"isRenderEnabled":false,"rotationMatrix":[0.926678956,-0.375853837,-1.22468705e-07,-0.375853837,-0.926679015,-3.01950365e-07,2.84217094e-14,3.2584137e-07,-1],"shapeName":"/levels/johnson_valley/art/shapes/rocks/s_rocks_desert_large_06.dae","useInstanceRenderData":true}
{"class":"TSStatic","persistentId":"c9e1eb2a-f34a-416f-ac6c-9291ef18d3cc","__parent":"trail_025_rocks","position":[-763.955139,-121.390076,202.320801],"isRenderEnabled":false,"rotationMatrix":[0.690358162,0.706593931,0.155340493,-0.715276659,0.698841333,-7.4505806e-09,-0.108558357,-0.111111432,0.987860978],"shapeName":"/levels/johnson_valley/art/shapes/rocks/s_rocks_desert_low_tiny.dae","useInstanceRenderData":true}
{"class":"TSStatic","persistentId":"732a1277-7667-4e9c-ba0f-cede9eb0153d","__parent":"trail_025_rocks","position":[-758.778137,-117.725319,203.744965],"isRenderEnabled":false,"rotationMatrix":[-0.22305274,0.97230649,0.0697661117,-0.944866776,-0.198046446,-0.260775834,-0.239737123,-0.124086499,0.962875187],"shapeName":"/levels/johnson_valley/art/shapes/rocks/s_rocks_desert_low_tiny.dae","useInstanceRenderData":true}
{"class":"TSStatic","persistentId":"6cf7fd3b-d59e-4168-a2da-d5053b72a3e9","__parent":"trail_025_rocks","position":[-765.401672,-124.661011,201.349075],"isRenderEnabled":false,"rotationMatrix":[-0.420420885,0.898489296,0.126346886,-0.905747831,-0.423817277,0,0.053547971,-0.114438407,0.991986096],"shapeName":"/levels/johnson_valley/art/shapes/rocks/s_rocks_desert_small_04.dae","useInstanceRenderData":true}
{"class":"TSStatic","persistentId":"31fbc931-4045-43bc-8f75-97d708552236","__parent":"trail_025_rocks","position":[-767.626953,-122.524826,201.359406],"isRenderEnabled":false,"rotationMatrix":[0.08876127,0,0.99605298,-0.268077016,0.963101268,0.0238891765,-0.959299922,-0.26913932,0.085486114],"shapeName":"/levels/johnson_valley/art/shapes/rocks/s_rocks_desert_small_08.dae","useInstanceRenderData":true}
{"class":"TSStatic","persistentId":"75a683d7-f4e6-4a83-b874-4f1f1560825c","__parent":"trail_025_rocks","position":[-765.882324,-124.941536,200.890076],"isRenderEnabled":false,"shapeName":"/levels/johnson_valley/art/shapes/rocks/s_rocks_desert_small_06.dae","useInstanceRenderData":true}
{"class":"TSStatic","persistentId":"0baa7b49-7e51-4861-8f2e-6665333863ac","__parent":"trail_025_rocks","position":[-772.865967,-123.437042,199.05722],"isRenderEnabled":false,"rotationMatrix":[0.909590006,-0.407896787,0.0791592374,0.343529195,0.845420003,0.408965349,-0.233738482,-0.344797254,0.909110069],"shapeName":"/levels/johnson_valley/art/shapes/rocks/s_rocks_desert_collection_03.dae","useInstanceRenderData":true}
{"class":"TSStatic","persistentId":"99f7f8bf-c245-4f25-9bcf-6457098c486c","__parent":"trail_025_rocks","position":[-771.619263,-128.231079,196.451981],"isRenderEnabled":false,"rotationMatrix":[-0.587058425,-0.755279541,-0.291403472,-0.768303156,0.63323009,-0.0934349,0.255094945,0.169034451,-0.952026606],"shapeName":"/levels/johnson_valley/art/shapes/rocks/s_rocks_desert_large_06.dae","useInstanceRenderData":true}
{"class":"TSStatic","persistentId":"1b3665f2-8751-4e4d-baf4-9b7665c0aa5a","__parent":"trail_025_rocks","position":[-768.310181,-124.019035,199.516663],"isRenderEnabled":false,"rotationMatrix":[0.429236591,0.685104072,-0.588547766,-0.779460371,0.610187054,0.141821563,0.456286818,0.397874594,0.795926034],"shapeName":"/levels/johnson_valley/art/shapes/rocks/s_rocks_desert_large_06.dae","useInstanceRenderData":true}
{"class":"TSStatic","persistentId":"f6ee93e6-1211-4a22-8b6b-98697591596b","__parent":"trail_025_rocks","position":[-752.880493,-116.289124,205.771378],"isRenderEnabled":false,"rotationMatrix":[0.916373014,0,0.400325537,-0.0238952544,0.998216987,0.0546978936,-0.399611771,-0.0596895516,0.914739072],"shapeName":"/levels/johnson_valley/art/shapes/rocks/s_rocks_desert_low_flat_01.dae","useInstanceRenderData":true}
{"class":"TSStatic","persistentId":"6e4c112b-f633-49a4-a13a-ecf02a08f753","__parent":"trail_025_rocks","position":[-756.298889,-113.17894,205.807831],"isRenderEnabled":false,"rotationMatrix":[-0.949232578,0.27631557,-0.150355414,-0.279492855,-0.9601475,1.86264515e-09,-0.144363418,0.0420232713,0.988632023],"shapeName":"/levels/johnson_valley/art/shapes/rocks/s_rocks_desert_large_06.dae","useInstanceRenderData":true}
{"class":"TSStatic","persistentId":"3733a0c8-45ea-4b06-82ec-b1c80319d907","__parent":"trail_025_rocks","position":[-751.436401,-113.587906,205.902512],"isRenderEnabled":false,"rotationMatrix":[0.943188488,-0.0915430039,-0.319398344,0.166371152,0.962223887,0.215512946,0.287604034,-0.256408006,0.92278862],"shapeName":"/levels/johnson_valley/art/shapes/rocks/s_rocks_desert_large_06.dae","useInstanceRenderData":true}
{"class":"TSStatic","persistentId":"901385a2-200a-4e84-92a9-0375b228d9ea","__parent":"trail_025_rocks","position":[-752.950867,-110.990578,205.290115],"isRenderEnabled":false,"rotationMatrix":[0.410560012,0.911833465,-2.97113075e-07,0.911833465,-0.410559773,1.33777377e-07,-2.84217094e-14,-3.25841313e-07,-0.999999762],"shapeName":"/levels/johnson_valley/art/shapes/rocks/s_rocks_desert_large_06.dae","useInstanceRenderData":true}
{"class":"TSStatic","persistentId":"923a5e74-54fd-44f1-a255-51c1a43b83f6","__parent":"trail_025_rocks","position":[-751.868286,-105.12278,206.132126],"isRenderEnabled":false,"rotationMatrix":[-0.999999762,0,3.25841313e-07,0,1,0,-3.25841313e-07,0,-0.999999762],"shapeName":"/levels/johnson_valley/art/shapes/rocks/s_rocks_desert_medium_02.dae","useInstanceRenderData":true}
{"class":"TSStatic","persistentId":"846f1abb-c73a-4e7f-9466-a3c4defc1eea","__parent":"trail_025_rocks","position":[-747.46814,-104.691338,206.222931],"isRenderEnabled":false,"rotationMatrix":[1,0,0,0,-0.999999762,-3.25841313e-07,0,3.25841313e-07,-0.999999762],"shapeName":"/levels/johnson_valley/art/shapes/rocks/s_rocks_desert_large_06.dae","useInstanceRenderData":true}
{"class":"TSStatic","persistentId":"183cbc8d-57d1-4064-9e3a-19a3c0d4a5ca","__parent":"trail_025_rocks","position":[-749.984863,-96.6084747,205.979691],"isRenderEnabled":false,"rotationMatrix":[-0.564384341,-0.825511932,1.838998e-07,-0.825511932,0.56438458,2.689859e-07,-3.25841285e-07,-1.42108547e-14,-0.999999762],"shapeName":"/levels/johnson_valley/art/shapes/rocks/s_rocks_desert_large_06.dae","useInstanceRenderData":true}
{"class":"TSStatic","persistentId":"41031687-4f64-462d-97fe-4578ce1a07fd","__parent":"trail_025_rocks","position":[-749.521362,-90.6956711,206.83934],"isRenderEnabled":false,"rotationMatrix":[0.871635437,0.489974231,-0.0133021092,-0.488934189,0.871058702,0.046905119,0.0345692188,-0.0343803056,0.998810768],"shapeName":"/levels/johnson_valley/art/shapes/rocks/s_rocks_desert_low_tiny.dae","useInstanceRenderData":true}
{"class":"TSStatic","persistentId":"5b685b64-6ff2-48a5-a2f0-706190fa432f","__parent":"trail_025_rocks","position":[-751.373169,-89.8320541,207.034256],"isRenderEnabled":false,"shapeName":"/levels/johnson_valley/art/shapes/rocks/s_rocks_desert_small_02.dae","useInstanceRenderData":true}
{"class":"TSStatic","persistentId":"603210d4-2014-4648-817c-b404a62d989d","__parent":"trail_025_rocks","position":[-750.805847,-90.9577713,206.948502],"isRenderEnabled":false,"rotationMatrix":[-0.675575733,0.737290204,0,-0.737290204,-0.675575733,0,0,0,1],"shapeName":"/levels/johnson_valley/art/shapes/rocks/s_rocks_desert_small_03.dae","useInstanceRenderData":true}
{"class":"TSStatic","persistentId":"747cd953-2885-4aad-9012-955179a77797","__parent":"trail_025_rocks","position":[-752.168518,-86.9103775,206.434219],"isRenderEnabled":false,"rotationMatrix":[-0.913452983,0.406945258,2.97640725e-07,0.406945258,0.913452566,-1.32599595e-07,-3.25841427e-07,1.42108547e-14,-1.00000048],"shapeName":"/levels/johnson_valley/art/shapes/rocks/s_rocks_desert_large_06.dae","useInstanceRenderData":true}
{"class":"TSStatic","persistentId":"0dbc9259-25ff-4c68-b83b-30f45d087fc8","__parent":"trail_025_rocks","position":[-746.795654,-101.130737,206.575394],"isRenderEnabled":false,"rotationMatrix":[0.337073326,0.941478252,0,-0.941478252,0.337073326,0,0,0,1],"shapeName":"/levels/johnson_valley/art/shapes/rocks/s_rocks_desert_large_05.dae","useInstanceRenderData":true}
{"class":"TSStatic","persistentId":"c5e29328-189e-40e0-b6e0-6c8635ed4266","__parent":"trail_025_rocks","position":[-748.75946,-99.9461823,206.528122],"isRenderEnabled":false,"rotationMatrix":[-0.169640541,-0.985506058,2.98023224e-08,0.949368477,-0.163419962,0.268316209,-0.264427215,0.0455173105,0.963330925],"shapeName":"/levels/johnson_valley/art/shapes/rocks/s_rocks_desert_medium_04.dae","useInstanceRenderData":true}
{"class":"TSStatic","persistentId":"dce604ab-a3de-467a-9a88-1f7d9084c521","__parent":"trail_025_rocks","position":[-748.666138,-101.352898,206.714035],"isRenderEnabled":false,"shapeName":"/levels/johnson_valley/art/shapes/rocks/s_rocks_desert_small_04.dae","useInstanceRenderData":true}
{"class":"TSStatic","persistentId":"e3fb0e75-3f6a-4d05-a5c3-4f08ee709203","__parent":"trail_025_rocks","position":[-751.071777,-101.329796,206.827408],"isRenderEnabled":false,"rotationMatrix":[0.0579162836,0.998321414,0,-0.998321414,0.0579162836,0,0,0,1],"shapeName":"/levels/johnson_valley/art/shapes/rocks/s_rocks_desert_large_06.dae","useInstanceRenderData":true}
{"class":"TSStatic","persistentId":"f26a58ee-4a2f-4ad7-924e-90bfc979eec0","__parent":"trail_025_rocks","position":[-750.1026,-99.8876648,206.729126],"isRenderEnabled":false,"shapeName":"/levels/johnson_valley/art/shapes/rocks/s_rocks_desert_medium_05.dae","useInstanceRenderData":true}
{"class":"TSStatic","persistentId":"15ee68c2-2120-4f3b-af07-29b536a0dedc","__parent":"trail_025_rocks","position":[-752.327942,-96.2177734,207.64183],"isRenderEnabled":false,"rotationMatrix":[0.983124912,0,-0.182935447,0.0165130403,0.995917618,0.0887437612,0.18218863,-0.0902670175,0.979111433],"scale":[1.21264648,1.21264648,1.21264648],"shapeName":"/levels/johnson_valley/art/shapes/rocks/s_rocks_desert_collection_03.dae","useInstanceRenderData":true}
{"class":"TSStatic","persistentId":"11022a46-60b5-4746-9b4b-af107faf8388","__parent":"trail_025_rocks","position":[-745.643066,-95.8692703,206.231308],"isRenderEnabled":false,"rotationMatrix":[-0.482909918,0.875670195,1.57351963e-07,0.875670195,0.482909739,-2.85329548e-07,-3.2584137e-07,0,-1.00000024],"shapeName":"/levels/johnson_valley/art/shapes/rocks/s_rocks_desert_large_06.dae","useInstanceRenderData":true}
{"class":"TSStatic","persistentId":"42bde5e4-9fee-441b-a7f7-5e56cd32be5c","__parent":"trail_025_rocks","position":[-746.037354,-98.3341675,206.592697],"isRenderEnabled":false,"rotationMatrix":[-0.999999762,0,-3.2584137e-07,0,1,0,3.2584137e-07,0,-0.999999762],"shapeName":"/levels/johnson_valley/art/shapes/rocks/s_rocks_desert_medium_02.dae","useInstanceRenderData":true}
{"class":"TSStatic","persistentId":"94701b57-fe6a-4e34-9b0d-ec3172eb85fa","__parent":"trail_025_rocks","position":[-751.445312,-91.4816437,207.696793],"isRenderEnabled":false,"rotationMatrix":[-0.496532798,0.675949574,0.544561446,0.866785288,0.419536412,0.269578218,-0.0462420434,0.605872333,-0.794216752],"shapeName":"/levels/johnson_valley/art/shapes/rocks/s_rocks_desert_medium_03.dae","useInstanceRenderData":true}
{"class":"TSStatic","persistentId":"978f20f8-9511-490e-b5f9-9b7eca6186c0","__parent":"trail_025_rocks","position":[-752.955872,-86.6749725,208.208801],"isRenderEnabled":false,"rotationMatrix":[-0.0274783373,0.999622285,0,-0.999622285,-0.0274783373,0,0,0,1],"shapeName":"/levels/johnson_valley/art/shapes/rocks/s_rocks_desert_medium_04.dae","useInstanceRenderData":true}
{"class":"TSStatic","persistentId":"2a534626-702f-43e8-a9d1-e43db8cf3dbd","__parent":"trail_025_rocks","position":[-750.582581,-84.6007462,208.031769],"isRenderEnabled":false,"rotationMatrix":[-0.0879710913,0.995618165,0.0317054093,-0.936643064,-0.0935101509,0.337572664,0.33905831,0,0.940765381],"shapeName":"/levels/johnson_valley/art/shapes/rocks/s_rocks_desert_medium_05.dae","useInstanceRenderData":true}
{"class":"TSStatic","persistentId":"22589780-5c4e-44af-b4bd-eb441522ea21","__parent":"trail_025_rocks","position":[-757.049683,-110.003746,206.723145],"isRenderEnabled":false,"rotationMatrix":[-0.999999762,0,3.25841313e-07,0,1,0,-3.25841313e-07,0,-0.999999762],"shapeName":"/levels/johnson_valley/art/shapes/rocks/s_rocks_desert_large_06.dae","useInstanceRenderData":true}
{"class":"TSStatic","persistentId":"4c3256ee-5bb9-42bc-a84d-982e665fa717","__parent":"trail_025_rocks","position":[-754.805542,-107.366753,206.723145],"isRenderEnabled":false,"rotationMatrix":[-0.152469993,-0.988308132,4.9681006e-08,-0.988308132,0.152469933,3.22031639e-07,-3.25841341e-07,2.84217094e-14,-1],"shapeName":"/levels/johnson_valley/art/shapes/rocks/s_rocks_desert_large_06.dae","useInstanceRenderData":true}
{"class":"TSStatic","persistentId":"05a94aee-d910-460b-be81-6a987e52b350","__parent":"trail_025_rocks","position":[-752.920471,-107.814476,206.720306],"isRenderEnabled":false,"shapeName":"/levels/johnson_valley/art/shapes/rocks/s_rocks_desert_small_01.dae","useInstanceRenderData":true}
{"class":"TSStatic","persistentId":"375e6f6e-fb55-4a09-b3cd-68c624f55fb2","__parent":"trail_025_rocks","position":[-753.757874,-108.600266,206.738831],"isRenderEnabled":false,"rotationMatrix":[0.610962272,-0.791659713,0,0.791659713,0.610962272,0,0,0,1],"shapeName":"/levels/johnson_valley/art/shapes/rocks/s_rocks_desert_small_03.dae","useInstanceRenderData":true}
{"class":"TSStatic","persistentId":"f92269fd-32e3-434f-8e11-4596e2c2c19d","__parent":"trail_025_rocks","position":[-750.082397,-108.974655,206.786194],"isRenderEnabled":false,"shapeName":"/levels/johnson_valley/art/shapes/rocks/s_rocks_desert_medium_03.dae","useInstanceRenderData":true}
{"class":"TSStatic","persistentId":"7f823ee6-540c-4133-8b44-aac864d8b2af","__parent":"trail_025_rocks","position":[-752.19812,-106.647995,206.990509],"isRenderEnabled":false,"rotationMatrix":[0.682309866,-0.215865403,0.69846642,0.301638454,0.953422368,7.4505806e-09,-0.66593349,0.210684329,0.71564281],"shapeName":"/levels/johnson_valley/art/shapes/rocks/s_rocks_desert_medium_01.dae","useInstanceRenderData":true}
{"class":"TSStatic","persistentId":"957b92e3-dfdd-41c8-82db-3ec0f2e89108","__parent":"trail_025_rocks","position":[-750.069153,-106.58445,206.739761],"isRenderEnabled":false,"rotationMatrix":[-0.910964966,-0.0372010693,0.410802007,0.0408029705,-0.999166965,0,0.410459876,0.0167619456,0.911724567],"shapeName":"/levels/johnson_valley/art/shapes/rocks/s_rocks_desert_medium_01.dae","useInstanceRenderData":true}
{"class":"TSStatic","persistentId":"9dee9728-d15d-4ab5-9e4a-73573684a03c","__parent":"trail_025_rocks","position":[-750.855225,-107.729301,206.592117],"isRenderEnabled":false,"rotationMatrix":[0.0857201219,0,0.996319056,0,1,0,-0.996319056,0,0.0857201219],"shapeName":"/levels/johnson_valley/art/shapes/rocks/s_rocks_desert_small_02.dae","useInstanceRenderData":true}
{"class":"TSStatic","persistentId":"36611293-ef43-4796-9631-42ec3046b0a8","__parent":"trail_025_rocks","position":[-751.783386,-108.581718,206.488235],"isRenderEnabled":false,"rotationMatrix":[0.193287313,0,0.981142044,0,1,0,-0.981142044,0,0.193287313],"shapeName":"/levels/johnson_valley/art/shapes/rocks/s_rocks_desert_medium_05.dae","useInstanceRenderData":true}
{"class":"TSStatic","persistentId":"780ecb5c-e6ec-4b15-9ee4-aec6ee66283b","__parent":"trail_025_rocks","position":[-750.080627,-105.185165,206.586731],"isRenderEnabled":false,"rotationMatrix":[1,0,0,0,0.972455263,-0.233089685,0,0.233089685,0.972455263],"shapeName":"/levels/johnson_valley/art/shapes/rocks/s_rocks_desert_small_02.dae","useInstanceRenderData":true}
{"class":"TSStatic","persistentId":"6df0fb0b-5ce8-48e8-b14b-fc20fad0ef57","__parent":"trail_025_rocks","position":[-754.264526,-102.00148,207.91713],"isRenderEnabled":false,"rotationMatrix":[0.946566403,0.00860516634,-0.322394192,0.0333863869,0.991658628,0.124493003,0.320776284,-0.128604472,0.93838346],"scale":[1.1913085,1.1913085,1.1913085],"shapeName":"/levels/johnson_valley/art/shapes/rocks/s_rocks_desert_collection_03.dae","useInstanceRenderData":true}
{"class":"TSStatic","persistentId":"32603e87-8d04-4f9f-9ffe-0eb91f87244a","__parent":"trail_025_rocks","position":[-752.19873,-84.5555038,207.768112],"isRenderEnabled":false,"rotationMatrix":[0.56872499,0,0.822527707,0,1,0,-0.822527707,0,0.56872499],"shapeName":"/levels/johnson_valley/art/shapes/rocks/s_rocks_desert_medium_04.dae","useInstanceRenderData":true}
{"class":"TSStatic","persistentId":"90f5262c-912e-4e56-8e1b-9d3d4afd5a78","__parent":"trail_025_rocks","position":[-751.764099,-81.1907654,208.472168],"isRenderEnabled":false,"rotationMatrix":[0.934399426,-0.35622701,-7.4505806e-09,0.347471863,0.911434293,-0.220342383,0.0784919187,0.205887809,0.975422621],"scale":[0.953173876,0.953173876,0.953173876],"shapeName":"/levels/johnson_valley/art/shapes/rocks/s_rocks_desert_large_06.dae","useInstanceRenderData":true}
{"class":"TSStatic","persistentId":"34b83897-abd4-4d92-9eff-380e6b9b62db","__parent":"trail_025_rocks","position":[-755.948547,-81.5359116,210.304413],"isRenderEnabled":false,"rotationMatrix":[-0.55125165,-0.52844733,-0.645650685,0.692017496,-0.721880555,1.49011612e-08,-0.466082752,-0.446801603,0.763632894],"shapeName":"/levels/johnson_valley/art/shapes/rocks/s_rocks_desert_medium_02.dae","useInstanceRenderData":true}
{"class":"TSStatic","persistentId":"4578d625-cb67-496a-ae43-8cbb5bbc2f6e","__parent":"trail_025_rocks","position":[-754.923767,-80.7409134,209.228287],"isRenderEnabled":false,"rotationMatrix":[-0.522586942,-0.825826347,0.211927548,0.845020711,-0.534733176,-7.4505806e-09,0.113324746,0.179083169,0.977285385],"shapeName":"/levels/johnson_valley/art/shapes/rocks/s_rocks_desert_medium_04.dae","useInstanceRenderData":true}
{"class":"TSStatic","persistentId":"b94f8e84-607b-4cdd-bbeb-f82d8ef5ced7","__parent":"trail_025_rocks","position":[-755.641724,-77.65271,210.505219],"isRenderEnabled":false,"rotationMatrix":[-0.0755856037,-0.470395863,-0.879212439,-0.127668038,-0.869912505,0.476395786,-0.98893255,0.148256004,0.00569844246],"shapeName":"/levels/johnson_valley/art/shapes/rocks/s_rocks_desert_large_07.dae","useInstanceRenderData":true}
{"class":"TSStatic","persistentId":"0765e813-4935-49bf-85a7-8ea511f45f6c","__parent":"trail_025_rocks","position":[-758.314331,-83.3436966,211.085205],"isRenderEnabled":false,"rotationMatrix":[0.943903387,-0.330221802,0,0.201048702,0.574676037,-0.793301225,0.261965394,0.748799682,0.60882926],"shapeName":"/levels/johnson_valley/art/shapes/rocks/s_rocks_desert_medium_02.dae","useInstanceRenderData":true}
{"class":"TSStatic","persistentId":"3d46963c-c99f-4926-9a24-6e94e4544f46","__parent":"trail_025_rocks","position":[-757.044983,-82.5375595,209.923523],"isRenderEnabled":false,"rotationMatrix":[0.227261484,0,-0.97383374,-0.797849715,0.573383152,-0.186192453,0.558379829,0.81928736,0.130307913],"shapeName":"/levels/johnson_valley/art/shapes/rocks/s_rocks_desert_medium_03.dae","useInstanceRenderData":true}
{"class":"TSStatic","persistentId":"d2814c6a-7da1-47ca-8656-9a65e000d1a6","__parent":"trail_025_rocks","position":[-746.946106,-97.5274582,206.578339],"isRenderEnabled":false,"shapeName":"/levels/johnson_valley/art/shapes/rocks/s_rocks_desert_small_02.dae","useInstanceRenderData":true}
{"class":"TSStatic","persistentId":"00b1c04d-a933-410e-be2c-add6ae9b4ebc","__parent":"trail_025_rocks","position":[-761.218018,-76.7215347,211.064804],"isRenderEnabled":false,"rotationMatrix":[0.905313134,-0.411625981,-0.104747802,0.371656656,0.887079,-0.273792058,0.205619514,0.208937347,0.95606786],"shapeName":"/levels/johnson_valley/art/shapes/rocks/s_rocks_desert_large_06.dae","useInstanceRenderData":true}
