{"class":"TSStatic","persistentId":"4eae5ca5-b786-4499-9fbc-dca32d0f7742","__parent":"trail_023_rocks","position":[298.312775,-136.949066,140.132629],"isRenderEnabled":false,"rotationMatrix":[0.992395282,0,-0.123091996,0.0190635528,0.98793447,0.153694615,0.121606827,-0.154872373,0.980421484],"shapeName":"/levels/johnson_valley/art/shapes/rocks/s_rocks_desert_collection_02.dae","useInstanceRenderData":true}
{"class":"TSStatic","persistentId":"b1fd3d8d-2099-41b2-8599-9c32355cf5b4","__parent":"trail_023_rocks","position":[292.694397,-137.533371,141.565933],"isRenderEnabled":false,"rotationMatrix":[-0.336093903,0.939505458,0.0661039427,-0.9207654,-0.342527747,0.186722174,0.198069006,0.00189001858,0.980186224],"shapeName":"/levels/johnson_valley/art/shapes/rocks/s_rocks_desert_collection_03.dae","useInstanceRenderData":true}
{"class":"TSStatic","persistentId":"f02176e7-b103-450c-8285-d2f2db3c7aab","__parent":"trail_023_rocks","position":[287.797852,-138.676804,142.60495],"isRenderEnabled":false,"rotationMatrix":[0.401951969,0.908921123,-0.110891193,-0.894819856,0.41560334,0.163006693,0.194246978,0.0337067991,0.980373383],"shapeName":"/levels/johnson_valley/art/shapes/rocks/s_rocks_desert_collection_02.dae","useInstanceRenderData":true}
{"class":"TSStatic","persistentId":"f50d63f4-b9a3-4400-8658-29117de54dd4","__parent":"trail_023_rocks","position":[286.620697,-152.006561,144.017624],"isRenderEnabled":false,"rotationMatrix":[0.969278336,0.145435646,-0.198363155,-0.182271764,0.9662112,-0.182244167,0.165155888,0.212801322,0.963036418],"shapeName":"/levels/johnson_valley/art/shapes/rocks/s_rocks_desert_collection_01.dae","useInstanceRenderData":true}
{"class":"TSStatic","persistentId":"77830da7-263d-4e06-afaf-b61b404ac97b","__parent":"trail_023_rocks","position":[278.277191,-154.757111,146.093414],"isRenderEnabled":false,"rotationMatrix":[0.995795131,-0.00844266638,-0.0912183598,4.65661287e-10,0.995744169,-0.0921605378,0.0916082337,0.0917730182,0.991557181],"shapeName":"/levels/johnson_valley/art/shapes/rocks/s_rocks_desert_collection_02.dae","useInstanceRenderData":true}
{"class":"TSStatic","persistentId":"3b5c9d0e-fbe4-4e9d-b4e7-b125e0432725","__parent":"trail_023_rocks","position":[270.7052,-146.185211,145.99588],"isRenderEnabled":false,"rotationMatrix":[0.961286187,5.58793545e-09,-0.275552034,-0.0624723434,0.973960638,-0.217939973,0.268376827,0.226717055,0.936254919],"shapeName":"/levels/johnson_valley/art/shapes/rocks/s_rocks_desert_collection_02.dae","useInstanceRenderData":true}
{"class":"TSStatic","persistentId":"4d5096ac-9609-44dd-be47-51cb2bb2118a","__parent":"trail_023_rocks","position":[270.195557,-156.984344,148.230759],"isRenderEnabled":false,"rotationMatrix":[0.679797173,-0.733195186,-0.0173421502,0.675757885,0.635381699,-0.373686165,0.285003781,0.242311686,0.927393079],"shapeName":"/levels/johnson_valley/art/shapes/rocks/s_rocks_desert_huge_sheet_3.dae","useInstanceRenderData":true}
{"class":"TSStatic","persistentId":"885e7a96-92be-4493-84cf-95720a933d45","__parent":"trail_023_rocks","position":[258.509186,-149.572205,150.367493],"isRenderEnabled":false,"rotationMatrix":[-0.905473709,-0.0864875913,0.415496171,0.114225477,-0.992552876,0.0423220918,0.408741593,0.0857817903,0.908609807],"shapeName":"/levels/johnson_valley/art/shapes/rocks/s_rocks_desert_collection_03.dae","useInstanceRenderData":true}
{"class":"TSStatic","persistentId":"bacfa357-3fdd-4d8c-9940-f1991441db26","__parent":"trail_023_rocks","position":[260.921936,-144.901245,149.295807],"isRenderEnabled":false,"rotationMatrix":[0.945748627,0,-0.324899286,0,1,0,0.324899286,0,0.945748627],"shapeName":"/levels/johnson_valley/art/shapes/rocks/s_rocks_desert_collection_02.dae","useInstanceRenderData":true}
{"class":"TSStatic","persistentId":"0e0116b9-72c7-4448-9e30-cc7872a74cef","__parent":"trail_023_rocks","position":[266.038025,-144.905914,147.46434],"isRenderEnabled":false,"rotationMatrix":[0.932537913,0.020466987,-0.360491514,0.00662645977,0.997253954,0.0737609789,0.361011267,-0.0711736903,0.929841459],"shapeName":"/levels/johnson_valley/art/shapes/rocks/s_rocks_desert_collection_01.dae","useInstanceRenderData":true}
{"class":"TSStatic","persistentId":"298e2d9d-53dd-4a24-893f-9d6c036dcf21","__parent":"trail_023_rocks","position":[247.269226,-178.915497,146.004669],"isRenderEnabled":false,"rotationMatrix":[-0.219465852,-0.975620329,0,0.975620329,-0.219465852,0,0,0,1],"shapeName":"/levels/johnson_valley/art/shapes/rocks/s_rocks_desert_large_02.dae","useInstanceRenderData":true}
{"class":"TSStatic","persistentId":"7b7f612d-b6ee-4c02-bffc-e1fca0818ab8","__parent":"trail_023_rocks","position":[247.282455,-182.271942,146.004669],"isRenderEnabled":false,"rotationMatrix":[0.451011777,0.892517924,0,-0.892517924,0.451011777,0,0,0,1],"shapeName":"/levels/johnson_valley/art/shapes/rocks/s_rocks_desert_large_02.dae","useInstanceRenderData":true}
{"class":"TSStatic","persistentId":"b2b6e91b-66e5-492b-a15d-2e6e523e259f","__parent":"trail_023_rocks","position":[247.402771,-176.384735,146.458511],"isRenderEnabled":false,"rotationMatrix":[-0.310409069,0.950603127,2.29971931e-07,0.950603127,0.310409009,-2.30836534e-07,-2.90819287e-07,1.46958271e-07,-1],"shapeName":"/levels/johnson_valley/art/shapes/rocks/s_rocks_desert_large_02.dae","useInstanceRenderData":true}
{"class":"TSStatic","persistentId":"1fa8dc5b-e967-47da-b530-51caec1c111d","__parent":"trail_023_rocks","position":[253.484848,-176.643539,146.028839],"isRenderEnabled":false,"rotationMatrix":[0.13803041,0.990427971,0,-0.990427971,0.13803041,0,0,0,1],"shapeName":"/levels/johnson_valley/art/shapes/rocks/s_rocks_desert_large_05.dae","useInstanceRenderData":true}
{"class":"TSStatic","persistentId":"adcddffc-d28a-40d7-9fe8-d1f0ae90898f","__parent":"trail_023_rocks","position":[254.103653,-182.261429,146.028839],"isRenderEnabled":false,"rotationMatrix":[0.937501311,-0.347981721,1.0921719e-07,-0.347981721,-0.937501073,3.15493423e-07,-7.39470352e-09,-3.33781088e-07,-0.999999762],"scale":[1.23632812,1.23632812,1.23632812],"shapeName":"/levels/johnson_valley/art/shapes/rocks/s_rocks_desert_large_05.dae","useInstanceRenderData":true}
{"class":"TSStatic","persistentId":"42072dfa-27e4-483f-8f83-7b65a0d366db","__parent":"trail_023_rocks","position":[254.303406,-178.902313,145.635681],"isRenderEnabled":false,"rotationMatrix":[0.424577415,-0.905391574,0,0.905391574,0.424577415,0,0,0,1],"shapeName":"/levels/johnson_valley/art/shapes/rocks/s_rocks_desert_large_02.dae","useInstanceRenderData":true}
{"class":"TSStatic","persistentId":"a420f4cf-d2ad-4932-a970-2815847e4622","__parent":"trail_023_rocks","position":[253.488968,-187.036118,144.64296],"isRenderEnabled":false,"rotationMatrix":[0.377364159,0.865908384,0.328327328,-0.854929209,0.462016284,-0.235874757,-0.355938524,-0.19168596,0.914638877],"scale":[0.843603492,0.843603492,0.843603492],"shapeName":"/levels/johnson_valley/art/shapes/rocks/s_rocks_desert_huge_sheet_3.dae","useInstanceRenderData":true}
{"class":"TSStatic","persistentId":"05c8703a-bbde-4429-860e-d7f37880e94a","__parent":"trail_023_rocks","position":[246.592987,-186.591873,145.378128],"isRenderEnabled":false,"rotationMatrix":[0.476978302,0.878915131,0.00026896596,-0.793060243,0.430253744,0.431204528,0.378876388,-0.20588854,0.902254224],"shapeName":"/levels/johnson_valley/art/shapes/rocks/s_rocks_desert_huge_sheet_3.dae","useInstanceRenderData":true}
{"class":"TSStatic","persistentId":"2e3092e7-adda-47d5-9a05-3eb484d2b1ca","__parent":"trail_023_rocks","position":[245.345581,-184.140106,147.300522],"isRenderEnabled":false,"rotationMatrix":[-0.0447878838,-0.00854742527,-0.998959839,0.653466105,0.756110251,-0.0357674062,0.75562948,-0.654388428,-0.0282790661],"shapeName":"/levels/johnson_valley/art/shapes/rocks/s_rocks_desert_medium_01.dae","useInstanceRenderData":true}
{"class":"TSStatic","persistentId":"6ef978cb-b9bb-40ff-9292-4add6c25a2db","__parent":"trail_023_rocks","position":[240.789032,-188.961472,146.102417],"isRenderEnabled":false,"rotationMatrix":[0.949501991,0.29751119,-0.0996645615,-0.216409966,0.850977957,0.478542805,0.227184176,-0.432808936,0.872389674],"shapeName":"/levels/johnson_valley/art/shapes/rocks/s_rocks_desert_huge_sheet_3.dae","useInstanceRenderData":true}
{"class":"TSStatic","persistentId":"228bcb3a-4536-4c4f-b4b9-c1ea0ef7ee58","__parent":"trail_023_rocks","position":[258.514038,-183.819931,146.543304],"isRenderEnabled":false,"rotationMatrix":[0.97085166,-0.238946155,-0.0187573843,0.228811279,0.900678515,0.369355619,-0.0713617355,-0.362881422,0.929098785],"shapeName":"/levels/johnson_valley/art/shapes/rocks/s_rocks_desert_huge_sheet_3.dae","useInstanceRenderData":true}
{"class":"TSStatic","persistentId":"2a69f134-fea3-463d-bcb1-1b598ac89cae","__parent":"trail_023_rocks","position":[265.024109,-183.848663,147.668304],"isRenderEnabled":false,"rotationMatrix":[-0.952623963,0.303521127,-0.0195535868,-0.27858445,-0.896544337,-0.344381809,-0.12205781,-0.322619081,0.938626051],"shapeName":"/levels/johnson_valley/art/shapes/rocks/s_rocks_desert_huge_sheet_3.dae","useInstanceRenderData":true}
{"class":"TSStatic","persistentId":"d1ed07e7-dc39-4e8d-a0b1-c635e7a7f62b","__parent":"trail_023_rocks","position":[234.523758,-190.857071,147.068924],"isRenderEnabled":false,"rotationMatrix":[-0.915736556,-0.387827128,0.104962356,0.304414183,-0.840225697,-0.448723912,0.26221934,-0.378960788,0.887485087],"shapeName":"/levels/johnson_valley/art/shapes/rocks/s_rocks_desert_huge_sheet_3.dae","useInstanceRenderData":true}
{"class":"TSStatic","persistentId":"c650ed60-6e3e-4810-86a2-32a65f5dfe16","__parent":"trail_023_rocks","position":[241.79837,-182.089508,147.328415],"isRenderEnabled":false,"rotationMatrix":[1,0,0,0,0.988637447,-0.150319606,0,0.150319606,0.988637447],"shapeName":"/levels/johnson_valley/art/shapes/rocks/s_rocks_desert_large_05.dae","useInstanceRenderData":true}
{"class":"TSStatic","persistentId":"a718b83b-e80d-4a46-b378-832b465f5b50","__parent":"trail_023_rocks","position":[239.451614,-181.763535,147.575714],"isRenderEnabled":false,"rotationMatrix":[0.998342395,0,0.0575541109,0,1,0,-0.0575541109,0,0.998342395],"shapeName":"/levels/johnson_valley/art/shapes/rocks/s_rocks_desert_large_04.dae","useInstanceRenderData":true}
{"class":"TSStatic","persistentId":"d77814f0-0ec0-46d8-9cf0-0818cb63f64e","__parent":"trail_023_rocks","position":[244.181076,-182.286072,146.354935],"isRenderEnabled":false,"shapeName":"/levels/johnson_valley/art/shapes/rocks/s_rocks_desert_large_02.dae","useInstanceRenderData":true}
{"class":"TSStatic","persistentId":"c2c0f3c4-7d36-4fd4-896b-3fef3cc2ae90","__parent":"trail_023_rocks","position":[249.359558,-175.756546,145.012405],"isRenderEnabled":false,"rotationMatrix":[0.664041221,-0.747695982,-2.43630268e-07,-0.747695982,-0.664041162,-2.16372101e-07,0,3.2584137e-07,-1],"shapeName":"/levels/johnson_valley/art/shapes/rocks/s_rocks_desert_large_06.dae","useInstanceRenderData":true}
{"class":"TSStatic","persistentId":"39b2c2a4-b504-46c4-84f9-ec0b069d6d59","__parent":"trail_023_rocks","position":[252.025116,-175.685257,145.012405],"isRenderEnabled":false,"rotationMatrix":[0.577238619,0.816575468,2.66074039e-07,0.816575468,-0.577238321,-1.88088165e-07,0,3.25841313e-07,-0.999999762],"shapeName":"/levels/johnson_valley/art/shapes/rocks/s_rocks_desert_large_06.dae","useInstanceRenderData":true}
{"class":"TSStatic","persistentId":"ef4dbca9-5890-42bb-b35d-36be63057260","__parent":"trail_023_rocks","position":[249.24205,-173.78157,146.788925],"isRenderEnabled":false,"rotationMatrix":[0.571885824,0.820333123,0,-0.820333123,0.571885824,0,0,0,1],"shapeName":"/levels/johnson_valley/art/shapes/rocks/s_rocks_desert_large_03.dae","useInstanceRenderData":true}
{"class":"TSStatic","persistentId":"675c1466-9284-4080-8391-612a23ab0f61","__parent":"trail_023_rocks","position":[253.768005,-174.076477,146.62262],"isRenderEnabled":false,"rotationMatrix":[-0.926019788,-0.375552505,-0.0380440876,-0.377474576,0.921304762,0.0933296829,1.86264515e-09,0.100785822,-0.994907975],"shapeName":"/levels/johnson_valley/art/shapes/rocks/s_rocks_desert_large_06.dae","useInstanceRenderData":true}
{"class":"TSStatic","persistentId":"2c78a8ed-8653-4f33-abf2-dc767ddb7eda","__parent":"trail_023_rocks","position":[250.788818,-177.214935,144.45697],"isRenderEnabled":false,"rotationMatrix":[0.993948936,-0.0522045791,0.0966449305,1.86264515e-09,-0.879843354,-0.475263923,0.109843351,0.472388059,-0.874519348],"shapeName":"/levels/johnson_valley/art/shapes/rocks/s_rocks_desert_medium_02.dae","useInstanceRenderData":true}
{"class":"TSStatic","persistentId":"ad08ad4b-7f5c-4a67-b0a2-435ccc60e568","__parent":"trail_023_rocks","position":[251.82576,-177.789703,145.195297],"isRenderEnabled":false,"shapeName":"/levels/johnson_valley/art/shapes/rocks/s_rocks_desert_small_03.dae","useInstanceRenderData":true}
{"class":"TSStatic","persistentId":"7fe50e64-fecf-4baa-bebf-17aa38dc5fb8","__parent":"trail_023_rocks","position":[249.096741,-177.66272,145.101196],"isRenderEnabled":false,"rotationMatrix":[1,0,0,0,-0.891114712,-0.453777641,0,0.453777641,-0.891114712],"shapeName":"/levels/johnson_valley/art/shapes/rocks/s_rocks_desert_small_04.dae","useInstanceRenderData":true}
{"class":"TSStatic","persistentId":"f1bfade1-e866-4392-9201-4792ba65fd11","__parent":"trail_023_rocks","position":[249.989822,-174.771805,146.221161],"isRenderEnabled":false,"rotationMatrix":[0.0678575635,0.99769491,0,-0.99769491,0.0678575635,0,0,0,1],"shapeName":"/levels/johnson_valley/art/shapes/rocks/s_rocks_desert_medium_03.dae","useInstanceRenderData":true}
{"class":"TSStatic","persistentId":"401a3ba8-3648-416e-9b53-cac6f01b4ad5","__parent":"trail_023_rocks","position":[251.152496,-175.143616,145.976715],"isRenderEnabled":false,"rotationMatrix":[0.984673977,0.174405232,0,-0.174405232,0.984673977,0,0,0,1],"shapeName":"/levels/johnson_valley/art/shapes/rocks/s_rocks_desert_medium_03.dae","useInstanceRenderData":true}
{"class":"TSStatic","persistentId":"1fe8b8de-3139-4153-80fc-fea7bc34971f","__parent":"trail_023_rocks","position":[251.414047,-173.382721,146.182724],"isRenderEnabled":false,"rotationMatrix":[0.326478362,0.820617735,0.469039679,0.94498533,-0.272693038,-0.1806674,-0.0203549266,0.502219677,-0.864500046],"shapeName":"/levels/johnson_valley/art/shapes/rocks/s_rocks_desert_large_06.dae","useInstanceRenderData":true}
{"class":"TSStatic","persistentId":"a6cbc371-7f1e-472c-a83c-1a2c2a63755e","__parent":"trail_023_rocks","position":[252.051331,-181.310898,144.746353],"isRenderEnabled":false,"rotationMatrix":[0.938057423,-0.0234160237,0.345687568,-0.0228589699,0.991357386,0.12918216,-0.345724821,-0.129082352,0.929414868],"shapeName":"/levels/johnson_valley/art/shapes/rocks/s_rocks_desert_low_tiny.dae","useInstanceRenderData":true}
{"class":"TSStatic","persistentId":"6f03d34e-da36-450c-955e-a23c5aa92e02","__parent":"trail_023_rocks","position":[249.444519,-180.251846,144.96611],"isRenderEnabled":false,"rotationMatrix":[0.853529394,0.0935509056,-0.512577593,-0.0697079897,0.995408356,0.065596953,0.5163607,-0.0202581659,0.856131554],"shapeName":"/levels/johnson_valley/art/shapes/rocks/s_rocks_desert_low_tiny.dae","useInstanceRenderData":true}
{"class":"TSStatic","persistentId":"08bc04af-76fd-4c40-b05b-62a6929b1eb1","__parent":"trail_023_rocks","position":[247.711975,-191.060593,143.456573],"isRenderEnabled":false,"rotationMatrix":[-0.25912714,0.868492246,0.422580659,-0.953865409,-0.161427617,-0.253144175,-0.151637629,-0.468681544,0.870254934],"shapeName":"/levels/johnson_valley/art/shapes/rocks/s_rocks_desert_large_03.dae","useInstanceRenderData":true}
{"class":"TSStatic","persistentId":"744f4fb3-9aca-41d3-948f-8c8c2cea63db","__parent":"trail_023_rocks","position":[253.9487,-191.979172,144.024918],"isRenderEnabled":false,"rotationMatrix":[0.999474943,-0.00618962524,0.0318039991,4.65661287e-10,0.981583476,0.191033617,-0.0324007086,-0.190933302,0.981068134],"shapeName":"/levels/johnson_valley/art/shapes/rocks/s_rocks_desert_collection_03.dae","useInstanceRenderData":true}
{"class":"TSStatic","persistentId":"24e7ff1b-7768-4201-a3a6-5d211058de39","__parent":"trail_023_rocks","position":[256.591553,-176.747635,147.689255],"isRenderEnabled":false,"rotationMatrix":[0.999492943,-0.00355945108,0.0316416733,1.16415322e-10,0.993732154,0.111787409,-0.031841252,-0.111730725,0.993228257],"shapeName":"/levels/johnson_valley/art/shapes/rocks/s_rocks_desert_collection_03.dae","useInstanceRenderData":true}
{"class":"TSStatic","persistentId":"da28bf64-6d43-41b1-831a-3055ea9338b2","__parent":"trail_023_rocks","position":[261.736969,-179.530106,148.525864],"isRenderEnabled":false,"rotationMatrix":[-0.0753883123,-0.996775508,0.0274918005,0.985035181,-0.0701582432,0.157429799,-0.154993355,0.0389486887,0.98714745],"shapeName":"/levels/johnson_valley/art/shapes/rocks/s_rocks_desert_collection_02.dae","useInstanceRenderData":true}
{"class":"TSStatic","persistentId":"d45d7848-a10f-415c-9b8c-c043c57629c2","__parent":"trail_023_rocks","position":[245.027176,-179.664993,148.585571],"isRenderEnabled":false,"rotationMatrix":[0.984573603,0.0236153044,-0.173369825,0.00774485245,0.983996928,0.178016901,0.174799293,-0.17661348,0.968634546],"shapeName":"/levels/johnson_valley/art/shapes/rocks/s_rocks_desert_collection_03.dae","useInstanceRenderData":true}
{"class":"TSStatic","persistentId":"3ad40736-9ac4-44eb-bbdf-33419e2cde08","__parent":"trail_023_rocks","position":[225.432526,-210.692459,147.936203],"isRenderEnabled":false,"rotationMatrix":[0.792108774,0.342684686,-0.505104899,-0.397058725,0.917793214,0,0.46358183,0.200556293,0.863057971],"shapeName":"/levels/johnson_valley/art/shapes/rocks/s_rocks_desert_huge_sheet_2.dae","useInstanceRenderData":true}
{"class":"TSStatic","persistentId":"af4d480f-87ea-4a39-be36-8448831c1ab4","__parent":"trail_023_rocks","position":[220.68428,-211.937195,150.579758],"isRenderEnabled":false,"rotationMatrix":[1,0,0,0,0.999457181,0.0329438187,0,-0.0329438187,0.999457181],"shapeName":"/levels/johnson_valley/art/shapes/rocks/s_rocks_desert_collection_03.dae","useInstanceRenderData":true}
{"class":"TSStatic","persistentId":"d833a7c8-9e02-4db7-b8c8-f1e22b10ba4c","__parent":"trail_023_rocks","position":[220.434418,-201.41716,150.386475],"isRenderEnabled":false,"rotationMatrix":[0.940875351,0.021148324,-0.338092148,0.0381892882,0.985064983,0.167894557,0.336593449,-0.170879349,0.926015735],"shapeName":"/levels/johnson_valley/art/shapes/rocks/s_rocks_desert_collection_03.dae","useInstanceRenderData":true}
{"class":"TSStatic","persistentId":"861f42e7-2f3b-4eed-ae66-0b59fa96080b","__parent":"trail_023_rocks","position":[245.220398,-173.694672,148.740402],"isRenderEnabled":false,"rotationMatrix":[0.974817753,0.0254219174,-0.221549362,0,0.99348098,0.113998018,0.223003119,-0.111127295,0.968462884],"shapeName":"/levels/johnson_valley/art/shapes/rocks/s_rocks_desert_collection_03.dae","useInstanceRenderData":true}
{"class":"TSStatic","persistentId":"460f6d03-fd59-43d3-bd42-96277466bfca","__parent":"trail_023_rocks","position":[255.205933,-170.978195,148.377167],"isRenderEnabled":false,"rotationMatrix":[0.988511562,-0.0182693116,0.150037199,-0.00470236363,0.988470197,0.151342511,-0.151072234,-0.150309354,0.97702831],"shapeName":"/levels/johnson_valley/art/shapes/rocks/s_rocks_desert_collection_02.dae","useInstanceRenderData":true}
{"class":"TSStatic","persistentId":"b6110187-54d9-4130-a59b-68ce97ad0a94","__parent":"trail_023_rocks","position":[241.875153,-157.485977,152.415771],"isRenderEnabled":false,"rotationMatrix":[0.994190991,0.106982388,-0.011794012,-0.0881709531,0.87238127,0.480808496,0.0617269166,-0.47697556,0.876746297],"shapeName":"/levels/johnson_valley/art/shapes/rocks/s_rocks_desert_huge_sheet_3.dae","useInstanceRenderData":true}
{"class":"TSStatic","persistentId":"e02b4f96-37e6-4fb7-9869-b263a7e95658","__parent":"trail_023_rocks","position":[260.630341,-160.542953,150.639175],"isRenderEnabled":false,"rotationMatrix":[0.996476233,2.32830644e-10,0.0838758349,0.00591305643,0.997511923,-0.0702493191,-0.0836671442,0.0704977363,0.993996918],"shapeName":"/levels/johnson_valley/art/shapes/rocks/s_rocks_desert_collection_02.dae","useInstanceRenderData":true}
{"class":"TSStatic","persistentId":"ccead225-b10a-49fd-a3d9-d4444f6c8072","__parent":"trail_023_rocks","position":[263.382996,-164.027084,151.052124],"isRenderEnabled":false,"shapeName":"/levels/johnson_valley/art/shapes/rocks/s_rocks_desert_collection_03.dae","useInstanceRenderData":true}
{"class":"TSStatic","persistentId":"2319af46-9a32-438e-a613-3b7eb1c2f345","__parent":"trail_023_rocks","position":[251.583496,-154.177673,152.289383],"isRenderEnabled":false,"rotationMatrix":[0.711241126,0.701916158,-0.0380765945,-0.616917193,0.649244666,0.444853485,0.336970866,-0.292908013,0.89479357],"shapeName":"/levels/johnson_valley/art/shapes/rocks/s_rocks_desert_huge_sheet_3.dae","useInstanceRenderData":true}
{"class":"TSStatic","persistentId":"23d1a70c-26a8-410a-90d8-e1458655bb03","__parent":"trail_023_rocks","position":[328.946075,-112.397186,135.595627],"isRenderEnabled":false,"rotationMatrix":[1,0,0,0,-0.999999762,3.2584137e-07,0,-3.2584137e-07,-0.999999762],"shapeName":"/levels/johnson_valley/art/shapes/rocks/s_rocks_desert_large_06.dae","useInstanceRenderData":true}
{"class":"TSStatic","persistentId":"8bab7d83-6c1d-471c-9664-093e5e1c9b73","__parent":"trail_023_rocks","position":[330.936218,-113.203217,135.595627],"isRenderEnabled":false,"rotationMatrix":[-0.755063415,-0.655651867,2.13638543e-07,-0.655651867,0.755063355,-2.46030936e-07,-7.10542736e-15,-3.25841427e-07,-1],"shapeName":"/levels/johnson_valley/art/shapes/rocks/s_rocks_desert_large_06.dae","useInstanceRenderData":true}
{"class":"TSStatic","persistentId":"57ee8daf-bb1c-402e-b88f-00b06fd672fa","__parent":"trail_023_rocks","position":[332.622314,-114.557304,135.595627],"isRenderEnabled":false,"rotationMatrix":[0.597991824,0.801502109,-2.61162597e-07,0.801502109,-0.597991586,1.94850443e-07,-1.42108547e-14,-3.2584137e-07,-0.999999762],"shapeName":"/levels/johnson_valley/art/shapes/rocks/s_rocks_desert_large_06.dae","useInstanceRenderData":true}
{"class":"TSStatic","persistentId":"1e607b44-e5c2-4ac4-99b8-961e00cfc9b2","__parent":"trail_023_rocks","position":[323.69577,-109.305649,135.299347],"isRenderEnabled":false,"rotationMatrix":[1,0,0,0,-0.999999762,3.2584137e-07,0,-3.2584137e-07,-0.999999762],"shapeName":"/levels/johnson_valley/art/shapes/rocks/s_rocks_desert_large_06.dae","useInstanceRenderData":true}
{"class":"TSStatic","persistentId":"55e23c61-be60-4bdd-92e9-2363a40d7817","__parent":"trail_023_rocks","position":[323.146423,-106.571526,135.299347],"isRenderEnabled":false,"rotationMatrix":[-0.965474963,0.260496438,-8.48805115e-08,0.260496438,0.965474844,-3.14591659e-07,3.55271368e-15,-3.2584137e-07,-1.00000024],"shapeName":"/levels/johnson_valley/art/shapes/rocks/s_rocks_desert_large_06.dae","useInstanceRenderData":true}
{"class":"TSStatic","persistentId":"6c9957b5-241b-4e42-a296-d10ffa623e17","__parent":"trail_023_rocks","position":[328.957977,-115.702423,137.100555],"isRenderEnabled":false,"rotationMatrix":[0.99938494,0.00168270804,0.0350272171,0,0.998848081,-0.0479846746,-0.0350676142,0.0479551628,0.998233736],"shapeName":"/levels/johnson_valley/art/shapes/rocks/s_rocks_desert_collection_01.dae","useInstanceRenderData":true}
{"class":"TSStatic","persistentId":"e9ab8107-f07e-4c3f-851b-447fee337c6c","__parent":"trail_023_rocks","position":[320.69989,-114.024086,136.403107],"isRenderEnabled":false,"rotationMatrix":[-0.768406749,-0.588623762,-0.251144052,0.334156096,-0.703727603,0.626982749,-0.545793891,0.397856414,0.737441063],"shapeName":"/levels/johnson_valley/art/shapes/rocks/s_rocks_desert_large_05.dae","useInstanceRenderData":true}
{"class":"TSStatic","persistentId":"d4c9dc38-f7f7-4cc1-869a-d7d5b84ce6a5","__parent":"trail_023_rocks","position":[9.86802292,-354.156647,136.535126],"isRenderEnabled":false,"shapeName":"/levels/johnson_valley/art/shapes/rocks/s_rocks_desert_collection_03.dae","useInstanceRenderData":true}
{"class":"TSStatic","persistentId":"7d1e8489-0cc8-4eba-8818-903d13f07270","__parent":"trail_023_rocks","position":[9.53741741,-358.101318,136.818192],"isRenderEnabled":false,"rotationMatrix":[-0.964097738,0.265546978,0,-0.265546978,-0.964097738,0,0,0,1],"shapeName":"/levels/johnson_valley/art/shapes/rocks/s_rocks_desert_collection_02.dae","useInstanceRenderData":true}
{"class":"TSStatic","persistentId":"2960429d-678f-48f5-b27d-02ea8ef46221","__parent":"trail_023_rocks","position":[22.4902534,-354.272736,136.5755],"isRenderEnabled":false,"rotationMatrix":[0.982906222,0.0408735834,0.179512247,-0.00785851479,0.983470082,-0.180899963,-0.183938965,0.176397011,0.9669801],"shapeName":"/levels/johnson_valley/art/shapes/rocks/s_rocks_desert_collection_03.dae","useInstanceRenderData":true}
{"class":"TSStatic","persistentId":"dfe7f3a6-67f4-4acc-945d-b550553b868f","__parent":"trail_023_rocks","position":[31.2398815,-347.143768,136.287689],"isRenderEnabled":false,"scale":[1.222754,1.222754,1.222754],"shapeName":"/levels/johnson_valley/art/shapes/rocks/s_rocks_desert_collection_03.dae","useInstanceRenderData":true}
{"class":"TSStatic","persistentId":"151b7174-da97-4341-a09a-b72beb8a7c52","__parent":"trail_023_rocks","position":[34.5754089,-352.993561,137.35025],"isRenderEnabled":false,"rotationMatrix":[0.999008,3.49245965e-10,-0.0445306599,-0.00365232909,0.996630847,-0.0819369256,0.0443806276,0.082018286,0.995642185],"shapeName":"/levels/johnson_valley/art/shapes/rocks/s_rocks_desert_collection_01.dae","useInstanceRenderData":true}
{"class":"TSStatic","persistentId":"7fbc4c47-cad6-41e0-b6ed-cb839f29a656","__parent":"trail_023_rocks","position":[39.6088066,-348.703522,136.75943],"isRenderEnabled":false,"rotationMatrix":[0.998178959,0,0.0603220314,0.00600839313,0.995027006,-0.0994238853,-0.0600220487,0.0996052772,0.993215024],"shapeName":"/levels/johnson_valley/art/shapes/rocks/s_rocks_desert_collection_03.dae","useInstanceRenderData":true}
{"class":"TSStatic","persistentId":"cf2429ce-49c4-4083-a63f-f9b5452347cf","__parent":"trail_023_rocks","position":[44.6847115,-348.389893,137.253464],"isRenderEnabled":false,"rotationMatrix":[0.348565936,0.927531898,-0.134857208,-0.933410227,0.356581688,0.0399374813,0.0851309076,0.111956224,0.990059853],"shapeName":"/levels/johnson_valley/art/shapes/rocks/s_rocks_desert_collection_03.dae","useInstanceRenderData":true}
{"class":"TSStatic","persistentId":"c8530e9b-fd2e-49fa-a419-c06409534cdf","__parent":"trail_023_rocks","position":[-14.6565571,-347.264069,136.118622],"isRenderEnabled":false,"rotationMatrix":[1,0,0,0,0.986902177,-0.161319822,0,0.161319822,0.986902177],"shapeName":"/levels/johnson_valley/art/shapes/rocks/s_rocks_desert_collection_03.dae","useInstanceRenderData":true}
{"class":"TSStatic","persistentId":"43f7eda1-a411-45a1-be93-f3f634109885","__parent":"trail_023_rocks","position":[-13.1587448,-350.808929,136.806366],"isRenderEnabled":false,"rotationMatrix":[0.561621428,0.826782525,-0.0318115428,-0.826686561,0.559136271,-0.0628960729,-0.0342143923,0.0616219565,0.997512937],"shapeName":"/levels/johnson_valley/art/shapes/rocks/s_rocks_desert_collection_02.dae","useInstanceRenderData":true}
{"class":"TSStatic","persistentId":"b7d098b5-31dc-4c3b-9c14-0a177040e952","__parent":"trail_023_rocks","position":[-27.4506245,-346.756561,135.736816],"isRenderEnabled":false,"rotationMatrix":[0.998256147,0.00409882702,0.0588884875,0,0.997586489,-0.069435209,-0.0590309575,0.0693141222,0.995846808],"shapeName":"/levels/johnson_valley/art/shapes/rocks/s_rocks_desert_collection_03.dae","useInstanceRenderData":true}
{"class":"TSStatic","persistentId":"06ca4781-aa7a-4fdb-b80d-44d2d06b4cad","__parent":"trail_023_rocks","position":[-24.2771454,-350.725708,136.282745],"isRenderEnabled":false,"rotationMatrix":[-0.050334692,0.997047842,-0.0579826236,-0.998728096,-0.0504194498,1.86264515e-09,-0.00292345509,0.0579088777,0.998317599],"shapeName":"/levels/johnson_valley/art/shapes/rocks/s_rocks_desert_collection_02.dae","useInstanceRenderData":true}
{"class":"TSStatic","persistentId":"e7eaf28e-f7de-47d8-9767-1f44dca6a8c4","__parent":"trail_023_rocks","position":[-10.8559675,-327.549713,136.838699],"isRenderEnabled":false,"rotationMatrix":[0.386750042,-0.862432182,-0.326550514,0.913414419,0.406971216,0.00697596371,0.126880378,-0.300973892,0.945154011],"shapeName":"/levels/johnson_valley/art/shapes/rocks/s_rocks_desert_collection_03.dae","useInstanceRenderData":true}
{"class":"TSStatic","persistentId":"ba4ae36f-f356-4cb5-9870-a5c3c583bcab","__parent":"trail_023_rocks","position":[4.60951042,-329.200623,136.961838],"isRenderEnabled":false,"rotationMatrix":[0.995837808,-0.0183628816,0.0892741308,-0.00495816395,0.967129171,0.254237205,-0.0910081491,-0.253621668,0.963012755],"shapeName":"/levels/johnson_valley/art/shapes/rocks/s_rocks_desert_collection_03.dae","useInstanceRenderData":true}
{"class":"TSStatic","persistentId":"d235e5f8-f9fa-477c-bc03-0106bdd5ae15","__parent":"trail_023_rocks","position":[12.085619,-339.417053,136.224213],"isRenderEnabled":false,"rotationMatrix":[0.671226263,0.738417089,0.064771302,-0.741237342,0.669202626,0.0522965938,-0.00472842157,-0.0831137598,0.996528864],"shapeName":"/levels/johnson_valley/art/shapes/rocks/s_rocks_desert_collection_03.dae","useInstanceRenderData":true}
{"class":"TSStatic","persistentId":"3c2a0626-2d96-4a9b-87d0-cdf82eeb37dc","__parent":"trail_023_rocks","position":[20.1797428,-340.085175,136.266037],"isRenderEnabled":false,"rotationMatrix":[0.998194098,0.00529646594,-0.0598370619,-2.32830644e-10,0.996105433,0.0881700739,0.0600710101,-0.088010855,0.994306564],"shapeName":"/levels/johnson_valley/art/shapes/rocks/s_rocks_desert_collection_03.dae","useInstanceRenderData":true}
{"class":"TSStatic","persistentId":"d50e50ee-d8a4-4b46-8335-633ad91abcdd","__parent":"trail_023_rocks","position":[21.4066067,-349.333374,135.494659],"isRenderEnabled":false,"shapeName":"/levels/johnson_valley/art/shapes/rocks/s_rocks_desert_collection_03.dae","useInstanceRenderData":true}
{"class":"TSStatic","persistentId":"46b6024a-1513-47bc-be02-244addd34927","__parent":"trail_023_rocks","position":[28.5362701,-338.680786,135.115829],"isRenderEnabled":false,"rotationMatrix":[0.646494627,-0.712135375,-0.273693025,0.74865824,0.66121912,0.0479589552,0.146817774,-0.235907748,0.960620642],"shapeName":"/levels/johnson_valley/art/shapes/rocks/s_rocks_desert_low_small.dae","useInstanceRenderData":true}
{"class":"TSStatic","persistentId":"7ab3bf20-dd1d-4d4b-8673-8eab26919df3","__parent":"trail_023_rocks","position":[36.5687752,-334.57486,135.782288],"isRenderEnabled":false,"rotationMatrix":[0.0596561432,0.937175333,0.34371984,-0.998200834,0.053935647,0.0261890292,0.00600498915,-0.344663799,0.938706994],"shapeName":"/levels/johnson_valley/art/shapes/rocks/s_rocks_desert_low_small.dae","useInstanceRenderData":true}
{"class":"TSStatic","persistentId":"6da0f6f7-0301-4473-9872-70559119508f","__parent":"trail_023_rocks","position":[54.412056,-335.393677,136.834198],"isRenderEnabled":false,"rotationMatrix":[0.244213045,0.94282192,0.226818174,-0.956374705,0.272843957,-0.104418777,-0.160334259,-0.19142279,0.96832341],"shapeName":"/levels/johnson_valley/art/shapes/rocks/s_rocks_desert_low_tiny.dae","useInstanceRenderData":true}
{"class":"TSStatic","persistentId":"38f7f565-dfae-456e-b55f-414eba370388","__parent":"trail_023_rocks","position":[48.8250008,-333.431091,136.401917],"isRenderEnabled":false,"rotationMatrix":[0.599952579,0.752269745,0.272299618,-0.791163683,0.608424067,0.0622902885,-0.118814535,-0.252804816,0.96019417],"shapeName":"/levels/johnson_valley/art/shapes/rocks/s_rocks_desert_low_tiny.dae","useInstanceRenderData":true}
{"class":"TSStatic","persistentId":"a3fecaf8-f2c8-468c-b01d-fcd788822b45","__parent":"trail_023_rocks","position":[39.5987396,-343.031097,135.922653],"isRenderEnabled":false,"rotationMatrix":[0.998849869,0.00692934263,0.047443971,-6.98491931e-10,0.989501894,-0.144519866,-0.0479473248,0.144353658,0.988363862],"shapeName":"/levels/johnson_valley/art/shapes/rocks/s_rocks_desert_low_small.dae","useInstanceRenderData":true}
{"class":"TSStatic","persistentId":"48f5b57c-e103-4969-9f81-796753f2e776","__parent":"trail_023_rocks","position":[-18.937355,-336.134644,134.850403],"isRenderEnabled":false,"rotationMatrix":[-0.964169025,0.26465714,-0.0182897765,-0.263923347,-0.96391046,-0.034941636,-0.0268772636,-0.0288625453,0.999221981],"shapeName":"/levels/johnson_valley/art/shapes/rocks/s_rocks_desert_collection_03.dae","useInstanceRenderData":true}
{"class":"TSStatic","persistentId":"69f418fc-c6e6-4eaa-aba4-29f3bc8de58b","__parent":"trail_023_rocks","position":[-24.6586037,-343.237854,135.392975],"isRenderEnabled":false,"rotationMatrix":[0.998712599,-1.16415322e-10,-0.0507256016,-0.00376507174,0.997241557,-0.0741287246,0.0505856797,0.0742242858,0.995957732],"shapeName":"/levels/johnson_valley/art/shapes/rocks/s_rocks_desert_collection_03.dae","useInstanceRenderData":true}
{"class":"TSStatic","persistentId":"47f78aef-3520-4e73-a1a0-b7def6f0add4","__parent":"trail_023_rocks","position":[-10.8694344,-343.237366,134.139954],"isRenderEnabled":false,"rotationMatrix":[1,0,0,0,-0.999999762,-3.25841313e-07,0,3.25841313e-07,-0.999999762],"shapeName":"/levels/johnson_valley/art/shapes/rocks/s_rocks_desert_large_06.dae","useInstanceRenderData":true}
{"class":"TSStatic","persistentId":"218bc04b-3b5e-46d4-942f-9a3ccb44dc8e","__parent":"trail_023_rocks","position":[-12.8016806,-343.358337,134.139954],"isRenderEnabled":false,"rotationMatrix":[-0.496826887,0.867849469,2.8278123e-07,0.867849469,0.496827126,1.61886732e-07,-2.84217094e-14,3.25841285e-07,-0.999999762],"shapeName":"/levels/johnson_valley/art/shapes/rocks/s_rocks_desert_large_06.dae","useInstanceRenderData":true}
{"class":"TSStatic","persistentId":"dd8d46b0-7649-47de-806b-7f7621ace1ca","__parent":"trail_023_rocks","position":[-14.8230534,-343.637543,134.139954],"isRenderEnabled":false,"rotationMatrix":[0.954043686,0.299667537,9.76440333e-08,0.299667537,-0.954043388,-3.10866824e-07,-3.19744231e-14,3.25841256e-07,-0.999999762],"shapeName":"/levels/johnson_valley/art/shapes/rocks/s_rocks_desert_large_06.dae","useInstanceRenderData":true}
{"class":"TSStatic","persistentId":"87ad38b0-cff4-42a5-804b-3abbbb838034","__parent":"trail_023_rocks","position":[-12.8123207,-338.380005,133.979904],"isRenderEnabled":false,"rotationMatrix":[1,0,0,0,-0.999999762,-3.25841313e-07,0,3.25841313e-07,-0.999999762],"shapeName":"/levels/johnson_valley/art/shapes/rocks/s_rocks_desert_large_06.dae","useInstanceRenderData":true}
{"class":"TSStatic","persistentId":"45881e8c-0125-46ad-86cb-e67ba6bd718f","__parent":"trail_023_rocks","position":[-14.2042856,-337.511261,133.979904],"isRenderEnabled":false,"rotationMatrix":[0.405041218,0.914298475,2.97916245e-07,0.914298475,-0.405041337,-1.31979164e-07,1.42108547e-14,3.25841341e-07,-1],"shapeName":"/levels/johnson_valley/art/shapes/rocks/s_rocks_desert_large_06.dae","useInstanceRenderData":true}
{"class":"TSStatic","persistentId":"25138f8f-0348-4c25-8ed3-fedcedaf06f9","__parent":"trail_023_rocks","position":[-11.1634445,-338.471588,133.979904],"isRenderEnabled":false,"rotationMatrix":[-0.606022358,-0.795447469,-2.59189648e-07,-0.795447469,0.606022537,1.97467159e-07,0,3.25841313e-07,-0.999999762],"shapeName":"/levels/johnson_valley/art/shapes/rocks/s_rocks_desert_large_06.dae","useInstanceRenderData":true}
{"class":"TSStatic","persistentId":"2e716941-6259-4d35-b47a-b44407466890","__parent":"trail_023_rocks","position":[19.1083755,-343.874237,135.335327],"isRenderEnabled":false,"rotationMatrix":[-0.255278707,0.887926757,0.382646859,-0.966867387,-0.234436274,-0.101029009,-1.49011612e-08,-0.395759374,0.918354213],"shapeName":"/levels/johnson_valley/art/shapes/rocks/s_rocks_desert_collection_02.dae","useInstanceRenderData":true}
{"class":"TSStatic","persistentId":"2bcec1a8-c853-4c1e-aecb-4f23f7db9208","__parent":"trail_023_rocks","position":[20.8360939,-346.321564,134.209961],"isRenderEnabled":false,"rotationMatrix":[1,0,0,0,-0.895237684,0.44558835,0,-0.44558835,-0.895237684],"shapeName":"/levels/johnson_valley/art/shapes/rocks/s_rocks_desert_medium_02.dae","useInstanceRenderData":true}
{"class":"TSStatic","persistentId":"cdc91c75-3ffa-4216-81f5-138fdbf0032e","__parent":"trail_023_rocks","position":[26.283371,-345.586304,134.624207],"isRenderEnabled":false,"rotationMatrix":[-0.999999762,0,-3.2584137e-07,0,1,0,3.2584137e-07,0,-0.999999762],"shapeName":"/levels/johnson_valley/art/shapes/rocks/s_rocks_desert_large_06.dae","useInstanceRenderData":true}
{"class":"TSStatic","persistentId":"2b6716fe-e902-43e2-a004-274e1d735088","__parent":"trail_023_rocks","position":[27.8593273,-344.839264,134.624207],"isRenderEnabled":false,"rotationMatrix":[0.430537164,-0.90257287,1.40286829e-07,-0.90257287,-0.430537224,-2.94095599e-07,3.25841398e-07,0,-1],"shapeName":"/levels/johnson_valley/art/shapes/rocks/s_rocks_desert_large_06.dae","useInstanceRenderData":true}
{"class":"TSStatic","persistentId":"5fb10bf1-dffa-4910-8d24-99fe9e3ff887","__parent":"trail_023_rocks","position":[29.4977798,-343.785004,134.624207],"isRenderEnabled":false,"rotationMatrix":[-0.462773442,0.886476636,-1.50790726e-07,0.886476636,0.462773323,2.88850799e-07,3.25841427e-07,0,-1],"shapeName":"/levels/johnson_valley/art/shapes/rocks/s_rocks_desert_large_06.dae","useInstanceRenderData":true}
{"class":"TSStatic","persistentId":"94ed31b0-09ea-4b74-a9ca-40eb6ffc9795","__parent":"trail_023_rocks","position":[31.6082268,-342.464874,134.624207],"isRenderEnabled":false,"rotationMatrix":[0.94135803,0.337409258,3.06733426e-07,0.337409258,-0.941357851,1.09941922e-07,3.25841398e-07,3.55271368e-15,-0.999999762],"shapeName":"/levels/johnson_valley/art/shapes/rocks/s_rocks_desert_large_06.dae","useInstanceRenderData":true}
{"class":"TSStatic","persistentId":"7497dfde-6c38-40af-b00a-e5aacda212e6","__parent":"trail_023_rocks","position":[33.6867599,-341.866119,134.624207],"isRenderEnabled":false,"rotationMatrix":[0.0628660321,-0.998021841,2.04843076e-08,-0.998021841,-0.0628657341,-3.25196851e-07,3.2584137e-07,0,-0.999999762],"shapeName":"/levels/johnson_valley/art/shapes/rocks/s_rocks_desert_large_06.dae","useInstanceRenderData":true}
{"class":"TSStatic","persistentId":"28264a53-8a3a-45eb-a089-d0aeca13aaea","__parent":"trail_023_rocks","position":[22.3337975,-342.398926,134.291229],"isRenderEnabled":false,"rotationMatrix":[-0.999999762,0,3.25841313e-07,0,1,0,-3.25841313e-07,0,-0.999999762],"shapeName":"/levels/johnson_valley/art/shapes/rocks/s_rocks_desert_large_06.dae","useInstanceRenderData":true}
{"class":"TSStatic","persistentId":"142f85f6-8c5e-4cb9-b818-d7b0eb8a5a32","__parent":"trail_023_rocks","position":[24.1931095,-341.352509,134.291199],"isRenderEnabled":false,"rotationMatrix":[0.84868902,-0.528892159,-2.76537918e-07,-0.528892159,-0.848688722,1.72334936e-07,-3.25841285e-07,0,-0.999999762],"shapeName":"/levels/johnson_valley/art/shapes/rocks/s_rocks_desert_large_06.dae","useInstanceRenderData":true}
{"class":"TSStatic","persistentId":"bb71780b-913a-4337-bbe8-a23a49c91328","__parent":"trail_023_rocks","position":[56.9489784,-340.153442,137.018234],"isRenderEnabled":false,"rotationMatrix":[0.970963597,0,0.239227235,0,1,0,-0.239227235,0,0.970963597],"shapeName":"/levels/johnson_valley/art/shapes/rocks/s_rocks_desert_collection_02.dae","useInstanceRenderData":true}
{"class":"TSStatic","persistentId":"264c2e78-2c28-4834-94c1-0ace0474c98e","__parent":"trail_023_rocks","position":[53.1245384,-340.942169,136.269989],"isRenderEnabled":false,"rotationMatrix":[0.988708436,2.32830644e-10,0.149851874,-0.00744785368,0.998764098,0.0491402224,-0.149666682,-0.0497014299,0.987486541],"shapeName":"/levels/johnson_valley/art/shapes/rocks/s_rocks_desert_collection_03.dae","useInstanceRenderData":true}
