{"class":"TSStatic","persistentId":"79655670-9477-465d-b792-6e0c0c9f3c87","__parent":"coil03","position":[-1401.646,-788.240662,105.093163],"decalType":"None","isRenderEnabled":false,"rotationMatrix":[-0.019785285,0.574954689,0.817946315,-0.999409616,-0.0343636274,-1.95503235e-05,0.0280961692,-0.817463577,0.575294793],"scale":[0.800000012,1.5,0.800000012],"shapeName":"/art/shapes/objects/s_coil.dae","useInstanceRenderData":true}
{"class":"TSStatic","persistentId":"b994c462-b077-483e-b5c4-92584e201408","__parent":"coil03","position":[-1403.96509,-788.320557,105.093163],"decalType":"None","isRenderEnabled":false,"rotationMatrix":[-0.0187830925,0.545878291,0.837654114,-0.999409556,-0.0343629122,-1.66893005e-05,0.0287749469,-0.837159753,0.546201169],"scale":[0.800000012,1.5,0.800000012],"shapeName":"/art/shapes/objects/s_coil.dae","useInstanceRenderData":true}
{"class":"TSStatic","persistentId":"67e1041e-851d-4d90-b246-9e6995e5fc4f","__parent":"coil03","position":[-1405.95703,-788.389221,105.093163],"decalType":"None","isRenderEnabled":false,"rotationMatrix":[-0.0333595276,0.968853772,-0.245377362,-0.999407351,-0.0344315767,-7.93561339e-05,-0.00852555782,0.245229214,0.969427645],"scale":[0.800000012,1.5,0.800000012],"shapeName":"/art/shapes/objects/s_coil.dae","useInstanceRenderData":true}
{"class":"TSStatic","persistentId":"14b750ed-11a1-45a1-8ec9-e69250526862","__parent":"coil03","position":[-1401.84692,-788.244263,104.363586],"annotation":"OBSTACLES","collisionType":"Visible Mesh Final","decalType":"None","isRenderEnabled":false,"rotationMatrix":[-0.0344407558,0.999406874,0,-0.999406874,-0.0344407558,0,0,0,1],"shapeName":"/levels/west_coast_usa/art/shapes/buildings/steel_factory/s_steel_factory_coil_support.dae","useInstanceRenderData":true}
{"class":"TSStatic","persistentId":"af7cc8c8-ce72-435c-b474-76287f579fbb","__parent":"coil03","position":[-1409.49573,-788.512329,105.093163],"decalType":"None","isRenderEnabled":false,"rotationMatrix":[-0.0331851244,0.963787556,0.264599264,-0.999408603,-0.0343940258,-6.43730164e-05,0.00903850794,-0.264444858,0.964358449],"scale":[0.800000012,1.5,0.800000012],"shapeName":"/art/shapes/objects/s_coil.dae","useInstanceRenderData":true}
{"class":"TSStatic","persistentId":"4312c817-50ca-40d8-9cf0-2e22fab3029b","__parent":"coil03","position":[-1411.66675,-788.587158,105.093163],"decalType":"None","isRenderEnabled":false,"rotationMatrix":[-0.019785285,0.574954689,0.817946315,-0.999409616,-0.0343636274,-1.95503235e-05,0.0280961692,-0.817463577,0.575294793],"scale":[0.800000012,1.5,0.800000012],"shapeName":"/art/shapes/objects/s_coil.dae","useInstanceRenderData":true}
{"class":"TSStatic","persistentId":"12cc3c4e-4a06-4e08-a218-99df7765a562","__parent":"coil03","position":[-1411.86768,-788.590759,104.363586],"annotation":"OBSTACLES","collisionType":"Visible Mesh Final","decalType":"None","isRenderEnabled":false,"rotationMatrix":[-0.0344407558,0.999406874,0,-0.999406874,-0.0344407558,0,0,0,1],"shapeName":"/levels/west_coast_usa/art/shapes/buildings/steel_factory/s_steel_factory_coil_support.dae","useInstanceRenderData":true}
{"class":"TSStatic","persistentId":"3eb25535-a107-4ba8-b118-b080c6e69f57","__parent":"coil03","position":[-1402.24548,-792.249817,105.093239],"decalType":"None","isRenderEnabled":false,"rotationMatrix":[-0.0331851244,0.963787556,0.264599264,-0.999408603,-0.0343940258,-6.43730164e-05,0.00903850794,-0.264444858,0.964358449],"scale":[0.800000012,1.5,0.800000012],"shapeName":"/art/shapes/objects/s_coil.dae","useInstanceRenderData":true}
{"class":"TSStatic","persistentId":"70556cb0-dbcb-4338-be83-b5c18386b465","__parent":"coil03","position":[-1404.27051,-792.319641,105.093193],"decalType":"None","isRenderEnabled":false,"rotationMatrix":[-0.019785285,0.574954689,0.817946315,-0.999409616,-0.0343636274,-1.95503235e-05,0.0280961692,-0.817463577,0.575294793],"scale":[0.800000012,1.5,0.800000012],"shapeName":"/art/shapes/objects/s_coil.dae","useInstanceRenderData":true}
{"class":"TSStatic","persistentId":"c65f5a5f-6387-41f3-83ad-c8052001058e","__parent":"coil03","position":[-1406.30383,-792.389709,105.093193],"decalType":"None","isRenderEnabled":false,"rotationMatrix":[-0.0187830925,0.545878291,0.837654114,-0.999409556,-0.0343629122,-1.66893005e-05,0.0287749469,-0.837159753,0.546201169],"scale":[0.800000012,1.5,0.800000012],"shapeName":"/art/shapes/objects/s_coil.dae","useInstanceRenderData":true}
{"class":"TSStatic","persistentId":"711fdde2-be69-43f3-b5fe-7c8678b8c578","__parent":"coil03","position":[-1408.30652,-792.458618,105.093285],"decalType":"None","isRenderEnabled":false,"rotationMatrix":[-0.0333595276,0.968853772,-0.245377362,-0.999407351,-0.0344315767,-7.93561339e-05,-0.00852555782,0.245229214,0.969427645],"scale":[0.800000012,1.5,0.800000012],"shapeName":"/art/shapes/objects/s_coil.dae","useInstanceRenderData":true}
{"class":"TSStatic","persistentId":"123a728d-24c0-4208-8bc6-c955983553c7","__parent":"coil03","position":[-1405.76074,-792.367554,104.363586],"annotation":"OBSTACLES","collisionType":"Visible Mesh Final","decalType":"None","isRenderEnabled":false,"rotationMatrix":[-0.0344407558,0.999406874,0,-0.999406874,-0.0344407558,0,0,0,1],"shapeName":"/levels/west_coast_usa/art/shapes/buildings/steel_factory/s_steel_factory_coil_support.dae","useInstanceRenderData":true}
{"class":"TSStatic","persistentId":"b4df814e-b2ec-4462-9987-aa3c9eec2000","__parent":"coil03","position":[-1410.46094,-792.53418,105.093353],"decalType":"None","isRenderEnabled":false,"rotationMatrix":[-0.0331851244,0.963787556,0.264599264,-0.999408603,-0.0343940258,-6.43730164e-05,0.00903850794,-0.264444858,0.964358449],"scale":[0.800000012,1.5,0.800000012],"shapeName":"/art/shapes/objects/s_coil.dae","useInstanceRenderData":true}
{"class":"TSStatic","persistentId":"2ee2c7a8-c62d-4c52-8a3e-5c5ad7676023","__parent":"coil03","position":[-1412.55444,-792.606445,105.093224],"decalType":"None","isRenderEnabled":false,"rotationMatrix":[-0.019785285,0.574954689,0.817946315,-0.999409616,-0.0343636274,-1.95503235e-05,0.0280961692,-0.817463577,0.575294793],"scale":[0.800000012,1.5,0.800000012],"shapeName":"/art/shapes/objects/s_coil.dae","useInstanceRenderData":true}
{"class":"TSStatic","persistentId":"7f81bd5b-2ebb-43b5-8f18-7e8f9de19d69","__parent":"coil03","position":[-1417.1864,-792.765808,105.093178],"decalType":"None","isRenderEnabled":false,"rotationMatrix":[-0.0187830925,0.545878291,0.837654114,-0.999409556,-0.0343629122,-1.66893005e-05,0.0287749469,-0.837159753,0.546201169],"scale":[0.800000012,1.5,0.800000012],"shapeName":"/art/shapes/objects/s_coil.dae","useInstanceRenderData":true}
{"class":"TSStatic","persistentId":"442a7ed6-db6d-414f-a432-0d6c6afb7a18","__parent":"coil03","position":[-1419.42834,-792.843018,105.093201],"decalType":"None","isRenderEnabled":false,"rotationMatrix":[-0.0333595276,0.968853772,-0.245377362,-0.999407351,-0.0344315767,-7.93561339e-05,-0.00852555782,0.245229214,0.969427645],"scale":[0.800000012,1.5,0.800000012],"shapeName":"/art/shapes/objects/s_coil.dae","useInstanceRenderData":true}
{"class":"TSStatic","persistentId":"e950d95d-b65f-46ad-b41b-b534ab87b0c7","__parent":"coil03","position":[-1415.78149,-792.71405,104.363586],"annotation":"OBSTACLES","collisionType":"Visible Mesh Final","decalType":"None","isRenderEnabled":false,"rotationMatrix":[-0.0344407558,0.999406874,0,-0.999406874,-0.0344407558,0,0,0,1],"shapeName":"/levels/west_coast_usa/art/shapes/buildings/steel_factory/s_steel_factory_coil_support.dae","useInstanceRenderData":true}
{"class":"TSStatic","persistentId":"e1c7166b-aa83-4088-b108-b8b34663828a","__parent":"coil03","position":[-1414.86401,-792.684509,105.092766],"decalType":"None","isRenderEnabled":false,"rotationMatrix":[-0.0333595276,0.968853772,-0.245377362,-0.999407351,-0.0344315767,-7.93561339e-05,-0.00852555782,0.245229214,0.969427645],"scale":[0.800000012,1.5,0.800000012],"shapeName":"/art/shapes/objects/s_coil.dae","useInstanceRenderData":true}
{"class":"TSStatic","persistentId":"568182a6-2a98-4def-84e4-59ff78c4aa49","__parent":"coil03","position":[-1443.71008,-798.370056,104.408432],"annotation":"OBSTACLES","collisionType":"Visible Mesh Final","decalType":"None","isRenderEnabled":false,"rotationMatrix":[-0.0344407558,0.999406874,0,-0.999406874,-0.0344407558,0,0,0,1],"shapeName":"/levels/west_coast_usa/art/shapes/buildings/steel_factory/s_steel_factory_coil_support.dae","useInstanceRenderData":true}
{"class":"TSStatic","persistentId":"88fb1abf-6c3b-4ee1-b3c1-fec215bbf9ea","__parent":"coil03","position":[-1447.82019,-798.515015,105.138008],"decalType":"None","isRenderEnabled":false,"rotationMatrix":[-0.0333595276,0.968853772,-0.245377362,-0.999407351,-0.0344315767,-7.93561339e-05,-0.00852555782,0.245229214,0.969427645],"scale":[0.800000012,1.5,0.800000012],"shapeName":"/art/shapes/objects/s_coil.dae","useInstanceRenderData":true}
{"class":"TSStatic","persistentId":"5b5c15d2-10e6-41e0-a01e-fcd60cf9a2e5","__parent":"coil03","position":[-1445.82825,-798.44635,105.138008],"decalType":"None","isRenderEnabled":false,"rotationMatrix":[-0.0187830925,0.545878291,0.837654114,-0.999409556,-0.0343629122,-1.66893005e-05,0.0287749469,-0.837159753,0.546201169],"scale":[0.800000012,1.5,0.800000012],"shapeName":"/art/shapes/objects/s_coil.dae","useInstanceRenderData":true}
{"class":"TSStatic","persistentId":"1a05b543-0720-4f14-94ae-649ef44f1edc","__parent":"coil03","position":[-1443.50916,-798.366455,105.138008],"decalType":"None","isRenderEnabled":false,"rotationMatrix":[-0.019785285,0.574954689,0.817946315,-0.999409616,-0.0343636274,-1.95503235e-05,0.0280961692,-0.817463577,0.575294793],"scale":[0.800000012,1.5,0.800000012],"shapeName":"/art/shapes/objects/s_coil.dae","useInstanceRenderData":true}
{"class":"TSStatic","persistentId":"388d9d12-21cc-4111-88fb-6b53230d3517","__parent":"coil03","position":[-1439.67395,-798.234375,105.138115],"decalType":"None","isRenderEnabled":false,"rotationMatrix":[-0.0331851244,0.963787556,0.264599264,-0.999408603,-0.0343940258,-6.43730164e-05,0.00903850794,-0.264444858,0.964358449],"scale":[0.800000012,1.5,0.800000012],"shapeName":"/art/shapes/objects/s_coil.dae","useInstanceRenderData":true}
{"class":"TSStatic","persistentId":"5f50a0c6-a3b8-4886-a4d1-50b6e3dee11d","__parent":"coil03","position":[-1450.97827,-801.366516,105.138008],"decalType":"None","isRenderEnabled":false,"rotationMatrix":[-0.0333595276,0.968853772,-0.245377362,-0.999407351,-0.0344315767,-7.93561339e-05,-0.00852555782,0.245229214,0.969427645],"scale":[0.800000012,1.5,0.800000012],"shapeName":"/art/shapes/objects/s_coil.dae","useInstanceRenderData":true}
{"class":"TSStatic","persistentId":"912f7a31-81d3-48f6-b6d7-013192f3ed86","__parent":"coil03","position":[-1448.98633,-801.297852,105.138008],"decalType":"None","isRenderEnabled":false,"rotationMatrix":[-0.0187830925,0.545878291,0.837654114,-0.999409556,-0.0343629122,-1.66893005e-05,0.0287749469,-0.837159753,0.546201169],"scale":[0.800000012,1.5,0.800000012],"shapeName":"/art/shapes/objects/s_coil.dae","useInstanceRenderData":true}
{"class":"TSStatic","persistentId":"89261eb6-f82e-4b57-886e-78d8534fd12f","__parent":"coil03","position":[-1446.86816,-801.221558,104.408432],"annotation":"OBSTACLES","collisionType":"Visible Mesh Final","decalType":"None","isRenderEnabled":false,"rotationMatrix":[-0.0344407558,0.999406874,0,-0.999406874,-0.0344407558,0,0,0,1],"shapeName":"/levels/west_coast_usa/art/shapes/buildings/steel_factory/s_steel_factory_coil_support.dae","useInstanceRenderData":true}
{"class":"TSStatic","persistentId":"af22efd3-aa17-414b-8411-806eab131397","__parent":"coil03","position":[-1453.14856,-803.967773,105.138008],"decalType":"None","isRenderEnabled":false,"rotationMatrix":[-0.0333595276,0.968853772,-0.245377362,-0.999407351,-0.0344315767,-7.93561339e-05,-0.00852555782,0.245229214,0.969427645],"scale":[0.800000012,1.5,0.800000012],"shapeName":"/art/shapes/objects/s_coil.dae","useInstanceRenderData":true}
{"class":"TSStatic","persistentId":"e798a9b6-6098-414f-86ab-8ec7ce9ddc3b","__parent":"coil03","position":[-1451.15662,-803.899109,105.138008],"decalType":"None","isRenderEnabled":false,"rotationMatrix":[-0.0187830925,0.545878291,0.837654114,-0.999409556,-0.0343629122,-1.66893005e-05,0.0287749469,-0.837159753,0.546201169],"scale":[0.800000012,1.5,0.800000012],"shapeName":"/art/shapes/objects/s_coil.dae","useInstanceRenderData":true}
{"class":"TSStatic","persistentId":"2987ff13-38b4-42b6-9b56-8560478243c2","__parent":"coil03","position":[-1449.09546,-803.828064,105.138008],"decalType":"None","isRenderEnabled":false,"rotationMatrix":[-0.019785285,0.574954689,0.817946315,-0.999409616,-0.0343636274,-1.95503235e-05,0.0280961692,-0.817463577,0.575294793],"scale":[0.800000012,1.5,0.800000012],"shapeName":"/art/shapes/objects/s_coil.dae","useInstanceRenderData":true}
{"class":"TSStatic","persistentId":"92726777-f1b9-4b0e-a91e-75e28ff81c1a","__parent":"coil03","position":[-1447.1228,-803.760132,105.137978],"decalType":"None","isRenderEnabled":false,"rotationMatrix":[-0.0331851244,0.963787556,0.264599264,-0.999408603,-0.0343940258,-6.43730164e-05,0.00903850794,-0.264444858,0.964358449],"scale":[0.800000012,1.5,0.800000012],"shapeName":"/art/shapes/objects/s_coil.dae","useInstanceRenderData":true}
{"class":"TSStatic","persistentId":"5d01a71d-7893-4f3a-8c25-091ff47fb22d","__parent":"coil03","position":[-1449.03845,-803.822815,104.408432],"annotation":"OBSTACLES","collisionType":"Visible Mesh Final","decalType":"None","isRenderEnabled":false,"rotationMatrix":[-0.0344407558,0.999406874,0,-0.999406874,-0.0344407558,0,0,0,1],"shapeName":"/levels/west_coast_usa/art/shapes/buildings/steel_factory/s_steel_factory_coil_support.dae","useInstanceRenderData":true}
{"class":"TSStatic","persistentId":"fd9cc699-1315-41c4-8234-a387500943c0","__parent":"coil03","position":[-1445.11072,-803.690857,105.138107],"decalType":"None","isRenderEnabled":false,"rotationMatrix":[-0.0337277651,0.980409145,-0.194062054,-0.999408245,-0.034394145,-6.44102693e-05,-0.0067377761,0.19394505,0.980989277],"scale":[0.800000012,1.5,0.800000012],"shapeName":"/art/shapes/objects/s_coil.dae","useInstanceRenderData":true}
